,date,y_proba,y_true
82289,2012-05-02,0.29134836068967723,0
82290,2012-05-02,0.33572272836169076,0
82291,2012-05-02,0.3321887945977088,0
82292,2012-05-02,0.33464044976147833,0
82293,2012-05-02,0.3457222935956217,1
82294,2012-05-02,0.44849795626912153,1
82295,2012-05-02,0.437344745212479,0
82296,2012-05-02,0.39786311702743354,0
82297,2012-05-02,0.22681777256588662,0
82298,2012-05-02,0.2216686111652851,1
82299,2012-05-02,0.36929146875026764,0
82300,2012-05-02,0.21064127402281774,0
82301,2012-05-02,0.2840518989094908,0
82302,2012-05-02,0.3021201156446865,0
82303,2012-05-02,0.1983411920481378,1
82304,2012-05-02,0.4092334113229861,0
82305,2012-05-02,0.4789492340671026,0
82306,2012-05-02,0.29403068624614276,0
82307,2012-05-02,0.417367260261023,1
82308,2012-05-02,0.278380559520683,0
82309,2012-05-02,0.5712134823158573,1
82310,2012-05-02,0.2783762855370335,1
82311,2012-05-02,0.2711870019680156,1
82312,2012-05-02,0.5001400778736056,0
82313,2012-05-02,0.5617462320035154,1
82314,2012-05-02,0.547213712966549,0
82315,2012-05-02,0.3748767578891192,0
82316,2012-05-02,0.41122337479134935,1
82317,2012-05-02,0.33421836038547004,0
82318,2012-05-02,0.289835220103589,1
82319,2012-05-02,0.5081123585806787,0
82320,2012-05-02,0.4009468355798155,0
82321,2012-05-02,0.48117054004814974,0
82322,2012-05-02,0.1552821722991712,0
82323,2012-05-02,0.35016000008584675,1
82324,2012-05-02,0.5115846976074758,1
82325,2012-05-02,0.24139572698439693,1
82326,2012-05-02,0.38673565286781975,0
82327,2012-05-02,0.4663220479632267,1
82328,2012-05-02,0.5544346055238893,1
82329,2012-05-02,0.13194807003277456,0
82330,2012-05-02,0.3970940982209411,0
82331,2012-05-02,0.15168662213996723,0
82332,2012-05-02,0.45075044515107293,1
82333,2012-05-02,0.2824391642994228,0
82334,2012-05-02,0.3509702969945173,0
82335,2012-05-02,0.5018223025321222,1
82336,2012-05-02,0.5960453482680763,0
82337,2012-05-02,0.49535603565570796,0
82338,2012-05-02,0.5045463693822222,1
82339,2012-05-02,0.4596353047066458,1
82340,2012-05-02,0.37054365702391007,0
82341,2012-05-02,0.3302485339868823,0
82342,2012-05-02,0.5403841728055863,1
82343,2012-05-02,0.2597542319316824,1
82344,2012-05-02,0.310354348002498,0
82345,2012-05-02,0.12928743774433535,0
82346,2012-05-02,0.3154158253162641,0
82347,2012-05-02,0.40009648578976964,1
82348,2012-05-02,0.3161426814162044,0
82349,2012-05-02,0.357245150484249,0
82350,2012-05-02,0.39464646547548415,1
82351,2012-05-02,0.4316995348789575,0
82352,2012-05-02,0.22707831996740613,0
82353,2012-05-02,0.4811668959290601,0
82354,2012-05-02,0.3248549099841496,0
82355,2012-05-02,0.5766075788089895,0
82356,2012-05-02,0.10971715397600998,0
82357,2012-05-02,0.2990655394853455,1
82358,2012-05-02,0.5525931618762125,1
82359,2012-05-02,0.2283046557896999,1
82360,2012-05-02,0.398378024553953,1
82361,2012-05-02,0.4087863181083322,0
82362,2012-05-02,0.386169841612148,0
82363,2012-05-02,0.5276381159215909,1
82364,2012-05-02,0.25748059526220457,0
82365,2012-05-02,0.31235542764417773,0
82366,2012-05-02,0.5715395365398074,1
82367,2012-05-02,0.2758392976587306,0
82368,2012-05-02,0.5021594014344536,0
82369,2012-05-02,0.3706368372038433,0
82370,2012-05-02,0.48710717022860606,1
82371,2012-05-02,0.08860204482504103,0
82372,2012-05-02,0.3126649990141592,0
82373,2012-05-02,0.23870743181912205,1
82374,2012-05-02,0.46035492865997024,1
82375,2012-05-02,0.578947286736372,1
82376,2012-05-02,0.44988779720462635,1
82377,2012-05-02,0.634083662547982,0
82378,2012-05-02,0.4416094392734198,0
82379,2012-05-02,0.4747006940139881,0
82380,2012-05-02,0.31778107435200176,1
82381,2012-05-02,0.7629662418747496,1
82382,2012-05-02,0.6883746183195315,1
82383,2012-05-02,0.531630783642401,0
82384,2012-05-02,0.6083861093401149,1
82385,2012-05-02,0.2288119772116587,0
82386,2012-05-02,0.305540846094793,0
82387,2012-05-02,0.19569214365307178,0
82388,2012-05-02,0.23702320324599346,0
82389,2012-05-02,0.3444352118853833,0
82390,2012-05-02,0.3478224853625749,0
82391,2012-05-02,0.6039884187927909,1
82392,2012-05-02,0.156012415952599,0
82393,2012-05-02,0.47239698830367605,1
82394,2012-05-02,0.45297444721457253,0
82395,2012-05-02,0.4855775477173098,1
82396,2012-05-02,0.269586462005353,0
82397,2012-05-02,0.26746392117031353,0
82398,2012-05-02,0.2764437384858688,0
82399,2012-05-02,0.33838378105851397,0
82400,2012-05-02,0.5834418288746986,1
82401,2012-05-02,0.7255173810790263,1
82402,2012-05-02,0.43654730358566,0
82403,2012-05-02,0.3613731070162271,0
82404,2012-05-02,0.22252354423165488,0
82405,2012-05-02,0.19758536489335424,1
82406,2012-05-02,0.21762511225877362,0
82407,2012-05-02,0.4292263283541078,0
82408,2012-05-02,0.6241164061594107,0
82409,2012-05-02,0.15017071409799723,0
82410,2012-05-02,0.42420408095215606,0
82411,2012-05-02,0.2069996920649577,0
82412,2012-05-02,0.5957282354126209,1
82413,2012-05-02,0.6781909095766904,0
82414,2012-05-02,0.2790218485131689,1
82415,2012-05-02,0.2218939021222543,0
82416,2012-05-02,0.36555151218104814,1
82417,2012-05-02,0.25069944070442457,1
82418,2012-05-02,0.4432578412877322,1
82419,2012-05-02,0.43154096280818344,1
82420,2012-05-02,0.2993097723497316,0
82421,2012-05-02,0.19620518267033052,1
82422,2012-05-02,0.43895400621789965,1
82423,2012-05-02,0.39879460568117964,0
82424,2012-05-02,0.3797775083688078,0
82425,2012-05-02,0.5124274688061681,1
82426,2012-05-02,0.6661847681017243,0
82427,2012-05-02,0.35443442885580523,0
82428,2012-05-02,0.37891700107809384,0
82429,2012-05-02,0.47895925984366633,0
82430,2012-05-02,0.35233020613303895,0
82431,2012-05-02,0.3909700523650039,1
82432,2012-05-02,0.467452856064778,1
82433,2012-05-02,0.5010785935652713,0
82434,2012-05-02,0.553920767869557,1
82435,2012-05-02,0.5100698227796807,0
82436,2012-05-02,0.4373783573789074,0
82437,2012-05-02,0.1922827945170528,0
82438,2012-05-02,0.3272920755864756,1
82439,2012-05-02,0.36078303280890334,0
82440,2012-05-02,0.4462038834491051,0
82441,2012-05-02,0.34263865707011215,0
82442,2012-05-02,0.2975233442267433,0
82443,2012-05-02,0.3584610407753256,1
82444,2012-05-02,0.4625467090319543,1
82445,2012-05-02,0.2568563540323001,0
82446,2012-05-02,0.5779925070403383,0
82447,2012-05-02,0.37195020856426947,1
82448,2012-05-02,0.5024146906635865,0
82449,2012-05-02,0.1262599794864328,0
82450,2012-05-02,0.4004507806592183,0
82451,2012-05-02,0.3784702363119816,1
82452,2012-05-02,0.3709039987517053,0
82453,2012-05-02,0.4604667221184953,0
82454,2012-05-02,0.33193796671466297,0
82455,2012-05-02,0.37640361930860994,1
82456,2012-05-02,0.46662717212440874,0
82457,2012-05-02,0.43949165518233724,1
82458,2012-05-02,0.39265992966622026,1
82459,2012-05-02,0.5890640669369148,0
82460,2012-05-02,0.3958121293050038,1
82461,2012-05-02,0.13893398660879575,0
82462,2012-05-02,0.26587941754992067,1
82463,2012-05-02,0.469245265953982,0
82464,2012-05-02,0.3007720828722038,0
82465,2012-05-02,0.33412298953801006,0
82466,2012-05-02,0.11304721387540484,0
82467,2012-05-02,0.5643818300826677,0
82468,2012-05-02,0.3350467440547988,0
82469,2012-05-02,0.38388364377591366,1
82470,2012-05-02,0.3549054980075757,0
82471,2012-05-02,0.42942504256264713,0
82472,2012-05-02,0.3290653197832243,0
82473,2012-05-02,0.4153250436920785,1
82474,2012-05-02,0.6287366873499803,1
82475,2012-05-02,0.3365971854616285,0
82476,2012-05-02,0.3004672814806135,1
82477,2012-05-02,0.45266247467518306,1
82478,2012-05-02,0.5232208270880195,1
82479,2012-05-02,0.11204595770364961,0
82480,2012-05-02,0.2793925759957816,0
82481,2012-05-02,0.30111663445442594,0
82482,2012-05-02,0.4399528631471266,0
82483,2012-05-02,0.08515184659704976,0
82484,2012-05-02,0.5795418735454407,1
82485,2012-05-02,0.4191068567921612,1
82486,2012-05-02,0.1783991487534581,0
82487,2012-05-02,0.5356535218340571,1
82488,2012-05-02,0.32445319376564624,1
82489,2012-05-02,0.34793263064303376,0
82490,2012-05-02,0.3560107156664812,1
82491,2012-05-02,0.1677088656546269,0
82492,2012-05-02,0.3206343934219698,1
82493,2012-05-02,0.27381286385543824,0
82494,2012-05-02,0.1219182662361249,0
82495,2012-05-02,0.4658561523083033,1
82496,2012-05-02,0.36724807566501677,0
82497,2012-05-02,0.2970347397622911,0
82498,2012-05-02,0.3323029242531154,0
82499,2012-05-02,0.3128218569126973,0
82500,2012-05-02,0.2952920906344834,0
82501,2012-05-02,0.2395955299210411,0
82502,2012-05-02,0.20805734213037644,0
82503,2012-05-02,0.12051484914696911,0
82504,2012-05-02,0.508649036428904,0
82505,2012-05-02,0.551180484050122,0
82506,2012-05-02,0.5610449766672395,1
82507,2012-05-02,0.43761348034439934,0
82508,2012-05-02,0.533176287506839,1
82509,2012-05-02,0.48098536433834915,1
82510,2012-05-02,0.46431027612749387,0
82511,2012-05-02,0.5548398607133296,0
82512,2012-05-02,0.23157180985540077,0
82513,2012-05-02,0.47824583844302554,0
82514,2012-05-02,0.3456826616751293,1
82515,2012-05-02,0.4696612235332363,0
82516,2012-05-02,0.2703585993025867,0
82517,2012-05-02,0.16626231559488872,0
82518,2012-05-02,0.3032615404362373,1
82519,2012-05-02,0.06630485592322594,0
82520,2012-05-02,0.33075244564364353,0
82521,2012-05-02,0.4069940275941815,0
82522,2012-05-02,0.2961901112143944,0
82523,2012-05-02,0.3653424467278878,0
82524,2012-05-02,0.39704227108141776,0
82525,2012-05-02,0.4204854232117414,1
82526,2012-05-02,0.5459990561298855,0
82527,2012-05-02,0.44104584738489155,0
82528,2012-05-02,0.32941572341041053,0
82529,2012-05-02,0.29093487452343186,0
82530,2012-05-02,0.36870637510263515,1
82531,2012-05-02,0.7073666755350588,0
82532,2012-05-02,0.5191234745604835,0
82533,2012-05-02,0.4550834507380222,0
82534,2012-05-02,0.4669502850138525,1
82535,2012-05-02,0.31524657531130523,0
82536,2012-05-02,0.37837430941748484,0
82537,2012-05-02,0.35060430164405354,1
82538,2012-05-02,0.35789585292146,1
82539,2012-05-02,0.23525503843009596,1
82540,2012-05-02,0.6001685855392643,0
82541,2012-05-02,0.4557493965033957,1
82542,2012-05-02,0.42845105764565256,0
82543,2012-05-02,0.39238027510111495,1
82544,2012-05-02,0.313253839727939,0
82545,2012-05-02,0.4728218771192256,0
82546,2012-05-02,0.42026496623335535,1
82547,2012-05-02,0.3923549793278923,1
82548,2012-05-02,0.4796814037904512,1
82549,2012-05-02,0.2233372531228403,0
82550,2012-05-02,0.25640047757737827,0
82551,2012-05-02,0.3321550297240116,0
82552,2012-05-03,0.389486562972701,0
82553,2012-05-03,0.4643060247063281,0
82554,2012-05-03,0.39866973831869945,0
82555,2012-05-03,0.5736714268620436,0
82556,2012-05-03,0.29745997893876375,0
82557,2012-05-03,0.25468213466311945,0
82558,2012-05-03,0.5643234237375262,0
82559,2012-05-03,0.3469860007320571,0
82560,2012-05-03,0.4460684992257946,0
82561,2012-05-03,0.36506550701322404,0
82562,2012-05-03,0.4369233590117584,1
82563,2012-05-03,0.22030675352492868,0
82564,2012-05-03,0.45565856090809415,1
82565,2012-05-03,0.5585009572618188,1
82566,2012-05-03,0.6408469456777656,0
82567,2012-05-03,0.5027509957321158,1
82568,2012-05-03,0.388475713762444,1
82569,2012-05-03,0.5044897766714843,1
82570,2012-05-03,0.18871537944472946,0
82571,2012-05-03,0.09466379686489751,0
82572,2012-05-03,0.13781637362509633,0
82573,2012-05-03,0.3925979446095753,1
82574,2012-05-03,0.27311004036849434,0
82575,2012-05-03,0.209801558363604,0
82576,2012-05-03,0.2903369068512478,0
82577,2012-05-03,0.31198254644088735,0
82578,2012-05-03,0.42640088423858047,1
82579,2012-05-03,0.5491377071524014,0
82580,2012-05-03,0.601894812130984,1
82581,2012-05-03,0.32557650138468086,0
82582,2012-05-03,0.3247487760400219,0
82583,2012-05-03,0.3717437886857292,0
82584,2012-05-03,0.2713370916118982,0
82585,2012-05-03,0.262619623317729,0
82586,2012-05-03,0.37827614157562195,0
82587,2012-05-03,0.44183577925665524,1
82588,2012-05-03,0.5868707100262635,0
82589,2012-05-03,0.37877808128305157,1
82590,2012-05-03,0.07969228243787188,0
82591,2012-05-03,0.45140028270132293,1
82592,2012-05-03,0.5007223877115516,0
82593,2012-05-03,0.45419590228837525,0
82594,2012-05-03,0.3081948122280676,0
82595,2012-05-03,0.4857312131953838,0
82596,2012-05-03,0.5109150720472599,1
82597,2012-05-03,0.5492609194531738,1
82598,2012-05-03,0.27880936611562057,0
82599,2012-05-03,0.4406406059658967,1
82600,2012-05-03,0.5882569144104658,0
82601,2012-05-03,0.4036726405551944,0
82602,2012-05-03,0.3147521616509212,0
82603,2012-05-03,0.35300505729767967,0
82604,2012-05-03,0.5355449394634766,0
82605,2012-05-03,0.12169764674112227,0
82606,2012-05-03,0.46098197366650867,0
82607,2012-05-03,0.2491995140879369,0
82608,2012-05-03,0.44790028946612015,0
82609,2012-05-03,0.31818638798263277,0
82610,2012-05-03,0.1716317470087891,0
82611,2012-05-03,0.23437219495488745,0
82612,2012-05-03,0.37547895229608125,1
82613,2012-05-03,0.22973715575241144,1
82614,2012-05-03,0.22547109859921238,0
82615,2012-05-03,0.21886678816568883,0
82616,2012-05-03,0.23370609181790217,0
82617,2012-05-03,0.5336437372332977,1
82618,2012-05-03,0.24338763209665218,0
82619,2012-05-03,0.302862630949113,0
82620,2012-05-03,0.5149275644569641,1
82621,2012-05-03,0.29906254166651985,0
82622,2012-05-03,0.20316758833416468,0
82623,2012-05-03,0.3161533939476578,0
82624,2012-05-03,0.44256926870317026,1
82625,2012-05-03,0.1920274459258578,0
82626,2012-05-03,0.402781832899147,1
82627,2012-05-03,0.38221831272162055,0
82628,2012-05-03,0.1570489549927297,0
82629,2012-05-03,0.2396738722976478,0
82630,2012-05-03,0.42966366346078616,1
82631,2012-05-03,0.5553723335151527,1
82632,2012-05-03,0.2768817210484567,0
82633,2012-05-03,0.60855505928967,1
82634,2012-05-03,0.5418887045547662,1
82635,2012-05-03,0.6368023381930542,1
82636,2012-05-03,0.5262797423088458,0
82637,2012-05-03,0.31647138941952624,0
82638,2012-05-03,0.16088496349812983,0
82639,2012-05-03,0.5454781807203118,0
82640,2012-05-03,0.40126265918801285,0
82641,2012-05-03,0.41029825279735155,0
82642,2012-05-03,0.3725285373550416,0
82643,2012-05-03,0.6998613263353437,1
82644,2012-05-03,0.45244517474158114,1
82645,2012-05-03,0.24254821495253,0
82646,2012-05-03,0.3441334791234972,0
82647,2012-05-03,0.3716901618144355,0
82648,2012-05-03,0.5074990618100301,0
82649,2012-05-03,0.6166102510316952,0
82650,2012-05-03,0.3271648964277128,0
82651,2012-05-03,0.5342377734635839,0
82652,2012-05-03,0.22708409108344618,0
82653,2012-05-03,0.6057067953149348,1
82654,2012-05-03,0.41589013642089856,0
82655,2012-05-03,0.49701981348775315,1
82656,2012-05-03,0.6054660642930332,0
82657,2012-05-03,0.45860460681521087,0
82658,2012-05-03,0.26892652992998156,1
82659,2012-05-03,0.29804599049720143,0
82660,2012-05-03,0.35445417431852555,0
82661,2012-05-03,0.32976851827413256,0
82662,2012-05-03,0.30954381033501527,0
82663,2012-05-03,0.4107181356824584,0
82664,2012-05-03,0.4446137591947495,1
82665,2012-05-03,0.482151908453223,0
82666,2012-05-03,0.6030672013435902,1
82667,2012-05-03,0.3996563068800523,1
82668,2012-05-03,0.468932803806169,0
82669,2012-05-03,0.11404228586883494,0
82670,2012-05-03,0.31854273201797795,0
82671,2012-05-03,0.4346240158963827,0
82672,2012-05-03,0.5970744588475678,0
82673,2012-05-03,0.3717421414638447,0
82674,2012-05-03,0.3992762291028736,0
82675,2012-05-03,0.46684109350385317,0
82676,2012-05-03,0.5380248722361259,1
82677,2012-05-03,0.1362316979844223,0
82678,2012-05-03,0.6214686129133858,0
82679,2012-05-03,0.5874168713651731,1
82680,2012-05-03,0.29464735809832615,0
82681,2012-05-03,0.3310193082381161,1
82682,2012-05-03,0.36202863063414775,1
82683,2012-05-03,0.10767072262111338,0
82684,2012-05-03,0.3876324909622781,1
82685,2012-05-03,0.48606183528373603,0
82686,2012-05-03,0.428918525914731,1
82687,2012-05-03,0.14123695113289797,0
82688,2012-05-03,0.22604361395318068,0
82689,2012-05-03,0.3243138966852145,0
82690,2012-05-03,0.270031285346799,0
82691,2012-05-03,0.2742227846636574,0
82692,2012-05-03,0.40217731874460944,0
82693,2012-05-03,0.35832128128719565,0
82694,2012-05-03,0.27339414210287705,1
82695,2012-05-03,0.3194067883848837,0
82696,2012-05-03,0.1885986317041129,1
82697,2012-05-03,0.36052548055457695,0
82698,2012-05-03,0.27566707755081915,0
82699,2012-05-03,0.37008989268296094,0
82700,2012-05-03,0.5572645665826591,1
82701,2012-05-03,0.4979342138989964,1
82702,2012-05-03,0.21145243076331632,1
82703,2012-05-03,0.4586615392821413,0
82704,2012-05-03,0.17370721862755215,0
82705,2012-05-03,0.35768318949675687,1
82706,2012-05-03,0.3838599969493322,1
82707,2012-05-03,0.3596060182276624,0
82708,2012-05-03,0.25188270514760214,0
82709,2012-05-03,0.26727917138686064,0
82710,2012-05-03,0.522897275385918,1
82711,2012-05-03,0.399689537080749,1
82712,2012-05-03,0.5906293485966697,1
82713,2012-05-03,0.2061190937271751,1
82714,2012-05-03,0.4745938834404375,0
82715,2012-05-03,0.32814096966535233,0
82716,2012-05-03,0.12318149759514241,0
82717,2012-05-03,0.6533070449760651,0
82718,2012-05-03,0.4424177557242427,0
82719,2012-05-03,0.5287402399225835,0
82720,2012-05-03,0.3459645250952223,0
82721,2012-05-03,0.39745666577721134,0
82722,2012-05-03,0.3630290959277103,0
82723,2012-05-03,0.38816200955743246,1
82724,2012-05-03,0.36890425758204354,0
82725,2012-05-03,0.25161614636948654,0
82726,2012-05-03,0.2546518949868675,0
82727,2012-05-03,0.26004209646328563,0
82728,2012-05-03,0.2708223620757016,0
82729,2012-05-03,0.4275132552761318,0
82730,2012-05-03,0.5106650061871634,0
82731,2012-05-03,0.3414172805322745,0
82732,2012-05-03,0.12367923820741882,0
82733,2012-05-03,0.2939660171021457,1
82734,2012-05-03,0.25030498540067786,1
82735,2012-05-03,0.4111887982084067,0
82736,2012-05-03,0.5346708133534522,0
82737,2012-05-03,0.4745785753023597,0
82738,2012-05-03,0.26883309583615334,0
82739,2012-05-03,0.27775853517237425,0
82740,2012-05-03,0.3637966433649323,1
82741,2012-05-03,0.1341524549362087,0
82742,2012-05-03,0.47091302401739743,0
82743,2012-05-03,0.46863496127547183,0
82744,2012-05-03,0.4626639081705256,1
82745,2012-05-03,0.3790240917005612,0
82746,2012-05-03,0.4104504396828555,0
82747,2012-05-03,0.5105456815004183,0
82748,2012-05-03,0.27292374364098876,1
82749,2012-05-03,0.12607911436210684,0
82750,2012-05-03,0.366002236222128,0
82751,2012-05-03,0.5073660035441568,0
82752,2012-05-03,0.3273292965885608,0
82753,2012-05-03,0.5500167329671758,1
82754,2012-05-03,0.3159311534224506,0
82755,2012-05-03,0.17450321094626134,0
82756,2012-05-03,0.249721657898405,0
82757,2012-05-03,0.3233889222496288,1
82758,2012-05-03,0.4348130966305567,0
82759,2012-05-03,0.39776473671372464,0
82760,2012-05-03,0.45861956200490445,0
82761,2012-05-03,0.3608559979927473,1
82762,2012-05-03,0.5566848090956814,0
82763,2012-05-03,0.5528501838242325,0
82764,2012-05-03,0.4098723619146933,0
82765,2012-05-03,0.4091904295154625,0
82766,2012-05-04,0.29516656304044,1
82767,2012-05-04,0.4865648706334664,0
82768,2012-05-04,0.5016356114284785,0
82769,2012-05-04,0.4790824007076782,1
82770,2012-05-04,0.6392356303642568,1
82771,2012-05-04,0.2918329484148541,1
82772,2012-05-04,0.2803854096573521,0
82773,2012-05-04,0.4229926860145155,1
82774,2012-05-04,0.14241800349308312,0
82775,2012-05-04,0.31371223341187315,0
82776,2012-05-04,0.5230524048805264,0
82777,2012-05-04,0.3335126300027022,0
82778,2012-05-04,0.3641645243933656,1
82779,2012-05-04,0.28286984496005574,0
82780,2012-05-04,0.5186134849358468,0
82781,2012-05-04,0.1206330745784232,0
82782,2012-05-04,0.2658933043808186,1
82783,2012-05-04,0.4725762696546536,1
82784,2012-05-04,0.4828639870100606,0
82785,2012-05-04,0.15196480295350068,0
82786,2012-05-04,0.4308462934297424,0
82787,2012-05-04,0.38861729071941603,1
82788,2012-05-04,0.317735745618138,1
82789,2012-05-04,0.318244142524199,1
82790,2012-05-04,0.2000860905710223,0
82791,2012-05-04,0.38976282720171884,0
82792,2012-05-04,0.3341889563751967,0
82793,2012-05-04,0.15233018131692477,1
82794,2012-05-04,0.48361468101081706,1
82795,2012-05-04,0.4791612517887415,1
82796,2012-05-04,0.17946790174279098,0
82797,2012-05-04,0.3134187285684649,0
82798,2012-05-04,0.553608665338017,1
82799,2012-05-04,0.3069151102297723,0
82800,2012-05-04,0.4376559857108978,0
82801,2012-05-04,0.23555969808973728,0
82802,2012-05-04,0.41484153905886845,0
82803,2012-05-04,0.32327319922948256,0
82804,2012-05-04,0.3820022371520862,0
82805,2012-05-04,0.19702271079404896,0
82806,2012-05-04,0.5517371777003443,0
82807,2012-05-04,0.2580573248621061,0
82808,2012-05-04,0.41366470707782316,0
82809,2012-05-04,0.4236416630026007,1
82810,2012-05-04,0.36503549317356326,0
82811,2012-05-04,0.23279787414031283,0
82812,2012-05-04,0.2992286767691455,1
82813,2012-05-04,0.44688262540217016,1
82814,2012-05-04,0.48331367710175005,1
82815,2012-05-04,0.361960739118322,0
82816,2012-05-04,0.19867022999322378,0
82817,2012-05-04,0.24832441876765302,0
82818,2012-05-04,0.7131106484011359,1
82819,2012-05-04,0.41293369523563006,1
82820,2012-05-04,0.22723982044825727,1
82821,2012-05-04,0.1741000034419896,0
82822,2012-05-04,0.5137145308703759,1
82823,2012-05-04,0.49950211707733483,0
82824,2012-05-04,0.3573584261476474,1
82825,2012-05-04,0.3918321712293074,1
82826,2012-05-04,0.22391194062376105,1
82827,2012-05-04,0.3307125939274403,0
82828,2012-05-04,0.3784178651034301,1
82829,2012-05-04,0.3154518830606839,0
82830,2012-05-04,0.24293197920555054,0
82831,2012-05-04,0.48559425378893306,1
82832,2012-05-04,0.530648755048065,0
82833,2012-05-04,0.37295814948116396,1
82834,2012-05-04,0.5987168766329931,0
82835,2012-05-04,0.29151312661016776,0
82836,2012-05-04,0.4748433123005476,0
82837,2012-05-04,0.4304557794356136,1
82838,2012-05-04,0.23920203221975558,0
82839,2012-05-04,0.5267697346797825,0
82840,2012-05-04,0.37984187399492336,0
82841,2012-05-04,0.4555877610958491,1
82842,2012-05-04,0.34800362703869386,0
82843,2012-05-04,0.4062431979741865,0
82844,2012-05-04,0.5420740221843141,0
82845,2012-05-04,0.29871188640168816,0
82846,2012-05-04,0.15224589981671405,1
82847,2012-05-04,0.4364289653707369,0
82848,2012-05-04,0.11795967600541701,0
82849,2012-05-04,0.44139631640920296,0
82850,2012-05-04,0.3878770073472028,0
82851,2012-05-04,0.3693850827939675,1
82852,2012-05-04,0.6142041098332309,0
82853,2012-05-04,0.29502054947542133,1
82854,2012-05-04,0.5049385947787013,1
82855,2012-05-04,0.22119495737215558,0
82856,2012-05-04,0.47967498836519806,0
82857,2012-05-04,0.2881249337294743,0
82858,2012-05-04,0.10566990833989315,0
82859,2012-05-04,0.5078409576462881,1
82860,2012-05-04,0.36873168181657984,0
82861,2012-05-04,0.4383864008016893,0
82862,2012-05-04,0.4187592260956033,0
82863,2012-05-04,0.24041878333656555,1
82864,2012-05-04,0.5141356482373836,1
82865,2012-05-04,0.21657712209858174,0
82866,2012-05-04,0.14821455928596314,0
82867,2012-05-04,0.31301353830614914,0
82868,2012-05-04,0.34059387161399,0
82869,2012-05-04,0.4231709389310026,0
82870,2012-05-04,0.3097494099782892,0
82871,2012-05-04,0.563978868493291,0
82872,2012-05-04,0.20503029643158904,0
82873,2012-05-04,0.15392814341394395,0
82874,2012-05-04,0.13638716061552353,0
82875,2012-05-04,0.24041878333656555,1
82876,2012-05-04,0.4860030567206086,1
82877,2012-05-04,0.44153242908317,1
82878,2012-05-04,0.4466653304075441,0
82879,2012-05-04,0.3083786994234812,0
82880,2012-05-04,0.4958137038851146,0
82881,2012-05-04,0.5433236003241886,0
82882,2012-05-04,0.5531499202355248,0
82883,2012-05-04,0.4896771799732277,0
82884,2012-05-04,0.5897814620359532,0
82885,2012-05-04,0.2892724954972402,0
82886,2012-05-04,0.38438983891189843,1
82887,2012-05-04,0.40199128811337614,0
82888,2012-05-04,0.17069943607149493,0
82889,2012-05-04,0.4073727232445484,0
82890,2012-05-04,0.39915117021139157,0
82891,2012-05-04,0.5351739694113644,0
82892,2012-05-04,0.4039160279319746,0
82893,2012-05-04,0.49835950474242424,1
82894,2012-05-04,0.5753245874693388,0
82895,2012-05-04,0.39245472806931603,1
82896,2012-05-04,0.4881032292560573,0
82897,2012-05-04,0.535471639500968,1
82898,2012-05-04,0.5337180976665566,0
82899,2012-05-04,0.37731267360681575,1
82900,2012-05-04,0.47329037914381383,0
82901,2012-05-04,0.36115429824013207,0
82902,2012-05-04,0.3426161418018207,1
82903,2012-05-04,0.23197860988486438,0
82904,2012-05-04,0.44687663035353686,1
82905,2012-05-04,0.3479771223587529,0
82906,2012-05-04,0.32757575926278815,0
82907,2012-05-04,0.43985501015287837,0
82908,2012-05-04,0.42697212559730835,1
82909,2012-05-04,0.5944484789991487,1
82910,2012-05-04,0.28247382531417864,1
82911,2012-05-04,0.42483728704107193,1
82912,2012-05-04,0.23028445115806467,1
82913,2012-05-04,0.5621123779829591,0
82914,2012-05-04,0.13221325602361642,1
82915,2012-05-04,0.358490526937535,1
82916,2012-05-04,0.2868027051873313,1
82917,2012-05-04,0.4421934732641151,0
82918,2012-05-04,0.16142253797733871,0
82919,2012-05-04,0.3314128728917807,1
82920,2012-05-04,0.3401107527258964,0
82921,2012-05-04,0.1491405658396889,0
82922,2012-05-04,0.7046507125855704,1
82923,2012-05-04,0.6076348979564232,0
82924,2012-05-04,0.42963942912341063,1
82925,2012-05-04,0.24067867366951437,0
82926,2012-05-04,0.42456948222912216,1
82927,2012-05-04,0.4380176565077351,1
82928,2012-05-04,0.40124622997733783,1
82929,2012-05-04,0.18407187377678402,1
82930,2012-05-04,0.26711519253797533,0
82931,2012-05-04,0.5933872954257228,0
82932,2012-05-04,0.47093666642679605,0
82933,2012-05-04,0.2670698221637221,0
82934,2012-05-04,0.3771508128237211,1
82935,2012-05-04,0.31036281444053,0
82936,2012-05-04,0.11042999001647331,0
82937,2012-05-04,0.3991526815763106,0
82938,2012-05-04,0.22497345437631053,0
82939,2012-05-04,0.5349353254373278,1
82940,2012-05-04,0.34362108678757614,0
82941,2012-05-04,0.4011326123476651,0
82942,2012-05-04,0.48150400199821564,0
82943,2012-05-04,0.27671244120494554,0
82944,2012-05-04,0.33130160971335876,0
82945,2012-05-04,0.13148564191523718,0
82946,2012-05-04,0.48478274232395174,0
82947,2012-05-04,0.28335386274801416,0
82948,2012-05-04,0.5625021814850726,1
82949,2012-05-04,0.46756639748805057,1
82950,2012-05-04,0.15858107071750152,0
82951,2012-05-04,0.4378930109065117,0
82952,2012-05-04,0.2707233092831025,0
82953,2012-05-04,0.5375419090975458,0
82954,2012-05-04,0.25598273518543224,0
82955,2012-05-04,0.5887333408240903,1
82956,2012-05-04,0.39502945269505335,0
82957,2012-05-04,0.17011009289920453,0
82958,2012-05-04,0.27759246619260664,1
82959,2012-05-04,0.37995705995106055,1
82960,2012-05-04,0.18881876118741184,0
82961,2012-05-04,0.35306283683570644,1
82962,2012-05-04,0.37555674733207683,0
82963,2012-05-04,0.5133172933008484,0
82964,2012-05-04,0.2562644086397631,0
82965,2012-05-04,0.30910123495647784,1
82966,2012-05-04,0.44537789974709013,1
82967,2012-05-04,0.4205044087682161,0
82968,2012-05-04,0.21255080139319163,0
82969,2012-05-04,0.5087736792995967,1
82970,2012-05-04,0.35178470189376176,1
82971,2012-05-04,0.3061557141444589,0
82972,2012-05-04,0.16314694464874685,0
82973,2012-05-04,0.2457483329894096,0
82974,2012-05-04,0.3447837472261186,0
82975,2012-05-04,0.2720576003410215,1
82976,2012-05-04,0.1924987209276631,0
82977,2012-05-04,0.43133831103378617,0
82978,2012-05-04,0.4542569915412906,1
82979,2012-05-04,0.27801535218937595,0
82980,2012-05-04,0.44123060819131876,1
82981,2012-05-04,0.1768113090710432,0
82982,2012-05-04,0.44682794390949027,0
82983,2012-05-04,0.21130171258349129,0
82984,2012-05-04,0.3939418670973557,0
82985,2012-05-04,0.4065025863814855,1
82986,2012-05-04,0.6651439071173838,1
82987,2012-05-04,0.38428790362095844,1
82988,2012-05-04,0.5225682368782053,0
82989,2012-05-04,0.3898726596382862,0
82990,2012-05-04,0.3392745899964113,0
82991,2012-05-04,0.21316334131904363,0
82992,2012-05-04,0.33831224802186377,0
82993,2012-05-04,0.5781344682527871,0
82994,2012-05-04,0.33367714226151796,0
82995,2012-05-04,0.5589663201760138,1
82996,2012-05-04,0.27425806638096745,1
82997,2012-05-04,0.3930700233470415,0
82998,2012-05-05,0.19023263803194648,0
82999,2012-05-05,0.2915039586427803,1
83000,2012-05-05,0.49329028951406845,1
83001,2012-05-05,0.469859331958797,0
83002,2012-05-05,0.21160415727040227,0
83003,2012-05-05,0.02970566698614411,0
83004,2012-05-05,0.30825124465892234,0
83005,2012-05-05,0.5474739540787673,0
83006,2012-05-05,0.2889755830826292,0
83007,2012-05-05,0.5420560949810063,0
83008,2012-05-05,0.33471567333377694,1
83009,2012-05-05,0.2713074637641874,1
83010,2012-05-05,0.537604353027828,0
83011,2012-05-05,0.378157834472903,0
83012,2012-05-05,0.2690223766120765,1
83013,2012-05-05,0.23446352995334072,0
83014,2012-05-05,0.11201992485367426,0
83015,2012-05-05,0.38355249584121776,0
83016,2012-05-05,0.4975570683788239,1
83017,2012-05-05,0.3361768128405607,1
83018,2012-05-05,0.3457466654395398,1
83019,2012-05-05,0.4180921573501271,0
83020,2012-05-05,0.1996238316894805,0
83021,2012-05-05,0.36218001374405967,0
83022,2012-05-05,0.3492498682453221,1
83023,2012-05-05,0.11189558974253853,0
83024,2012-05-05,0.4681075722822705,1
83025,2012-05-05,0.5993682972386931,1
83026,2012-05-05,0.20952445744335998,0
83027,2012-05-05,0.3035216874364369,0
83028,2012-05-05,0.2195890655104925,1
83029,2012-05-05,0.3618196406369761,0
83030,2012-05-05,0.3095111453780245,0
83031,2012-05-05,0.38844615593270837,0
83032,2012-05-05,0.23577288038183122,0
83033,2012-05-05,0.43613221495605,1
83034,2012-05-05,0.5822312631083799,0
83035,2012-05-05,0.4953446962427488,0
83036,2012-05-05,0.3858140289854712,0
83037,2012-05-05,0.578647672373142,0
83038,2012-05-05,0.21414736993606762,0
83039,2012-05-05,0.5576922405184881,0
83040,2012-05-05,0.3883056692644218,0
83041,2012-05-05,0.39202933817813246,0
83042,2012-05-05,0.6762245437244615,1
83043,2012-05-05,0.4384097933344369,0
83044,2012-05-05,0.41979868276189747,0
83045,2012-05-05,0.47727750783389356,1
83046,2012-05-05,0.2352115604275317,0
83047,2012-05-05,0.4452165034830194,0
83048,2012-05-05,0.5062951116763712,0
83049,2012-05-05,0.38820342611520564,1
83050,2012-05-05,0.30741982146110575,0
83051,2012-05-05,0.5928900118092176,0
83052,2012-05-05,0.6315042485087647,1
83053,2012-05-05,0.24231488582378857,0
83054,2012-05-05,0.3990345703779508,1
83055,2012-05-05,0.6313222279364076,0
83056,2012-05-05,0.21880250513686297,0
83057,2012-05-05,0.305108404581792,0
83058,2012-05-05,0.33436606168071553,0
83059,2012-05-05,0.10726189130099317,0
83060,2012-05-05,0.4033779901914096,0
83061,2012-05-05,0.6025892249265811,1
83062,2012-05-05,0.2877725181457654,0
83063,2012-05-05,0.3396369325117149,1
83064,2012-05-05,0.4851463032706473,1
83065,2012-05-05,0.4284869614893293,0
83066,2012-05-05,0.3031877966774653,0
83067,2012-05-05,0.30504186948792894,0
83068,2012-05-05,0.24508723781982245,0
83069,2012-05-05,0.1565638649155902,0
83070,2012-05-05,0.3648422484198082,1
83071,2012-05-05,0.261281202191135,0
83072,2012-05-05,0.5380066870319105,1
83073,2012-05-05,0.2826241053974576,0
83074,2012-05-05,0.09789218409177405,0
83075,2012-05-05,0.509677988758931,1
83076,2012-05-05,0.22673752151850163,0
83077,2012-05-05,0.30520424825011855,0
83078,2012-05-05,0.3129001303050113,0
83079,2012-05-05,0.47402101587305956,1
83080,2012-05-05,0.5171914029450514,1
83081,2012-05-05,0.4712518684466136,1
83082,2012-05-05,0.4401620192965673,0
83083,2012-05-05,0.3054299835431928,0
83084,2012-05-05,0.5314353108091728,1
83085,2012-05-05,0.18600412518526072,0
83086,2012-05-05,0.18220667815778224,0
83087,2012-05-05,0.43661126665780753,0
83088,2012-05-05,0.3791531670993498,0
83089,2012-05-05,0.4513253135704707,1
83090,2012-05-05,0.4937687801534497,1
83091,2012-05-05,0.2732669170300009,0
83092,2012-05-05,0.35399039696278706,0
83093,2012-05-05,0.2466708293181922,0
83094,2012-05-05,0.4549659319636611,0
83095,2012-05-05,0.09806179612808809,0
83096,2012-05-05,0.5294388844259461,1
83097,2012-05-05,0.22073796267769633,0
83098,2012-05-05,0.23314606571178195,0
83099,2012-05-05,0.6422427617873532,1
83100,2012-05-05,0.2710246107112436,0
83101,2012-05-05,0.2914828133598854,0
83102,2012-05-05,0.49100000972470825,1
83103,2012-05-05,0.6030698371515276,1
83104,2012-05-05,0.3976785226116109,0
83105,2012-05-05,0.2466815957847972,0
83106,2012-05-05,0.4398522864851588,0
83107,2012-05-05,0.5311351781009971,1
83108,2012-05-05,0.41290819286960045,1
83109,2012-05-05,0.346631984333042,0
83110,2012-05-05,0.2146327883151282,0
83111,2012-05-05,0.25803148136211046,0
83112,2012-05-06,0.3403723951632518,0
83113,2012-05-06,0.37840413991947514,0
83114,2012-05-06,0.4772263411096225,1
83115,2012-05-06,0.5427618936679819,0
83116,2012-05-06,0.4181850527998432,1
83117,2012-05-06,0.4339149618335234,0
83118,2012-05-06,0.3507834065148813,1
83119,2012-05-06,0.48867141819806875,1
83120,2012-05-06,0.25619417017898233,0
83121,2012-05-06,0.126458649599537,0
83122,2012-05-06,0.3715100478543252,0
83123,2012-05-06,0.5345432723927056,1
83124,2012-05-06,0.262155003031192,0
83125,2012-05-06,0.3326956836687551,1
83126,2012-05-06,0.4088580631063759,1
83127,2012-05-06,0.3422040292995147,1
83128,2012-05-06,0.3414023414684948,0
83129,2012-05-06,0.29546326798360795,0
83130,2012-05-06,0.5220678477240954,1
83131,2012-05-06,0.45161761587516025,0
83132,2012-05-06,0.3235393528403445,0
83133,2012-05-06,0.31445219790789725,0
83134,2012-05-06,0.18522443003141048,0
83135,2012-05-06,0.31914711050471356,0
83136,2012-05-06,0.24549086956245902,0
83137,2012-05-06,0.40822167483641303,0
83138,2012-05-06,0.22602879695583863,0
83139,2012-05-06,0.36304548342298165,1
83140,2012-05-06,0.2851295302424163,0
83141,2012-05-06,0.34741594680011767,0
83142,2012-05-06,0.42524888875980854,1
83143,2012-05-06,0.6639944527051015,1
83144,2012-05-06,0.3104005450619008,0
83145,2012-05-06,0.6807340982534966,1
83146,2012-05-06,0.48923763486783944,0
83147,2012-05-06,0.42889057091832056,0
83148,2012-05-06,0.42407887630104446,1
83149,2012-05-06,0.44173592345662677,1
83150,2012-05-06,0.1528675002017937,0
83151,2012-05-06,0.2770103219841264,0
83152,2012-05-06,0.38503077836505745,0
83153,2012-05-06,0.3265899993296772,0
83154,2012-05-06,0.30264855138335195,1
83155,2012-05-06,0.5570851010288475,0
83156,2012-05-06,0.36186982272435875,1
83157,2012-05-06,0.3764268044844325,0
83158,2012-05-06,0.25734103418046883,0
83159,2012-05-06,0.4393078680004823,0
83160,2012-05-06,0.2170856468869843,0
83161,2012-05-06,0.2892107212609918,0
83162,2012-05-06,0.5022021638709364,1
83163,2012-05-06,0.37822830795556944,1
83164,2012-05-06,0.24885322955918038,0
83165,2012-05-06,0.4261762724922807,0
83166,2012-05-06,0.29731429232791307,0
83167,2012-05-06,0.3157182644747948,1
83168,2012-05-06,0.4838962623557355,1
83169,2012-05-06,0.6383132550798601,1
83170,2012-05-06,0.3723971681118475,0
83171,2012-05-06,0.45405511163710405,0
83172,2012-05-06,0.37874213374363785,0
83173,2012-05-06,0.4242195185622734,0
83174,2012-05-06,0.2561497727520765,1
83175,2012-05-06,0.3223576027960343,0
83176,2012-05-06,0.4689923186636296,0
83177,2012-05-06,0.189387919701455,0
83178,2012-05-06,0.2876938082894696,0
83179,2012-05-06,0.278152602029917,0
83180,2012-05-06,0.4603992420955584,0
83181,2012-05-06,0.346501678813899,1
83182,2012-05-06,0.38770917805580757,0
83183,2012-05-06,0.38970564849446837,0
83184,2012-05-06,0.37593623350422944,0
83185,2012-05-06,0.2578201944289274,1
83186,2012-05-06,0.22575632625255723,0
83187,2012-05-06,0.44944755299399525,0
83188,2012-05-06,0.41887501523108317,0
83189,2012-05-06,0.5396500223401234,0
83190,2012-05-06,0.4603362557983583,0
83191,2012-05-06,0.6292228062309234,1
83192,2012-05-06,0.509916534457139,1
83193,2012-05-06,0.20238846235337468,0
83194,2012-05-06,0.2742725470157655,0
83195,2012-05-06,0.2915852079596239,0
83196,2012-05-06,0.28996952513315716,0
83197,2012-05-06,0.6268030164181647,1
83198,2012-05-06,0.3357875773177866,0
83199,2012-05-06,0.38335828311840786,0
83200,2012-05-06,0.2958026739529595,0
83201,2012-05-06,0.5603899886815704,1
83202,2012-05-06,0.44716791114796206,0
83203,2012-05-06,0.4915537914104255,0
83204,2012-05-06,0.40106064437361166,1
83205,2012-05-06,0.20136289116733658,0
83206,2012-05-06,0.2553518785551237,1
83207,2012-05-06,0.4903643969669065,1
83208,2012-05-06,0.32190753816676854,1
83209,2012-05-06,0.5386292014506143,1
83210,2012-05-06,0.32059140966355276,0
83211,2012-05-06,0.22554553063047775,0
83212,2012-05-06,0.4148523425839208,0
83213,2012-05-06,0.1647536240912126,0
83214,2012-05-06,0.3583503097384377,1
83215,2012-05-06,0.5199624729843758,1
83216,2012-05-06,0.32096814233354204,0
83217,2012-05-06,0.7090307472087753,0
83218,2012-05-06,0.10290138191794261,0
83219,2012-05-06,0.4191565535330313,0
83220,2012-05-06,0.5494493319220324,0
83221,2012-05-06,0.22285104077768694,0
83222,2012-05-06,0.4881247733780412,0
83223,2012-05-06,0.3385907254523504,0
83224,2012-05-06,0.47998750454178274,0
83225,2012-05-06,0.31676293574799197,0
83226,2012-05-06,0.41998093059768427,0
83227,2012-05-06,0.6652764959956721,1
83228,2012-05-06,0.20999586409610707,0
83229,2012-05-06,0.24594142472568298,0
83230,2012-05-06,0.2975080273726512,0
83231,2012-05-06,0.35607295845690035,0
83232,2012-05-06,0.41818586312286216,1
83233,2012-05-06,0.39621946047269263,0
83234,2012-05-06,0.25234445877507866,0
83235,2012-05-06,0.3284996409114566,0
83236,2012-05-06,0.5447344749302802,1
83237,2012-05-06,0.33474917943022403,0
83238,2012-05-06,0.29384655331751874,0
83239,2012-05-06,0.38019594055361583,0
83240,2012-05-06,0.4390894179307292,1
83241,2012-05-06,0.4857875004891434,1
83242,2012-05-06,0.2616019002837421,0
83243,2012-05-06,0.4302459045586694,1
83244,2012-05-06,0.3730481161342925,1
83245,2012-05-06,0.26797743458988155,1
83246,2012-05-06,0.5299028958827847,0
83247,2012-05-06,0.4584388235922912,1
83248,2012-05-06,0.3644918470134477,0
83249,2012-05-06,0.4959919843448358,1
83250,2012-05-06,0.4670825414884137,1
83251,2012-05-06,0.47671500945009915,0
83252,2012-05-06,0.2427521126573771,0
83253,2012-05-06,0.3353219442487057,0
83254,2012-05-06,0.3913052221763336,0
83255,2012-05-06,0.5813993165730299,0
83256,2012-05-06,0.3051522714726933,0
83257,2012-05-06,0.3383956158740025,0
83258,2012-05-06,0.36745864259246563,0
83259,2012-05-06,0.6441993760898121,0
83260,2012-05-06,0.3685708543767921,0
83261,2012-05-06,0.09867185749907226,0
83262,2012-05-06,0.214103288392557,0
83263,2012-05-06,0.3359846589409944,1
83264,2012-05-06,0.5587676504847797,1
83265,2012-05-06,0.16114979143952815,0
83266,2012-05-06,0.5928477326967,1
83267,2012-05-06,0.17287945700413734,0
83268,2012-05-06,0.3507814071725669,0
83269,2012-05-06,0.22835131303494302,0
83270,2012-05-06,0.416553480506279,0
83271,2012-05-06,0.5956075893101589,1
83272,2012-05-06,0.5210991982713011,1
83273,2012-05-06,0.4407755661269903,0
83274,2012-05-06,0.3252141844457681,0
83275,2012-05-06,0.327750216065946,0
83276,2012-05-06,0.36716699632298516,0
83277,2012-05-06,0.3732145793143858,1
83278,2012-05-06,0.18915513445367993,0
83279,2012-05-06,0.47874243993724996,0
83280,2012-05-06,0.40642140110858577,0
83281,2012-05-06,0.30971062557276374,0
83282,2012-05-06,0.4162093405962266,1
83283,2012-05-06,0.34538063856825113,1
83284,2012-05-06,0.399030597970071,0
83285,2012-05-06,0.1827587896302656,1
83286,2012-05-06,0.20719236352089418,0
83287,2012-05-06,0.43594086728845804,0
83288,2012-05-06,0.4833792195707005,1
83289,2012-05-06,0.24641393803178926,0
83290,2012-05-06,0.40886730845197067,0
83291,2012-05-06,0.46128263678666026,0
83292,2012-05-06,0.3877219495878709,1
83293,2012-05-06,0.2911312202840092,1
83294,2012-05-06,0.42352151455001796,0
83295,2012-05-06,0.5883506133648035,1
83296,2012-05-06,0.2443848825405246,0
83297,2012-05-06,0.3729111158810405,1
83298,2012-05-06,0.2626715463384226,0
83299,2012-05-06,0.3225945001689529,1
83300,2012-05-06,0.5606286779693903,1
83301,2012-05-06,0.3847963670118775,1
83302,2012-05-06,0.27648946458305346,0
83303,2012-05-06,0.47550500683844266,1
83304,2012-05-06,0.450725326318496,1
83305,2012-05-07,0.2534918515976747,0
83306,2012-05-07,0.3663330571582241,0
83307,2012-05-07,0.36647394102846664,1
83308,2012-05-07,0.4819203305455441,0
83309,2012-05-07,0.34330448371610445,0
83310,2012-05-07,0.29926854721666213,1
83311,2012-05-07,0.4490041588030345,1
83312,2012-05-07,0.4033177332062006,0
83313,2012-05-07,0.2968324275621435,1
83314,2012-05-07,0.5477108526995771,0
83315,2012-05-07,0.4194167456020086,0
83316,2012-05-07,0.547418713996736,1
83317,2012-05-07,0.3691221470677109,0
83318,2012-05-07,0.6931531346563465,0
83319,2012-05-07,0.4729839748590895,0
83320,2012-05-07,0.5025703505163037,0
83321,2012-05-07,0.2519723084849902,0
83322,2012-05-07,0.40426948147844244,0
83323,2012-05-07,0.43962028563979455,0
83324,2012-05-07,0.5226019173391494,1
83325,2012-05-07,0.5036298404002022,1
83326,2012-05-07,0.5667359067507455,0
83327,2012-05-07,0.2945114954540187,0
83328,2012-05-07,0.41658903982914475,0
83329,2012-05-07,0.4746497911316152,0
83330,2012-05-07,0.7284615295786131,1
83331,2012-05-07,0.4752587998260896,0
83332,2012-05-07,0.3182236391748275,1
83333,2012-05-07,0.5404628241465633,0
83334,2012-05-07,0.5090264008637436,1
83335,2012-05-07,0.4818988972734233,0
83336,2012-05-07,0.5001059210946016,0
83337,2012-05-07,0.4033191805191187,0
83338,2012-05-07,0.2138611156756925,0
83339,2012-05-07,0.36442619027287637,1
83340,2012-05-07,0.286677108226684,0
83341,2012-05-07,0.4987210930658781,0
83342,2012-05-07,0.4354158839084024,0
83343,2012-05-07,0.16149132976898262,0
83344,2012-05-07,0.3719488815015442,0
83345,2012-05-07,0.39866908834615994,1
83346,2012-05-07,0.45369755486326285,0
83347,2012-05-07,0.2629453212484926,0
83348,2012-05-07,0.4311576546406268,1
83349,2012-05-07,0.31123022831344627,0
83350,2012-05-07,0.27569645508135837,0
83351,2012-05-07,0.3510739690345,0
83352,2012-05-07,0.2581274565176102,0
83353,2012-05-07,0.2500939068855146,0
83354,2012-05-07,0.49344009804127037,1
83355,2012-05-07,0.22260791042437528,0
83356,2012-05-07,0.1562412786853387,0
83357,2012-05-07,0.5097083389973817,1
83358,2012-05-07,0.1577686835919288,0
83359,2012-05-07,0.391581718542379,0
83360,2012-05-07,0.10972975263393013,0
83361,2012-05-07,0.4135136479073398,0
83362,2012-05-07,0.18947016348351128,0
83363,2012-05-07,0.4072063949645758,0
83364,2012-05-07,0.4172888586246299,0
83365,2012-05-07,0.3902141768662592,1
83366,2012-05-07,0.34929421586454407,0
83367,2012-05-07,0.28474609736850054,1
83368,2012-05-07,0.34709553192105586,1
83369,2012-05-07,0.5636236755727664,0
83370,2012-05-07,0.49260214618176235,0
83371,2012-05-07,0.32447813698912825,1
83372,2012-05-07,0.5197723511967726,0
83373,2012-05-07,0.18482987815853635,0
83374,2012-05-07,0.5648393441180134,0
83375,2012-05-07,0.5342252285728829,0
83376,2012-05-07,0.31256660553801935,1
83377,2012-05-07,0.25139847383476227,0
83378,2012-05-07,0.3254840198346812,1
83379,2012-05-07,0.3244911963197404,0
83380,2012-05-07,0.27758023775224844,0
83381,2012-05-07,0.25274721663951427,0
83382,2012-05-07,0.5565989969502785,0
83383,2012-05-07,0.37723323156117916,1
83384,2012-05-07,0.4482308557924856,0
83385,2012-05-07,0.2988264179590916,0
83386,2012-05-07,0.39329394272973406,1
83387,2012-05-07,0.23582387502755472,1
83388,2012-05-07,0.41780244983860737,0
83389,2012-05-07,0.4579857316839682,0
83390,2012-05-07,0.3304403057060168,0
83391,2012-05-07,0.4933847574459649,0
83392,2012-05-07,0.5033198572825273,0
83393,2012-05-07,0.463706178782551,0
83394,2012-05-07,0.444902232255481,0
83395,2012-05-07,0.4631621687541222,0
83396,2012-05-07,0.3975084509039088,0
83397,2012-05-07,0.46167686270997965,0
83398,2012-05-07,0.10863166210016113,0
83399,2012-05-07,0.3505738634259106,0
83400,2012-05-07,0.5455054603742479,1
83401,2012-05-07,0.2772852570969723,0
83402,2012-05-07,0.1933405555672875,0
83403,2012-05-07,0.4569218890092162,0
83404,2012-05-07,0.42858249624743716,0
83405,2012-05-07,0.45624722457443234,1
83406,2012-05-07,0.2437108921159471,0
83407,2012-05-07,0.22920202863100841,0
83408,2012-05-07,0.3488188668693983,0
83409,2012-05-07,0.24341069331833765,0
83410,2012-05-07,0.3045851707245672,0
83411,2012-05-07,0.3003582607805931,0
83412,2012-05-07,0.558662587119258,0
83413,2012-05-07,0.4064847782650875,1
83414,2012-05-07,0.4836184617059271,1
83415,2012-05-07,0.3608670551941143,1
83416,2012-05-07,0.3412191112477678,0
83417,2012-05-07,0.12214294913394637,0
83418,2012-05-07,0.347917082001295,0
83419,2012-05-07,0.2442150178965727,0
83420,2012-05-07,0.5162418286720245,0
83421,2012-05-07,0.519762481046975,0
83422,2012-05-07,0.09949383586460944,0
83423,2012-05-07,0.5371672384473088,1
83424,2012-05-07,0.3171942275173998,0
83425,2012-05-07,0.41461692594783167,0
83426,2012-05-07,0.2818559009789578,0
83427,2012-05-07,0.4856605547943105,1
83428,2012-05-07,0.3147342135460775,0
83429,2012-05-07,0.43626140380270784,1
83430,2012-05-07,0.5577919413366024,0
83431,2012-05-07,0.42453373439538333,0
83432,2012-05-07,0.6153635951191735,1
83433,2012-05-07,0.669041343756243,0
83434,2012-05-07,0.563639558099623,1
83435,2012-05-07,0.1568984343438752,0
83436,2012-05-07,0.28954820179103935,0
83437,2012-05-07,0.22693028640720644,0
83438,2012-05-07,0.43626441337452915,0
83439,2012-05-07,0.22314912890952393,0
83440,2012-05-07,0.5926899601929229,1
83441,2012-05-07,0.25146565545223676,0
83442,2012-05-07,0.5209111747692124,1
83443,2012-05-07,0.2445248948139477,1
83444,2012-05-07,0.3741612510403232,1
83445,2012-05-07,0.5060401592176947,1
83446,2012-05-07,0.4301084671419364,1
83447,2012-05-07,0.28847134113848794,1
83448,2012-05-07,0.41411755586959625,0
83449,2012-05-07,0.2779017794328099,0
83450,2012-05-07,0.6156376804526851,0
83451,2012-05-07,0.360115163827904,1
83452,2012-05-07,0.37368792840404,1
83453,2012-05-07,0.5366070440739239,0
83454,2012-05-07,0.15773987607530893,0
83455,2012-05-07,0.4866588630237382,0
83456,2012-05-07,0.40800086604637786,1
83457,2012-05-07,0.5750729179253821,0
83458,2012-05-07,0.6128710278123597,0
83459,2012-05-07,0.6393893763446846,0
83460,2012-05-07,0.20515293017501965,0
83461,2012-05-07,0.13973750250901287,1
83462,2012-05-07,0.47745533792691736,1
83463,2012-05-07,0.41365499424525026,0
83464,2012-05-07,0.12803677336876368,0
83465,2012-05-07,0.168749785651067,0
83466,2012-05-07,0.2711305526449523,1
83467,2012-05-07,0.2638347818915525,0
83468,2012-05-07,0.17386496396940063,0
83469,2012-05-07,0.44695183697070423,1
83470,2012-05-07,0.41981956481327226,0
83471,2012-05-07,0.2602918735852385,1
83472,2012-05-07,0.4230658671178833,0
83473,2012-05-07,0.40447543606125813,0
83474,2012-05-07,0.41495397822449087,1
83475,2012-05-07,0.2682730557480702,1
83476,2012-05-07,0.3625143453723188,0
83477,2012-05-07,0.4146392684455348,0
83478,2012-05-07,0.20212792881010253,0
83479,2012-05-07,0.36923304034992227,1
83480,2012-05-07,0.1526735182430246,0
83481,2012-05-07,0.6013368308668937,1
83482,2012-05-07,0.36681122279746153,0
83483,2012-05-07,0.28057277072230025,1
83484,2012-05-07,0.26648739516862097,0
83485,2012-05-07,0.3014340093875784,0
83486,2012-05-07,0.5462290051926929,0
83487,2012-05-07,0.31411648757444793,0
83488,2012-05-07,0.4754871581216557,0
83489,2012-05-07,0.11415297622984578,0
83490,2012-05-07,0.4703498284232579,1
83491,2012-05-07,0.3318549361082319,1
83492,2012-05-07,0.32528775082163924,0
83493,2012-05-07,0.2250389568221246,0
83494,2012-05-07,0.144102394223413,0
83495,2012-05-07,0.5226647575977684,1
83496,2012-05-07,0.3977043179517355,0
83497,2012-05-07,0.5700922200691346,1
83498,2012-05-07,0.3889479873562461,1
83499,2012-05-07,0.3469336676499598,1
83500,2012-05-07,0.6246749055920093,0
83501,2012-05-07,0.5447022414622613,0
83502,2012-05-07,0.3919037846468387,0
83503,2012-05-07,0.524454048576195,0
83504,2012-05-07,0.4868660507072967,1
83505,2012-05-07,0.3341045666474294,1
83506,2012-05-07,0.54556069121928,1
83507,2012-05-07,0.5896440939034748,0
83508,2012-05-07,0.38201582142375173,1
83509,2012-05-07,0.45803624202384885,1
83510,2012-05-07,0.5311886232490574,1
83511,2012-05-07,0.3707828891291118,0
83512,2012-05-07,0.40018956895495583,0
83513,2012-05-07,0.4408038218614268,0
83514,2012-05-07,0.1204874311478473,0
83515,2012-05-07,0.4109916202820606,1
83516,2012-05-07,0.2667922729287176,0
83517,2012-05-07,0.45096031892665545,0
83518,2012-05-07,0.3526723840344654,1
83519,2012-05-07,0.20716383466233879,0
83520,2012-05-07,0.395942013085018,0
83521,2012-05-07,0.2504280870150848,0
83522,2012-05-07,0.582380543583075,0
83523,2012-05-07,0.24469946519618435,0
83524,2012-05-07,0.4156950960945241,1
83525,2012-05-07,0.18223532502384782,0
83526,2012-05-07,0.48290558848007803,0
83527,2012-05-07,0.33671914593443875,0
83528,2012-05-07,0.3949920077146714,0
83529,2012-05-07,0.1626453742023679,0
83530,2012-05-07,0.24036243447724848,1
83531,2012-05-07,0.4157474575613054,1
83532,2012-05-07,0.41090562847872114,0
83533,2012-05-07,0.6761176296643865,1
83534,2012-05-07,0.35513084968113734,0
83535,2012-05-07,0.4901690075289815,1
83536,2012-05-07,0.16139620430299778,0
83537,2012-05-07,0.3852629437740963,0
83538,2012-05-07,0.45149194608194615,0
83539,2012-05-07,0.5142513585148213,0
83540,2012-05-07,0.4113639884470533,0
83541,2012-05-07,0.4001224810131259,0
83542,2012-05-07,0.5351243104259766,1
83543,2012-05-07,0.5338179219875978,1
83544,2012-05-07,0.3142687392455487,0
83545,2012-05-07,0.5251557837385302,1
83546,2012-05-07,0.41522763589084283,0
83547,2012-05-07,0.5644903641308414,0
83548,2012-05-07,0.4619010497609825,0
83549,2012-05-07,0.39858245566472894,0
83550,2012-05-07,0.3979308363408802,0
83551,2012-05-07,0.4101942936811672,1
83552,2012-05-07,0.21578519347702674,1
83553,2012-05-07,0.391794128757831,0
83554,2012-05-07,0.20189713157104508,0
83555,2012-05-07,0.3811490564582458,0
83556,2012-05-07,0.4076424182068538,0
83557,2012-05-07,0.43877630104797793,0
83558,2012-05-07,0.20438178733841766,0
83559,2012-05-07,0.24157995279480673,0
83560,2012-05-07,0.1934591490686824,0
83561,2012-05-07,0.40417697187358187,1
83562,2012-05-07,0.5075942607219998,0
83563,2012-05-07,0.4462316818879712,0
83564,2012-05-07,0.5500044993164704,0
83565,2012-05-07,0.5275844614444043,1
83566,2012-05-07,0.3049155110706697,0
83567,2012-05-07,0.4966200880430407,1
83568,2012-05-07,0.33684388510722624,1
83569,2012-05-07,0.203574736598061,1
83570,2012-05-07,0.5795592978046488,1
83571,2012-05-07,0.2854110055153814,0
83572,2012-05-07,0.291064911962793,1
83573,2012-05-07,0.4132844420888139,0
83574,2012-05-07,0.6008711244948977,0
83575,2012-05-07,0.378926778370974,1
83576,2012-05-07,0.13960565316506116,0
83577,2012-05-07,0.6660565932389318,1
83578,2012-05-07,0.11392132855007561,0
83579,2012-05-07,0.6428446447496361,0
83580,2012-05-07,0.35831785144669986,0
83581,2012-05-07,0.4389812623204004,0
83582,2012-05-07,0.42517823899471013,0
83583,2012-05-07,0.48479729135354843,0
83584,2012-05-07,0.39660420669270374,0
83585,2012-05-07,0.34763042042587694,1
83586,2012-05-07,0.5363995993800643,0
83587,2012-05-07,0.5243210809154284,1
83588,2012-05-07,0.4656132398097349,0
83589,2012-05-07,0.15248456661857357,0
83590,2012-05-07,0.37069567481647486,1
83591,2012-05-07,0.3465049815839893,1
83592,2012-05-07,0.3370126317035354,0
83593,2012-05-07,0.4955936089409503,1
83594,2012-05-07,0.20126409312014334,0
83595,2012-05-07,0.365625534697385,0
83596,2012-05-07,0.3513993848621321,0
83597,2012-05-07,0.41579410297639474,0
83598,2012-05-07,0.18027356244308512,0
83599,2012-05-07,0.19626211195982765,0
83600,2012-05-07,0.3125404110552274,1
83601,2012-05-07,0.432295142871943,0
83602,2012-05-07,0.4560421606411948,0
83603,2012-05-07,0.6617486314516176,1
83604,2012-05-07,0.12420768539004791,0
83605,2012-05-07,0.6254165466258769,1
83606,2012-05-07,0.5266520085143885,1
83607,2012-05-07,0.4776107644897779,1
83608,2012-05-07,0.294441542951874,0
83609,2012-05-07,0.5373236661635459,0
83610,2012-05-07,0.40970978731024577,0
83611,2012-05-07,0.15943868239332853,0
83612,2012-05-07,0.4413167359148161,1
83613,2012-05-07,0.4232259751473017,0
83614,2012-05-07,0.5686725473077954,1
83615,2012-05-07,0.3282054191657076,0
83616,2012-05-07,0.3342682865034851,0
83617,2012-05-07,0.24379256189388868,0
83618,2012-05-07,0.5236094858159612,0
83619,2012-05-07,0.5567388355869841,0
83620,2012-05-07,0.19787640811635163,1
83621,2012-05-07,0.3115648433538746,0
83622,2012-05-07,0.4759301936402776,0
83623,2012-05-07,0.3630836682666067,1
83624,2012-05-07,0.22229752960615923,1
83625,2012-05-07,0.28201362622722503,0
83626,2012-05-07,0.3017162940478846,0
83627,2012-05-07,0.49348838245688675,0
83628,2012-05-07,0.4838598792507804,1
83629,2012-05-07,0.5892102918329919,1
83630,2012-05-07,0.5425607318156335,1
83631,2012-05-07,0.3919095273002686,0
83632,2012-05-07,0.4083156088704772,0
83633,2012-05-07,0.36510939564041195,0
83634,2012-05-07,0.26603928213736483,0
83635,2012-05-07,0.33293080420602145,1
83636,2012-05-07,0.2825576688226517,1
83637,2012-05-07,0.17902131139882585,0
83638,2012-05-07,0.3789739514271278,1
83639,2012-05-07,0.30644052525650406,0
83640,2012-05-07,0.7179308286780692,1
83641,2012-05-07,0.30066835646854423,0
83642,2012-05-07,0.20843357426630507,0
83643,2012-05-07,0.4001211904431235,0
83644,2012-05-07,0.23239986626385245,0
83645,2012-05-07,0.2779017794328099,1
83646,2012-05-07,0.47440001124637676,0
83647,2012-05-07,0.5439057292775032,0
83648,2012-05-07,0.23635001028903285,0
83649,2012-05-07,0.5716732166545853,1
83650,2012-05-07,0.4172034104908992,1
83651,2012-05-07,0.32746841512015895,1
83652,2012-05-07,0.2383254950443998,1
83653,2012-05-07,0.43688474842656816,0
83654,2012-05-07,0.5640004562720763,0
83655,2012-05-07,0.4899985210774249,1
83656,2012-05-07,0.3454350978644845,0
83657,2012-05-07,0.378509835608534,0
83658,2012-05-07,0.44098294528983056,1
83659,2012-05-07,0.40869588293736486,0
83660,2012-05-07,0.3258155740160735,0
83661,2012-05-07,0.49614012608800784,1
83662,2012-05-07,0.39278808377144675,1
83663,2012-05-07,0.23352628977881473,0
83664,2012-05-07,0.6096465065122227,0
83665,2012-05-07,0.27893994440383507,0
83666,2012-05-07,0.2185218232652853,0
83667,2012-05-07,0.5084275368859934,1
83668,2012-05-07,0.18984758434411061,0
83669,2012-05-07,0.2729418851231549,0
83670,2012-05-07,0.7127746579940455,1
83671,2012-05-07,0.3125229574962984,0
83672,2012-05-07,0.355504432260543,0
83673,2012-05-07,0.38938209411549707,0
83674,2012-05-07,0.4661159293422607,1
83675,2012-05-07,0.49681059605454053,0
83676,2012-05-07,0.36327649935178635,1
83677,2012-05-07,0.5474619736824704,1
83678,2012-05-07,0.4320053855492804,0
83679,2012-05-07,0.4892775783158897,0
83680,2012-05-07,0.5973119223395789,1
83681,2012-05-08,0.29698699199267586,1
83682,2012-05-08,0.4625062646042467,1
83683,2012-05-08,0.4869850472833109,0
83684,2012-05-08,0.2720515351245053,0
83685,2012-05-08,0.4217223282285346,0
83686,2012-05-08,0.4668875539285836,1
83687,2012-05-08,0.3809457050259475,0
83688,2012-05-08,0.3998832554086584,1
83689,2012-05-08,0.3861835071900135,1
83690,2012-05-08,0.3311881051599902,0
83691,2012-05-08,0.5258680079797935,0
83692,2012-05-08,0.369824837217251,0
83693,2012-05-08,0.43626441337452915,0
83694,2012-05-08,0.2872952451714057,0
83695,2012-05-08,0.5031218025582078,1
83696,2012-05-08,0.5428226389814865,0
83697,2012-05-08,0.5016325153270227,0
83698,2012-05-08,0.25001076135330375,1
83699,2012-05-08,0.3614111926253632,0
83700,2012-05-08,0.4160988818374569,1
83701,2012-05-08,0.3422642723736203,0
83702,2012-05-08,0.35420775841022145,0
83703,2012-05-08,0.20217320904515332,0
83704,2012-05-08,0.48252977533985814,0
83705,2012-05-08,0.3807913709203821,0
83706,2012-05-08,0.3816505159308982,1
83707,2012-05-08,0.327402050595774,0
83708,2012-05-08,0.4111575260927526,0
83709,2012-05-08,0.6111804957848443,0
83710,2012-05-08,0.12811155648871372,0
83711,2012-05-08,0.3210194991228796,0
83712,2012-05-08,0.3442300733421548,0
83713,2012-05-08,0.46585044285790767,0
83714,2012-05-08,0.5097034481740714,1
83715,2012-05-08,0.27150027945046507,0
83716,2012-05-08,0.45904270701481004,1
83717,2012-05-08,0.35005962839889593,0
83718,2012-05-08,0.1409943627242778,0
83719,2012-05-08,0.3968413169734017,1
83720,2012-05-08,0.12711513953093476,0
83721,2012-05-08,0.4967452191602065,1
83722,2012-05-08,0.35777639379438675,0
83723,2012-05-08,0.23534612537478303,1
83724,2012-05-08,0.5959652049966248,0
83725,2012-05-08,0.2924287272726185,0
83726,2012-05-08,0.39240660487868084,0
83727,2012-05-08,0.39154967609215957,1
83728,2012-05-08,0.2686147528134176,0
83729,2012-05-08,0.07907462982368867,0
83730,2012-05-08,0.47584398313095183,0
83731,2012-05-08,0.3767671828171788,0
83732,2012-05-08,0.47598216709597574,1
83733,2012-05-08,0.37382117545597304,1
83734,2012-05-08,0.14451875885840748,0
83735,2012-05-08,0.33677572811298156,0
83736,2012-05-08,0.5298125431124627,0
83737,2012-05-08,0.3551882392161703,0
83738,2012-05-08,0.35607911861502495,0
83739,2012-05-08,0.43723221910950283,0
83740,2012-05-08,0.47692399444982214,0
83741,2012-05-08,0.216924868285386,0
83742,2012-05-08,0.4177250825805596,1
83743,2012-05-08,0.46764285516139054,1
83744,2012-05-08,0.40210133549368204,0
83745,2012-05-08,0.5047693474601939,0
83746,2012-05-08,0.4007161780453653,1
83747,2012-05-08,0.3536633330239796,0
83748,2012-05-08,0.3037379898326061,1
83749,2012-05-08,0.2594591239933418,1
83750,2012-05-08,0.5773310199647763,0
83751,2012-05-08,0.31393953794515356,0
83752,2012-05-08,0.43587928567240275,0
83753,2012-05-08,0.3093965753668846,0
83754,2012-05-08,0.1783115971728143,1
83755,2012-05-08,0.41676531050161936,0
83756,2012-05-08,0.377225033457784,0
83757,2012-05-08,0.1763337642871604,0
83758,2012-05-08,0.3008934106319016,0
83759,2012-05-08,0.5980225634545089,1
83760,2012-05-08,0.35978959051178716,0
83761,2012-05-08,0.4948619618004906,0
83762,2012-05-08,0.12422413789433687,0
83763,2012-05-08,0.5238617121078609,0
83764,2012-05-08,0.1935253079642387,0
83765,2012-05-08,0.1133570447960368,0
83766,2012-05-08,0.25487026963058146,0
83767,2012-05-08,0.4711339227654648,0
83768,2012-05-08,0.5723103808022162,0
83769,2012-05-08,0.3722181369317172,0
83770,2012-05-08,0.4535980708877782,0
83771,2012-05-08,0.34646648152267734,1
83772,2012-05-08,0.42237004788002247,1
83773,2012-05-08,0.1012909462655618,0
83774,2012-05-08,0.45440917536959174,0
83775,2012-05-08,0.3918207350477382,1
83776,2012-05-08,0.40352272927085214,0
83777,2012-05-08,0.30376223801009966,1
83778,2012-05-08,0.2918604793296522,0
83779,2012-05-08,0.16750139302697747,0
83780,2012-05-08,0.11472970092461096,0
83781,2012-05-08,0.5645368506382568,0
83782,2012-05-08,0.4935339457325131,1
83783,2012-05-08,0.31874165309277214,0
83784,2012-05-08,0.5221569118210252,0
83785,2012-05-08,0.201762769386783,0
83786,2012-05-08,0.6394175652689884,1
83787,2012-05-08,0.3928313257565805,0
83788,2012-05-08,0.35724809447729455,1
83789,2012-05-08,0.3487362856636992,0
83790,2012-05-08,0.11130831032187095,0
83791,2012-05-08,0.38243870871153185,0
83792,2012-05-08,0.4776447616897972,1
83793,2012-05-08,0.2289794768552593,0
83794,2012-05-08,0.4369840644690839,1
83795,2012-05-08,0.12913826922456584,0
83796,2012-05-08,0.3731176732048117,1
83797,2012-05-08,0.533588301712371,0
83798,2012-05-08,0.40942796842007295,1
83799,2012-05-08,0.3842339094183303,1
83800,2012-05-08,0.4333672971319341,0
83801,2012-05-08,0.368457801390728,1
83802,2012-05-09,0.40266197620915734,0
83803,2012-05-09,0.39094792634422987,0
83804,2012-05-09,0.26428044867643335,0
83805,2012-05-09,0.2499222125365672,0
83806,2012-05-09,0.2783045117678016,1
83807,2012-05-09,0.12036247744404463,0
83808,2012-05-09,0.23300809252845606,1
83809,2012-05-09,0.3747606718680944,0
83810,2012-05-09,0.5244411135629847,1
83811,2012-05-09,0.3852454697059531,0
83812,2012-05-09,0.30889939308576775,0
83813,2012-05-09,0.21419124943006793,0
83814,2012-05-09,0.39832967543871894,0
83815,2012-05-09,0.3860768974784221,0
83816,2012-05-09,0.2872983156609502,0
83817,2012-05-09,0.3647558432413202,0
83818,2012-05-09,0.4278373625589473,1
83819,2012-05-09,0.4587423594989723,1
83820,2012-05-09,0.3434437990843016,0
83821,2012-05-09,0.40197853794927246,0
83822,2012-05-09,0.25243693705201314,0
83823,2012-05-09,0.3817480829448946,0
83824,2012-05-09,0.2390644847677314,0
83825,2012-05-09,0.5459316504202247,0
83826,2012-05-09,0.45367208342477694,1
83827,2012-05-09,0.49069625555218876,1
83828,2012-05-09,0.6632527086122605,1
83829,2012-05-09,0.47051019110823467,1
83830,2012-05-09,0.13715032279827902,0
83831,2012-05-09,0.2519379785563858,0
83832,2012-05-09,0.3250228984472296,0
83833,2012-05-09,0.3718472124931883,0
83834,2012-05-09,0.4997779613097807,0
83835,2012-05-09,0.510712688669835,0
83836,2012-05-09,0.5529826899407648,0
83837,2012-05-09,0.2712907465290404,1
83838,2012-05-09,0.25550275316021864,0
83839,2012-05-09,0.3473408692448328,0
83840,2012-05-09,0.4655000741565156,1
83841,2012-05-09,0.40931734412875775,0
83842,2012-05-09,0.2846221794689088,0
83843,2012-05-09,0.4693385980856832,1
83844,2012-05-09,0.3643974108064065,0
83845,2012-05-09,0.4874279073956259,1
83846,2012-05-09,0.2936712107889852,0
83847,2012-05-09,0.2258426325650242,1
83848,2012-05-09,0.4946601987163889,1
83849,2012-05-09,0.24079557005543034,1
83850,2012-05-09,0.3634479809570866,0
83851,2012-05-09,0.6338425994190391,1
83852,2012-05-09,0.31840540915664334,0
83853,2012-05-09,0.4297022169486583,0
83854,2012-05-09,0.33621680775325935,0
83855,2012-05-09,0.295968364862729,1
83856,2012-05-09,0.4427899310032598,0
83857,2012-05-09,0.12481017689885206,0
83858,2012-05-09,0.19773323368777487,1
83859,2012-05-09,0.32616620092744075,1
83860,2012-05-09,0.3385359204084973,0
83861,2012-05-09,0.12744939808734151,0
83862,2012-05-09,0.5693220569394635,1
83863,2012-05-09,0.4724177355610554,1
83864,2012-05-09,0.4334993909378987,1
83865,2012-05-09,0.383348493898616,0
83866,2012-05-09,0.38071466942933035,0
83867,2012-05-09,0.37189731901275386,0
83868,2012-05-09,0.27384820185563286,0
83869,2012-05-09,0.09430053177992336,0
83870,2012-05-09,0.3980006921089583,0
83871,2012-05-09,0.3985363085195993,1
83872,2012-05-09,0.3055008779739427,0
83873,2012-05-09,0.6368850837669336,0
83874,2012-05-09,0.48550029905883735,1
83875,2012-05-09,0.45229155251915976,0
83876,2012-05-09,0.32203551573761924,1
83877,2012-05-09,0.5209511812710252,1
83878,2012-05-09,0.287690403254483,1
83879,2012-05-09,0.2787425323492185,0
83880,2012-05-09,0.5342750609056597,0
83881,2012-05-09,0.19421120690576404,0
83882,2012-05-09,0.3749452009773288,1
83883,2012-05-09,0.6193736521201881,1
83884,2012-05-09,0.30517486207630895,1
83885,2012-05-09,0.44860601449490956,1
83886,2012-05-09,0.37870268845078664,1
83887,2012-05-09,0.49432397354303265,1
83888,2012-05-09,0.06596181839239351,0
83889,2012-05-09,0.28276856065476524,0
83890,2012-05-09,0.28097033823237816,1
83891,2012-05-09,0.5154441262428514,0
83892,2012-05-09,0.36981252722405616,0
83893,2012-05-09,0.4811179468375906,0
83894,2012-05-09,0.19528272733841037,0
83895,2012-05-09,0.3922729080475282,0
83896,2012-05-09,0.43526632209412736,0
83897,2012-05-09,0.34517982418002463,1
83898,2012-05-09,0.43893570410984034,1
83899,2012-05-09,0.23744276425603367,0
83900,2012-05-09,0.32066682671748453,0
83901,2012-05-09,0.34740066971166383,0
83902,2012-05-09,0.33106453732796115,0
83903,2012-05-10,0.20850568354406346,0
83904,2012-05-10,0.5211756420128644,1
83905,2012-05-10,0.38346893826172596,0
83906,2012-05-10,0.2770922541432191,0
83907,2012-05-10,0.531390607744811,1
83908,2012-05-10,0.13773483863059338,1
83909,2012-05-10,0.5777470524403192,1
83910,2012-05-10,0.17516658439559887,1
83911,2012-05-10,0.22591462874392876,0
83912,2012-05-10,0.5064972302226115,0
83913,2012-05-10,0.12409899231177297,0
83914,2012-05-10,0.18751151782960387,0
83915,2012-05-10,0.20791807543573745,1
83916,2012-05-10,0.2190343913682915,0
83917,2012-05-10,0.506633086861267,1
83918,2012-05-10,0.69472058257064,1
83919,2012-05-10,0.32609308165390916,0
83920,2012-05-10,0.43177017610293417,0
83921,2012-05-10,0.37772159633805885,0
83922,2012-05-10,0.16853894466336755,0
83923,2012-05-10,0.3958348028357531,1
83924,2012-05-10,0.30569034487559926,0
83925,2012-05-10,0.4948028886734815,1
83926,2012-05-10,0.2565592387615551,0
83927,2012-05-10,0.4440055298099463,1
83928,2012-05-10,0.12794935853594266,0
83929,2012-05-10,0.6724187164966656,1
83930,2012-05-10,0.5347570630396149,1
83931,2012-05-10,0.574565820335684,1
83932,2012-05-10,0.5872956420420725,1
83933,2012-05-10,0.5266880033097733,1
83934,2012-05-10,0.18518139715409065,0
83935,2012-05-10,0.2718745450036384,1
83936,2012-05-10,0.43541340111421817,0
83937,2012-05-10,0.4429795935575014,1
83938,2012-05-10,0.28440902868018625,0
83939,2012-05-10,0.20781401500696697,0
83940,2012-05-10,0.18455582547510882,1
83941,2012-05-10,0.26162885529848356,1
83942,2012-05-10,0.4375989850133011,0
83943,2012-05-10,0.4938667480652339,0
83944,2012-05-10,0.33154183357418976,0
83945,2012-05-10,0.30401469385888347,0
83946,2012-05-10,0.5388777939588365,0
83947,2012-05-10,0.28792653869730556,0
83948,2012-05-10,0.47759865849026745,1
83949,2012-05-10,0.49299337842399366,0
83950,2012-05-10,0.49620100843464976,0
83951,2012-05-10,0.5005259567688886,0
83952,2012-05-10,0.25591885116913904,1
83953,2012-05-10,0.3145008146830427,0
83954,2012-05-10,0.18693438039988844,0
83955,2012-05-10,0.3834588310779478,0
83956,2012-05-10,0.4309874774133935,0
83957,2012-05-10,0.5116503864427524,1
83958,2012-05-10,0.18595192809776803,0
83959,2012-05-10,0.5385182900567236,1
83960,2012-05-10,0.2695910336531742,1
83961,2012-05-10,0.3655491195876462,1
83962,2012-05-10,0.3281997240961896,0
83963,2012-05-10,0.06654365830640138,0
83964,2012-05-10,0.3727658187316897,0
83965,2012-05-10,0.5791377950185421,0
83966,2012-05-10,0.4627361208221905,1
83967,2012-05-10,0.31291622760487564,0
83968,2012-05-10,0.4925011019850417,1
83969,2012-05-10,0.35658451924823537,1
83970,2012-05-10,0.5188656398967549,1
83971,2012-05-10,0.3250187249659765,0
83972,2012-05-10,0.4017484801263813,0
83973,2012-05-10,0.36141351339975114,0
83974,2012-05-10,0.27529094660468284,0
83975,2012-05-10,0.4975314299913194,0
83976,2012-05-10,0.46625009791834776,1
83977,2012-05-10,0.4800824132000264,1
83978,2012-05-10,0.39162390967578253,0
83979,2012-05-10,0.3363913931814801,0
83980,2012-05-10,0.4058425384592914,1
83981,2012-05-10,0.42430597698322725,0
83982,2012-05-10,0.5631773918898326,1
83983,2012-05-10,0.3154852671160969,1
83984,2012-05-10,0.4015855550107515,0
83985,2012-05-10,0.1583144381493623,0
83986,2012-05-10,0.23551475953747442,0
83987,2012-05-10,0.1517185960223663,1
83988,2012-05-10,0.4974045333891874,0
83989,2012-05-10,0.38553019923024384,0
83990,2012-05-10,0.2344319305589006,0
83991,2012-05-10,0.463484569897416,1
83992,2012-05-10,0.28327395616625517,0
83993,2012-05-10,0.4330895941106218,1
83994,2012-05-10,0.3948340694888111,0
83995,2012-05-10,0.4217632617564532,1
83996,2012-05-10,0.26172232249449445,0
83997,2012-05-10,0.39817084738962666,0
83998,2012-05-10,0.2525563904076886,0
83999,2012-05-10,0.39729354800158995,0
84000,2012-05-10,0.3106621623870438,1
84001,2012-05-10,0.40567028965386265,0
84002,2012-05-10,0.1906814944012941,0
84003,2012-05-10,0.6416070034981644,1
84004,2012-05-10,0.24796748960943743,1
84005,2012-05-10,0.11141537366580492,0
84006,2012-05-10,0.4700464548294919,0
84007,2012-05-10,0.4780645610171,0
84008,2012-05-10,0.197260414788463,0
84009,2012-05-10,0.41325882169442285,0
84010,2012-05-10,0.5837179126329621,0
84011,2012-05-10,0.15292344534484575,0
84012,2012-05-10,0.19287656170009665,0
84013,2012-05-10,0.415932972431519,0
84014,2012-05-10,0.40592272363056886,0
84015,2012-05-10,0.3043813763445621,0
84016,2012-05-10,0.5877444001476798,1
84017,2012-05-10,0.4247063837884161,1
84018,2012-05-10,0.5276301797150215,1
84019,2012-05-10,0.5879333572342197,1
84020,2012-05-10,0.4730431967350621,1
84021,2012-05-10,0.610454154931994,0
84022,2012-05-10,0.22316760240587066,0
84023,2012-05-10,0.4192385848244314,1
84024,2012-05-10,0.5140839074782481,0
84025,2012-05-10,0.465601159504448,1
84026,2012-05-10,0.4868729155386399,0
84027,2012-05-10,0.40905476706368243,0
84028,2012-05-10,0.35645913990756545,0
84029,2012-05-10,0.4545628280157881,0
84030,2012-05-10,0.3995224598265314,0
84031,2012-05-10,0.3439131735698728,0
84032,2012-05-10,0.4210162046300605,0
84033,2012-05-10,0.4607957275099318,0
84034,2012-05-10,0.37853774154814984,1
84035,2012-05-10,0.5363526329083763,0
84036,2012-05-10,0.3123576067701874,0
84037,2012-05-10,0.46120657227935774,1
84038,2012-05-10,0.33342417760523846,0
84039,2012-05-10,0.29482779483979116,1
84040,2012-05-10,0.5051178592860772,1
84041,2012-05-10,0.2552336175603533,0
84042,2012-05-10,0.27703840580515304,0
84043,2012-05-10,0.5139029386009427,1
84044,2012-05-10,0.32972983301142933,0
84045,2012-05-10,0.4506060260126129,0
84046,2012-05-10,0.4466816715278987,0
84047,2012-05-10,0.4607455774884981,1
84048,2012-05-10,0.6148170910195743,1
84049,2012-05-10,0.4037213369194605,1
84050,2012-05-10,0.49811203548787947,0
84051,2012-05-10,0.3691572671504471,1
84052,2012-05-10,0.16004284395159274,0
84053,2012-05-10,0.4312851590072999,0
84054,2012-05-10,0.5656426761272513,1
84055,2012-05-10,0.3118571356446041,0
84056,2012-05-10,0.4730584921924867,1
84057,2012-05-10,0.14402486116482038,0
84058,2012-05-10,0.2654591150585707,1
84059,2012-05-10,0.34339097116878897,1
84060,2012-05-10,0.4628173099602006,1
84061,2012-05-10,0.37133699833616957,0
84062,2012-05-10,0.2803635247144792,0
84063,2012-05-10,0.1574144679110515,0
84064,2012-05-10,0.413755023403778,1
84065,2012-05-10,0.3462951741595395,0
84066,2012-05-10,0.29180941800989324,0
84067,2012-05-10,0.1828977327619671,0
84068,2012-05-10,0.555409517132863,1
84069,2012-05-10,0.4309716672780367,0
84070,2012-05-10,0.4731946830942451,1
84071,2012-05-10,0.2774931305140545,0
84072,2012-05-10,0.3349310713401731,1
84073,2012-05-10,0.1974147361794307,1
84074,2012-05-10,0.4001126369214133,0
84075,2012-05-10,0.5778121303681334,0
84076,2012-05-10,0.6539720977497234,1
84077,2012-05-10,0.22608289220022232,0
84078,2012-05-10,0.15507119411769169,0
84079,2012-05-10,0.26601591044240697,1
84080,2012-05-10,0.34657457399424324,1
84081,2012-05-10,0.3730394961746432,0
84082,2012-05-10,0.4389669839078161,1
84083,2012-05-10,0.2968858972900982,0
84084,2012-05-10,0.5586253186822423,1
84085,2012-05-10,0.2943983383242313,0
84086,2012-05-10,0.3485059709986839,0
84087,2012-05-10,0.7018672947206904,1
84088,2012-05-10,0.405037636768767,1
84089,2012-05-10,0.28183841352448585,0
84090,2012-05-10,0.21333756881376062,1
84091,2012-05-10,0.35411791597156944,0
84092,2012-05-10,0.23443216759158622,0
84093,2012-05-10,0.4361815368827039,1
84094,2012-05-10,0.3038465324715601,0
84095,2012-05-10,0.28912158264717713,0
84096,2012-05-10,0.22238865939052674,0
84097,2012-05-10,0.22097136749230376,1
84098,2012-05-10,0.2564466379467618,0
84099,2012-05-10,0.26338733430315203,0
84100,2012-05-10,0.4937759685035373,1
84101,2012-05-10,0.28077973458626176,0
84102,2012-05-10,0.2956430583731363,1
84103,2012-05-10,0.23278436943076442,0
84104,2012-05-10,0.3471975298953712,0
84105,2012-05-10,0.33308145653389726,0
84106,2012-05-10,0.24445567003927607,1
84107,2012-05-10,0.2388193128069393,1
84108,2012-05-10,0.3320254911313962,1
84109,2012-05-10,0.24853034961941126,0
84110,2012-05-10,0.3434147470213662,0
84111,2012-05-10,0.6134043526544455,1
84112,2012-05-10,0.30711055566040074,1
84113,2012-05-10,0.4306505008360323,0
84114,2012-05-10,0.5564566382861582,1
84115,2012-05-10,0.3656352504981182,1
84116,2012-05-10,0.31679714373474344,0
84117,2012-05-10,0.22192707603896755,0
84118,2012-05-10,0.4555426221306557,0
84119,2012-05-10,0.3788557230861029,0
84120,2012-05-10,0.43205551791956825,0
84121,2012-05-10,0.36768376543758446,0
84122,2012-05-10,0.2566979387947121,1
84123,2012-05-10,0.7288141369545387,1
84124,2012-05-10,0.20172187385099238,0
84125,2012-05-10,0.18751210907351343,0
84126,2012-05-10,0.6435995135966404,1
84127,2012-05-10,0.2335926226657438,0
84128,2012-05-10,0.282437029878416,1
84129,2012-05-10,0.3339236477973823,1
84130,2012-05-10,0.24901463674927482,0
84131,2012-05-10,0.43507467621008894,0
84132,2012-05-10,0.4383514865549356,0
84133,2012-05-10,0.32511075806537043,0
84134,2012-05-10,0.4357062101068886,0
84135,2012-05-10,0.4210280800953152,0
84136,2012-05-10,0.5430640362304104,1
84137,2012-05-10,0.42140775353081134,1
84138,2012-05-10,0.476734823575209,0
84139,2012-05-10,0.44717001311707427,0
84140,2012-05-10,0.31029250088894317,0
84141,2012-05-10,0.37021115314767394,0
84142,2012-05-10,0.350058834331819,0
84143,2012-05-10,0.4046604471279123,0
84144,2012-05-10,0.5317823409092975,0
84145,2012-05-10,0.23477618236598471,1
84146,2012-05-10,0.261880801877545,0
84147,2012-05-10,0.2805045885577371,0
84148,2012-05-10,0.26043016081647846,0
84149,2012-05-10,0.4075612684240828,1
84150,2012-05-10,0.13304316384590328,0
84151,2012-05-10,0.33970199499651765,1
84152,2012-05-10,0.45092044420090754,1
84153,2012-05-10,0.47202532616340903,1
84154,2012-05-10,0.4150042705259848,0
84155,2012-05-10,0.25442769868891674,1
84156,2012-05-10,0.21736727426941238,0
84157,2012-05-10,0.44547474250218083,0
84158,2012-05-10,0.683053552354408,1
84159,2012-05-10,0.28516173982814197,0
84160,2012-05-10,0.5213002702737634,1
84161,2012-05-10,0.46638052448308914,1
84162,2012-05-10,0.4712018143365973,1
84163,2012-05-10,0.4962961164462724,0
84164,2012-05-10,0.38212685785938033,0
84165,2012-05-10,0.2183274383538949,0
84166,2012-05-10,0.4076327412600357,0
84167,2012-05-10,0.4011334109114117,0
84168,2012-05-10,0.15945087077667597,0
84169,2012-05-10,0.6767596768549585,1
84170,2012-05-10,0.4640684506929233,0
84171,2012-05-10,0.7071388367868541,1
84172,2012-05-10,0.5403920960632955,0
84173,2012-05-10,0.3756311147052799,1
84174,2012-05-10,0.2570532286048135,0
84175,2012-05-10,0.5514320652242309,0
84176,2012-05-10,0.45034490724734005,0
84177,2012-05-10,0.5101687056975971,0
84178,2012-05-10,0.3459528706581238,0
84179,2012-05-10,0.36794473190055177,0
84180,2012-05-10,0.3257155313229849,0
84181,2012-05-10,0.27214545166987875,1
84182,2012-05-10,0.1509723538063055,0
84183,2012-05-10,0.43433784063123154,0
84184,2012-05-10,0.28519425229817763,0
84185,2012-05-10,0.14023835026393308,0
84186,2012-05-10,0.40793733876863975,1
84187,2012-05-10,0.3494638771895085,0
84188,2012-05-10,0.0854496129586191,0
84189,2012-05-11,0.42567658821033577,1
84190,2012-05-11,0.43841998364038703,1
84191,2012-05-11,0.25922470148007054,0
84192,2012-05-11,0.311833575690895,0
84193,2012-05-11,0.42034781701335944,1
84194,2012-05-11,0.5482427798808985,1
84195,2012-05-11,0.49630956930450704,0
84196,2012-05-11,0.289009778355822,0
84197,2012-05-11,0.3838245247314111,0
84198,2012-05-11,0.6406639080299041,1
84199,2012-05-11,0.22893551660396944,1
84200,2012-05-11,0.48366896732159753,0
84201,2012-05-11,0.47783088189006495,1
84202,2012-05-11,0.40886154734400576,0
84203,2012-05-11,0.3404476256496712,1
84204,2012-05-11,0.3239737946532545,0
84205,2012-05-11,0.30258282773431805,0
84206,2012-05-11,0.36065323314577125,1
84207,2012-05-11,0.34969844193797944,0
84208,2012-05-11,0.4474054786535176,1
84209,2012-05-11,0.6190458682982675,0
84210,2012-05-11,0.2425224314252848,0
84211,2012-05-11,0.43794007340997165,0
84212,2012-05-11,0.5045582227634227,0
84213,2012-05-11,0.43124585950831607,0
84214,2012-05-11,0.3280850076120605,0
84215,2012-05-11,0.5227928300270721,1
84216,2012-05-11,0.393582106378771,1
84217,2012-05-11,0.40765055075031914,1
84218,2012-05-11,0.2330379025759305,0
84219,2012-05-11,0.4789044268029345,1
84220,2012-05-11,0.4053310348117801,0
84221,2012-05-11,0.15045429959578263,0
84222,2012-05-11,0.11800508155311705,1
84223,2012-05-11,0.19073390988860103,0
84224,2012-05-11,0.4104000505362587,1
84225,2012-05-11,0.5028237266700692,0
84226,2012-05-11,0.5242924879224934,0
84227,2012-05-11,0.37052252599902025,0
84228,2012-05-11,0.3613615298582626,0
84229,2012-05-11,0.2475148914593027,1
84230,2012-05-11,0.47087506649303956,1
84231,2012-05-11,0.6041804745181588,0
84232,2012-05-11,0.4702211966241025,1
84233,2012-05-11,0.3309590995961259,0
84234,2012-05-11,0.39350482512183854,1
84235,2012-05-11,0.5976272473295376,0
84236,2012-05-11,0.18177748152695844,0
84237,2012-05-11,0.17337000206068595,0
84238,2012-05-11,0.585371362043673,1
84239,2012-05-11,0.21690942546736308,0
84240,2012-05-11,0.1937575906811593,0
84241,2012-05-11,0.2670161519964348,0
84242,2012-05-11,0.472920138151967,1
84243,2012-05-11,0.41711490611105684,1
84244,2012-05-11,0.23581845134833695,0
84245,2012-05-11,0.5382227740461941,0
84246,2012-05-11,0.22063116067469965,0
84247,2012-05-11,0.1068522484916892,0
84248,2012-05-11,0.4638001013951247,0
84249,2012-05-11,0.3665293979113165,0
84250,2012-05-11,0.2992130571738992,0
84251,2012-05-11,0.31737304501755326,0
84252,2012-05-11,0.10186689227484214,0
84253,2012-05-11,0.23988323937204692,1
84254,2012-05-11,0.21335884639959915,0
84255,2012-05-11,0.07079666687646123,0
84256,2012-05-11,0.2618469397711101,0
84257,2012-05-11,0.3765951887405217,1
84258,2012-05-11,0.5019629325391948,1
84259,2012-05-11,0.43403865227659494,1
84260,2012-05-11,0.2855116316613147,0
84261,2012-05-11,0.3911292434084936,0
84262,2012-05-11,0.5097531348779429,0
84263,2012-05-11,0.43823020091792647,0
84264,2012-05-11,0.41362128402446136,0
84265,2012-05-11,0.22046316715440104,1
84266,2012-05-11,0.4271217964007141,0
84267,2012-05-11,0.506925971316503,0
84268,2012-05-11,0.40822168113010016,0
84269,2012-05-11,0.48370977863634224,1
84270,2012-05-11,0.2694467533415486,0
84271,2012-05-11,0.1517636662385586,1
84272,2012-05-11,0.32051088999360616,0
84273,2012-05-11,0.48409741978634074,0
84274,2012-05-11,0.5716224060907509,1
84275,2012-05-11,0.6289469959079618,0
84276,2012-05-11,0.30415944139157913,1
84277,2012-05-11,0.23551886680370906,0
84278,2012-05-11,0.4553576122416738,1
84279,2012-05-11,0.38917961636869597,0
84280,2012-05-11,0.426037427402527,1
84281,2012-05-11,0.34738176475213145,1
84282,2012-05-11,0.4907993451579147,1
84283,2012-05-11,0.28640437774141536,0
84284,2012-05-11,0.4854639007461708,0
84285,2012-05-11,0.3521548664848653,1
84286,2012-05-11,0.42739599988843147,0
84287,2012-05-11,0.3040189861327858,1
84288,2012-05-11,0.38455269878678094,1
84289,2012-05-11,0.46747095446544934,1
84290,2012-05-11,0.5422114261473181,1
84291,2012-05-11,0.22640423549247107,0
84292,2012-05-11,0.3768579790709065,0
84293,2012-05-11,0.48362149565703333,0
84294,2012-05-11,0.30705556761438224,1
84295,2012-05-11,0.22689356425558724,1
84296,2012-05-11,0.5916821736461094,1
84297,2012-05-11,0.28315137802515705,0
84298,2012-05-11,0.19790306458730966,0
84299,2012-05-11,0.39981970059101013,1
84300,2012-05-11,0.35896338881229406,0
84301,2012-05-11,0.37808653279315974,1
84302,2012-05-11,0.4280069453928734,0
84303,2012-05-11,0.4574008585885777,0
84304,2012-05-11,0.4654642432856071,1
84305,2012-05-11,0.4325343561493014,0
84306,2012-05-11,0.2698227369356291,0
84307,2012-05-11,0.20488155699877197,0
84308,2012-05-11,0.4215192697332446,0
84309,2012-05-11,0.5397274108953588,1
84310,2012-05-11,0.5351770993359241,1
84311,2012-05-11,0.06658905070416055,0
84312,2012-05-11,0.40273253258496916,1
84313,2012-05-11,0.32638644392225985,1
84314,2012-05-11,0.45236201480194627,0
84315,2012-05-11,0.2922695118210943,0
84316,2012-05-11,0.12568895452778608,1
84317,2012-05-11,0.42820957252930214,0
84318,2012-05-11,0.47013453583965653,1
84319,2012-05-11,0.43296497123260624,0
84320,2012-05-11,0.5428160927224215,1
84321,2012-05-11,0.5359747755136485,1
84322,2012-05-11,0.21628366923938097,0
84323,2012-05-11,0.45273373360635233,1
84324,2012-05-11,0.4368201697649034,1
84325,2012-05-11,0.36113668930448856,0
84326,2012-05-11,0.35341432466504996,1
84327,2012-05-11,0.45297284284640255,0
84328,2012-05-11,0.40258828224282045,0
84329,2012-05-11,0.2704749517249926,1
84330,2012-05-11,0.48040111953364056,1
84331,2012-05-11,0.4053112397759969,0
84332,2012-05-11,0.5034728193693079,0
84333,2012-05-11,0.6371913588340943,1
84334,2012-05-11,0.5008976872095326,0
84335,2012-05-11,0.33450170198880047,0
84336,2012-05-11,0.5379316345405754,0
84337,2012-05-11,0.21042312760703188,1
84338,2012-05-11,0.41272913579988535,0
84339,2012-05-11,0.5622539737777783,0
84340,2012-05-11,0.3942353448525678,0
84341,2012-05-11,0.14032669610366033,0
84342,2012-05-11,0.4644019119173998,0
84343,2012-05-11,0.32053421042427127,1
84344,2012-05-11,0.4032591384012886,0
84345,2012-05-11,0.3409602007122903,0
84346,2012-05-11,0.5856509948920808,1
84347,2012-05-11,0.4407272461272191,0
84348,2012-05-11,0.2536875726101788,0
84349,2012-05-11,0.44829608489876205,1
84350,2012-05-11,0.44207014597660377,0
84351,2012-05-11,0.17210498994480727,0
84352,2012-05-11,0.2874673888731348,0
84353,2012-05-11,0.30856078687693633,0
84354,2012-05-11,0.6245349726505174,0
84355,2012-05-11,0.3492501963902573,0
84356,2012-05-11,0.30686083831763555,0
84357,2012-05-11,0.37292779999648357,0
84358,2012-05-11,0.520403263163538,0
84359,2012-05-11,0.18129058742844623,0
84360,2012-05-11,0.43175076564992765,0
84361,2012-05-11,0.3320851303213014,1
84362,2012-05-11,0.3314394535512854,0
84363,2012-05-11,0.531044138912864,1
84364,2012-05-11,0.5508784480093654,0
84365,2012-05-11,0.4587808258521704,0
84366,2012-05-11,0.22202449932473448,1
84367,2012-05-11,0.2553910311124132,0
84368,2012-05-11,0.45884052365410366,1
84369,2012-05-11,0.41178713825773866,0
84370,2012-05-11,0.3590492135161566,0
84371,2012-05-11,0.37350624353509926,0
84372,2012-05-11,0.40182628131354864,1
84373,2012-05-11,0.15816393049522842,0
84374,2012-05-11,0.589952006592181,0
84375,2012-05-11,0.4167855556127342,1
84376,2012-05-11,0.2931321735482701,0
84377,2012-05-11,0.3889176341628099,0
84378,2012-05-11,0.5574475232160224,1
84379,2012-05-11,0.18851734476914608,0
84380,2012-05-11,0.4325343561493014,0
84381,2012-05-11,0.27884156044191677,1
84382,2012-05-11,0.5297754324072805,0
84383,2012-05-11,0.3029225351697344,0
84384,2012-05-11,0.42303917495637383,1
84385,2012-05-11,0.4775484068322491,1
84386,2012-05-11,0.09406815487584264,0
84387,2012-05-11,0.2085475633516906,0
84388,2012-05-11,0.1963335032100951,1
84389,2012-05-11,0.4368241377671998,1
84390,2012-05-11,0.5371669118061663,0
84391,2012-05-11,0.36409229257405096,0
84392,2012-05-11,0.1413011909082589,0
84393,2012-05-11,0.33381331538427383,0
84394,2012-05-11,0.34437221953064423,1
84395,2012-05-11,0.31015014291665816,1
84396,2012-05-11,0.3188576353069693,0
84397,2012-05-11,0.5217249894872487,1
84398,2012-05-11,0.5153443233748459,0
84399,2012-05-11,0.2761055721108731,1
84400,2012-05-11,0.3166518635615752,0
84401,2012-05-11,0.25364061231551016,0
84402,2012-05-11,0.5128153608474655,1
84403,2012-05-11,0.29283925266631317,1
84404,2012-05-11,0.3025532077123883,1
84405,2012-05-11,0.1220780872978199,0
84406,2012-05-11,0.5409915135450221,1
84407,2012-05-11,0.3744403467431548,0
84408,2012-05-11,0.33710162724728027,0
84409,2012-05-11,0.16410491687607992,0
84410,2012-05-11,0.4921450938830548,1
84411,2012-05-11,0.09750162299608488,1
84412,2012-05-11,0.48813347618212366,0
84413,2012-05-11,0.3185212745413406,1
84414,2012-05-11,0.45072051449698486,1
84415,2012-05-11,0.22616241212964625,0
84416,2012-05-11,0.5756120526463794,0
84417,2012-05-11,0.5470631098857487,0
84418,2012-05-11,0.2888663796792158,0
84419,2012-05-11,0.6033139756671185,0
84420,2012-05-11,0.24202080883349703,0
84421,2012-05-11,0.467519733776333,0
84422,2012-05-11,0.3832651782656516,1
84423,2012-05-11,0.5497061716200731,1
84424,2012-05-11,0.2924311109421508,1
84425,2012-05-11,0.4322697378719537,1
84426,2012-05-11,0.4152773254934104,0
84427,2012-05-11,0.3078795926601772,1
84428,2012-05-11,0.4140778446291468,0
84429,2012-05-11,0.46180113207123136,1
84430,2012-05-11,0.12282934719073176,0
84431,2012-05-11,0.43094574011206793,1
84432,2012-05-11,0.5022045977664431,1
84433,2012-05-11,0.46460810148157716,0
84434,2012-05-11,0.53960914667597,1
84435,2012-05-11,0.3121574738828522,0
84436,2012-05-11,0.43266733998920104,1
84437,2012-05-11,0.3884817513921527,0
84438,2012-05-11,0.36274484249401284,1
84439,2012-05-11,0.5783988522987772,1
84440,2012-05-11,0.4869794426471534,0
84441,2012-05-11,0.5754971550119498,0
84442,2012-05-11,0.2809605693178037,0
84443,2012-05-11,0.5523397543741488,0
84444,2012-05-11,0.4714761888787574,1
84445,2012-05-11,0.31572741018987166,1
84446,2012-05-11,0.3583493328250566,0
84447,2012-05-11,0.532010630748445,0
84448,2012-05-11,0.3980254550401666,0
84449,2012-05-11,0.2744757725853711,1
84450,2012-05-11,0.0715254305014591,1
84451,2012-05-11,0.31911531496991097,0
84452,2012-05-11,0.4556579130229474,1
84453,2012-05-11,0.2633460934048409,0
84454,2012-05-11,0.5666801649975718,1
84455,2012-05-11,0.4101235529760202,1
84456,2012-05-11,0.43158710322674654,0
84457,2012-05-11,0.35768100519130835,1
84458,2012-05-11,0.19030620862338296,0
84459,2012-05-11,0.5434932975126258,0
84460,2012-05-11,0.4241796407951151,1
84461,2012-05-11,0.5130137283541428,0
84462,2012-05-11,0.45218804670655827,0
84463,2012-05-11,0.4366886145660375,1
84464,2012-05-11,0.3511098911193528,1
84465,2012-05-11,0.5946436095129147,1
84466,2012-05-11,0.1876496129539887,0
84467,2012-05-11,0.428381057757132,0
84468,2012-05-11,0.5511685492423486,0
84469,2012-05-11,0.33621934137924403,0
84470,2012-05-11,0.2049002489162901,0
84471,2012-05-11,0.4024343502977353,1
84472,2012-05-11,0.3434640740453991,0
84473,2012-05-11,0.4926275855782194,0
84474,2012-05-11,0.511355360010062,1
84475,2012-05-11,0.30866285028303664,0
84476,2012-05-11,0.25236479979219445,0
84477,2012-05-11,0.4117463123425363,0
84478,2012-05-11,0.1997109488344023,0
84479,2012-05-11,0.3710838622241884,0
84480,2012-05-11,0.2925889431832132,0
84481,2012-05-11,0.2546473178552164,0
84482,2012-05-11,0.20468609872389706,0
84483,2012-05-11,0.526896665587091,0
84484,2012-05-11,0.3843657848367647,1
84485,2012-05-11,0.3371748172314237,0
84486,2012-05-11,0.4145606497076382,0
84487,2012-05-11,0.4400777118805551,1
84488,2012-05-11,0.2969649382115069,0
84489,2012-05-11,0.45731602554721146,0
84490,2012-05-11,0.4030448078368675,1
84491,2012-05-11,0.28262920185851503,1
84492,2012-05-11,0.4087396441247327,0
84493,2012-05-11,0.3084484039668545,0
84494,2012-05-11,0.23741544653020122,1
84495,2012-05-11,0.277715451587711,1
84496,2012-05-11,0.34051160239470774,0
84497,2012-05-11,0.614567845467466,1
84498,2012-05-11,0.4512920305664291,1
84499,2012-05-11,0.2984408445848829,1
84500,2012-05-11,0.5648200342655217,0
84501,2012-05-11,0.4024239188791678,0
84502,2012-05-11,0.2636626437010333,1
84503,2012-05-11,0.3949744189634762,1
84504,2012-05-11,0.5147816355030604,1
84505,2012-05-11,0.4896051471897435,0
84506,2012-05-11,0.12692349714469767,0
84507,2012-05-11,0.5315104800011413,1
84508,2012-05-11,0.5321571295322859,0
84509,2012-05-11,0.5144078925956892,0
84510,2012-05-11,0.6340794562776848,1
84511,2012-05-11,0.5142778959746548,1
84512,2012-05-11,0.1612709805548211,0
84513,2012-05-11,0.34332710055864135,0
84514,2012-05-11,0.11152197608112627,0
84515,2012-05-11,0.4215444393551758,0
84516,2012-05-11,0.4821068356215667,1
84517,2012-05-11,0.42773746515432604,0
84518,2012-05-11,0.6480223695164249,0
84519,2012-05-11,0.4709385839900754,0
84520,2012-05-11,0.42551156687235725,1
84521,2012-05-11,0.33848680992025854,1
84522,2012-05-11,0.6251965966059634,1
84523,2012-05-11,0.49695913590444873,0
84524,2012-05-11,0.5987557487721459,1
84525,2012-05-11,0.22065364601138895,0
84526,2012-05-11,0.4815298435514295,0
84527,2012-05-11,0.41684173456060974,1
84528,2012-05-11,0.488881946587114,1
84529,2012-05-11,0.25790767332302433,1
84530,2012-05-11,0.4228729836164508,0
84531,2012-05-11,0.48117068102871635,0
84532,2012-05-11,0.5209634140148525,0
84533,2012-05-11,0.3867465265213489,1
84534,2012-05-11,0.3568430082567848,0
84535,2012-05-11,0.48952116784102784,1
84536,2012-05-11,0.36547887798276374,1
84537,2012-05-11,0.3335636580436508,0
84538,2012-05-11,0.33866782754794084,0
84539,2012-05-11,0.4077803302258404,1
84540,2012-05-11,0.13496682304131086,0
84541,2012-05-11,0.33303335783792204,0
84542,2012-05-11,0.4033002971003062,0
84543,2012-05-11,0.47787099184674164,0
84544,2012-05-11,0.31127233716897756,0
84545,2012-05-11,0.22656422394264208,0
84546,2012-05-11,0.4815427487287772,0
84547,2012-05-11,0.41179149137850424,0
84548,2012-05-11,0.26543612370112146,0
84549,2012-05-11,0.12742441033792537,1
84550,2012-05-11,0.41374863018027713,0
84551,2012-05-11,0.633137397928521,0
84552,2012-05-11,0.23293232615991294,0
84553,2012-05-11,0.5943333902782119,1
84554,2012-05-11,0.10543710804792508,0
84555,2012-05-11,0.2860763382735879,0
84556,2012-05-11,0.49293307819612936,0
84557,2012-05-11,0.4783127412265868,1
84558,2012-05-11,0.38188399025403913,0
84559,2012-05-11,0.5602801656103286,0
84560,2012-05-11,0.3397529942677118,0
84561,2012-05-11,0.3891192739716022,0
84562,2012-05-11,0.4273864256013614,0
84563,2012-05-11,0.17337256534394876,1
84564,2012-05-11,0.4644372376681016,0
84565,2012-05-11,0.34738242899208366,0
84566,2012-05-11,0.13829873147598154,0
84567,2012-05-11,0.38380250380297076,0
84568,2012-05-11,0.5034040508770049,0
84569,2012-05-11,0.3399044767428572,0
84570,2012-05-11,0.6209649261905955,1
84571,2012-05-11,0.40864746526198314,0
84572,2012-05-11,0.19830174390919594,0
84573,2012-05-11,0.23894740443902204,0
84574,2012-05-11,0.25765227805576413,0
84575,2012-05-11,0.1322227396099645,0
84576,2012-05-11,0.4261395111053963,1
84577,2012-05-11,0.4119145370594976,1
84578,2012-05-11,0.3910467581006279,1
84579,2012-05-11,0.28649888614485397,0
84580,2012-05-11,0.5278748466988961,0
84581,2012-05-11,0.4544688924306297,1
84582,2012-05-11,0.39702112460204736,1
84583,2012-05-11,0.24449794779029094,0
84584,2012-05-11,0.2850396303296697,1
84585,2012-05-11,0.4153360316010216,1
84586,2012-05-11,0.4411758808264962,1
84587,2012-05-11,0.4553294231605605,0
84588,2012-05-11,0.41754525345298094,1
84589,2012-05-11,0.3559697213315433,0
84590,2012-05-11,0.3042790452346557,1
84591,2012-05-11,0.11458589542651132,0
84592,2012-05-11,0.40428830847085034,0
84593,2012-05-11,0.5745944818597571,0
84594,2012-05-11,0.29693784684567387,1
84595,2012-05-11,0.3173682526503783,0
84596,2012-05-11,0.3691018568739111,0
84597,2012-05-11,0.26043013379542834,0
84598,2012-05-11,0.24659063942684795,0
84599,2012-05-11,0.46563016227325665,1
84600,2012-05-11,0.47748760223736,0
84601,2012-05-11,0.2547544611196914,0
84602,2012-05-11,0.37721688269066567,0
84603,2012-05-11,0.29032130520490423,1
84604,2012-05-11,0.3547822845120944,1
84605,2012-05-11,0.4446529252549764,0
84606,2012-05-11,0.35374013505756036,0
84607,2012-05-11,0.47780423293290963,0
84608,2012-05-11,0.44107613516461985,0
84609,2012-05-11,0.1901268254035516,0
84610,2012-05-11,0.2902433332657225,0
84611,2012-05-11,0.46055638545576694,1
84612,2012-05-11,0.4726031799104917,1
84613,2012-05-11,0.16791174488657154,0
84614,2012-05-11,0.3096606292581621,0
84615,2012-05-11,0.42831331053070787,1
84616,2012-05-11,0.28401612311760654,0
84617,2012-05-11,0.4501276635176194,0
84618,2012-05-11,0.4265847030006722,0
84619,2012-05-11,0.3149009691739996,1
84620,2012-05-11,0.2542307909440823,0
84621,2012-05-11,0.3199888807048731,0
84622,2012-05-11,0.30980426345568685,1
84623,2012-05-11,0.4473848661161444,0
84624,2012-05-11,0.3404611251523598,0
84625,2012-05-11,0.4325343561493014,0
84626,2012-05-11,0.42494400728124176,0
84627,2012-05-11,0.666782379758595,1
84628,2012-05-11,0.3763457981113907,0
84629,2012-05-11,0.33546121155821296,0
84630,2012-05-11,0.09369228363148875,0
84631,2012-05-11,0.4722762623298595,0
84632,2012-05-11,0.17691264856983205,0
84633,2012-05-11,0.5342862247793,1
84634,2012-05-11,0.3518318300202815,0
84635,2012-05-11,0.3813299144268804,1
84636,2012-05-11,0.12469265630092527,1
84637,2012-05-11,0.5203662956294557,1
84638,2012-05-11,0.4710169895611369,0
84639,2012-05-11,0.40434075987487805,1
84640,2012-05-11,0.5066869107891179,1
84641,2012-05-11,0.1519524794449747,0
84642,2012-05-11,0.4764282193581089,0
84643,2012-05-11,0.34692977670317066,0
84644,2012-05-11,0.3183352805408516,1
84645,2012-05-11,0.4214908930091004,0
84646,2012-05-11,0.27397395687841747,0
84647,2012-05-11,0.40429472617515494,0
84648,2012-05-11,0.35415854057027185,1
84649,2012-05-11,0.3852492939971291,0
84650,2012-05-11,0.2847287623884287,0
84651,2012-05-11,0.5345191830743043,0
84652,2012-05-11,0.4013114788040889,0
84653,2012-05-11,0.24625302529949766,0
84654,2012-05-11,0.6477245042826111,1
84655,2012-05-11,0.4056425330861925,1
84656,2012-05-11,0.29142984350191486,0
84657,2012-05-11,0.32453166340606887,1
84658,2012-05-11,0.517079269039685,1
84659,2012-05-11,0.42049539978152645,0
84660,2012-05-11,0.41049345415091026,0
84661,2012-05-11,0.2636130700832465,0
84662,2012-05-11,0.5298212238481895,0
84663,2012-05-11,0.2732668777810678,1
84664,2012-05-11,0.4293963500737757,1
84665,2012-05-11,0.5481592043481576,0
84666,2012-05-11,0.4284505818555464,0
84667,2012-05-11,0.37650917262194816,0
84668,2012-05-11,0.4622904356173253,1
84669,2012-05-11,0.37742870164964054,0
84670,2012-05-11,0.41466053608458003,1
84671,2012-05-11,0.46760581960393327,1
84672,2012-05-11,0.5666611340759962,1
84673,2012-05-11,0.46624157143411726,0
84674,2012-05-11,0.340906847800004,1
84675,2012-05-11,0.4382409002682517,0
84676,2012-05-11,0.36313481645977946,0
84677,2012-05-11,0.5098959755480434,0
84678,2012-05-11,0.1830748209248059,0
84679,2012-05-11,0.33759416794309743,1
84680,2012-05-11,0.4801828690176368,0
84681,2012-05-11,0.4328056216956779,1
84682,2012-05-11,0.4968677332114327,0
84683,2012-05-11,0.4360756666435094,0
84684,2012-05-11,0.25322460818305736,0
84685,2012-05-11,0.3972981111443242,0
84686,2012-05-11,0.285638458255713,0
84687,2012-05-11,0.34895064914789886,0
84688,2012-05-11,0.241844876513458,1
84689,2012-05-11,0.2698893421087021,0
84690,2012-05-11,0.4103858037123066,0
84691,2012-05-11,0.1684731812346585,0
84692,2012-05-11,0.5075321338230178,0
84693,2012-05-11,0.4150504652289108,1
84694,2012-05-11,0.3913230914453436,0
84695,2012-05-11,0.4967703922860392,1
84696,2012-05-11,0.3622985341890835,1
84697,2012-05-11,0.3694255716925794,0
84698,2012-05-11,0.351133536392192,0
84699,2012-05-11,0.4516970849997363,0
84700,2012-05-11,0.3605755235245763,0
84701,2012-05-11,0.2635397006664819,0
84702,2012-05-11,0.5463924306667853,0
84703,2012-05-11,0.43509407595982796,1
84704,2012-05-11,0.4203499755185157,0
84705,2012-05-11,0.4110301615771006,0
84706,2012-05-11,0.20579909758614104,0
84707,2012-05-11,0.5359570891962598,1
84708,2012-05-11,0.5625300047423366,0
84709,2012-05-11,0.5082875415536818,0
84710,2012-05-11,0.15943747944392353,0
84711,2012-05-11,0.5870970337003854,1
84712,2012-05-11,0.35254480902942636,1
84713,2012-05-11,0.5317702614876396,0
84714,2012-05-11,0.47220062361296755,0
84715,2012-05-11,0.3209933384289929,1
84716,2012-05-11,0.3571263345419571,0
84717,2012-05-11,0.3887310579068462,0
84718,2012-05-11,0.4375486897184103,0
84719,2012-05-11,0.26180447738196194,0
84720,2012-05-11,0.45492634161268414,0
84721,2012-05-11,0.48618743344234766,1
84722,2012-05-11,0.21243988488730364,0
84723,2012-05-11,0.11705736087327799,0
84724,2012-05-11,0.33030680383275124,0
84725,2012-05-11,0.2502351183005216,0
84726,2012-05-11,0.31234004579196345,0
84727,2012-05-11,0.506293299562612,0
84728,2012-05-11,0.29789668520149626,0
84729,2012-05-11,0.18377232765048832,0
84730,2012-05-11,0.25665335814600904,0
84731,2012-05-11,0.5062047039293475,1
84732,2012-05-11,0.2840797720166776,1
84733,2012-05-11,0.4033373449382784,1
84734,2012-05-11,0.41257892300333193,0
84735,2012-05-11,0.4345484967445788,0
84736,2012-05-11,0.19647943097547454,0
84737,2012-05-11,0.4680301610074238,1
84738,2012-05-11,0.5159084192594484,1
84739,2012-05-11,0.29165094304228817,0
84740,2012-05-11,0.3539081209859741,0
84741,2012-05-11,0.536088332534943,1
84742,2012-05-11,0.6221638053858992,0
84743,2012-05-11,0.3777639130056936,0
84744,2012-05-11,0.23807134600778765,0
84745,2012-05-11,0.42269020031369353,0
84746,2012-05-11,0.32439961371069986,0
84747,2012-05-11,0.34262337459166664,1
84748,2012-05-11,0.4577457449559368,0
84749,2012-05-11,0.5688595986947544,1
84750,2012-05-11,0.5147964774252942,0
84751,2012-05-11,0.41557647335657266,0
84752,2012-05-11,0.3045746332506128,0
84753,2012-05-11,0.2680415467573157,0
84754,2012-05-11,0.42925051487150945,0
84755,2012-05-11,0.5538581431437171,1
84756,2012-05-11,0.34497584284577426,1
84757,2012-05-11,0.6434223896425582,0
84758,2012-05-11,0.09418392571605118,0
84759,2012-05-11,0.3267935356549576,0
84760,2012-05-11,0.3995771364074393,0
84761,2012-05-11,0.47895823866846726,0
84762,2012-05-11,0.4952605561936528,1
84763,2012-05-11,0.0960932554593089,0
84764,2012-05-11,0.35763360387816506,0
84765,2012-05-11,0.4263698076484286,0
84766,2012-05-11,0.4007908213905041,0
84767,2012-05-11,0.13465687625859846,0
84768,2012-05-11,0.3234908796561699,0
84769,2012-05-11,0.5535143963604164,1
84770,2012-05-11,0.2426185302299689,0
84771,2012-05-11,0.32438459094234273,0
84772,2012-05-11,0.3205907487363507,0
84773,2012-05-11,0.35729591807351796,1
84774,2012-05-11,0.2906287542991756,0
84775,2012-05-11,0.47005304084637073,0
84776,2012-05-11,0.33938875910386257,1
84777,2012-05-11,0.29243550352443515,0
84778,2012-05-11,0.2615963250925811,1
84779,2012-05-11,0.31588633422524487,1
84780,2012-05-11,0.4630514524749885,0
84781,2012-05-11,0.46768168191386633,1
84782,2012-05-11,0.5404736578954189,1
84783,2012-05-11,0.5110347852703575,0
84784,2012-05-11,0.23672493645030723,0
84785,2012-05-11,0.12010033868410247,0
84786,2012-05-11,0.14831947638927695,0
84787,2012-05-11,0.35735776866832236,1
84788,2012-05-11,0.37491341688958424,0
84789,2012-05-11,0.5461145502765242,1
84790,2012-05-11,0.2982118118285465,0
84791,2012-05-11,0.4766613366291841,1
84792,2012-05-11,0.34677666108270744,1
84793,2012-05-11,0.44328057804138554,0
84794,2012-05-11,0.26135449045726433,0
84795,2012-05-11,0.22128555453837043,0
84796,2012-05-11,0.48391909789607507,1
84797,2012-05-11,0.194540925402211,0
84798,2012-05-11,0.4356674570700129,0
84799,2012-05-11,0.36279598583380385,0
84800,2012-05-11,0.5011838571354966,0
84801,2012-05-11,0.4502245154901127,1
84802,2012-05-11,0.33930047278249276,1
84803,2012-05-11,0.14134418474500637,0
84804,2012-05-11,0.42394046090156384,0
84805,2012-05-11,0.11519864270232301,0
84806,2012-05-11,0.4310233678677706,0
84807,2012-05-11,0.43184605723091407,0
84808,2012-05-11,0.33187965420223403,1
84809,2012-05-11,0.6103970288569223,0
84810,2012-05-11,0.1371449607677376,0
84811,2012-05-11,0.5022723638468861,0
84812,2012-05-11,0.43570971146194654,0
84813,2012-05-11,0.352598065383119,1
84814,2012-05-11,0.695773639549927,0
84815,2012-05-11,0.37200192611250743,0
84816,2012-05-11,0.3082941744592228,0
84817,2012-05-11,0.4104688331076886,0
84818,2012-05-11,0.45572253035633264,0
84819,2012-05-11,0.35658650246903656,0
84820,2012-05-11,0.4694386436265528,0
84821,2012-05-11,0.19181831372752917,1
84822,2012-05-11,0.18567294499570225,1
84823,2012-05-11,0.2691842130424291,0
84824,2012-05-11,0.4745288360247713,0
84825,2012-05-11,0.3325963334964117,0
84826,2012-05-11,0.32301270437376167,0
84827,2012-05-11,0.13928199516357911,0
84828,2012-05-11,0.5100955063832957,0
84829,2012-05-11,0.4862191757835986,1
84830,2012-05-11,0.4295285271339948,0
84831,2012-05-11,0.5072150421096605,0
84832,2012-05-11,0.13338294910159942,0
84833,2012-05-11,0.25542547580095254,0
84834,2012-05-11,0.4777518040986472,0
84835,2012-05-11,0.43738496218530826,0
84836,2012-05-11,0.3128515937474081,1
84837,2012-05-11,0.5097275735477711,1
84838,2012-05-11,0.5063401568969074,1
84839,2012-05-11,0.30511519626773387,1
84840,2012-05-11,0.20400965065246648,0
84841,2012-05-11,0.37158540878411384,0
84842,2012-05-11,0.4515628773853034,0
84843,2012-05-11,0.29924194584805913,0
84844,2012-05-11,0.16414162668821755,0
84845,2012-05-11,0.40034891387407356,1
84846,2012-05-11,0.5203646311755907,0
84847,2012-05-11,0.2898986160442639,1
84848,2012-05-11,0.594955702422838,0
84849,2012-05-11,0.41238562319508154,0
84850,2012-05-11,0.3867297658094688,0
84851,2012-05-11,0.22944896078757407,0
84852,2012-05-11,0.4093819943475247,1
84853,2012-05-11,0.22879551867843947,0
84854,2012-05-11,0.305882228090239,0
84855,2012-05-11,0.369084175773478,1
84856,2012-05-11,0.14312419163947157,1
84857,2012-05-11,0.3812853639946137,0
84858,2012-05-12,0.4195631717407992,0
84859,2012-05-12,0.18105028645444113,1
84860,2012-05-12,0.4413175546217686,0
84861,2012-05-12,0.1810953085405411,0
84862,2012-05-12,0.504766199737016,0
84863,2012-05-12,0.36273578212182445,1
84864,2012-05-12,0.1342480921824878,0
84865,2012-05-12,0.4069782346101629,1
84866,2012-05-12,0.2909501290799674,0
84867,2012-05-12,0.5291253705023702,1
84868,2012-05-12,0.4616660120263462,0
84869,2012-05-12,0.46656961675296615,0
84870,2012-05-12,0.4206423176320356,0
84871,2012-05-12,0.21716533329021753,0
84872,2012-05-12,0.3403215708574968,1
84873,2012-05-12,0.3076408549973904,1
84874,2012-05-12,0.23027695882860694,0
84875,2012-05-12,0.31030765343647226,0
84876,2012-05-12,0.2111444353528373,0
84877,2012-05-12,0.44816163843105356,0
84878,2012-05-12,0.4628328609275829,1
84879,2012-05-12,0.36173033963522505,0
84880,2012-05-12,0.46765832796931883,1
84881,2012-05-12,0.1172993320789346,0
84882,2012-05-12,0.237684307161916,0
84883,2012-05-12,0.2818368942951197,1
84884,2012-05-12,0.22324669839800101,1
84885,2012-05-12,0.2631901095377452,0
84886,2012-05-12,0.2457518080810302,0
84887,2012-05-12,0.37966729566556917,0
84888,2012-05-12,0.3707098978848074,0
84889,2012-05-12,0.43506186425611404,0
84890,2012-05-12,0.6150388579093381,1
84891,2012-05-12,0.13446837047998567,0
84892,2012-05-12,0.5204644737301661,1
84893,2012-05-12,0.4060323349703619,1
84894,2012-05-12,0.5166950899346989,0
84895,2012-05-12,0.544926036193013,1
84896,2012-05-12,0.15732080776303287,0
84897,2012-05-12,0.3863533110023832,0
84898,2012-05-12,0.40896108145211274,0
84899,2012-05-12,0.48086376943993797,0
84900,2012-05-12,0.48868143576007905,0
84901,2012-05-12,0.49196668892785667,0
84902,2012-05-12,0.4022498573465174,0
84903,2012-05-12,0.23665688071301696,0
84904,2012-05-12,0.34115515507781735,1
84905,2012-05-12,0.48018555553372877,1
84906,2012-05-12,0.27361448898311524,0
84907,2012-05-12,0.30931411858385893,0
84908,2012-05-12,0.12306605942097236,0
84909,2012-05-12,0.45056763734529615,1
84910,2012-05-12,0.29631652500386063,0
84911,2012-05-12,0.45001343018434853,0
84912,2012-05-12,0.4403950743014511,1
84913,2012-05-12,0.417546676448107,0
84914,2012-05-12,0.37433033133714977,1
84915,2012-05-12,0.3430318165596896,0
84916,2012-05-12,0.6611617863232991,0
84917,2012-05-12,0.47596268606429415,1
84918,2012-05-12,0.31776461229389286,1
84919,2012-05-12,0.5082498112833366,0
84920,2012-05-12,0.5759423645754636,1
84921,2012-05-12,0.20471963342127225,0
84922,2012-05-12,0.20272296805525097,0
84923,2012-05-12,0.47096371687054056,0
84924,2012-05-12,0.49986778651110214,0
84925,2012-05-12,0.24188539644772578,0
84926,2012-05-12,0.3879894612172484,0
84927,2012-05-12,0.18278284381492874,0
84928,2012-05-12,0.534354515523275,1
84929,2012-05-12,0.11684890863312075,0
84930,2012-05-12,0.45935895945496774,1
84931,2012-05-12,0.5062691116738526,1
84932,2012-05-12,0.2870755530861064,1
84933,2012-05-12,0.3975152539906741,0
84934,2012-05-12,0.4813790586237273,0
84935,2012-05-12,0.45920693757818787,1
84936,2012-05-12,0.21391005796721987,0
84937,2012-05-12,0.2049501872661307,0
84938,2012-05-12,0.4314827649275096,0
84939,2012-05-12,0.5269832295016675,0
84940,2012-05-12,0.24542690030909198,0
84941,2012-05-12,0.17499985827892972,0
84942,2012-05-12,0.3749872082383427,0
84943,2012-05-12,0.42890537842730214,0
84944,2012-05-12,0.2995258252797141,0
84945,2012-05-12,0.3521401177031036,0
84946,2012-05-12,0.0781130466367118,0
84947,2012-05-12,0.46222893507597623,0
84948,2012-05-12,0.30129560500264124,1
84949,2012-05-12,0.42441183954351713,0
84950,2012-05-12,0.39542202125441256,0
84951,2012-05-12,0.4732935123932341,1
84952,2012-05-12,0.447614444114825,0
84953,2012-05-12,0.5328227114990419,1
84954,2012-05-12,0.27311072679166837,0
84955,2012-05-12,0.4181019870227446,0
84956,2012-05-12,0.40969796691641697,0
84957,2012-05-12,0.18775436221745154,0
84958,2012-05-12,0.5147162016436184,0
84959,2012-05-12,0.3946081772809123,0
84960,2012-05-12,0.2459741894801797,0
84961,2012-05-12,0.257786550392575,0
84962,2012-05-12,0.09469319537315223,0
84963,2012-05-12,0.2976248228855785,0
84964,2012-05-12,0.2818566791736481,0
84965,2012-05-12,0.47747640890804255,1
84966,2012-05-12,0.11870588282507953,0
84967,2012-05-12,0.4765703961865096,0
84968,2012-05-12,0.6449238740596134,0
84969,2012-05-12,0.5060427436389048,1
84970,2012-05-12,0.5465672925823908,1
84971,2012-05-12,0.24910086569162726,1
84972,2012-05-12,0.12316779853692064,0
84973,2012-05-12,0.48461250381662624,0
84974,2012-05-12,0.21040408699581373,0
84975,2012-05-12,0.5067862286783871,0
84976,2012-05-12,0.20009827383673642,0
84977,2012-05-12,0.35015865079590736,1
84978,2012-05-12,0.3435710317088185,0
84979,2012-05-12,0.23034141127995553,0
84980,2012-05-12,0.4386870789741302,1
84981,2012-05-12,0.6248410631982559,0
84982,2012-05-12,0.4152329210115225,0
84983,2012-05-12,0.44315581085217726,0
84984,2012-05-12,0.3291840517742279,1
84985,2012-05-12,0.5130175921676189,1
84986,2012-05-12,0.3928070514112374,0
84987,2012-05-12,0.5421519371423307,0
84988,2012-05-12,0.2705194877419978,0
84989,2012-05-12,0.48213772679935657,1
84990,2012-05-12,0.6619385840796529,1
84991,2012-05-12,0.4284680351113079,0
84992,2012-05-12,0.4895055627922811,0
84993,2012-05-12,0.44080119543613594,0
84994,2012-05-12,0.395669072734838,0
84995,2012-05-12,0.5999758191646377,0
84996,2012-05-12,0.43729522237642454,0
84997,2012-05-12,0.47747965118478297,1
84998,2012-05-12,0.44277407295954985,0
84999,2012-05-12,0.5681592599532557,1
85000,2012-05-12,0.39526963721401887,0
85001,2012-05-12,0.1806727170270646,1
85002,2012-05-12,0.3379474992945695,0
85003,2012-05-12,0.36341464933892687,1
85004,2012-05-12,0.5184053171827161,1
85005,2012-05-12,0.37367953150080846,0
85006,2012-05-12,0.4191833946230787,1
85007,2012-05-12,0.4751693797725011,0
85008,2012-05-12,0.6046766971425266,1
85009,2012-05-12,0.3430409915213044,0
85010,2012-05-13,0.25673019668655594,0
85011,2012-05-13,0.17817327896571733,0
85012,2012-05-13,0.6065518591667083,1
85013,2012-05-13,0.5435042787491816,1
85014,2012-05-13,0.6058996395605425,0
85015,2012-05-13,0.19305754097589772,0
85016,2012-05-13,0.44154687845128243,0
85017,2012-05-13,0.4754339251286935,0
85018,2012-05-13,0.2183121443269103,0
85019,2012-05-13,0.26172337231502635,0
85020,2012-05-13,0.41031009434198085,0
85021,2012-05-13,0.4737744814657087,0
85022,2012-05-13,0.3714696926798559,0
85023,2012-05-13,0.5245876867696925,1
85024,2012-05-13,0.24160645847670173,0
85025,2012-05-13,0.15549027977562166,0
85026,2012-05-13,0.3708632498210362,0
85027,2012-05-13,0.2822737002661203,0
85028,2012-05-13,0.5656481448542435,0
85029,2012-05-13,0.559246461638756,1
85030,2012-05-13,0.3057502668620513,1
85031,2012-05-13,0.4765222439017961,1
85032,2012-05-13,0.40875893209463104,0
85033,2012-05-13,0.2163614819304099,0
85034,2012-05-13,0.5520985404153707,1
85035,2012-05-13,0.4320167795304878,1
85036,2012-05-13,0.2419747255449275,0
85037,2012-05-13,0.31265615868174046,0
85038,2012-05-13,0.4674323336299356,1
85039,2012-05-13,0.30672662024420644,0
85040,2012-05-13,0.33320648359862975,1
85041,2012-05-13,0.48994814841978673,0
85042,2012-05-13,0.5106768878143011,1
85043,2012-05-13,0.300816089909757,1
85044,2012-05-13,0.4813717558976666,1
85045,2012-05-13,0.36843856917927087,0
85046,2012-05-13,0.4367965125550576,1
85047,2012-05-13,0.3674561302185798,1
85048,2012-05-13,0.36053790875861697,1
85049,2012-05-13,0.43919429231266216,1
85050,2012-05-13,0.32477543721132585,0
85051,2012-05-13,0.3927874161783646,1
85052,2012-05-13,0.48169751672145267,0
85053,2012-05-13,0.3791661677510708,0
85054,2012-05-13,0.2885404169941326,0
85055,2012-05-13,0.38618474487890453,0
85056,2012-05-13,0.38993039013232295,1
85057,2012-05-13,0.4395412323114976,0
85058,2012-05-13,0.35836883748874554,1
85059,2012-05-13,0.40200709164363413,1
85060,2012-05-13,0.44575543482778734,0
85061,2012-05-13,0.21323766751231218,0
85062,2012-05-13,0.5831594147281719,0
85063,2012-05-13,0.2548505350470666,0
85064,2012-05-13,0.2865734088140882,0
85065,2012-05-13,0.5879388478168718,1
85066,2012-05-13,0.11859361765340225,0
85067,2012-05-13,0.3497450193015459,1
85068,2012-05-13,0.4283754933371422,0
85069,2012-05-13,0.4318466119892604,1
85070,2012-05-13,0.45085829561425317,0
85071,2012-05-13,0.5417178979698911,1
85072,2012-05-13,0.47271997883074934,1
85073,2012-05-13,0.4026364471054218,1
85074,2012-05-13,0.4576580104775494,1
85075,2012-05-13,0.4982260654249284,0
85076,2012-05-13,0.5204457402837339,1
85077,2012-05-13,0.18035928194275166,0
85078,2012-05-13,0.4782244224660239,0
85079,2012-05-13,0.4456242121134084,0
85080,2012-05-13,0.20482021896007868,0
85081,2012-05-13,0.5109862762426377,0
85082,2012-05-13,0.4561474014417922,1
85083,2012-05-13,0.31171118725224195,0
85084,2012-05-13,0.1988040066563608,0
85085,2012-05-13,0.6569184514113915,1
85086,2012-05-13,0.37078905977465326,0
85087,2012-05-13,0.2311775699976153,1
85088,2012-05-13,0.42351470111236783,0
85089,2012-05-13,0.3610497404786528,0
85090,2012-05-13,0.38179711479149714,0
85091,2012-05-13,0.4354339054180353,1
85092,2012-05-13,0.19559846324262947,0
85093,2012-05-13,0.33612990664394593,0
85094,2012-05-13,0.3460699344411469,1
85095,2012-05-13,0.5210681379259059,0
85096,2012-05-13,0.5297682549071864,1
85097,2012-05-13,0.4830442318593223,0
85098,2012-05-13,0.3061930133190185,1
85099,2012-05-13,0.260815568244699,0
85100,2012-05-13,0.44282332980223127,1
85101,2012-05-13,0.46216222161571874,0
85102,2012-05-13,0.4275373476887667,1
85103,2012-05-13,0.3692123909246401,0
85104,2012-05-13,0.3658511845428179,1
85105,2012-05-13,0.4764204337017833,1
85106,2012-05-13,0.3186912502417254,1
85107,2012-05-13,0.1394549718876841,0
85108,2012-05-13,0.32089260198149006,1
85109,2012-05-13,0.3660315336266851,1
85110,2012-05-13,0.4233740838482225,0
85111,2012-05-13,0.3201816241432067,0
85112,2012-05-13,0.18633363034745268,1
85113,2012-05-13,0.5448714906954633,1
85114,2012-05-13,0.479014126865971,0
85115,2012-05-13,0.5016049530117516,0
85116,2012-05-13,0.379010684971495,1
85117,2012-05-13,0.4580755880681387,1
85118,2012-05-13,0.41591759207334483,0
85119,2012-05-13,0.3494808850115291,1
85120,2012-05-13,0.2908244204326009,0
85121,2012-05-13,0.31070928531993963,0
85122,2012-05-13,0.28040286603509773,0
85123,2012-05-13,0.20964243029620572,0
85124,2012-05-13,0.504314904456934,1
85125,2012-05-13,0.5484303456356739,1
85126,2012-05-13,0.532168967374306,0
85127,2012-05-13,0.4519928542709357,0
85128,2012-05-13,0.15770647339261012,0
85129,2012-05-13,0.5337803446183462,0
85130,2012-05-13,0.344398273866869,0
85131,2012-05-13,0.24849651995773706,0
85132,2012-05-13,0.3203409083912057,0
85133,2012-05-13,0.36743807869804923,0
85134,2012-05-13,0.4078202505817484,0
85135,2012-05-13,0.44357594441418585,0
85136,2012-05-13,0.3641308439307453,0
85137,2012-05-13,0.5877424526690047,0
85138,2012-05-13,0.18184397122078308,0
85139,2012-05-13,0.4908219683214868,0
85140,2012-05-13,0.3661312671685462,1
85141,2012-05-13,0.36755692533683526,0
85142,2012-05-13,0.1720281547212758,1
85143,2012-05-13,0.3039248952007549,0
85144,2012-05-13,0.5690041919593863,1
85145,2012-05-13,0.4479128105577658,0
85146,2012-05-13,0.4508747315489824,1
85147,2012-05-13,0.3360076746867669,0
85148,2012-05-13,0.518398316818667,1
85149,2012-05-13,0.4307676731564833,0
85150,2012-05-13,0.4519928542709357,0
85151,2012-05-13,0.492771382354469,0
85152,2012-05-13,0.5057887137366154,1
85153,2012-05-13,0.4242262943907935,1
85154,2012-05-13,0.3952740425946919,1
85155,2012-05-13,0.5948683840566179,1
85156,2012-05-13,0.4845739333415108,0
85157,2012-05-13,0.18255871125932277,0
85158,2012-05-13,0.5302983420465186,0
85159,2012-05-13,0.38248186790023386,0
85160,2012-05-13,0.22685162232211914,0
85161,2012-05-14,0.5012060994737467,0
85162,2012-05-14,0.5468500935406425,0
85163,2012-05-14,0.49219220634948074,0
85164,2012-05-14,0.12133050809481859,0
85165,2012-05-14,0.5045548139373472,0
85166,2012-05-14,0.3597665931473678,1
85167,2012-05-14,0.3310526972125595,0
85168,2012-05-14,0.47454876171388416,1
85169,2012-05-14,0.4590202041423775,0
85170,2012-05-14,0.3780048604999839,1
85171,2012-05-14,0.3936799724415771,1
85172,2012-05-14,0.5057179847090508,1
85173,2012-05-14,0.27158118993184166,0
85174,2012-05-14,0.2604456823626361,0
85175,2012-05-14,0.47213359473742456,0
85176,2012-05-14,0.3769163456047264,0
85177,2012-05-14,0.4154757208106915,0
85178,2012-05-14,0.18506211636694495,0
85179,2012-05-14,0.42496723333029585,1
85180,2012-05-14,0.41122437153269414,1
85181,2012-05-14,0.49747096835660665,1
85182,2012-05-14,0.4583019617757823,0
85183,2012-05-14,0.5305837388090487,1
85184,2012-05-14,0.31870692361749536,1
85185,2012-05-14,0.2810597222236759,0
85186,2012-05-14,0.3698268356028249,0
85187,2012-05-14,0.2495743516041026,1
85188,2012-05-14,0.2910263534469382,0
85189,2012-05-14,0.5180540557767541,0
85190,2012-05-14,0.23858215622719642,0
85191,2012-05-14,0.3948180824073736,1
85192,2012-05-14,0.48067908911419577,0
85193,2012-05-14,0.49644274887503315,0
85194,2012-05-14,0.47305766064842364,0
85195,2012-05-14,0.32932497396010324,0
85196,2012-05-14,0.5621431979742745,0
85197,2012-05-14,0.4701139327728059,0
85198,2012-05-14,0.21297743904356703,0
85199,2012-05-14,0.2104776363178014,1
85200,2012-05-14,0.3430888092897993,1
85201,2012-05-14,0.2748990290825756,0
85202,2012-05-14,0.3688446057713863,0
85203,2012-05-14,0.23523444306413274,0
85204,2012-05-14,0.3963274231996048,0
85205,2012-05-14,0.5146057038766055,1
85206,2012-05-14,0.28866435978373317,1
85207,2012-05-14,0.2680154110232041,0
85208,2012-05-14,0.4400604250173253,0
85209,2012-05-14,0.3315893329370599,1
85210,2012-05-14,0.43556158060537753,0
85211,2012-05-14,0.6363122611652307,1
85212,2012-05-14,0.38384622171265176,0
85213,2012-05-14,0.5651254138363231,1
85214,2012-05-14,0.23344783508038774,0
85215,2012-05-14,0.4334813716151118,1
85216,2012-05-14,0.4662163223616449,0
85217,2012-05-14,0.4320124486017336,1
85218,2012-05-14,0.4358055369935925,0
85219,2012-05-14,0.5277840403678838,0
85220,2012-05-14,0.45424056139480296,0
85221,2012-05-14,0.4474814996294059,0
85222,2012-05-14,0.4908078035178827,1
85223,2012-05-14,0.3866264525290746,1
85224,2012-05-14,0.18128523245222425,0
85225,2012-05-14,0.5113291127475426,1
85226,2012-05-14,0.13688467640217558,1
85227,2012-05-14,0.4479491112311629,1
85228,2012-05-14,0.4145038823921831,0
85229,2012-05-14,0.47273463516738623,0
85230,2012-05-14,0.5127341632412178,0
85231,2012-05-14,0.3336798876616535,0
85232,2012-05-14,0.12447360911110761,0
85233,2012-05-14,0.22108741072485225,1
85234,2012-05-14,0.5340876833667908,1
85235,2012-05-14,0.7269654670667103,1
85236,2012-05-14,0.30067649935657403,1
85237,2012-05-14,0.32880908834730654,0
85238,2012-05-14,0.5035378639894669,1
85239,2012-05-14,0.15795743606164353,1
85240,2012-05-14,0.11247564253684457,0
85241,2012-05-14,0.4286263351566344,1
85242,2012-05-14,0.5610490414663759,0
85243,2012-05-14,0.265297741034623,0
85244,2012-05-14,0.4678575342238059,0
85245,2012-05-14,0.33257783357779797,0
85246,2012-05-14,0.30299246400483165,0
85247,2012-05-14,0.361903014032642,0
85248,2012-05-14,0.4784410678497051,1
85249,2012-05-14,0.23942035393591327,1
85250,2012-05-14,0.3903760015189133,0
85251,2012-05-14,0.18700943700581943,0
85252,2012-05-14,0.3510181539311923,0
85253,2012-05-14,0.5570085421760068,0
85254,2012-05-14,0.33033628957557715,0
85255,2012-05-14,0.22159198962470153,0
85256,2012-05-14,0.46009066579469077,1
85257,2012-05-14,0.2873448893653769,0
85258,2012-05-14,0.3552450847968618,1
85259,2012-05-14,0.40881561235722885,0
85260,2012-05-14,0.31828716067203355,1
85261,2012-05-14,0.2842546788997341,1
85262,2012-05-14,0.47568369317206305,1
85263,2012-05-14,0.3061037750065579,0
85264,2012-05-14,0.42024188356765285,1
85265,2012-05-14,0.45172172958787604,1
85266,2012-05-14,0.5377084208424139,1
85267,2012-05-14,0.34324164956347253,1
85268,2012-05-14,0.1704894464264145,0
85269,2012-05-14,0.36497082333681186,0
85270,2012-05-14,0.46881688315328696,0
85271,2012-05-14,0.2760108845359679,0
85272,2012-05-14,0.2953740415579214,0
85273,2012-05-14,0.4409357753796316,0
85274,2012-05-14,0.2598251871166923,1
85275,2012-05-14,0.2031450036980474,0
85276,2012-05-14,0.3035906785760838,1
85277,2012-05-14,0.379140148239526,0
85278,2012-05-14,0.19706583937119287,1
85279,2012-05-14,0.31703594599305407,0
85280,2012-05-14,0.27457841079171974,0
85281,2012-05-14,0.3041849446367668,0
85282,2012-05-14,0.3628511443509933,1
85283,2012-05-14,0.5006319066586823,0
85284,2012-05-14,0.38531090077348684,0
85285,2012-05-14,0.5090153950300939,0
85286,2012-05-14,0.15405615683414114,0
85287,2012-05-14,0.41739312167709536,0
85288,2012-05-14,0.29432732718751925,0
85289,2012-05-14,0.3756615719405768,0
85290,2012-05-14,0.53278927644805,0
85291,2012-05-14,0.6386442167697663,1
85292,2012-05-14,0.4609551525297602,1
85293,2012-05-14,0.28794512265919664,0
85294,2012-05-14,0.23794323561923714,1
85295,2012-05-14,0.48212277506953827,0
85296,2012-05-14,0.4616755161025973,1
85297,2012-05-14,0.5329812314836097,1
85298,2012-05-14,0.44780241534895754,0
85299,2012-05-14,0.11058994083070796,0
85300,2012-05-14,0.3995814346924661,0
85301,2012-05-14,0.22016435985559915,1
85302,2012-05-14,0.3717299571096372,0
85303,2012-05-14,0.3044032350937133,0
85304,2012-05-14,0.33348336236134607,0
85305,2012-05-14,0.647937165138233,1
85306,2012-05-14,0.45891419830285923,0
85307,2012-05-14,0.624160424731318,0
85308,2012-05-14,0.29863632872617857,0
85309,2012-05-14,0.11557671436251225,0
85310,2012-05-14,0.21230540897450143,0
85311,2012-05-14,0.6385961548747334,1
85312,2012-05-14,0.29801240991028227,0
85313,2012-05-14,0.3734396799669851,0
85314,2012-05-14,0.45921199766710585,1
85315,2012-05-14,0.2775712877656358,0
85316,2012-05-14,0.39640396784241416,0
85317,2012-05-14,0.3024365041193257,0
85318,2012-05-14,0.4226273283043693,0
85319,2012-05-14,0.5267108812739774,1
85320,2012-05-14,0.4957110108249766,1
85321,2012-05-14,0.11870014515606359,0
85322,2012-05-14,0.2532285431313685,0
85323,2012-05-14,0.6171820172146539,0
85324,2012-05-14,0.43069324636170064,0
85325,2012-05-15,0.31105994577132,1
85326,2012-05-15,0.40911609040247326,0
85327,2012-05-15,0.3182257179412042,1
85328,2012-05-15,0.44564335649321835,0
85329,2012-05-15,0.24422970497473798,0
85330,2012-05-15,0.4963986520929315,0
85331,2012-05-15,0.3752862511062275,0
85332,2012-05-15,0.1451360058394944,0
85333,2012-05-15,0.3398594134719055,0
85334,2012-05-15,0.27977336016197163,1
85335,2012-05-15,0.45630604943155645,1
85336,2012-05-15,0.43338135168769815,0
85337,2012-05-15,0.25249320433469136,0
85338,2012-05-15,0.30046695625123887,1
85339,2012-05-15,0.4119928336533896,0
85340,2012-05-15,0.2815251082663234,0
85341,2012-05-15,0.11741285884051242,0
85342,2012-05-15,0.23423881166442906,0
85343,2012-05-15,0.29168161597988634,1
85344,2012-05-15,0.5262831697573884,0
85345,2012-05-15,0.5342495560589146,1
85346,2012-05-15,0.5645750955629787,0
85347,2012-05-15,0.26056271622367794,0
85348,2012-05-15,0.19271114374946752,0
85349,2012-05-15,0.12434461431190552,0
85350,2012-05-15,0.2600906031965813,0
85351,2012-05-15,0.4073703996006425,1
85352,2012-05-15,0.2698187035675555,0
85353,2012-05-15,0.4733992928445741,0
85354,2012-05-15,0.4202806529543855,0
85355,2012-05-15,0.4722189341101463,1
85356,2012-05-15,0.4233929670432894,1
85357,2012-05-15,0.10403673706117189,0
85358,2012-05-15,0.46115428346035586,1
85359,2012-05-15,0.2663517982861547,0
85360,2012-05-15,0.3940361399349013,0
85361,2012-05-15,0.40462986878329427,0
85362,2012-05-15,0.49340351277820543,0
85363,2012-05-15,0.4625915846524266,0
85364,2012-05-15,0.1662429454983365,0
85365,2012-05-15,0.33622354858394227,0
85366,2012-05-15,0.5070129623081897,1
85367,2012-05-15,0.26537196264122537,0
85368,2012-05-15,0.5034064782425569,0
85369,2012-05-15,0.29688925238311664,0
85370,2012-05-15,0.4590594259135623,1
85371,2012-05-15,0.3771439134114485,1
85372,2012-05-15,0.18554770808744808,0
85373,2012-05-15,0.5450205702267364,1
85374,2012-05-15,0.3731501858556332,0
85375,2012-05-15,0.5079293700922667,1
85376,2012-05-15,0.19220230595537582,0
85377,2012-05-15,0.4065622318828592,0
85378,2012-05-15,0.3401739871156589,1
85379,2012-05-15,0.5918809961395483,0
85380,2012-05-15,0.22086591141644507,0
85381,2012-05-15,0.02841578985155658,0
85382,2012-05-15,0.2990292112380427,1
85383,2012-05-15,0.42160799069676375,0
85384,2012-05-15,0.12952558628190966,1
85385,2012-05-15,0.32698318319148756,1
85386,2012-05-15,0.5369782353851489,0
85387,2012-05-15,0.5637465164716169,1
85388,2012-05-15,0.1388424339934188,1
85389,2012-05-15,0.3313789733387312,0
85390,2012-05-15,0.30050242368610747,1
85391,2012-05-15,0.35200916674026517,0
85392,2012-05-15,0.45918467496837817,0
85393,2012-05-15,0.5126818494784042,1
85394,2012-05-15,0.29073189304238845,1
85395,2012-05-15,0.48081654473190677,0
85396,2012-05-15,0.29437773123182154,0
85397,2012-05-15,0.34748306936306506,0
85398,2012-05-15,0.1619196031863265,0
85399,2012-05-15,0.43768035120937554,0
85400,2012-05-15,0.5395893070765984,0
85401,2012-05-15,0.2036038038661111,0
85402,2012-05-15,0.32112841598392666,1
85403,2012-05-15,0.22265137556950082,1
85404,2012-05-15,0.3726503045086869,0
85405,2012-05-15,0.45632535082781456,0
85406,2012-05-15,0.5697988723476396,1
85407,2012-05-15,0.3234904255881232,0
85408,2012-05-15,0.37522448135990866,1
85409,2012-05-15,0.32414906487216044,0
85410,2012-05-15,0.5479857013357116,1
85411,2012-05-15,0.20935541572666627,0
85412,2012-05-15,0.3918131809002613,1
85413,2012-05-15,0.40853911360353345,0
85414,2012-05-15,0.2210892764298022,0
85415,2012-05-16,0.530074779311506,1
85416,2012-05-16,0.4966636180270891,1
85417,2012-05-16,0.46497694271137036,0
85418,2012-05-16,0.40695298251794776,0
85419,2012-05-16,0.31504878720622237,1
85420,2012-05-16,0.5322504390124146,0
85421,2012-05-16,0.4327300748796726,1
85422,2012-05-16,0.27784502669587946,1
85423,2012-05-16,0.2590176898246881,0
85424,2012-05-16,0.12941417818620027,0
85425,2012-05-16,0.4742082438160961,0
85426,2012-05-16,0.4943680122546076,1
85427,2012-05-16,0.5624254260512976,0
85428,2012-05-16,0.5201650239020146,1
85429,2012-05-16,0.360811931045929,1
85430,2012-05-16,0.4345358873639539,1
85431,2012-05-16,0.2745374050045164,0
85432,2012-05-16,0.272424893116867,1
85433,2012-05-16,0.2776508356903615,0
85434,2012-05-16,0.42227116856377334,0
85435,2012-05-16,0.34585063186661574,0
85436,2012-05-16,0.5329851297121599,0
85437,2012-05-16,0.2121747360887542,0
85438,2012-05-16,0.6438893831868623,0
85439,2012-05-16,0.310624719632651,1
85440,2012-05-16,0.37449255630418427,1
85441,2012-05-16,0.631599910560121,1
85442,2012-05-16,0.33973022653698526,0
85443,2012-05-16,0.3461111619155688,1
85444,2012-05-16,0.3061923806589605,0
85445,2012-05-16,0.2783743468395258,1
85446,2012-05-16,0.3086208153843001,0
85447,2012-05-16,0.19966604200223922,0
85448,2012-05-16,0.3672700075991557,1
85449,2012-05-16,0.42370802705516153,1
85450,2012-05-16,0.27381892427147975,1
85451,2012-05-16,0.47120207051408664,0
85452,2012-05-16,0.5221446692198537,0
85453,2012-05-16,0.41242135397630686,1
85454,2012-05-16,0.4008138760802288,0
85455,2012-05-16,0.2787984674698805,0
85456,2012-05-16,0.6143653423204654,1
85457,2012-05-16,0.34228456180076117,0
85458,2012-05-16,0.20617474214743786,0
85459,2012-05-16,0.5915716853312466,1
85460,2012-05-16,0.5716291289043068,1
85461,2012-05-16,0.2036999513484918,1
85462,2012-05-16,0.5181165357783509,1
85463,2012-05-16,0.3180573854611981,0
85464,2012-05-16,0.48988702813952617,0
85465,2012-05-16,0.4773863086931242,0
85466,2012-05-16,0.5753336400562269,1
85467,2012-05-16,0.14685670158852035,0
85468,2012-05-16,0.42829444619971696,0
85469,2012-05-16,0.22567775322729058,0
85470,2012-05-16,0.5181628698120205,1
85471,2012-05-16,0.4386227869883004,1
85472,2012-05-16,0.40924677971608325,1
85473,2012-05-16,0.471585996876603,1
85474,2012-05-16,0.2634886376081668,0
85475,2012-05-16,0.3843866150296416,1
85476,2012-05-16,0.45061976429044875,0
85477,2012-05-16,0.14711588337541354,0
85478,2012-05-16,0.432089846107055,1
85479,2012-05-16,0.24357386593981617,0
85480,2012-05-16,0.5327248190864069,1
85481,2012-05-16,0.3147644099558763,1
85482,2012-05-16,0.5600249547903382,0
85483,2012-05-16,0.3868018558143481,0
85484,2012-05-16,0.40005784883371315,0
85485,2012-05-16,0.35391774401345827,0
85486,2012-05-16,0.4137208616672538,0
85487,2012-05-16,0.3125600874889637,0
85488,2012-05-16,0.5944735222492633,0
85489,2012-05-16,0.283643102475798,0
85490,2012-05-16,0.2845038373069188,0
85491,2012-05-16,0.3587818560333687,1
85492,2012-05-16,0.49856232069687534,0
85493,2012-05-16,0.5493098563117456,1
85494,2012-05-16,0.36614643679180336,0
85495,2012-05-16,0.4013545863283982,0
85496,2012-05-16,0.21038727062853257,0
85497,2012-05-16,0.45912919122680423,1
85498,2012-05-16,0.3706425389233824,0
85499,2012-05-16,0.5166842699682209,1
85500,2012-05-16,0.4713991270671224,0
85501,2012-05-16,0.5137347337157006,0
85502,2012-05-16,0.5705991821243077,0
85503,2012-05-16,0.48637039578897556,1
85504,2012-05-16,0.18145875128990246,0
85505,2012-05-16,0.49641551993066485,1
85506,2012-05-16,0.5367424405018416,1
85507,2012-05-16,0.3392471849521975,0
85508,2012-05-16,0.47456286250997964,1
85509,2012-05-16,0.4050196287580354,1
85510,2012-05-17,0.45610313432506083,0
85511,2012-05-17,0.21339838263738073,0
85512,2012-05-17,0.4655061571219559,1
85513,2012-05-17,0.3420287130981246,0
85514,2012-05-17,0.43059613009278064,1
85515,2012-05-17,0.1396478036056259,0
85516,2012-05-17,0.3833014123847864,0
85517,2012-05-17,0.39988362870630995,1
85518,2012-05-17,0.300385628205455,0
85519,2012-05-17,0.33453913223780907,0
85520,2012-05-17,0.38000273348055746,0
85521,2012-05-17,0.6067023451488887,1
85522,2012-05-17,0.4370321077332229,0
85523,2012-05-17,0.4740937801029624,1
85524,2012-05-17,0.26490522500085967,0
85525,2012-05-17,0.5254660523362447,1
85526,2012-05-17,0.4586836427222099,1
85527,2012-05-17,0.4965393996095715,0
85528,2012-05-17,0.7036231634742541,1
85529,2012-05-17,0.38851968336081955,1
85530,2012-05-17,0.05753856680835919,0
85531,2012-05-17,0.31425834154684423,0
85532,2012-05-17,0.30463805464326066,0
85533,2012-05-17,0.38591120141683083,1
85534,2012-05-17,0.20889252770049122,0
85535,2012-05-17,0.27614787974518723,0
85536,2012-05-17,0.24679051287287412,0
85537,2012-05-17,0.43254252608243426,1
85538,2012-05-17,0.3788316440594615,0
85539,2012-05-17,0.34300406189585286,0
85540,2012-05-17,0.1928490531059862,0
85541,2012-05-17,0.3624363998300858,0
85542,2012-05-17,0.22044082687911132,1
85543,2012-05-17,0.5320358115570953,0
85544,2012-05-17,0.13158953930432848,0
85545,2012-05-17,0.3045312915851534,0
85546,2012-05-17,0.40801480833036047,0
85547,2012-05-17,0.2270035734993477,1
85548,2012-05-17,0.1944487314171407,0
85549,2012-05-17,0.6007534569394193,0
85550,2012-05-17,0.2561234444190887,1
85551,2012-05-17,0.2958468109207587,0
85552,2012-05-17,0.24391086816916277,1
85553,2012-05-17,0.4960804323408252,0
85554,2012-05-17,0.2584442435046485,0
85555,2012-05-17,0.4534872561103536,1
85556,2012-05-17,0.15683352288417415,0
85557,2012-05-17,0.4519279161910968,1
85558,2012-05-17,0.3641959565879236,0
85559,2012-05-17,0.17860269966965275,0
85560,2012-05-17,0.4760219892273588,0
85561,2012-05-17,0.3865305766047688,1
85562,2012-05-17,0.18477761565128434,0
85563,2012-05-17,0.24636035773449275,0
85564,2012-05-17,0.3133644576150846,0
85565,2012-05-17,0.3226321711352545,0
85566,2012-05-17,0.3388780926022471,1
85567,2012-05-17,0.3836892048008063,0
85568,2012-05-17,0.18258234985240362,0
85569,2012-05-17,0.10958582122488343,0
85570,2012-05-17,0.5646660776644286,0
85571,2012-05-17,0.436238934760589,0
85572,2012-05-17,0.5309959860549944,0
85573,2012-05-17,0.47933056292160753,0
85574,2012-05-17,0.4652869969415613,1
85575,2012-05-17,0.30281898927100537,0
85576,2012-05-17,0.41560726625608785,1
85577,2012-05-17,0.31258803832698306,0
85578,2012-05-17,0.3061330132896922,1
85579,2012-05-17,0.19140603091868794,0
85580,2012-05-17,0.3566670185734379,1
85581,2012-05-17,0.49486246179942384,1
85582,2012-05-17,0.48564098264105227,0
85583,2012-05-17,0.35550176593290533,0
85584,2012-05-17,0.46701268799418977,1
85585,2012-05-17,0.35109600214238273,0
85586,2012-05-17,0.3363830180050477,0
85587,2012-05-17,0.3159638904363812,0
85588,2012-05-17,0.1557489209951504,0
85589,2012-05-17,0.43323853730299283,0
85590,2012-05-17,0.2167885710438421,0
85591,2012-05-17,0.1287244702757639,0
85592,2012-05-17,0.5720400375676133,1
85593,2012-05-17,0.4587080413257464,0
85594,2012-05-17,0.5743126631237273,1
85595,2012-05-17,0.3635596017510887,0
85596,2012-05-17,0.3955820696596571,0
85597,2012-05-17,0.1642437904750672,0
85598,2012-05-17,0.624309097481756,0
85599,2012-05-17,0.42947362521508586,0
85600,2012-05-17,0.3168817196849528,1
85601,2012-05-17,0.4192165247853347,0
85602,2012-05-17,0.24479316901848236,1
85603,2012-05-17,0.23279950074122194,0
85604,2012-05-17,0.3871793073909763,0
85605,2012-05-17,0.16462097010321888,0
85606,2012-05-17,0.6617511370580978,1
85607,2012-05-17,0.21690678602414695,0
85608,2012-05-17,0.3937345989636808,1
85609,2012-05-17,0.25787589336974165,0
85610,2012-05-17,0.47313462175638327,0
85611,2012-05-17,0.3189189247180509,0
85612,2012-05-17,0.35463749079290174,0
85613,2012-05-17,0.3284011452984212,1
85614,2012-05-17,0.34919003669197585,1
85615,2012-05-17,0.2870216318612639,0
85616,2012-05-17,0.2248965223097585,1
85617,2012-05-17,0.5126672414026885,0
85618,2012-05-17,0.3104176180600612,1
85619,2012-05-17,0.6095953605529386,1
85620,2012-05-17,0.28174472894031505,1
85621,2012-05-17,0.1501868740825991,0
85622,2012-05-17,0.46632478457013476,0
85623,2012-05-17,0.10946756082315409,0
85624,2012-05-17,0.21339838263738073,0
85625,2012-05-17,0.3292932392554702,0
85626,2012-05-17,0.2938875561115333,0
85627,2012-05-17,0.48865907132944436,0
85628,2012-05-17,0.4670068074681703,0
85629,2012-05-17,0.3789206034565072,0
85630,2012-05-17,0.3398145621489692,0
85631,2012-05-17,0.41314058681775123,1
85632,2012-05-17,0.45935164369647435,0
85633,2012-05-17,0.17685463318749595,0
85634,2012-05-17,0.544803755313,0
85635,2012-05-17,0.25785893584026826,0
85636,2012-05-18,0.3042711856993521,1
85637,2012-05-18,0.20151683643093696,0
85638,2012-05-18,0.3076613240708812,1
85639,2012-05-18,0.18980966570784258,0
85640,2012-05-18,0.259917003384368,0
85641,2012-05-18,0.6332970640331054,1
85642,2012-05-18,0.25387338897026074,0
85643,2012-05-18,0.498913215999271,1
85644,2012-05-18,0.3104383193258089,0
85645,2012-05-18,0.4010223196458359,0
85646,2012-05-18,0.4497133840349164,0
85647,2012-05-18,0.21161257367685898,0
85648,2012-05-18,0.2760855949602671,0
85649,2012-05-18,0.3985950838656351,1
85650,2012-05-18,0.32271747875115203,0
85651,2012-05-18,0.34501690308950295,1
85652,2012-05-18,0.5437954934074061,1
85653,2012-05-18,0.5351809684406282,1
85654,2012-05-18,0.13417477022994875,1
85655,2012-05-18,0.3000861174855238,0
85656,2012-05-18,0.319386301434419,0
85657,2012-05-18,0.5058123180483639,1
85658,2012-05-18,0.5988067196385133,0
85659,2012-05-18,0.5160325033406358,0
85660,2012-05-18,0.5138112348316838,0
85661,2012-05-18,0.41325927100278775,0
85662,2012-05-18,0.3489339750070407,0
85663,2012-05-18,0.4988429915507055,0
85664,2012-05-18,0.3331652655675803,0
85665,2012-05-18,0.4177059688059828,0
85666,2012-05-18,0.3248136405803111,1
85667,2012-05-18,0.21058434604754597,0
85668,2012-05-18,0.26233330287681733,0
85669,2012-05-18,0.4813662734480464,0
85670,2012-05-18,0.3692491616254268,0
85671,2012-05-18,0.3290317319425561,0
85672,2012-05-18,0.2694479308626803,0
85673,2012-05-18,0.3255702955259095,0
85674,2012-05-18,0.2889375363989348,1
85675,2012-05-18,0.48449671867389776,0
85676,2012-05-18,0.4596659528082163,1
85677,2012-05-18,0.15509741665763754,0
85678,2012-05-18,0.35293280607907224,0
85679,2012-05-18,0.3609521946439712,1
85680,2012-05-18,0.4425826813686825,0
85681,2012-05-18,0.2638217696890248,0
85682,2012-05-18,0.464231066260257,0
85683,2012-05-18,0.4130747628803804,0
85684,2012-05-18,0.2143419567235555,1
85685,2012-05-18,0.23066219661505358,0
85686,2012-05-18,0.19035567854243715,0
85687,2012-05-18,0.6013675542561323,1
85688,2012-05-18,0.12799368398171476,0
85689,2012-05-18,0.5774498808267071,1
85690,2012-05-18,0.1314371925424758,0
85691,2012-05-18,0.4710367197304558,1
85692,2012-05-18,0.43102999618237275,1
85693,2012-05-18,0.26890070160344276,1
85694,2012-05-18,0.37029843201829665,0
85695,2012-05-18,0.3384918732788176,1
85696,2012-05-18,0.4474825502140099,0
85697,2012-05-18,0.4457661185778756,1
85698,2012-05-18,0.6937824802182441,1
85699,2012-05-18,0.2031636801161175,0
85700,2012-05-18,0.35171826181266447,1
85701,2012-05-18,0.37581347150651045,0
85702,2012-05-18,0.2875305684799809,0
85703,2012-05-18,0.2915962554862952,0
85704,2012-05-18,0.3972356768836155,1
85705,2012-05-18,0.6314047813266199,0
85706,2012-05-18,0.4305764746042821,0
85707,2012-05-18,0.24582621311431754,0
85708,2012-05-18,0.3196174068084745,0
85709,2012-05-18,0.391690866038458,1
85710,2012-05-18,0.4601198694818543,0
85711,2012-05-18,0.5035627834890682,0
85712,2012-05-18,0.08918891805307166,0
85713,2012-05-18,0.17736112457878092,0
85714,2012-05-18,0.3971801409948284,1
85715,2012-05-18,0.5322595590715813,0
85716,2012-05-18,0.4087377630074456,1
85717,2012-05-18,0.4722129395773645,1
85718,2012-05-18,0.19905442122242492,0
85719,2012-05-18,0.47106126650154456,0
85720,2012-05-18,0.36267246335143916,1
85721,2012-05-18,0.19143976532592616,1
85722,2012-05-18,0.3596054465439173,1
85723,2012-05-18,0.5005603697752518,0
85724,2012-05-18,0.13587006199048227,0
85725,2012-05-18,0.2196740773791998,0
85726,2012-05-18,0.4211886904497791,0
85727,2012-05-18,0.12859002854811322,0
85728,2012-05-18,0.23437782256080297,0
85729,2012-05-18,0.4555245377720624,0
85730,2012-05-18,0.4679270556864138,1
85731,2012-05-18,0.2213020984710482,0
85732,2012-05-18,0.22135973202885992,0
85733,2012-05-18,0.32441536080060823,1
85734,2012-05-18,0.5248694411360668,1
85735,2012-05-18,0.5112519106678161,1
85736,2012-05-18,0.474699889766913,1
85737,2012-05-18,0.4787562493702784,0
85738,2012-05-18,0.4397348446541775,0
85739,2012-05-18,0.18004625546004388,0
85740,2012-05-18,0.43461748123273114,0
85741,2012-05-18,0.49990218274363657,1
85742,2012-05-18,0.30852317165351895,1
85743,2012-05-18,0.6285151753562424,1
85744,2012-05-18,0.5698752519559445,1
85745,2012-05-18,0.6429402614897123,0
85746,2012-05-18,0.2626602262832578,0
85747,2012-05-18,0.537778490242815,0
85748,2012-05-18,0.3078122208423224,1
85749,2012-05-18,0.23287674389764262,0
85750,2012-05-18,0.5057653632973452,1
85751,2012-05-18,0.6369467791370557,0
85752,2012-05-18,0.1864449873893647,0
85753,2012-05-18,0.4739206075325161,0
85754,2012-05-18,0.39316193857409837,0
85755,2012-05-18,0.513835475735943,1
85756,2012-05-18,0.5628167389326375,0
85757,2012-05-18,0.3605291988247432,1
85758,2012-05-18,0.2917969295134352,0
85759,2012-05-18,0.32961067468767147,0
85760,2012-05-18,0.20513942804676677,0
85761,2012-05-18,0.250730056779898,0
85762,2012-05-18,0.357367616348127,1
85763,2012-05-18,0.11449285636267435,1
85764,2012-05-18,0.46195835914510036,0
85765,2012-05-18,0.35421447732599026,1
85766,2012-05-18,0.3027790816829127,0
85767,2012-05-18,0.4530507045968213,0
85768,2012-05-18,0.38123174226444356,0
85769,2012-05-18,0.4835247713817949,1
85770,2012-05-18,0.4352633386864093,0
85771,2012-05-19,0.2212193509831664,0
85772,2012-05-19,0.3575117396633838,0
85773,2012-05-19,0.5102139639365973,0
85774,2012-05-19,0.5190465306267217,1
85775,2012-05-19,0.16732221896928764,1
85776,2012-05-19,0.16376544773980975,0
85777,2012-05-19,0.4275207381670196,0
85778,2012-05-19,0.3763503625172763,1
85779,2012-05-19,0.403681597838761,1
85780,2012-05-19,0.4192160453988768,0
85781,2012-05-19,0.5063005192487255,0
85782,2012-05-19,0.26044011603534784,0
85783,2012-05-19,0.3240669923673946,1
85784,2012-05-19,0.4354292961794491,0
85785,2012-05-19,0.17554698599717802,0
85786,2012-05-19,0.3459545605111918,1
85787,2012-05-19,0.460454551984032,0
85788,2012-05-19,0.5172815247799968,0
85789,2012-05-19,0.30708088437400055,1
85790,2012-05-19,0.5262345366425878,1
85791,2012-05-19,0.4180790548151229,0
85792,2012-05-19,0.48261769140981287,1
85793,2012-05-19,0.5068078001001265,1
85794,2012-05-19,0.4786804693829946,1
85795,2012-05-19,0.6174006292367636,1
85796,2012-05-19,0.46032710111333164,0
85797,2012-05-19,0.2921460513748993,0
85798,2012-05-19,0.388077348507414,0
85799,2012-05-19,0.38987589899979025,0
85800,2012-05-19,0.37584750336182715,0
85801,2012-05-19,0.26446608858663595,0
85802,2012-05-19,0.30304663894646144,0
85803,2012-05-19,0.4761728582099483,1
85804,2012-05-19,0.5436040633086016,0
85805,2012-05-19,0.5293413603707355,0
85806,2012-05-19,0.267528633140166,0
85807,2012-05-19,0.3957273557419261,0
85808,2012-05-19,0.1845074731982572,1
85809,2012-05-19,0.23702406553902944,0
85810,2012-05-19,0.3570264618876405,0
85811,2012-05-19,0.2158379839403082,0
85812,2012-05-19,0.400321400241744,0
85813,2012-05-19,0.3847305284836108,0
85814,2012-05-19,0.5355219422894671,0
85815,2012-05-19,0.1935124395936665,1
85816,2012-05-19,0.2095389147203671,0
85817,2012-05-19,0.42036207422408045,0
85818,2012-05-19,0.24227818547239616,0
85819,2012-05-19,0.3324626557396186,1
85820,2012-05-19,0.38495995405371236,0
85821,2012-05-19,0.372334840353571,0
85822,2012-05-19,0.5380598469800089,0
85823,2012-05-19,0.5517381698215073,0
85824,2012-05-19,0.3639107598871841,0
85825,2012-05-19,0.45619802584125074,0
85826,2012-05-19,0.7005595456760744,1
85827,2012-05-19,0.30883113579535215,1
85828,2012-05-19,0.16500698353025578,0
85829,2012-05-19,0.2824354109420543,0
85830,2012-05-19,0.45622903905713613,1
85831,2012-05-19,0.3132584144001264,0
85832,2012-05-19,0.4386965725771916,1
85833,2012-05-19,0.3999126487704779,1
85834,2012-05-19,0.2762154596605637,0
85835,2012-05-19,0.31401605269160204,1
85836,2012-05-19,0.15098068675516949,0
85837,2012-05-19,0.3548374257189721,1
85838,2012-05-19,0.21444341811785209,0
85839,2012-05-19,0.24907623316382782,0
85840,2012-05-19,0.48382931781836225,1
85841,2012-05-19,0.23495140397692427,1
85842,2012-05-19,0.15149258561712917,0
85843,2012-05-19,0.40084242386344276,0
85844,2012-05-19,0.2619687597509666,0
85845,2012-05-19,0.3016148601236579,1
85846,2012-05-19,0.3815372186458212,1
85847,2012-05-19,0.38791137279715954,0
85848,2012-05-19,0.1545623993144082,0
85849,2012-05-19,0.26556745430343714,1
85850,2012-05-19,0.2550744023227748,0
85851,2012-05-19,0.4418736722633454,1
85852,2012-05-19,0.3866088805519966,0
85853,2012-05-19,0.239805178038677,0
85854,2012-05-19,0.461899054452879,1
85855,2012-05-19,0.49200509028585737,0
85856,2012-05-19,0.27821884375249256,1
85857,2012-05-19,0.31379060010932724,1
85858,2012-05-19,0.5271512900143643,0
85859,2012-05-19,0.3119516219735148,0
85860,2012-05-19,0.4336415248759443,1
85861,2012-05-19,0.4009311202638751,0
85862,2012-05-19,0.4436672067712171,1
85863,2012-05-19,0.4272362504842341,0
85864,2012-05-19,0.5222718494188088,0
85865,2012-05-19,0.30350807556620085,0
85866,2012-05-19,0.17032099964354536,1
85867,2012-05-19,0.29909382787407346,0
85868,2012-05-19,0.27000646481738,1
85869,2012-05-19,0.44526845407149823,1
85870,2012-05-19,0.3349406513270747,1
85871,2012-05-19,0.2819028862129361,1
85872,2012-05-19,0.190049414352626,0
85873,2012-05-19,0.4949895823506793,0
85874,2012-05-19,0.33289120567902913,0
85875,2012-05-19,0.16534387995304906,0
85876,2012-05-19,0.23103881455593203,1
85877,2012-05-19,0.35315409533088576,0
85878,2012-05-19,0.26834573780244414,0
85879,2012-05-19,0.2598524266455983,0
85880,2012-05-19,0.48406110624890897,1
85881,2012-05-19,0.19588817994843477,1
85882,2012-05-19,0.24997005644033848,1
85883,2012-05-19,0.33324039594984095,1
85884,2012-05-19,0.2503091363502294,0
85885,2012-05-19,0.37398024370885213,1
85886,2012-05-19,0.609430603679116,0
85887,2012-05-19,0.23953787214255243,0
85888,2012-05-19,0.22026920688384496,0
85889,2012-05-19,0.22445063550659305,1
85890,2012-05-19,0.24338410048597772,1
85891,2012-05-19,0.30846320532203764,0
85892,2012-05-19,0.40299643857092,1
85893,2012-05-19,0.49040798748037406,1
85894,2012-05-19,0.17562069518150328,0
85895,2012-05-20,0.526730913558385,1
85896,2012-05-20,0.6157873992618506,1
85897,2012-05-20,0.3935529400013869,1
85898,2012-05-20,0.4010480548495395,0
85899,2012-05-20,0.1140293238080685,0
85900,2012-05-20,0.5532992900328618,1
85901,2012-05-20,0.37311471513859973,0
85902,2012-05-20,0.2986491714006999,0
85903,2012-05-20,0.4869937550374535,1
85904,2012-05-20,0.5008817439881523,0
85905,2012-05-20,0.587641364002356,0
85906,2012-05-20,0.17473856920385916,0
85907,2012-05-20,0.2560951631901525,1
85908,2012-05-20,0.10869006238649036,0
85909,2012-05-20,0.349449867973209,0
85910,2012-05-20,0.4627365539860076,0
85911,2012-05-20,0.29666767525803084,1
85912,2012-05-20,0.42603920138658347,0
85913,2012-05-20,0.3048136310711291,0
85914,2012-05-20,0.23473070929022008,0
85915,2012-05-20,0.3584626346311922,0
85916,2012-05-20,0.43184576738885627,1
85917,2012-05-20,0.3800196547499962,0
85918,2012-05-20,0.6572707212681199,1
85919,2012-05-20,0.4098776161189121,0
85920,2012-05-20,0.2547511482311226,0
85921,2012-05-20,0.46334575081691043,0
85922,2012-05-20,0.4534211882376191,1
85923,2012-05-20,0.6200556730988649,1
85924,2012-05-20,0.2683454947662731,1
85925,2012-05-20,0.09594407136388394,0
85926,2012-05-20,0.6546269966594622,1
85927,2012-05-20,0.3986753630416185,1
85928,2012-05-20,0.4357327905547256,1
85929,2012-05-20,0.45955022815352264,1
85930,2012-05-20,0.3617496958783364,0
85931,2012-05-20,0.5279844716048646,0
85932,2012-05-20,0.2361608980335343,0
85933,2012-05-20,0.4728105052231552,0
85934,2012-05-20,0.4349500525153856,0
85935,2012-05-20,0.41188301757995005,0
85936,2012-05-20,0.5041033611634117,1
85937,2012-05-20,0.14024037065186773,0
85938,2012-05-20,0.3578786341849847,0
85939,2012-05-20,0.3840421408137647,0
85940,2012-05-20,0.3953272414424256,1
85941,2012-05-20,0.29562454790521203,0
85942,2012-05-20,0.2949984688550661,0
85943,2012-05-20,0.5341402369332189,1
85944,2012-05-20,0.3287813469131624,0
85945,2012-05-20,0.4577660199553869,0
85946,2012-05-20,0.4841436950064178,0
85947,2012-05-20,0.44292784543298164,1
85948,2012-05-20,0.3464544015471759,0
85949,2012-05-20,0.2226894928030499,1
85950,2012-05-20,0.49358751286104446,0
85951,2012-05-20,0.2789548735095674,0
85952,2012-05-20,0.5542695574475868,1
85953,2012-05-20,0.30039955096871007,0
85954,2012-05-20,0.4449224311095424,0
85955,2012-05-20,0.3058865601632151,0
85956,2012-05-20,0.29226044359409686,0
85957,2012-05-20,0.47519351925641157,0
85958,2012-05-20,0.3917111141419191,1
85959,2012-05-20,0.28603393555465,1
85960,2012-05-20,0.4200806867346198,0
85961,2012-05-20,0.4821382649467008,1
85962,2012-05-20,0.274095154079984,0
85963,2012-05-20,0.32154921636886047,0
85964,2012-05-20,0.3716882611376676,0
85965,2012-05-20,0.18745779487120676,0
85966,2012-05-20,0.2394380928605875,0
85967,2012-05-20,0.29332150540316404,0
85968,2012-05-20,0.6183894621128541,1
85969,2012-05-20,0.29550462257649784,1
85970,2012-05-20,0.4208684722540321,0
85971,2012-05-20,0.3974336786956935,0
85972,2012-05-20,0.4863420445546894,0
85973,2012-05-20,0.47123438777409066,1
85974,2012-05-20,0.3413730711487883,0
85975,2012-05-20,0.4060678616968251,1
85976,2012-05-20,0.6379844512385292,0
85977,2012-05-20,0.27580237020459036,0
85978,2012-05-20,0.29168362662693326,0
85979,2012-05-20,0.47932110728125854,0
85980,2012-05-20,0.661616449195807,1
85981,2012-05-20,0.5511550211943508,0
85982,2012-05-20,0.44408801866608566,0
85983,2012-05-20,0.23821082584020292,0
85984,2012-05-20,0.5569453089990816,0
85985,2012-05-20,0.5211106216200295,1
85986,2012-05-20,0.5036701343139831,0
85987,2012-05-20,0.2738285419375439,0
85988,2012-05-20,0.1064711162652515,0
85989,2012-05-20,0.2823364004122973,0
85990,2012-05-20,0.6233987464652739,1
85991,2012-05-20,0.48323851450604255,0
85992,2012-05-20,0.22233911872732431,0
85993,2012-05-20,0.607985707633156,1
85994,2012-05-20,0.3377829980841401,1
85995,2012-05-20,0.59670146389405,1
85996,2012-05-20,0.4130456850165635,0
85997,2012-05-20,0.6351611603357212,0
85998,2012-05-20,0.3664157148213661,0
85999,2012-05-20,0.5591295941213877,1
86000,2012-05-20,0.3218570919987232,0
86001,2012-05-20,0.4868450257774206,0
86002,2012-05-20,0.3185949198143986,0
86003,2012-05-20,0.2625586698317599,1
86004,2012-05-20,0.39651915262248555,0
86005,2012-05-20,0.4714313676141582,1
86006,2012-05-20,0.4432542517282474,1
86007,2012-05-20,0.411930229964366,0
86008,2012-05-20,0.2707893966368382,0
86009,2012-05-20,0.3527757622047179,1
86010,2012-05-20,0.3976282525116022,0
86011,2012-05-20,0.31938563030744166,0
86012,2012-05-20,0.5461386215103844,1
86013,2012-05-20,0.36618369236033366,0
86014,2012-05-20,0.19312886821446199,0
86015,2012-05-20,0.2535621024250994,0
86016,2012-05-20,0.4335608364055501,0
86017,2012-05-20,0.24985713027412126,1
86018,2012-05-20,0.21264466081523314,1
86019,2012-05-20,0.3552420673691456,0
86020,2012-05-20,0.4955582284400802,1
86021,2012-05-20,0.14686842764931302,0
86022,2012-05-20,0.25504810546900697,0
86023,2012-05-20,0.39116316397660406,0
86024,2012-05-20,0.17825074296571838,0
86025,2012-05-20,0.6165416520914729,1
86026,2012-05-20,0.34747266199911375,0
86027,2012-05-20,0.2608999184859789,0
86028,2012-05-20,0.3427680940145772,0
86029,2012-05-20,0.10177567185917177,0
86030,2012-05-20,0.166079741792926,0
86031,2012-05-20,0.4742189932017132,0
86032,2012-05-20,0.577469257442875,1
86033,2012-05-20,0.22234410566410573,0
86034,2012-05-20,0.32469158322441055,0
86035,2012-05-20,0.30879480918447855,1
86036,2012-05-20,0.22620275609030363,0
86037,2012-05-20,0.24663102580818805,0
86038,2012-05-20,0.2955789785906982,1
86039,2012-05-20,0.32962836220875597,0
86040,2012-05-20,0.5039476227710901,0
86041,2012-05-20,0.29747770930985873,0
86042,2012-05-20,0.4341339350880607,1
86043,2012-05-20,0.502134039891517,1
86044,2012-05-20,0.3557554364492161,1
86045,2012-05-20,0.32296903698909607,1
86046,2012-05-20,0.46557309115324447,0
86047,2012-05-20,0.3111107255584847,0
86048,2012-05-20,0.10076312328025151,0
86049,2012-05-20,0.4151310903724652,0
86050,2012-05-20,0.272036700367223,1
86051,2012-05-20,0.2708066152229258,0
86052,2012-05-20,0.38959156867659345,0
86053,2012-05-20,0.1431125362011446,0
86054,2012-05-20,0.2939262430562247,1
86055,2012-05-20,0.5346295951574325,1
86056,2012-05-20,0.5485677077901857,0
86057,2012-05-20,0.25734544860755637,0
86058,2012-05-20,0.3259607398918555,0
86059,2012-05-20,0.25648139611565035,1
86060,2012-05-20,0.21457499031704946,0
86061,2012-05-20,0.359377529630249,0
86062,2012-05-20,0.38948195693370247,0
86063,2012-05-20,0.3242018516217459,0
86064,2012-05-20,0.3599254916671813,0
86065,2012-05-20,0.4599489929856565,0
86066,2012-05-20,0.3514359557219096,0
86067,2012-05-20,0.2276142241926839,0
86068,2012-05-20,0.39115077850843033,0
86069,2012-05-20,0.5607321190795522,0
86070,2012-05-20,0.35345273112210124,0
86071,2012-05-20,0.10177567185917177,0
86072,2012-05-20,0.5744811539395815,1
86073,2012-05-20,0.4045935122598806,1
86074,2012-05-20,0.24175567820448163,1
86075,2012-05-20,0.2941595516539744,0
86076,2012-05-20,0.22663153148967263,0
86077,2012-05-20,0.28288033221878844,0
86078,2012-05-20,0.5475094300324668,1
86079,2012-05-20,0.24173192494468437,0
86080,2012-05-20,0.3926155299039578,0
86081,2012-05-20,0.2923620331421662,0
86082,2012-05-20,0.4634032913011392,0
86083,2012-05-20,0.46112997216552887,1
86084,2012-05-20,0.24521969558621737,0
86085,2012-05-20,0.6417814084452976,1
86086,2012-05-20,0.31973687078321156,1
86087,2012-05-20,0.35935078192834535,1
86088,2012-05-20,0.38873005678348,0
86089,2012-05-20,0.35168183060569874,1
86090,2012-05-20,0.5155831057984139,1
86091,2012-05-20,0.4787925015085771,1
86092,2012-05-20,0.5179062494157913,0
86093,2012-05-20,0.6848235135118853,1
86094,2012-05-20,0.31783253425224023,0
86095,2012-05-20,0.4661901421843641,1
86096,2012-05-20,0.43741373271678535,0
86097,2012-05-20,0.47216809144546706,0
86098,2012-05-20,0.36958947828021144,1
86099,2012-05-20,0.4021463670478953,0
86100,2012-05-20,0.3657202519626646,1
86101,2012-05-20,0.24555950998515216,0
86102,2012-05-20,0.6059570909550369,1
86103,2012-05-20,0.187022711054988,1
86104,2012-05-20,0.5498617244482706,0
86105,2012-05-20,0.5804828243937782,0
86106,2012-05-20,0.3020213494310454,0
86107,2012-05-20,0.5633945591595676,1
86108,2012-05-20,0.2011921222315408,0
86109,2012-05-20,0.4225163288649691,1
86110,2012-05-20,0.39611150502562176,0
86111,2012-05-20,0.4612176553099474,0
86112,2012-05-20,0.29357516974704756,1
86113,2012-05-20,0.4079303369308696,1
86114,2012-05-20,0.6268054241452389,1
86115,2012-05-20,0.3623305737516004,0
86116,2012-05-20,0.38856114920046275,1
86117,2012-05-20,0.49340795444847296,0
86118,2012-05-20,0.413414480213226,0
86119,2012-05-20,0.25477215237816003,0
86120,2012-05-20,0.3112677761253443,0
86121,2012-05-20,0.4295658648254398,0
86122,2012-05-20,0.39902816498796395,0
86123,2012-05-20,0.38057965316270936,0
86124,2012-05-20,0.3119181652850736,0
86125,2012-05-20,0.1140293238080685,0
86126,2012-05-20,0.5193300690524133,1
86127,2012-05-20,0.29875632602776236,1
86128,2012-05-20,0.3336586429093502,1
86129,2012-05-20,0.1140293238080685,0
86130,2012-05-20,0.21663971606777332,0
86131,2012-05-20,0.21467788681528288,0
86132,2012-05-20,0.44384514888920346,0
86133,2012-05-20,0.6334518377133324,0
86134,2012-05-20,0.34810320730538985,0
86135,2012-05-20,0.515781081805657,0
86136,2012-05-20,0.47288594767673414,1
86137,2012-05-20,0.2570184569772143,0
86138,2012-05-20,0.3048032654206561,1
86139,2012-05-20,0.5800778673579838,0
86140,2012-05-20,0.3451206927176095,1
86141,2012-05-20,0.3147245478646326,0
86142,2012-05-20,0.33704897521430693,0
86143,2012-05-20,0.33837681705546385,1
86144,2012-05-20,0.30098397726211207,0
86145,2012-05-20,0.23463856240965505,1
86146,2012-05-20,0.4686973718188155,1
86147,2012-05-20,0.43911943512624413,1
86148,2012-05-20,0.3752311535073495,0
86149,2012-05-20,0.156865335859751,0
86150,2012-05-20,0.2773825439998765,1
86151,2012-05-21,0.1886786612295785,0
86152,2012-05-21,0.4093481544093633,1
86153,2012-05-21,0.45732180095092817,0
86154,2012-05-21,0.3586032717794225,1
86155,2012-05-21,0.200547670723271,0
86156,2012-05-21,0.37442541933978024,0
86157,2012-05-21,0.12322388363652556,0
86158,2012-05-21,0.28862856035447443,0
86159,2012-05-21,0.24001629814389358,0
86160,2012-05-21,0.3814894968267728,0
86161,2012-05-21,0.5107082086958179,0
86162,2012-05-21,0.22759554379777994,0
86163,2012-05-21,0.3996602560023571,1
86164,2012-05-21,0.3680122271567291,1
86165,2012-05-21,0.14165751649541963,1
86166,2012-05-21,0.13498934573238566,0
86167,2012-05-21,0.25434993821571306,0
86168,2012-05-21,0.3435755230065692,1
86169,2012-05-21,0.5456156322649978,0
86170,2012-05-21,0.3973042479695939,1
86171,2012-05-21,0.6258660248643019,1
86172,2012-05-21,0.27299429793554436,0
86173,2012-05-21,0.33030430649826475,1
86174,2012-05-21,0.18186818824242626,0
86175,2012-05-21,0.1454602063452875,0
86176,2012-05-21,0.1893981798761496,0
86177,2012-05-21,0.5555517756180092,0
86178,2012-05-21,0.4536829583218201,1
86179,2012-05-21,0.5820392679129647,1
86180,2012-05-21,0.4154713397934695,0
86181,2012-05-21,0.4394690953337353,0
86182,2012-05-21,0.1953110808592637,0
86183,2012-05-21,0.35900871652252914,0
86184,2012-05-21,0.43234490142413773,1
86185,2012-05-21,0.3881303929864036,1
86186,2012-05-21,0.1136704529689285,0
86187,2012-05-21,0.29347710905723157,1
86188,2012-05-21,0.5984363205910616,1
86189,2012-05-21,0.4856588764278277,0
86190,2012-05-21,0.2887094241513922,0
86191,2012-05-21,0.26813489326607254,0
86192,2012-05-21,0.41198125740945196,0
86193,2012-05-21,0.13200753749310842,0
86194,2012-05-21,0.2860706909011569,0
86195,2012-05-21,0.5400081552503581,1
86196,2012-05-21,0.4777877436586189,0
86197,2012-05-21,0.4609249241813317,1
86198,2012-05-21,0.2855525038189301,0
86199,2012-05-21,0.45595407512865577,0
86200,2012-05-21,0.3653278428493528,0
86201,2012-05-21,0.4247594020194777,1
86202,2012-05-21,0.38469411194337827,0
86203,2012-05-21,0.5503926173277411,1
86204,2012-05-21,0.2593279440512422,1
86205,2012-05-21,0.5932370876120098,1
86206,2012-05-21,0.26685784774280197,0
86207,2012-05-21,0.5351893789702874,0
86208,2012-05-21,0.3261136810546878,0
86209,2012-05-21,0.41549613775751215,0
86210,2012-05-21,0.6449427669163906,1
86211,2012-05-21,0.42753913709413743,1
86212,2012-05-21,0.7354362385786666,0
86213,2012-05-21,0.33269333427302905,0
86214,2012-05-21,0.5702707723869427,1
86215,2012-05-21,0.6297580301725332,1
86216,2012-05-21,0.3296294729329536,1
86217,2012-05-21,0.3954827001495959,1
86218,2012-05-21,0.30260689351341474,1
86219,2012-05-21,0.3976813321246077,0
86220,2012-05-21,0.1136183290155419,0
86221,2012-05-21,0.3831680715576752,0
86222,2012-05-21,0.301456290854418,0
86223,2012-05-21,0.24355692576962187,0
86224,2012-05-21,0.3915507649664684,1
86225,2012-05-21,0.4366086625376757,1
86226,2012-05-21,0.5515798256605297,0
86227,2012-05-21,0.4419848804908995,1
86228,2012-05-21,0.6317065706210213,1
86229,2012-05-21,0.4280999350484368,1
86230,2012-05-21,0.25344521137250625,0
86231,2012-05-21,0.514041366457852,1
86232,2012-05-21,0.37217229850321465,0
86233,2012-05-21,0.47820382765147534,1
86234,2012-05-21,0.3122108854132692,1
86235,2012-05-21,0.3618536930348124,0
86236,2012-05-21,0.3094681886632777,0
86237,2012-05-21,0.19111524393274526,0
86238,2012-05-21,0.17660001299400283,1
86239,2012-05-21,0.5071686027046256,0
86240,2012-05-21,0.42936982027735004,1
86241,2012-05-21,0.2759771822337057,0
86242,2012-05-21,0.48194361595688345,0
86243,2012-05-21,0.1909620401165819,0
86244,2012-05-21,0.5082002356507385,0
86245,2012-05-21,0.2855379972134752,1
86246,2012-05-21,0.39124352346743774,0
86247,2012-05-21,0.36934947673944996,0
86248,2012-05-21,0.49195975880229637,0
86249,2012-05-21,0.2935467345905522,1
86250,2012-05-21,0.2707377735940684,1
86251,2012-05-21,0.44962525490974264,0
86252,2012-05-21,0.409486382989114,1
86253,2012-05-21,0.26623382090487796,1
86254,2012-05-21,0.36025694117037027,0
86255,2012-05-21,0.24386640084958286,0
86256,2012-05-21,0.42462647166897455,0
86257,2012-05-21,0.39026664400588185,1
86258,2012-05-21,0.4880873722385053,1
86259,2012-05-21,0.20819274370152824,0
86260,2012-05-21,0.3498872822313648,0
86261,2012-05-21,0.405806100660423,0
86262,2012-05-21,0.4593885669236945,0
86263,2012-05-21,0.1795281377985758,1
86264,2012-05-21,0.4718955677498743,1
86265,2012-05-21,0.3660548460958919,1
86266,2012-05-21,0.3775689040236919,0
86267,2012-05-21,0.38494518990594784,0
86268,2012-05-21,0.2930478194128383,1
86269,2012-05-21,0.23527895728574946,0
86270,2012-05-21,0.33845082643273156,1
86271,2012-05-21,0.19162356933008995,0
86272,2012-05-21,0.26784056859392325,0
86273,2012-05-21,0.30033180249758507,0
86274,2012-05-21,0.5303161265049646,0
86275,2012-05-21,0.13982708470145322,0
86276,2012-05-21,0.3267452774189395,0
86277,2012-05-21,0.40642546065618723,1
86278,2012-05-21,0.3678687674281471,0
86279,2012-05-21,0.20430557946622419,0
86280,2012-05-21,0.4578647183532882,1
86281,2012-05-21,0.48628027827238784,0
86282,2012-05-21,0.2513087637871757,1
86283,2012-05-21,0.3978937164965563,0
86284,2012-05-21,0.38517698678040657,0
86285,2012-05-21,0.643120023125847,1
86286,2012-05-21,0.4295101882117396,0
86287,2012-05-21,0.24524168854565945,0
86288,2012-05-21,0.2765634499710482,1
86289,2012-05-21,0.2395761682297428,0
86290,2012-05-21,0.4125210589870886,0
86291,2012-05-21,0.46937080231270734,1
86292,2012-05-21,0.17357535233707588,0
86293,2012-05-21,0.36872568956270674,0
86294,2012-05-21,0.30770739095575644,0
86295,2012-05-21,0.3633033135282879,0
86296,2012-05-21,0.40992721740270843,0
86297,2012-05-21,0.3061272646124761,0
86298,2012-05-21,0.4647139869563355,1
86299,2012-05-21,0.43917550602752825,1
86300,2012-05-21,0.420327261817547,1
86301,2012-05-21,0.5789985827691331,1
86302,2012-05-21,0.39934624079720843,0
86303,2012-05-21,0.5178625766379399,0
86304,2012-05-21,0.35763924343396397,0
86305,2012-05-21,0.2609658014775665,1
86306,2012-05-21,0.21499028926070943,0
86307,2012-05-21,0.22432050029322362,0
86308,2012-05-21,0.5307279715489224,1
86309,2012-05-21,0.44951434336397483,0
86310,2012-05-21,0.17528655506354143,0
86311,2012-05-21,0.2394598875733504,0
86312,2012-05-21,0.4489390257893791,1
86313,2012-05-21,0.46786726428311604,1
86314,2012-05-21,0.3090554903187867,0
86315,2012-05-21,0.2468250100833956,0
86316,2012-05-21,0.4104120537946833,0
86317,2012-05-21,0.13910272110458294,0
86318,2012-05-21,0.6004271138643864,1
86319,2012-05-21,0.1953539011962581,0
86320,2012-05-21,0.1992629272745229,0
86321,2012-05-21,0.5018844282571213,0
86322,2012-05-21,0.4062562716965966,1
86323,2012-05-21,0.560499569864804,0
86324,2012-05-21,0.4424467858011776,0
86325,2012-05-21,0.5888778902480829,0
86326,2012-05-21,0.4443619393109517,0
86327,2012-05-21,0.4626200192010776,0
86328,2012-05-21,0.36435343986509744,1
86329,2012-05-21,0.4642635349685978,1
86330,2012-05-21,0.3554535334875357,0
86331,2012-05-21,0.326942228512089,0
86332,2012-05-21,0.42140724484915104,0
86333,2012-05-21,0.34877899701602333,1
86334,2012-05-21,0.38185978078797606,0
86335,2012-05-21,0.503609311975562,0
86336,2012-05-21,0.1947644604127186,0
86337,2012-05-21,0.34332718962933684,1
86338,2012-05-21,0.2866750723570278,0
86339,2012-05-21,0.6279711775612896,1
86340,2012-05-21,0.5966431229959404,1
86341,2012-05-21,0.28554778406066844,1
86342,2012-05-21,0.18821781544036784,0
86343,2012-05-21,0.1949283411075727,0
86344,2012-05-21,0.22530573503117832,0
86345,2012-05-21,0.46741955636837657,1
86346,2012-05-21,0.35732715174934626,1
86347,2012-05-21,0.36005952104446526,0
86348,2012-05-21,0.6185365465714785,1
86349,2012-05-21,0.4778131935760999,0
86350,2012-05-21,0.22077476199256024,0
86351,2012-05-21,0.463752510795767,1
86352,2012-05-21,0.250303355118145,0
86353,2012-05-21,0.26712582710806054,1
86354,2012-05-21,0.45502842709801694,0
86355,2012-05-21,0.25593270253373174,0
86356,2012-05-21,0.5099226462525182,1
86357,2012-05-21,0.3740965378313477,1
86358,2012-05-21,0.37962332842107616,0
86359,2012-05-21,0.4109686182036499,1
86360,2012-05-21,0.22852634891969706,0
86361,2012-05-21,0.3052625012192741,0
86362,2012-05-22,0.30857824223973285,1
86363,2012-05-22,0.219631892194141,0
86364,2012-05-22,0.2171914986424008,0
86365,2012-05-22,0.19691717659102984,0
86366,2012-05-22,0.44280268794569005,0
86367,2012-05-22,0.4028797864303379,0
86368,2012-05-22,0.21269962146823382,0
86369,2012-05-22,0.3671622525475895,0
86370,2012-05-22,0.5446955249328378,1
86371,2012-05-22,0.33543960363141656,0
86372,2012-05-22,0.10800216692458088,0
86373,2012-05-22,0.352401888153664,1
86374,2012-05-22,0.38440804265159645,0
86375,2012-05-22,0.4203936686424269,0
86376,2012-05-22,0.3243200841726119,0
86377,2012-05-22,0.18924610978806009,0
86378,2012-05-22,0.3122648748178191,0
86379,2012-05-22,0.5848758261348087,0
86380,2012-05-22,0.4783161665069396,1
86381,2012-05-22,0.1232032831254414,0
86382,2012-05-22,0.32959962122562625,0
86383,2012-05-22,0.16762716031885141,0
86384,2012-05-22,0.44094013539791665,0
86385,2012-05-22,0.43078351003229753,0
86386,2012-05-22,0.49749801838538527,0
86387,2012-05-22,0.2736580136564289,0
86388,2012-05-22,0.39871736424177695,0
86389,2012-05-22,0.48573567656679056,0
86390,2012-05-22,0.4712791492669321,0
86391,2012-05-22,0.1844120431819303,0
86392,2012-05-22,0.4656869550954113,0
86393,2012-05-22,0.6448944084798306,1
86394,2012-05-22,0.527767808215316,0
86395,2012-05-22,0.2927311978330943,0
86396,2012-05-22,0.42155483026521506,1
86397,2012-05-22,0.18349965560238116,0
86398,2012-05-22,0.43622837125980407,1
86399,2012-05-22,0.37884098112941744,1
86400,2012-05-22,0.30887619835162067,0
86401,2012-05-22,0.40282916116322637,1
86402,2012-05-22,0.2234225832084449,0
86403,2012-05-22,0.4542153264326093,0
86404,2012-05-22,0.2858982049401304,1
86405,2012-05-22,0.48288376629019875,1
86406,2012-05-22,0.3925876653242843,0
86407,2012-05-22,0.6402549966989789,1
86408,2012-05-22,0.6597375517006014,1
86409,2012-05-22,0.4037889928373319,0
86410,2012-05-22,0.3407959501567245,1
86411,2012-05-22,0.5117428595248652,0
86412,2012-05-22,0.3489953946547169,0
86413,2012-05-22,0.6380971371295097,1
86414,2012-05-22,0.4181992391034616,1
86415,2012-05-22,0.18013149150271052,0
86416,2012-05-22,0.6412493222257866,0
86417,2012-05-22,0.341674630163463,1
86418,2012-05-22,0.24920409459851625,0
86419,2012-05-22,0.4501300531962817,0
86420,2012-05-22,0.28171988488104693,1
86421,2012-05-22,0.2782135385386799,1
86422,2012-05-22,0.3688290868873824,1
86423,2012-05-22,0.23569022655496416,0
86424,2012-05-22,0.30456537287218766,0
86425,2012-05-22,0.38874413691697923,0
86426,2012-05-22,0.16379898686827743,0
86427,2012-05-22,0.41424449623749743,1
86428,2012-05-22,0.4430720268135064,0
86429,2012-05-22,0.23034702743085367,0
86430,2012-05-22,0.4065953431315397,0
86431,2012-05-22,0.30231499867327893,0
86432,2012-05-22,0.32494166555103376,1
86433,2012-05-22,0.48832022188754587,0
86434,2012-05-22,0.44411299912785007,1
86435,2012-05-22,0.3966110138168066,1
86436,2012-05-22,0.388802871206741,0
86437,2012-05-22,0.3655776472027158,0
86438,2012-05-22,0.472025294685919,0
86439,2012-05-22,0.3225614193396517,0
86440,2012-05-22,0.39181247060542135,0
86441,2012-05-22,0.23122138290421204,0
86442,2012-05-22,0.35648943557015755,0
86443,2012-05-22,0.10666048751628707,0
86444,2012-05-22,0.25624306969249666,1
86445,2012-05-22,0.20413023960121707,1
86446,2012-05-22,0.44275819034075475,0
86447,2012-05-22,0.4485047837506519,1
86448,2012-05-22,0.3953714790576928,1
86449,2012-05-22,0.3202030820403697,0
86450,2012-05-22,0.6574493623057074,0
86451,2012-05-22,0.41399186642495306,0
86452,2012-05-22,0.30676784873459,1
86453,2012-05-22,0.2255780466791186,0
86454,2012-05-22,0.12793294061966987,0
86455,2012-05-22,0.2732914275742686,0
86456,2012-05-22,0.4948419998734775,0
86457,2012-05-22,0.5086237905171858,0
86458,2012-05-22,0.582110633945568,1
86459,2012-05-22,0.47592545817463483,1
86460,2012-05-22,0.44958417889198193,1
86461,2012-05-22,0.5703032533831918,0
86462,2012-05-22,0.25293350108820406,1
86463,2012-05-22,0.3496570115587403,0
86464,2012-05-22,0.4836828344412185,1
86465,2012-05-22,0.12837067471574212,0
86466,2012-05-22,0.5473886263232796,0
86467,2012-05-22,0.46064792263378607,0
86468,2012-05-22,0.4594657916501306,1
86469,2012-05-22,0.428395807911179,0
86470,2012-05-22,0.38699785612032966,0
86471,2012-05-22,0.26680456118548,1
86472,2012-05-22,0.4781679515492513,0
86473,2012-05-22,0.5417431448181501,0
86474,2012-05-22,0.2131966969530098,0
86475,2012-05-22,0.2745028043382719,0
86476,2012-05-22,0.22808070975672115,1
86477,2012-05-22,0.44182852892139474,0
86478,2012-05-22,0.491035886972634,1
86479,2012-05-22,0.6296847230534535,1
86480,2012-05-22,0.32258007701497127,0
86481,2012-05-22,0.5762812888791978,1
86482,2012-05-22,0.5141171395408101,0
86483,2012-05-22,0.34642776411953624,0
86484,2012-05-22,0.0923533467739998,0
86485,2012-05-22,0.3998060767603273,0
86486,2012-05-22,0.2762100692098905,1
86487,2012-05-22,0.30298491866495203,0
86488,2012-05-22,0.5535808216124587,1
86489,2012-05-22,0.4573894502636276,0
86490,2012-05-22,0.5694482933175697,0
86491,2012-05-22,0.6370523635704437,1
86492,2012-05-22,0.3171047503932308,0
86493,2012-05-22,0.23787954120398166,1
86494,2012-05-22,0.44795557883742576,0
86495,2012-05-22,0.4438842664727296,1
86496,2012-05-22,0.2757846740644784,0
86497,2012-05-22,0.3310236065282737,1
86498,2012-05-22,0.19772198963271187,0
86499,2012-05-22,0.4821203801084054,1
86500,2012-05-22,0.28058980440209724,0
86501,2012-05-22,0.6822558757029785,1
86502,2012-05-22,0.29883135281423845,1
86503,2012-05-22,0.4851547784848902,1
86504,2012-05-22,0.351680608767985,0
86505,2012-05-22,0.5700622151197923,1
86506,2012-05-22,0.5356659084830289,0
86507,2012-05-22,0.2549615463409568,0
86508,2012-05-22,0.3829793869009133,1
86509,2012-05-22,0.29001767812003726,0
86510,2012-05-22,0.04649910162789064,0
86511,2012-05-22,0.5011014417490937,0
86512,2012-05-22,0.5210830970604426,1
86513,2012-05-22,0.505853491375441,1
86514,2012-05-22,0.6138692418345402,1
86515,2012-05-22,0.17717597732686027,0
86516,2012-05-22,0.43864042899038097,1
86517,2012-05-22,0.5808599299747423,1
86518,2012-05-22,0.37819022363345267,1
86519,2012-05-22,0.4933593113666873,1
86520,2012-05-22,0.43087771545219844,0
86521,2012-05-22,0.44712066606332446,1
86522,2012-05-22,0.47261814877413655,1
86523,2012-05-22,0.4927701071093814,0
86524,2012-05-22,0.261545837506487,1
86525,2012-05-22,0.16330472185398998,0
86526,2012-05-22,0.22545570949530572,0
86527,2012-05-23,0.4531336390294833,0
86528,2012-05-23,0.5263792340250111,1
86529,2012-05-23,0.3178377301617699,0
86530,2012-05-23,0.2574805920521395,0
86531,2012-05-23,0.3506318114084951,1
86532,2012-05-23,0.3181339533821763,0
86533,2012-05-23,0.43298400845256535,1
86534,2012-05-23,0.38656285844888233,1
86535,2012-05-23,0.464695059311962,0
86536,2012-05-23,0.3777765418791112,0
86537,2012-05-23,0.2637848395362281,0
86538,2012-05-23,0.26599448026549993,0
86539,2012-05-23,0.37561211365531444,0
86540,2012-05-23,0.43370263959041944,0
86541,2012-05-23,0.5442231199206785,1
86542,2012-05-23,0.41927237752934426,0
86543,2012-05-23,0.2638136229356644,1
86544,2012-05-23,0.2216847054389795,0
86545,2012-05-23,0.273845653179957,0
86546,2012-05-23,0.2781340420869516,0
86547,2012-05-23,0.3597121681101251,1
86548,2012-05-23,0.41280220790945865,1
86549,2012-05-23,0.43692711791491395,0
86550,2012-05-23,0.42086376770990735,0
86551,2012-05-23,0.47189907074648735,0
86552,2012-05-23,0.2481399109605039,0
86553,2012-05-23,0.5753605197505166,0
86554,2012-05-23,0.5431486979779493,1
86555,2012-05-23,0.514439300053631,0
86556,2012-05-23,0.45046182739374385,0
86557,2012-05-23,0.179544760990716,0
86558,2012-05-23,0.40939465826354854,1
86559,2012-05-23,0.42356393052845737,1
86560,2012-05-23,0.42831946163241524,1
86561,2012-05-23,0.3868248895067048,0
86562,2012-05-23,0.49471561030573813,0
86563,2012-05-23,0.11639862106665841,0
86564,2012-05-23,0.4837723037383509,1
86565,2012-05-23,0.3751454232762888,0
86566,2012-05-23,0.5533545016341112,1
86567,2012-05-23,0.2904349576199809,1
86568,2012-05-23,0.6012778847884578,0
86569,2012-05-23,0.23095048304889396,0
86570,2012-05-23,0.3034408337227942,1
86571,2012-05-23,0.2769048097626884,1
86572,2012-05-23,0.16645898889594712,0
86573,2012-05-23,0.47384020524920845,0
86574,2012-05-23,0.38093797016512654,0
86575,2012-05-23,0.15933713029843097,0
86576,2012-05-23,0.2857040376507222,0
86577,2012-05-23,0.31949471710554156,0
86578,2012-05-23,0.04753037942299523,0
86579,2012-05-23,0.13758366519409776,0
86580,2012-05-23,0.56773391012763,1
86581,2012-05-23,0.41377605742278106,1
86582,2012-05-23,0.6169515164727398,1
86583,2012-05-23,0.24997640627392745,0
86584,2012-05-23,0.19732046861353278,0
86585,2012-05-23,0.33464044361069767,0
86586,2012-05-23,0.5601622489608012,1
86587,2012-05-23,0.37867016644003143,1
86588,2012-05-23,0.2369210677929379,0
86589,2012-05-23,0.39228453462854385,1
86590,2012-05-23,0.3805133310019282,0
86591,2012-05-23,0.24946828525800957,0
86592,2012-05-23,0.4144399371176724,1
86593,2012-05-23,0.5318814148742191,0
86594,2012-05-23,0.43923657315607334,1
86595,2012-05-23,0.21424894299852384,0
86596,2012-05-23,0.3493480696021277,0
86597,2012-05-23,0.2522239425953024,0
86598,2012-05-23,0.5116758958702502,1
86599,2012-05-23,0.4738061183866699,1
86600,2012-05-23,0.057244562157975964,0
86601,2012-05-23,0.2774657288579123,1
86602,2012-05-23,0.30230545899104116,0
86603,2012-05-23,0.5914030410422426,1
86604,2012-05-23,0.6154334533754057,0
86605,2012-05-23,0.40284685775083173,1
86606,2012-05-23,0.4115218655061322,1
86607,2012-05-23,0.30816217057716655,0
86608,2012-05-23,0.35309322111610086,1
86609,2012-05-23,0.30484511339742154,1
86610,2012-05-23,0.40918604293919064,1
86611,2012-05-23,0.27021910607388183,0
86612,2012-05-24,0.21168795652265843,0
86613,2012-05-24,0.19459379394092347,0
86614,2012-05-24,0.44874582523503903,1
86615,2012-05-24,0.40780485917054654,0
86616,2012-05-24,0.30729077097516216,0
86617,2012-05-24,0.36722917884323036,0
86618,2012-05-24,0.21028091790183698,0
86619,2012-05-24,0.36543506756415356,1
86620,2012-05-24,0.6368232404627188,0
86621,2012-05-24,0.3313306683815973,0
86622,2012-05-24,0.5127052896151459,1
86623,2012-05-24,0.4551164084106903,0
86624,2012-05-24,0.2844550413571952,0
86625,2012-05-24,0.3376703713966459,0
86626,2012-05-24,0.4090897059355577,1
86627,2012-05-24,0.34388229878453136,1
86628,2012-05-24,0.30230545899104116,0
86629,2012-05-24,0.39709224814335436,0
86630,2012-05-24,0.24789637413313365,1
86631,2012-05-24,0.19329434260216086,0
86632,2012-05-24,0.5059178944401385,1
86633,2012-05-24,0.4822739766188298,1
86634,2012-05-24,0.1923330301927503,1
86635,2012-05-24,0.4168809651331024,0
86636,2012-05-24,0.5439075248456592,0
86637,2012-05-24,0.3367432042972745,0
86638,2012-05-24,0.38705134688160303,0
86639,2012-05-24,0.41488663643427376,0
86640,2012-05-24,0.26470538579724395,0
86641,2012-05-24,0.2877028718599999,0
86642,2012-05-24,0.31718300925192716,0
86643,2012-05-24,0.4364521027193513,1
86644,2012-05-24,0.22322704177408473,0
86645,2012-05-24,0.30049666699968897,1
86646,2012-05-24,0.4058412353799961,0
86647,2012-05-24,0.46595512771885095,0
86648,2012-05-24,0.4704903527618436,0
86649,2012-05-24,0.3260470404743017,0
86650,2012-05-24,0.11877071921480933,0
86651,2012-05-24,0.4622304950454334,0
86652,2012-05-24,0.6208006334166785,0
86653,2012-05-24,0.25079952210132905,0
86654,2012-05-24,0.4819675025525676,0
86655,2012-05-24,0.21908035634246473,1
86656,2012-05-24,0.4500258893917373,1
86657,2012-05-24,0.38234829862824177,0
86658,2012-05-24,0.38873672639518486,0
86659,2012-05-24,0.32510825689989997,0
86660,2012-05-24,0.4241756056304535,1
86661,2012-05-24,0.46809759513086924,0
86662,2012-05-24,0.30289313743520985,1
86663,2012-05-24,0.273719833367092,1
86664,2012-05-24,0.3120074122662805,1
86665,2012-05-24,0.4650483549322933,0
86666,2012-05-24,0.37249508528110803,0
86667,2012-05-24,0.5853903580833256,1
86668,2012-05-24,0.5176373519903952,0
86669,2012-05-24,0.577177145278662,1
86670,2012-05-24,0.2673206000948235,0
86671,2012-05-24,0.33456117399692326,0
86672,2012-05-24,0.3279425746595324,0
86673,2012-05-24,0.23849534087480012,1
86674,2012-05-24,0.19419690229680173,0
86675,2012-05-24,0.3340768909139356,0
86676,2012-05-24,0.4696870651220481,1
86677,2012-05-24,0.5706765540609686,0
86678,2012-05-24,0.38231017193116495,1
86679,2012-05-24,0.39745476267350466,0
86680,2012-05-24,0.2708429725566858,1
86681,2012-05-24,0.5513124967389826,0
86682,2012-05-24,0.17128786969580517,1
86683,2012-05-24,0.2454668454566211,0
86684,2012-05-24,0.4095675038401005,0
86685,2012-05-24,0.11008645240140075,0
86686,2012-05-24,0.15641736359273586,0
86687,2012-05-24,0.22189212498742708,0
86688,2012-05-24,0.5546622150947841,1
86689,2012-05-24,0.37769660493899837,1
86690,2012-05-24,0.2949216737157469,1
86691,2012-05-24,0.6540498509072337,1
86692,2012-05-24,0.37322026646812445,0
86693,2012-05-24,0.4022085080851213,1
86694,2012-05-24,0.31183673337307477,0
86695,2012-05-24,0.365806509092456,1
86696,2012-05-24,0.2429398144954325,1
86697,2012-05-24,0.42957411598840367,1
86698,2012-05-24,0.5163259465495823,1
86699,2012-05-24,0.5413690190524938,0
86700,2012-05-24,0.2341401805156455,0
86701,2012-05-24,0.4717796935828976,1
86702,2012-05-24,0.4211402745978374,0
86703,2012-05-24,0.25244276952322003,0
86704,2012-05-24,0.3333630235459654,0
86705,2012-05-24,0.3584628163131831,1
86706,2012-05-24,0.2725139860490693,1
86707,2012-05-24,0.5107422142239897,0
86708,2012-05-24,0.3019202467261356,0
86709,2012-05-24,0.3748874852847517,0
86710,2012-05-24,0.37318424053546684,0
86711,2012-05-24,0.5898250120943852,1
86712,2012-05-24,0.5597610859821553,1
86713,2012-05-24,0.42026716069662323,0
86714,2012-05-24,0.4810225463841396,1
86715,2012-05-24,0.4622369861403172,1
86716,2012-05-24,0.4488071373815486,0
86717,2012-05-24,0.31842005384284855,0
86718,2012-05-24,0.3317607723119865,0
86719,2012-05-24,0.39084670269984334,0
86720,2012-05-24,0.5314598430285586,1
86721,2012-05-24,0.27386427167719235,0
86722,2012-05-24,0.6620152026726871,1
86723,2012-05-24,0.5514269408692328,1
86724,2012-05-24,0.18571582644558438,0
86725,2012-05-24,0.5144508830723958,1
86726,2012-05-24,0.4770694845480794,1
86727,2012-05-24,0.6447997152611156,1
86728,2012-05-24,0.39638283952800973,1
86729,2012-05-24,0.3268591058252792,1
86730,2012-05-24,0.3338315713071794,0
86731,2012-05-24,0.48196207790605344,1
86732,2012-05-24,0.5448328428120567,0
86733,2012-05-24,0.21691659383946388,0
86734,2012-05-25,0.2103573215437481,1
86735,2012-05-25,0.42741071031065686,0
86736,2012-05-25,0.49096947070612545,0
86737,2012-05-25,0.46377045436413744,0
86738,2012-05-25,0.2800531617599933,0
86739,2012-05-25,0.4680009092747352,0
86740,2012-05-25,0.4034551014874601,0
86741,2012-05-25,0.49156631688962293,0
86742,2012-05-25,0.4019305745617346,1
86743,2012-05-25,0.38451625066657397,0
86744,2012-05-25,0.4854359247544389,0
86745,2012-05-25,0.4498456976635899,0
86746,2012-05-25,0.23477664847643687,1
86747,2012-05-25,0.37989016450338003,0
86748,2012-05-25,0.6281145697308737,1
86749,2012-05-25,0.2665147088237752,1
86750,2012-05-25,0.3582557284492638,0
86751,2012-05-25,0.31856233488730057,1
86752,2012-05-25,0.4960770867693868,1
86753,2012-05-25,0.5416306606486753,1
86754,2012-05-25,0.2920903151621021,0
86755,2012-05-25,0.2515623928366054,0
86756,2012-05-25,0.4189965060715541,0
86757,2012-05-25,0.37040593678642597,1
86758,2012-05-25,0.2877359555615369,0
86759,2012-05-25,0.20864730227843808,0
86760,2012-05-25,0.31393185575967447,1
86761,2012-05-25,0.294956449399861,0
86762,2012-05-25,0.47918382007718746,0
86763,2012-05-25,0.2582541886423754,0
86764,2012-05-25,0.48896415347211647,0
86765,2012-05-25,0.4829731067823052,0
86766,2012-05-25,0.1830914914662041,0
86767,2012-05-25,0.34219613977677993,1
86768,2012-05-25,0.6179054319920361,1
86769,2012-05-25,0.4672430202394535,0
86770,2012-05-25,0.45789439981851926,0
86771,2012-05-25,0.12738154314092076,0
86772,2012-05-25,0.47980045671145666,0
86773,2012-05-25,0.38338783536134174,0
86774,2012-05-25,0.15121413643632234,0
86775,2012-05-25,0.09911739934214979,0
86776,2012-05-25,0.17561049490361835,0
86777,2012-05-25,0.3902319083043245,0
86778,2012-05-25,0.26856625206863194,0
86779,2012-05-25,0.4665169281864898,0
86780,2012-05-25,0.31686510988568806,0
86781,2012-05-25,0.3458694806873255,0
86782,2012-05-25,0.2825498748090735,1
86783,2012-05-25,0.497090679820971,1
86784,2012-05-25,0.4337313299422049,0
86785,2012-05-25,0.4316427785424857,0
86786,2012-05-25,0.3806545284245767,0
86787,2012-05-25,0.456301124089108,1
86788,2012-05-25,0.32238102951627645,1
86789,2012-05-25,0.4000150548269239,0
86790,2012-05-25,0.48987792984788053,0
86791,2012-05-25,0.3071392006526229,0
86792,2012-05-25,0.3394861933043256,0
86793,2012-05-25,0.4891235694811238,1
86794,2012-05-25,0.30955485604471844,0
86795,2012-05-25,0.4032242421371867,1
86796,2012-05-25,0.39150940176295956,1
86797,2012-05-25,0.5187448600587385,1
86798,2012-05-25,0.2664012005803214,0
86799,2012-05-25,0.31871998776307453,1
86800,2012-05-25,0.43189698108822383,0
86801,2012-05-25,0.18167846411698987,1
86802,2012-05-25,0.4755122494695053,0
86803,2012-05-25,0.3160532278692573,1
86804,2012-05-25,0.25147953870042844,0
86805,2012-05-25,0.2673813082822487,0
86806,2012-05-25,0.5326131403718497,0
86807,2012-05-25,0.5024739614267941,0
86808,2012-05-26,0.35579863787881416,0
86809,2012-05-26,0.38059083433709157,1
86810,2012-05-26,0.3259159642739468,1
86811,2012-05-26,0.33031853872579764,0
86812,2012-05-26,0.37163655812384766,1
86813,2012-05-26,0.4421392923511702,0
86814,2012-05-26,0.5161129143391924,0
86815,2012-05-26,0.3475244312913754,0
86816,2012-05-26,0.28960862436252044,0
86817,2012-05-26,0.35236709019887874,1
86818,2012-05-26,0.4426884752374515,0
86819,2012-05-26,0.33678390387968227,0
86820,2012-05-26,0.19018565551073052,0
86821,2012-05-26,0.4074013461814426,0
86822,2012-05-26,0.446093959375592,1
86823,2012-05-26,0.4368761484487873,0
86824,2012-05-26,0.3905751412386783,0
86825,2012-05-26,0.4457875798336246,0
86826,2012-05-26,0.40155216616877465,0
86827,2012-05-26,0.34622924257718934,0
86828,2012-05-26,0.30711845865297593,1
86829,2012-05-26,0.44609994291631166,0
86830,2012-05-26,0.4520903436043061,0
86831,2012-05-26,0.46059439838507493,1
86832,2012-05-26,0.5292615878972338,0
86833,2012-05-26,0.46592631044589633,0
86834,2012-05-26,0.4210357244114113,0
86835,2012-05-26,0.49364932331704314,1
86836,2012-05-26,0.46931291403872977,0
86837,2012-05-26,0.4418656818438351,0
86838,2012-05-26,0.3613430476998441,1
86839,2012-05-26,0.5501242677714759,0
86840,2012-05-26,0.6030529647554022,1
86841,2012-05-26,0.5159555180399639,1
86842,2012-05-26,0.32313177109429253,0
86843,2012-05-26,0.2812677061483443,0
86844,2012-05-26,0.3864640067080276,0
86845,2012-05-26,0.3475925638640183,0
86846,2012-05-26,0.517489980527282,0
86847,2012-05-26,0.22983755778798384,0
86848,2012-05-26,0.2623809778624981,0
86849,2012-05-26,0.421914251473619,1
86850,2012-05-26,0.2521034394998834,0
86851,2012-05-26,0.1910863483760137,0
86852,2012-05-26,0.3264115863754177,0
86853,2012-05-26,0.33271826310613056,0
86854,2012-05-26,0.33195143930336607,0
86855,2012-05-27,0.2905445046384878,1
86856,2012-05-27,0.12093194687676727,0
86857,2012-05-27,0.2927362072362912,0
86858,2012-05-27,0.4979711691274991,0
86859,2012-05-27,0.25423208699098726,1
86860,2012-05-27,0.24660600032889757,0
86861,2012-05-27,0.2794498999616757,0
86862,2012-05-27,0.5197600507797957,1
86863,2012-05-27,0.5362153184452396,1
86864,2012-05-27,0.637402073536102,1
86865,2012-05-27,0.37173077791954034,0
86866,2012-05-27,0.36122831458246935,0
86867,2012-05-27,0.4944066566905125,0
86868,2012-05-27,0.11165834273639758,0
86869,2012-05-27,0.5416787101357464,0
86870,2012-05-27,0.5078097861195927,1
86871,2012-05-27,0.18659398808221864,0
86872,2012-05-27,0.4610753494820763,0
86873,2012-05-27,0.3738334468823979,1
86874,2012-05-27,0.17656902205147706,0
86875,2012-05-27,0.19778111706045207,0
86876,2012-05-27,0.2672075211052181,0
86877,2012-05-27,0.4805260820178054,1
86878,2012-05-27,0.518148709383123,1
86879,2012-05-27,0.40333341659144634,0
86880,2012-05-27,0.2179119563733596,1
86881,2012-05-27,0.4271382646355161,0
86882,2012-05-27,0.47514689492321166,0
86883,2012-05-27,0.5182125471345659,1
86884,2012-05-27,0.5446481443934652,0
86885,2012-05-27,0.2714620305249592,0
86886,2012-05-27,0.2534313603673861,1
86887,2012-05-27,0.36504221982578633,1
86888,2012-05-27,0.5291898505485658,0
86889,2012-05-27,0.4759436917709694,1
86890,2012-05-27,0.37664292724263904,1
86891,2012-05-27,0.6653786650475064,1
86892,2012-05-27,0.38332855395382726,1
86893,2012-05-27,0.3738724365205401,0
86894,2012-05-27,0.4441133649015211,0
86895,2012-05-27,0.21637776459940036,0
86896,2012-05-27,0.1821605286027518,0
86897,2012-05-27,0.21418586707342743,1
86898,2012-05-27,0.3830286528065838,1
86899,2012-05-27,0.31593540393486935,1
86900,2012-05-27,0.22310357830708796,0
86901,2012-05-27,0.2445555229471377,0
86902,2012-05-27,0.5506094185029768,0
86903,2012-05-27,0.3867870578039033,0
86904,2012-05-27,0.23954863000337234,0
86905,2012-05-27,0.26168676751806086,0
86906,2012-05-27,0.3753850977983093,0
86907,2012-05-27,0.4380531219964973,0
86908,2012-05-27,0.5808905518735994,1
86909,2012-05-27,0.5526797372960017,0
86910,2012-05-27,0.5224655754435938,0
86911,2012-05-27,0.3187634990354715,0
86912,2012-05-27,0.351372525541468,0
86913,2012-05-27,0.3245610185920021,0
86914,2012-05-27,0.5376304150325144,0
86915,2012-05-27,0.2567265384165656,1
86916,2012-05-27,0.330137454701286,0
86917,2012-05-27,0.3239917526141977,1
86918,2012-05-27,0.3662077288825504,0
86919,2012-05-27,0.48018668740500153,0
86920,2012-05-27,0.20057985061552797,0
86921,2012-05-27,0.5300650553235036,1
86922,2012-05-27,0.3950204327794404,0
86923,2012-05-27,0.4883210410960769,1
86924,2012-05-27,0.3161951095188662,0
86925,2012-05-27,0.31298996158335346,0
86926,2012-05-27,0.5293795465944188,0
86927,2012-05-27,0.5580524568098753,0
86928,2012-05-27,0.20928597376339161,1
86929,2012-05-27,0.2860630780945553,0
86930,2012-05-27,0.24888934002350277,0
86931,2012-05-27,0.29429590944730866,0
86932,2012-05-27,0.42320394395672534,0
86933,2012-05-27,0.4002222156495665,0
86934,2012-05-27,0.35677587783691583,0
86935,2012-05-27,0.2509170455781326,0
86936,2012-05-27,0.5424236140520108,0
86937,2012-05-27,0.5098780618356854,0
86938,2012-05-27,0.42989775017995163,0
86939,2012-05-27,0.31255503117202166,0
86940,2012-05-27,0.16228611340251645,0
86941,2012-05-27,0.3684345349950965,1
86942,2012-05-27,0.42870838743204126,1
86943,2012-05-27,0.34448390649306104,0
86944,2012-05-27,0.5341086572008285,1
86945,2012-05-27,0.2945123854277045,1
86946,2012-05-27,0.2553053782449312,0
86947,2012-05-27,0.35026214292068814,1
86948,2012-05-27,0.31539085839527825,0
86949,2012-05-27,0.31579598502649636,0
86950,2012-05-27,0.5225071551020625,0
86951,2012-05-27,0.41996718091195745,0
86952,2012-05-27,0.33337695114977317,1
86953,2012-05-27,0.2272337173807376,1
86954,2012-05-27,0.2902028887402474,0
86955,2012-05-27,0.12472537888513513,0
86956,2012-05-27,0.28382460218167266,1
86957,2012-05-27,0.5763672967426743,1
86958,2012-05-27,0.2616662827325928,1
86959,2012-05-27,0.32099480132926006,0
86960,2012-05-27,0.46739750202583735,0
86961,2012-05-27,0.15408349939206753,0
86962,2012-05-27,0.3881582522929821,0
86963,2012-05-27,0.41227263635414224,1
86964,2012-05-27,0.20713600512997515,0
86965,2012-05-27,0.2524353658982887,0
86966,2012-05-27,0.23717482541113552,0
86967,2012-05-27,0.5093792531243496,1
86968,2012-05-27,0.34547648158134414,0
86969,2012-05-27,0.20364726077313938,0
86970,2012-05-27,0.2982285806797047,0
86971,2012-05-27,0.29653533669798243,1
86972,2012-05-27,0.2984611067347464,0
86973,2012-05-27,0.4998845288445575,0
86974,2012-05-27,0.3524279655329099,0
86975,2012-05-27,0.4418772699223874,1
86976,2012-05-27,0.26931323839394467,0
86977,2012-05-27,0.48306795021935606,0
86978,2012-05-27,0.3379380800363461,0
86979,2012-05-27,0.34728465710378414,1
86980,2012-05-27,0.13512846726797761,0
86981,2012-05-27,0.3829755528887227,0
86982,2012-05-27,0.5188756681618399,1
86983,2012-05-27,0.4150230303433081,1
86984,2012-05-27,0.4099975617785476,0
86985,2012-05-27,0.48194608840518877,1
86986,2012-05-27,0.47189051140543664,0
86987,2012-05-27,0.17662425822354252,0
86988,2012-05-27,0.2157626771879913,1
86989,2012-05-27,0.23149689302145596,0
86990,2012-05-27,0.5495748224369159,0
86991,2012-05-27,0.2829551565425391,1
86992,2012-05-27,0.22472716389669792,0
86993,2012-05-27,0.4288949601440428,0
86994,2012-05-27,0.49988147947022404,0
86995,2012-05-27,0.5146239988306225,0
86996,2012-05-27,0.5023448459164731,1
86997,2012-05-27,0.38306686455668776,0
86998,2012-05-27,0.3744415592268319,1
86999,2012-05-27,0.16207562510666387,0
87000,2012-05-27,0.3701142462293078,0
87001,2012-05-27,0.41485420100950443,1
87002,2012-05-27,0.4383539482508377,0
87003,2012-05-27,0.4906903924555103,0
87004,2012-05-27,0.45738294601811635,1
87005,2012-05-27,0.37699137541333205,0
87006,2012-05-27,0.34803451174161876,0
87007,2012-05-27,0.4013468580355404,1
87008,2012-05-27,0.5097136005367878,0
87009,2012-05-27,0.32892462237308395,0
87010,2012-05-27,0.4535490271056698,0
87011,2012-05-27,0.4715402297146436,0
87012,2012-05-27,0.3794767976449752,0
87013,2012-05-27,0.2938036806001997,0
87014,2012-05-27,0.532958488025969,1
87015,2012-05-27,0.2740186232177027,1
87016,2012-05-27,0.4126859132357108,1
87017,2012-05-27,0.5410665538039522,1
87018,2012-05-27,0.33301387691999146,1
87019,2012-05-27,0.4376182933330733,1
87020,2012-05-27,0.33527793665733924,0
87021,2012-05-27,0.15487818908213166,0
87022,2012-05-27,0.20334309710223789,0
87023,2012-05-27,0.22436595810017057,1
87024,2012-05-27,0.4089388484113471,1
87025,2012-05-27,0.5971238091632732,0
87026,2012-05-27,0.5343255169787214,1
87027,2012-05-27,0.5914247429773654,0
87028,2012-05-27,0.22219338681311782,1
87029,2012-05-27,0.5019437425118352,1
87030,2012-05-27,0.5297047933717949,0
87031,2012-05-27,0.27360316139968416,0
87032,2012-05-27,0.4461896682098379,0
87033,2012-05-27,0.31670770340880666,1
87034,2012-05-27,0.6419081326703064,0
87035,2012-05-27,0.3193277140440339,1
87036,2012-05-27,0.23224146542638982,0
87037,2012-05-27,0.5814415887335771,1
87038,2012-05-27,0.31711900924016284,0
87039,2012-05-27,0.3404615500223874,1
87040,2012-05-27,0.27259485906493314,0
87041,2012-05-27,0.5189154118965775,0
87042,2012-05-27,0.2826497325739996,0
87043,2012-05-27,0.5724803935085281,0
87044,2012-05-27,0.2161780116460231,0
87045,2012-05-27,0.21663421019258583,0
87046,2012-05-28,0.4326610797718157,1
87047,2012-05-28,0.5170342272680553,1
87048,2012-05-28,0.2706232455407814,0
87049,2012-05-28,0.3054060323807341,0
87050,2012-05-28,0.3768694737679324,0
87051,2012-05-28,0.25843621347886464,0
87052,2012-05-28,0.4238835043228072,1
87053,2012-05-28,0.27539599863598035,0
87054,2012-05-28,0.34637282070396885,1
87055,2012-05-28,0.13414086235406922,0
87056,2012-05-28,0.5093874382884958,0
87057,2012-05-28,0.23036766771620867,0
87058,2012-05-28,0.34072859021474855,1
87059,2012-05-28,0.48418923532127134,0
87060,2012-05-28,0.48390006918589573,0
87061,2012-05-28,0.2694991592974614,0
87062,2012-05-28,0.5708639438221979,1
87063,2012-05-28,0.40709026737502313,1
87064,2012-05-28,0.3450023201913762,0
87065,2012-05-28,0.6032578768201095,1
87066,2012-05-28,0.18792384900497774,0
87067,2012-05-28,0.2659237321162304,1
87068,2012-05-28,0.699269998568485,1
87069,2012-05-28,0.4007847175549342,0
87070,2012-05-28,0.18560400899859594,1
87071,2012-05-28,0.400265914479796,1
87072,2012-05-28,0.5977945890375371,0
87073,2012-05-28,0.4187879665516503,1
87074,2012-05-28,0.6683857164762446,1
87075,2012-05-28,0.5166459489222157,1
87076,2012-05-28,0.3986952049424043,1
87077,2012-05-28,0.37045343308947226,1
87078,2012-05-28,0.32521862199002255,0
87079,2012-05-28,0.6123427484104471,1
87080,2012-05-28,0.48070736997731034,0
87081,2012-05-28,0.376910549718467,0
87082,2012-05-28,0.09036286864874246,0
87083,2012-05-28,0.3250019185853865,0
87084,2012-05-28,0.41743830063728987,1
87085,2012-05-28,0.5811996675541918,1
87086,2012-05-28,0.3567182258162554,1
87087,2012-05-28,0.44496906282183407,1
87088,2012-05-28,0.3814450479530956,0
87089,2012-05-28,0.45199089222111344,1
87090,2012-05-28,0.24102195650639166,1
87091,2012-05-28,0.5026065999957157,0
87092,2012-05-28,0.29632015963548053,0
87093,2012-05-28,0.40314850206665986,0
87094,2012-05-28,0.3990259311187871,0
87095,2012-05-28,0.16640204524469743,0
87096,2012-05-28,0.6083816232501501,1
87097,2012-05-28,0.6574043976209668,1
87098,2012-05-28,0.34818146384154447,1
87099,2012-05-28,0.2689614251318399,0
87100,2012-05-28,0.40150370394738405,0
87101,2012-05-28,0.3885098666868255,0
87102,2012-05-28,0.24575586794975454,1
87103,2012-05-28,0.28243448753701283,1
87104,2012-05-28,0.47189902333329836,0
87105,2012-05-28,0.17921600272953433,0
87106,2012-05-28,0.23201215685837948,0
87107,2012-05-28,0.3203558004394707,0
87108,2012-05-28,0.2941979076730679,0
87109,2012-05-28,0.20503178295134455,1
87110,2012-05-28,0.3878782631879337,1
87111,2012-05-28,0.4605120957140607,0
87112,2012-05-28,0.4627969532172044,1
87113,2012-05-28,0.43883554868922053,1
87114,2012-05-28,0.19476453934245955,1
87115,2012-05-28,0.39088010990724165,0
87116,2012-05-28,0.5473570846423192,1
87117,2012-05-28,0.4305607095275466,1
87118,2012-05-28,0.38524766766759805,0
87119,2012-05-28,0.4764701779556491,0
87120,2012-05-28,0.17254582086213355,0
87121,2012-05-28,0.1543787494313182,0
87122,2012-05-28,0.2772417133587354,0
87123,2012-05-28,0.3354008336196448,0
87124,2012-05-28,0.31205222646343084,0
87125,2012-05-28,0.46856649786623256,1
87126,2012-05-28,0.3081566518588739,0
87127,2012-05-28,0.4481395195202459,0
87128,2012-05-28,0.3760594436438627,0
87129,2012-05-28,0.3628170635435146,0
87130,2012-05-28,0.4681924147467907,1
87131,2012-05-28,0.31679414102019354,0
87132,2012-05-28,0.28231706425103575,0
87133,2012-05-28,0.3044639573039005,0
87134,2012-05-28,0.3316943026056915,0
87135,2012-05-28,0.2196712700113812,1
87136,2012-05-28,0.38641173731539813,1
87137,2012-05-28,0.5047213574808409,0
87138,2012-05-28,0.41713681854652956,0
87139,2012-05-28,0.47055510214000584,1
87140,2012-05-28,0.47268824497166456,0
87141,2012-05-28,0.35297158412391666,1
87142,2012-05-28,0.16165041129762223,0
87143,2012-05-28,0.4794393899092563,0
87144,2012-05-28,0.39113250916941855,0
87145,2012-05-28,0.44919060310291076,1
87146,2012-05-28,0.2591357548826207,0
87147,2012-05-28,0.5508233223746054,0
87148,2012-05-28,0.5313080740942177,1
87149,2012-05-28,0.27124535375889364,1
87150,2012-05-28,0.41609417658111103,0
87151,2012-05-28,0.5318882443424856,1
87152,2012-05-28,0.3376691522435901,0
87153,2012-05-28,0.5394130575314059,1
87154,2012-05-28,0.5849367052837434,0
87155,2012-05-28,0.3510091169149751,1
87156,2012-05-28,0.3016924205740762,1
87157,2012-05-28,0.45536460044181143,1
87158,2012-05-28,0.5639019195414843,1
87159,2012-05-28,0.4664509901288111,1
87160,2012-05-28,0.49835041674765423,1
87161,2012-05-28,0.37643579559901547,0
87162,2012-05-28,0.37700307848480386,1
87163,2012-05-28,0.4027074127914509,0
87164,2012-05-28,0.42410078735309786,1
87165,2012-05-28,0.3414688111093902,0
87166,2012-05-28,0.36010370703781924,0
87167,2012-05-28,0.5778279154682667,1
87168,2012-05-28,0.2862731023755963,0
87169,2012-05-28,0.239248320484599,0
87170,2012-05-28,0.46626423825288194,0
87171,2012-05-28,0.22109449365835582,0
87172,2012-05-28,0.5194558964038883,1
87173,2012-05-28,0.5785983202452316,0
87174,2012-05-28,0.43975811828407946,1
87175,2012-05-28,0.2871179570627152,0
87176,2012-05-28,0.6438337181615926,0
87177,2012-05-28,0.3730505556972054,0
87178,2012-05-28,0.48324283866803036,1
87179,2012-05-28,0.34349838505832175,0
87180,2012-05-28,0.4289439113957534,1
87181,2012-05-28,0.33596159922231633,0
87182,2012-05-28,0.3882746089078642,0
87183,2012-05-28,0.38986270886619295,1
87184,2012-05-28,0.4997118251495603,0
87185,2012-05-28,0.4992455920892023,0
87186,2012-05-28,0.1788798891706581,0
87187,2012-05-28,0.18211194676557818,0
87188,2012-05-28,0.4870508376691145,0
87189,2012-05-28,0.3044830341645657,1
87190,2012-05-28,0.5456076247646698,1
87191,2012-05-28,0.25229781805837104,0
87192,2012-05-28,0.269686949599269,0
87193,2012-05-28,0.6873874219729507,1
87194,2012-05-28,0.2501197162650782,0
87195,2012-05-28,0.4955190569767421,1
87196,2012-05-28,0.3568749034347186,0
87197,2012-05-28,0.16626939806482843,1
87198,2012-05-28,0.44337989840714825,1
87199,2012-05-28,0.25052213823983216,0
87200,2012-05-28,0.6716058952956253,1
87201,2012-05-28,0.40169313929102124,0
87202,2012-05-28,0.3017980913152589,0
87203,2012-05-28,0.33888245837179076,0
87204,2012-05-28,0.2861052997214229,0
87205,2012-05-28,0.13925504132728053,0
87206,2012-05-28,0.3830161321961613,0
87207,2012-05-28,0.3779031720893945,1
87208,2012-05-28,0.4376281600968718,0
87209,2012-05-28,0.17349817767458106,0
87210,2012-05-28,0.5037445415799611,1
87211,2012-05-28,0.5299100719068021,1
87212,2012-05-28,0.39216907255478933,0
87213,2012-05-28,0.5270315774473723,1
87214,2012-05-28,0.4026154336717575,1
87215,2012-05-28,0.2496923212644467,0
87216,2012-05-28,0.2687750396196792,0
87217,2012-05-28,0.36733128108080737,0
87218,2012-05-28,0.4508557359044983,0
87219,2012-05-28,0.35986976789416947,1
87220,2012-05-28,0.169771629881783,1
87221,2012-05-28,0.48310163052927696,1
87222,2012-05-28,0.51304152358472,0
87223,2012-05-28,0.3418719243407032,0
87224,2012-05-28,0.522673143592443,1
87225,2012-05-28,0.4846520607312541,0
87226,2012-05-28,0.41313525899129283,0
87227,2012-05-28,0.6592503033761205,1
87228,2012-05-28,0.32595742057619204,0
87229,2012-05-28,0.4091261476155572,1
87230,2012-05-28,0.5281533018328239,0
87231,2012-05-28,0.32233987661709496,1
87232,2012-05-28,0.3823890629593834,0
87233,2012-05-28,0.19634951123915081,0
87234,2012-05-28,0.6335572336465982,1
87235,2012-05-28,0.6031034041271831,0
87236,2012-05-28,0.16483705922414368,0
87237,2012-05-28,0.3821028877479547,0
87238,2012-05-28,0.4786849399781215,0
87239,2012-05-28,0.39161995677421824,0
87240,2012-05-28,0.23584504699757047,0
87241,2012-05-28,0.1278467556932767,0
87242,2012-05-28,0.4129165485793854,1
87243,2012-05-28,0.32679623235902855,1
87244,2012-05-28,0.5441263225412953,1
87245,2012-05-28,0.5967788183586585,0
87246,2012-05-28,0.3978486914096726,0
87247,2012-05-28,0.4230137360142223,1
87248,2012-05-28,0.4680202661233801,1
87249,2012-05-28,0.44218659272331373,0
87250,2012-05-28,0.1764572705481976,0
87251,2012-05-28,0.4428773816843059,1
87252,2012-05-28,0.5038692841743344,0
87253,2012-05-28,0.5818170121080837,1
87254,2012-05-29,0.3796774009216447,1
87255,2012-05-29,0.45930275368815626,1
87256,2012-05-29,0.26523497279852754,0
87257,2012-05-29,0.2532621428340865,0
87258,2012-05-29,0.37068154998280123,0
87259,2012-05-29,0.3795101363294106,0
87260,2012-05-29,0.5048559552776007,0
87261,2012-05-29,0.24382869891812106,1
87262,2012-05-29,0.17196754108788986,0
87263,2012-05-29,0.22944979163664617,0
87264,2012-05-29,0.46076385841121825,1
87265,2012-05-29,0.599702100587125,1
87266,2012-05-29,0.34708317126373134,1
87267,2012-05-29,0.3641570041212798,1
87268,2012-05-29,0.39786807471230157,1
87269,2012-05-29,0.5446277178005184,0
87270,2012-05-29,0.4075819715471943,1
87271,2012-05-29,0.2679809864263731,0
87272,2012-05-29,0.32226986763340404,1
87273,2012-05-29,0.5876560131209759,1
87274,2012-05-29,0.5209907720426559,1
87275,2012-05-29,0.5102722442913791,0
87276,2012-05-29,0.27309793596061877,1
87277,2012-05-29,0.48835222597005995,0
87278,2012-05-29,0.35644728742477827,0
87279,2012-05-29,0.4005836825603111,0
87280,2012-05-29,0.23138363795718464,0
87281,2012-05-29,0.24852237113933023,0
87282,2012-05-29,0.5402231651432421,0
87283,2012-05-29,0.36424464337838985,0
87284,2012-05-29,0.3865962844439265,0
87285,2012-05-29,0.30786256840758003,1
87286,2012-05-29,0.5328187361535529,0
87287,2012-05-29,0.31770378543625144,1
87288,2012-05-29,0.3520035851590961,0
87289,2012-05-29,0.45275691060435974,0
87290,2012-05-29,0.37175530192986705,0
87291,2012-05-29,0.36909390477206305,1
87292,2012-05-29,0.37142622108679285,1
87293,2012-05-29,0.18584160125703314,0
87294,2012-05-29,0.44978180722012645,0
87295,2012-05-29,0.3451851113299034,1
87296,2012-05-29,0.40044540781025195,0
87297,2012-05-29,0.26561240180567014,0
87298,2012-05-29,0.5385168342208867,0
87299,2012-05-29,0.337219240290392,1
87300,2012-05-29,0.38274395287739044,0
87301,2012-05-29,0.35231862193270796,1
87302,2012-05-29,0.4479610645805354,0
87303,2012-05-29,0.3687711610406706,0
87304,2012-05-29,0.32919699247231426,1
87305,2012-05-29,0.32355452032164717,1
87306,2012-05-29,0.4417280577526394,0
87307,2012-05-29,0.49221821843958796,0
87308,2012-05-29,0.4786987798662839,1
87309,2012-05-29,0.16890535912132124,0
87310,2012-05-29,0.24041697947494628,0
87311,2012-05-29,0.23099794251700767,1
87312,2012-05-29,0.32074259273717043,1
87313,2012-05-29,0.2960729030265612,0
87314,2012-05-29,0.4666676954820787,0
87315,2012-05-29,0.5995163702365617,0
87316,2012-05-29,0.44083568109582616,0
87317,2012-05-29,0.45471034869865873,1
87318,2012-05-29,0.4791021303451757,0
87319,2012-05-29,0.38650740574273945,0
87320,2012-05-29,0.37107213543194334,1
87321,2012-05-29,0.4616393846555965,0
87322,2012-05-29,0.6058895683350628,1
87323,2012-05-29,0.4186349346627689,0
87324,2012-05-29,0.22813671955934114,0
87325,2012-05-29,0.333281713164193,0
87326,2012-05-29,0.5220666937118617,1
87327,2012-05-29,0.5182244142022647,1
87328,2012-05-29,0.6130219634606914,1
87329,2012-05-29,0.25554771401625076,0
87330,2012-05-29,0.15518128444995138,0
87331,2012-05-29,0.5022696035165602,1
87332,2012-05-29,0.3404980315026811,0
87333,2012-05-29,0.39147558820434447,0
87334,2012-05-29,0.48615883543526905,1
87335,2012-05-29,0.579094737319711,1
87336,2012-05-29,0.4289759736769549,1
87337,2012-05-29,0.4437489245383399,1
87338,2012-05-29,0.5134123290415298,0
87339,2012-05-29,0.3807123975357977,0
87340,2012-05-29,0.3513440925559329,0
87341,2012-05-29,0.39944589393116436,1
87342,2012-05-29,0.3886536545903816,1
87343,2012-05-29,0.33070103021328656,0
87344,2012-05-29,0.28840774296202304,0
87345,2012-05-29,0.18422566157650602,0
87346,2012-05-29,0.4094875124733772,0
87347,2012-05-29,0.4242706842693673,1
87348,2012-05-29,0.4928820207405108,0
87349,2012-05-29,0.31560698053414676,0
87350,2012-05-29,0.3746982395543136,1
87351,2012-05-29,0.43995936496639065,0
87352,2012-05-29,0.26352155798443383,0
87353,2012-05-29,0.1056372308688254,0
87354,2012-05-29,0.5125280157995719,0
87355,2012-05-29,0.26914471822813546,0
87356,2012-05-29,0.3186127147028146,0
87357,2012-05-29,0.4900979964602277,1
87358,2012-05-29,0.27670310358167854,0
87359,2012-05-29,0.5490041557394565,0
87360,2012-05-29,0.20714609200740022,0
87361,2012-05-29,0.4472253598140295,1
87362,2012-05-29,0.30954782077380855,1
87363,2012-05-29,0.39445659896170393,0
87364,2012-05-29,0.39578857126789074,1
87365,2012-05-29,0.2992126430245247,0
87366,2012-05-29,0.41433102711709885,1
87367,2012-05-29,0.5857263498527023,1
87368,2012-05-29,0.5042574163942641,0
87369,2012-05-29,0.223611891119285,0
87370,2012-05-29,0.08445184505209798,0
87371,2012-05-29,0.2006662551135922,0
87372,2012-05-29,0.35690011934132987,0
87373,2012-05-29,0.3999098753885629,1
87374,2012-05-29,0.45774309721840784,0
87375,2012-05-29,0.16015475193900294,0
87376,2012-05-29,0.3495032830675249,1
87377,2012-05-29,0.3602363073737574,0
87378,2012-05-29,0.4895602035767039,0
87379,2012-05-29,0.5898649002878041,0
87380,2012-05-29,0.46599382183357846,1
87381,2012-05-29,0.3367785105622917,1
87382,2012-05-29,0.3666851673296301,0
87383,2012-05-29,0.38090800540396536,1
87384,2012-05-29,0.5132448512088872,0
87385,2012-05-29,0.2815962818202774,1
87386,2012-05-29,0.33710451428484,0
87387,2012-05-29,0.20280043868928113,1
87388,2012-05-29,0.44617162195385013,0
87389,2012-05-29,0.424863634757061,0
87390,2012-05-29,0.3729455649721527,1
87391,2012-05-29,0.27049362094595575,0
87392,2012-05-29,0.4558715339778232,1
87393,2012-05-29,0.33803292855301365,1
87394,2012-05-29,0.41915945396153487,1
87395,2012-05-29,0.3348335320365205,0
87396,2012-05-29,0.4681996989364216,0
87397,2012-05-29,0.16923357393580285,0
87398,2012-05-29,0.3321286895769657,0
87399,2012-05-29,0.27220508829439877,0
87400,2012-05-29,0.2226887340550559,0
87401,2012-05-29,0.15679883306716053,0
87402,2012-05-29,0.31752472034537965,0
87403,2012-05-29,0.23097733982886878,0
87404,2012-05-29,0.29596610148303615,0
87405,2012-05-29,0.490693274015682,0
87406,2012-05-29,0.41863120635137624,0
87407,2012-05-29,0.4399866952066862,0
87408,2012-05-29,0.33463612995914094,0
87409,2012-05-29,0.31110586467427764,0
87410,2012-05-29,0.32967072555923665,0
87411,2012-05-29,0.43785619740669673,0
87412,2012-05-29,0.2216147907776918,0
87413,2012-05-29,0.2678812008457916,0
87414,2012-05-29,0.5111242386893251,0
87415,2012-05-29,0.5119936283807214,1
87416,2012-05-29,0.467825642243651,1
87417,2012-05-29,0.5514094793186799,0
87418,2012-05-29,0.38729766438014823,1
87419,2012-05-29,0.7174348992147636,1
87420,2012-05-29,0.3846265313950664,1
87421,2012-05-29,0.38250123966886873,1
87422,2012-05-29,0.49890945695780703,1
87423,2012-05-29,0.23799365345888934,1
87424,2012-05-29,0.3410759326228117,0
87425,2012-05-29,0.5475679178200558,0
87426,2012-05-29,0.3786358501286511,1
87427,2012-05-29,0.15230718791050843,0
87428,2012-05-29,0.22971637613964918,0
87429,2012-05-29,0.4006278898831339,0
87430,2012-05-29,0.2401209309760696,0
87431,2012-05-29,0.4670008334730566,1
87432,2012-05-29,0.40648053135995643,1
87433,2012-05-29,0.6867020626641148,0
87434,2012-05-29,0.3519454688737018,0
87435,2012-05-29,0.5192000286349454,0
87436,2012-05-29,0.40370968838975013,0
87437,2012-05-29,0.2381374906754271,0
87438,2012-05-29,0.41100739873209424,1
87439,2012-05-29,0.2810189890466722,0
87440,2012-05-29,0.2749361037396792,0
87441,2012-05-29,0.4706392401659828,0
87442,2012-05-29,0.2323279046035256,0
87443,2012-05-29,0.3468533021843899,0
87444,2012-05-29,0.5632156169001636,1
87445,2012-05-29,0.42046752759221545,1
87446,2012-05-29,0.30300082794610605,0
87447,2012-05-29,0.17750500763037697,0
87448,2012-05-29,0.46077647700642266,1
87449,2012-05-29,0.33179589310199675,0
87450,2012-05-29,0.2076552749978783,0
87451,2012-05-29,0.5071000910180549,1
87452,2012-05-29,0.6104977881426321,1
87453,2012-05-29,0.4104601645120405,0
87454,2012-05-29,0.3443756326671894,1
87455,2012-05-29,0.24555667222204625,0
87456,2012-05-29,0.1363706003210962,0
87457,2012-05-29,0.349295771468344,0
87458,2012-05-29,0.40228827833845054,1
87459,2012-05-29,0.4279144779611431,1
87460,2012-05-29,0.5512655239988754,1
87461,2012-05-29,0.32660732459687875,0
87462,2012-05-29,0.5534864864012115,1
87463,2012-05-29,0.5446321668506952,0
87464,2012-05-29,0.5343048367747809,0
87465,2012-05-29,0.5549684152035641,0
87466,2012-05-29,0.43522630696213155,1
87467,2012-05-29,0.5308763553908133,0
87468,2012-05-30,0.261295664721294,0
87469,2012-05-30,0.448082129480577,0
87470,2012-05-30,0.4463328248712712,1
87471,2012-05-30,0.19108744079343956,0
87472,2012-05-30,0.46121129758679896,0
87473,2012-05-30,0.28074069172794824,0
87474,2012-05-30,0.472339273175131,1
87475,2012-05-30,0.37511170430294105,1
87476,2012-05-30,0.4325662149997712,0
87477,2012-05-30,0.4651504096656288,0
87478,2012-05-30,0.3818501628975404,1
87479,2012-05-30,0.5890990198440058,1
87480,2012-05-30,0.48763768128718016,0
87481,2012-05-30,0.5285442999535087,1
87482,2012-05-30,0.377416204098263,0
87483,2012-05-30,0.6732817812323476,1
87484,2012-05-30,0.133056504691442,0
87485,2012-05-30,0.48067090839235205,0
87486,2012-05-30,0.4116032933163343,1
87487,2012-05-30,0.587675005180781,1
87488,2012-05-30,0.32804294346033375,0
87489,2012-05-30,0.34347629632980226,0
87490,2012-05-30,0.2818800803541234,0
87491,2012-05-30,0.29089571914584594,0
87492,2012-05-30,0.5101794994874033,0
87493,2012-05-30,0.4353215883561614,1
87494,2012-05-30,0.28265663660171403,0
87495,2012-05-30,0.5543607508503504,1
87496,2012-05-30,0.1857162240398835,1
87497,2012-05-30,0.4517567231880885,1
87498,2012-05-30,0.6194261883693407,0
87499,2012-05-30,0.21042083167438136,0
87500,2012-05-30,0.6898679506397779,1
87501,2012-05-30,0.36188098305984084,1
87502,2012-05-30,0.35566357919472336,0
87503,2012-05-30,0.581306941268031,0
87504,2012-05-30,0.2834936295590999,0
87505,2012-05-30,0.2345543794944504,0
87506,2012-05-30,0.35011777666469773,1
87507,2012-05-30,0.4616223850178695,0
87508,2012-05-30,0.1611558531941972,0
87509,2012-05-30,0.42391552405691696,1
87510,2012-05-30,0.33946040644861314,0
87511,2012-05-30,0.2726846086387543,0
87512,2012-05-30,0.40918752330696745,1
87513,2012-05-30,0.1556674560132969,0
87514,2012-05-30,0.3425509476051567,0
87515,2012-05-30,0.1746791744069755,1
87516,2012-05-30,0.2581831482775573,0
87517,2012-05-30,0.21926914177867718,0
87518,2012-05-30,0.23085232978338485,1
87519,2012-05-30,0.3460714658786632,0
87520,2012-05-30,0.17538863184084272,0
87521,2012-05-30,0.33528634377778826,0
87522,2012-05-30,0.47077470622739603,0
87523,2012-05-30,0.0993293975636163,0
87524,2012-05-30,0.4901138429723015,0
87525,2012-05-30,0.3064185642505659,0
87526,2012-05-30,0.3073043410654697,0
87527,2012-05-30,0.45884938692531074,0
87528,2012-05-30,0.515613987253267,0
87529,2012-05-30,0.2824391333040204,1
87530,2012-05-30,0.6017505630053659,0
87531,2012-05-30,0.4819772063868442,0
87532,2012-05-30,0.30475718416392633,0
87533,2012-05-30,0.5465215741451199,1
87534,2012-05-30,0.1541976387821508,0
87535,2012-05-30,0.251870484166696,0
87536,2012-05-30,0.6064832450653315,1
87537,2012-05-30,0.3613189107792716,1
87538,2012-05-30,0.26978640403367155,0
87539,2012-05-30,0.20039631308905398,0
87540,2012-05-30,0.4304794591015455,1
87541,2012-05-30,0.4706034788271535,0
87542,2012-05-30,0.3593301570927398,0
87543,2012-05-30,0.34762313149331875,0
87544,2012-05-30,0.3698970687710623,0
87545,2012-05-30,0.3860274788858139,1
87546,2012-05-31,0.39317903606024296,0
87547,2012-05-31,0.37012692769953065,0
87548,2012-05-31,0.2854577053923176,1
87549,2012-05-31,0.5345375222541576,0
87550,2012-05-31,0.4001546685844793,1
87551,2012-05-31,0.1760693130591922,0
87552,2012-05-31,0.508598457295831,1
87553,2012-05-31,0.33265671372149735,0
87554,2012-05-31,0.4491649613940713,1
87555,2012-05-31,0.39139882147379546,0
87556,2012-05-31,0.27609840393829094,1
87557,2012-05-31,0.3633428423993538,1
87558,2012-05-31,0.2822379610625946,1
87559,2012-05-31,0.3990789571341555,1
87560,2012-05-31,0.3842691990465979,1
87561,2012-05-31,0.5462449840356013,0
87562,2012-05-31,0.3672952460242609,0
87563,2012-05-31,0.44897580551232935,0
87564,2012-05-31,0.1366242201012971,0
87565,2012-05-31,0.44455432457652244,0
87566,2012-05-31,0.22638847492995037,0
87567,2012-05-31,0.5254717725042425,1
87568,2012-05-31,0.5983642367294049,1
87569,2012-05-31,0.4031671915692932,0
87570,2012-05-31,0.4225559483404014,0
87571,2012-05-31,0.06864571255656887,0
87572,2012-05-31,0.4775435894363689,1
87573,2012-05-31,0.5636063843278464,1
87574,2012-05-31,0.346995950895651,0
87575,2012-05-31,0.21252116827521253,1
87576,2012-05-31,0.32221572000628446,1
87577,2012-05-31,0.2419449280830328,1
87578,2012-05-31,0.38585475344296233,0
87579,2012-05-31,0.47913842261386,1
87580,2012-05-31,0.2910001728875256,0
87581,2012-05-31,0.5268326155897038,1
87582,2012-05-31,0.7245340659310615,1
87583,2012-05-31,0.5513634301109006,1
87584,2012-05-31,0.6004272499095603,0
87585,2012-05-31,0.3536394271437691,0
87586,2012-05-31,0.4983657166126488,0
87587,2012-05-31,0.3579047140363523,1
87588,2012-05-31,0.44795815822081025,1
87589,2012-05-31,0.40419204220945465,1
87590,2012-05-31,0.4646571000763629,0
87591,2012-05-31,0.47276124632500693,0
87592,2012-05-31,0.6256183637752425,0
87593,2012-05-31,0.3719480919397655,1
87594,2012-05-31,0.5473283531109264,1
87595,2012-05-31,0.3649808266070112,0
87596,2012-05-31,0.43705928130736643,1
87597,2012-05-31,0.36418641481734865,1
87598,2012-05-31,0.300630637438288,0
87599,2012-05-31,0.601410535298201,1
87600,2012-05-31,0.2790025893959797,1
87601,2012-05-31,0.42191143779763335,0
87602,2012-05-31,0.3698837926405969,1
87603,2012-05-31,0.6011814389452657,1
87604,2012-05-31,0.4766178383384007,0
87605,2012-05-31,0.5060779538764352,0
87606,2012-05-31,0.3253746937240447,1
87607,2012-05-31,0.46868645976263856,0
87608,2012-05-31,0.47077470454397985,1
87609,2012-05-31,0.32510145603095725,0
87610,2012-05-31,0.4708664740301545,0
87611,2012-05-31,0.33198917799926553,0
87612,2012-05-31,0.34012911506174,1
87613,2012-05-31,0.472338385986439,0
87614,2012-05-31,0.4985781931749178,0
87615,2012-05-31,0.3029997851692657,0
87616,2012-05-31,0.3864604458330116,1
87617,2012-05-31,0.4818077893473548,0
87618,2012-05-31,0.3260361157803432,0
87619,2012-05-31,0.23992973669596207,0
87620,2012-05-31,0.48322171014182813,1
87621,2012-05-31,0.25426369765340634,1
87622,2012-05-31,0.45594608357355065,1
87623,2012-05-31,0.11128475941735065,0
87624,2012-05-31,0.17325577812886672,0
87625,2012-05-31,0.3373197196985806,0
87626,2012-05-31,0.4754531859309907,0
87627,2012-05-31,0.19670117654970717,0
87628,2012-05-31,0.5707439958401784,0
87629,2012-05-31,0.1660013489248321,0
87630,2012-05-31,0.3155804301281262,0
87631,2012-05-31,0.3514295005547215,0
87632,2012-05-31,0.4697639462667614,1
87633,2012-05-31,0.3057240998070341,1
87634,2012-05-31,0.15469040203208864,0
87635,2012-05-31,0.4419519996001791,0
87636,2012-05-31,0.340746234488553,0
87637,2012-05-31,0.4708027823451988,0
87638,2012-05-31,0.5011065327364365,0
87639,2012-05-31,0.33690912721905814,1
87640,2012-05-31,0.2804442506819924,0
87641,2012-05-31,0.41046522128401486,0
87642,2012-05-31,0.23120255653652697,0
87643,2012-05-31,0.46998280046924773,0
87644,2012-05-31,0.6408640505324614,1
87645,2012-05-31,0.25902654665606456,0
87646,2012-05-31,0.3204332301656522,1
87647,2012-05-31,0.5704237913541107,0
87648,2012-05-31,0.3946050577990339,0
87649,2012-05-31,0.4076343195632137,0
87650,2012-05-31,0.4168653576627992,0
87651,2012-05-31,0.3962025653979877,1
87652,2012-05-31,0.398185594080233,0
87653,2012-05-31,0.32748568714009674,0
87654,2012-05-31,0.3117354821054796,1
87655,2012-05-31,0.374341040796715,1
87656,2012-05-31,0.10672930797411705,0
87657,2012-05-31,0.3185477976820758,0
87658,2012-05-31,0.2274232871779386,0
87659,2012-05-31,0.2936448906648642,1
87660,2012-05-31,0.08743659184449347,0
87661,2012-05-31,0.5546375030288858,0
87662,2012-06-01,0.2637801716146728,0
87663,2012-06-01,0.5290510457024823,1
87664,2012-06-01,0.46292404013059446,0
87665,2012-06-01,0.4238810585135071,0
87666,2012-06-01,0.40001192031998106,0
87667,2012-06-01,0.0873684355482843,0
87668,2012-06-01,0.5941232692238246,0
87669,2012-06-01,0.37963150700298504,1
87670,2012-06-01,0.45501339843810695,0
87671,2012-06-01,0.1444142555985449,0
87672,2012-06-01,0.1785014747687067,0
87673,2012-06-01,0.4239578334104029,0
87674,2012-06-01,0.33686087210832255,0
87675,2012-06-01,0.25144945882239617,0
87676,2012-06-01,0.3350550455604036,0
87677,2012-06-01,0.10177065623000732,0
87678,2012-06-01,0.5225043307848712,0
87679,2012-06-01,0.48417898665505343,0
87680,2012-06-01,0.36409759028756616,1
87681,2012-06-01,0.18638223595496653,1
87682,2012-06-01,0.11784113568264583,1
87683,2012-06-01,0.18472934996105053,0
87684,2012-06-01,0.06530993410855562,0
87685,2012-06-01,0.5173250470076878,0
87686,2012-06-01,0.5748352521443303,1
87687,2012-06-01,0.42684964009611404,0
87688,2012-06-01,0.16298143374319393,0
87689,2012-06-01,0.3206686544080388,0
87690,2012-06-01,0.47119984641230955,1
87691,2012-06-01,0.2504878067616905,0
87692,2012-06-01,0.4448216894783269,1
87693,2012-06-01,0.33490993660001595,0
87694,2012-06-01,0.4663743718605997,0
87695,2012-06-01,0.1268362909123939,0
87696,2012-06-01,0.23433953986318481,0
87697,2012-06-01,0.45000337326872286,0
87698,2012-06-01,0.5064666218265361,0
87699,2012-06-01,0.31417329907655683,0
87700,2012-06-01,0.5382699083789234,0
87701,2012-06-01,0.4598693236532963,0
87702,2012-06-01,0.5890412623334811,1
87703,2012-06-01,0.6880810448571841,1
87704,2012-06-01,0.18898648456008024,0
87705,2012-06-01,0.24327314505915407,0
87706,2012-06-01,0.32263415308739174,1
87707,2012-06-01,0.44220539754286986,1
87708,2012-06-01,0.04547152665597345,0
87709,2012-06-01,0.5099818494255121,1
87710,2012-06-01,0.45622133483325644,0
87711,2012-06-01,0.4717851145210854,1
87712,2012-06-01,0.29735625968273416,0
87713,2012-06-01,0.35319016383866986,1
87714,2012-06-01,0.3372760924983467,1
87715,2012-06-01,0.3309451748576568,0
87716,2012-06-01,0.327056341372436,0
87717,2012-06-01,0.3981347086500459,1
87718,2012-06-01,0.4614159491533256,0
87719,2012-06-01,0.5692572403976455,0
87720,2012-06-01,0.43375592978757216,0
87721,2012-06-01,0.3908241961290299,1
87722,2012-06-01,0.3556713500564201,0
87723,2012-06-01,0.14637197198606997,0
87724,2012-06-01,0.4399350615519773,0
87725,2012-06-01,0.3160254084519056,0
87726,2012-06-01,0.41841889515534425,0
87727,2012-06-01,0.4686192037069557,0
87728,2012-06-01,0.3651749483847758,0
87729,2012-06-01,0.552453182369942,1
87730,2012-06-01,0.48323711235696604,1
87731,2012-06-01,0.5767880958258116,1
87732,2012-06-01,0.38138926574244136,1
87733,2012-06-01,0.49260155298423913,0
87734,2012-06-01,0.41094967276117333,0
87735,2012-06-01,0.4031857778541195,0
87736,2012-06-01,0.3070846944834269,1
87737,2012-06-01,0.32046419460307496,1
87738,2012-06-01,0.4048994972531956,1
87739,2012-06-01,0.7428920567923216,1
87740,2012-06-01,0.4193799966885099,0
87741,2012-06-01,0.32442321463487583,0
87742,2012-06-01,0.16415395252330356,0
87743,2012-06-01,0.47814186596199265,0
87744,2012-06-01,0.3183252754213834,1
87745,2012-06-01,0.4395609878884658,1
87746,2012-06-01,0.42465920457034434,1
87747,2012-06-01,0.4787170397251599,0
87748,2012-06-01,0.34293827449902087,0
87749,2012-06-01,0.41276630988578994,1
87750,2012-06-01,0.48231820897667305,0
87751,2012-06-01,0.241918239486773,0
87752,2012-06-01,0.4792036279860484,0
87753,2012-06-01,0.3743288037992176,1
87754,2012-06-01,0.6369103895414133,1
87755,2012-06-01,0.19450505072418744,0
87756,2012-06-01,0.284337973653668,0
87757,2012-06-01,0.4078734539869273,0
87758,2012-06-01,0.2846565605209101,0
87759,2012-06-01,0.40344321214422674,0
87760,2012-06-01,0.1852990794127989,0
87761,2012-06-01,0.4386878808414696,1
87762,2012-06-01,0.2969599170472664,1
87763,2012-06-01,0.4438944778663978,0
87764,2012-06-01,0.396371906159347,0
87765,2012-06-01,0.2776057220547195,0
87766,2012-06-01,0.12593008018066842,0
87767,2012-06-01,0.23949252293088563,0
87768,2012-06-01,0.2581025009284473,0
87769,2012-06-01,0.6130904280059788,0
87770,2012-06-01,0.6594251807585084,0
87771,2012-06-01,0.5267511448349025,0
87772,2012-06-02,0.48409360383342503,1
87773,2012-06-02,0.3005177671571361,1
87774,2012-06-02,0.41314981080448926,0
87775,2012-06-02,0.5476855930392294,0
87776,2012-06-02,0.48581539941882773,1
87777,2012-06-02,0.35780063021841074,0
87778,2012-06-02,0.5997761112209884,1
87779,2012-06-02,0.332501934512714,0
87780,2012-06-02,0.6582360921132512,1
87781,2012-06-02,0.45439335117496193,1
87782,2012-06-02,0.27417478643178295,0
87783,2012-06-02,0.3146740202673617,1
87784,2012-06-02,0.6088272032311174,1
87785,2012-06-02,0.27453487109701685,0
87786,2012-06-02,0.2507270641561423,0
87787,2012-06-02,0.1427147267139477,0
87788,2012-06-02,0.5958012807014499,1
87789,2012-06-02,0.3992752001115593,0
87790,2012-06-02,0.5739466914667424,1
87791,2012-06-02,0.3194277588533666,0
87792,2012-06-02,0.6496290250602335,1
87793,2012-06-02,0.44312259206868765,0
87794,2012-06-02,0.6003295328958776,1
87795,2012-06-02,0.30677873414006884,0
87796,2012-06-02,0.44337850623379654,1
87797,2012-06-02,0.572715934777747,0
87798,2012-06-02,0.1381190122707312,0
87799,2012-06-02,0.3825726226814235,0
87800,2012-06-02,0.5011878078501789,0
87801,2012-06-02,0.5067519743024674,1
87802,2012-06-02,0.5539192257151224,0
87803,2012-06-02,0.3376878726514046,0
87804,2012-06-02,0.3937177649626676,1
87805,2012-06-02,0.26246970730923197,0
87806,2012-06-02,0.433068176793456,0
87807,2012-06-02,0.5342418097754245,1
87808,2012-06-02,0.6578846369044272,0
87809,2012-06-02,0.3342529611590445,0
87810,2012-06-02,0.2727234826157439,0
87811,2012-06-02,0.4980258830858076,0
87812,2012-06-02,0.2384256899602595,1
87813,2012-06-02,0.5387941811107134,1
87814,2012-06-02,0.21737071628373664,0
87815,2012-06-02,0.39666245721748145,0
87816,2012-06-02,0.17984619876129898,0
87817,2012-06-02,0.28384988107527076,1
87818,2012-06-02,0.45531091021659087,0
87819,2012-06-02,0.4158668383322344,0
87820,2012-06-02,0.44268634250165206,0
87821,2012-06-02,0.5838420066256438,1
87822,2012-06-02,0.46328542694775793,0
87823,2012-06-02,0.3332209904187994,1
87824,2012-06-02,0.48105776256228944,0
87825,2012-06-02,0.6503293809013815,0
87826,2012-06-02,0.2543839498579465,0
87827,2012-06-02,0.3458733786789567,0
87828,2012-06-02,0.37058433005974645,1
87829,2012-06-02,0.3773597876379296,0
87830,2012-06-02,0.36410031098257584,0
87831,2012-06-02,0.3443943871102827,0
87832,2012-06-02,0.3483223876489362,1
87833,2012-06-02,0.562316009579057,1
87834,2012-06-02,0.26240518074021446,0
87835,2012-06-02,0.40723544662350514,1
87836,2012-06-02,0.3915292658039637,0
87837,2012-06-02,0.29706457037952655,0
87838,2012-06-02,0.43704921553881126,1
87839,2012-06-02,0.10324330808281573,0
87840,2012-06-02,0.23290954715291584,0
87841,2012-06-02,0.4898682393334271,1
87842,2012-06-02,0.3786442529430374,1
87843,2012-06-02,0.09745708128413348,0
87844,2012-06-02,0.5696858839362238,0
87845,2012-06-02,0.34382812919234956,1
87846,2012-06-02,0.08301281122881808,0
87847,2012-06-02,0.2170128698387335,0
87848,2012-06-02,0.48206694282459545,0
87849,2012-06-02,0.4782197961213941,0
87850,2012-06-02,0.30079576333339964,0
87851,2012-06-02,0.45192589945214273,0
87852,2012-06-02,0.12339489798076798,0
87853,2012-06-02,0.5445201370918353,1
87854,2012-06-02,0.25432084581762887,0
87855,2012-06-02,0.11072413682757333,0
87856,2012-06-02,0.4101489687143173,1
87857,2012-06-02,0.476606767977526,1
87858,2012-06-02,0.2507376664443085,1
87859,2012-06-02,0.23530069052295674,0
87860,2012-06-03,0.5517783832872739,1
87861,2012-06-03,0.39764190132910643,1
87862,2012-06-03,0.662557500856608,0
87863,2012-06-03,0.34115501449975344,1
87864,2012-06-03,0.18833813843074362,0
87865,2012-06-03,0.3502564827516935,1
87866,2012-06-03,0.42498121734477384,0
87867,2012-06-03,0.12684336616287978,0
87868,2012-06-03,0.33433317062641804,1
87869,2012-06-03,0.2912985073571595,0
87870,2012-06-03,0.37494745204266916,1
87871,2012-06-03,0.5031895782904022,1
87872,2012-06-03,0.195275725119412,0
87873,2012-06-03,0.19691362908413,0
87874,2012-06-03,0.45268863683645155,0
87875,2012-06-03,0.5530366244382201,0
87876,2012-06-03,0.5309912453008063,1
87877,2012-06-03,0.6353183889855086,1
87878,2012-06-03,0.41451004492204957,0
87879,2012-06-03,0.3924526312795639,0
87880,2012-06-03,0.29885273579238913,1
87881,2012-06-03,0.35234267287757465,0
87882,2012-06-03,0.42919858455747634,0
87883,2012-06-03,0.44130516749421017,0
87884,2012-06-03,0.3896443437383138,0
87885,2012-06-03,0.21607840718521665,1
87886,2012-06-03,0.182397517736338,0
87887,2012-06-03,0.5822195578212359,0
87888,2012-06-03,0.2685978286081964,1
87889,2012-06-03,0.43680486320679757,1
87890,2012-06-03,0.23841356419438237,0
87891,2012-06-03,0.569861417910007,0
87892,2012-06-03,0.4318607783001816,0
87893,2012-06-03,0.2645340143201144,0
87894,2012-06-03,0.36217663534931055,1
87895,2012-06-03,0.505424353109886,0
87896,2012-06-03,0.36447639905594587,0
87897,2012-06-03,0.41134587355762775,0
87898,2012-06-03,0.28739999281746675,0
87899,2012-06-03,0.15164774493243058,0
87900,2012-06-03,0.6111908903873171,1
87901,2012-06-03,0.25520404721727624,1
87902,2012-06-03,0.4160706193708024,0
87903,2012-06-03,0.19039026875631707,0
87904,2012-06-03,0.6594876963420465,1
87905,2012-06-03,0.46055889080349033,1
87906,2012-06-03,0.4039620027017719,1
87907,2012-06-03,0.49035531925196174,1
87908,2012-06-03,0.42858619814556154,0
87909,2012-06-03,0.5890588172648835,1
87910,2012-06-03,0.12058622508568616,0
87911,2012-06-03,0.5485908179135035,1
87912,2012-06-03,0.22902418240744604,0
87913,2012-06-03,0.4561622488483754,1
87914,2012-06-03,0.4244389457432507,0
87915,2012-06-03,0.2298713796051455,0
87916,2012-06-03,0.2679580278963114,0
87917,2012-06-03,0.352069255633077,1
87918,2012-06-03,0.34420220518865235,1
87919,2012-06-03,0.143816213659446,0
87920,2012-06-03,0.3406589836612071,0
87921,2012-06-03,0.18325510662956027,0
87922,2012-06-03,0.441856579566032,0
87923,2012-06-03,0.3960398657144076,1
87924,2012-06-03,0.3976196492047289,1
87925,2012-06-03,0.3967524169315907,1
87926,2012-06-03,0.4292234197461407,1
87927,2012-06-03,0.29638218617776585,0
87928,2012-06-03,0.3549183200010286,1
87929,2012-06-03,0.10699900227655887,0
87930,2012-06-03,0.21617909681449946,0
87931,2012-06-03,0.41349013452802486,1
87932,2012-06-03,0.24715868805809982,0
87933,2012-06-03,0.2785943230951847,1
87934,2012-06-03,0.3768756883961493,0
87935,2012-06-03,0.1625892202262266,0
87936,2012-06-03,0.3287536204401906,0
87937,2012-06-03,0.5982777068596261,1
87938,2012-06-03,0.19686182435757507,1
87939,2012-06-03,0.17312572432189943,1
87940,2012-06-03,0.554606287738312,0
87941,2012-06-03,0.49021747364466567,0
87942,2012-06-03,0.37101851438112693,0
87943,2012-06-03,0.1612864194729014,0
87944,2012-06-03,0.42751618180871037,0
87945,2012-06-03,0.23741759961801853,0
87946,2012-06-03,0.18374517383813743,0
87947,2012-06-03,0.434134097186299,0
87948,2012-06-03,0.3776900414132541,0
87949,2012-06-03,0.2918582540890935,0
87950,2012-06-03,0.12407089490619873,0
87951,2012-06-03,0.41514358397517703,0
87952,2012-06-03,0.3547748492530327,0
87953,2012-06-03,0.42465056108930493,1
87954,2012-06-03,0.31135588149647486,1
87955,2012-06-03,0.36547139660411687,1
87956,2012-06-03,0.48404706049472696,1
87957,2012-06-03,0.5188081970382167,0
87958,2012-06-03,0.4622235837234776,0
87959,2012-06-03,0.35191241290816816,0
87960,2012-06-03,0.2476118892523983,0
87961,2012-06-03,0.22977863832887205,0
87962,2012-06-03,0.505882257322653,0
87963,2012-06-03,0.5999942660132966,1
87964,2012-06-03,0.42544502390847927,0
87965,2012-06-03,0.5232847687087058,0
87966,2012-06-03,0.37840887472241985,1
87967,2012-06-03,0.1881367935405919,0
87968,2012-06-03,0.48952619829797717,0
87969,2012-06-03,0.5461961666395955,1
87970,2012-06-03,0.30973685916881094,0
87971,2012-06-03,0.3175503704066197,0
87972,2012-06-03,0.3939693558805801,0
87973,2012-06-03,0.19505651009812505,0
87974,2012-06-03,0.17768744462566743,0
87975,2012-06-03,0.36694428774921906,1
87976,2012-06-03,0.4557376721332272,1
87977,2012-06-03,0.22319940670624464,1
87978,2012-06-03,0.3289397991753315,0
87979,2012-06-03,0.2545810667705164,0
87980,2012-06-03,0.48011675541611953,0
87981,2012-06-03,0.5239477917978829,1
87982,2012-06-03,0.48227750691751237,0
87983,2012-06-03,0.14969142807179595,0
87984,2012-06-03,0.5084294847992729,0
87985,2012-06-03,0.3183365839166336,0
87986,2012-06-03,0.48696681971375055,1
87987,2012-06-03,0.2596151834687908,1
87988,2012-06-03,0.28230456934510456,0
87989,2012-06-03,0.25587241043180486,1
87990,2012-06-03,0.6051821116319248,0
87991,2012-06-03,0.48393634875228264,1
87992,2012-06-03,0.42299477528053514,0
87993,2012-06-03,0.319638465646752,0
87994,2012-06-03,0.4817673214105666,0
87995,2012-06-03,0.2906290811408555,1
87996,2012-06-03,0.4255608487183972,0
87997,2012-06-03,0.48384503047620125,1
87998,2012-06-03,0.26875334776145493,1
87999,2012-06-03,0.1008079187867368,0
88000,2012-06-03,0.2631478137426458,0
88001,2012-06-03,0.1925667795387699,0
88002,2012-06-03,0.19996596152434726,1
88003,2012-06-03,0.5433193290915337,1
88004,2012-06-03,0.5303940599115841,1
88005,2012-06-03,0.2901034073156608,0
88006,2012-06-03,0.22510074830592017,0
88007,2012-06-03,0.5037073012292381,0
88008,2012-06-03,0.5273823116508731,0
88009,2012-06-03,0.46121701587510855,1
88010,2012-06-03,0.1948057985413772,1
88011,2012-06-03,0.25041009623487626,0
88012,2012-06-03,0.24893019596446372,0
88013,2012-06-03,0.256993642403636,1
88014,2012-06-03,0.2963218708772295,1
88015,2012-06-03,0.37552353645403397,1
88016,2012-06-03,0.17997061270532705,0
88017,2012-06-03,0.2787489585893508,1
88018,2012-06-03,0.36112879087159094,1
88019,2012-06-03,0.1664376049869573,0
88020,2012-06-03,0.4571128180651853,0
88021,2012-06-03,0.39379895898909306,0
88022,2012-06-03,0.4480690838014996,1
88023,2012-06-03,0.4028168745317601,1
88024,2012-06-03,0.19925982970027956,0
88025,2012-06-03,0.19479420906748926,0
88026,2012-06-03,0.46213247210750286,1
88027,2012-06-03,0.3925690560851407,0
88028,2012-06-03,0.12489617005102097,0
88029,2012-06-03,0.33775828517797823,0
88030,2012-06-03,0.5743963147976311,0
88031,2012-06-03,0.14821385114563168,0
88032,2012-06-03,0.37086544567863167,0
88033,2012-06-03,0.16317537429116813,0
88034,2012-06-03,0.4555902438416034,0
88035,2012-06-03,0.36032750661264334,0
88036,2012-06-03,0.516305869320301,0
88037,2012-06-03,0.2903802999067033,0
88038,2012-06-03,0.47806508563953853,1
88039,2012-06-03,0.10895068029456843,0
88040,2012-06-03,0.36116882882631685,0
88041,2012-06-03,0.48986492759482686,1
88042,2012-06-03,0.619192909409507,1
88043,2012-06-03,0.38855048511633394,1
88044,2012-06-03,0.4553005993047162,1
88045,2012-06-03,0.43171809217467727,0
88046,2012-06-03,0.3828278640990364,0
88047,2012-06-03,0.675407833038302,0
88048,2012-06-03,0.38341960772616857,0
88049,2012-06-03,0.4000405417966996,1
88050,2012-06-03,0.3104044174057717,0
88051,2012-06-03,0.34724824901584755,0
88052,2012-06-03,0.612292214813057,1
88053,2012-06-03,0.40434240889365863,1
88054,2012-06-03,0.1394567614555199,0
88055,2012-06-03,0.48153244726249983,1
88056,2012-06-03,0.2557818070557378,0
88057,2012-06-03,0.2612551504083732,0
88058,2012-06-03,0.24467368459044986,0
88059,2012-06-03,0.40767508923972273,1
88060,2012-06-03,0.2223161592029055,0
88061,2012-06-03,0.234655961425658,0
88062,2012-06-03,0.5004141868300487,0
88063,2012-06-03,0.5884184773902176,0
88064,2012-06-03,0.45361202045526544,0
88065,2012-06-03,0.3302400692186175,0
88066,2012-06-03,0.5293724535704302,1
88067,2012-06-03,0.3846714869301159,0
88068,2012-06-03,0.4591715581174903,0
88069,2012-06-03,0.40951343142168256,1
88070,2012-06-03,0.5061501572562541,0
88071,2012-06-03,0.4376626664308449,1
88072,2012-06-03,0.4785449280011201,1
88073,2012-06-03,0.31570466086710386,1
88074,2012-06-03,0.49330270703098994,0
88075,2012-06-03,0.488628150600558,1
88076,2012-06-03,0.43345012295491075,0
88077,2012-06-03,0.5361905029682668,1
88078,2012-06-03,0.4171531315656153,0
88079,2012-06-03,0.2929293660304115,0
88080,2012-06-03,0.3397471267238993,0
88081,2012-06-03,0.22215537775508257,1
88082,2012-06-03,0.5651701544939005,1
88083,2012-06-03,0.32973274997198876,1
88084,2012-06-04,0.36772025037807626,0
88085,2012-06-04,0.25604616123753726,0
88086,2012-06-04,0.3541050294349575,0
88087,2012-06-04,0.2200095072886175,0
88088,2012-06-04,0.3244290387483768,0
88089,2012-06-04,0.5311054260283858,0
88090,2012-06-04,0.17193045881387423,1
88091,2012-06-04,0.24493798446022508,1
88092,2012-06-04,0.3294035212718838,0
88093,2012-06-04,0.4772064256825346,1
88094,2012-06-04,0.5678385833313502,1
88095,2012-06-04,0.5540384240416051,1
88096,2012-06-04,0.5054660562752785,1
88097,2012-06-04,0.5938396272758221,1
88098,2012-06-04,0.3156725961136582,0
88099,2012-06-04,0.45024851539992394,1
88100,2012-06-04,0.1758919434019671,0
88101,2012-06-04,0.4463673638113955,0
88102,2012-06-04,0.2903393073441249,1
88103,2012-06-04,0.5260158070633019,1
88104,2012-06-04,0.4102292142039447,0
88105,2012-06-04,0.30099375830473246,0
88106,2012-06-04,0.5021696284381705,1
88107,2012-06-04,0.41950541268760266,1
88108,2012-06-04,0.21031861996766935,0
88109,2012-06-04,0.2802870938716539,1
88110,2012-06-04,0.4155400608875614,1
88111,2012-06-04,0.3758783683627077,0
88112,2012-06-04,0.4649505624014536,1
88113,2012-06-04,0.30104839505339726,1
88114,2012-06-04,0.15933737085515223,1
88115,2012-06-04,0.4107672592580403,1
88116,2012-06-04,0.3480990707575499,1
88117,2012-06-04,0.4834273344549817,1
88118,2012-06-04,0.4485316054871177,1
88119,2012-06-04,0.352748914925318,0
88120,2012-06-04,0.40691653795351357,1
88121,2012-06-04,0.4140241848610459,1
88122,2012-06-04,0.39070569938224503,0
88123,2012-06-04,0.535073785961319,1
88124,2012-06-04,0.24457621783279054,0
88125,2012-06-04,0.641837471374009,1
88126,2012-06-04,0.5294207579265422,1
88127,2012-06-04,0.51507693064478,1
88128,2012-06-04,0.574991325344405,1
88129,2012-06-04,0.39651725551527106,0
88130,2012-06-04,0.3969648943643516,1
88131,2012-06-04,0.4807778287861327,1
88132,2012-06-04,0.48241834926502203,1
88133,2012-06-04,0.24570376808593225,0
88134,2012-06-04,0.45612780749739135,0
88135,2012-06-04,0.5203198604565323,1
88136,2012-06-04,0.3905229620266376,0
88137,2012-06-04,0.4176570945265508,0
88138,2012-06-04,0.3317755585597302,0
88139,2012-06-04,0.3545889621745137,0
88140,2012-06-04,0.28474333688916903,1
88141,2012-06-04,0.38908605232569077,0
88142,2012-06-04,0.5626265175639351,1
88143,2012-06-04,0.4253325974761989,0
88144,2012-06-04,0.5027606933238596,1
88145,2012-06-04,0.5395046678683627,0
88146,2012-06-04,0.5383117944951861,1
88147,2012-06-04,0.48372476162963396,1
88148,2012-06-04,0.4476807336691598,0
88149,2012-06-04,0.38223550662233047,0
88150,2012-06-04,0.17005341254109985,0
88151,2012-06-04,0.3591526397218484,1
88152,2012-06-04,0.3485750099470192,0
88153,2012-06-04,0.4517985777359155,1
88154,2012-06-04,0.6318885084124622,0
88155,2012-06-04,0.214499344663842,0
88156,2012-06-04,0.20383791659939157,1
88157,2012-06-04,0.2684359899649936,0
88158,2012-06-04,0.16912190795113738,0
88159,2012-06-04,0.2506350091888919,0
88160,2012-06-04,0.257486664949997,1
88161,2012-06-04,0.41940066267694204,1
88162,2012-06-04,0.6593663621453573,1
88163,2012-06-04,0.12582828978461355,0
88164,2012-06-04,0.35694401636240136,0
88165,2012-06-04,0.19653485820355038,0
88166,2012-06-04,0.21705538330698754,0
88167,2012-06-04,0.4393811704547522,1
88168,2012-06-04,0.46303093548708996,0
88169,2012-06-04,0.31773199328459295,0
88170,2012-06-04,0.40901577804730177,1
88171,2012-06-04,0.32146007579493074,1
88172,2012-06-04,0.31134070076237014,1
88173,2012-06-04,0.22367900496620818,1
88174,2012-06-04,0.33543151387608233,0
88175,2012-06-04,0.5772175055287887,1
88176,2012-06-04,0.3968516533028517,0
88177,2012-06-04,0.3957898672554182,0
88178,2012-06-04,0.3406647464879677,1
88179,2012-06-04,0.4128615904617832,1
88180,2012-06-04,0.511900671291221,0
88181,2012-06-04,0.3761431144443062,1
88182,2012-06-04,0.40866235849508964,1
88183,2012-06-04,0.2809297521291696,0
88184,2012-06-04,0.34742135559472787,1
88185,2012-06-04,0.3340257496022489,0
88186,2012-06-04,0.4434707732385805,0
88187,2012-06-04,0.3120206271124032,0
88188,2012-06-04,0.5723430263160121,0
88189,2012-06-04,0.30018368123276795,0
88190,2012-06-04,0.11269869915818456,0
88191,2012-06-04,0.3618583644717293,1
88192,2012-06-04,0.48186665190086414,1
88193,2012-06-04,0.297840357485496,1
88194,2012-06-04,0.45315431360501873,0
88195,2012-06-04,0.275913285697646,0
88196,2012-06-04,0.3554421369298143,0
88197,2012-06-04,0.4820510136398498,1
88198,2012-06-04,0.1945069894043218,0
88199,2012-06-04,0.20401384719358573,1
88200,2012-06-04,0.21803734842487774,0
88201,2012-06-04,0.2218516198640751,0
88202,2012-06-04,0.17443322523740673,0
88203,2012-06-04,0.30583636202409475,0
88204,2012-06-04,0.5564841576967394,1
88205,2012-06-04,0.43968413846463195,0
88206,2012-06-04,0.37567235114082453,1
88207,2012-06-04,0.20751272843328483,0
88208,2012-06-04,0.6225599528823986,1
88209,2012-06-04,0.17395891625424156,0
88210,2012-06-04,0.37973307491751096,0
88211,2012-06-04,0.41544367641365293,0
88212,2012-06-04,0.4229829238021188,0
88213,2012-06-04,0.24272055768107076,0
88214,2012-06-04,0.2532163456408541,1
88215,2012-06-04,0.48159350963005654,1
88216,2012-06-04,0.3289595310112251,0
88217,2012-06-04,0.3615897329464626,1
88218,2012-06-04,0.43773743372976437,0
88219,2012-06-04,0.40075190557203355,0
88220,2012-06-04,0.3956166226990124,0
88221,2012-06-04,0.45595757333296516,1
88222,2012-06-04,0.3811799945280238,0
88223,2012-06-04,0.293278743350647,1
88224,2012-06-04,0.3529748604481475,0
88225,2012-06-04,0.40920682750164716,1
88226,2012-06-04,0.5827460526923172,0
88227,2012-06-04,0.3334268153214392,0
88228,2012-06-04,0.43957629785219854,1
88229,2012-06-04,0.4232469988575962,1
88230,2012-06-04,0.22197859804727865,1
88231,2012-06-04,0.44806285813350616,0
88232,2012-06-04,0.38038268438989853,0
88233,2012-06-04,0.19733370704835068,1
88234,2012-06-04,0.43295911463093545,0
88235,2012-06-04,0.44044157491505825,0
88236,2012-06-04,0.3261094037213236,0
88237,2012-06-04,0.365362358178202,0
88238,2012-06-04,0.5389320636481603,1
88239,2012-06-04,0.3007403943653372,0
88240,2012-06-04,0.25038758176332826,0
88241,2012-06-04,0.25345722485014777,1
88242,2012-06-04,0.5398295989556292,0
88243,2012-06-04,0.333929134880856,0
88244,2012-06-04,0.4981790033419245,1
88245,2012-06-04,0.38352141663718553,1
88246,2012-06-04,0.5499688233644474,1
88247,2012-06-04,0.34361006205960004,0
88248,2012-06-04,0.22467056914099692,0
88249,2012-06-04,0.393188775196568,0
88250,2012-06-04,0.5851781219372709,1
88251,2012-06-04,0.4075604304424582,1
88252,2012-06-04,0.40181172188502884,0
88253,2012-06-04,0.38170063381324826,0
88254,2012-06-04,0.34330576608778446,0
88255,2012-06-04,0.48760945907068787,0
88256,2012-06-04,0.47743495180945406,1
88257,2012-06-04,0.4777759328801161,1
88258,2012-06-04,0.3771425861074596,1
88259,2012-06-04,0.255981245466503,0
88260,2012-06-04,0.7213177243654848,0
88261,2012-06-04,0.3678551801458473,1
88262,2012-06-04,0.3771439112395168,1
88263,2012-06-04,0.26591550484884585,0
88264,2012-06-04,0.2959168410504157,0
88265,2012-06-04,0.591528534405847,1
88266,2012-06-04,0.17557839042668877,1
88267,2012-06-04,0.16463771805395824,1
88268,2012-06-04,0.44320742562248744,1
88269,2012-06-04,0.38288631968624137,1
88270,2012-06-04,0.2578296111388902,0
88271,2012-06-04,0.40556556979644365,0
88272,2012-06-04,0.48964662564433276,0
88273,2012-06-04,0.14642866068576213,0
88274,2012-06-04,0.30960190712097224,1
88275,2012-06-04,0.4098952539156221,0
88276,2012-06-04,0.32693584212636523,0
88277,2012-06-04,0.3709383314021524,1
88278,2012-06-04,0.45615372687066624,0
88279,2012-06-04,0.3043673918864017,1
88280,2012-06-04,0.13551119372783713,0
88281,2012-06-04,0.562344770880647,1
88282,2012-06-04,0.4019037936760539,1
88283,2012-06-04,0.3231344971416855,0
88284,2012-06-04,0.2725682179988324,1
88285,2012-06-04,0.5316186606571789,1
88286,2012-06-04,0.2241544952203456,0
88287,2012-06-04,0.30418237347103394,0
88288,2012-06-04,0.30744131355650434,1
88289,2012-06-04,0.5297920514653546,0
88290,2012-06-04,0.655651357359161,1
88291,2012-06-04,0.5687558863805148,1
88292,2012-06-04,0.29688488520582357,0
88293,2012-06-04,0.4189067072219722,0
88294,2012-06-04,0.2856964486593221,0
88295,2012-06-04,0.45895635464741874,1
88296,2012-06-04,0.4125575104701861,1
88297,2012-06-04,0.3743196232387712,1
88298,2012-06-04,0.20109912692697982,0
88299,2012-06-04,0.435771969804155,0
88300,2012-06-04,0.6504958892920314,1
88301,2012-06-04,0.5147607481039264,0
88302,2012-06-04,0.41849642677427035,0
88303,2012-06-04,0.541889056929193,1
88304,2012-06-04,0.45394685069307883,0
88305,2012-06-04,0.46158314636539804,1
88306,2012-06-04,0.27730693783783567,0
88307,2012-06-04,0.5383397234443386,1
88308,2012-06-04,0.39276043362945223,0
88309,2012-06-04,0.47460030352227667,1
88310,2012-06-04,0.4047382656925837,1
88311,2012-06-04,0.599819726473303,0
88312,2012-06-04,0.5223158454257799,1
88313,2012-06-04,0.32006089302372376,0
88314,2012-06-04,0.3676525925762678,0
88315,2012-06-04,0.3918409114312082,0
88316,2012-06-04,0.4239618309845353,1
88317,2012-06-04,0.3713460024973743,0
88318,2012-06-04,0.38565772109187924,0
88319,2012-06-04,0.5092414004544454,1
88320,2012-06-04,0.5711946629087744,1
88321,2012-06-04,0.249687551732399,0
88322,2012-06-04,0.25269734294715473,0
88323,2012-06-04,0.6297730079056488,0
88324,2012-06-04,0.4391311933417511,0
88325,2012-06-04,0.4040162516678341,0
88326,2012-06-04,0.4767000341171159,1
88327,2012-06-04,0.6598232455716352,1
88328,2012-06-04,0.166180507825583,0
88329,2012-06-04,0.3856998589267256,0
88330,2012-06-04,0.4003726057260983,1
88331,2012-06-04,0.41906245382567825,0
88332,2012-06-04,0.5377611357077976,0
88333,2012-06-04,0.25103967931534393,1
88334,2012-06-04,0.31722316945239115,0
88335,2012-06-04,0.4322034207792754,0
88336,2012-06-04,0.41648666020128067,1
88337,2012-06-04,0.40511861684456735,0
88338,2012-06-04,0.39631497936920546,1
88339,2012-06-04,0.44568976034768126,1
88340,2012-06-04,0.467188501374583,0
88341,2012-06-04,0.49426246722808087,1
88342,2012-06-04,0.4129712045013588,0
88343,2012-06-04,0.24782950605354703,0
88344,2012-06-04,0.2456827395907331,1
88345,2012-06-04,0.31247052150119203,1
88346,2012-06-04,0.478935349853639,1
88347,2012-06-04,0.529559264230581,1
88348,2012-06-04,0.31420268016976866,0
88349,2012-06-04,0.32688779340171575,0
88350,2012-06-04,0.39583597502019663,1
88351,2012-06-04,0.1936990443640171,0
88352,2012-06-04,0.4527174222690842,1
88353,2012-06-04,0.30822728433090774,1
88354,2012-06-04,0.3257417644248233,0
88355,2012-06-04,0.6384186541574132,1
88356,2012-06-04,0.3098142038484414,0
88357,2012-06-04,0.38560917697962804,0
88358,2012-06-04,0.153444689095709,0
88359,2012-06-04,0.29906509244317553,1
88360,2012-06-04,0.4791530621651115,1
88361,2012-06-04,0.40725699517910235,1
88362,2012-06-04,0.30797280714339165,1
88363,2012-06-04,0.23645596296233576,0
88364,2012-06-04,0.4506123170987355,0
88365,2012-06-04,0.3723706775665206,0
88366,2012-06-04,0.5976858499483982,1
88367,2012-06-04,0.3796933648786445,0
88368,2012-06-04,0.36932300682927777,0
88369,2012-06-04,0.3365751359202894,0
88370,2012-06-04,0.28115864282581143,1
88371,2012-06-04,0.6702832648043059,1
88372,2012-06-04,0.32398595698399413,0
88373,2012-06-04,0.17921655364213981,1
88374,2012-06-04,0.4181566594465999,0
88375,2012-06-04,0.33901482598275995,0
88376,2012-06-04,0.36004426429610964,1
88377,2012-06-04,0.4534643551476947,1
88378,2012-06-04,0.4064979604022518,1
88379,2012-06-04,0.46119086666055426,1
88380,2012-06-04,0.3072528798347389,0
88381,2012-06-04,0.39101643133522024,0
88382,2012-06-04,0.4173968977222631,0
88383,2012-06-04,0.2884984948627472,0
88384,2012-06-04,0.4676624149559893,1
88385,2012-06-04,0.3759545885833216,1
88386,2012-06-04,0.3037346745300792,0
88387,2012-06-04,0.32690644462293755,0
88388,2012-06-04,0.2128564104580418,0
88389,2012-06-04,0.359156210505979,0
88390,2012-06-04,0.3249563358582336,0
88391,2012-06-04,0.4335398103478256,0
88392,2012-06-04,0.4479466607622345,0
88393,2012-06-04,0.40794217581575537,0
88394,2012-06-04,0.1181499630897074,0
88395,2012-06-04,0.21920115341272858,0
88396,2012-06-04,0.37131002149282155,0
88397,2012-06-04,0.35800183688286996,0
88398,2012-06-04,0.591788657873444,0
88399,2012-06-04,0.3569653946549995,0
88400,2012-06-04,0.44827915980812066,0
88401,2012-06-04,0.522549518350955,0
88402,2012-06-04,0.36711158706920616,0
88403,2012-06-04,0.32830414004103275,0
88404,2012-06-04,0.2645559956572934,0
88405,2012-06-04,0.4046736711055893,0
88406,2012-06-04,0.2743229956142745,0
88407,2012-06-04,0.6065003655765373,0
88408,2012-06-04,0.4463565905599155,0
88409,2012-06-04,0.2297533583522039,0
88410,2012-06-04,0.29244615061944623,0
88411,2012-06-04,0.4571764075254177,0
88412,2012-06-04,0.4953181791209326,1
88413,2012-06-04,0.35591436035986396,1
88414,2012-06-04,0.45899630461047203,0
88415,2012-06-04,0.22998640629877176,0
88416,2012-06-04,0.39709719193197646,0
88417,2012-06-04,0.2976745599819629,0
88418,2012-06-04,0.5782112917132793,0
88419,2012-06-04,0.520064540277042,1
88420,2012-06-04,0.1812781710915158,0
88421,2012-06-04,0.262774566549342,0
88422,2012-06-04,0.3426401743198276,1
88423,2012-06-04,0.2953520346821283,0
88424,2012-06-04,0.37450506342904477,0
88425,2012-06-04,0.4179904976069185,0
88426,2012-06-04,0.2775986077563906,0
88427,2012-06-04,0.42992094646336354,1
88428,2012-06-04,0.5887798747404728,1
88429,2012-06-04,0.2454866582972394,0
88430,2012-06-04,0.34099466675562545,0
88431,2012-06-04,0.45820255580228697,1
88432,2012-06-04,0.4914520688924491,0
88433,2012-06-04,0.5606290126096,0
88434,2012-06-04,0.5988593083517438,0
88435,2012-06-04,0.45033873074953096,1
88436,2012-06-05,0.0669763908545895,0
88437,2012-06-05,0.08127491770381569,0
88438,2012-06-05,0.34497903990147416,0
88439,2012-06-05,0.2767094003919025,0
88440,2012-06-05,0.30272929668365567,0
88441,2012-06-05,0.4514807411772362,0
88442,2012-06-05,0.17340437639833456,1
88443,2012-06-05,0.2629339639696952,0
88444,2012-06-05,0.16318847058810718,0
88445,2012-06-05,0.4174251677630684,0
88446,2012-06-05,0.3916392737446783,0
88447,2012-06-05,0.552521899783792,0
88448,2012-06-06,0.37180411281483255,0
88449,2012-06-06,0.44456432954175634,0
88450,2012-06-06,0.4307367598434119,1
88451,2012-06-06,0.4194779535489228,1
88452,2012-06-06,0.3363048278005176,0
88453,2012-06-06,0.35399619541331456,1
88454,2012-06-06,0.3923016215681374,0
88455,2012-06-06,0.33560371176318937,0
88456,2012-06-06,0.3548190649825365,0
88457,2012-06-06,0.37862024342190337,0
88458,2012-06-06,0.39691150988735385,0
88459,2012-06-06,0.24984081146867293,0
88460,2012-06-06,0.5250386867505177,1
88461,2012-06-06,0.5585630699758064,1
88462,2012-06-06,0.22604875024119733,0
88463,2012-06-06,0.40409064007638673,0
88464,2012-06-06,0.35364434901575864,1
88465,2012-06-06,0.1381201651479361,0
88466,2012-06-06,0.2412034063332442,0
88467,2012-06-06,0.3182562265590421,0
88468,2012-06-06,0.5300629939686182,1
88469,2012-06-06,0.482394599709839,0
88470,2012-06-06,0.374191870330759,1
88471,2012-06-06,0.2505866414513721,1
88472,2012-06-06,0.2163643919610877,1
88473,2012-06-06,0.41005202648377564,0
88474,2012-06-06,0.26719714839731473,1
88475,2012-06-06,0.4941011379574557,1
88476,2012-06-06,0.428921621152055,1
88477,2012-06-06,0.41612992970361196,0
88478,2012-06-06,0.4945499704621005,1
88479,2012-06-06,0.4601555624660915,0
88480,2012-06-06,0.4665040305247294,1
88481,2012-06-06,0.3976773666416067,0
88482,2012-06-06,0.37421589708055564,1
88483,2012-06-06,0.48631195664959276,0
88484,2012-06-06,0.09712460840566348,0
88485,2012-06-06,0.2770004600909162,0
88486,2012-06-06,0.27231853083999946,0
88487,2012-06-06,0.36647848796006033,0
88488,2012-06-06,0.272629162035522,0
88489,2012-06-06,0.430825417636478,1
88490,2012-06-06,0.38741306514013857,0
88491,2012-06-06,0.43012202611592737,1
88492,2012-06-06,0.31039651914680644,1
88493,2012-06-06,0.21574466631302985,0
88494,2012-06-06,0.46808947078903834,0
88495,2012-06-06,0.2718735968944124,1
88496,2012-06-06,0.28422306566075844,1
88497,2012-06-06,0.26547628207773755,1
88498,2012-06-06,0.4143893768893078,0
88499,2012-06-06,0.2844664837057331,1
88500,2012-06-06,0.38345409728643615,0
88501,2012-06-06,0.5799251718301158,1
88502,2012-06-06,0.10519162070785902,0
88503,2012-06-06,0.24664331863470235,0
88504,2012-06-06,0.5687055472522873,0
88505,2012-06-06,0.09711010956483924,0
88506,2012-06-06,0.3897303516805085,0
88507,2012-06-06,0.4247277429799316,0
88508,2012-06-06,0.5409001256496875,0
88509,2012-06-06,0.15625562307036417,0
88510,2012-06-06,0.1782401457034938,0
88511,2012-06-06,0.26332838815922743,1
88512,2012-06-06,0.439065314372082,1
88513,2012-06-06,0.4827881750101088,1
88514,2012-06-06,0.3931151228017379,0
88515,2012-06-06,0.40368996370100535,0
88516,2012-06-06,0.27522368237595246,1
88517,2012-06-06,0.5423608121280027,1
88518,2012-06-06,0.2261335728683166,1
88519,2012-06-06,0.2717494896706632,1
88520,2012-06-06,0.29337595256769755,0
88521,2012-06-06,0.4042411911653574,1
88522,2012-06-06,0.5097001481620808,0
88523,2012-06-06,0.485897675634399,1
88524,2012-06-06,0.46267808693064133,1
88525,2012-06-06,0.5062460539460863,1
88526,2012-06-06,0.5891309802491496,0
88527,2012-06-06,0.1824042421670004,1
88528,2012-06-06,0.350586593886268,1
88529,2012-06-06,0.29328876126119907,0
88530,2012-06-06,0.18305036688368656,0
88531,2012-06-06,0.46922240003843224,1
88532,2012-06-06,0.25017492415501913,1
88533,2012-06-06,0.22446152195299343,0
88534,2012-06-06,0.20318101838737884,0
88535,2012-06-06,0.49550697858270276,0
88536,2012-06-06,0.40956918992423796,1
88537,2012-06-06,0.4901384784593719,1
88538,2012-06-06,0.29390416147164755,1
88539,2012-06-06,0.3731817962597655,0
88540,2012-06-06,0.38410795007212784,0
88541,2012-06-06,0.09226896072344792,0
88542,2012-06-06,0.461364349978339,0
88543,2012-06-06,0.41791176256513535,0
88544,2012-06-06,0.32305807817395465,0
88545,2012-06-06,0.43842987998332356,1
88546,2012-06-06,0.5825575931452083,1
88547,2012-06-06,0.35802679520366787,0
88548,2012-06-07,0.4245449620325387,1
88549,2012-06-07,0.10255798231075502,0
88550,2012-06-07,0.325218698530408,1
88551,2012-06-07,0.28852024682371985,1
88552,2012-06-07,0.45335206544352663,1
88553,2012-06-07,0.26910598519898066,1
88554,2012-06-07,0.5204878979925714,1
88555,2012-06-07,0.4573654182564204,0
88556,2012-06-07,0.29882248345514717,0
88557,2012-06-07,0.2720980924753946,0
88558,2012-06-07,0.25517398698227933,0
88559,2012-06-07,0.558484140023786,1
88560,2012-06-07,0.25162902141319876,1
88561,2012-06-07,0.25936559260658043,0
88562,2012-06-07,0.5717665046144806,1
88563,2012-06-07,0.331503127874749,1
88564,2012-06-07,0.262797902429972,0
88565,2012-06-07,0.5684809673325179,1
88566,2012-06-07,0.6158453152946037,1
88567,2012-06-07,0.47807687713646,1
88568,2012-06-07,0.4070669537120265,0
88569,2012-06-07,0.31062612926551136,0
88570,2012-06-07,0.585965783353657,1
88571,2012-06-07,0.46173552491580655,0
88572,2012-06-07,0.3915312671097361,1
88573,2012-06-07,0.25455710543678994,0
88574,2012-06-07,0.33381396800350005,0
88575,2012-06-07,0.1764123943807921,0
88576,2012-06-07,0.42103148023712106,0
88577,2012-06-07,0.49205472419488827,0
88578,2012-06-07,0.323994024832707,0
88579,2012-06-07,0.19281682137270723,0
88580,2012-06-07,0.36427913036181725,0
88581,2012-06-07,0.17032359514056924,0
88582,2012-06-07,0.41883423336094966,0
88583,2012-06-07,0.26145138184667666,0
88584,2012-06-07,0.25811619301577504,0
88585,2012-06-07,0.5883713618267669,1
88586,2012-06-07,0.4206262738396417,0
88587,2012-06-07,0.21514449073592787,0
88588,2012-06-07,0.5255540383721,1
88589,2012-06-07,0.49816105634014546,0
88590,2012-06-07,0.35426565223751544,1
88591,2012-06-07,0.32334446594971356,0
88592,2012-06-07,0.20220794718584453,0
88593,2012-06-07,0.6713716991265457,1
88594,2012-06-07,0.3686684681579227,0
88595,2012-06-07,0.48758139901834563,1
88596,2012-06-07,0.6139623302795323,1
88597,2012-06-07,0.4925549835890934,1
88598,2012-06-07,0.3587798289200162,0
88599,2012-06-07,0.325215879062917,0
88600,2012-06-07,0.2976773602323785,0
88601,2012-06-07,0.19820432156324563,0
88602,2012-06-07,0.2489091014309843,0
88603,2012-06-07,0.4837720101392348,0
88604,2012-06-07,0.3625948546132596,0
88605,2012-06-07,0.21439258408355055,0
88606,2012-06-07,0.4125161331090756,1
88607,2012-06-07,0.5106336170759166,1
88608,2012-06-07,0.23476281011605732,0
88609,2012-06-07,0.22822911995584513,0
88610,2012-06-07,0.41797851491639393,1
88611,2012-06-07,0.12030124163195575,0
88612,2012-06-07,0.3106482247107577,0
88613,2012-06-07,0.34270335972351385,1
88614,2012-06-07,0.5525288227584058,1
88615,2012-06-07,0.38499036726447305,1
88616,2012-06-07,0.5162849343846018,0
88617,2012-06-07,0.2666025825819238,0
88618,2012-06-07,0.3827179334152948,0
88619,2012-06-07,0.3911224492553877,0
88620,2012-06-07,0.4160343943864261,0
88621,2012-06-07,0.610370103843407,1
88622,2012-06-07,0.49519156561371225,0
88623,2012-06-07,0.5062463561014648,1
88624,2012-06-07,0.448839419884231,1
88625,2012-06-07,0.4613168230536504,0
88626,2012-06-07,0.4087578793622089,1
88627,2012-06-07,0.14890328530326777,1
88628,2012-06-07,0.21683882213726655,0
88629,2012-06-07,0.43097884448163976,1
88630,2012-06-07,0.5648006188066158,0
88631,2012-06-07,0.24528313363836515,0
88632,2012-06-07,0.3236695911082844,0
88633,2012-06-07,0.3256935218737384,0
88634,2012-06-07,0.24294556186699362,0
88635,2012-06-07,0.29920636932537803,0
88636,2012-06-07,0.4468461880183917,1
88637,2012-06-07,0.5542227797989592,0
88638,2012-06-07,0.3658089257726093,0
88639,2012-06-07,0.16332242325328766,0
88640,2012-06-07,0.15507253351370082,1
88641,2012-06-07,0.3295604484497723,1
88642,2012-06-07,0.3692870890697391,0
88643,2012-06-07,0.46572685116062945,1
88644,2012-06-07,0.39183736740191083,1
88645,2012-06-07,0.3882880092857736,1
88646,2012-06-07,0.33165149372017694,0
88647,2012-06-07,0.3510941010745997,1
88648,2012-06-07,0.48497837307305147,0
88649,2012-06-07,0.3788312269632432,0
88650,2012-06-07,0.2936556620065969,1
88651,2012-06-07,0.24255633608562027,0
88652,2012-06-08,0.5371719138222777,0
88653,2012-06-08,0.4572921527911392,0
88654,2012-06-08,0.3594207174251232,1
88655,2012-06-08,0.2861099802328203,0
88656,2012-06-08,0.48836479499532987,0
88657,2012-06-08,0.46839865214257814,0
88658,2012-06-08,0.6071337636044479,1
88659,2012-06-08,0.4602115061796885,1
88660,2012-06-08,0.1998412239789539,0
88661,2012-06-08,0.45157074181564166,1
88662,2012-06-08,0.3770996398729854,0
88663,2012-06-08,0.35048309240560355,1
88664,2012-06-08,0.36467470234760074,0
88665,2012-06-08,0.2805178181248523,1
88666,2012-06-08,0.45700052555909054,1
88667,2012-06-08,0.20854767579376,0
88668,2012-06-08,0.28912396419861536,0
88669,2012-06-08,0.4864378148014334,1
88670,2012-06-08,0.45227600830512976,1
88671,2012-06-08,0.5310579916457385,0
88672,2012-06-08,0.4812511161854484,0
88673,2012-06-08,0.30395796453828616,1
88674,2012-06-08,0.3480230950243598,0
88675,2012-06-08,0.2521381971090951,0
88676,2012-06-08,0.36026604287192204,0
88677,2012-06-08,0.45495332102484437,0
88678,2012-06-08,0.22960296060950156,0
88679,2012-06-08,0.5536411456424164,0
88680,2012-06-08,0.28093395986232395,1
88681,2012-06-08,0.1557427819118495,0
88682,2012-06-08,0.3227873052586631,0
88683,2012-06-08,0.45236254812701615,1
88684,2012-06-08,0.6178444312759098,0
88685,2012-06-08,0.3880621089471334,0
88686,2012-06-08,0.4053552558733863,1
88687,2012-06-08,0.18097315822290128,0
88688,2012-06-08,0.3315455250157965,0
88689,2012-06-08,0.24475950757078727,1
88690,2012-06-08,0.4539289704936347,0
88691,2012-06-08,0.3346477166019167,0
88692,2012-06-08,0.6869013527377635,1
88693,2012-06-08,0.31407278700621016,0
88694,2012-06-08,0.13139610931850706,0
88695,2012-06-08,0.31982675200093114,1
88696,2012-06-08,0.5049825172514877,1
88697,2012-06-08,0.2980078494888989,0
88698,2012-06-08,0.39651281171775865,0
88699,2012-06-08,0.40162540395244456,0
88700,2012-06-08,0.27632687620286644,0
88701,2012-06-08,0.2288624851821167,0
88702,2012-06-08,0.18060462991027,0
88703,2012-06-08,0.5314342105016798,1
88704,2012-06-08,0.30163630533511276,0
88705,2012-06-08,0.4817308675640299,1
88706,2012-06-08,0.5240949979859094,1
88707,2012-06-08,0.25510214138407866,0
88708,2012-06-08,0.3346893403313129,0
88709,2012-06-08,0.31884593837238867,1
88710,2012-06-08,0.316821157469882,0
88711,2012-06-08,0.4295351043598095,1
88712,2012-06-08,0.2949993828270702,1
88713,2012-06-08,0.25719009810922094,0
88714,2012-06-08,0.34680840429645243,0
88715,2012-06-08,0.40931553231380163,1
88716,2012-06-08,0.504332500401325,1
88717,2012-06-08,0.559498153194196,1
88718,2012-06-08,0.43688366899359293,0
88719,2012-06-08,0.4446568211019845,1
88720,2012-06-08,0.34540805739673996,1
88721,2012-06-08,0.24482015980986319,0
88722,2012-06-08,0.3172332445609258,0
88723,2012-06-08,0.2553050559411875,0
88724,2012-06-08,0.29300136432629653,0
88725,2012-06-08,0.36719669507932884,0
88726,2012-06-08,0.3118639203241582,0
88727,2012-06-08,0.2514512522117158,1
88728,2012-06-08,0.4098888538450327,0
88729,2012-06-08,0.5421956736724407,0
88730,2012-06-08,0.22460885991614252,1
88731,2012-06-08,0.42266688838407296,0
88732,2012-06-08,0.5115026653178226,1
88733,2012-06-08,0.3178373168009967,0
88734,2012-06-08,0.36689462560707614,0
88735,2012-06-08,0.5790154216000031,1
88736,2012-06-08,0.21680074211310846,0
88737,2012-06-08,0.504006268544889,0
88738,2012-06-08,0.4436986893104383,0
88739,2012-06-08,0.14294209701374386,0
88740,2012-06-08,0.4180482480314153,0
88741,2012-06-08,0.29684554816381226,1
88742,2012-06-08,0.569663489741906,1
88743,2012-06-08,0.43230472958064275,0
88744,2012-06-08,0.6017081840115507,1
88745,2012-06-08,0.29772187833993974,1
88746,2012-06-08,0.4177918335651613,1
88747,2012-06-08,0.49432764244875416,1
88748,2012-06-08,0.2845947659076623,1
88749,2012-06-08,0.28624483915496945,0
88750,2012-06-08,0.15750465339427178,0
88751,2012-06-08,0.5148959153943554,0
88752,2012-06-08,0.28677642272751236,0
88753,2012-06-08,0.5616667234090607,1
88754,2012-06-08,0.2614854419004173,0
88755,2012-06-08,0.291446396004735,0
88756,2012-06-08,0.49656695837686854,0
88757,2012-06-08,0.2969545971526382,0
88758,2012-06-08,0.5422656404788695,1
88759,2012-06-08,0.4254616482633743,1
88760,2012-06-08,0.2161039829090279,0
88761,2012-06-08,0.3527793373751126,1
88762,2012-06-08,0.2032699423076331,1
88763,2012-06-08,0.44599720756372174,0
88764,2012-06-08,0.10828425704668203,0
88765,2012-06-08,0.5825163873271983,0
88766,2012-06-08,0.27671926531109314,1
88767,2012-06-08,0.297420129214136,0
88768,2012-06-08,0.23895234262302675,1
88769,2012-06-08,0.47274216299173843,0
88770,2012-06-08,0.2679221976207901,0
88771,2012-06-08,0.2794159998512966,0
88772,2012-06-08,0.37062793933090016,0
88773,2012-06-08,0.26429845369693206,0
88774,2012-06-08,0.369706973350601,0
88775,2012-06-08,0.48987706764219374,0
88776,2012-06-08,0.4072665795615118,1
88777,2012-06-08,0.35586767348267817,0
88778,2012-06-08,0.4915668172927521,0
88779,2012-06-08,0.40899195714893094,0
88780,2012-06-08,0.24288792920245647,0
88781,2012-06-08,0.3081127320414435,0
88782,2012-06-08,0.13695885224719503,0
88783,2012-06-08,0.4283869922348614,1
88784,2012-06-08,0.4297527500389322,0
88785,2012-06-09,0.26393626393471764,0
88786,2012-06-09,0.2928004614691648,1
88787,2012-06-09,0.24176814115108347,0
88788,2012-06-09,0.41667896232408325,0
88789,2012-06-09,0.35451556798594624,0
88790,2012-06-10,0.4801944547615168,0
88791,2012-06-10,0.37749409756814156,0
88792,2012-06-10,0.15822183440211923,1
88793,2012-06-10,0.29659811466193714,0
88794,2012-06-10,0.3128934580552504,0
88795,2012-06-10,0.5841039362630734,0
88796,2012-06-10,0.28539430834743595,1
88797,2012-06-10,0.13532211345627188,0
88798,2012-06-10,0.18914957085025205,0
88799,2012-06-10,0.4549685156638009,0
88800,2012-06-10,0.43536495061507063,0
88801,2012-06-10,0.3767578589531148,1
88802,2012-06-10,0.556302555539873,1
88803,2012-06-10,0.35733399086798584,0
88804,2012-06-10,0.392839702260965,0
88805,2012-06-10,0.3892627882021189,1
88806,2012-06-10,0.3698393064068247,0
88807,2012-06-10,0.33748665300423597,0
88808,2012-06-10,0.39347294493765766,1
88809,2012-06-10,0.37611383356558736,0
88810,2012-06-10,0.2918738736675079,0
88811,2012-06-10,0.3393263433660411,1
88812,2012-06-10,0.3337537027191052,0
88813,2012-06-10,0.3813531016009445,1
88814,2012-06-10,0.19358968113532166,0
88815,2012-06-10,0.3839190595055111,0
88816,2012-06-10,0.4001764320600655,0
88817,2012-06-10,0.3094334558819336,0
88818,2012-06-10,0.30279819625255583,0
88819,2012-06-10,0.4040775320151021,1
88820,2012-06-10,0.41708974960093315,0
88821,2012-06-10,0.17802514165635253,0
88822,2012-06-10,0.4248299616989398,1
88823,2012-06-10,0.2893802111956781,0
88824,2012-06-10,0.3242652790432821,1
88825,2012-06-10,0.2572955546290865,0
88826,2012-06-10,0.2270093119554487,0
88827,2012-06-10,0.47986998999632197,0
88828,2012-06-10,0.49832558889880385,0
88829,2012-06-10,0.3609947741068454,1
88830,2012-06-10,0.47542677002415845,0
88831,2012-06-10,0.2654248803909956,0
88832,2012-06-10,0.5485103559622058,0
88833,2012-06-10,0.35849957316189274,0
88834,2012-06-10,0.2746050661608638,1
88835,2012-06-10,0.4233868990096353,0
88836,2012-06-10,0.1942621779148249,0
88837,2012-06-10,0.4676580110546556,0
88838,2012-06-10,0.5489074502252574,1
88839,2012-06-10,0.27921138024411263,0
88840,2012-06-10,0.3943213517208621,0
88841,2012-06-10,0.1931040515121593,1
88842,2012-06-10,0.4064771496601059,1
88843,2012-06-10,0.23050230226318474,0
88844,2012-06-10,0.49010999959394824,1
88845,2012-06-10,0.3980113503812334,0
88846,2012-06-10,0.3472193875214739,1
88847,2012-06-10,0.4808138458851423,1
88848,2012-06-10,0.2776736684392608,1
88849,2012-06-10,0.32136734431448943,1
88850,2012-06-10,0.3005812949035277,0
88851,2012-06-10,0.25760706355159657,0
88852,2012-06-10,0.42287185466229804,0
88853,2012-06-10,0.3984807887065854,0
88854,2012-06-10,0.3113162033698098,0
88855,2012-06-10,0.42779537529639156,1
88856,2012-06-10,0.22611877345436948,0
88857,2012-06-10,0.32591870461322187,0
88858,2012-06-10,0.36161441949830886,0
88859,2012-06-10,0.46454467101857144,1
88860,2012-06-10,0.19925635810273545,0
88861,2012-06-10,0.36558112270407467,1
88862,2012-06-10,0.3049169327088955,1
88863,2012-06-10,0.1909958983848224,0
88864,2012-06-10,0.5924711509034454,1
88865,2012-06-10,0.44404825081566013,1
88866,2012-06-10,0.3947707521567038,1
88867,2012-06-10,0.4652021422114272,0
88868,2012-06-10,0.2511904064821459,1
88869,2012-06-10,0.5047017710277912,1
88870,2012-06-10,0.43634709138186245,1
88871,2012-06-10,0.3349368070790857,1
88872,2012-06-10,0.3678567857696708,0
88873,2012-06-10,0.379200724048593,0
88874,2012-06-10,0.4850339092854214,1
88875,2012-06-10,0.2073193389477829,1
88876,2012-06-10,0.6560747831609721,1
88877,2012-06-10,0.5764443400605213,0
88878,2012-06-10,0.31563830359677786,0
88879,2012-06-10,0.3904257043256846,1
88880,2012-06-10,0.2527104273219096,0
88881,2012-06-10,0.1700785756052786,0
88882,2012-06-10,0.3580677922251208,0
88883,2012-06-10,0.3382087593584439,1
88884,2012-06-10,0.6283883370243175,0
88885,2012-06-10,0.557987271054471,0
88886,2012-06-10,0.32298278816075654,0
88887,2012-06-10,0.4245898390126378,1
88888,2012-06-10,0.3405852098666932,1
88889,2012-06-10,0.4258413883457261,1
88890,2012-06-10,0.35274821664006006,0
88891,2012-06-10,0.42275252792938195,0
88892,2012-06-10,0.36890762755375384,1
88893,2012-06-10,0.3054057978147283,0
88894,2012-06-10,0.4363996261846837,1
88895,2012-06-10,0.4877921703702128,0
88896,2012-06-10,0.25013359742277125,1
88897,2012-06-10,0.3064795250677958,0
88898,2012-06-10,0.21625964075237883,1
88899,2012-06-10,0.16743512079389444,0
88900,2012-06-10,0.17871119653691514,0
88901,2012-06-10,0.2876002487905517,0
88902,2012-06-10,0.33072567900483796,0
88903,2012-06-10,0.274227125728577,0
88904,2012-06-10,0.44825797153423363,1
88905,2012-06-10,0.40668922229090587,0
88906,2012-06-10,0.1871119489755104,0
88907,2012-06-10,0.39991765991876926,1
88908,2012-06-10,0.5030511303623048,1
88909,2012-06-10,0.1591716641644558,0
88910,2012-06-10,0.3337826931491109,0
88911,2012-06-10,0.4574206900702155,0
88912,2012-06-10,0.5889054121993331,1
88913,2012-06-10,0.3479246185775458,0
88914,2012-06-10,0.33586929192635157,0
88915,2012-06-10,0.19353993952099666,0
88916,2012-06-10,0.3048245119747911,0
88917,2012-06-10,0.5424537057584382,1
88918,2012-06-10,0.4004541696947617,1
88919,2012-06-10,0.297726498032684,0
88920,2012-06-10,0.3862587085207261,0
88921,2012-06-10,0.3531813955706213,1
88922,2012-06-10,0.34144872917355834,1
88923,2012-06-10,0.4111339168447517,1
88924,2012-06-10,0.6002071050747874,1
88925,2012-06-10,0.30091379472234403,0
88926,2012-06-10,0.37562538033876974,0
88927,2012-06-10,0.4270643253892269,0
88928,2012-06-10,0.5393159094881768,0
88929,2012-06-10,0.27145975236477315,1
88930,2012-06-10,0.23546509026355802,0
88931,2012-06-10,0.4987420936763549,0
88932,2012-06-10,0.4120223243754196,1
88933,2012-06-10,0.26745831918611296,1
88934,2012-06-10,0.24851869640362825,0
88935,2012-06-10,0.3801993839946213,1
88936,2012-06-10,0.07224117884664061,0
88937,2012-06-10,0.18789676930851285,0
88938,2012-06-10,0.233855931937888,1
88939,2012-06-10,0.4193979462892721,0
88940,2012-06-10,0.537159806996164,1
88941,2012-06-10,0.5444982319852463,0
88942,2012-06-10,0.16151025334685276,0
88943,2012-06-10,0.5787718496704347,1
88944,2012-06-10,0.3915551606568205,1
88945,2012-06-10,0.35887910670354206,1
88946,2012-06-10,0.35581385034943985,0
88947,2012-06-10,0.22378969772716634,0
88948,2012-06-10,0.4707446290510477,1
88949,2012-06-10,0.3259825820994191,1
88950,2012-06-10,0.5494352487470581,1
88951,2012-06-10,0.42908004154416846,0
88952,2012-06-10,0.269804739499671,1
88953,2012-06-10,0.3033178798648562,1
88954,2012-06-10,0.5575763014008399,1
88955,2012-06-10,0.42727367650744935,0
88956,2012-06-10,0.47356627097712833,1
88957,2012-06-10,0.3332180810483104,0
88958,2012-06-10,0.4036106481131744,0
88959,2012-06-10,0.5605076060902968,1
88960,2012-06-10,0.47573600773135893,1
88961,2012-06-10,0.5845454456104234,1
88962,2012-06-10,0.3275108375793045,1
88963,2012-06-10,0.42123477563153233,0
88964,2012-06-10,0.23475768388334817,0
88965,2012-06-10,0.386486064062698,1
88966,2012-06-10,0.2320013199945029,0
88967,2012-06-10,0.5472899311055412,1
88968,2012-06-10,0.44997383281332937,0
88969,2012-06-10,0.5115493289960176,0
88970,2012-06-10,0.3888782632012463,1
88971,2012-06-10,0.5418784838407583,0
88972,2012-06-10,0.39069993241689055,1
88973,2012-06-10,0.43069164347026073,0
88974,2012-06-10,0.3030721462165928,0
88975,2012-06-10,0.28439687996862595,1
88976,2012-06-10,0.3567672986342382,0
88977,2012-06-10,0.219097805811029,0
88978,2012-06-10,0.3231816622797254,1
88979,2012-06-10,0.27038868646410164,0
88980,2012-06-10,0.17114536124738838,0
88981,2012-06-10,0.2842555172482515,0
88982,2012-06-10,0.2791093122476046,0
88983,2012-06-10,0.507272345008284,1
88984,2012-06-10,0.3745607147697026,1
88985,2012-06-10,0.2532374223571665,0
88986,2012-06-10,0.41847125904787813,0
88987,2012-06-10,0.37993891675027885,1
88988,2012-06-10,0.4610499756373194,1
88989,2012-06-11,0.4555734547219365,0
88990,2012-06-11,0.5181029893980403,0
88991,2012-06-11,0.22829748029519165,0
88992,2012-06-11,0.3735447423206785,0
88993,2012-06-11,0.3713740974587446,0
88994,2012-06-11,0.6071036096189082,1
88995,2012-06-11,0.6155657540271562,1
88996,2012-06-11,0.25013542510837694,1
88997,2012-06-11,0.36897239428902906,1
88998,2012-06-11,0.20896477708441644,0
88999,2012-06-11,0.21825232894666238,0
89000,2012-06-11,0.18467402265805646,0
89001,2012-06-11,0.422080022580478,0
89002,2012-06-11,0.5948497771695633,0
89003,2012-06-11,0.12547649763737814,0
89004,2012-06-11,0.32556862257714353,0
89005,2012-06-11,0.4361073864913329,1
89006,2012-06-11,0.31399752246930673,0
89007,2012-06-11,0.43542189851019164,1
89008,2012-06-11,0.49966962347639376,0
89009,2012-06-11,0.39445000091018334,0
89010,2012-06-11,0.4388523146378802,1
89011,2012-06-11,0.4003853827805198,0
89012,2012-06-11,0.3698985836345848,1
89013,2012-06-11,0.36243134819665956,1
89014,2012-06-11,0.42767847934526954,0
89015,2012-06-11,0.5093350334512207,1
89016,2012-06-11,0.15735445728763842,0
89017,2012-06-11,0.6754535903310062,0
89018,2012-06-11,0.5313651795003289,0
89019,2012-06-11,0.49519127472365954,0
89020,2012-06-11,0.4628666404403841,0
89021,2012-06-11,0.46830618288145465,0
89022,2012-06-11,0.3453195590234349,0
89023,2012-06-11,0.47028679677621926,0
89024,2012-06-11,0.4274947727486418,0
89025,2012-06-11,0.3201639449069718,0
89026,2012-06-11,0.3056950309898204,0
89027,2012-06-11,0.5257351595175916,0
89028,2012-06-11,0.3052944588873419,0
89029,2012-06-11,0.2775952532376364,0
89030,2012-06-11,0.521384825710394,1
89031,2012-06-11,0.13990937679138463,0
89032,2012-06-11,0.6074269603509473,0
89033,2012-06-11,0.41510163994385063,0
89034,2012-06-11,0.3591677920057701,1
89035,2012-06-11,0.39094938398269036,1
89036,2012-06-11,0.2800504466710567,0
89037,2012-06-11,0.2949458159940354,1
89038,2012-06-11,0.3163519780948535,1
89039,2012-06-11,0.347102060456337,0
89040,2012-06-11,0.48382343832588276,1
89041,2012-06-11,0.563666517302741,0
89042,2012-06-11,0.298802954563813,1
89043,2012-06-11,0.43334469179834656,0
89044,2012-06-11,0.2567948835525219,1
89045,2012-06-11,0.35630777351570625,0
89046,2012-06-11,0.6054061792975288,0
89047,2012-06-11,0.5751491397744946,1
89048,2012-06-11,0.2182780906813117,1
89049,2012-06-11,0.36074132404858056,1
89050,2012-06-11,0.46049928249497857,1
89051,2012-06-11,0.39286192116976754,1
89052,2012-06-11,0.5057092321849218,1
89053,2012-06-11,0.3256195986393857,0
89054,2012-06-11,0.2252528565504415,0
89055,2012-06-11,0.6136248820131192,1
89056,2012-06-11,0.5734765213909058,1
89057,2012-06-11,0.32726699038366897,1
89058,2012-06-11,0.6257405994202961,1
89059,2012-06-11,0.42381975764299146,1
89060,2012-06-11,0.26472977549030946,0
89061,2012-06-11,0.5838121712102838,1
89062,2012-06-11,0.3218467013255093,1
89063,2012-06-11,0.5095433047532034,1
89064,2012-06-11,0.4164968352214054,1
89065,2012-06-11,0.3498876125204549,0
89066,2012-06-11,0.5564712211887922,0
89067,2012-06-11,0.37404150860410373,1
89068,2012-06-11,0.23812602376890193,1
89069,2012-06-11,0.24935253829939563,0
89070,2012-06-11,0.47575984279828426,1
89071,2012-06-11,0.26206329614236507,0
89072,2012-06-11,0.5933917398417615,1
89073,2012-06-11,0.34500240158932416,0
89074,2012-06-11,0.3847292397284394,1
89075,2012-06-11,0.34747858697876227,0
89076,2012-06-11,0.5148179819290734,1
89077,2012-06-11,0.3306077637415174,0
89078,2012-06-11,0.3605257554524491,1
89079,2012-06-11,0.25343566677774515,1
89080,2012-06-11,0.37896576489100076,1
89081,2012-06-11,0.38363753233281794,1
89082,2012-06-11,0.37448817575237736,0
89083,2012-06-11,0.4978024159821885,0
89084,2012-06-11,0.6583611805278231,1
89085,2012-06-11,0.4662741049829061,1
89086,2012-06-11,0.3450156766388115,0
89087,2012-06-11,0.37547096271112546,1
89088,2012-06-11,0.1879101066732291,0
89089,2012-06-11,0.42750721151932336,0
89090,2012-06-11,0.3855640073446082,0
89091,2012-06-11,0.21395292887154377,0
89092,2012-06-11,0.46777777407987664,1
89093,2012-06-11,0.340687968424177,1
89094,2012-06-11,0.39135163815094853,0
89095,2012-06-11,0.6135236257644413,1
89096,2012-06-11,0.47144344252461856,1
89097,2012-06-11,0.3754560051379834,0
89098,2012-06-11,0.23339629548640495,0
89099,2012-06-11,0.18198631871416512,0
89100,2012-06-11,0.3106853015774427,1
89101,2012-06-11,0.2900594605709852,0
89102,2012-06-11,0.3129560244787838,1
89103,2012-06-11,0.39907239724796867,0
89104,2012-06-11,0.3677572267924251,0
89105,2012-06-11,0.2272370152598558,1
89106,2012-06-11,0.48186665190086414,1
89107,2012-06-11,0.41204204150020696,1
89108,2012-06-11,0.31550081945950115,1
89109,2012-06-11,0.3857684696414528,0
89110,2012-06-11,0.3705861124527921,0
89111,2012-06-11,0.5467742690377884,0
89112,2012-06-11,0.32780694655870907,0
89113,2012-06-11,0.5105200220092834,1
89114,2012-06-11,0.48439978170802556,0
89115,2012-06-11,0.5647504864121288,1
89116,2012-06-11,0.49500256603110065,1
89117,2012-06-11,0.3920607180053599,0
89118,2012-06-11,0.40475016588287976,1
89119,2012-06-11,0.4244493178111278,0
89120,2012-06-11,0.3765921849505897,0
89121,2012-06-11,0.5136382289427459,1
89122,2012-06-11,0.2536761791590618,0
89123,2012-06-11,0.3540464718045752,0
89124,2012-06-11,0.5778188267362016,0
89125,2012-06-11,0.3431221939691875,1
89126,2012-06-11,0.4276901175095398,0
89127,2012-06-11,0.36983614290134553,0
89128,2012-06-11,0.36337968814413835,0
89129,2012-06-11,0.36678435485071215,1
89130,2012-06-11,0.45385238036532927,0
89131,2012-06-11,0.4011713496230272,0
89132,2012-06-11,0.4989454380503661,1
89133,2012-06-11,0.29006531758290505,0
89134,2012-06-11,0.11656568280322191,0
89135,2012-06-11,0.32565021411959927,0
89136,2012-06-11,0.5489591834983594,1
89137,2012-06-11,0.37372044690704986,0
89138,2012-06-11,0.39869296727811365,0
89139,2012-06-11,0.32226261620172675,0
89140,2012-06-11,0.5715546731261627,1
89141,2012-06-11,0.5288946153812775,0
89142,2012-06-11,0.2822821076183566,1
89143,2012-06-11,0.47835447843292345,0
89144,2012-06-11,0.30488828903839243,0
89145,2012-06-11,0.4252779586251962,1
89146,2012-06-11,0.39343223464473753,1
89147,2012-06-11,0.4483203477374902,1
89148,2012-06-11,0.5604054287209654,1
89149,2012-06-11,0.6354664832739753,1
89150,2012-06-11,0.4193538137232772,1
89151,2012-06-11,0.4686655763400992,1
89152,2012-06-11,0.25481683755504714,0
89153,2012-06-11,0.5130171642400407,0
89154,2012-06-12,0.5601092286381034,1
89155,2012-06-12,0.451483512982252,1
89156,2012-06-12,0.5009232650309255,0
89157,2012-06-12,0.4544966558875857,1
89158,2012-06-12,0.2838403061232447,0
89159,2012-06-12,0.0975648773453614,0
89160,2012-06-12,0.4133559516585942,1
89161,2012-06-12,0.48841970102368626,0
89162,2012-06-12,0.35142889756766427,0
89163,2012-06-12,0.4539471553331568,0
89164,2012-06-12,0.2562867570932759,0
89165,2012-06-12,0.36158483978492534,0
89166,2012-06-12,0.5668760482015114,1
89167,2012-06-12,0.16859863464702926,1
89168,2012-06-12,0.414489688069441,0
89169,2012-06-12,0.356452800564569,0
89170,2012-06-12,0.3821917872041595,1
89171,2012-06-12,0.5141278828894403,0
89172,2012-06-12,0.6350091326083042,1
89173,2012-06-12,0.44688575201561337,1
89174,2012-06-12,0.3503204711336523,0
89175,2012-06-12,0.37330903999008397,0
89176,2012-06-12,0.3206088987018025,1
89177,2012-06-12,0.47290224991238716,0
89178,2012-06-12,0.2375631544892691,1
89179,2012-06-12,0.3533007521667107,0
89180,2012-06-12,0.3111866095979723,0
89181,2012-06-12,0.37810349252525777,0
89182,2012-06-12,0.22477341511684382,1
89183,2012-06-12,0.4864878858550111,1
89184,2012-06-12,0.5487089527833611,0
89185,2012-06-12,0.6519155369421308,1
89186,2012-06-12,0.46387600220509495,0
89187,2012-06-12,0.5364777130382817,1
89188,2012-06-12,0.49432084323836156,1
89189,2012-06-12,0.46961894841429797,1
89190,2012-06-12,0.567795902098139,1
89191,2012-06-12,0.3315932734692838,0
89192,2012-06-12,0.47454484752661047,1
89193,2012-06-12,0.3456307046378881,0
89194,2012-06-12,0.31317273104272103,1
89195,2012-06-12,0.34443831247678286,1
89196,2012-06-12,0.16499207593221302,0
89197,2012-06-12,0.49463726714442385,0
89198,2012-06-12,0.36327159635655115,0
89199,2012-06-12,0.3526695236002962,0
89200,2012-06-12,0.39983479502673963,0
89201,2012-06-12,0.4647677421960253,1
89202,2012-06-12,0.719825511815288,1
89203,2012-06-12,0.3300648120081821,0
89204,2012-06-12,0.3720234399080657,1
89205,2012-06-12,0.26566316613852187,0
89206,2012-06-12,0.30352628317112607,0
89207,2012-06-12,0.4015709640425166,0
89208,2012-06-12,0.3298698785162316,0
89209,2012-06-12,0.41475918044137444,1
89210,2012-06-12,0.48268567908572096,0
89211,2012-06-12,0.25487251700244307,1
89212,2012-06-12,0.48123531632258015,0
89213,2012-06-12,0.4382733856268506,0
89214,2012-06-12,0.18159714811744235,1
89215,2012-06-12,0.5185825556330163,1
89216,2012-06-12,0.33882941084601936,0
89217,2012-06-12,0.40575738589076565,0
89218,2012-06-12,0.30520000436933703,1
89219,2012-06-12,0.3301154546312405,0
89220,2012-06-12,0.471165184661564,0
89221,2012-06-12,0.43914765588014526,1
89222,2012-06-12,0.2158231143768089,0
89223,2012-06-12,0.14095227862644827,0
89224,2012-06-12,0.5219495172321608,1
89225,2012-06-12,0.4132406926784592,1
89226,2012-06-12,0.24982367335153766,0
89227,2012-06-12,0.47061913282788503,0
89228,2012-06-12,0.19313079035611846,0
89229,2012-06-12,0.5166806159117642,1
89230,2012-06-12,0.2890102612108068,0
89231,2012-06-12,0.42098689978746,0
89232,2012-06-12,0.630017243448256,0
89233,2012-06-12,0.3533532362492928,1
89234,2012-06-12,0.30928655656299703,0
89235,2012-06-12,0.4258468536783055,0
89236,2012-06-12,0.35908395922537456,1
89237,2012-06-12,0.2747725705045972,0
89238,2012-06-12,0.46622323146682293,0
89239,2012-06-12,0.4008968271342234,1
89240,2012-06-12,0.29462496436482766,0
89241,2012-06-12,0.51249121609588,1
89242,2012-06-12,0.43151263422926256,1
89243,2012-06-12,0.462751981509238,0
89244,2012-06-12,0.44911484943549496,0
89245,2012-06-12,0.46054735399661595,0
89246,2012-06-12,0.26376234427486256,1
89247,2012-06-12,0.26198123718626914,0
89248,2012-06-12,0.38263471212679967,1
89249,2012-06-12,0.46214363497732,0
89250,2012-06-12,0.6132628832741206,0
89251,2012-06-12,0.09001754688194288,0
89252,2012-06-12,0.5099745267004733,1
89253,2012-06-12,0.4467648050979334,0
89254,2012-06-12,0.49310747760645884,1
89255,2012-06-12,0.27369844328902077,0
89256,2012-06-12,0.2527001897704647,1
89257,2012-06-12,0.27087204217764216,0
89258,2012-06-12,0.5246961624598042,0
89259,2012-06-12,0.2609108781223348,0
89260,2012-06-12,0.3505626414922124,1
89261,2012-06-12,0.4508562110126901,0
89262,2012-06-12,0.3374534797549982,0
89263,2012-06-12,0.44164689355823505,1
89264,2012-06-12,0.45925838600782876,0
89265,2012-06-12,0.41638557161208073,1
89266,2012-06-12,0.43351823195213113,0
89267,2012-06-12,0.508791987105746,1
89268,2012-06-12,0.5129851535575618,1
89269,2012-06-12,0.29670650694299716,1
89270,2012-06-12,0.18905698176910513,0
89271,2012-06-12,0.30563349018408514,1
89272,2012-06-12,0.2175417830687259,1
89273,2012-06-12,0.2503568840187137,0
89274,2012-06-12,0.4629028444947535,0
89275,2012-06-12,0.42779690817096777,1
89276,2012-06-12,0.2965221615501114,0
89277,2012-06-12,0.5478223362770612,1
89278,2012-06-12,0.3777055323326752,0
89279,2012-06-12,0.43054208242377895,0
89280,2012-06-12,0.46263021270436666,0
89281,2012-06-12,0.31097436828224934,0
89282,2012-06-12,0.46482778705391337,0
89283,2012-06-12,0.29332728625852594,0
89284,2012-06-12,0.5129979977468716,0
89285,2012-06-12,0.5056093188666602,0
89286,2012-06-12,0.5807654285340068,0
89287,2012-06-12,0.3013483396351038,0
89288,2012-06-12,0.5315585733396485,1
89289,2012-06-12,0.5047238340557267,0
89290,2012-06-12,0.44904843406872763,0
89291,2012-06-12,0.51551165641294,0
89292,2012-06-12,0.4787030552244569,1
89293,2012-06-12,0.3156317109995443,1
89294,2012-06-12,0.3745359852464821,0
89295,2012-06-12,0.49160387797011823,1
89296,2012-06-12,0.4149927084028313,0
89297,2012-06-12,0.46639546293205975,1
89298,2012-06-12,0.5225464484079264,1
89299,2012-06-12,0.3575291643782232,0
89300,2012-06-12,0.3870160284599161,1
89301,2012-06-12,0.1832228502447507,0
89302,2012-06-12,0.370425459325742,1
89303,2012-06-12,0.30622850648346234,0
89304,2012-06-12,0.6544135874353262,1
89305,2012-06-12,0.38713519433185795,0
89306,2012-06-12,0.42909327569925176,0
89307,2012-06-12,0.3843765620564622,0
89308,2012-06-12,0.3744297747195256,0
89309,2012-06-12,0.35329420741306,1
89310,2012-06-12,0.4255288099864558,0
89311,2012-06-12,0.6990799498029264,1
89312,2012-06-12,0.3986258116747488,0
89313,2012-06-12,0.39220724261805784,0
89314,2012-06-12,0.4185640770456966,0
89315,2012-06-12,0.5687362671629894,1
89316,2012-06-12,0.3603337325409154,1
89317,2012-06-12,0.6248657337225738,1
89318,2012-06-12,0.4172429974468899,1
89319,2012-06-12,0.4987313972811099,1
89320,2012-06-12,0.4634690800735763,1
89321,2012-06-12,0.509247257095749,0
89322,2012-06-12,0.5712692879205716,0
89323,2012-06-12,0.304525340119652,0
89324,2012-06-12,0.2917970211747554,0
89325,2012-06-12,0.5231033413636769,1
89326,2012-06-12,0.28955551927929885,0
89327,2012-06-12,0.32208116055455377,0
89328,2012-06-12,0.4687273863907863,0
89329,2012-06-12,0.3971417242901268,0
89330,2012-06-12,0.48600775419468745,1
89331,2012-06-12,0.20527011348884966,0
89332,2012-06-12,0.3981701327636739,0
89333,2012-06-12,0.23680319640435368,0
89334,2012-06-12,0.3014960476853145,0
89335,2012-06-12,0.5160050043110592,1
89336,2012-06-12,0.42411364651781525,0
89337,2012-06-12,0.4277355635961131,1
89338,2012-06-12,0.31853676042648815,0
89339,2012-06-12,0.4826614751512144,1
89340,2012-06-12,0.5674707884318319,0
89341,2012-06-12,0.25943025055092234,0
89342,2012-06-12,0.520233987636584,1
89343,2012-06-12,0.4680537200891802,0
89344,2012-06-12,0.305203918699672,0
89345,2012-06-12,0.5051666970949811,1
89346,2012-06-12,0.6022487598852407,1
89347,2012-06-12,0.36543409509782565,0
89348,2012-06-12,0.5539176404621118,1
89349,2012-06-12,0.4575727574419978,0
89350,2012-06-12,0.37000352195993336,1
89351,2012-06-12,0.4563858182428819,0
89352,2012-06-12,0.4404715614574148,1
89353,2012-06-12,0.30784460588924417,0
89354,2012-06-12,0.3713910987264807,0
89355,2012-06-12,0.5882321129482238,0
89356,2012-06-12,0.6415074125372492,0
89357,2012-06-12,0.30276167317544744,0
89358,2012-06-12,0.612165814359513,1
89359,2012-06-12,0.23388648043870439,0
89360,2012-06-12,0.31937515178385656,1
89361,2012-06-12,0.30561395499903565,0
89362,2012-06-12,0.4978137604343004,0
89363,2012-06-12,0.40194920978972104,1
89364,2012-06-12,0.2969552298146265,1
89365,2012-06-12,0.4990120841679252,1
89366,2012-06-12,0.24005197612488988,1
89367,2012-06-12,0.5082008550474911,1
89368,2012-06-12,0.28709734405238185,1
89369,2012-06-12,0.25030438416291695,0
89370,2012-06-12,0.33136099825969406,0
89371,2012-06-12,0.5299790544517234,0
89372,2012-06-12,0.3841549595295335,0
89373,2012-06-12,0.4211169513434604,1
89374,2012-06-12,0.3848761206052403,0
89375,2012-06-12,0.26325129344612636,0
89376,2012-06-12,0.5805505798589068,1
89377,2012-06-12,0.3789932960444484,0
89378,2012-06-12,0.4560488598410216,1
89379,2012-06-12,0.3598571001724166,1
89380,2012-06-12,0.39203269941182284,0
89381,2012-06-12,0.4635176609207796,1
89382,2012-06-12,0.5936213532807534,0
89383,2012-06-12,0.38017609543255365,1
89384,2012-06-12,0.6263255475042382,0
89385,2012-06-12,0.3838363955631743,1
89386,2012-06-12,0.3771268301701912,0
89387,2012-06-12,0.5592655729400833,0
89388,2012-06-12,0.21199326387077858,0
89389,2012-06-12,0.4312826638100279,0
89390,2012-06-12,0.5323963116688258,0
89391,2012-06-12,0.21014285389688186,0
89392,2012-06-12,0.30037288698900366,1
89393,2012-06-12,0.4417791523240611,1
89394,2012-06-12,0.6661405764394712,0
89395,2012-06-12,0.12042707478345886,0
89396,2012-06-12,0.37688878373396417,0
89397,2012-06-12,0.3005691087964077,1
89398,2012-06-12,0.3440266599629338,1
89399,2012-06-12,0.6034482603608663,1
89400,2012-06-12,0.3310976549220112,1
89401,2012-06-12,0.28246265126593156,1
89402,2012-06-12,0.2233013854419218,0
89403,2012-06-12,0.28986328449066734,0
89404,2012-06-12,0.2635700659879774,0
89405,2012-06-12,0.536747776676304,1
89406,2012-06-12,0.16880460491849783,0
89407,2012-06-12,0.29023877586022445,0
89408,2012-06-12,0.38143354634732435,0
89409,2012-06-12,0.35018800671690714,1
89410,2012-06-12,0.3441269320034896,0
89411,2012-06-12,0.40116363209691247,0
89412,2012-06-12,0.4427032684765163,1
89413,2012-06-12,0.4690441258592469,0
89414,2012-06-12,0.4794504685466456,0
89415,2012-06-12,0.2993695386610091,0
89416,2012-06-12,0.37327178236208375,0
89417,2012-06-12,0.36321292236951147,0
89418,2012-06-12,0.6039013223967794,1
89419,2012-06-12,0.4897256921549482,1
89420,2012-06-12,0.1776505950942372,0
89421,2012-06-12,0.4650928645743293,1
89422,2012-06-12,0.4857294554499618,1
89423,2012-06-12,0.5322331918232868,0
89424,2012-06-12,0.3438745634421631,0
89425,2012-06-12,0.48702956003529907,0
89426,2012-06-12,0.35804186187636605,1
89427,2012-06-12,0.3611075336530364,0
89428,2012-06-12,0.31426296818087845,0
89429,2012-06-12,0.307039171354092,0
89430,2012-06-12,0.3519911139458742,0
89431,2012-06-12,0.24628634839813865,0
89432,2012-06-12,0.5232912795848752,0
89433,2012-06-12,0.20205306799541176,0
89434,2012-06-12,0.503950213484401,1
89435,2012-06-12,0.37421530354299926,0
89436,2012-06-12,0.29513934011577486,0
89437,2012-06-12,0.4120574010552754,0
89438,2012-06-12,0.47080551243172786,1
89439,2012-06-12,0.6193716347053314,1
89440,2012-06-12,0.23278024495916472,0
89441,2012-06-12,0.45645773919084154,1
89442,2012-06-12,0.4204292955915541,0
89443,2012-06-12,0.32772232207682295,0
89444,2012-06-12,0.31784021419543695,0
89445,2012-06-12,0.21706472780136485,0
89446,2012-06-12,0.521311792785131,1
89447,2012-06-12,0.33985979730691734,1
89448,2012-06-12,0.2646827112286739,1
89449,2012-06-12,0.6165087372326393,1
89450,2012-06-12,0.30004398185240794,0
89451,2012-06-12,0.323016782768721,1
89452,2012-06-12,0.302069258345939,1
89453,2012-06-12,0.4582190841338021,0
89454,2012-06-12,0.5114763790465773,0
89455,2012-06-12,0.5156536658329494,1
89456,2012-06-12,0.36162797186793966,0
89457,2012-06-12,0.23343300606040762,0
89458,2012-06-12,0.6583167716659747,1
89459,2012-06-12,0.46604145063012825,0
89460,2012-06-12,0.16591536276217317,0
89461,2012-06-12,0.41199209375101525,0
89462,2012-06-13,0.4019862208505806,1
89463,2012-06-13,0.3248176000850394,1
89464,2012-06-13,0.3780234852480288,1
89465,2012-06-13,0.5304506376112332,1
89466,2012-06-13,0.34239116713065704,0
89467,2012-06-13,0.3481580264800983,1
89468,2012-06-13,0.5681057313543336,0
89469,2012-06-13,0.42862240796133433,1
89470,2012-06-13,0.5364084128693379,1
89471,2012-06-13,0.13004183596825525,0
89472,2012-06-13,0.46289249620899026,0
89473,2012-06-13,0.23358573064828048,0
89474,2012-06-13,0.414484273823465,0
89475,2012-06-13,0.40018559189532393,0
89476,2012-06-13,0.2438986867301759,0
89477,2012-06-13,0.5438922755098137,0
89478,2012-06-13,0.5298139102298683,1
89479,2012-06-13,0.31459502720966265,0
89480,2012-06-13,0.4668031676821406,0
89481,2012-06-13,0.07414504792243293,0
89482,2012-06-13,0.6403796468227858,1
89483,2012-06-13,0.4420271169427994,0
89484,2012-06-13,0.48295422671344335,0
89485,2012-06-13,0.28589389944903204,0
89486,2012-06-13,0.3101314847839009,1
89487,2012-06-13,0.17290740126963725,0
89488,2012-06-13,0.5877739370485175,0
89489,2012-06-13,0.41373083523199766,0
89490,2012-06-13,0.4761919660735369,1
89491,2012-06-13,0.4526812500604084,1
89492,2012-06-13,0.3827629110636592,1
89493,2012-06-13,0.31490594340689665,0
89494,2012-06-13,0.5642919625749742,1
89495,2012-06-13,0.26214761966194805,0
89496,2012-06-13,0.18389435381033958,0
89497,2012-06-13,0.12989711692110886,1
89498,2012-06-13,0.41905365854933757,1
89499,2012-06-13,0.5308780897479439,0
89500,2012-06-13,0.4227598363990432,1
89501,2012-06-13,0.6114936333775974,0
89502,2012-06-13,0.28569502806661046,1
89503,2012-06-13,0.19198642821766176,0
89504,2012-06-13,0.5507349072338812,0
89505,2012-06-13,0.581081958706024,0
89506,2012-06-13,0.35052993915094927,0
89507,2012-06-13,0.4019502849048172,1
89508,2012-06-13,0.22759439884220117,0
89509,2012-06-13,0.41614519564396596,0
89510,2012-06-13,0.45768185353812857,0
89511,2012-06-13,0.24666661521189095,1
89512,2012-06-13,0.43769702937624083,0
89513,2012-06-13,0.3654650095543959,0
89514,2012-06-13,0.19260720148856225,0
89515,2012-06-13,0.4068112788315154,0
89516,2012-06-13,0.21407314268181737,0
89517,2012-06-13,0.42867965866468,1
89518,2012-06-13,0.6807761443805361,1
89519,2012-06-13,0.5389912034904913,1
89520,2012-06-13,0.3257839765607064,1
89521,2012-06-13,0.28728718510959494,0
89522,2012-06-13,0.3264698133938009,0
89523,2012-06-13,0.37901516170434185,1
89524,2012-06-13,0.3571403782160355,0
89525,2012-06-13,0.41659439055307484,0
89526,2012-06-13,0.3962501051787723,1
89527,2012-06-13,0.4212158103634149,1
89528,2012-06-13,0.45672933364992946,0
89529,2012-06-13,0.5324944047628735,0
89530,2012-06-13,0.49576809014477063,1
89531,2012-06-13,0.16532065436984797,0
89532,2012-06-13,0.508304689374507,0
89533,2012-06-13,0.4258262080994026,1
89534,2012-06-13,0.26182660946401637,1
89535,2012-06-13,0.33908837613656745,0
89536,2012-06-13,0.5622277831517255,1
89537,2012-06-13,0.5241471556507937,1
89538,2012-06-13,0.25719717176151874,0
89539,2012-06-13,0.6695756331257997,0
89540,2012-06-13,0.31291543646254283,0
89541,2012-06-13,0.2868102399798964,0
89542,2012-06-13,0.3406040135829269,0
89543,2012-06-13,0.6379730846666369,0
89544,2012-06-13,0.5155844893028081,1
89545,2012-06-13,0.33359398954425956,0
89546,2012-06-13,0.30894349676894084,0
89547,2012-06-13,0.41527169105024797,0
89548,2012-06-13,0.18934415011167446,0
89549,2012-06-13,0.5605531078202401,1
89550,2012-06-13,0.5830617835419573,0
89551,2012-06-13,0.4928821520678503,0
89552,2012-06-13,0.19297005366483358,0
89553,2012-06-13,0.26685870428042274,0
89554,2012-06-13,0.593317974757659,1
89555,2012-06-13,0.5666411840773741,1
89556,2012-06-13,0.20782679622264488,1
89557,2012-06-13,0.4495680754162253,1
89558,2012-06-13,0.4254863948940581,1
89559,2012-06-13,0.38061240428554066,0
89560,2012-06-13,0.15596615743868178,0
89561,2012-06-13,0.32369979162049667,1
89562,2012-06-13,0.4767543464042657,1
89563,2012-06-13,0.4345973881272287,0
89564,2012-06-13,0.3168787851893857,0
89565,2012-06-13,0.4028437983687842,1
89566,2012-06-13,0.3069971336752492,0
89567,2012-06-13,0.27604038022671407,1
89568,2012-06-13,0.5222839628017706,1
89569,2012-06-13,0.4372216228613101,0
89570,2012-06-13,0.39987389404182067,1
89571,2012-06-13,0.40818437514567396,1
89572,2012-06-13,0.41625073721108485,1
89573,2012-06-13,0.22424510776735962,1
89574,2012-06-13,0.42415326870445413,0
89575,2012-06-13,0.152538737052924,0
89576,2012-06-13,0.38209341261420365,0
89577,2012-06-13,0.3137300267834474,0
89578,2012-06-13,0.49328029190462913,0
89579,2012-06-13,0.48329888928739084,0
89580,2012-06-13,0.3070641604573603,0
89581,2012-06-13,0.5118612058165835,1
89582,2012-06-13,0.7134283385796342,1
89583,2012-06-13,0.6605644051877976,0
89584,2012-06-13,0.2921223911326031,0
89585,2012-06-13,0.3445040280680431,1
89586,2012-06-13,0.3612283584574385,0
89587,2012-06-13,0.13504726379143459,0
89588,2012-06-13,0.530895428852743,1
89589,2012-06-13,0.35667965146760894,0
89590,2012-06-13,0.31562214665887883,1
89591,2012-06-13,0.494778347963534,1
89592,2012-06-13,0.19292531637295204,0
89593,2012-06-13,0.2709925259618108,0
89594,2012-06-13,0.372016003822039,0
89595,2012-06-13,0.4201598377777326,0
89596,2012-06-13,0.2995975087250742,0
89597,2012-06-13,0.1866765168251835,1
89598,2012-06-13,0.3858077680421707,0
89599,2012-06-13,0.5047678836933654,1
89600,2012-06-13,0.6690852429561769,1
89601,2012-06-13,0.40155669582661635,0
89602,2012-06-13,0.3332836991561214,0
89603,2012-06-13,0.6283269441592224,0
89604,2012-06-13,0.5648808278180559,0
89605,2012-06-13,0.32935678163102755,0
89606,2012-06-14,0.2701164720042954,1
89607,2012-06-14,0.3477742940889363,0
89608,2012-06-14,0.3758488219660197,1
89609,2012-06-14,0.5769409436078802,0
89610,2012-06-14,0.4435591314550618,0
89611,2012-06-14,0.33156457909900855,0
89612,2012-06-14,0.3451656491494372,0
89613,2012-06-14,0.44907037901751407,1
89614,2012-06-14,0.49802702807602656,0
89615,2012-06-14,0.6232559045230073,1
89616,2012-06-14,0.3053367574755591,1
89617,2012-06-14,0.5045405236796096,1
89618,2012-06-14,0.43570100823523844,0
89619,2012-06-14,0.2719038167388604,1
89620,2012-06-14,0.38070719058722086,0
89621,2012-06-14,0.3691326319894622,0
89622,2012-06-14,0.2026010043470103,0
89623,2012-06-14,0.22155518233432692,0
89624,2012-06-14,0.4595466182785769,0
89625,2012-06-14,0.4238748477740551,0
89626,2012-06-14,0.1469205994557147,0
89627,2012-06-14,0.41025547281416064,1
89628,2012-06-14,0.43555508987517616,1
89629,2012-06-14,0.6515443276088208,1
89630,2012-06-14,0.3324532953841749,1
89631,2012-06-14,0.2557866610305506,0
89632,2012-06-14,0.43584386936785746,1
89633,2012-06-14,0.29929534962250715,1
89634,2012-06-14,0.4586018721355796,1
89635,2012-06-14,0.22569479078069368,0
89636,2012-06-14,0.3014948194143968,1
89637,2012-06-14,0.6257015425364325,0
89638,2012-06-14,0.38489420183910944,0
89639,2012-06-14,0.5414116786891036,0
89640,2012-06-14,0.5750376113740105,0
89641,2012-06-14,0.2824279698300857,1
89642,2012-06-14,0.08186197146705576,0
89643,2012-06-14,0.5289906394541415,1
89644,2012-06-14,0.44129656248991433,1
89645,2012-06-14,0.45992290957744375,0
89646,2012-06-14,0.48163047433903144,1
89647,2012-06-14,0.3297190817065593,1
89648,2012-06-14,0.2753381097754657,0
89649,2012-06-14,0.41169320602212583,1
89650,2012-06-14,0.4201616131368158,1
89651,2012-06-14,0.4480070224304725,0
89652,2012-06-14,0.34878545071384354,0
89653,2012-06-14,0.43045605532498527,0
89654,2012-06-14,0.24534834723698362,0
89655,2012-06-14,0.4992956750171198,0
89656,2012-06-14,0.33998897675385076,1
89657,2012-06-14,0.40045366912789887,1
89658,2012-06-14,0.5087590457728105,1
89659,2012-06-14,0.36178582942002596,1
89660,2012-06-14,0.22367548057410477,1
89661,2012-06-14,0.40375771793475196,0
89662,2012-06-14,0.23413159802271388,0
89663,2012-06-15,0.45556152971132347,0
89664,2012-06-15,0.42371240244214153,1
89665,2012-06-15,0.2625607932584109,1
89666,2012-06-15,0.5283315639731341,0
89667,2012-06-15,0.37697492994206794,0
89668,2012-06-15,0.38710510863590375,0
89669,2012-06-15,0.4527696660370328,1
89670,2012-06-15,0.47052682703539417,1
89671,2012-06-15,0.2307646829058769,0
89672,2012-06-15,0.5660722480743893,1
89673,2012-06-15,0.32321670818955534,0
89674,2012-06-15,0.4345601372071611,0
89675,2012-06-15,0.3048909772556035,0
89676,2012-06-15,0.35493406881641143,0
89677,2012-06-15,0.23530372378436837,0
89678,2012-06-15,0.38759333268124346,0
89679,2012-06-15,0.4924821369945825,0
89680,2012-06-15,0.34211615158121267,0
89681,2012-06-15,0.5894098926414262,1
89682,2012-06-15,0.2989829961052524,1
89683,2012-06-15,0.3824838694242256,0
89684,2012-06-15,0.5986804967884122,1
89685,2012-06-15,0.3213487299530627,1
89686,2012-06-15,0.4740550344483184,1
89687,2012-06-15,0.4391928729531204,0
89688,2012-06-15,0.19694525546020994,1
89689,2012-06-15,0.4523107592908458,1
89690,2012-06-15,0.4266383374453516,0
89691,2012-06-15,0.17386872616132312,0
89692,2012-06-15,0.6628400956183826,1
89693,2012-06-15,0.30663548266502755,0
89694,2012-06-15,0.4638234849283303,0
89695,2012-06-15,0.26269087757967546,0
89696,2012-06-15,0.29103586180376606,0
89697,2012-06-15,0.13518890938401246,0
89698,2012-06-15,0.43007953405140886,0
89699,2012-06-15,0.2942325063849498,1
89700,2012-06-15,0.5206776664326617,1
89701,2012-06-15,0.431463000747794,0
89702,2012-06-15,0.4343185165557644,0
89703,2012-06-15,0.3541492335378234,1
89704,2012-06-15,0.47639737227448675,1
89705,2012-06-15,0.4461831782947167,1
89706,2012-06-15,0.4812701686296361,0
89707,2012-06-15,0.43323071558828113,1
89708,2012-06-15,0.40510602389144407,0
89709,2012-06-15,0.24844659457360424,1
89710,2012-06-15,0.1667955323808819,0
89711,2012-06-15,0.321500757297271,1
89712,2012-06-15,0.33439468319919335,0
89713,2012-06-15,0.42745534452330286,1
89714,2012-06-15,0.2986073953225028,1
89715,2012-06-15,0.5107943846553504,0
89716,2012-06-16,0.6026811328009135,1
89717,2012-06-16,0.2480599294166503,0
89718,2012-06-16,0.47626096124801076,0
89719,2012-06-16,0.4616266990245151,0
89720,2012-06-16,0.37158424052181777,1
89721,2012-06-16,0.5159892858579233,1
89722,2012-06-16,0.3500767250397778,0
89723,2012-06-16,0.0998277806787233,0
89724,2012-06-16,0.3143361542528977,0
89725,2012-06-16,0.5094750005876177,0
89726,2012-06-16,0.3399922120590586,1
89727,2012-06-16,0.3697023805904618,0
89728,2012-06-16,0.6181825332206089,1
89729,2012-06-16,0.33335680157453534,0
89730,2012-06-16,0.5239907428869996,0
89731,2012-06-16,0.4437734534259049,1
89732,2012-06-16,0.4090718072485398,0
89733,2012-06-16,0.7048380205072615,0
89734,2012-06-16,0.5771307391457234,1
89735,2012-06-16,0.25850260881920634,0
89736,2012-06-16,0.32072711159688794,0
89737,2012-06-16,0.3799780556635986,1
89738,2012-06-16,0.2234097111033742,0
89739,2012-06-16,0.6029310316674877,0
89740,2012-06-16,0.4460355944066501,1
89741,2012-06-16,0.38448988001830137,0
89742,2012-06-16,0.40517168634849343,0
89743,2012-06-16,0.2866300131044829,1
89744,2012-06-16,0.6018182858607145,1
89745,2012-06-16,0.26091792855380586,0
89746,2012-06-16,0.563250039846893,0
89747,2012-06-16,0.6197689198798381,0
89748,2012-06-16,0.29659630609400844,0
89749,2012-06-16,0.22529449590205886,0
89750,2012-06-16,0.2329784514845762,1
89751,2012-06-16,0.25013428407975785,0
89752,2012-06-16,0.22182378186167187,0
89753,2012-06-16,0.595173586649498,0
89754,2012-06-16,0.4853059729284832,0
89755,2012-06-16,0.2797613099423369,0
89756,2012-06-16,0.38250815269682364,0
89757,2012-06-16,0.5356679335516477,0
89758,2012-06-16,0.26312076966761233,0
89759,2012-06-16,0.35725744517502267,1
89760,2012-06-16,0.4310608084569784,1
89761,2012-06-16,0.2971189811441245,1
89762,2012-06-16,0.4537699993065028,1
89763,2012-06-16,0.2772042128570919,0
89764,2012-06-16,0.5763135995012765,1
89765,2012-06-16,0.34444516757916677,0
89766,2012-06-16,0.40185880778897715,0
89767,2012-06-16,0.5987009934619766,0
89768,2012-06-16,0.16778044935971956,0
89769,2012-06-16,0.28052126518278137,1
89770,2012-06-16,0.38265988962454567,0
89771,2012-06-16,0.262524033380936,0
89772,2012-06-16,0.38339380326157724,1
89773,2012-06-16,0.2772472804337155,0
89774,2012-06-16,0.41925557254737167,0
89775,2012-06-16,0.42308170571030185,0
89776,2012-06-16,0.3365014624430169,0
89777,2012-06-16,0.5688225322312078,1
89778,2012-06-16,0.5605117444043448,1
89779,2012-06-16,0.13136580807285553,0
89780,2012-06-16,0.21794023531747603,0
89781,2012-06-16,0.49282059923289245,0
89782,2012-06-16,0.4860214161891054,1
89783,2012-06-16,0.30751830531557833,0
89784,2012-06-16,0.48321449311844095,1
89785,2012-06-16,0.331851408115283,1
89786,2012-06-16,0.4747721489778114,0
89787,2012-06-16,0.29600075809495413,0
89788,2012-06-16,0.6957662762152198,1
89789,2012-06-16,0.30067892080354236,0
89790,2012-06-16,0.3846080757357618,0
89791,2012-06-16,0.3729749745295434,0
89792,2012-06-16,0.21536579100724224,0
89793,2012-06-16,0.3195727158290568,0
89794,2012-06-16,0.22826195794423426,1
89795,2012-06-16,0.3642023704560051,0
89796,2012-06-16,0.5707016547443932,1
89797,2012-06-16,0.2928703175107213,0
89798,2012-06-16,0.21826994197353405,0
89799,2012-06-16,0.2969793371623144,0
89800,2012-06-16,0.3945730578380278,0
89801,2012-06-16,0.3477360901917739,0
89802,2012-06-16,0.6036663678763022,1
89803,2012-06-16,0.6015455366308756,1
89804,2012-06-16,0.6927149977014337,1
89805,2012-06-16,0.33155696503410614,0
89806,2012-06-16,0.2209258063506931,0
89807,2012-06-16,0.5034061643615709,1
89808,2012-06-16,0.49053361968184217,0
89809,2012-06-16,0.6914066514569084,1
89810,2012-06-16,0.5261528863756819,0
89811,2012-06-16,0.5409682598347252,1
89812,2012-06-16,0.44447706650298796,0
89813,2012-06-16,0.34535863120102595,0
89814,2012-06-16,0.2937293004986297,0
89815,2012-06-16,0.37829714104424855,0
89816,2012-06-16,0.23268170028382099,1
89817,2012-06-16,0.48265395606297196,1
89818,2012-06-16,0.47539784508010724,0
89819,2012-06-16,0.4530916644723635,1
89820,2012-06-16,0.3628662237367549,1
89821,2012-06-17,0.5181402386160903,0
89822,2012-06-17,0.3567793854660493,0
89823,2012-06-17,0.3384126437384793,1
89824,2012-06-17,0.26335263670523185,0
89825,2012-06-17,0.36992142870208367,1
89826,2012-06-17,0.48646503476171077,1
89827,2012-06-17,0.3070056487310859,0
89828,2012-06-17,0.341980625799779,1
89829,2012-06-17,0.24562456815919725,0
89830,2012-06-17,0.29909742463776356,0
89831,2012-06-17,0.35504924431050516,1
89832,2012-06-17,0.5360432460951026,0
89833,2012-06-17,0.3837221350252062,0
89834,2012-06-17,0.29862707083047646,0
89835,2012-06-17,0.22231657561364968,0
89836,2012-06-17,0.5697990681051907,1
89837,2012-06-17,0.3696988314779878,0
89838,2012-06-17,0.56915688483333,0
89839,2012-06-17,0.34573600121513404,0
89840,2012-06-17,0.4118962898486434,1
89841,2012-06-17,0.4906890918678305,0
89842,2012-06-17,0.3584937660788267,0
89843,2012-06-17,0.5258106002721669,0
89844,2012-06-17,0.4030718387470254,0
89845,2012-06-17,0.4983064907280325,0
89846,2012-06-17,0.23913957786537476,0
89847,2012-06-17,0.6166437062963658,0
89848,2012-06-17,0.5112733420121292,1
89849,2012-06-17,0.33265632743310647,0
89850,2012-06-17,0.40286325684617785,0
89851,2012-06-17,0.25005426194028935,1
89852,2012-06-17,0.4369574635242777,0
89853,2012-06-17,0.2594226702596699,0
89854,2012-06-17,0.5118436229353175,1
89855,2012-06-17,0.4285065885755721,0
89856,2012-06-17,0.593579598096432,1
89857,2012-06-17,0.33778136380757146,0
89858,2012-06-17,0.36399235324708634,0
89859,2012-06-17,0.16647420708331725,0
89860,2012-06-17,0.348241007213113,0
89861,2012-06-17,0.3164424248468735,0
89862,2012-06-17,0.7135128174394779,1
89863,2012-06-17,0.4447950866240931,1
89864,2012-06-17,0.4296242584766124,1
89865,2012-06-17,0.2706439217890227,0
89866,2012-06-17,0.17932323685810514,0
89867,2012-06-17,0.6300039741257116,0
89868,2012-06-17,0.45937936074831276,0
89869,2012-06-17,0.354942407694841,0
89870,2012-06-17,0.45489560818089236,0
89871,2012-06-17,0.18637733547703403,0
89872,2012-06-17,0.5768300967584262,1
89873,2012-06-17,0.1952393742776858,0
89874,2012-06-17,0.40401465540900916,1
89875,2012-06-17,0.3483795718280767,0
89876,2012-06-17,0.3985789743721706,1
89877,2012-06-17,0.5341686259668365,1
89878,2012-06-17,0.6366256260346699,1
89879,2012-06-17,0.20603002210492496,1
89880,2012-06-17,0.33292488919738017,0
89881,2012-06-17,0.3906497451961575,1
89882,2012-06-17,0.2781823769104654,0
89883,2012-06-17,0.5469716253073357,0
89884,2012-06-17,0.3825078314113718,0
89885,2012-06-17,0.462436746466025,0
89886,2012-06-17,0.427051070655519,1
89887,2012-06-17,0.33991576336893486,1
89888,2012-06-17,0.38204768236463854,0
89889,2012-06-17,0.5277658975597243,1
89890,2012-06-17,0.2852908456971717,0
89891,2012-06-17,0.2286629405453547,0
89892,2012-06-17,0.5192566144068043,0
89893,2012-06-17,0.20119284641958643,1
89894,2012-06-17,0.6104695673246274,1
89895,2012-06-17,0.09501573276637977,0
89896,2012-06-17,0.3658946761744494,1
89897,2012-06-17,0.42152931463177246,0
89898,2012-06-17,0.3112023749615333,0
89899,2012-06-17,0.5529672142873411,0
89900,2012-06-17,0.6192772971942055,0
89901,2012-06-17,0.3022844421132756,0
89902,2012-06-17,0.4252431717265225,0
89903,2012-06-17,0.2618109387918091,0
89904,2012-06-17,0.484312627819557,0
89905,2012-06-17,0.39989461764516004,0
89906,2012-06-17,0.5680358816047784,1
89907,2012-06-17,0.23138207777561337,0
89908,2012-06-17,0.4288217601127125,0
89909,2012-06-17,0.4096227099662987,0
89910,2012-06-17,0.6282575329329294,1
89911,2012-06-17,0.34853515791807094,1
89912,2012-06-17,0.3733271073570906,1
89913,2012-06-17,0.1412164189757856,0
89914,2012-06-17,0.3168788008808046,0
89915,2012-06-17,0.39560974198165166,1
89916,2012-06-17,0.4237141908322576,1
89917,2012-06-17,0.34760904403180365,0
89918,2012-06-17,0.4208722384893838,1
89919,2012-06-17,0.48313650880552256,1
89920,2012-06-17,0.4472802587142858,0
89921,2012-06-17,0.409243168575054,1
89922,2012-06-17,0.4297022169486583,1
89923,2012-06-17,0.39694611542801234,1
89924,2012-06-17,0.4031878393396931,0
89925,2012-06-17,0.530968928522705,0
89926,2012-06-17,0.4364987197885884,0
89927,2012-06-17,0.27022749066191976,0
89928,2012-06-17,0.54691973588176,1
89929,2012-06-17,0.3080893867530095,1
89930,2012-06-17,0.3614637940915345,0
89931,2012-06-17,0.602765678565801,0
89932,2012-06-17,0.4874910807889492,1
89933,2012-06-17,0.45206381926979494,0
89934,2012-06-17,0.3695128346634475,1
89935,2012-06-17,0.4856859040198479,0
89936,2012-06-17,0.3346804267652559,0
89937,2012-06-17,0.13326033470440618,0
89938,2012-06-17,0.3239445600431596,0
89939,2012-06-17,0.38184139491818886,0
89940,2012-06-17,0.3254910539396341,1
89941,2012-06-17,0.3581298044570873,0
89942,2012-06-17,0.44348085681285776,0
89943,2012-06-17,0.314119411489612,1
89944,2012-06-17,0.38008162987816085,1
89945,2012-06-17,0.4549040642195269,0
89946,2012-06-17,0.5254836940864475,0
89947,2012-06-17,0.394412580252601,1
89948,2012-06-17,0.4194633359217269,0
89949,2012-06-17,0.3852581943127076,0
89950,2012-06-17,0.27090681439117215,0
89951,2012-06-17,0.34928217613915624,0
89952,2012-06-17,0.4457663610359825,1
89953,2012-06-17,0.31832819784202876,0
89954,2012-06-17,0.36495167810741236,0
89955,2012-06-17,0.5093126631694606,1
89956,2012-06-17,0.47182347727961194,0
89957,2012-06-17,0.3182499263110324,0
89958,2012-06-17,0.5928085268155423,1
89959,2012-06-17,0.5403879724681994,0
89960,2012-06-17,0.4140327440997713,1
89961,2012-06-17,0.42531669093132685,0
89962,2012-06-17,0.15734828712102464,0
89963,2012-06-17,0.36238903367009606,0
89964,2012-06-17,0.5080288297755337,1
89965,2012-06-17,0.5758821203693368,1
89966,2012-06-17,0.581422768551618,1
89967,2012-06-17,0.6089888351835412,0
89968,2012-06-17,0.5123028068665471,1
89969,2012-06-17,0.5847722063061322,1
89970,2012-06-17,0.40659021427059316,0
89971,2012-06-17,0.5850548533433506,0
89972,2012-06-17,0.5136808705203987,0
89973,2012-06-17,0.3791768012031824,0
89974,2012-06-17,0.3027677184533797,0
89975,2012-06-17,0.37175173073595613,1
89976,2012-06-17,0.4398435062215604,0
89977,2012-06-17,0.3307283086660833,0
89978,2012-06-17,0.2394751015777708,0
89979,2012-06-17,0.4026980267172884,0
89980,2012-06-17,0.45241701696993986,0
89981,2012-06-17,0.19736687979693235,0
89982,2012-06-17,0.4523556645563563,1
89983,2012-06-17,0.2606118621312599,1
89984,2012-06-17,0.4983702601091497,0
89985,2012-06-17,0.1780608294595775,0
89986,2012-06-17,0.38542273728686416,1
89987,2012-06-17,0.21039365730375356,1
89988,2012-06-17,0.2650912512011006,0
89989,2012-06-17,0.5207657932996818,1
89990,2012-06-17,0.17913768029700355,0
89991,2012-06-17,0.4996560356667451,1
89992,2012-06-17,0.33882715277655656,0
89993,2012-06-17,0.3279445469190706,0
89994,2012-06-17,0.552049323734584,1
89995,2012-06-17,0.27373073771019085,1
89996,2012-06-17,0.3232613380973581,0
89997,2012-06-17,0.2754510689948903,0
89998,2012-06-17,0.4003292941663675,0
89999,2012-06-17,0.4853499760697936,1
90000,2012-06-17,0.5624294861673853,1
90001,2012-06-17,0.35608106834655856,0
90002,2012-06-17,0.40647753582018625,1
90003,2012-06-17,0.31166424640366186,1
90004,2012-06-17,0.41780267428958356,1
90005,2012-06-17,0.3198956815920493,0
90006,2012-06-17,0.3075842091145381,1
90007,2012-06-17,0.3739069413119112,0
90008,2012-06-17,0.25693840470296037,0
90009,2012-06-17,0.1793781859969464,0
90010,2012-06-17,0.20292953106958694,0
90011,2012-06-17,0.251173644132077,1
90012,2012-06-17,0.5750613801064971,1
90013,2012-06-17,0.6005296730815214,1
90014,2012-06-17,0.4535256686086844,0
90015,2012-06-17,0.4659192641362413,1
90016,2012-06-17,0.439551175357211,0
90017,2012-06-17,0.437593981479948,0
90018,2012-06-17,0.3899843781040761,0
90019,2012-06-17,0.26185353446782605,0
90020,2012-06-17,0.4172975548745762,0
90021,2012-06-17,0.6148493123882692,0
90022,2012-06-17,0.2668433427058043,0
90023,2012-06-17,0.600689998066177,1
90024,2012-06-17,0.1620276570548275,0
90025,2012-06-17,0.47029732078507985,0
90026,2012-06-17,0.15541649505193153,1
90027,2012-06-17,0.23489942226834773,1
90028,2012-06-17,0.37334268857696634,0
90029,2012-06-17,0.28614840093188193,0
90030,2012-06-17,0.24678916042546042,0
90031,2012-06-17,0.21403946300403767,0
90032,2012-06-17,0.2935965488090318,0
90033,2012-06-17,0.5115634649765481,1
90034,2012-06-17,0.2208965296916405,0
90035,2012-06-17,0.42397712726651043,0
90036,2012-06-17,0.35403771389363503,0
90037,2012-06-17,0.4488471811599417,0
90038,2012-06-17,0.24492201306552708,0
90039,2012-06-17,0.6280319507330632,1
90040,2012-06-17,0.5662808913366896,0
90041,2012-06-17,0.4444036325145352,1
90042,2012-06-17,0.20610288124741075,1
90043,2012-06-17,0.42768462010086,0
90044,2012-06-17,0.367389903607746,1
90045,2012-06-17,0.24978572178671674,0
90046,2012-06-17,0.4696398033480919,0
90047,2012-06-17,0.47094289777199216,0
90048,2012-06-18,0.10759426574460207,0
90049,2012-06-18,0.36227629637465925,0
90050,2012-06-18,0.6088896525103036,1
90051,2012-06-18,0.560197724570667,1
90052,2012-06-18,0.35987910744876456,1
90053,2012-06-18,0.36639947657322736,0
90054,2012-06-18,0.418812299288426,0
90055,2012-06-18,0.3710739484023715,1
90056,2012-06-18,0.40326298057876453,0
90057,2012-06-18,0.353167365276481,0
90058,2012-06-18,0.6239282432424619,0
90059,2012-06-18,0.2899516370615629,0
90060,2012-06-18,0.6960445671630807,1
90061,2012-06-18,0.5550321089560311,0
90062,2012-06-18,0.30816453811670314,0
90063,2012-06-18,0.5494497269087912,1
90064,2012-06-18,0.24706529208916628,0
90065,2012-06-18,0.6039272762101788,0
90066,2012-06-18,0.3424516950347611,1
90067,2012-06-18,0.43226990629652795,1
90068,2012-06-18,0.2846969713854317,1
90069,2012-06-18,0.3126923576739231,0
90070,2012-06-18,0.27575932627005567,1
90071,2012-06-18,0.4811514884308515,0
90072,2012-06-18,0.4368868769637048,0
90073,2012-06-18,0.3955728344995615,1
90074,2012-06-18,0.2633240383507675,0
90075,2012-06-18,0.21766530976221923,1
90076,2012-06-18,0.33950644288556836,0
90077,2012-06-18,0.3339859164785654,1
90078,2012-06-18,0.43936778932130566,0
90079,2012-06-18,0.23842200513618905,1
90080,2012-06-18,0.15375105499996372,0
90081,2012-06-18,0.06459861765832517,0
90082,2012-06-18,0.3621740097105798,0
90083,2012-06-18,0.4658219364349943,1
90084,2012-06-18,0.24506608079310596,1
90085,2012-06-18,0.6306451318418984,1
90086,2012-06-18,0.31968232561128435,0
90087,2012-06-18,0.38025482917257075,0
90088,2012-06-18,0.5640029248304843,0
90089,2012-06-18,0.49447282685231353,1
90090,2012-06-18,0.4700011039840283,0
90091,2012-06-18,0.41792648364187057,0
90092,2012-06-18,0.45477703107545947,0
90093,2012-06-18,0.36104230093866596,0
90094,2012-06-18,0.4754557274742059,0
90095,2012-06-18,0.41199026495809793,0
90096,2012-06-18,0.40482133671533793,0
90097,2012-06-18,0.6528306554154506,1
90098,2012-06-18,0.5305087921257418,1
90099,2012-06-18,0.21440327936762157,0
90100,2012-06-18,0.5651031072496244,0
90101,2012-06-18,0.42017431402468586,0
90102,2012-06-18,0.43929123755240634,1
90103,2012-06-18,0.3511633159266278,0
90104,2012-06-18,0.369543527674458,0
90105,2012-06-18,0.43975907743390535,1
90106,2012-06-18,0.3963199615231103,0
90107,2012-06-18,0.4537956837582841,1
90108,2012-06-18,0.23930841948384884,0
90109,2012-06-18,0.26018517856357476,0
90110,2012-06-18,0.4741088005644043,1
90111,2012-06-18,0.41949998464304167,0
90112,2012-06-18,0.1725989178233577,0
90113,2012-06-18,0.2831570197670147,0
90114,2012-06-18,0.5525175506036536,1
90115,2012-06-18,0.5802211959891678,1
90116,2012-06-18,0.3332034620559902,1
90117,2012-06-18,0.11710732658885518,0
90118,2012-06-18,0.5746561994414137,0
90119,2012-06-18,0.5339483459190648,1
90120,2012-06-18,0.3625207040433296,0
90121,2012-06-18,0.45960922276956356,1
90122,2012-06-18,0.273723516447379,1
90123,2012-06-18,0.33178681720360303,0
90124,2012-06-18,0.4688689829883524,1
90125,2012-06-18,0.24685360791444527,1
90126,2012-06-18,0.20513778939452373,0
90127,2012-06-18,0.5271757951614068,0
90128,2012-06-18,0.44771136715767,0
90129,2012-06-18,0.4443492457246602,0
90130,2012-06-18,0.3693849273963742,0
90131,2012-06-18,0.2363726170991747,1
90132,2012-06-18,0.5980220482842447,1
90133,2012-06-18,0.23578701281485454,0
90134,2012-06-18,0.5366299825619254,1
90135,2012-06-18,0.37442585171269294,0
90136,2012-06-18,0.5338973310078131,0
90137,2012-06-18,0.3269522362750875,0
90138,2012-06-18,0.4322886579279725,0
90139,2012-06-18,0.48259988565740247,1
90140,2012-06-18,0.4615107968861909,1
90141,2012-06-18,0.3107835607002075,0
90142,2012-06-18,0.27898613284244644,1
90143,2012-06-18,0.5717628584753398,0
90144,2012-06-18,0.3338406778045243,1
90145,2012-06-18,0.46360762676637096,1
90146,2012-06-18,0.37227084584352255,0
90147,2012-06-18,0.4422654121940884,1
90148,2012-06-18,0.4562806748337953,0
90149,2012-06-18,0.4214632963019223,0
90150,2012-06-18,0.4431296898386267,1
90151,2012-06-18,0.5728235081798004,1
90152,2012-06-18,0.2336667848148079,1
90153,2012-06-18,0.3137379389980558,1
90154,2012-06-18,0.3118252128913321,0
90155,2012-06-18,0.3205714707079112,1
90156,2012-06-18,0.28321503193265957,1
90157,2012-06-18,0.31961005010802684,0
90158,2012-06-18,0.3339979992018995,0
90159,2012-06-18,0.412537319979744,0
90160,2012-06-18,0.621361152990695,1
90161,2012-06-18,0.06912089311096857,0
90162,2012-06-18,0.409732404841376,0
90163,2012-06-18,0.24316312397336748,0
90164,2012-06-18,0.542398351600159,0
90165,2012-06-18,0.48458737015815,0
90166,2012-06-18,0.2626417101112377,0
90167,2012-06-18,0.15460050753576043,1
90168,2012-06-18,0.25347637652613353,0
90169,2012-06-18,0.2736189310967581,1
90170,2012-06-18,0.2658497876685086,0
90171,2012-06-18,0.25346918548981123,0
90172,2012-06-18,0.3634544810364593,0
90173,2012-06-18,0.10257432105074223,0
90174,2012-06-18,0.4098969945257675,0
90175,2012-06-18,0.3205155727737043,1
90176,2012-06-18,0.3610187111759655,0
90177,2012-06-18,0.32716364110521234,0
90178,2012-06-18,0.4522956440971593,0
90179,2012-06-18,0.5990473174421012,1
90180,2012-06-18,0.4988683944246289,1
90181,2012-06-18,0.39245049380092134,1
90182,2012-06-18,0.5316380574009766,1
90183,2012-06-18,0.3381715670778238,0
90184,2012-06-18,0.4415520521316242,1
90185,2012-06-18,0.4216542390477692,0
90186,2012-06-18,0.5226774005879842,1
90187,2012-06-18,0.3849724261038991,0
90188,2012-06-18,0.3376203582521339,0
90189,2012-06-18,0.36273944141262254,0
90190,2012-06-18,0.3672841121792628,1
90191,2012-06-18,0.6042907960082061,1
90192,2012-06-18,0.36286291102418416,1
90193,2012-06-18,0.24126396368799002,1
90194,2012-06-18,0.6004412811707639,1
90195,2012-06-18,0.2554332270525362,0
90196,2012-06-18,0.3676507763207273,0
90197,2012-06-18,0.3452231909399484,0
90198,2012-06-18,0.5068498449938568,0
90199,2012-06-18,0.29318059968121724,1
90200,2012-06-18,0.5443387724286737,1
90201,2012-06-18,0.4822968642885982,1
90202,2012-06-18,0.5542823868046327,1
90203,2012-06-18,0.6269798049546517,0
90204,2012-06-18,0.2466858643585303,1
90205,2012-06-18,0.21913549303980545,0
90206,2012-06-18,0.3829498904172977,1
90207,2012-06-18,0.6015455366308756,1
90208,2012-06-18,0.1955948680860285,0
90209,2012-06-18,0.44053752712867084,0
90210,2012-06-18,0.3769726711338679,0
90211,2012-06-18,0.4066495328587085,0
90212,2012-06-18,0.34946280504879945,1
90213,2012-06-18,0.3388522942944781,0
90214,2012-06-18,0.35092636554457834,0
90215,2012-06-18,0.4416087656820056,1
90216,2012-06-18,0.4333663137110996,1
90217,2012-06-18,0.5727156086661518,1
90218,2012-06-18,0.44464331471470026,1
90219,2012-06-18,0.540696870694118,0
90220,2012-06-18,0.4187193298949295,1
90221,2012-06-18,0.5379368601067122,1
90222,2012-06-18,0.5493482357433124,0
90223,2012-06-18,0.5532844570135426,0
90224,2012-06-18,0.19854110606772862,0
90225,2012-06-18,0.3395923023909944,0
90226,2012-06-18,0.34037115502854426,1
90227,2012-06-18,0.24154521504638268,0
90228,2012-06-18,0.4085743471607402,0
90229,2012-06-18,0.141147024265551,0
90230,2012-06-18,0.5221181468942407,0
90231,2012-06-18,0.5050459419932823,0
90232,2012-06-18,0.4886415231417044,1
90233,2012-06-18,0.24252543068608418,1
90234,2012-06-18,0.5318492066942812,0
90235,2012-06-18,0.398733280446692,0
90236,2012-06-18,0.5546548569136822,0
90237,2012-06-18,0.20955148430017667,0
90238,2012-06-18,0.5301797552976883,1
90239,2012-06-18,0.37156717766398356,1
90240,2012-06-18,0.6853030635268106,1
90241,2012-06-18,0.3954857793770586,0
90242,2012-06-18,0.36413097442636794,0
90243,2012-06-18,0.2581725881828991,1
90244,2012-06-18,0.4130426571205156,0
90245,2012-06-18,0.3189162142348059,1
90246,2012-06-18,0.39929504635537144,1
90247,2012-06-18,0.3625512626356526,0
90248,2012-06-18,0.338980756035596,0
90249,2012-06-18,0.05562699642333342,1
90250,2012-06-18,0.11072166418976812,0
90251,2012-06-18,0.3119838007248355,0
90252,2012-06-18,0.4084882182755906,0
90253,2012-06-18,0.5974700937038543,0
90254,2012-06-18,0.30755008310179427,0
90255,2012-06-18,0.2426609022309531,0
90256,2012-06-18,0.42564041679602016,0
90257,2012-06-18,0.3204091722007678,1
90258,2012-06-19,0.32320022133252724,0
90259,2012-06-19,0.5692203219645239,1
90260,2012-06-19,0.3435736013523614,0
90261,2012-06-19,0.28778648869350676,0
90262,2012-06-19,0.2164973237191241,0
90263,2012-06-19,0.45898221945438433,1
90264,2012-06-19,0.43640592993137495,1
90265,2012-06-19,0.41570763448483294,0
90266,2012-06-19,0.3035520066891484,0
90267,2012-06-19,0.6402989813409783,1
90268,2012-06-19,0.43972933665685726,0
90269,2012-06-19,0.28992667702924846,0
90270,2012-06-19,0.42574705439834537,0
90271,2012-06-19,0.4646834160280238,0
90272,2012-06-19,0.22934686322063969,0
90273,2012-06-19,0.6020381173322557,1
90274,2012-06-19,0.45575070391651223,1
90275,2012-06-19,0.5399715561706164,1
90276,2012-06-19,0.4051114545672851,1
90277,2012-06-19,0.6706192973902332,1
90278,2012-06-19,0.5621472196564731,1
90279,2012-06-19,0.6224481574276816,0
90280,2012-06-19,0.4362170924513375,0
90281,2012-06-19,0.4240107821355586,0
90282,2012-06-19,0.53563084088247,0
90283,2012-06-19,0.40117746599659665,0
90284,2012-06-19,0.14236613999825953,0
90285,2012-06-19,0.34501281018797003,1
90286,2012-06-19,0.29090973891197125,0
90287,2012-06-19,0.4142653597739918,1
90288,2012-06-19,0.44893197762774456,0
90289,2012-06-19,0.3816594159278315,0
90290,2012-06-19,0.5137203295505519,1
90291,2012-06-19,0.38859182281997207,1
90292,2012-06-19,0.21375505317006163,1
90293,2012-06-19,0.5606321461823229,0
90294,2012-06-19,0.4948006913291797,1
90295,2012-06-19,0.6066836927760352,1
90296,2012-06-19,0.6703392196698752,1
90297,2012-06-19,0.3778630964457569,0
90298,2012-06-19,0.45855454423706216,1
90299,2012-06-19,0.31553643290961386,0
90300,2012-06-19,0.336252190961896,1
90301,2012-06-19,0.5282316631589767,1
90302,2012-06-19,0.3155464733612497,0
90303,2012-06-19,0.5359914156589907,0
90304,2012-06-19,0.4962123938865384,0
90305,2012-06-19,0.34337840821180216,0
90306,2012-06-19,0.44058011814357645,0
90307,2012-06-19,0.443752256700275,0
90308,2012-06-19,0.4735221279648497,1
90309,2012-06-19,0.3750293700958303,1
90310,2012-06-19,0.38703869644377525,0
90311,2012-06-19,0.40299492405606485,1
90312,2012-06-19,0.346198875090353,0
90313,2012-06-19,0.4222643626086019,0
90314,2012-06-19,0.5312327297621778,0
90315,2012-06-19,0.41275782882674755,0
90316,2012-06-19,0.518252879073815,1
90317,2012-06-19,0.3725211278002598,0
90318,2012-06-19,0.2582088932715954,0
90319,2012-06-19,0.5767694050403266,0
90320,2012-06-19,0.3832579162365745,1
90321,2012-06-19,0.5665493215580294,1
90322,2012-06-19,0.5187473049909144,1
90323,2012-06-19,0.14935225937479227,1
90324,2012-06-19,0.16445087535297534,1
90325,2012-06-19,0.7421071214394006,1
90326,2012-06-19,0.2755410243369197,0
90327,2012-06-19,0.5034739274246739,0
90328,2012-06-19,0.4323732599462683,0
90329,2012-06-19,0.21723548515255897,0
90330,2012-06-19,0.37482584566463034,0
90331,2012-06-19,0.6718850203594959,0
90332,2012-06-19,0.4589694643568949,1
90333,2012-06-19,0.5885647429534925,1
90334,2012-06-19,0.290419740088264,0
90335,2012-06-19,0.2874060277159471,0
90336,2012-06-19,0.4037399723380313,1
90337,2012-06-19,0.40556989132023097,0
90338,2012-06-19,0.24746929921276156,1
90339,2012-06-19,0.6048526942219659,1
90340,2012-06-19,0.3304270795913667,0
90341,2012-06-19,0.23172306988694286,0
90342,2012-06-19,0.573629260649423,1
90343,2012-06-19,0.5380435856801294,1
90344,2012-06-19,0.2666214370047035,0
90345,2012-06-19,0.21638508355351152,0
90346,2012-06-19,0.15830334160946918,0
90347,2012-06-19,0.3419040855177029,0
90348,2012-06-19,0.3390435438055401,0
90349,2012-06-19,0.4881074734255087,0
90350,2012-06-19,0.5353306936882876,1
90351,2012-06-19,0.46330769618410317,0
90352,2012-06-19,0.3347666652547402,0
90353,2012-06-19,0.3560326255010723,1
90354,2012-06-19,0.5276986255342339,1
90355,2012-06-19,0.40855923892323837,1
90356,2012-06-19,0.34023462651576547,1
90357,2012-06-19,0.3718617904899204,0
90358,2012-06-19,0.32184057203154504,0
90359,2012-06-19,0.36184805032493156,0
90360,2012-06-19,0.3906346701164805,1
90361,2012-06-19,0.45395741338226386,0
90362,2012-06-19,0.2843458651996771,0
90363,2012-06-19,0.37950953765572437,1
90364,2012-06-19,0.3428046125468635,0
90365,2012-06-19,0.13172659505461684,0
90366,2012-06-19,0.6519142320466356,1
90367,2012-06-19,0.4830630286213258,0
90368,2012-06-19,0.3840405487928831,0
90369,2012-06-19,0.5025655984109086,1
90370,2012-06-19,0.4438141048060856,0
90371,2012-06-19,0.4084963048861754,0
90372,2012-06-19,0.3824283459279337,0
90373,2012-06-19,0.33337218375274785,0
90374,2012-06-19,0.4310883470347853,1
90375,2012-06-19,0.47135371957146055,0
90376,2012-06-19,0.2583503657223661,0
90377,2012-06-19,0.3378938466963376,0
90378,2012-06-19,0.40148771977259806,0
90379,2012-06-19,0.450472330758245,0
90380,2012-06-19,0.17039481822038546,0
90381,2012-06-19,0.45491027354731983,0
90382,2012-06-19,0.5751650751776051,1
90383,2012-06-19,0.3902722242843568,0
90384,2012-06-19,0.5940078865781815,1
90385,2012-06-19,0.6323458259996163,0
90386,2012-06-19,0.36069627075911154,1
90387,2012-06-19,0.16403506802114798,0
90388,2012-06-19,0.37618616915440695,0
90389,2012-06-19,0.5591258962275375,0
90390,2012-06-19,0.24547611070192263,0
90391,2012-06-19,0.33053339717679653,0
90392,2012-06-19,0.35746175442477296,1
90393,2012-06-19,0.47738219924543707,0
90394,2012-06-19,0.4705291462111428,1
90395,2012-06-19,0.4139038199370914,1
90396,2012-06-19,0.5803167757700968,1
90397,2012-06-19,0.25984436689223267,0
90398,2012-06-19,0.3956362990697126,0
90399,2012-06-19,0.6746629075293107,1
90400,2012-06-19,0.3094216443310355,0
90401,2012-06-19,0.33539750396782037,0
90402,2012-06-19,0.4861793266416597,1
90403,2012-06-19,0.4532825298486781,1
90404,2012-06-19,0.4250615071907868,0
90405,2012-06-19,0.564845642272146,1
90406,2012-06-19,0.4948486109033402,1
90407,2012-06-19,0.3518236361739914,0
90408,2012-06-19,0.2945700146420375,0
90409,2012-06-19,0.6455831790218008,1
90410,2012-06-19,0.49126288668065504,0
90411,2012-06-19,0.31782480876849295,1
90412,2012-06-19,0.5349700903263968,0
90413,2012-06-19,0.581212471678129,0
90414,2012-06-19,0.58931266766138,0
90415,2012-06-19,0.4242883512892533,0
90416,2012-06-19,0.32899197440801625,0
90417,2012-06-19,0.2225210484896448,0
90418,2012-06-19,0.31686075479082265,0
90419,2012-06-19,0.23235178250221464,0
90420,2012-06-20,0.2879521324562289,0
90421,2012-06-20,0.44271249592936024,0
90422,2012-06-20,0.3808202526223409,0
90423,2012-06-20,0.6909658871991984,1
90424,2012-06-20,0.3718062746520564,1
90425,2012-06-20,0.5564710650656304,1
90426,2012-06-20,0.264735301914337,0
90427,2012-06-20,0.47892062254055345,1
90428,2012-06-20,0.54582600403785,0
90429,2012-06-20,0.4514376856089688,1
90430,2012-06-20,0.4369060010817218,0
90431,2012-06-20,0.1869798537694766,0
90432,2012-06-20,0.3542383490245133,1
90433,2012-06-20,0.2562588170734978,0
90434,2012-06-20,0.36208662762245486,0
90435,2012-06-20,0.40912553604264923,0
90436,2012-06-20,0.5516757399639869,1
90437,2012-06-20,0.3731707417180811,0
90438,2012-06-20,0.3757784296473161,1
90439,2012-06-20,0.336061495736007,1
90440,2012-06-20,0.45096113924053793,0
90441,2012-06-20,0.5678852163003171,1
90442,2012-06-20,0.2392335088339809,0
90443,2012-06-20,0.5290037866219253,1
90444,2012-06-20,0.39799083909107985,1
90445,2012-06-20,0.40821212168386134,1
90446,2012-06-20,0.5237540240085518,0
90447,2012-06-20,0.23862918436356761,1
90448,2012-06-20,0.32672336861486695,1
90449,2012-06-20,0.33305642742644354,1
90450,2012-06-20,0.326038066435157,0
90451,2012-06-20,0.5409521595719167,0
90452,2012-06-20,0.241664774093005,0
90453,2012-06-20,0.3410189748096677,1
90454,2012-06-20,0.39235812403677844,1
90455,2012-06-20,0.3648632155457636,0
90456,2012-06-20,0.30008412894061287,0
90457,2012-06-20,0.20639749614301559,0
90458,2012-06-20,0.398188897295525,1
90459,2012-06-20,0.43497889252383903,0
90460,2012-06-20,0.46018475123981234,0
90461,2012-06-20,0.4835022122062006,0
90462,2012-06-20,0.43604913602656675,0
90463,2012-06-20,0.31861134497227095,0
90464,2012-06-20,0.29731773593329675,1
90465,2012-06-20,0.6442434142627033,1
90466,2012-06-20,0.1597525542456484,1
90467,2012-06-20,0.28058795750146004,0
90468,2012-06-20,0.4142176728600589,0
90469,2012-06-20,0.2691373958293522,0
90470,2012-06-20,0.3381146559454309,1
90471,2012-06-20,0.30142768411588616,0
90472,2012-06-20,0.125470022029106,0
90473,2012-06-20,0.174952856873981,0
90474,2012-06-20,0.2915852539123583,0
90475,2012-06-20,0.11124491990530229,0
90476,2012-06-20,0.3546224130768171,0
90477,2012-06-20,0.5993772941927542,1
90478,2012-06-20,0.1896999442109196,0
90479,2012-06-20,0.3310083103928376,0
90480,2012-06-20,0.5277710967870617,0
90481,2012-06-20,0.19825679271440808,0
90482,2012-06-20,0.4374061179554372,0
90483,2012-06-20,0.486223292858868,0
90484,2012-06-20,0.5093210836211558,1
90485,2012-06-20,0.540470185208889,1
90486,2012-06-20,0.33799835345574697,0
90487,2012-06-20,0.31434206078762317,0
90488,2012-06-20,0.4444081123560546,0
90489,2012-06-20,0.3565330865895444,0
90490,2012-06-20,0.46919324366483595,0
90491,2012-06-20,0.2890669099485894,1
90492,2012-06-20,0.22611934195605565,0
90493,2012-06-20,0.32711152999908294,0
90494,2012-06-20,0.44971970563504754,1
90495,2012-06-20,0.4543649193492493,1
90496,2012-06-20,0.38853329938428366,1
90497,2012-06-20,0.45946252951417893,1
90498,2012-06-20,0.3517346312380441,0
90499,2012-06-20,0.5081218403554078,1
90500,2012-06-20,0.4851611338986296,0
90501,2012-06-20,0.4296555393630583,1
90502,2012-06-20,0.4913341344181084,1
90503,2012-06-20,0.35877737950987604,0
90504,2012-06-20,0.4891484607117718,0
90505,2012-06-20,0.3762241795182397,0
90506,2012-06-20,0.5025440890865857,0
90507,2012-06-20,0.5192399876171598,1
90508,2012-06-20,0.5469400325349106,0
90509,2012-06-20,0.4118997464481707,0
90510,2012-06-20,0.48667552617208726,1
90511,2012-06-20,0.3271594506603693,0
90512,2012-06-20,0.3706971608436408,0
90513,2012-06-20,0.61788116282349,0
90514,2012-06-20,0.362633517102571,1
90515,2012-06-20,0.27997972927302434,0
90516,2012-06-20,0.4748239569525755,1
90517,2012-06-20,0.5479578423908102,1
90518,2012-06-20,0.3161748807700649,0
90519,2012-06-20,0.33088305605052537,1
90520,2012-06-20,0.4156678233800973,1
90521,2012-06-20,0.31709047196334444,0
90522,2012-06-20,0.37592196067128747,1
90523,2012-06-20,0.3384697724018539,0
90524,2012-06-20,0.5182489035705989,1
90525,2012-06-20,0.355665082382067,0
90526,2012-06-20,0.21307804196523245,0
90527,2012-06-20,0.37191173186924137,0
90528,2012-06-20,0.5547135463404258,1
90529,2012-06-20,0.40416879849920784,0
90530,2012-06-20,0.31175882129428806,1
90531,2012-06-20,0.5011392728615198,0
90532,2012-06-20,0.3631945687468059,0
90533,2012-06-20,0.27076062078567786,0
90534,2012-06-20,0.31130768896032707,0
90535,2012-06-20,0.34883224452878964,1
90536,2012-06-20,0.2666338034245977,1
90537,2012-06-20,0.39663741138309905,1
90538,2012-06-20,0.6384890274583307,0
90539,2012-06-20,0.3071889226477482,1
90540,2012-06-20,0.43065249224017244,1
90541,2012-06-20,0.35504987562749174,0
90542,2012-06-20,0.2937904003580455,1
90543,2012-06-20,0.20925957671072148,1
90544,2012-06-20,0.41671154305354263,1
90545,2012-06-20,0.29909559138049496,0
90546,2012-06-21,0.5131831009133416,1
90547,2012-06-21,0.25284224653154347,1
90548,2012-06-21,0.6172357083967123,1
90549,2012-06-21,0.5978860034451503,1
90550,2012-06-21,0.39063059039082315,1
90551,2012-06-21,0.392804071045848,0
90552,2012-06-21,0.6671507477877286,1
90553,2012-06-21,0.39186080784642474,1
90554,2012-06-21,0.49770117856123636,0
90555,2012-06-21,0.4567559110914036,1
90556,2012-06-21,0.3431821468460288,0
90557,2012-06-21,0.249925343078552,0
90558,2012-06-21,0.44241036959917407,1
90559,2012-06-21,0.35644178048050135,0
90560,2012-06-21,0.4666372095495114,0
90561,2012-06-21,0.39380147595600523,0
90562,2012-06-21,0.3200619856051054,1
90563,2012-06-21,0.3275375978368898,0
90564,2012-06-21,0.4316765425844037,0
90565,2012-06-21,0.2724649848207697,0
90566,2012-06-21,0.5199180721159892,1
90567,2012-06-21,0.37782591240357166,0
90568,2012-06-21,0.33154314888730857,0
90569,2012-06-21,0.5160333467086455,1
90570,2012-06-21,0.40908446596555803,0
90571,2012-06-21,0.6581471829432057,1
90572,2012-06-21,0.236187427543127,0
90573,2012-06-21,0.4960748330126432,0
90574,2012-06-21,0.24818346262600677,0
90575,2012-06-21,0.6600678463458052,0
90576,2012-06-21,0.47707872817297603,1
90577,2012-06-21,0.580507753797829,0
90578,2012-06-21,0.3570125272683435,0
90579,2012-06-21,0.6158296307205351,1
90580,2012-06-21,0.4455349066054009,1
90581,2012-06-21,0.5512642522303858,1
90582,2012-06-21,0.22473049720395535,0
90583,2012-06-21,0.3606242686568538,0
90584,2012-06-21,0.3609568459388216,1
90585,2012-06-21,0.312516344953565,1
90586,2012-06-21,0.3250460129593737,0
90587,2012-06-21,0.3169873894844748,1
90588,2012-06-21,0.5543986358842925,1
90589,2012-06-21,0.6794173778748913,1
90590,2012-06-21,0.364286519775412,0
90591,2012-06-21,0.423321575400676,1
90592,2012-06-21,0.6922669376234935,1
90593,2012-06-21,0.37120397935459676,0
90594,2012-06-21,0.2785071419164378,0
90595,2012-06-21,0.4262688566653057,0
90596,2012-06-21,0.4959312750232256,1
90597,2012-06-21,0.6069227537026735,1
90598,2012-06-21,0.23060366114406405,1
90599,2012-06-21,0.31134935653006013,0
90600,2012-06-21,0.5205197919285209,1
90601,2012-06-21,0.49823925938908187,1
90602,2012-06-21,0.36311904429023706,1
90603,2012-06-21,0.5237322156559799,1
90604,2012-06-21,0.5153619234910534,1
90605,2012-06-21,0.3965480372595475,1
90606,2012-06-21,0.22475884679043218,1
90607,2012-06-21,0.33936367776673726,0
90608,2012-06-21,0.47117188258640097,0
90609,2012-06-21,0.36189534494705505,0
90610,2012-06-21,0.4271474147324856,0
90611,2012-06-21,0.3831123350599548,1
90612,2012-06-21,0.3461575888645132,0
90613,2012-06-21,0.27221635913713005,0
90614,2012-06-21,0.3030498186557327,0
90615,2012-06-21,0.4712559754826239,1
90616,2012-06-21,0.3548792888242746,0
90617,2012-06-21,0.3113155908669066,0
90618,2012-06-21,0.5373958481002338,1
90619,2012-06-21,0.6059600786311972,1
90620,2012-06-21,0.3495737091877904,1
90621,2012-06-21,0.28237464384187716,1
90622,2012-06-21,0.36408658448066683,0
90623,2012-06-21,0.3444973616339855,0
90624,2012-06-21,0.26199275931438915,0
90625,2012-06-21,0.19606904664170086,0
90626,2012-06-21,0.46527604431755226,0
90627,2012-06-21,0.2712910178582629,0
90628,2012-06-21,0.3115035101556606,0
90629,2012-06-21,0.1384236423211606,0
90630,2012-06-21,0.34019725457448,1
90631,2012-06-21,0.4941603211610877,0
90632,2012-06-21,0.47416277864447537,0
90633,2012-06-21,0.3400191393956041,0
90634,2012-06-21,0.27794981454627016,1
90635,2012-06-21,0.4240551487794711,1
90636,2012-06-21,0.1921343776448483,1
90637,2012-06-21,0.5474163715118527,0
90638,2012-06-21,0.3484702145609113,1
90639,2012-06-21,0.3967083121684019,1
90640,2012-06-21,0.44819209504811613,1
90641,2012-06-21,0.3541340619782317,0
90642,2012-06-21,0.26572957053080265,1
90643,2012-06-21,0.48202308386005877,1
90644,2012-06-21,0.6754767410933105,0
90645,2012-06-21,0.3897015559410569,0
90646,2012-06-22,0.45659788466476053,0
90647,2012-06-22,0.13202131703788703,0
90648,2012-06-22,0.35148455474536106,1
90649,2012-06-22,0.37415675463083786,0
90650,2012-06-22,0.4236099560139608,1
90651,2012-06-22,0.3980774357809367,0
90652,2012-06-22,0.4271718883677507,1
90653,2012-06-22,0.28434634657787333,0
90654,2012-06-22,0.3707446160538551,0
90655,2012-06-22,0.5416363004701471,0
90656,2012-06-22,0.33942153852236195,0
90657,2012-06-22,0.18443765178256652,0
90658,2012-06-22,0.40064746072902846,0
90659,2012-06-22,0.48075473998173396,1
90660,2012-06-22,0.3173510219978905,1
90661,2012-06-22,0.41798333237675256,0
90662,2012-06-22,0.46155061303189204,0
90663,2012-06-22,0.3655047317784238,0
90664,2012-06-22,0.5310411176061619,0
90665,2012-06-22,0.4610779202791857,1
90666,2012-06-22,0.3557270503178222,0
90667,2012-06-22,0.668501491754683,0
90668,2012-06-22,0.3486742419553033,0
90669,2012-06-22,0.49557999310198053,0
90670,2012-06-22,0.3971826191942863,0
90671,2012-06-22,0.36491747748778897,1
90672,2012-06-22,0.6127566158414668,0
90673,2012-06-22,0.44341173419669855,1
90674,2012-06-22,0.5686425865083157,1
90675,2012-06-22,0.4538414628766975,0
90676,2012-06-22,0.3076241792922761,1
90677,2012-06-22,0.17876075338584596,0
90678,2012-06-22,0.4225387482310312,1
90679,2012-06-22,0.5630893035708997,1
90680,2012-06-22,0.509975641556596,1
90681,2012-06-22,0.6383664324995354,0
90682,2012-06-22,0.5252368886617121,1
90683,2012-06-22,0.326072869805615,1
90684,2012-06-22,0.4123524574531594,0
90685,2012-06-22,0.18050925127220202,0
90686,2012-06-22,0.37237049314049875,0
90687,2012-06-22,0.2941249747310451,0
90688,2012-06-22,0.3829219495421939,1
90689,2012-06-22,0.27722107447030814,0
90690,2012-06-22,0.2741635239177416,0
90691,2012-06-22,0.4122285879208116,1
90692,2012-06-22,0.5372306827732678,1
90693,2012-06-22,0.4157148407690002,0
90694,2012-06-22,0.2859915204372143,0
90695,2012-06-22,0.4067583273718833,0
90696,2012-06-22,0.5110014298249461,1
90697,2012-06-22,0.5236119348982403,1
90698,2012-06-22,0.2194833626247992,0
90699,2012-06-22,0.3035695558051799,0
90700,2012-06-22,0.4952847876928601,0
90701,2012-06-22,0.27348330708800167,0
90702,2012-06-22,0.5573422746310609,0
90703,2012-06-22,0.19505632719481128,0
90704,2012-06-22,0.19920271397442618,0
90705,2012-06-22,0.5513075360766605,1
90706,2012-06-22,0.5795941615119155,1
90707,2012-06-22,0.13717391658412464,1
90708,2012-06-22,0.18784748188700914,0
90709,2012-06-22,0.33399295803404505,0
90710,2012-06-22,0.6881598123274382,1
90711,2012-06-22,0.4725533834643006,1
90712,2012-06-22,0.5340870807745255,1
90713,2012-06-22,0.5618252243433325,0
90714,2012-06-22,0.24625975634012634,0
90715,2012-06-22,0.3497733415625836,1
90716,2012-06-22,0.3374228572269115,0
90717,2012-06-22,0.23289992672295803,0
90718,2012-06-22,0.3322719057766644,0
90719,2012-06-22,0.3285842056701716,0
90720,2012-06-22,0.5251869383423183,0
90721,2012-06-23,0.433009403131555,1
90722,2012-06-23,0.521099176739446,1
90723,2012-06-23,0.42888344315779353,0
90724,2012-06-23,0.598155484034551,1
90725,2012-06-23,0.38695913169576435,0
90726,2012-06-23,0.31152767162108275,0
90727,2012-06-23,0.33312016275959805,0
90728,2012-06-23,0.31743222894749024,0
90729,2012-06-23,0.3790378480220784,0
90730,2012-06-23,0.2877337546765259,0
90731,2012-06-23,0.42968556633837707,0
90732,2012-06-23,0.25456564533139425,0
90733,2012-06-23,0.26354631744845197,0
90734,2012-06-23,0.4539927826265006,1
90735,2012-06-23,0.21220547623573036,0
90736,2012-06-23,0.49496104400968943,0
90737,2012-06-23,0.4216947781139516,1
90738,2012-06-23,0.49996201637508997,1
90739,2012-06-23,0.32006190535084794,1
90740,2012-06-23,0.5631346791911035,0
90741,2012-06-23,0.5553448222689412,0
90742,2012-06-23,0.43424528731818823,1
90743,2012-06-23,0.47913378505406634,0
90744,2012-06-23,0.5200771857155717,0
90745,2012-06-23,0.1560719299710671,1
90746,2012-06-23,0.1758876166826023,0
90747,2012-06-23,0.48301196176803135,1
90748,2012-06-23,0.5131631506302392,1
90749,2012-06-23,0.3721232561614729,0
90750,2012-06-23,0.3612783540693788,0
90751,2012-06-23,0.23413768431991627,1
90752,2012-06-23,0.47660413448703076,1
90753,2012-06-23,0.40361103613469307,1
90754,2012-06-23,0.35754757658189124,0
90755,2012-06-23,0.23859555858773207,0
90756,2012-06-23,0.5202130878658462,1
90757,2012-06-23,0.3449648421660497,0
90758,2012-06-23,0.6532208669345888,0
90759,2012-06-23,0.4118962179190416,0
90760,2012-06-23,0.27306340329342166,1
90761,2012-06-23,0.4047018865219699,0
90762,2012-06-23,0.47400953152856784,0
90763,2012-06-23,0.26458996743438706,0
90764,2012-06-23,0.4253016021351921,0
90765,2012-06-23,0.5178102112462182,1
90766,2012-06-23,0.3692846982002824,0
90767,2012-06-23,0.2950008427807385,1
90768,2012-06-23,0.19812549444746988,0
90769,2012-06-23,0.28716666619776093,1
90770,2012-06-23,0.31813578480177257,0
90771,2012-06-23,0.30676946815958606,1
90772,2012-06-23,0.3824036787467468,1
90773,2012-06-23,0.508543025979893,0
90774,2012-06-24,0.39697416021410065,0
90775,2012-06-24,0.16546476558435477,1
90776,2012-06-24,0.4971284527753877,0
90777,2012-06-24,0.42548216193532656,0
90778,2012-06-24,0.597310691942743,0
90779,2012-06-24,0.47894766335641165,1
90780,2012-06-24,0.6807509887359865,1
90781,2012-06-24,0.5852082778614603,1
90782,2012-06-24,0.3377411403438319,1
90783,2012-06-24,0.5124823393558857,0
90784,2012-06-24,0.2272331217568093,0
90785,2012-06-24,0.5010712334913261,0
90786,2012-06-24,0.28479905934151084,0
90787,2012-06-24,0.274142048742183,0
90788,2012-06-24,0.3981006187219883,0
90789,2012-06-24,0.38613843811069226,0
90790,2012-06-24,0.19035239188628958,0
90791,2012-06-24,0.5606162453554262,1
90792,2012-06-24,0.3611127996567964,1
90793,2012-06-24,0.3653338266232528,0
90794,2012-06-24,0.4368794257352147,1
90795,2012-06-24,0.41773455079743405,0
90796,2012-06-24,0.15205718448181263,0
90797,2012-06-24,0.39450541600259,1
90798,2012-06-24,0.5157633678161311,0
90799,2012-06-24,0.5352221398794887,0
90800,2012-06-24,0.4295754403840572,1
90801,2012-06-24,0.3793386530187712,1
90802,2012-06-24,0.39728834766062476,0
90803,2012-06-24,0.6514565829589113,1
90804,2012-06-24,0.2925970204181761,0
90805,2012-06-24,0.44376969281072814,0
90806,2012-06-24,0.28854509742769063,0
90807,2012-06-24,0.32545836993072086,0
90808,2012-06-24,0.25087075985914076,0
90809,2012-06-24,0.3092842218545954,1
90810,2012-06-24,0.2601626912518523,0
90811,2012-06-24,0.23401526647442225,0
90812,2012-06-24,0.380548994708627,0
90813,2012-06-24,0.3063013575014395,0
90814,2012-06-24,0.2166829907892456,1
90815,2012-06-24,0.27779900135624486,0
90816,2012-06-24,0.578221277339191,1
90817,2012-06-24,0.29924915405830993,0
90818,2012-06-24,0.36605785331698265,1
90819,2012-06-24,0.4506304862441376,0
90820,2012-06-24,0.3598306108376573,0
90821,2012-06-24,0.289359617639025,0
90822,2012-06-24,0.5692969067319668,1
90823,2012-06-24,0.29784517324651416,1
90824,2012-06-24,0.44356818970861633,1
90825,2012-06-24,0.3652263408051983,0
90826,2012-06-24,0.2468915052549386,0
90827,2012-06-24,0.4242229844811901,1
90828,2012-06-24,0.31875540841125005,0
90829,2012-06-24,0.2458686544333601,0
90830,2012-06-24,0.46188871114336694,0
90831,2012-06-24,0.5759844549901696,1
90832,2012-06-24,0.39755995420145096,0
90833,2012-06-24,0.22007745006883997,0
90834,2012-06-24,0.5055568260966219,1
90835,2012-06-24,0.14907978343898,0
90836,2012-06-24,0.6437000876041054,1
90837,2012-06-24,0.46952650808583796,0
90838,2012-06-24,0.26852515487187734,0
90839,2012-06-24,0.37000395543058373,0
90840,2012-06-24,0.48013973217565864,1
90841,2012-06-24,0.3642460881501986,0
90842,2012-06-24,0.3958613172156818,0
90843,2012-06-24,0.5117616788845153,1
90844,2012-06-24,0.4159887689546823,1
90845,2012-06-24,0.19680008370319355,0
90846,2012-06-24,0.4811729258950537,1
90847,2012-06-24,0.20422993537167128,0
90848,2012-06-24,0.6053898959821847,0
90849,2012-06-24,0.26652491333000305,0
90850,2012-06-24,0.17628932624387364,1
90851,2012-06-24,0.4550712475335298,0
90852,2012-06-24,0.6536786121891687,0
90853,2012-06-24,0.3605648400185821,0
90854,2012-06-24,0.43260166705787434,0
90855,2012-06-24,0.5082751700565603,0
90856,2012-06-24,0.3477462772912795,0
90857,2012-06-24,0.23644771200337933,0
90858,2012-06-24,0.2672716703337665,1
90859,2012-06-24,0.42712158886541374,1
90860,2012-06-24,0.5813247163359518,0
90861,2012-06-24,0.358326491655072,0
90862,2012-06-24,0.4368965319427888,0
90863,2012-06-24,0.2317404978366403,0
90864,2012-06-24,0.3257724795967649,1
90865,2012-06-24,0.19579711520957568,1
90866,2012-06-24,0.4473620411718053,0
90867,2012-06-24,0.5195269848898396,1
90868,2012-06-24,0.47679652160522795,0
90869,2012-06-24,0.3268424489455535,0
90870,2012-06-24,0.6989225142563527,1
90871,2012-06-24,0.5675838255995223,1
90872,2012-06-24,0.3919752288098325,1
90873,2012-06-24,0.4419541288399995,0
90874,2012-06-24,0.22746835604767326,0
90875,2012-06-24,0.6166297319968113,1
90876,2012-06-24,0.4502544736142626,1
90877,2012-06-24,0.5596143397514818,1
90878,2012-06-24,0.3465223638370075,1
90879,2012-06-24,0.6697160696581413,0
90880,2012-06-24,0.40690779096870083,1
90881,2012-06-24,0.3824931254620421,1
90882,2012-06-24,0.3066673086506035,0
90883,2012-06-24,0.3884511989546332,0
90884,2012-06-24,0.321600769157251,0
90885,2012-06-24,0.44583562025505286,0
90886,2012-06-24,0.15708211879737893,0
90887,2012-06-24,0.5138696554135319,0
90888,2012-06-24,0.36118455539544153,0
90889,2012-06-24,0.3520968465322813,1
90890,2012-06-24,0.5248401484662617,1
90891,2012-06-24,0.22005947751526245,0
90892,2012-06-24,0.24515509678849648,1
90893,2012-06-24,0.5906943076370336,1
90894,2012-06-24,0.18514569236877448,0
90895,2012-06-24,0.5816827403313201,1
90896,2012-06-24,0.4863944456891752,0
90897,2012-06-24,0.12553028592330848,0
90898,2012-06-24,0.14203980744034583,0
90899,2012-06-24,0.5200674031169502,0
90900,2012-06-24,0.47178553282482133,0
90901,2012-06-24,0.284181576928365,0
90902,2012-06-24,0.25228790264878914,0
90903,2012-06-24,0.23832457029828588,0
90904,2012-06-24,0.5440496397700381,0
90905,2012-06-24,0.34562797878295076,0
90906,2012-06-24,0.5360297303749938,1
90907,2012-06-24,0.15334992174618323,0
90908,2012-06-24,0.5321064633050964,0
90909,2012-06-24,0.6404434518493496,1
90910,2012-06-24,0.1939065498587421,1
90911,2012-06-24,0.18146234162202943,0
90912,2012-06-24,0.6187239761260325,0
90913,2012-06-24,0.27915042759367786,1
90914,2012-06-24,0.5266516386171436,1
90915,2012-06-24,0.6383451942339354,1
90916,2012-06-24,0.4071680037947349,0
90917,2012-06-24,0.3785410717389509,0
90918,2012-06-24,0.35076918805317736,0
90919,2012-06-24,0.49323677923997816,0
90920,2012-06-24,0.300252878582499,0
90921,2012-06-24,0.23938350023238264,0
90922,2012-06-24,0.4178455154382089,1
90923,2012-06-24,0.36040008802033935,1
90924,2012-06-24,0.28495878428269517,1
90925,2012-06-24,0.48212654138005323,0
90926,2012-06-24,0.49627366621423874,0
90927,2012-06-24,0.33807539845455775,1
90928,2012-06-24,0.3318185993750023,0
90929,2012-06-24,0.45862313107624136,1
90930,2012-06-24,0.6661115012715021,1
90931,2012-06-24,0.6431729495103684,1
90932,2012-06-24,0.37500406386930646,0
90933,2012-06-24,0.5584354239801536,0
90934,2012-06-24,0.3612671813739651,1
90935,2012-06-24,0.5871024645909964,1
90936,2012-06-24,0.3086684065013902,0
90937,2012-06-24,0.5029329293584112,0
90938,2012-06-24,0.4258264052478724,0
90939,2012-06-24,0.561951835803383,1
90940,2012-06-24,0.39329492953960515,1
90941,2012-06-24,0.34415908999502026,0
90942,2012-06-24,0.44767896110611355,0
90943,2012-06-24,0.4820359479038916,0
90944,2012-06-24,0.440707729132956,0
90945,2012-06-24,0.2433961302385158,0
90946,2012-06-24,0.3197588188892778,0
90947,2012-06-24,0.5248575357737925,0
90948,2012-06-24,0.3251431177456787,1
90949,2012-06-24,0.31061950883282724,0
90950,2012-06-24,0.45002494308630253,0
90951,2012-06-24,0.1817405625068119,0
90952,2012-06-24,0.3616740170474446,0
90953,2012-06-24,0.48685535787974016,1
90954,2012-06-24,0.502110616485533,1
90955,2012-06-24,0.18047985624601562,1
90956,2012-06-24,0.38624821938065884,0
90957,2012-06-24,0.0860425044381548,0
90958,2012-06-24,0.3275486239074094,0
90959,2012-06-24,0.1754731139409075,0
90960,2012-06-24,0.5486086576708912,1
90961,2012-06-24,0.3906732865654808,1
90962,2012-06-24,0.42418008137913327,0
90963,2012-06-24,0.47268516832593205,0
90964,2012-06-24,0.40189239361004797,0
90965,2012-06-24,0.31650371751640327,0
90966,2012-06-24,0.5984629491529871,1
90967,2012-06-24,0.47863468385864333,0
90968,2012-06-24,0.4096887922663304,1
90969,2012-06-24,0.5451549050946495,0
90970,2012-06-24,0.3153253881882509,0
90971,2012-06-24,0.36164188413373083,0
90972,2012-06-24,0.48912991224614366,1
90973,2012-06-24,0.3603029711252936,0
90974,2012-06-24,0.33223929776851435,1
90975,2012-06-24,0.3442268553320053,0
90976,2012-06-24,0.3283647869941644,1
90977,2012-06-24,0.344807485347642,0
90978,2012-06-24,0.23525536246433282,0
90979,2012-06-24,0.3097176940946838,0
90980,2012-06-24,0.5867158758937498,1
90981,2012-06-24,0.2127458998003445,0
90982,2012-06-24,0.36399529207971204,1
90983,2012-06-24,0.6541172311215131,1
90984,2012-06-24,0.19063499211845986,1
90985,2012-06-24,0.262235086277549,1
90986,2012-06-24,0.3538166532397644,0
90987,2012-06-24,0.4822968990734284,0
90988,2012-06-24,0.34815568511839073,0
90989,2012-06-24,0.4805471362340432,1
90990,2012-06-24,0.4982724579958593,1
90991,2012-06-24,0.47322549830817456,0
90992,2012-06-24,0.2720430760358253,0
90993,2012-06-24,0.60844418894405,0
90994,2012-06-24,0.42528904546588553,0
90995,2012-06-24,0.3140493061577876,0
90996,2012-06-24,0.2691487523226399,1
90997,2012-06-24,0.40924128174658053,0
90998,2012-06-24,0.2763000215917928,0
90999,2012-06-24,0.7042701474584903,1
91000,2012-06-24,0.440542608921915,1
91001,2012-06-24,0.38221371579877894,0
91002,2012-06-24,0.4812160250897055,0
91003,2012-06-24,0.279248363866681,0
91004,2012-06-24,0.6091365303505748,1
91005,2012-06-24,0.3113219151369381,0
91006,2012-06-24,0.3271451478078493,1
91007,2012-06-24,0.5191693779674118,1
91008,2012-06-24,0.2234764741721111,0
91009,2012-06-24,0.4603048804445151,1
91010,2012-06-24,0.2891839859211973,0
91011,2012-06-24,0.44332804248217633,0
91012,2012-06-24,0.2508093735434811,0
91013,2012-06-24,0.3382267817327461,0
91014,2012-06-24,0.3620328149300825,1
91015,2012-06-24,0.37021534232489056,0
91016,2012-06-24,0.158734106989451,0
91017,2012-06-24,0.21109359484777288,0
91018,2012-06-24,0.3959400630999881,0
91019,2012-06-24,0.4282781498524633,0
91020,2012-06-24,0.5164821496488226,0
91021,2012-06-24,0.12153733686028602,0
91022,2012-06-24,0.1675365982113001,0
91023,2012-06-24,0.19290815695517896,0
91024,2012-06-24,0.6312020207444204,0
91025,2012-06-24,0.18886072333728265,0
91026,2012-06-24,0.44945660165119894,0
91027,2012-06-24,0.09081026790365657,0
91028,2012-06-24,0.3395392761093069,0
91029,2012-06-24,0.2622099664168202,1
91030,2012-06-24,0.530356140633698,0
91031,2012-06-24,0.27586036710920564,0
91032,2012-06-24,0.25442084525561165,0
91033,2012-06-24,0.22273697903824688,1
91034,2012-06-24,0.4737413470514201,0
91035,2012-06-24,0.30323564316832113,0
91036,2012-06-24,0.37344187018922737,0
91037,2012-06-24,0.26816737369147126,1
91038,2012-06-24,0.23450436806496114,0
91039,2012-06-24,0.28560931537228734,0
91040,2012-06-24,0.2204359431640069,1
91041,2012-06-24,0.510495095397137,0
91042,2012-06-24,0.3485475520182948,0
91043,2012-06-24,0.313230301473261,0
91044,2012-06-24,0.3244229827711027,0
91045,2012-06-24,0.5787022473701608,0
91046,2012-06-24,0.35566953581983346,0
91047,2012-06-24,0.3274361027177385,0
91048,2012-06-24,0.38904684876493856,0
91049,2012-06-24,0.32387451289127595,1
91050,2012-06-24,0.4745588328814198,0
91051,2012-06-24,0.20685303541880512,0
91052,2012-06-24,0.45274821757223366,1
91053,2012-06-24,0.29537937188544516,0
91054,2012-06-24,0.18156765673909878,1
91055,2012-06-24,0.40448828150516797,0
91056,2012-06-24,0.556149111203074,0
91057,2012-06-24,0.4184728088413201,1
91058,2012-06-24,0.40633073340920206,0
91059,2012-06-24,0.2161318227842255,0
91060,2012-06-24,0.2039081419276191,1
91061,2012-06-24,0.4618706757248809,0
91062,2012-06-24,0.4060917847829669,0
91063,2012-06-24,0.17502502061373526,0
91064,2012-06-24,0.5799023114470703,1
91065,2012-06-24,0.6172862747591595,1
91066,2012-06-24,0.4825798386953944,0
91067,2012-06-24,0.2291431338500352,0
91068,2012-06-24,0.20767966916046024,0
91069,2012-06-24,0.3952672034484957,0
91070,2012-06-24,0.35190799705688114,1
91071,2012-06-24,0.4276240426173061,0
91072,2012-06-24,0.35155975175343407,1
91073,2012-06-24,0.5412194129203776,1
91074,2012-06-24,0.43780914856202274,1
91075,2012-06-24,0.4730670029455482,0
91076,2012-06-24,0.4642386358401915,1
91077,2012-06-24,0.46506556232566415,1
91078,2012-06-24,0.47221132504450153,0
91079,2012-06-24,0.34430459674413255,0
91080,2012-06-24,0.5780692569588151,0
91081,2012-06-24,0.32307719940823204,1
91082,2012-06-24,0.3752352315354518,0
91083,2012-06-24,0.3756248133695638,0
91084,2012-06-24,0.4391183286809881,0
91085,2012-06-24,0.3277680776909137,0
91086,2012-06-24,0.16961228132339776,0
91087,2012-06-24,0.22604261616588492,0
91088,2012-06-24,0.35515433835152255,1
91089,2012-06-24,0.19820879050649234,0
91090,2012-06-24,0.2885340356977612,0
91091,2012-06-24,0.2824847416334589,0
91092,2012-06-24,0.4449133482399504,1
91093,2012-06-24,0.2581431986603056,1
91094,2012-06-24,0.4677049306777783,1
91095,2012-06-24,0.23849947874829178,1
91096,2012-06-24,0.41348581460298406,0
91097,2012-06-24,0.33196637430398956,0
91098,2012-06-24,0.48045536879426665,1
91099,2012-06-24,0.43955377860816164,0
91100,2012-06-24,0.5065918436586818,0
91101,2012-06-24,0.5155394199313428,0
91102,2012-06-24,0.26920187901061154,0
91103,2012-06-24,0.3125327946649342,1
91104,2012-06-24,0.39532593408591915,0
91105,2012-06-24,0.2428654682922339,0
91106,2012-06-24,0.2945685682182867,0
91107,2012-06-24,0.22972638533662745,0
91108,2012-06-24,0.5656144810670924,1
91109,2012-06-24,0.395153958580716,1
91110,2012-06-24,0.40706258385047606,1
91111,2012-06-24,0.2553905022732302,0
91112,2012-06-24,0.33083085656943084,1
91113,2012-06-24,0.39853974807250236,0
91114,2012-06-24,0.3296020089041197,1
91115,2012-06-24,0.35294279075857027,1
91116,2012-06-24,0.2736368229630508,0
91117,2012-06-24,0.5156136067810939,0
91118,2012-06-24,0.2662399156316216,1
91119,2012-06-24,0.5354205833111888,1
91120,2012-06-24,0.2753911549680704,0
91121,2012-06-24,0.33743173420987105,0
91122,2012-06-24,0.43470160549774267,0
91123,2012-06-24,0.21303441787850236,0
91124,2012-06-24,0.22153069390606905,0
91125,2012-06-24,0.5830576110442078,1
91126,2012-06-24,0.5773234973992077,0
91127,2012-06-24,0.44226928065970905,1
91128,2012-06-24,0.49617446779505975,0
91129,2012-06-24,0.4118016640749863,0
91130,2012-06-24,0.29137417207590455,1
91131,2012-06-24,0.2894684858449191,0
91132,2012-06-24,0.28829868860341934,0
91133,2012-06-24,0.5689032706656146,1
91134,2012-06-24,0.5732090193269235,0
91135,2012-06-24,0.23864686820457376,1
91136,2012-06-24,0.3732783694669932,1
91137,2012-06-24,0.19579711520957568,0
91138,2012-06-24,0.3532205837383527,0
91139,2012-06-24,0.43276235742770747,1
91140,2012-06-24,0.30271182857503537,1
91141,2012-06-24,0.45438245035651165,1
91142,2012-06-24,0.3455618206150327,1
91143,2012-06-24,0.3676118572938807,0
91144,2012-06-24,0.3296184732443317,0
91145,2012-06-24,0.6601440088893435,1
91146,2012-06-24,0.30773588159837073,1
91147,2012-06-24,0.2364667374567801,0
91148,2012-06-24,0.5088940384097451,1
91149,2012-06-24,0.2616396460762832,0
91150,2012-06-24,0.6007371387294408,1
91151,2012-06-24,0.2313175741454709,0
91152,2012-06-24,0.20412606576107564,0
91153,2012-06-24,0.18505743619486587,1
91154,2012-06-24,0.18391431626826912,0
91155,2012-06-24,0.4240401409226769,0
91156,2012-06-24,0.427381800124641,0
91157,2012-06-24,0.37767650316456636,1
91158,2012-06-24,0.24630380485857142,0
91159,2012-06-24,0.252015547988621,0
91160,2012-06-24,0.22662793158171513,0
91161,2012-06-24,0.3210956832253396,1
91162,2012-06-24,0.3252824761330643,1
91163,2012-06-24,0.45076788858643907,1
91164,2012-06-24,0.5018056325720739,1
91165,2012-06-24,0.3297072988187512,0
91166,2012-06-24,0.3851692279876144,0
91167,2012-06-24,0.37770947846261205,1
91168,2012-06-24,0.3568689832851963,0
91169,2012-06-24,0.41438727547921084,0
91170,2012-06-24,0.3169367208798165,0
91171,2012-06-24,0.302135976610848,1
91172,2012-06-24,0.4858310617282629,1
91173,2012-06-24,0.3797268840149894,0
91174,2012-06-24,0.1982096658261617,1
91175,2012-06-24,0.20150370067868814,0
91176,2012-06-24,0.1281957230404262,0
91177,2012-06-24,0.5253156269076944,1
91178,2012-06-24,0.5050029166825262,1
91179,2012-06-24,0.6350647760180731,1
91180,2012-06-24,0.43091693632164696,1
91181,2012-06-24,0.4873206024693908,1
91182,2012-06-24,0.37347214698702075,1
91183,2012-06-24,0.4126005352543771,1
91184,2012-06-24,0.47883406901830267,1
91185,2012-06-24,0.5035522517581582,1
91186,2012-06-24,0.3507098878181709,1
91187,2012-06-24,0.2141590583664365,0
91188,2012-06-24,0.4392174437085384,0
91189,2012-06-24,0.630688700389618,1
91190,2012-06-24,0.23768166323821177,0
91191,2012-06-24,0.28767125268647376,0
91192,2012-06-24,0.34054592898977903,0
91193,2012-06-24,0.6121270164598209,1
91194,2012-06-24,0.23430519197504868,0
91195,2012-06-24,0.6190209315140891,1
91196,2012-06-24,0.7404224356742904,0
91197,2012-06-24,0.31743895233412567,1
91198,2012-06-24,0.5188098995666501,1
91199,2012-06-24,0.5101753088753538,1
91200,2012-06-24,0.32805103231772254,0
91201,2012-06-24,0.25080794008980606,0
91202,2012-06-24,0.5768978566783954,1
91203,2012-06-24,0.5953733222857845,1
91204,2012-06-24,0.4368189478885162,1
91205,2012-06-24,0.37566558586166776,1
91206,2012-06-24,0.3008442739652892,1
91207,2012-06-24,0.3909476117544698,0
91208,2012-06-24,0.44341612839193184,0
91209,2012-06-24,0.5121667464076933,0
91210,2012-06-24,0.3734871996693686,1
91211,2012-06-24,0.18933609707647278,0
91212,2012-06-24,0.28800157244092595,0
91213,2012-06-24,0.459617790168819,1
91214,2012-06-24,0.46914353922903684,1
91215,2012-06-24,0.25152801570423816,1
91216,2012-06-24,0.4083236880667517,0
91217,2012-06-24,0.301930264814383,0
91218,2012-06-24,0.452942566386237,0
91219,2012-06-24,0.2837869406184208,1
91220,2012-06-24,0.5723102446504134,0
91221,2012-06-24,0.3014484287494011,0
91222,2012-06-24,0.35735908872983374,1
91223,2012-06-24,0.5054473018404555,1
91224,2012-06-24,0.3390998896058492,0
91225,2012-06-24,0.36940304949911046,1
91226,2012-06-24,0.5489094932499903,1
91227,2012-06-24,0.43442644174737355,0
91228,2012-06-24,0.16559696712733374,0
91229,2012-06-24,0.5336880339669561,0
91230,2012-06-24,0.4969000113659781,0
91231,2012-06-24,0.335418732542668,0
91232,2012-06-24,0.3340784649679718,0
91233,2012-06-24,0.35542889508777764,0
91234,2012-06-24,0.11826989090719298,0
91235,2012-06-24,0.22832788069918955,0
91236,2012-06-24,0.35179302395843964,0
91237,2012-06-24,0.3972527497231701,0
91238,2012-06-24,0.5285562975826752,1
91239,2012-06-24,0.24222933895703244,0
91240,2012-06-24,0.3157506930052959,0
91241,2012-06-24,0.16923007770241574,0
91242,2012-06-24,0.6152529523523697,1
91243,2012-06-24,0.17768437585100508,1
91244,2012-06-24,0.48902587891796934,1
91245,2012-06-24,0.43485262384688017,0
91246,2012-06-24,0.15415960341410867,0
91247,2012-06-24,0.29581490635901925,1
91248,2012-06-24,0.1910461792481578,0
91249,2012-06-24,0.5040128208885103,1
91250,2012-06-24,0.1646299979621592,0
91251,2012-06-24,0.43221937411957045,0
91252,2012-06-24,0.530297727840323,1
91253,2012-06-24,0.4306596316376678,0
91254,2012-06-24,0.45251160265993834,0
91255,2012-06-24,0.43007386922625146,1
91256,2012-06-24,0.3038988312255825,0
91257,2012-06-24,0.32299238057078994,0
91258,2012-06-24,0.1810413720023312,1
91259,2012-06-24,0.3339918553512943,0
91260,2012-06-24,0.49401483174804145,0
91261,2012-06-24,0.20757282270392477,0
91262,2012-06-24,0.21104218778681388,0
91263,2012-06-24,0.2810402401412727,0
91264,2012-06-24,0.42066437485413594,0
91265,2012-06-24,0.3771662042849453,0
91266,2012-06-24,0.4810942982354634,1
91267,2012-06-24,0.4111911937993008,1
91268,2012-06-24,0.18879948769769433,1
91269,2012-06-25,0.24766492374187765,0
91270,2012-06-25,0.10965922485336467,0
91271,2012-06-25,0.5651278024823256,0
91272,2012-06-25,0.34320425116659287,0
91273,2012-06-25,0.24431238650585427,0
91274,2012-06-25,0.2540044109529034,0
91275,2012-06-25,0.37078269101310296,1
91276,2012-06-25,0.2512208757523378,1
91277,2012-06-25,0.2612758716904514,0
91278,2012-06-25,0.32413964512585286,0
91279,2012-06-25,0.10199159312736646,0
91280,2012-06-25,0.3996560777872543,1
91281,2012-06-25,0.5800126331731171,1
91282,2012-06-25,0.3844904779351855,0
91283,2012-06-25,0.480979675430164,1
91284,2012-06-25,0.5578719307543584,0
91285,2012-06-25,0.5445724212576755,1
91286,2012-06-25,0.2718937406227599,0
91287,2012-06-25,0.382764857024524,0
91288,2012-06-25,0.4790633093004541,0
91289,2012-06-25,0.5663408905606586,1
91290,2012-06-25,0.5397120027875847,0
91291,2012-06-25,0.5547630650387161,0
91292,2012-06-25,0.29609276189256845,0
91293,2012-06-25,0.5577028445748061,1
91294,2012-06-25,0.5283585388796246,0
91295,2012-06-25,0.3774286382958155,0
91296,2012-06-25,0.5047540518697885,1
91297,2012-06-25,0.2882094501165408,0
91298,2012-06-25,0.5824774869852305,0
91299,2012-06-25,0.2879844700256127,1
91300,2012-06-25,0.4573601183294646,0
91301,2012-06-25,0.6176087547871321,1
91302,2012-06-25,0.4708193901374367,1
91303,2012-06-25,0.44609163054063644,0
91304,2012-06-25,0.29962185659044827,0
91305,2012-06-25,0.5556611257713718,0
91306,2012-06-25,0.18523644415638293,0
91307,2012-06-25,0.2183240244987332,0
91308,2012-06-25,0.3785002472308829,0
91309,2012-06-25,0.34692439509905126,0
91310,2012-06-25,0.6343612263278972,0
91311,2012-06-25,0.536598300409759,0
91312,2012-06-25,0.2962740896269263,0
91313,2012-06-25,0.37213864942085645,0
91314,2012-06-25,0.5110288808664383,0
91315,2012-06-25,0.3178003650106273,0
91316,2012-06-25,0.4695942851280059,1
91317,2012-06-25,0.27565794969700885,0
91318,2012-06-25,0.24835664097753474,1
91319,2012-06-25,0.48761533189873585,0
91320,2012-06-25,0.356385549006114,1
91321,2012-06-25,0.39689383063711736,1
91322,2012-06-25,0.2676048115858696,1
91323,2012-06-25,0.4581354438449447,0
91324,2012-06-25,0.4632519139364944,0
91325,2012-06-25,0.25085754470980015,0
91326,2012-06-25,0.5629872737886178,1
91327,2012-06-25,0.5049820260270084,1
91328,2012-06-25,0.24795044139734757,0
91329,2012-06-25,0.385281748712432,0
91330,2012-06-25,0.43304820502622693,1
91331,2012-06-25,0.3963999060963521,1
91332,2012-06-25,0.2876908658678504,0
91333,2012-06-25,0.6226051636543448,1
91334,2012-06-25,0.32079002662676687,0
91335,2012-06-25,0.5172467493724223,0
91336,2012-06-25,0.3645342980195087,1
91337,2012-06-25,0.37651737516423495,0
91338,2012-06-25,0.18572405418911458,0
91339,2012-06-25,0.6073396895492933,0
91340,2012-06-25,0.5175587630057635,0
91341,2012-06-25,0.4790176538667482,0
91342,2012-06-25,0.500354846708396,1
91343,2012-06-25,0.3118604336915544,1
91344,2012-06-25,0.3654286783351648,1
91345,2012-06-25,0.26015436959785093,0
91346,2012-06-25,0.2654377144872703,0
91347,2012-06-25,0.4016853969276238,1
91348,2012-06-25,0.406363551134343,0
91349,2012-06-25,0.17721517801081935,0
91350,2012-06-25,0.2222975735986984,0
91351,2012-06-25,0.2963589313191545,1
91352,2012-06-25,0.2854112445660357,0
91353,2012-06-25,0.5106519168679325,0
91354,2012-06-25,0.10399342479242224,0
91355,2012-06-25,0.4265650062529576,0
91356,2012-06-25,0.3960317357184543,0
91357,2012-06-25,0.3914007357340848,0
91358,2012-06-25,0.25180791586680396,0
91359,2012-06-25,0.3743041435175061,1
91360,2012-06-25,0.06804032949022068,1
91361,2012-06-25,0.38946254635461325,0
91362,2012-06-25,0.17738674808360788,0
91363,2012-06-25,0.5788798238570259,1
91364,2012-06-25,0.36365593112051664,1
91365,2012-06-25,0.4414465411278961,0
91366,2012-06-25,0.5435245601926357,1
91367,2012-06-25,0.3103865877684996,0
91368,2012-06-25,0.5631427732753463,0
91369,2012-06-25,0.23419900060665627,0
91370,2012-06-25,0.4186747484032145,0
91371,2012-06-25,0.5276697244559118,0
91372,2012-06-25,0.17988710441247896,0
91373,2012-06-25,0.26147257492878734,0
91374,2012-06-25,0.5745851497906448,1
91375,2012-06-25,0.2832542658302412,0
91376,2012-06-25,0.17031475673727084,0
91377,2012-06-25,0.2520956133836618,0
91378,2012-06-25,0.44778551837819397,0
91379,2012-06-25,0.39799303165329114,1
91380,2012-06-25,0.4656430977648277,1
91381,2012-06-25,0.4077768191577714,1
91382,2012-06-25,0.252564594462137,0
91383,2012-06-25,0.5282524458407934,1
91384,2012-06-25,0.22225061545699015,0
91385,2012-06-25,0.23242715943880538,0
91386,2012-06-25,0.3139925420519788,1
91387,2012-06-25,0.28291293227753084,0
91388,2012-06-25,0.5228223387499004,1
91389,2012-06-25,0.5464568349157358,0
91390,2012-06-25,0.5976384274273228,0
91391,2012-06-25,0.6222679569465969,0
91392,2012-06-25,0.5109043806769301,1
91393,2012-06-25,0.2588626031452567,0
91394,2012-06-25,0.3084144709560621,0
91395,2012-06-25,0.228784357775792,0
91396,2012-06-25,0.5033061340678515,0
91397,2012-06-25,0.3260394731818963,0
91398,2012-06-25,0.25989571007484125,0
91399,2012-06-25,0.5698115674768741,1
91400,2012-06-25,0.4072450480157856,0
91401,2012-06-25,0.7358566749513695,1
91402,2012-06-25,0.2668018502610909,1
91403,2012-06-25,0.24242043485651157,0
91404,2012-06-25,0.29510216257625027,0
91405,2012-06-25,0.3782276703592631,0
91406,2012-06-25,0.44952506660418917,0
91407,2012-06-25,0.28276219488834625,0
91408,2012-06-25,0.26664285574736013,0
91409,2012-06-25,0.2916189286384355,0
91410,2012-06-25,0.2783987212065689,1
91411,2012-06-25,0.31037736567400365,1
91412,2012-06-25,0.5702528600502492,1
91413,2012-06-25,0.3451586404776542,0
91414,2012-06-25,0.44086309909385163,1
91415,2012-06-25,0.5490864381181862,0
91416,2012-06-25,0.32255911366676693,0
91417,2012-06-25,0.5994445212307851,0
91418,2012-06-25,0.38174006252135895,0
91419,2012-06-25,0.18297630674942114,0
91420,2012-06-25,0.42316695681921207,0
91421,2012-06-25,0.31200774477584986,0
91422,2012-06-25,0.23211995268044908,0
91423,2012-06-25,0.4365710442137333,0
91424,2012-06-25,0.3687418034197236,1
91425,2012-06-25,0.18210909894986893,0
91426,2012-06-25,0.28016559975615357,0
91427,2012-06-25,0.2952536694922295,1
91428,2012-06-25,0.21312468691734776,0
91429,2012-06-25,0.401930710762171,0
91430,2012-06-25,0.3044719611989491,0
91431,2012-06-25,0.3175952214618154,0
91432,2012-06-25,0.35567581736338244,0
91433,2012-06-25,0.34141214043081347,0
91434,2012-06-25,0.4091091045697641,0
91435,2012-06-25,0.2047671705722973,0
91436,2012-06-25,0.34198766911578593,0
91437,2012-06-25,0.5577338075647726,1
91438,2012-06-25,0.4035389330741965,0
91439,2012-06-25,0.21191605853874296,0
91440,2012-06-25,0.25123673640268107,0
91441,2012-06-25,0.44263920217165265,0
91442,2012-06-25,0.26538115021510417,0
91443,2012-06-25,0.35405617514211357,0
91444,2012-06-25,0.2817013286030393,0
91445,2012-06-25,0.47324588380156546,0
91446,2012-06-25,0.6271511041106832,0
91447,2012-06-25,0.5185895352185554,1
91448,2012-06-25,0.47739617499184667,0
91449,2012-06-25,0.2096063154590905,1
91450,2012-06-25,0.29853019553363735,0
91451,2012-06-25,0.4015976252371369,1
91452,2012-06-25,0.4460063545314902,0
91453,2012-06-25,0.22249287838558118,0
91454,2012-06-25,0.5817434624111295,1
91455,2012-06-25,0.5452628432038383,0
91456,2012-06-25,0.5242982236396119,0
91457,2012-06-25,0.5041343082099715,0
91458,2012-06-25,0.401348816740207,0
91459,2012-06-25,0.2591923645795952,0
91460,2012-06-25,0.5399385008405652,1
91461,2012-06-25,0.5088106466189869,1
91462,2012-06-25,0.5352308430421798,0
91463,2012-06-25,0.4023924260027417,1
91464,2012-06-25,0.5000575301559318,0
91465,2012-06-25,0.15755104788041568,0
91466,2012-06-25,0.5064314992075658,0
91467,2012-06-25,0.1536445902489344,1
91468,2012-06-25,0.3031705281662798,0
91469,2012-06-25,0.354178578940574,0
91470,2012-06-25,0.5660579963909234,1
91471,2012-06-25,0.23814455384212962,0
91472,2012-06-25,0.30900843402666694,1
91473,2012-06-25,0.3700391216624866,0
91474,2012-06-25,0.4747367509270191,0
91475,2012-06-25,0.5319226602558806,0
91476,2012-06-25,0.4271881900691998,1
91477,2012-06-25,0.2266489754552208,0
91478,2012-06-25,0.4770224852718662,1
91479,2012-06-25,0.19209163654806946,0
91480,2012-06-25,0.4160871367323573,1
91481,2012-06-25,0.33804044041488684,1
91482,2012-06-25,0.23207643561815278,0
91483,2012-06-25,0.42924897316827576,0
91484,2012-06-25,0.3477115423078833,0
91485,2012-06-25,0.14428387292058964,0
91486,2012-06-25,0.48168951038467567,0
91487,2012-06-25,0.38596785196717726,0
91488,2012-06-25,0.6275145389095839,0
91489,2012-06-25,0.32947773269515856,1
91490,2012-06-25,0.3722694947591029,0
91491,2012-06-25,0.4398902712667303,1
91492,2012-06-25,0.29440573139872794,1
91493,2012-06-25,0.4630036451032007,0
91494,2012-06-25,0.4771682219277745,1
91495,2012-06-25,0.35000873066427174,1
91496,2012-06-25,0.39224100643289483,0
91497,2012-06-25,0.4242140125391235,1
91498,2012-06-25,0.2582342218926555,1
91499,2012-06-25,0.5634811876322998,0
91500,2012-06-25,0.3408934291123416,0
91501,2012-06-25,0.28503929612047285,0
91502,2012-06-25,0.21655229822810476,0
91503,2012-06-25,0.4829292998997684,1
91504,2012-06-25,0.5250096529904903,0
91505,2012-06-25,0.35617541514062,0
91506,2012-06-25,0.3884734908268537,0
91507,2012-06-25,0.3086519778399249,1
91508,2012-06-25,0.24947644745912548,0
91509,2012-06-25,0.2658838411543167,0
91510,2012-06-25,0.49403017187049203,0
91511,2012-06-25,0.31177343316156336,0
91512,2012-06-25,0.7231127285562875,1
91513,2012-06-25,0.23196400159141178,1
91514,2012-06-25,0.05097069384329308,0
91515,2012-06-25,0.3218278453590572,1
91516,2012-06-25,0.47256683544357925,0
91517,2012-06-25,0.23884294256906663,0
91518,2012-06-25,0.38796467696580383,0
91519,2012-06-25,0.45113438795020294,0
91520,2012-06-25,0.5728292105773314,1
91521,2012-06-25,0.24013343811440457,0
91522,2012-06-25,0.2837641149441698,0
91523,2012-06-25,0.41363682281976627,1
91524,2012-06-25,0.5462305225322077,0
91525,2012-06-25,0.3642002436743143,0
91526,2012-06-25,0.2357062683903709,0
91527,2012-06-25,0.38643049779737304,0
91528,2012-06-25,0.42760775467598305,0
91529,2012-06-25,0.2748082460754022,0
91530,2012-06-25,0.32842602193746206,0
91531,2012-06-25,0.23532754305762937,1
91532,2012-06-25,0.39207623374273676,0
91533,2012-06-25,0.2158867214400618,0
91534,2012-06-25,0.30071396807265627,0
91535,2012-06-25,0.5028873775951953,1
91536,2012-06-25,0.4592584865323616,0
91537,2012-06-25,0.3159203589204477,0
91538,2012-06-25,0.24898911245251526,0
91539,2012-06-25,0.5235742172595771,1
91540,2012-06-25,0.28652974312491547,0
91541,2012-06-25,0.4042384024617527,1
91542,2012-06-25,0.3727477989597206,0
91543,2012-06-25,0.2607353612519806,0
91544,2012-06-25,0.5204582679408409,1
91545,2012-06-25,0.38927196244326134,0
91546,2012-06-25,0.4764843938367257,1
91547,2012-06-25,0.48697331982633973,1
91548,2012-06-25,0.1561424908497008,0
91549,2012-06-25,0.19835261286537484,0
91550,2012-06-25,0.5401795217199814,0
91551,2012-06-25,0.4807936551806671,0
91552,2012-06-25,0.3229046506754263,0
91553,2012-06-25,0.5612766765197804,0
91554,2012-06-25,0.5866413717967404,0
91555,2012-06-25,0.4416725849268463,0
91556,2012-06-25,0.21791028138617474,0
91557,2012-06-25,0.4239953144242478,1
91558,2012-06-25,0.43594244912070007,0
91559,2012-06-25,0.4791321503635809,0
91560,2012-06-25,0.28831458943355903,0
91561,2012-06-25,0.4175447974354318,1
91562,2012-06-25,0.31307153075296745,1
91563,2012-06-25,0.39508569672643074,1
91564,2012-06-25,0.576384562912375,1
91565,2012-06-25,0.20841534983720483,1
91566,2012-06-25,0.6459733282448972,1
91567,2012-06-25,0.3216481636443559,1
91568,2012-06-25,0.47710991236501504,0
91569,2012-06-25,0.4184372051593186,0
91570,2012-06-25,0.42597765184108244,1
91571,2012-06-25,0.6348388164704435,1
91572,2012-06-25,0.3217080156042906,0
91573,2012-06-25,0.5569063525273246,1
91574,2012-06-25,0.37816372937078985,0
91575,2012-06-25,0.33078702697140483,0
91576,2012-06-25,0.41483736482942146,0
91577,2012-06-25,0.4402294108365341,1
91578,2012-06-25,0.403687507228767,1
91579,2012-06-25,0.5692202462690283,1
91580,2012-06-25,0.48482647007879637,1
91581,2012-06-25,0.39382682950603004,1
91582,2012-06-25,0.2671203735688477,0
91583,2012-06-25,0.4818914673796336,1
91584,2012-06-25,0.5506094301880704,1
91585,2012-06-25,0.24569969496881325,0
91586,2012-06-25,0.30279625773085667,0
91587,2012-06-25,0.34905326504205064,0
91588,2012-06-25,0.23528392392401978,1
91589,2012-06-25,0.33238077412893846,0
91590,2012-06-25,0.4400150200698384,1
91591,2012-06-25,0.415503966112958,0
91592,2012-06-25,0.44272111609845394,0
91593,2012-06-25,0.4450731256910279,1
91594,2012-06-25,0.5382545658524737,1
91595,2012-06-25,0.1418731899435733,0
91596,2012-06-25,0.4286334602445847,1
91597,2012-06-25,0.22920614465438413,1
91598,2012-06-25,0.7081877908924127,1
91599,2012-06-25,0.3218222120197286,0
91600,2012-06-25,0.4768414866410672,0
91601,2012-06-25,0.3390194481024488,1
91602,2012-06-25,0.4492712522645919,0
91603,2012-06-25,0.3906112626337527,1
91604,2012-06-25,0.7119424519078226,0
91605,2012-06-25,0.2629510139356335,1
91606,2012-06-25,0.3713195340426782,0
91607,2012-06-26,0.415503966112958,0
91608,2012-06-26,0.41551970460783083,0
91609,2012-06-26,0.23012993529985223,0
91610,2012-06-26,0.5393599179738056,0
91611,2012-06-26,0.3872157472177874,0
91612,2012-06-26,0.41359486243394283,0
91613,2012-06-26,0.5302393154870796,1
91614,2012-06-26,0.44721919315725933,0
91615,2012-06-26,0.5520730184333406,1
91616,2012-06-26,0.6156329458299037,1
91617,2012-06-26,0.2657418382600185,0
91618,2012-06-26,0.4738849880375246,0
91619,2012-06-26,0.25366721444400625,1
91620,2012-06-26,0.42910754898583686,0
91621,2012-06-26,0.359650807275368,0
91622,2012-06-26,0.41219825604381927,0
91623,2012-06-26,0.3981529503992988,0
91624,2012-06-26,0.13385110585372434,0
91625,2012-06-26,0.33249633536283096,1
91626,2012-06-26,0.46192335874109824,1
91627,2012-06-26,0.32485360972440375,0
91628,2012-06-26,0.6213291173946727,1
91629,2012-06-26,0.47681460140996634,0
91630,2012-06-26,0.19883125233989773,1
91631,2012-06-26,0.20854451268689028,0
91632,2012-06-26,0.38593059113477607,1
91633,2012-06-26,0.4403287485238549,0
91634,2012-06-26,0.4358541899060544,1
91635,2012-06-26,0.3737978927585974,0
91636,2012-06-26,0.18775120596503422,0
91637,2012-06-26,0.6945456918564236,1
91638,2012-06-26,0.28664157808524016,1
91639,2012-06-26,0.2089692717445151,0
91640,2012-06-26,0.4856643261849451,0
91641,2012-06-26,0.29730959742944757,1
91642,2012-06-26,0.28310723604212407,0
91643,2012-06-26,0.5910135764870305,0
91644,2012-06-26,0.23791399129416788,0
91645,2012-06-26,0.35129721027264094,0
91646,2012-06-26,0.436632717902744,1
91647,2012-06-26,0.3852195578596062,0
91648,2012-06-26,0.2677971303782228,0
91649,2012-06-26,0.34048628587884827,1
91650,2012-06-26,0.40363955194695533,1
91651,2012-06-26,0.5862937179603501,1
91652,2012-06-26,0.26164289055508083,0
91653,2012-06-26,0.49083689606559927,1
91654,2012-06-26,0.4785101773993058,1
91655,2012-06-26,0.316141508131204,0
91656,2012-06-26,0.4058287221133625,0
91657,2012-06-26,0.24317226811081413,0
91658,2012-06-26,0.3623543867914264,1
91659,2012-06-26,0.32147884017238226,0
91660,2012-06-26,0.5244172140578391,1
91661,2012-06-26,0.17657762547943928,0
91662,2012-06-26,0.3553383506757524,0
91663,2012-06-26,0.2883551366112916,0
91664,2012-06-26,0.4675277450143723,0
91665,2012-06-26,0.22838938713307905,0
91666,2012-06-26,0.2441809000230049,0
91667,2012-06-26,0.2147818092141798,0
91668,2012-06-26,0.3817669368572972,0
91669,2012-06-26,0.4284370773316781,0
91670,2012-06-26,0.31154213087659527,0
91671,2012-06-26,0.5613034646524051,1
91672,2012-06-26,0.6268648917203935,1
91673,2012-06-26,0.3045423345352156,0
91674,2012-06-26,0.23498824229464219,0
91675,2012-06-26,0.1925310507731563,0
91676,2012-06-26,0.44016929856823345,1
91677,2012-06-26,0.38326951215977234,1
91678,2012-06-26,0.29743328139342057,0
91679,2012-06-26,0.33964203284758393,0
91680,2012-06-26,0.4976701663450536,1
91681,2012-06-26,0.3919982984740396,0
91682,2012-06-26,0.44437590254374454,1
91683,2012-06-26,0.44389437992712105,0
91684,2012-06-26,0.5144746717554124,0
91685,2012-06-26,0.481475108191529,0
91686,2012-06-26,0.38329411930096147,0
91687,2012-06-26,0.2741041443764743,0
91688,2012-06-26,0.5906206510615758,1
91689,2012-06-26,0.3063028093959581,0
91690,2012-06-26,0.40004076105196085,0
91691,2012-06-26,0.32142849437001486,1
91692,2012-06-26,0.48708250730275754,0
91693,2012-06-26,0.5191815270206224,0
91694,2012-06-26,0.3078481022086166,0
91695,2012-06-26,0.4464857368455829,0
91696,2012-06-26,0.3433607667412452,1
91697,2012-06-26,0.38494666246031034,1
91698,2012-06-26,0.39185068572114534,1
91699,2012-06-26,0.5242647757312734,1
91700,2012-06-26,0.5308133178556679,1
91701,2012-06-26,0.4457688390967388,1
91702,2012-06-26,0.4585969622327816,1
91703,2012-06-26,0.3144090659046562,0
91704,2012-06-26,0.5424542245618033,1
91705,2012-06-26,0.28736950063613154,0
91706,2012-06-26,0.3729649685311943,0
91707,2012-06-26,0.238627593557601,0
91708,2012-06-26,0.21807990191615617,0
91709,2012-06-26,0.44108181465918,1
91710,2012-06-26,0.33489412094570037,1
91711,2012-06-26,0.30561067104176165,1
91712,2012-06-26,0.3403403976617678,1
91713,2012-06-26,0.5600979628934664,0
91714,2012-06-26,0.6060741690843422,1
91715,2012-06-26,0.44179446003894635,0
91716,2012-06-26,0.31555306080888623,0
91717,2012-06-26,0.515806341038813,1
91718,2012-06-26,0.2263179180664787,0
91719,2012-06-26,0.3874907314837076,0
91720,2012-06-26,0.24954342638512797,0
91721,2012-06-26,0.41146127019105216,1
91722,2012-06-26,0.4891458823130102,1
91723,2012-06-26,0.2463244897766776,1
91724,2012-06-26,0.4737402488215827,1
91725,2012-06-26,0.3728453873440802,1
91726,2012-06-26,0.37375431221837657,1
91727,2012-06-26,0.7054212195938951,0
91728,2012-06-26,0.21050213907168,0
91729,2012-06-26,0.34391598049158234,0
91730,2012-06-26,0.4195165479190964,1
91731,2012-06-26,0.2431130710024585,0
91732,2012-06-26,0.3955384479173447,0
91733,2012-06-27,0.08454093687786507,0
91734,2012-06-27,0.5815612793351652,1
91735,2012-06-27,0.5276552689713198,1
91736,2012-06-27,0.3845414529290439,1
91737,2012-06-27,0.4824344876887047,0
91738,2012-06-27,0.5177140068903393,1
91739,2012-06-27,0.3373979322776797,1
91740,2012-06-27,0.44775440601280936,0
91741,2012-06-27,0.2301848979637489,0
91742,2012-06-27,0.37445924679166365,0
91743,2012-06-27,0.2597766178317008,0
91744,2012-06-27,0.21831079955760563,0
91745,2012-06-27,0.33951226701245235,1
91746,2012-06-27,0.33000147358129917,0
91747,2012-06-27,0.5399360067985693,1
91748,2012-06-27,0.6363382535064274,0
91749,2012-06-27,0.3805397492006742,0
91750,2012-06-27,0.3119074515118514,0
91751,2012-06-27,0.632791159834795,1
91752,2012-06-27,0.559914146237615,1
91753,2012-06-27,0.4724294232618284,1
91754,2012-06-27,0.5262558168956556,1
91755,2012-06-27,0.6008236516930393,0
91756,2012-06-27,0.35623722104887084,0
91757,2012-06-27,0.3691418165754797,0
91758,2012-06-27,0.24675168445108317,0
91759,2012-06-27,0.5804541988428489,0
91760,2012-06-27,0.4306153992506573,0
91761,2012-06-27,0.4255681435112458,0
91762,2012-06-27,0.6083890902131894,0
91763,2012-06-27,0.13522204480837643,0
91764,2012-06-27,0.4944910705183806,1
91765,2012-06-27,0.4246847152718467,0
91766,2012-06-27,0.41029670195871126,0
91767,2012-06-27,0.4372534817121885,1
91768,2012-06-27,0.5702521211745636,1
91769,2012-06-27,0.4529615959261895,0
91770,2012-06-27,0.35190846365777384,1
91771,2012-06-27,0.31526200855630204,0
91772,2012-06-27,0.36519395409285527,1
91773,2012-06-27,0.361907986310198,1
91774,2012-06-27,0.4803107369394427,1
91775,2012-06-27,0.5624460446187343,0
91776,2012-06-27,0.2689712929481367,0
91777,2012-06-27,0.4651711224320472,0
91778,2012-06-27,0.31184095777496795,0
91779,2012-06-27,0.41068270032112836,0
91780,2012-06-27,0.27083309036953646,0
91781,2012-06-27,0.21040876964642807,0
91782,2012-06-27,0.41893147655528606,0
91783,2012-06-27,0.308324683316529,0
91784,2012-06-27,0.34593054658600003,0
91785,2012-06-27,0.5622576985252101,0
91786,2012-06-27,0.2019839315603391,0
91787,2012-06-27,0.37245634991209015,1
91788,2012-06-27,0.20567586999706758,0
91789,2012-06-27,0.5717960498292946,0
91790,2012-06-27,0.30104436883592134,0
91791,2012-06-27,0.40792907918991234,1
91792,2012-06-27,0.19579905497882036,0
91793,2012-06-27,0.2270513316257191,0
91794,2012-06-27,0.3309345668991345,1
91795,2012-06-27,0.372137631762403,0
91796,2012-06-27,0.38423799352146853,0
91797,2012-06-27,0.2137987058590275,1
91798,2012-06-27,0.20933555428984907,0
91799,2012-06-27,0.5990394193053942,1
91800,2012-06-27,0.44252516590343705,0
91801,2012-06-27,0.2975883573916561,1
91802,2012-06-27,0.5642094022841301,0
91803,2012-06-27,0.2508545426804921,0
91804,2012-06-27,0.34616572255149497,1
91805,2012-06-27,0.5288994802582366,1
91806,2012-06-27,0.5164202977994063,0
91807,2012-06-27,0.3162398638447167,0
91808,2012-06-27,0.6584429754567038,1
91809,2012-06-27,0.27072839280908817,1
91810,2012-06-27,0.5248774868306887,0
91811,2012-06-27,0.508803964355032,1
91812,2012-06-27,0.19819366706107908,0
91813,2012-06-27,0.4925080147055209,1
91814,2012-06-27,0.2824017935543021,1
91815,2012-06-27,0.4735221279648497,0
91816,2012-06-27,0.2106003924967116,0
91817,2012-06-27,0.5088099136228105,1
91818,2012-06-27,0.3031137737799548,0
91819,2012-06-27,0.43849589084158785,1
91820,2012-06-27,0.43780219253515446,1
91821,2012-06-27,0.18313012964856268,0
91822,2012-06-27,0.5097002354567648,0
91823,2012-06-27,0.4198627533881936,0
91824,2012-06-27,0.40434289549860564,0
91825,2012-06-27,0.5370635755071046,1
91826,2012-06-27,0.17195033407445404,0
91827,2012-06-27,0.450966748368051,1
91828,2012-06-27,0.3090590505892693,0
91829,2012-06-27,0.45855510058912796,1
91830,2012-06-27,0.3929764085931789,0
91831,2012-06-27,0.15914835904537572,0
91832,2012-06-27,0.2712685547051115,0
91833,2012-06-27,0.3897286170206969,0
91834,2012-06-27,0.3288819993567235,0
91835,2012-06-27,0.2062360414967664,1
91836,2012-06-27,0.17337676233392396,0
91837,2012-06-27,0.47346123246261207,1
91838,2012-06-27,0.12451145762727724,1
91839,2012-06-27,0.47166661785103736,0
91840,2012-06-27,0.3092376452760915,0
91841,2012-06-27,0.37261537781184634,0
91842,2012-06-27,0.3882477340147389,1
91843,2012-06-27,0.44893956901199955,1
91844,2012-06-27,0.4863278185560791,0
91845,2012-06-27,0.17419476458876748,0
91846,2012-06-27,0.3222931608925153,1
91847,2012-06-27,0.5586266175005103,1
91848,2012-06-27,0.42269332272242494,0
91849,2012-06-27,0.32807777103199753,0
91850,2012-06-27,0.23998214474723525,0
91851,2012-06-27,0.358761257914683,0
91852,2012-06-27,0.31251496160049913,0
91853,2012-06-27,0.624321018512443,1
91854,2012-06-27,0.44010833714767333,1
91855,2012-06-27,0.30283767838076553,0
91856,2012-06-27,0.6015813509961402,0
91857,2012-06-27,0.6201959792868236,0
91858,2012-06-27,0.23619157407769326,0
91859,2012-06-27,0.48812019280003743,0
91860,2012-06-27,0.25714338742370757,0
91861,2012-06-27,0.2810680201179769,0
91862,2012-06-27,0.5209781263667524,1
91863,2012-06-27,0.2607758519339777,0
91864,2012-06-27,0.32091415039154014,0
91865,2012-06-27,0.5362215518706345,1
91866,2012-06-27,0.5628948194874362,1
91867,2012-06-27,0.34296953942911546,1
91868,2012-06-27,0.47842925964819943,0
91869,2012-06-27,0.5788843152614938,1
91870,2012-06-27,0.6115907869612409,1
91871,2012-06-27,0.603499027599448,0
91872,2012-06-27,0.18951556258875962,0
91873,2012-06-27,0.11007066743696668,0
91874,2012-06-27,0.3970792623249111,0
91875,2012-06-27,0.3321674952013271,0
91876,2012-06-27,0.39796656560496446,0
91877,2012-06-27,0.3719232548007527,1
91878,2012-06-27,0.3462402480737498,1
91879,2012-06-28,0.3741600623180951,1
91880,2012-06-28,0.4836305956584042,1
91881,2012-06-28,0.5377594319575196,0
91882,2012-06-28,0.3026240571434773,0
91883,2012-06-28,0.47680109388890357,1
91884,2012-06-28,0.1874677712243608,0
91885,2012-06-28,0.2377434088560755,0
91886,2012-06-28,0.4578985761093712,0
91887,2012-06-28,0.16428003683491763,0
91888,2012-06-28,0.10053440495132167,0
91889,2012-06-28,0.663580635351705,0
91890,2012-06-28,0.30707192203885886,1
91891,2012-06-28,0.26639244521239785,0
91892,2012-06-28,0.27242719959016026,0
91893,2012-06-28,0.33504467208394756,0
91894,2012-06-28,0.5385293721825619,0
91895,2012-06-28,0.43654839700937864,0
91896,2012-06-28,0.46459539464854505,1
91897,2012-06-28,0.2993647755613084,0
91898,2012-06-28,0.6721547032884849,1
91899,2012-06-28,0.29567782735961784,0
91900,2012-06-28,0.767648802612528,1
91901,2012-06-28,0.19520569949205435,1
91902,2012-06-28,0.5203545352089964,1
91903,2012-06-28,0.3013522000244123,0
91904,2012-06-28,0.33997474893954827,0
91905,2012-06-28,0.5083845202094448,1
91906,2012-06-28,0.2633573701639736,0
91907,2012-06-28,0.5738384359953617,0
91908,2012-06-28,0.5989330330296169,1
91909,2012-06-28,0.2988536981306928,0
91910,2012-06-28,0.36371153282023233,0
91911,2012-06-28,0.4644301135178995,0
91912,2012-06-28,0.33559155860031437,1
91913,2012-06-28,0.4691767130945244,1
91914,2012-06-28,0.49922016318161927,0
91915,2012-06-28,0.5529149067450944,1
91916,2012-06-28,0.522667273718341,1
91917,2012-06-28,0.5146632824421828,1
91918,2012-06-28,0.5677962111747576,1
91919,2012-06-28,0.46558147420992524,1
91920,2012-06-28,0.5800595136849833,0
91921,2012-06-28,0.2236606153866464,0
91922,2012-06-28,0.32687620398441086,0
91923,2012-06-28,0.5521812346383503,1
91924,2012-06-28,0.24900588478193655,0
91925,2012-06-28,0.3924438254112956,1
91926,2012-06-28,0.5094131144355084,0
91927,2012-06-28,0.4925668675616695,1
91928,2012-06-28,0.5305242469421337,1
91929,2012-06-28,0.29886961869736833,0
91930,2012-06-28,0.6215563327024832,1
91931,2012-06-28,0.28971784569376285,0
91932,2012-06-28,0.41350656190462526,1
91933,2012-06-28,0.293279961488554,0
91934,2012-06-28,0.3993678291009956,0
91935,2012-06-28,0.33270141413318355,0
91936,2012-06-28,0.5612587938088124,1
91937,2012-06-28,0.30714232686617804,0
91938,2012-06-28,0.2777581502631429,0
91939,2012-06-28,0.31418925450900603,0
91940,2012-06-28,0.5865345767070012,0
91941,2012-06-28,0.3400991474509321,1
91942,2012-06-28,0.30963141412906275,0
91943,2012-06-28,0.49240717527440947,1
91944,2012-06-28,0.43938454281263195,0
91945,2012-06-28,0.2646116206235507,0
91946,2012-06-28,0.22812218713995766,0
91947,2012-06-29,0.36429637939958415,0
91948,2012-06-29,0.3467984111001366,0
91949,2012-06-29,0.4396468319220809,0
91950,2012-06-29,0.3043639621659186,0
91951,2012-06-29,0.18197027861182444,1
91952,2012-06-29,0.3641723222792513,1
91953,2012-06-29,0.321571753043404,1
91954,2012-06-29,0.5567445593769205,1
91955,2012-06-29,0.33728915200826626,0
91956,2012-06-29,0.4650731997445458,0
91957,2012-06-29,0.35961361908147293,0
91958,2012-06-29,0.20081129037034692,0
91959,2012-06-29,0.2273295565591472,1
91960,2012-06-29,0.23581838492010546,0
91961,2012-06-29,0.37687282250828696,0
91962,2012-06-29,0.35019538612329115,0
91963,2012-06-29,0.5288399721349499,1
91964,2012-06-29,0.40469377783849736,0
91965,2012-06-29,0.2988226517117437,1
91966,2012-06-29,0.29595666261474046,0
91967,2012-06-29,0.38740526911036643,1
91968,2012-06-29,0.32281475128828924,1
91969,2012-06-29,0.40230578122603317,1
91970,2012-06-29,0.29062335535555833,0
91971,2012-06-29,0.373346737266692,0
91972,2012-06-29,0.23229723706573088,0
91973,2012-06-29,0.2654623479380818,0
91974,2012-06-29,0.4817493820093401,0
91975,2012-06-29,0.28852539583901615,0
91976,2012-06-29,0.3277387756217414,1
91977,2012-06-29,0.43951594755197554,1
91978,2012-06-29,0.10321345734270906,0
91979,2012-06-29,0.3177160719319514,1
91980,2012-06-29,0.3594986767589964,1
91981,2012-06-29,0.2592812566523939,0
91982,2012-06-29,0.582756308835129,1
91983,2012-06-29,0.44056767394302554,0
91984,2012-06-29,0.4931185711955842,1
91985,2012-06-29,0.4905555065163799,0
91986,2012-06-29,0.49380333761126244,1
91987,2012-06-29,0.2973937877092879,0
91988,2012-06-29,0.5963608999446959,1
91989,2012-06-29,0.500687208747136,0
91990,2012-06-29,0.2667281657957854,0
91991,2012-06-29,0.3767769035808052,0
91992,2012-06-29,0.4215744574108002,1
91993,2012-06-29,0.5469637707432952,1
91994,2012-06-29,0.2795898625923746,0
91995,2012-06-29,0.2675801547205516,0
91996,2012-06-29,0.49265134572795094,0
91997,2012-06-29,0.33296755010611506,0
91998,2012-06-29,0.35880811248981775,1
91999,2012-06-29,0.3460752145094145,1
92000,2012-06-29,0.3871425499179499,0
92001,2012-06-30,0.3328781529031386,1
92002,2012-06-30,0.1686599387914501,0
92003,2012-06-30,0.29180131548135174,0
92004,2012-06-30,0.29987716271677606,1
92005,2012-06-30,0.33657406046864696,0
92006,2012-06-30,0.18034573484255703,0
92007,2012-06-30,0.33851617075685697,0
92008,2012-06-30,0.47374440676013774,0
92009,2012-06-30,0.29153076746234957,0
92010,2012-06-30,0.2472476236182251,0
92011,2012-06-30,0.5371857210750849,1
92012,2012-06-30,0.5216036447642242,1
92013,2012-06-30,0.382721903764134,1
92014,2012-06-30,0.43573682663829066,0
92015,2012-06-30,0.4773772235102914,0
92016,2012-06-30,0.517675850154538,0
92017,2012-06-30,0.22942585790030826,1
92018,2012-06-30,0.4024960222930081,0
92019,2012-06-30,0.3364194769127802,1
92020,2012-06-30,0.4528202878754217,0
92021,2012-06-30,0.2935670541737598,1
92022,2012-06-30,0.45043575283808546,0
92023,2012-06-30,0.47646689102986256,1
92024,2012-06-30,0.5498537608955473,1
92025,2012-06-30,0.28741044460603343,1
92026,2012-06-30,0.5854102914425059,1
92027,2012-06-30,0.18715229988892682,0
92028,2012-06-30,0.4786604219973448,0
92029,2012-06-30,0.3366693925984535,0
92030,2012-06-30,0.31595313929519836,1
92031,2012-06-30,0.31419737317057345,1
92032,2012-06-30,0.3446749947606538,1
92033,2012-06-30,0.2763777698106574,0
92034,2012-06-30,0.24703470494746724,0
92035,2012-06-30,0.3610484081481662,1
92036,2012-06-30,0.2685610459520837,0
92037,2012-06-30,0.24974446041173953,0
92038,2012-06-30,0.4418146526337175,0
92039,2012-06-30,0.359960603501913,1
92040,2012-06-30,0.37080752883376045,1
92041,2012-06-30,0.15647619618049632,0
92042,2012-06-30,0.4177920598575987,1
92043,2012-06-30,0.4834025566583391,1
92044,2012-06-30,0.29881878294061104,0
92045,2012-06-30,0.4706113787596065,1
92046,2012-06-30,0.49052817348307587,1
92047,2012-06-30,0.47754928774934646,0
92048,2012-06-30,0.5741801725191299,1
92049,2012-06-30,0.41239704857048703,0
92050,2012-06-30,0.21221010366179024,0
92051,2012-06-30,0.4258103103294297,0
92052,2012-06-30,0.3226528337893959,0
92053,2012-06-30,0.4775209925220253,0
92054,2012-06-30,0.2878742083442776,0
92055,2012-06-30,0.32925435439962153,0
92056,2012-06-30,0.3045704394367198,1
92057,2012-06-30,0.3263780427842279,0
92058,2012-06-30,0.11832547574491263,0
92059,2012-06-30,0.3256491353173019,1
92060,2012-06-30,0.37675656178632616,0
92061,2012-06-30,0.31664152088354514,1
92062,2012-06-30,0.33454030910305627,1
92063,2012-06-30,0.11998515671090064,0
92064,2012-06-30,0.3498524419530916,0
92065,2012-06-30,0.37575129817455905,0
92066,2012-06-30,0.2700889401936465,0
92067,2012-06-30,0.46653799591935513,1
92068,2012-06-30,0.5216870578891121,1
92069,2012-06-30,0.4695394669149337,1
92070,2012-06-30,0.3561636342339521,0
92071,2012-06-30,0.4968874250507071,1
92072,2012-06-30,0.4697245763209381,0
92073,2012-06-30,0.4868106753064226,1
92074,2012-06-30,0.12142733950071449,0
92075,2012-06-30,0.3106639936540037,0
92076,2012-06-30,0.4279824757067432,0
92077,2012-06-30,0.6606769309626556,0
92078,2012-06-30,0.6112534662061866,1
92079,2012-06-30,0.5617758060671315,0
92080,2012-06-30,0.4386300185939359,0
92081,2012-06-30,0.40216903839505597,1
92082,2012-06-30,0.5324212835591478,0
92083,2012-06-30,0.5737711419981609,1
92084,2012-06-30,0.5685398338797141,1
92085,2012-06-30,0.5035505667864629,0
92086,2012-06-30,0.38525784591728246,0
92087,2012-06-30,0.3086117707629328,1
92088,2012-06-30,0.5844669273801862,0
92089,2012-06-30,0.4508992102136231,1
92090,2012-06-30,0.3939633296895374,0
92091,2012-06-30,0.2260743206274795,0
92092,2012-06-30,0.5412399838666049,0
92093,2012-06-30,0.38745417262459336,0
92094,2012-06-30,0.2761092724205314,0
92095,2012-06-30,0.3014888292096825,0
92096,2012-06-30,0.38556191042146093,0
92097,2012-06-30,0.3885736106080609,1
92098,2012-06-30,0.4299722240473239,0
92099,2012-06-30,0.36172833960227924,0
92100,2012-06-30,0.40762738530382053,1
92101,2012-06-30,0.15339986363988248,0
92102,2012-06-30,0.5938549322832015,1
92103,2012-06-30,0.40363070770621234,0
92104,2012-06-30,0.33960310976259994,0
92105,2012-06-30,0.36709271077848615,0
92106,2012-06-30,0.23995901059053276,0
92107,2012-06-30,0.41968019365365483,1
92108,2012-06-30,0.4567880899954341,1
92109,2012-06-30,0.37849630109243415,0
92110,2012-06-30,0.253211773951833,0
92111,2012-06-30,0.5370245400796931,1
92112,2012-06-30,0.20397643172350977,0
92113,2012-06-30,0.295702174647573,0
92114,2012-06-30,0.5245163933202481,0
92115,2012-06-30,0.4343459108970706,1
92116,2012-06-30,0.4693650063636598,1
92117,2012-06-30,0.4190864984704142,1
92118,2012-06-30,0.21111415700183503,1
92119,2012-06-30,0.22341953671871914,0
92120,2012-06-30,0.22750816960188966,0
92121,2012-06-30,0.3598926939182588,1
92122,2012-06-30,0.34157090199099793,0
92123,2012-06-30,0.5168413907119642,0
92124,2012-06-30,0.4462281352828618,1
92125,2012-06-30,0.44676387902295195,0
92126,2012-06-30,0.3183937672402719,1
92127,2012-06-30,0.39776043314010534,0
92128,2012-06-30,0.29101123528135014,0
92129,2012-06-30,0.4015610559390527,0
92130,2012-06-30,0.2524242689537481,0
92131,2012-06-30,0.5003459347280941,0
92132,2012-06-30,0.5358605891871345,0
92133,2012-06-30,0.5266229069769304,0
92134,2012-06-30,0.34563338806601224,0
92135,2012-06-30,0.38394317863296523,0
92136,2012-06-30,0.5144685938832693,0
92137,2012-06-30,0.20836434878956264,0
92138,2012-06-30,0.5749815853524554,1
92139,2012-06-30,0.38860452103845283,0
92140,2012-06-30,0.21117666031088841,0
92141,2012-06-30,0.2848903400012211,1
92142,2012-06-30,0.5101128218802145,1
92143,2012-06-30,0.6115502371465023,0
92144,2012-06-30,0.5169030116444694,1
92145,2012-06-30,0.4443704234627771,1
92146,2012-06-30,0.32711905745622144,0
92147,2012-06-30,0.33185761662659735,0
92148,2012-06-30,0.32496945034775404,0
92149,2012-06-30,0.2273243335801605,0
92150,2012-06-30,0.4884448344187755,1
92151,2012-06-30,0.39763488015115955,0
92152,2012-06-30,0.2559343758884978,0
92153,2012-06-30,0.5583431762652952,0
92154,2012-06-30,0.37719346713272867,0
92155,2012-06-30,0.6493200125781949,1
92156,2012-06-30,0.45009998634750226,1
92157,2012-06-30,0.43742583046772565,0
92158,2012-06-30,0.11874452683133803,0
92159,2012-06-30,0.24116061654161994,0
92160,2012-06-30,0.6897556503704025,1
92161,2012-06-30,0.33975997006261344,1
92162,2012-06-30,0.3192564806516554,0
92163,2012-06-30,0.45211107816414065,0
92164,2012-06-30,0.28781540600074634,1
92165,2012-06-30,0.2648217987256594,0
92166,2012-06-30,0.38888767092734133,0
92167,2012-06-30,0.4168807094797746,0
92168,2012-06-30,0.531499897127091,1
92169,2012-06-30,0.22082105965115023,0
92170,2012-06-30,0.34197925577376637,1
92171,2012-06-30,0.4636941242282075,1
92172,2012-06-30,0.6326520798776201,0
92173,2012-06-30,0.4539446845674487,1
92174,2012-06-30,0.1636935009904946,0
92175,2012-06-30,0.4938324193392133,1
92176,2012-06-30,0.3490955404957034,0
92177,2012-06-30,0.2997826092656833,0
92178,2012-06-30,0.42253237002407157,0
92179,2012-06-30,0.21717925728357476,0
92180,2012-06-30,0.6520862474265163,0
92181,2012-06-30,0.3216117975059369,1
92182,2012-06-30,0.44053520488697473,1
92183,2012-06-30,0.3164073250150337,0
92184,2012-06-30,0.3553462128986917,0
92185,2012-06-30,0.21553440081270478,0
92186,2012-06-30,0.5486633591983321,1
92187,2012-06-30,0.4307817249812522,0
92188,2012-06-30,0.4180977841202905,1
92189,2012-06-30,0.23821618045106296,1
92190,2012-06-30,0.2634229194546221,0
92191,2012-06-30,0.3099311459513768,1
92192,2012-06-30,0.1950724057835219,0
92193,2012-06-30,0.36979078823081823,0
92194,2012-06-30,0.4739295753928692,1
92195,2012-06-30,0.3183620230065641,1
92196,2012-06-30,0.20028109572020403,0
92197,2012-06-30,0.6009135611311562,0
92198,2012-06-30,0.298557479457036,1
92199,2012-06-30,0.3987353807700938,0
92200,2012-06-30,0.24942175949701612,1
92201,2012-06-30,0.25155117625945606,0
92202,2012-06-30,0.32093531045414647,0
92203,2012-06-30,0.37215812716299773,1
92204,2012-06-30,0.7177095191799483,1
92205,2012-06-30,0.5063069501081697,0
92206,2012-06-30,0.4789152964357379,0
92207,2012-06-30,0.38442348580219565,0
92208,2012-06-30,0.35029892892001596,0
92209,2012-06-30,0.33638989370227984,0
92210,2012-06-30,0.32819364769528675,0
92211,2012-06-30,0.20292568726395596,0
92212,2012-06-30,0.48403126160918836,1
92213,2012-06-30,0.271064652322146,0
92214,2012-06-30,0.28567643149911953,0
92215,2012-06-30,0.6182254121084689,1
92216,2012-06-30,0.6760871243318737,0
92217,2012-06-30,0.6526598298585058,0
92218,2012-06-30,0.4770915187763707,0
92219,2012-06-30,0.4467695922673627,1
92220,2012-06-30,0.42946906640722743,0
92221,2012-06-30,0.34299042799215307,0
92222,2012-06-30,0.3474899682440878,0
92223,2012-06-30,0.40384434147878306,1
92224,2012-06-30,0.42364596608003474,0
92225,2012-06-30,0.348684439480487,1
92226,2012-06-30,0.40539985929359723,0
92227,2012-06-30,0.22060266668776518,0
92228,2012-06-30,0.30865524464222127,0
92229,2012-06-30,0.4155358688785256,0
92230,2012-06-30,0.5313759844589376,1
92231,2012-06-30,0.32062991113754735,0
92232,2012-06-30,0.36165811261574454,1
92233,2012-06-30,0.20520241308303144,0
92234,2012-06-30,0.2752124412185962,0
92235,2012-06-30,0.4291998565212858,0
92236,2012-06-30,0.2804318668272624,0
92237,2012-07-01,0.29022805400047613,0
92238,2012-07-01,0.38336773004922986,0
92239,2012-07-01,0.49362900330904685,0
92240,2012-07-01,0.1284858782371512,0
92241,2012-07-01,0.33095001876711583,0
92242,2012-07-01,0.2186947006009742,0
92243,2012-07-01,0.436971497312006,1
92244,2012-07-01,0.12709501218865127,0
92245,2012-07-01,0.5499201249387803,0
92246,2012-07-01,0.34829759713027897,0
92247,2012-07-01,0.6178798371986204,1
92248,2012-07-01,0.28166426048215526,1
92249,2012-07-01,0.578461943982569,0
92250,2012-07-01,0.16612668202964115,0
92251,2012-07-01,0.39054980569724335,1
92252,2012-07-01,0.235494785172394,0
92253,2012-07-01,0.3354831783465071,1
92254,2012-07-01,0.12727594796363106,0
92255,2012-07-01,0.5165147218299675,1
92256,2012-07-01,0.20767186204964613,1
92257,2012-07-01,0.3105404906121591,0
92258,2012-07-01,0.21153963967474695,0
92259,2012-07-01,0.6358620269374841,1
92260,2012-07-01,0.45995972758013054,0
92261,2012-07-01,0.3938702496563152,0
92262,2012-07-01,0.5705493105890045,0
92263,2012-07-01,0.3639971931519905,0
92264,2012-07-01,0.483070557570052,1
92265,2012-07-01,0.5176086606157101,1
92266,2012-07-01,0.5591781013181039,0
92267,2012-07-01,0.39410148539099626,0
92268,2012-07-01,0.4115641917174433,0
92269,2012-07-01,0.3378424748174382,1
92270,2012-07-01,0.3348377805732396,0
92271,2012-07-01,0.610754719061714,1
92272,2012-07-01,0.35895195497480775,1
92273,2012-07-01,0.2601642108233106,0
92274,2012-07-01,0.44581463236571023,1
92275,2012-07-01,0.5337585907302189,0
92276,2012-07-01,0.31788063862115273,0
92277,2012-07-01,0.1614391186000513,0
92278,2012-07-01,0.2253397139745804,1
92279,2012-07-01,0.5222484955673014,0
92280,2012-07-01,0.1724962424193749,0
92281,2012-07-01,0.5798004825013555,1
92282,2012-07-01,0.3623204333530429,1
92283,2012-07-01,0.49053843897100496,0
92284,2012-07-01,0.46747259354290094,1
92285,2012-07-01,0.37438268494136073,1
92286,2012-07-01,0.40833888443674693,0
92287,2012-07-01,0.2799397622651017,1
92288,2012-07-01,0.5344899496787696,1
92289,2012-07-01,0.40890487375994855,0
92290,2012-07-01,0.30648010185112434,0
92291,2012-07-01,0.44232658928036184,0
92292,2012-07-01,0.27156087669041545,0
92293,2012-07-01,0.48917187824536895,1
92294,2012-07-01,0.32474579001730486,1
92295,2012-07-01,0.5713105505930063,0
92296,2012-07-01,0.13929276717037534,0
92297,2012-07-01,0.27297546258694044,0
92298,2012-07-01,0.5584439597691725,0
92299,2012-07-01,0.5221537570387499,0
92300,2012-07-01,0.42913097241334636,0
92301,2012-07-01,0.2729183024988597,0
92302,2012-07-01,0.4214758760555148,0
92303,2012-07-01,0.4904393776560722,1
92304,2012-07-01,0.3711702774240917,0
92305,2012-07-01,0.32959906454356414,0
92306,2012-07-01,0.38108131805549994,0
92307,2012-07-01,0.33157426746747315,0
92308,2012-07-01,0.30605053827406403,0
92309,2012-07-01,0.31675957619613604,1
92310,2012-07-01,0.27700639496248664,0
92311,2012-07-01,0.19696288330636863,0
92312,2012-07-01,0.5646168043000592,0
92313,2012-07-01,0.4392736727381335,1
92314,2012-07-01,0.3982438444495754,0
92315,2012-07-01,0.06961386795887854,0
92316,2012-07-01,0.23328042430804868,1
92317,2012-07-01,0.2704290397184382,0
92318,2012-07-01,0.2788228372020772,1
92319,2012-07-01,0.4604038716181885,1
92320,2012-07-01,0.11567961151861222,0
92321,2012-07-01,0.24585423997647066,1
92322,2012-07-01,0.2667992116350292,1
92323,2012-07-01,0.30348536345495886,1
92324,2012-07-01,0.48820577575552826,1
92325,2012-07-01,0.31222644222004414,0
92326,2012-07-01,0.36673051035275844,0
92327,2012-07-01,0.39168079870435235,1
92328,2012-07-01,0.5621663005658395,0
92329,2012-07-01,0.3750377097425756,1
92330,2012-07-01,0.5719113213482164,0
92331,2012-07-01,0.1286364292093347,0
92332,2012-07-01,0.22363520036756726,0
92333,2012-07-01,0.166083587703889,0
92334,2012-07-01,0.30743208990238075,0
92335,2012-07-01,0.5326172857756546,0
92336,2012-07-01,0.39863012731209496,0
92337,2012-07-01,0.36469962551502894,0
92338,2012-07-01,0.22139164556012794,0
92339,2012-07-01,0.47530436477135507,0
92340,2012-07-01,0.5062554477069167,0
92341,2012-07-01,0.5337286375119943,0
92342,2012-07-01,0.2217616538474355,0
92343,2012-07-01,0.5627896772758082,0
92344,2012-07-01,0.43856527760407904,0
92345,2012-07-01,0.4226065505816889,0
92346,2012-07-01,0.2805718527392666,0
92347,2012-07-01,0.2687413170954394,0
92348,2012-07-01,0.41981388886622556,1
92349,2012-07-01,0.45926024542951865,1
92350,2012-07-01,0.34454366499068123,0
92351,2012-07-01,0.14864791450913803,0
92352,2012-07-01,0.4599043937528214,1
92353,2012-07-01,0.424528683294321,0
92354,2012-07-01,0.330760152802206,0
92355,2012-07-01,0.4490728285732103,1
92356,2012-07-01,0.5254585097460067,0
92357,2012-07-01,0.444021803121901,1
92358,2012-07-01,0.30746919947514545,0
92359,2012-07-01,0.31663809191203673,0
92360,2012-07-01,0.4010260779484194,0
92361,2012-07-01,0.23991848215718017,0
92362,2012-07-01,0.18603265812925326,0
92363,2012-07-01,0.19737787584013924,0
92364,2012-07-01,0.29243779030289163,0
92365,2012-07-01,0.4245316759349573,0
92366,2012-07-01,0.3143317432603339,1
92367,2012-07-01,0.321217238109836,0
92368,2012-07-01,0.34243915493964877,0
92369,2012-07-01,0.223261069995948,0
92370,2012-07-01,0.48475044302227815,0
92371,2012-07-01,0.6585436907285206,1
92372,2012-07-01,0.41975620874335495,1
92373,2012-07-01,0.35478807865400774,1
92374,2012-07-01,0.4322358573699836,1
92375,2012-07-01,0.5217763180794877,1
92376,2012-07-01,0.4227887981637216,0
92377,2012-07-01,0.34456900314946765,0
92378,2012-07-01,0.4237135560469741,0
92379,2012-07-01,0.307460449539803,0
92380,2012-07-01,0.24996347099903896,0
92381,2012-07-01,0.45656615452336813,1
92382,2012-07-01,0.5265305105056481,1
92383,2012-07-01,0.44867692833466405,1
92384,2012-07-01,0.5610103603714007,1
92385,2012-07-01,0.558916640942426,0
92386,2012-07-01,0.3625419248932616,1
92387,2012-07-01,0.10781428011562755,0
92388,2012-07-01,0.2268240759891528,1
92389,2012-07-01,0.3041240340755812,0
92390,2012-07-01,0.20200017950112698,0
92391,2012-07-01,0.15628925116503756,0
92392,2012-07-01,0.27793461121456664,1
92393,2012-07-01,0.43401120850594416,1
92394,2012-07-01,0.2765358046925301,1
92395,2012-07-01,0.19969146814327907,0
92396,2012-07-01,0.46709629683979637,1
92397,2012-07-01,0.1954578553802914,0
92398,2012-07-01,0.12759044403118475,0
92399,2012-07-01,0.1922551596770566,0
92400,2012-07-01,0.10382275234865389,0
92401,2012-07-01,0.3993348645830989,0
92402,2012-07-01,0.4055324621678135,0
92403,2012-07-01,0.42571055409499936,0
92404,2012-07-01,0.406962201966421,0
92405,2012-07-01,0.2062238262229761,0
92406,2012-07-01,0.408602502968531,1
92407,2012-07-01,0.17090934321023646,0
92408,2012-07-01,0.10340057884817769,0
92409,2012-07-01,0.4176397196440888,0
92410,2012-07-01,0.37152613581189536,0
92411,2012-07-01,0.1898730460406248,0
92412,2012-07-01,0.6231277708192311,1
92413,2012-07-01,0.3218598835880896,0
92414,2012-07-01,0.3577242948920611,0
92415,2012-07-01,0.532903746630214,1
92416,2012-07-01,0.4317397326546572,0
92417,2012-07-01,0.6641638162854538,0
92418,2012-07-01,0.2220246473349755,1
92419,2012-07-01,0.44474036243406867,1
92420,2012-07-01,0.42428224700746914,0
92421,2012-07-01,0.4118434185325673,0
92422,2012-07-01,0.265472539272924,0
92423,2012-07-01,0.5146315919176226,1
92424,2012-07-01,0.4883354617815089,0
92425,2012-07-01,0.21424980697348697,0
92426,2012-07-01,0.3554162881787653,0
92427,2012-07-01,0.32298786128319673,0
92428,2012-07-01,0.6142398119209287,0
92429,2012-07-01,0.35924007528073854,0
92430,2012-07-01,0.4702136164440099,0
92431,2012-07-01,0.442633349719905,0
92432,2012-07-01,0.4733310966933664,0
92433,2012-07-01,0.36678557089902714,1
92434,2012-07-01,0.586115454724783,0
92435,2012-07-01,0.5255682870003116,1
92436,2012-07-01,0.2774501030953183,1
92437,2012-07-01,0.36878908652641573,0
92438,2012-07-01,0.38936113072271883,0
92439,2012-07-01,0.4087820832556966,0
92440,2012-07-01,0.4514287483932325,0
92441,2012-07-01,0.28574809207217255,1
92442,2012-07-01,0.6292494816396191,1
92443,2012-07-01,0.3058774559270345,0
92444,2012-07-01,0.5723193664997602,1
92445,2012-07-01,0.23151727754680898,0
92446,2012-07-02,0.4764413175041421,0
92447,2012-07-02,0.44653600395259146,0
92448,2012-07-02,0.42098729413877783,0
92449,2012-07-02,0.6607145382936034,0
92450,2012-07-02,0.36748764537851164,0
92451,2012-07-02,0.4547951925191455,0
92452,2012-07-02,0.3371460778102207,0
92453,2012-07-02,0.3351809415627866,1
92454,2012-07-02,0.2827430180389937,0
92455,2012-07-02,0.47265917875450775,1
92456,2012-07-02,0.5290057913469642,1
92457,2012-07-02,0.3764458145412036,1
92458,2012-07-02,0.5466144233433615,0
92459,2012-07-02,0.4043624149760764,1
92460,2012-07-02,0.6165216368671373,0
92461,2012-07-02,0.482669135822239,1
92462,2012-07-02,0.40041082613682605,1
92463,2012-07-02,0.41373106999873177,1
92464,2012-07-02,0.382789763390795,1
92465,2012-07-02,0.5263116002978034,0
92466,2012-07-02,0.27170157434450937,0
92467,2012-07-02,0.3869805702447616,0
92468,2012-07-02,0.2917232426643782,1
92469,2012-07-02,0.4439451523431379,1
92470,2012-07-02,0.393079951993586,0
92471,2012-07-02,0.3565046535746054,0
92472,2012-07-02,0.2549811690033474,1
92473,2012-07-02,0.4156759607034813,1
92474,2012-07-02,0.6529249571473248,0
92475,2012-07-02,0.19511243508860834,0
92476,2012-07-02,0.21812534720378726,1
92477,2012-07-02,0.47506033129369163,0
92478,2012-07-02,0.5194002937579704,1
92479,2012-07-02,0.27237513100876765,0
92480,2012-07-02,0.18757289984186057,0
92481,2012-07-02,0.4343892429806122,0
92482,2012-07-02,0.42113358271012213,1
92483,2012-07-02,0.42154850774358843,0
92484,2012-07-02,0.6025604469843372,1
92485,2012-07-02,0.36630373651002124,1
92486,2012-07-02,0.20870393794110437,0
92487,2012-07-02,0.36118015589950736,1
92488,2012-07-02,0.36161641805348077,0
92489,2012-07-02,0.3142465229841129,0
92490,2012-07-02,0.32671390711084203,0
92491,2012-07-02,0.36561434939584037,0
92492,2012-07-02,0.4418499353273261,0
92493,2012-07-02,0.5367380545303545,0
92494,2012-07-02,0.26287990666247896,0
92495,2012-07-02,0.26663048562093433,1
92496,2012-07-02,0.18296926321835405,1
92497,2012-07-02,0.2884239196796801,1
92498,2012-07-02,0.37909399246308967,0
92499,2012-07-02,0.5494069588206101,1
92500,2012-07-02,0.4253767459522148,1
92501,2012-07-02,0.3555826701324343,0
92502,2012-07-02,0.41349210239467593,1
92503,2012-07-02,0.5359298908601322,0
92504,2012-07-02,0.20448987759668158,0
92505,2012-07-02,0.334464813023279,0
92506,2012-07-02,0.4222852119290728,0
92507,2012-07-02,0.4501933900834902,1
92508,2012-07-02,0.16243123154019404,0
92509,2012-07-02,0.4827100319421633,1
92510,2012-07-02,0.19377513261109322,0
92511,2012-07-02,0.25421378615631524,1
92512,2012-07-02,0.2864870585307842,1
92513,2012-07-02,0.29120417643714674,0
92514,2012-07-02,0.39242126423494045,0
92515,2012-07-02,0.5040060951945685,0
92516,2012-07-02,0.3431778459104471,1
92517,2012-07-02,0.29152322832909017,0
92518,2012-07-02,0.3454651370118195,0
92519,2012-07-02,0.4902393534790238,0
92520,2012-07-02,0.17674240364270122,0
92521,2012-07-02,0.2928822456726199,1
92522,2012-07-02,0.38273516919159406,0
92523,2012-07-02,0.3052312946109337,0
92524,2012-07-02,0.6467023416850702,1
92525,2012-07-02,0.4105794065279668,0
92526,2012-07-02,0.1976023227058216,0
92527,2012-07-02,0.25766191365340424,0
92528,2012-07-02,0.18592704214008735,0
92529,2012-07-02,0.1907191613576344,0
92530,2012-07-02,0.40528988525126547,0
92531,2012-07-02,0.32731308541461507,0
92532,2012-07-02,0.4927677734003525,0
92533,2012-07-02,0.15503035089254907,0
92534,2012-07-02,0.3584441683675304,0
92535,2012-07-02,0.27640078974901083,0
92536,2012-07-02,0.1974094120816728,0
92537,2012-07-02,0.3702484740887255,1
92538,2012-07-02,0.45459897382615105,0
92539,2012-07-02,0.3950404703971714,0
92540,2012-07-02,0.1764328500551277,0
92541,2012-07-02,0.239409294615147,1
92542,2012-07-02,0.44240378533660796,0
92543,2012-07-02,0.49690872723145124,1
92544,2012-07-02,0.536514554118421,1
92545,2012-07-02,0.5505296494642035,0
92546,2012-07-02,0.6986323817685286,0
92547,2012-07-02,0.3090916933608577,0
92548,2012-07-02,0.27697737480573403,1
92549,2012-07-02,0.316113529893329,1
92550,2012-07-02,0.18787556167896113,0
92551,2012-07-02,0.38180441797514947,0
92552,2012-07-02,0.43680825023760345,0
92553,2012-07-02,0.4303383534065179,0
92554,2012-07-02,0.568347437289156,0
92555,2012-07-02,0.36549638765827486,0
92556,2012-07-02,0.49506913156807253,1
92557,2012-07-02,0.2502872401225485,0
92558,2012-07-02,0.5359802980883739,0
92559,2012-07-02,0.4414989064005236,0
92560,2012-07-02,0.5539267206860822,1
92561,2012-07-02,0.4512964027908603,0
92562,2012-07-02,0.49722718760632395,0
92563,2012-07-02,0.6135252725199357,1
92564,2012-07-02,0.40858949935224026,0
92565,2012-07-02,0.22643692493450235,1
92566,2012-07-02,0.5414971994068307,0
92567,2012-07-02,0.4889546884125884,1
92568,2012-07-02,0.32696381839178346,1
92569,2012-07-02,0.45876946380549727,1
92570,2012-07-02,0.4673392830099033,0
92571,2012-07-02,0.47816999955335765,1
92572,2012-07-02,0.44453624397861957,0
92573,2012-07-02,0.31839291377067613,0
92574,2012-07-02,0.32483602523422317,0
92575,2012-07-02,0.3625670522850737,0
92576,2012-07-02,0.3311110826624128,0
92577,2012-07-02,0.4449103146063611,1
92578,2012-07-02,0.5231870450810302,1
92579,2012-07-02,0.4616578995384205,1
92580,2012-07-02,0.18332994737788866,0
92581,2012-07-02,0.41335542659782787,1
92582,2012-07-02,0.5353059594841908,0
92583,2012-07-02,0.27436798404002455,1
92584,2012-07-02,0.21276373906625984,0
92585,2012-07-02,0.20675673341265968,0
92586,2012-07-02,0.21685817811986355,0
92587,2012-07-02,0.23892061635398604,0
92588,2012-07-02,0.3916270408658233,0
92589,2012-07-02,0.4584907521389941,0
92590,2012-07-02,0.394255918837796,1
92591,2012-07-02,0.45112609055431097,0
92592,2012-07-02,0.2957453075851243,0
92593,2012-07-02,0.3152552678963267,0
92594,2012-07-02,0.2634401267206529,1
92595,2012-07-02,0.5679725261987638,1
92596,2012-07-02,0.36434357914585436,1
92597,2012-07-02,0.23019109838923502,0
92598,2012-07-02,0.5049957925117764,0
92599,2012-07-02,0.22843655347415673,0
92600,2012-07-02,0.3476472532445188,0
92601,2012-07-02,0.1391816294997281,0
92602,2012-07-02,0.45889510192360067,1
92603,2012-07-02,0.29967074841838376,0
92604,2012-07-02,0.6309411222478502,1
92605,2012-07-02,0.4788459054998818,0
92606,2012-07-02,0.4190150609126722,0
92607,2012-07-02,0.22549274294119295,0
92608,2012-07-02,0.5843075371127073,0
92609,2012-07-02,0.5804236431661609,0
92610,2012-07-02,0.17415062985213925,0
92611,2012-07-02,0.6061151516759764,1
92612,2012-07-02,0.12816416194174352,0
92613,2012-07-02,0.40223713813625683,1
92614,2012-07-02,0.1505356192075803,0
92615,2012-07-02,0.35884267618973986,1
92616,2012-07-02,0.5315187457193613,1
92617,2012-07-02,0.3360424996666382,0
92618,2012-07-02,0.31212364271003784,1
92619,2012-07-02,0.33267379876149367,0
92620,2012-07-02,0.39885095931475983,0
92621,2012-07-02,0.4741714882952819,0
92622,2012-07-02,0.4249275762869783,0
92623,2012-07-02,0.4068656975252457,1
92624,2012-07-02,0.16989471683801685,0
92625,2012-07-02,0.3565740754234413,1
92626,2012-07-02,0.3034023955623301,0
92627,2012-07-02,0.26069929626978616,0
92628,2012-07-02,0.32561276189622673,0
92629,2012-07-02,0.499014664954496,1
92630,2012-07-02,0.3322443145991217,0
92631,2012-07-02,0.22711141190601258,0
92632,2012-07-02,0.40338524488177585,0
92633,2012-07-02,0.5680227221995592,1
92634,2012-07-02,0.4518469781903961,1
92635,2012-07-02,0.6377273643321735,0
92636,2012-07-02,0.33337804920053266,0
92637,2012-07-02,0.17370539279534933,0
92638,2012-07-02,0.4110995535166187,0
92639,2012-07-02,0.4235344433021413,0
92640,2012-07-02,0.2350768646367073,0
92641,2012-07-02,0.27016909104624237,0
92642,2012-07-02,0.4674022380350084,0
92643,2012-07-02,0.2578438442173824,0
92644,2012-07-02,0.43818745376918494,0
92645,2012-07-02,0.5874802477067711,0
92646,2012-07-02,0.43967509036052266,1
92647,2012-07-02,0.29924839804948006,0
92648,2012-07-02,0.3115953257282655,0
92649,2012-07-02,0.613812523187436,1
92650,2012-07-02,0.2959245469322475,0
92651,2012-07-02,0.3574446743965846,1
92652,2012-07-02,0.20471458838350293,0
92653,2012-07-02,0.40715733192458836,1
92654,2012-07-02,0.34731867767065283,0
92655,2012-07-02,0.3727113946996583,1
92656,2012-07-02,0.18881013768701593,0
92657,2012-07-02,0.3792433969828609,1
92658,2012-07-02,0.4291172800351776,0
92659,2012-07-02,0.2711095065312807,1
92660,2012-07-02,0.206741749558013,0
92661,2012-07-02,0.24248345437488197,0
92662,2012-07-02,0.48269223655210064,1
92663,2012-07-02,0.3428885561572456,1
92664,2012-07-02,0.30553698416590996,1
92665,2012-07-02,0.48362249675736135,1
92666,2012-07-02,0.3706268810111404,0
92667,2012-07-02,0.4431644761994748,0
92668,2012-07-02,0.33278212980753147,0
92669,2012-07-02,0.41395584409809605,1
92670,2012-07-02,0.37516480314723394,1
92671,2012-07-02,0.4560509758017189,0
92672,2012-07-02,0.4740217255330344,0
92673,2012-07-02,0.15487152181360744,0
92674,2012-07-02,0.20394524877572304,0
92675,2012-07-02,0.24316407219758157,1
92676,2012-07-02,0.40678828295188857,1
92677,2012-07-02,0.4054235469203405,1
92678,2012-07-02,0.34332609639851575,0
92679,2012-07-02,0.2938896705592779,0
92680,2012-07-02,0.453993974898595,0
92681,2012-07-02,0.4220027609423519,1
92682,2012-07-02,0.4429473558847138,0
92683,2012-07-02,0.2482594502903392,0
92684,2012-07-02,0.3838165862143248,0
92685,2012-07-02,0.23893611596416842,1
92686,2012-07-02,0.15580960461387927,0
92687,2012-07-02,0.4074718780431903,0
92688,2012-07-02,0.6132599123469625,0
92689,2012-07-02,0.4657950542526568,1
92690,2012-07-02,0.3761974803325845,0
92691,2012-07-02,0.2995855311275419,1
92692,2012-07-02,0.34183572941406215,0
92693,2012-07-02,0.27363245034962425,0
92694,2012-07-02,0.3037574009815797,1
92695,2012-07-02,0.44209432754379424,1
92696,2012-07-02,0.5085777814448329,1
92697,2012-07-02,0.4153811415650449,1
92698,2012-07-02,0.36915231888592553,0
92699,2012-07-02,0.5118163761866029,1
92700,2012-07-02,0.3290693993898574,0
92701,2012-07-02,0.421833003461876,0
92702,2012-07-02,0.33295636144871105,1
92703,2012-07-02,0.444030300716394,1
92704,2012-07-02,0.3104131551504681,0
92705,2012-07-02,0.2967100815082252,0
92706,2012-07-02,0.30098099439947246,1
92707,2012-07-02,0.23598809531703618,1
92708,2012-07-02,0.3911157730493956,1
92709,2012-07-02,0.5540759323848996,1
92710,2012-07-02,0.5111247322739466,0
92711,2012-07-02,0.2984520661236962,1
92712,2012-07-02,0.40907788883036506,0
92713,2012-07-02,0.374723782448426,0
92714,2012-07-02,0.23894409254469842,0
92715,2012-07-02,0.5663327479227005,0
92716,2012-07-02,0.31612213727951916,0
92717,2012-07-02,0.3992976279569694,1
92718,2012-07-02,0.47946439128663393,0
92719,2012-07-02,0.5539979473908144,1
92720,2012-07-02,0.47586861740288416,1
92721,2012-07-02,0.1694841349365188,0
92722,2012-07-02,0.3716276832187041,0
92723,2012-07-02,0.35378017232537623,0
92724,2012-07-02,0.4390633037873531,0
92725,2012-07-02,0.26842072377166254,0
92726,2012-07-02,0.47455313054582815,0
92727,2012-07-02,0.2668160930558208,0
92728,2012-07-02,0.424316530278009,0
92729,2012-07-02,0.6686807547578109,1
92730,2012-07-02,0.37422720178661595,1
92731,2012-07-02,0.2722270443052259,0
92732,2012-07-02,0.3723729335625375,0
92733,2012-07-02,0.1000013035594952,0
92734,2012-07-02,0.6164534994054357,1
92735,2012-07-02,0.3455732011132849,0
92736,2012-07-02,0.3501041655511793,0
92737,2012-07-02,0.418881459489991,1
92738,2012-07-02,0.6227298761253751,1
92739,2012-07-02,0.4488694569205418,0
92740,2012-07-02,0.2625381405004537,0
92741,2012-07-02,0.3746020235818503,0
92742,2012-07-02,0.36449114332366606,0
92743,2012-07-02,0.4980993184810378,1
92744,2012-07-02,0.47275608487417076,0
92745,2012-07-02,0.299062780841288,0
92746,2012-07-02,0.3492617833075081,0
92747,2012-07-02,0.2088063011193921,0
92748,2012-07-02,0.281105983586851,1
92749,2012-07-02,0.36128028857814626,0
92750,2012-07-02,0.3769152580952062,0
92751,2012-07-02,0.5252493182716184,1
92752,2012-07-02,0.4184053086060143,0
92753,2012-07-02,0.4771287835380559,0
92754,2012-07-02,0.3287142602469074,1
92755,2012-07-02,0.3079329666963321,1
92756,2012-07-02,0.2693448182393335,0
92757,2012-07-02,0.3869600497784764,1
92758,2012-07-02,0.4098588172488219,0
92759,2012-07-02,0.3454890166252225,0
92760,2012-07-02,0.27452625337373443,0
92761,2012-07-02,0.20416203172709174,0
92762,2012-07-02,0.3964377178344484,0
92763,2012-07-02,0.4639176528503862,1
92764,2012-07-02,0.3922111197206341,0
92765,2012-07-02,0.6326424648219986,1
92766,2012-07-02,0.3713144999983155,0
92767,2012-07-02,0.4949492613188457,0
92768,2012-07-02,0.5621782428456534,0
92769,2012-07-02,0.24646975484621733,0
92770,2012-07-02,0.23115525867876238,0
92771,2012-07-02,0.4508489481613917,0
92772,2012-07-02,0.29343993521093564,0
92773,2012-07-02,0.20768053343639342,0
92774,2012-07-02,0.22921607265433133,0
92775,2012-07-02,0.41075866471245565,0
92776,2012-07-02,0.3971550063895618,1
92777,2012-07-02,0.4869651486971335,0
92778,2012-07-02,0.2786284950064348,1
92779,2012-07-02,0.12227391949570875,0
92780,2012-07-02,0.26390995168716574,0
92781,2012-07-02,0.40135363440841637,0
92782,2012-07-02,0.4761182241789035,0
92783,2012-07-02,0.18960274101371624,0
92784,2012-07-02,0.41638549592729984,0
92785,2012-07-02,0.5215142429005806,1
92786,2012-07-02,0.43641577126630815,0
92787,2012-07-02,0.5794313004129368,0
92788,2012-07-02,0.5436092000300692,1
92789,2012-07-02,0.5931089089478547,1
92790,2012-07-02,0.6675656467244997,0
92791,2012-07-02,0.43870357517844033,1
92792,2012-07-02,0.4110864621251957,0
92793,2012-07-02,0.482127754881372,0
92794,2012-07-02,0.3856238934748124,0
92795,2012-07-02,0.1974924923990886,0
92796,2012-07-02,0.22981550955779947,0
92797,2012-07-02,0.2903629821296359,0
92798,2012-07-02,0.46610212886125624,1
92799,2012-07-02,0.3379497580762688,1
92800,2012-07-02,0.35080257069586507,0
92801,2012-07-02,0.21381307269918776,0
92802,2012-07-02,0.1517214479682481,0
92803,2012-07-02,0.42602815456678617,0
92804,2012-07-02,0.40043157921427586,0
92805,2012-07-02,0.16202867293756607,0
92806,2012-07-02,0.5244526430669253,0
92807,2012-07-02,0.7236748466212917,1
92808,2012-07-02,0.2112476385776386,0
92809,2012-07-02,0.2956688230098605,0
92810,2012-07-02,0.3346341219556571,0
92811,2012-07-02,0.3445791995466016,0
92812,2012-07-02,0.31757347994296464,0
92813,2012-07-02,0.261583961219212,0
92814,2012-07-02,0.25501373014852696,0
92815,2012-07-02,0.35009599784440104,0
92816,2012-07-02,0.376432709815752,1
92817,2012-07-02,0.4755621896050166,0
92818,2012-07-02,0.3247859974441705,1
92819,2012-07-02,0.4236990519943769,1
92820,2012-07-02,0.569359601952143,1
92821,2012-07-02,0.385277473521079,0
92822,2012-07-02,0.3760719933261263,0
92823,2012-07-02,0.19879549547925934,0
92824,2012-07-02,0.2871519062746451,1
92825,2012-07-02,0.49725971043584904,0
92826,2012-07-02,0.37083050529840184,1
92827,2012-07-02,0.41793009048460167,0
92828,2012-07-02,0.4265713037908992,0
92829,2012-07-02,0.35929335459257983,0
92830,2012-07-02,0.44504193473259696,1
92831,2012-07-02,0.5627705856290658,1
92832,2012-07-02,0.515608101800763,1
92833,2012-07-02,0.2605689793906549,0
92834,2012-07-02,0.32385894210262256,0
92835,2012-07-02,0.2816648354766626,0
92836,2012-07-02,0.36573340639766416,1
92837,2012-07-02,0.29822047872897617,0
92838,2012-07-02,0.4906793202808424,1
92839,2012-07-02,0.3646457031213599,0
92840,2012-07-02,0.28322012653896533,1
92841,2012-07-02,0.44880298834196564,0
92842,2012-07-02,0.3167726857512981,0
92843,2012-07-02,0.5017920900245468,0
92844,2012-07-02,0.32442699630545674,1
92845,2012-07-02,0.46276059820685417,0
92846,2012-07-02,0.38082695721466553,1
92847,2012-07-02,0.4281068933389356,0
92848,2012-07-02,0.4426163869008775,0
92849,2012-07-02,0.458708175036883,1
92850,2012-07-02,0.4207666935426956,0
92851,2012-07-02,0.13615286827889983,0
92852,2012-07-02,0.36944892448446265,0
92853,2012-07-02,0.3957072673801515,0
92854,2012-07-02,0.2977070356016059,1
92855,2012-07-02,0.3999640166414793,0
92856,2012-07-02,0.3511384666042161,0
92857,2012-07-02,0.2515916036482071,0
92858,2012-07-02,0.6067137059091057,1
92859,2012-07-02,0.26210829831714866,0
92860,2012-07-02,0.3238251122998872,1
92861,2012-07-02,0.5750212211655588,0
92862,2012-07-02,0.22567382342118955,0
92863,2012-07-02,0.5399827971557261,1
92864,2012-07-02,0.2168485110938673,0
92865,2012-07-02,0.2858759396056164,1
92866,2012-07-02,0.2855252553710285,0
92867,2012-07-02,0.5578102279455038,0
92868,2012-07-02,0.5102086836689858,0
92869,2012-07-02,0.2910427381583391,0
92870,2012-07-02,0.617542834811438,0
92871,2012-07-02,0.3937990317087643,0
92872,2012-07-02,0.41592659784825897,0
92873,2012-07-02,0.44586821262051024,1
92874,2012-07-02,0.298574078926169,0
92875,2012-07-02,0.2745351725632105,1
92876,2012-07-02,0.4481579510625437,1
92877,2012-07-02,0.3926641061490129,0
92878,2012-07-02,0.3238015949957772,0
92879,2012-07-02,0.36184437203127706,1
92880,2012-07-02,0.61358133502338,1
92881,2012-07-02,0.405282517011524,0
92882,2012-07-02,0.3463189923524641,0
92883,2012-07-02,0.4643736137777072,1
92884,2012-07-02,0.27229250117933296,0
92885,2012-07-02,0.17956475260479632,0
92886,2012-07-02,0.21034422633913522,0
92887,2012-07-02,0.5624789842159399,1
92888,2012-07-02,0.3020854498103884,0
92889,2012-07-03,0.17783398309408427,0
92890,2012-07-03,0.1722087275535042,0
92891,2012-07-03,0.3324176678451067,0
92892,2012-07-03,0.4856979622409042,1
92893,2012-07-03,0.4699814272446331,0
92894,2012-07-03,0.5357254788491336,1
92895,2012-07-03,0.5082888261495633,0
92896,2012-07-03,0.30761672443255617,1
92897,2012-07-03,0.4809988199272551,1
92898,2012-07-03,0.42771415864061396,1
92899,2012-07-03,0.5419015657121535,1
92900,2012-07-03,0.3099384206047912,1
92901,2012-07-03,0.3152307350771701,0
92902,2012-07-03,0.2724024407445122,1
92903,2012-07-03,0.48165662532024617,0
92904,2012-07-03,0.235111900660119,0
92905,2012-07-03,0.16761461291489138,1
92906,2012-07-03,0.3467579545414073,0
92907,2012-07-03,0.5897515812658498,0
92908,2012-07-03,0.3827121069176274,0
92909,2012-07-03,0.40038679777098213,1
92910,2012-07-03,0.42021294283832433,1
92911,2012-07-03,0.27172216917927067,0
92912,2012-07-03,0.3422464993908671,1
92913,2012-07-03,0.35052722855270896,0
92914,2012-07-03,0.32413627114728194,1
92915,2012-07-03,0.27045294579437396,0
92916,2012-07-03,0.5764492421399317,1
92917,2012-07-03,0.38717668434368857,1
92918,2012-07-03,0.2251452267573498,0
92919,2012-07-03,0.33403959623598234,1
92920,2012-07-03,0.5163233414782695,1
92921,2012-07-03,0.2938225453574532,1
92922,2012-07-03,0.657648578969539,0
92923,2012-07-03,0.27330717138316446,0
92924,2012-07-03,0.29667708340256627,1
92925,2012-07-03,0.34511247493892233,0
92926,2012-07-03,0.3109648219648564,0
92927,2012-07-03,0.5225208665678281,1
92928,2012-07-03,0.16426574881923392,1
92929,2012-07-03,0.4506025002677884,0
92930,2012-07-03,0.24756631574181814,0
92931,2012-07-03,0.4686236201842384,1
92932,2012-07-03,0.41635628160210464,0
92933,2012-07-03,0.25252342475084216,0
92934,2012-07-03,0.32333509417857925,0
92935,2012-07-03,0.5140494028667547,0
92936,2012-07-03,0.5173148067337419,0
92937,2012-07-03,0.39689572352286456,1
92938,2012-07-03,0.38310498548221517,0
92939,2012-07-03,0.3265596796723082,1
92940,2012-07-03,0.33373435716566363,1
92941,2012-07-03,0.3817023986850502,1
92942,2012-07-03,0.2426536026101729,0
92943,2012-07-03,0.3743182395986044,1
92944,2012-07-03,0.2547211150565746,0
92945,2012-07-03,0.18088848813421543,0
92946,2012-07-03,0.5340158756513581,1
92947,2012-07-03,0.14742120353369428,0
92948,2012-07-03,0.21330164096072826,0
92949,2012-07-03,0.3174800999568296,0
92950,2012-07-03,0.4140701269791454,0
92951,2012-07-03,0.40950176638290287,0
92952,2012-07-03,0.2551313841553524,0
92953,2012-07-03,0.2833485254268548,1
92954,2012-07-03,0.1204125315111012,0
92955,2012-07-03,0.4132770606223823,0
92956,2012-07-03,0.3162818494474607,0
92957,2012-07-03,0.5475650818333148,1
92958,2012-07-03,0.321124997437929,1
92959,2012-07-03,0.40645997351276386,0
92960,2012-07-03,0.2025460727935814,0
92961,2012-07-03,0.43299751884928855,0
92962,2012-07-03,0.3709142347740594,0
92963,2012-07-03,0.2829211694598985,0
92964,2012-07-03,0.18467671559581597,1
92965,2012-07-03,0.40673102200877076,1
92966,2012-07-03,0.5270482994277922,0
92967,2012-07-03,0.5250540566475889,0
92968,2012-07-03,0.3732441115672726,1
92969,2012-07-03,0.29004384557871943,0
92970,2012-07-03,0.4292008770274271,1
92971,2012-07-03,0.5126174229387218,1
92972,2012-07-03,0.268213350389379,0
92973,2012-07-03,0.2727397612976734,1
92974,2012-07-03,0.34862100169282134,0
92975,2012-07-03,0.5220753636545967,0
92976,2012-07-03,0.5454511378607736,1
92977,2012-07-03,0.4628301871604182,0
92978,2012-07-03,0.45043000507113484,1
92979,2012-07-03,0.552206508807953,0
92980,2012-07-03,0.35813842334519486,0
92981,2012-07-03,0.34005425619574803,0
92982,2012-07-03,0.4028943014653257,0
92983,2012-07-03,0.49344056922525076,1
92984,2012-07-03,0.209047034952209,0
92985,2012-07-03,0.24111436912358686,0
92986,2012-07-03,0.14406567086528155,0
92987,2012-07-03,0.40974987465162666,0
92988,2012-07-03,0.27946342158263127,1
92989,2012-07-03,0.5729279027488272,1
92990,2012-07-03,0.22622627308921764,0
92991,2012-07-03,0.2078644302713925,0
92992,2012-07-03,0.21468314292395782,0
92993,2012-07-03,0.2612761460502297,0
92994,2012-07-03,0.09461537533298703,0
92995,2012-07-03,0.3972422394317808,1
92996,2012-07-03,0.2841472952749016,0
92997,2012-07-03,0.264414752073614,0
92998,2012-07-03,0.49380439089624834,0
92999,2012-07-03,0.4168270215945509,0
93000,2012-07-03,0.5912263351159094,0
93001,2012-07-03,0.39658643093757745,1
93002,2012-07-03,0.3165176438598038,0
93003,2012-07-03,0.557548153647404,0
93004,2012-07-03,0.29136158844276494,1
93005,2012-07-03,0.5056610049284271,1
93006,2012-07-03,0.5234726256846243,1
93007,2012-07-03,0.3085690092172072,0
93008,2012-07-03,0.40257635276502374,1
93009,2012-07-03,0.5052033088502867,1
93010,2012-07-03,0.31705109635876794,0
93011,2012-07-03,0.3663118652140133,0
93012,2012-07-03,0.3171157239710125,1
93013,2012-07-03,0.392260324610981,1
93014,2012-07-03,0.375044219584551,0
93015,2012-07-03,0.32757087517964606,0
93016,2012-07-03,0.2136902983063113,0
93017,2012-07-03,0.1704738909354128,0
93018,2012-07-03,0.5916277417785089,0
93019,2012-07-03,0.32775766843643545,0
93020,2012-07-03,0.23650852231295103,0
93021,2012-07-03,0.21926705057333473,0
93022,2012-07-03,0.5909068325899223,1
93023,2012-07-04,0.22371030878446793,0
93024,2012-07-04,0.673935876374722,1
93025,2012-07-04,0.30803976239852626,0
93026,2012-07-04,0.6411111974418885,0
93027,2012-07-04,0.5928227117997245,0
93028,2012-07-04,0.4201335454792954,0
93029,2012-07-04,0.3828099781449219,0
93030,2012-07-04,0.3458844214377009,0
93031,2012-07-04,0.3943004945226091,1
93032,2012-07-04,0.25160881136563373,0
93033,2012-07-04,0.345867376994502,0
93034,2012-07-04,0.32564031743548505,1
93035,2012-07-04,0.5625532347157518,0
93036,2012-07-04,0.3516749515050415,0
93037,2012-07-04,0.39462598484993194,0
93038,2012-07-04,0.4206546558345053,1
93039,2012-07-04,0.37110725786570714,1
93040,2012-07-04,0.3256079688574851,1
93041,2012-07-04,0.4077175927703243,0
93042,2012-07-04,0.1837743868753787,0
93043,2012-07-04,0.49241303018103055,0
93044,2012-07-04,0.10186339404165845,0
93045,2012-07-04,0.31584187091908783,0
93046,2012-07-04,0.3561795654004847,0
93047,2012-07-04,0.3995263455053013,0
93048,2012-07-04,0.3505507704588387,0
93049,2012-07-04,0.4725810193467584,0
93050,2012-07-04,0.5013217142672223,1
93051,2012-07-04,0.4935011164898735,0
93052,2012-07-04,0.40139863954869437,0
93053,2012-07-04,0.4222930166672266,0
93054,2012-07-04,0.376233654644564,0
93055,2012-07-04,0.6090545441860062,1
93056,2012-07-04,0.44481145407346523,0
93057,2012-07-04,0.3281841109238307,1
93058,2012-07-04,0.422366283108763,1
93059,2012-07-04,0.289730821881567,1
93060,2012-07-04,0.33685187339297235,1
93061,2012-07-04,0.3408596558425133,1
93062,2012-07-04,0.23082739911646885,1
93063,2012-07-04,0.3728558322294604,0
93064,2012-07-04,0.42253358386564877,1
93065,2012-07-04,0.3660005907984838,0
93066,2012-07-04,0.5229638917371925,1
93067,2012-07-04,0.28543249666294923,1
93068,2012-07-04,0.3595295505734099,0
93069,2012-07-04,0.39131953923641416,1
93070,2012-07-04,0.371558137858159,0
93071,2012-07-04,0.4229311987044707,1
93072,2012-07-04,0.3340274939442274,1
93073,2012-07-04,0.5959158507048653,1
93074,2012-07-04,0.6663138725380685,1
93075,2012-07-04,0.44246232079290937,1
93076,2012-07-04,0.4784446046435708,1
93077,2012-07-04,0.23329106167641708,0
93078,2012-07-04,0.40745792044302975,0
93079,2012-07-04,0.38528114405452396,1
93080,2012-07-04,0.4104373983427911,1
93081,2012-07-04,0.17105359775925744,0
93082,2012-07-04,0.44554136771267755,0
93083,2012-07-04,0.21269900227738023,0
93084,2012-07-04,0.47215037706877805,1
93085,2012-07-04,0.2959743699230707,1
93086,2012-07-04,0.25567025164293666,0
93087,2012-07-04,0.659144625653759,1
93088,2012-07-04,0.6141288998014193,1
93089,2012-07-04,0.36028978928316985,1
93090,2012-07-04,0.4300978818047557,0
93091,2012-07-04,0.669369293913327,0
93092,2012-07-04,0.2963215859208736,0
93093,2012-07-04,0.39602991712038726,0
93094,2012-07-04,0.23081636545361645,0
93095,2012-07-04,0.4784921061289978,1
93096,2012-07-04,0.31295619669824626,0
93097,2012-07-04,0.3683774400601458,0
93098,2012-07-04,0.2974426329719571,0
93099,2012-07-04,0.3090199496518719,1
93100,2012-07-04,0.48366532488272634,0
93101,2012-07-04,0.4695956380747591,1
93102,2012-07-04,0.5030539823255573,0
93103,2012-07-04,0.36008909597285993,1
93104,2012-07-04,0.5185426986415855,0
93105,2012-07-04,0.43279028998220226,0
93106,2012-07-04,0.34906766476279405,0
93107,2012-07-04,0.5243086891767648,1
93108,2012-07-04,0.42755484467386606,1
93109,2012-07-04,0.30656743849128454,0
93110,2012-07-04,0.3250892655840984,1
93111,2012-07-04,0.2912384584687692,0
93112,2012-07-04,0.4232392443506141,0
93113,2012-07-04,0.3477381578738498,1
93114,2012-07-04,0.32760241754338554,0
93115,2012-07-04,0.44392456069763586,1
93116,2012-07-04,0.20239449171461585,1
93117,2012-07-04,0.2862721593265575,0
93118,2012-07-04,0.3338466890114402,0
93119,2012-07-04,0.24178918587867387,0
93120,2012-07-04,0.5055470043086031,0
93121,2012-07-04,0.759265943607975,0
93122,2012-07-04,0.447746607920357,0
93123,2012-07-04,0.4492870392058083,0
93124,2012-07-04,0.5678830695627027,0
93125,2012-07-04,0.2504096372962017,0
93126,2012-07-04,0.3972829623692333,1
93127,2012-07-04,0.16105483138496243,0
93128,2012-07-04,0.2053924378864617,0
93129,2012-07-04,0.3618494840336856,1
93130,2012-07-04,0.4780748825333872,1
93131,2012-07-04,0.2616327150123508,0
93132,2012-07-04,0.3384550772012846,0
93133,2012-07-04,0.42592853750169846,0
93134,2012-07-04,0.5586683309003204,1
93135,2012-07-04,0.4262715410027279,0
93136,2012-07-04,0.5929402975879133,0
93137,2012-07-04,0.424450623332181,0
93138,2012-07-04,0.37802208844148205,0
93139,2012-07-04,0.6582933952823868,1
93140,2012-07-04,0.19912149739604856,0
93141,2012-07-04,0.31528036245609775,1
93142,2012-07-04,0.5544936516570519,0
93143,2012-07-04,0.5417063178834334,1
93144,2012-07-04,0.7213877499545154,0
93145,2012-07-04,0.16335406900114954,0
93146,2012-07-04,0.18316668855907292,0
93147,2012-07-04,0.2831705222597683,0
93148,2012-07-04,0.14591809989322904,0
93149,2012-07-04,0.3498370121383654,0
93150,2012-07-04,0.3752918329532214,0
93151,2012-07-04,0.53702833611129,1
93152,2012-07-04,0.5432900863429867,1
93153,2012-07-04,0.3423891566997031,0
93154,2012-07-04,0.17866641093986554,0
93155,2012-07-04,0.3527080594902251,0
93156,2012-07-04,0.3861474105331264,0
93157,2012-07-04,0.41501264941426713,1
93158,2012-07-04,0.3113995141220162,0
93159,2012-07-04,0.19049133651703345,0
93160,2012-07-04,0.17551269735661265,0
93161,2012-07-04,0.5164409235681368,0
93162,2012-07-04,0.4115888262761337,0
93163,2012-07-04,0.41549243472453445,1
93164,2012-07-04,0.39356705184385216,0
93165,2012-07-04,0.581411081571224,1
93166,2012-07-05,0.3591987368579386,0
93167,2012-07-05,0.24477592792972444,0
93168,2012-07-05,0.6028419594550389,1
93169,2012-07-05,0.5004105003685594,0
93170,2012-07-05,0.5109546588030884,0
93171,2012-07-05,0.39255445394158894,0
93172,2012-07-05,0.26095046119444953,0
93173,2012-07-05,0.3623154919584644,1
93174,2012-07-05,0.24472506346108636,0
93175,2012-07-05,0.23181454997225207,0
93176,2012-07-05,0.3856475634471235,0
93177,2012-07-05,0.12173960093996374,0
93178,2012-07-05,0.40896292820188757,1
93179,2012-07-05,0.6974109071366104,1
93180,2012-07-05,0.5586781331724172,0
93181,2012-07-05,0.21418906485973616,0
93182,2012-07-05,0.38087919636394474,0
93183,2012-07-05,0.3118491947688873,1
93184,2012-07-05,0.40629678266699276,0
93185,2012-07-05,0.1692470754528224,0
93186,2012-07-05,0.2744360299470753,1
93187,2012-07-05,0.3715637670455264,1
93188,2012-07-05,0.25533304714192073,0
93189,2012-07-05,0.48215324770136825,1
93190,2012-07-05,0.3850229508807043,1
93191,2012-07-05,0.3135267170313937,0
93192,2012-07-05,0.19925268236889748,1
93193,2012-07-05,0.4378936171317057,0
93194,2012-07-05,0.3589784236732198,0
93195,2012-07-05,0.38682875231793257,0
93196,2012-07-05,0.3437738411377389,0
93197,2012-07-05,0.5814678777039757,1
93198,2012-07-05,0.3324954887803864,1
93199,2012-07-05,0.36836833154430026,0
93200,2012-07-05,0.3611422957906121,0
93201,2012-07-05,0.3448697039496089,0
93202,2012-07-05,0.3933973125816299,1
93203,2012-07-05,0.27286102625318276,1
93204,2012-07-05,0.2824138088740978,0
93205,2012-07-05,0.5059409488871823,0
93206,2012-07-05,0.5288246463147256,0
93207,2012-07-05,0.445780657664247,1
93208,2012-07-05,0.299626386088754,0
93209,2012-07-05,0.2942495093522218,0
93210,2012-07-05,0.5755920334853893,0
93211,2012-07-05,0.2618427937106343,1
93212,2012-07-05,0.247904539133397,0
93213,2012-07-05,0.3651777278068928,1
93214,2012-07-05,0.6013773295430496,1
93215,2012-07-05,0.2729844163030979,0
93216,2012-07-05,0.27865462501101657,0
93217,2012-07-05,0.38106166489853877,1
93218,2012-07-05,0.25451639703614815,0
93219,2012-07-05,0.47330061992192546,0
93220,2012-07-05,0.3883603719442465,1
93221,2012-07-05,0.5130407604356327,1
93222,2012-07-05,0.3944635150165034,0
93223,2012-07-05,0.2169099074317716,1
93224,2012-07-05,0.4677966246473128,1
93225,2012-07-05,0.5424402339292543,0
93226,2012-07-05,0.361997895602618,1
93227,2012-07-05,0.19751560899518045,0
93228,2012-07-05,0.7281085873044958,1
93229,2012-07-05,0.48705349349655314,1
93230,2012-07-05,0.38608433088336025,1
93231,2012-07-05,0.25925746531789756,0
93232,2012-07-05,0.24904286580098067,0
93233,2012-07-05,0.22773710658520654,0
93234,2012-07-05,0.19484075520587354,0
93235,2012-07-05,0.6774451164024189,0
93236,2012-07-05,0.5152421969234509,0
93237,2012-07-05,0.4181166441174271,1
93238,2012-07-05,0.573172115835764,0
93239,2012-07-05,0.38275259441405024,0
93240,2012-07-05,0.6003004661505196,1
93241,2012-07-05,0.42887118177203243,0
93242,2012-07-05,0.24900780945303086,0
93243,2012-07-05,0.37595062148600344,1
93244,2012-07-05,0.45202518893655197,0
93245,2012-07-05,0.5659254079747654,1
93246,2012-07-05,0.4286076631420548,1
93247,2012-07-05,0.2295380393200998,0
93248,2012-07-05,0.3843799369775958,0
93249,2012-07-05,0.2585496821102109,1
93250,2012-07-05,0.20069698460496377,0
93251,2012-07-05,0.3639455722543558,1
93252,2012-07-06,0.34460652858837293,1
93253,2012-07-06,0.34111964681218654,0
93254,2012-07-06,0.2947714549698833,0
93255,2012-07-06,0.6363659436072734,1
93256,2012-07-06,0.5286774461096254,0
93257,2012-07-06,0.1230118849204926,0
93258,2012-07-06,0.3348596216338347,0
93259,2012-07-06,0.47113873006863155,0
93260,2012-07-06,0.380604793153862,1
93261,2012-07-06,0.4478015421376739,0
93262,2012-07-06,0.2542161262644947,1
93263,2012-07-06,0.25254195099180454,0
93264,2012-07-06,0.476166382133969,1
93265,2012-07-06,0.6876577597949729,1
93266,2012-07-06,0.18384075699611815,0
93267,2012-07-06,0.4009058578796799,0
93268,2012-07-06,0.5097676271200742,0
93269,2012-07-06,0.5233106176090856,1
93270,2012-07-06,0.3214396606981663,0
93271,2012-07-06,0.5040305399445698,0
93272,2012-07-06,0.2700367761275434,0
93273,2012-07-06,0.2622981624413105,0
93274,2012-07-06,0.30198190651355045,0
93275,2012-07-06,0.5742904297138003,1
93276,2012-07-06,0.45196852727361164,0
93277,2012-07-06,0.4512473823642469,0
93278,2012-07-06,0.5480921605159038,0
93279,2012-07-06,0.590802137301898,1
93280,2012-07-06,0.40485477099512945,0
93281,2012-07-06,0.5712344650739359,0
93282,2012-07-06,0.3805725803462111,0
93283,2012-07-06,0.315642141784007,1
93284,2012-07-06,0.4860254997921877,0
93285,2012-07-06,0.3690437780121941,0
93286,2012-07-06,0.3764052532635407,0
93287,2012-07-06,0.17631319594547307,0
93288,2012-07-06,0.46282125128495366,0
93289,2012-07-06,0.41750755185076993,1
93290,2012-07-06,0.3687282149724431,0
93291,2012-07-06,0.3384696765586526,1
93292,2012-07-06,0.2816248327571788,0
93293,2012-07-06,0.20188748826434955,0
93294,2012-07-06,0.3798198168655054,0
93295,2012-07-06,0.3201638989254386,1
93296,2012-07-06,0.32321820537326656,1
93297,2012-07-06,0.37638288228027483,1
93298,2012-07-06,0.24608872828737555,0
93299,2012-07-06,0.27965354516860225,0
93300,2012-07-06,0.28636308757932244,0
93301,2012-07-06,0.2361011889684127,0
93302,2012-07-06,0.25539892725454716,1
93303,2012-07-06,0.49135802339241047,0
93304,2012-07-06,0.5142556057861281,0
93305,2012-07-06,0.3832957075511949,0
93306,2012-07-06,0.36226800096449774,0
93307,2012-07-06,0.36249476981369383,0
93308,2012-07-06,0.36110092385335973,0
93309,2012-07-06,0.258423239168936,0
93310,2012-07-06,0.4795926646540344,1
93311,2012-07-06,0.5998471147033749,1
93312,2012-07-06,0.568710390553603,1
93313,2012-07-06,0.5579626219715317,0
93314,2012-07-06,0.4794877631105685,1
93315,2012-07-06,0.4177392237420101,0
93316,2012-07-06,0.48288055716905415,1
93317,2012-07-06,0.4081907319484631,1
93318,2012-07-06,0.28704106349501124,0
93319,2012-07-06,0.29280028776730427,0
93320,2012-07-06,0.2919272852484334,0
93321,2012-07-06,0.43343871664517586,0
93322,2012-07-06,0.2858710016824142,0
93323,2012-07-06,0.294300213381209,0
93324,2012-07-06,0.2785261012969958,0
93325,2012-07-06,0.3342293662737072,1
93326,2012-07-06,0.5200065272552561,1
93327,2012-07-06,0.298252407012159,0
93328,2012-07-06,0.2832107695713559,0
93329,2012-07-06,0.6330811939950071,1
93330,2012-07-06,0.18841941808143828,1
93331,2012-07-06,0.27933376483822536,0
93332,2012-07-06,0.17145900493452246,0
93333,2012-07-06,0.5193162876065137,0
93334,2012-07-06,0.270811093920663,1
93335,2012-07-06,0.6200608690959156,0
93336,2012-07-06,0.08114686678673844,0
93337,2012-07-06,0.3406292478781447,0
93338,2012-07-06,0.377756335988034,1
93339,2012-07-06,0.1849035694615701,0
93340,2012-07-07,0.3726133583046146,0
93341,2012-07-07,0.4423181404087265,0
93342,2012-07-07,0.5946736397402471,1
93343,2012-07-07,0.5872361026333173,0
93344,2012-07-07,0.4741630334895424,0
93345,2012-07-07,0.43477420956798013,1
93346,2012-07-07,0.27543061674101893,1
93347,2012-07-07,0.38231038432688064,1
93348,2012-07-07,0.41467345603809846,0
93349,2012-07-07,0.22522340126610532,0
93350,2012-07-07,0.3046992485471834,0
93351,2012-07-07,0.39478944334239563,0
93352,2012-07-07,0.4917181364941539,1
93353,2012-07-07,0.42536155379928614,0
93354,2012-07-07,0.3778070262240684,0
93355,2012-07-07,0.4161635468685581,1
93356,2012-07-07,0.1606537150784838,0
93357,2012-07-07,0.4730316302313711,1
93358,2012-07-07,0.25823962705922066,0
93359,2012-07-07,0.34436866055558935,0
93360,2012-07-07,0.2386896007354654,0
93361,2012-07-07,0.3556560383209751,0
93362,2012-07-07,0.47559988807269504,1
93363,2012-07-07,0.4475244139959226,0
93364,2012-07-07,0.45178528189560824,0
93365,2012-07-07,0.40881851472022074,1
93366,2012-07-07,0.3967044353262426,0
93367,2012-07-07,0.3497282875819941,1
93368,2012-07-07,0.23936032015100128,0
93369,2012-07-07,0.46613284732943133,0
93370,2012-07-07,0.36072659769808524,0
93371,2012-07-07,0.21767718073343328,0
93372,2012-07-07,0.41122374208201207,0
93373,2012-07-07,0.2321746335816878,0
93374,2012-07-07,0.24275114880610651,0
93375,2012-07-07,0.32255408476252273,0
93376,2012-07-07,0.5025187633492385,0
93377,2012-07-07,0.26759204839058653,0
93378,2012-07-07,0.3237287121527533,0
93379,2012-07-07,0.4751948756954237,0
93380,2012-07-07,0.2821692260057226,0
93381,2012-07-07,0.23515470673667532,0
93382,2012-07-07,0.2704600932059142,0
93383,2012-07-07,0.4570217515063958,1
93384,2012-07-07,0.5806859404987486,1
93385,2012-07-07,0.3673520935690242,0
93386,2012-07-07,0.47466407405851774,0
93387,2012-07-07,0.16352285547076523,0
93388,2012-07-07,0.42826075063955465,1
93389,2012-07-07,0.35473476572512735,1
93390,2012-07-07,0.22202270391268822,1
93391,2012-07-07,0.24310059195817688,0
93392,2012-07-07,0.23541251682494188,1
93393,2012-07-07,0.18560450028295086,0
93394,2012-07-07,0.28688207833233376,0
93395,2012-07-07,0.48014751622692287,1
93396,2012-07-07,0.2871933221024957,0
93397,2012-07-07,0.499476166868736,1
93398,2012-07-07,0.49274319020906826,0
93399,2012-07-07,0.42468637098410317,1
93400,2012-07-07,0.2025129465740659,0
93401,2012-07-07,0.4251023784569912,1
93402,2012-07-07,0.3991323814863866,1
93403,2012-07-08,0.21978668716333,0
93404,2012-07-08,0.46155586934015047,1
93405,2012-07-08,0.5851151571414173,0
93406,2012-07-08,0.42717062794615296,0
93407,2012-07-08,0.7229956647730899,1
93408,2012-07-08,0.2820809893914169,0
93409,2012-07-08,0.30757115289846715,0
93410,2012-07-08,0.34437427516773345,0
93411,2012-07-08,0.32281302849341303,0
93412,2012-07-08,0.33469599390936805,0
93413,2012-07-08,0.6742029318536562,1
93414,2012-07-08,0.3317848675393931,0
93415,2012-07-08,0.47829562698775985,1
93416,2012-07-08,0.11394293319476016,0
93417,2012-07-08,0.3578222246398023,0
93418,2012-07-08,0.2432146082995507,0
93419,2012-07-08,0.49688323182863564,0
93420,2012-07-08,0.1960641611781339,0
93421,2012-07-08,0.28245763646336697,0
93422,2012-07-08,0.5988424527390298,0
93423,2012-07-08,0.27427338233055326,1
93424,2012-07-08,0.5689195044483716,0
93425,2012-07-08,0.5322061705816012,1
93426,2012-07-08,0.23427996531892953,0
93427,2012-07-08,0.34897354325190033,0
93428,2012-07-08,0.4707718640113868,0
93429,2012-07-08,0.40790102397019457,0
93430,2012-07-08,0.5025251733989072,1
93431,2012-07-08,0.22742064482047794,0
93432,2012-07-08,0.3470538576783497,0
93433,2012-07-08,0.19694984540777738,0
93434,2012-07-08,0.183159103256048,1
93435,2012-07-08,0.4619496194430461,0
93436,2012-07-08,0.3871159307261832,0
93437,2012-07-08,0.5338170371711694,1
93438,2012-07-08,0.22033140564356804,0
93439,2012-07-08,0.40756079598234135,0
93440,2012-07-08,0.24008944200830043,0
93441,2012-07-08,0.24127256600032254,1
93442,2012-07-08,0.38359213381082147,0
93443,2012-07-08,0.24536308702763235,0
93444,2012-07-08,0.5592921734140627,0
93445,2012-07-08,0.31618462230120387,0
93446,2012-07-08,0.42730265079929125,0
93447,2012-07-08,0.31470070564990693,1
93448,2012-07-08,0.6163004406444771,0
93449,2012-07-08,0.3583178615589716,1
93450,2012-07-08,0.25653948748995065,0
93451,2012-07-08,0.34890799590160887,0
93452,2012-07-08,0.42936299106048903,1
93453,2012-07-08,0.4012916746941696,0
93454,2012-07-08,0.4000183625588189,0
93455,2012-07-08,0.5090833041150225,1
93456,2012-07-08,0.3517876977725777,0
93457,2012-07-08,0.5986808180998029,1
93458,2012-07-08,0.3983320320205084,0
93459,2012-07-08,0.18946889269118677,0
93460,2012-07-08,0.486351668301843,0
93461,2012-07-08,0.1862859516914051,1
93462,2012-07-08,0.4214275904361027,1
93463,2012-07-08,0.39707951374084977,1
93464,2012-07-08,0.4549435415737044,0
93465,2012-07-08,0.3464518949869237,0
93466,2012-07-08,0.3363610406066607,1
93467,2012-07-08,0.20640261441710367,0
93468,2012-07-08,0.441130875453255,1
93469,2012-07-08,0.3036071331692309,0
93470,2012-07-08,0.3219624131925691,0
93471,2012-07-08,0.21709007588933402,0
93472,2012-07-08,0.531408300630185,0
93473,2012-07-08,0.251836192128772,0
93474,2012-07-08,0.10650830909176104,0
93475,2012-07-08,0.5128419819872058,1
93476,2012-07-08,0.22300766615498768,0
93477,2012-07-08,0.30962695688083475,1
93478,2012-07-08,0.31858669613634116,0
93479,2012-07-08,0.48842768224102795,0
93480,2012-07-08,0.4690841603767396,0
93481,2012-07-08,0.33787900223291584,0
93482,2012-07-08,0.2253597781055039,1
93483,2012-07-08,0.3899704490227002,1
93484,2012-07-08,0.5141992397663987,1
93485,2012-07-08,0.35618821316739663,1
93486,2012-07-08,0.33775484214930196,0
93487,2012-07-08,0.5036376832510149,0
93488,2012-07-08,0.34741713031220395,0
93489,2012-07-08,0.3859714284986457,1
93490,2012-07-08,0.4214069154695033,1
93491,2012-07-08,0.6330132704387201,0
93492,2012-07-08,0.4825084265834802,1
93493,2012-07-08,0.3531590575245824,1
93494,2012-07-08,0.32372018732448543,0
93495,2012-07-08,0.33633133699552015,1
93496,2012-07-08,0.33756608145713757,0
93497,2012-07-08,0.2873491578612412,1
93498,2012-07-08,0.38906566398017745,0
93499,2012-07-08,0.34672025346380336,0
93500,2012-07-08,0.6190482214366887,1
93501,2012-07-08,0.42179563994309144,1
93502,2012-07-08,0.5065234129185698,1
93503,2012-07-08,0.4451656934707483,0
93504,2012-07-08,0.43921650721566674,0
93505,2012-07-08,0.3750454207325208,0
93506,2012-07-08,0.46042083724402194,1
93507,2012-07-08,0.2997507924802129,1
93508,2012-07-08,0.25376115611933153,1
93509,2012-07-08,0.4502567145931882,1
93510,2012-07-08,0.3102433930379202,0
93511,2012-07-08,0.5005831027670358,0
93512,2012-07-08,0.44445421487588377,1
93513,2012-07-08,0.42680968214212434,0
93514,2012-07-08,0.40282735966516114,0
93515,2012-07-08,0.2691559405285222,0
93516,2012-07-08,0.16815317730136947,0
93517,2012-07-08,0.39796942742037056,1
93518,2012-07-08,0.23791317690067387,0
93519,2012-07-08,0.2590719742602653,0
93520,2012-07-08,0.3289702879922152,0
93521,2012-07-08,0.3236843736329637,0
93522,2012-07-08,0.41122587014018597,1
93523,2012-07-08,0.4966070449787021,0
93524,2012-07-08,0.5181411747960755,1
93525,2012-07-08,0.44810803253963183,0
93526,2012-07-08,0.2945772363811793,1
93527,2012-07-08,0.45360500074005977,0
93528,2012-07-08,0.3737820119823271,1
93529,2012-07-08,0.1455684163571595,0
93530,2012-07-08,0.5354173806520436,0
93531,2012-07-08,0.5365814569515741,0
93532,2012-07-08,0.2969700653184832,1
93533,2012-07-08,0.30266106114983293,0
93534,2012-07-08,0.16340223054841466,0
93535,2012-07-08,0.6808290741752824,1
93536,2012-07-08,0.4700000052945792,1
93537,2012-07-08,0.3472759690114412,1
93538,2012-07-08,0.20151970524260543,0
93539,2012-07-08,0.5373339136784968,0
93540,2012-07-08,0.22240649437365848,1
93541,2012-07-08,0.5094582715905085,0
93542,2012-07-08,0.3621306374050914,0
93543,2012-07-08,0.24347304129332253,1
93544,2012-07-08,0.3321849239319238,0
93545,2012-07-08,0.46501381007890724,0
93546,2012-07-08,0.23109646091974698,0
93547,2012-07-08,0.5564218685821636,0
93548,2012-07-08,0.3093887910580405,0
93549,2012-07-08,0.3008745626644978,0
93550,2012-07-08,0.2888472414510311,1
93551,2012-07-08,0.3006380321803025,1
93552,2012-07-08,0.3417506423083258,0
93553,2012-07-08,0.42031085797813666,1
93554,2012-07-08,0.15715064712404356,0
93555,2012-07-08,0.2943867026190161,1
93556,2012-07-08,0.5863767606218181,1
93557,2012-07-08,0.402527142384093,1
93558,2012-07-08,0.313090727172248,0
93559,2012-07-08,0.10775250426064593,0
93560,2012-07-08,0.5153833176636832,1
93561,2012-07-08,0.20395303199950351,0
93562,2012-07-08,0.3080900799743212,1
93563,2012-07-08,0.27482251737102265,0
93564,2012-07-08,0.3741609606006459,0
93565,2012-07-08,0.4011104369316327,0
93566,2012-07-08,0.3110810513127739,0
93567,2012-07-08,0.5146094521418572,1
93568,2012-07-08,0.5133116220992843,1
93569,2012-07-08,0.3778469828514688,1
93570,2012-07-08,0.24243857045189549,0
93571,2012-07-08,0.40839399284488576,0
93572,2012-07-08,0.20084367270306963,1
93573,2012-07-08,0.2855853004078633,0
93574,2012-07-08,0.5404076256024646,0
93575,2012-07-08,0.1891503551304991,0
93576,2012-07-08,0.5940723272924321,1
93577,2012-07-08,0.6805425045146312,0
93578,2012-07-08,0.48023655572810336,0
93579,2012-07-08,0.6035634758159489,1
93580,2012-07-08,0.4387444843036562,1
93581,2012-07-08,0.5606590157898663,1
93582,2012-07-08,0.510582062934776,0
93583,2012-07-09,0.20907832427150844,0
93584,2012-07-09,0.39699194557244377,1
93585,2012-07-09,0.23957215145367178,1
93586,2012-07-09,0.3072889155926518,0
93587,2012-07-09,0.43264471854874614,0
93588,2012-07-09,0.3482469087207936,1
93589,2012-07-09,0.4600122564743133,0
93590,2012-07-09,0.38288199594547606,0
93591,2012-07-09,0.6216859573491859,1
93592,2012-07-09,0.5526210546924221,1
93593,2012-07-09,0.2827192823197409,0
93594,2012-07-09,0.368503735861489,0
93595,2012-07-09,0.5994116028392752,0
93596,2012-07-09,0.35627928632005706,0
93597,2012-07-09,0.31768583012683277,0
93598,2012-07-09,0.39495414051583516,0
93599,2012-07-09,0.3478799968594009,0
93600,2012-07-09,0.43140961614033857,0
93601,2012-07-09,0.25224445060440515,0
93602,2012-07-09,0.4101657758624544,0
93603,2012-07-09,0.5049292478280916,0
93604,2012-07-09,0.15142051644334142,0
93605,2012-07-09,0.44446327744125086,0
93606,2012-07-09,0.2889243389947742,0
93607,2012-07-09,0.47279996244519285,0
93608,2012-07-09,0.3444397913041529,0
93609,2012-07-09,0.4685098178614396,0
93610,2012-07-09,0.5453981324401272,1
93611,2012-07-09,0.37640291981374835,1
93612,2012-07-09,0.3657656038420905,0
93613,2012-07-09,0.3859164982454996,1
93614,2012-07-09,0.43351004973179064,1
93615,2012-07-09,0.24902500912225287,0
93616,2012-07-09,0.4190525666303297,1
93617,2012-07-09,0.35808169149863067,0
93618,2012-07-09,0.474187748641564,0
93619,2012-07-09,0.2760583037475448,0
93620,2012-07-09,0.38703326823932127,0
93621,2012-07-09,0.39541311403816165,0
93622,2012-07-09,0.52774660970081,1
93623,2012-07-09,0.2830488943462697,1
93624,2012-07-09,0.41855811723614117,0
93625,2012-07-09,0.37795682131602276,1
93626,2012-07-09,0.6271022149826451,1
93627,2012-07-09,0.4447655746519271,0
93628,2012-07-09,0.41606501649181155,0
93629,2012-07-09,0.4243308054959267,1
93630,2012-07-09,0.3689612277521935,1
93631,2012-07-09,0.4486734168644359,0
93632,2012-07-09,0.376044673448716,0
93633,2012-07-09,0.21302275813595822,1
93634,2012-07-09,0.3971672142770914,0
93635,2012-07-09,0.535684500765483,1
93636,2012-07-09,0.5970990051848152,1
93637,2012-07-09,0.5376110992525132,1
93638,2012-07-09,0.5327648762002983,0
93639,2012-07-09,0.3450742895277278,0
93640,2012-07-09,0.4243288995852631,1
93641,2012-07-09,0.48836080784524655,1
93642,2012-07-09,0.5714837330622987,0
93643,2012-07-09,0.2728187310248832,0
93644,2012-07-09,0.4774844528616154,0
93645,2012-07-09,0.4506904142341954,0
93646,2012-07-09,0.47522650633281666,0
93647,2012-07-09,0.4768827609225992,0
93648,2012-07-09,0.28090954154148734,0
93649,2012-07-09,0.12523305593008272,0
93650,2012-07-09,0.17593688432917262,1
93651,2012-07-09,0.4369373549818336,1
93652,2012-07-09,0.3403438621010233,1
93653,2012-07-09,0.36358745120578484,0
93654,2012-07-09,0.2882180262714177,0
93655,2012-07-09,0.47761882171192394,1
93656,2012-07-09,0.2509843521053315,0
93657,2012-07-10,0.678099420876297,1
93658,2012-07-10,0.2951530939185188,0
93659,2012-07-10,0.2944751026098656,1
93660,2012-07-10,0.4457159133539003,0
93661,2012-07-10,0.3307125830991234,0
93662,2012-07-10,0.35126951690655783,0
93663,2012-07-10,0.406452286097549,0
93664,2012-07-10,0.3186790878283649,1
93665,2012-07-10,0.5259462115672903,0
93666,2012-07-10,0.5140242546840585,0
93667,2012-07-10,0.43430695878078635,0
93668,2012-07-10,0.5328578107894929,0
93669,2012-07-10,0.2986800639676401,0
93670,2012-07-10,0.5497187069416571,1
93671,2012-07-10,0.45060974211532673,0
93672,2012-07-10,0.32823717775757705,0
93673,2012-07-10,0.4069590430240642,0
93674,2012-07-10,0.5468070865641661,0
93675,2012-07-10,0.3342703604102483,0
93676,2012-07-10,0.37467572587739856,1
93677,2012-07-10,0.5235911053458479,0
93678,2012-07-10,0.3997982575905687,0
93679,2012-07-10,0.3723170346792234,0
93680,2012-07-10,0.28037292564626987,0
93681,2012-07-10,0.2623901905242561,0
93682,2012-07-10,0.30681891741691514,0
93683,2012-07-10,0.557458616742735,0
93684,2012-07-10,0.43601976067180764,0
93685,2012-07-10,0.46125459763923793,1
93686,2012-07-10,0.5658615765222451,1
93687,2012-07-10,0.4778723619664697,0
93688,2012-07-10,0.21707033650714228,0
93689,2012-07-10,0.3975048845898897,1
93690,2012-07-10,0.5503499077340859,1
93691,2012-07-10,0.2942607575019367,0
93692,2012-07-10,0.29157286751461775,1
93693,2012-07-10,0.6765619457391835,1
93694,2012-07-10,0.4441319441282701,0
93695,2012-07-10,0.5899482289418356,0
93696,2012-07-10,0.3406084949089278,0
93697,2012-07-10,0.34404593776025527,0
93698,2012-07-10,0.32170863189028825,1
93699,2012-07-10,0.3010556759767668,0
93700,2012-07-10,0.5777627163836994,1
93701,2012-07-10,0.2901179795577174,0
93702,2012-07-10,0.37341182389888145,0
93703,2012-07-10,0.41243175432409473,0
93704,2012-07-10,0.3250559491674895,1
93705,2012-07-10,0.4031110870106134,0
93706,2012-07-10,0.26657163834260433,0
93707,2012-07-10,0.42751256274533633,0
93708,2012-07-10,0.1975475127052495,0
93709,2012-07-10,0.4310988683755432,0
93710,2012-07-10,0.1290167210100573,1
93711,2012-07-10,0.24547256163068637,0
93712,2012-07-10,0.5261315655295021,1
93713,2012-07-11,0.2572937200757665,0
93714,2012-07-11,0.4020905441418711,1
93715,2012-07-11,0.41246997131403035,0
93716,2012-07-11,0.21938392861982833,0
93717,2012-07-11,0.32769627554563524,0
93718,2012-07-11,0.48496445490656015,1
93719,2012-07-11,0.686702205890018,1
93720,2012-07-11,0.5525894714471573,1
93721,2012-07-11,0.15043049467987044,0
93722,2012-07-11,0.44816378980764,0
93723,2012-07-11,0.2707123875450009,0
93724,2012-07-11,0.5174369774149822,1
93725,2012-07-11,0.3672271305331864,1
93726,2012-07-11,0.31578513864940744,0
93727,2012-07-11,0.26628222551104624,0
93728,2012-07-11,0.31334725563422705,0
93729,2012-07-11,0.34660547891043475,0
93730,2012-07-11,0.6158311807100842,1
93731,2012-07-11,0.4596832507596959,1
93732,2012-07-11,0.15927884461316905,0
93733,2012-07-11,0.41243626022280133,0
93734,2012-07-11,0.2046569615824117,0
93735,2012-07-11,0.41046700020097526,0
93736,2012-07-11,0.5889425588122023,0
93737,2012-07-11,0.23403026505018404,0
93738,2012-07-11,0.36469456832435754,1
93739,2012-07-11,0.651601620315349,1
93740,2012-07-11,0.4185818625924226,0
93741,2012-07-11,0.43818746486389276,0
93742,2012-07-11,0.2956852207718521,1
93743,2012-07-11,0.43201387482379144,0
93744,2012-07-11,0.649313586977577,1
93745,2012-07-11,0.5107223549246722,0
93746,2012-07-11,0.3367991984407489,0
93747,2012-07-11,0.3147961497643518,0
93748,2012-07-11,0.3602940200016197,1
93749,2012-07-11,0.22854802488188328,1
93750,2012-07-11,0.6918209748242956,0
93751,2012-07-11,0.5558559694024816,0
93752,2012-07-11,0.45743319313202296,1
93753,2012-07-11,0.2356543115689442,0
93754,2012-07-11,0.2632546776381038,0
93755,2012-07-11,0.5224703609392947,1
93756,2012-07-11,0.23135178340237048,1
93757,2012-07-11,0.3712467772265987,0
93758,2012-07-11,0.3279271310947196,0
93759,2012-07-11,0.5735212352516066,0
93760,2012-07-11,0.35044884448737834,1
93761,2012-07-11,0.34155132856309134,0
93762,2012-07-11,0.20213724297226154,1
93763,2012-07-11,0.4381684464588614,0
93764,2012-07-11,0.285566415688414,0
93765,2012-07-11,0.35954933910846143,1
93766,2012-07-11,0.31168242326975104,0
93767,2012-07-11,0.15402837694513122,0
93768,2012-07-11,0.3358774250827587,0
93769,2012-07-11,0.21260737320281228,1
93770,2012-07-11,0.28390263499400104,0
93771,2012-07-11,0.19748769377303632,0
93772,2012-07-11,0.5341542672429723,1
93773,2012-07-11,0.42436207281008137,1
93774,2012-07-11,0.30168973145400696,0
93775,2012-07-11,0.30128892719437006,0
93776,2012-07-11,0.47221304982265083,0
93777,2012-07-11,0.3055385218272271,0
93778,2012-07-11,0.20775953105201547,0
93779,2012-07-11,0.3927733885473883,1
93780,2012-07-11,0.3440031001739479,0
93781,2012-07-11,0.38291265224400983,0
93782,2012-07-11,0.28912213672115716,0
93783,2012-07-11,0.20381121239603098,0
93784,2012-07-11,0.47312192932474867,0
93785,2012-07-11,0.4051908256878896,0
93786,2012-07-11,0.1558724752414618,0
93787,2012-07-11,0.5972015056099461,0
93788,2012-07-11,0.42397715317759044,0
93789,2012-07-11,0.2603516348059971,1
93790,2012-07-11,0.295191736282221,1
93791,2012-07-11,0.310156511083403,1
93792,2012-07-11,0.19485551643194693,0
93793,2012-07-11,0.3373010595890428,0
93794,2012-07-11,0.39999286356857566,0
93795,2012-07-11,0.38623471154353173,0
93796,2012-07-11,0.40910063069887465,0
93797,2012-07-11,0.5125460282569757,1
93798,2012-07-11,0.5298067339451603,1
93799,2012-07-11,0.359855170240207,0
93800,2012-07-11,0.2883819358725857,0
93801,2012-07-11,0.5042713921844801,1
93802,2012-07-11,0.2753120713965154,1
93803,2012-07-11,0.3084427576083766,1
93804,2012-07-11,0.17384859094060345,0
93805,2012-07-11,0.40473660714436566,1
93806,2012-07-11,0.5978804015701807,1
93807,2012-07-11,0.27876226310532,0
93808,2012-07-11,0.372627384645388,0
93809,2012-07-11,0.24108688997644373,0
93810,2012-07-11,0.4339957522381139,0
93811,2012-07-11,0.3281291855233657,1
93812,2012-07-11,0.27884965805213136,0
93813,2012-07-11,0.40624215708393546,0
93814,2012-07-11,0.4554195767839918,1
93815,2012-07-11,0.6024098477099644,1
93816,2012-07-11,0.39209723606484387,0
93817,2012-07-11,0.2449066897834024,0
93818,2012-07-11,0.2857553655862253,0
93819,2012-07-11,0.4151498428679561,1
93820,2012-07-11,0.2729155966333973,0
93821,2012-07-11,0.4135783611553481,1
93822,2012-07-11,0.2317639713400365,0
93823,2012-07-11,0.5609038397732883,0
93824,2012-07-11,0.4735902375848293,0
93825,2012-07-11,0.4558181445085351,0
93826,2012-07-11,0.28087276153258606,0
93827,2012-07-11,0.353854887169239,0
93828,2012-07-11,0.4273953934015716,0
93829,2012-07-11,0.2530320436199257,1
93830,2012-07-11,0.4673537537925206,0
93831,2012-07-11,0.37552788857637653,0
93832,2012-07-11,0.21112206552384202,0
93833,2012-07-11,0.22589595684163602,0
93834,2012-07-11,0.30081106167340427,0
93835,2012-07-11,0.1658386238999504,1
93836,2012-07-11,0.315967766061067,1
93837,2012-07-11,0.18486320942983872,0
93838,2012-07-11,0.384517337668351,0
93839,2012-07-11,0.22400719454850437,0
93840,2012-07-11,0.7006466507886617,1
93841,2012-07-11,0.30251254743973627,1
93842,2012-07-11,0.5277469175457815,1
93843,2012-07-11,0.3557918772625657,0
93844,2012-07-11,0.2641799847408519,0
93845,2012-07-11,0.20538951902798558,1
93846,2012-07-11,0.49879107324821786,1
93847,2012-07-11,0.29504474450320256,1
93848,2012-07-11,0.46314920995859377,1
93849,2012-07-11,0.44809866936586906,0
93850,2012-07-11,0.2551929127275613,0
93851,2012-07-11,0.15203272461327896,0
93852,2012-07-11,0.44570346481097467,1
93853,2012-07-11,0.4731284004067411,1
93854,2012-07-11,0.18319916814618972,0
93855,2012-07-11,0.505774007061045,0
93856,2012-07-11,0.42468935121948415,0
93857,2012-07-11,0.33679486028696254,0
93858,2012-07-11,0.2522084041895741,1
93859,2012-07-11,0.39402655554965627,0
93860,2012-07-11,0.32203945495905983,0
93861,2012-07-11,0.29798189745879017,1
93862,2012-07-11,0.2592030369034306,0
93863,2012-07-11,0.233608759583129,0
93864,2012-07-11,0.5180994231192054,1
93865,2012-07-11,0.48900653857970433,1
93866,2012-07-11,0.3255588693746948,0
93867,2012-07-11,0.6694982463745872,1
93868,2012-07-11,0.3311851254871039,1
93869,2012-07-11,0.4895948647696902,1
93870,2012-07-11,0.6324512839579934,0
93871,2012-07-11,0.5560892011593354,1
93872,2012-07-12,0.4954731440849397,1
93873,2012-07-12,0.33914115390259364,0
93874,2012-07-12,0.4984908900230397,1
93875,2012-07-12,0.521413475259634,0
93876,2012-07-12,0.6224045747329303,1
93877,2012-07-12,0.3664718442682381,0
93878,2012-07-12,0.19124997350269915,0
93879,2012-07-12,0.43949034880746163,1
93880,2012-07-12,0.24015871500403732,0
93881,2012-07-12,0.4437794458422947,0
93882,2012-07-12,0.4497256452102946,1
93883,2012-07-12,0.4931221060350835,0
93884,2012-07-12,0.39333558784465833,1
93885,2012-07-12,0.26243245431752343,1
93886,2012-07-12,0.4875687278722877,0
93887,2012-07-12,0.5430159471178465,0
93888,2012-07-12,0.2337585993905794,0
93889,2012-07-12,0.42816314872580247,1
93890,2012-07-12,0.47774026235663675,0
93891,2012-07-12,0.3633599564471096,1
93892,2012-07-12,0.3963907255779767,0
93893,2012-07-12,0.3671398854565464,0
93894,2012-07-12,0.42285857680178796,1
93895,2012-07-12,0.3726902999002148,0
93896,2012-07-12,0.6506221339066416,1
93897,2012-07-12,0.4407715438417853,1
93898,2012-07-12,0.3536803975558126,1
93899,2012-07-12,0.2346055174480347,0
93900,2012-07-12,0.5248880232252813,1
93901,2012-07-12,0.1817120506026464,1
93902,2012-07-12,0.43876475519952496,1
93903,2012-07-12,0.42412387639759436,1
93904,2012-07-12,0.2996723902512694,0
93905,2012-07-12,0.41754400713620055,1
93906,2012-07-12,0.2683352195193535,0
93907,2012-07-12,0.15150935374489605,0
93908,2012-07-12,0.4016663542764115,1
93909,2012-07-12,0.4219157268183477,0
93910,2012-07-12,0.35009846590814137,1
93911,2012-07-12,0.4323751207643536,0
93912,2012-07-12,0.2342559762788092,1
93913,2012-07-12,0.37526008220932966,0
93914,2012-07-12,0.3744476753158456,0
93915,2012-07-12,0.2808118217543002,1
93916,2012-07-12,0.4290995691113516,0
93917,2012-07-12,0.5214726537071719,1
93918,2012-07-12,0.5670586017510051,0
93919,2012-07-12,0.4155818011559996,0
93920,2012-07-12,0.2974440096332617,0
93921,2012-07-12,0.13354524547433572,0
93922,2012-07-12,0.3845721821953136,0
93923,2012-07-12,0.38161243842857717,0
93924,2012-07-12,0.4273114480500295,1
93925,2012-07-12,0.5399890140969823,1
93926,2012-07-12,0.2885303385316984,0
93927,2012-07-12,0.19122521047312846,0
93928,2012-07-12,0.17536329207744136,0
93929,2012-07-12,0.4849538174240153,0
93930,2012-07-12,0.10969950634587593,0
93931,2012-07-12,0.4464886422761467,1
93932,2012-07-12,0.41321814417809083,0
93933,2012-07-12,0.22899589206986132,1
93934,2012-07-12,0.4785371270613503,1
93935,2012-07-12,0.247383915724281,0
93936,2012-07-12,0.23758425851468978,1
93937,2012-07-12,0.33696052538657195,0
93938,2012-07-12,0.31494372549253385,0
93939,2012-07-12,0.3651848088915867,0
93940,2012-07-12,0.28937720821522417,0
93941,2012-07-12,0.25196888390556965,0
93942,2012-07-12,0.5311878958716192,0
93943,2012-07-12,0.47627127441962586,0
93944,2012-07-12,0.2864619392989025,0
93945,2012-07-12,0.465617591902835,1
93946,2012-07-12,0.16493950826213435,1
93947,2012-07-12,0.3380603970263167,1
93948,2012-07-12,0.11563570760631169,1
93949,2012-07-12,0.46211383723974564,0
93950,2012-07-12,0.25801446459043587,0
93951,2012-07-12,0.18560067255668236,0
93952,2012-07-12,0.3368557886924961,0
93953,2012-07-12,0.26656913803917875,1
93954,2012-07-12,0.36837516086075245,0
93955,2012-07-12,0.20096910094114606,0
93956,2012-07-12,0.3741476523370322,0
93957,2012-07-12,0.331475505842611,0
93958,2012-07-12,0.27792896804762757,1
93959,2012-07-12,0.22661674004945598,1
93960,2012-07-12,0.24133226590016546,0
93961,2012-07-12,0.2618802671710141,0
93962,2012-07-12,0.40565869630987406,0
93963,2012-07-13,0.5437837696486317,1
93964,2012-07-13,0.23203703613909843,0
93965,2012-07-13,0.6214762442012509,1
93966,2012-07-13,0.3143754037730822,0
93967,2012-07-13,0.38380100320920807,0
93968,2012-07-13,0.46662415541920915,0
93969,2012-07-13,0.19249550120329853,0
93970,2012-07-13,0.498959317397144,1
93971,2012-07-13,0.40323762811801867,0
93972,2012-07-13,0.5304801525486715,1
93973,2012-07-13,0.4794681284390569,0
93974,2012-07-13,0.20984276214866332,0
93975,2012-07-13,0.3886429255289937,1
93976,2012-07-13,0.5767356646447439,1
93977,2012-07-13,0.3419962131460511,0
93978,2012-07-13,0.321274897989005,0
93979,2012-07-13,0.2804877769942425,0
93980,2012-07-13,0.3662008349068775,0
93981,2012-07-13,0.5506211827147391,0
93982,2012-07-13,0.15394385271755104,0
93983,2012-07-13,0.24420538609714704,0
93984,2012-07-13,0.19619230091837206,0
93985,2012-07-13,0.28068792397588055,0
93986,2012-07-13,0.48484358198116867,1
93987,2012-07-13,0.5874307022746716,1
93988,2012-07-13,0.5824386857000295,0
93989,2012-07-13,0.16301127499925747,0
93990,2012-07-13,0.37293671376537973,0
93991,2012-07-13,0.6883510866355477,1
93992,2012-07-13,0.1926179768591755,0
93993,2012-07-13,0.33587563319131214,1
93994,2012-07-13,0.3452351040158145,0
93995,2012-07-13,0.4298324511439268,1
93996,2012-07-13,0.24400106688602655,0
93997,2012-07-13,0.461802854630715,0
93998,2012-07-13,0.3232270989078442,0
93999,2012-07-13,0.5792876716255518,0
94000,2012-07-13,0.6196975067743226,1
94001,2012-07-13,0.4481135369187931,0
94002,2012-07-13,0.2548088087464017,0
94003,2012-07-13,0.3438543455345274,0
94004,2012-07-13,0.5264278369239772,0
94005,2012-07-13,0.3852313506584775,1
94006,2012-07-13,0.25651697385491007,0
94007,2012-07-13,0.5364918167888064,1
94008,2012-07-13,0.5780931726926221,1
94009,2012-07-13,0.21825675009497778,0
94010,2012-07-13,0.35346554900470956,0
94011,2012-07-13,0.5478088460818216,1
94012,2012-07-13,0.37676511763622733,0
94013,2012-07-13,0.39971648432526286,0
94014,2012-07-13,0.13436941049746973,0
94015,2012-07-13,0.4551144546360841,0
94016,2012-07-13,0.5313817771031171,0
94017,2012-07-13,0.25634032171148724,0
94018,2012-07-13,0.11970284626844545,0
94019,2012-07-13,0.37823356742472936,0
94020,2012-07-13,0.20905254495106057,0
94021,2012-07-13,0.40962358444951025,0
94022,2012-07-13,0.5709404374564165,1
94023,2012-07-13,0.30866831387761734,1
94024,2012-07-13,0.3397795696219589,0
94025,2012-07-13,0.17878643598658284,0
94026,2012-07-13,0.35307259323689,1
94027,2012-07-13,0.37752910654961863,0
94028,2012-07-13,0.4067898520130885,0
94029,2012-07-13,0.23501732760422275,0
94030,2012-07-13,0.3970473382694584,0
94031,2012-07-13,0.3909852185782978,1
94032,2012-07-13,0.2890148428878795,0
94033,2012-07-13,0.5750609374026895,1
94034,2012-07-13,0.4537137916442758,0
94035,2012-07-13,0.24532362934469418,0
94036,2012-07-13,0.4531359199606906,1
94037,2012-07-13,0.3579252965425965,0
94038,2012-07-13,0.15679363463115928,0
94039,2012-07-13,0.38380100320920807,0
94040,2012-07-13,0.29585211579700954,0
94041,2012-07-13,0.198611151075341,0
94042,2012-07-13,0.5019310944954861,0
94043,2012-07-13,0.35842279549716066,0
94044,2012-07-13,0.17569247120580123,0
94045,2012-07-13,0.13972143234666667,0
94046,2012-07-13,0.4115778897172323,1
94047,2012-07-13,0.23937191992015627,0
94048,2012-07-13,0.5409801906492139,1
94049,2012-07-13,0.3931803110763787,0
94050,2012-07-13,0.2000259036665161,0
94051,2012-07-13,0.3347561827039765,0
94052,2012-07-13,0.3536645202338823,0
94053,2012-07-13,0.5669156863573354,1
94054,2012-07-13,0.36505111667087886,1
94055,2012-07-13,0.3546197528852454,0
94056,2012-07-13,0.23437363245041434,0
94057,2012-07-13,0.5453602490408204,1
94058,2012-07-13,0.3140531916436013,0
94059,2012-07-13,0.38279784168462805,1
94060,2012-07-13,0.2667120851810434,1
94061,2012-07-13,0.3358457905922293,0
94062,2012-07-14,0.5327348810427663,0
94063,2012-07-14,0.3905680934059722,0
94064,2012-07-14,0.20603699984303506,0
94065,2012-07-14,0.48192238219677513,0
94066,2012-07-14,0.3759133285649756,1
94067,2012-07-14,0.49614467758525593,0
94068,2012-07-14,0.5133227555119109,1
94069,2012-07-14,0.30980623306854554,0
94070,2012-07-14,0.6104063811758639,0
94071,2012-07-14,0.3191247469895307,1
94072,2012-07-14,0.4808723478861074,0
94073,2012-07-14,0.5479580161120919,1
94074,2012-07-14,0.46589375584955695,0
94075,2012-07-14,0.3392454329400009,1
94076,2012-07-14,0.5341083300202121,0
94077,2012-07-14,0.20012134592208203,0
94078,2012-07-14,0.0452392206454195,0
94079,2012-07-14,0.2914212450088886,1
94080,2012-07-14,0.1779208245847006,0
94081,2012-07-14,0.4149160833499137,1
94082,2012-07-14,0.16868381927532525,0
94083,2012-07-14,0.24040196531364627,0
94084,2012-07-14,0.400944607247821,0
94085,2012-07-14,0.37876890586463696,0
94086,2012-07-14,0.27032914170563804,0
94087,2012-07-14,0.6646974317518972,1
94088,2012-07-14,0.4284727022499417,0
94089,2012-07-14,0.22736408792245022,0
94090,2012-07-14,0.5412558920842987,0
94091,2012-07-14,0.39724567953424683,0
94092,2012-07-14,0.4966576387211585,1
94093,2012-07-14,0.2953163076783351,0
94094,2012-07-14,0.22616534557260637,0
94095,2012-07-14,0.4019320010742309,0
94096,2012-07-14,0.7320397413696017,0
94097,2012-07-14,0.4933867176906229,0
94098,2012-07-14,0.14715765936571126,0
94099,2012-07-14,0.2238074304416907,0
94100,2012-07-14,0.39687429857872386,0
94101,2012-07-14,0.2850634902216828,1
94102,2012-07-14,0.7880072058183965,1
94103,2012-07-14,0.29175940314095206,1
94104,2012-07-14,0.39845879710300947,0
94105,2012-07-14,0.43834910310506514,1
94106,2012-07-14,0.46868272452211945,0
94107,2012-07-14,0.22969312924333044,0
94108,2012-07-14,0.385489436344694,1
94109,2012-07-14,0.2898646818629466,1
94110,2012-07-14,0.2817912517197642,0
94111,2012-07-14,0.4045376770054391,1
94112,2012-07-14,0.44435433789337053,1
94113,2012-07-14,0.3081351276991932,0
94114,2012-07-14,0.4118780098750979,0
94115,2012-07-14,0.42938460615179935,0
94116,2012-07-14,0.18655830657399722,0
94117,2012-07-14,0.46516143693414924,0
94118,2012-07-14,0.3455874880832966,1
94119,2012-07-14,0.3508141596489742,0
94120,2012-07-14,0.31838755875215696,0
94121,2012-07-14,0.31692312739621753,0
94122,2012-07-14,0.07916976296196362,0
94123,2012-07-14,0.6187876980695409,1
94124,2012-07-14,0.38285065501948434,1
94125,2012-07-14,0.3582606007945944,0
94126,2012-07-14,0.2091564032755643,0
94127,2012-07-14,0.22215254593365807,0
94128,2012-07-14,0.3299211267046106,0
94129,2012-07-14,0.1373520770509542,0
94130,2012-07-14,0.32924632089557004,0
94131,2012-07-14,0.43677933838475486,0
94132,2012-07-14,0.1937671189077317,0
94133,2012-07-14,0.3695257040356288,0
94134,2012-07-14,0.4301816611941027,0
94135,2012-07-14,0.46888876077433683,0
94136,2012-07-14,0.3004003289086941,0
94137,2012-07-14,0.3570183879756331,0
94138,2012-07-14,0.09271878910496482,0
94139,2012-07-14,0.29986511387670606,0
94140,2012-07-14,0.18975529743695416,0
94141,2012-07-14,0.3528055288539913,0
94142,2012-07-14,0.3852993824665029,0
94143,2012-07-14,0.4168883497902087,1
94144,2012-07-14,0.13041479996022481,0
94145,2012-07-14,0.4363041911142699,0
94146,2012-07-14,0.32718030623988614,0
94147,2012-07-14,0.42562289483958693,1
94148,2012-07-14,0.5979539021890947,0
94149,2012-07-14,0.43034353568952327,0
94150,2012-07-14,0.187263648643216,0
94151,2012-07-14,0.4375268280651339,0
94152,2012-07-14,0.45873460277983313,1
94153,2012-07-14,0.4365192134582761,0
94154,2012-07-14,0.2204330020988438,0
94155,2012-07-14,0.2804590788036884,1
94156,2012-07-14,0.15506072628137813,0
94157,2012-07-14,0.25951556357065486,0
94158,2012-07-14,0.5859148743990422,1
94159,2012-07-14,0.4031043752544256,0
94160,2012-07-14,0.5850393154471394,0
94161,2012-07-15,0.43132956947599316,1
94162,2012-07-15,0.3468948195209574,0
94163,2012-07-15,0.4654260834743247,1
94164,2012-07-15,0.19836841633219596,0
94165,2012-07-15,0.21386700724983038,1
94166,2012-07-15,0.46690230757737616,1
94167,2012-07-15,0.5692685629635359,1
94168,2012-07-15,0.6153738771822637,0
94169,2012-07-15,0.2522189705522836,1
94170,2012-07-15,0.5661218492373611,0
94171,2012-07-15,0.5062611553672102,0
94172,2012-07-15,0.4624801019487938,0
94173,2012-07-15,0.3978905986953424,0
94174,2012-07-15,0.2838993723096293,0
94175,2012-07-15,0.333126096353744,0
94176,2012-07-15,0.5466385394283935,0
94177,2012-07-15,0.48502303170851163,0
94178,2012-07-15,0.18866581718871203,0
94179,2012-07-15,0.36394678865153607,0
94180,2012-07-15,0.3199935139242859,1
94181,2012-07-15,0.22253597966011546,1
94182,2012-07-15,0.36410174372330617,0
94183,2012-07-15,0.3295147844711857,1
94184,2012-07-15,0.3090918844553734,0
94185,2012-07-15,0.24229672102664648,0
94186,2012-07-15,0.22152478467327938,0
94187,2012-07-15,0.28961958586433667,1
94188,2012-07-15,0.2804809729749043,1
94189,2012-07-15,0.6848848360490115,0
94190,2012-07-15,0.4973708011927676,1
94191,2012-07-15,0.525328034380746,0
94192,2012-07-15,0.3512226525378632,0
94193,2012-07-15,0.40257424467771386,0
94194,2012-07-15,0.36435039499907307,1
94195,2012-07-15,0.39330629434675984,1
94196,2012-07-15,0.47244115742600157,1
94197,2012-07-15,0.44614241926200127,1
94198,2012-07-15,0.41673057425399873,0
94199,2012-07-15,0.2563431777529316,0
94200,2012-07-15,0.176973810008847,0
94201,2012-07-15,0.50402222821746,1
94202,2012-07-15,0.3783288774525606,1
94203,2012-07-15,0.4134832245843698,0
94204,2012-07-15,0.3481010307842083,0
94205,2012-07-15,0.36494698741229686,1
94206,2012-07-15,0.29531420497421085,0
94207,2012-07-15,0.6229277369265678,0
94208,2012-07-15,0.3415031789376372,0
94209,2012-07-15,0.36988881910504984,1
94210,2012-07-15,0.3496099378165659,0
94211,2012-07-15,0.23675596409404231,0
94212,2012-07-15,0.38448473085084783,0
94213,2012-07-15,0.28609459208667337,1
94214,2012-07-15,0.42055280773977133,0
94215,2012-07-15,0.42164744542947863,0
94216,2012-07-15,0.4647571563061452,0
94217,2012-07-15,0.39529073185211094,0
94218,2012-07-15,0.39960004773118535,0
94219,2012-07-15,0.4560290095427926,0
94220,2012-07-15,0.13946254111644157,1
94221,2012-07-15,0.5557351314989027,0
94222,2012-07-15,0.37708121547197915,1
94223,2012-07-15,0.4731475655321129,1
94224,2012-07-15,0.27520967576064487,1
94225,2012-07-15,0.5990199788134315,1
94226,2012-07-15,0.12237398563009218,0
94227,2012-07-15,0.32792639653809347,0
94228,2012-07-15,0.4068357666544567,0
94229,2012-07-15,0.5039784360313696,1
94230,2012-07-15,0.550461401302386,0
94231,2012-07-15,0.3760887336316344,0
94232,2012-07-15,0.40306376988107806,0
94233,2012-07-15,0.1073438617029379,0
94234,2012-07-15,0.4401585038489982,1
94235,2012-07-15,0.4917844393415742,1
94236,2012-07-15,0.6228889961693891,0
94237,2012-07-15,0.23277313583425713,0
94238,2012-07-15,0.20601393813569172,0
94239,2012-07-15,0.3335521570921926,0
94240,2012-07-15,0.28433274477455633,0
94241,2012-07-15,0.2874768851734896,0
94242,2012-07-15,0.44699280899840943,1
94243,2012-07-15,0.2601299264520502,0
94244,2012-07-15,0.6246955296647576,0
94245,2012-07-15,0.42012435336984433,0
94246,2012-07-15,0.193002637416021,0
94247,2012-07-15,0.33542775533838676,1
94248,2012-07-15,0.509577042769093,0
94249,2012-07-15,0.27768228095061326,0
94250,2012-07-15,0.3051141506101083,0
94251,2012-07-15,0.2846074397678519,0
94252,2012-07-15,0.568671841910958,1
94253,2012-07-15,0.41665445380752747,1
94254,2012-07-15,0.3051825063438336,0
94255,2012-07-15,0.39598437371529194,1
94256,2012-07-15,0.5389163554028771,0
94257,2012-07-15,0.5747425456354249,0
94258,2012-07-15,0.6042253872742671,1
94259,2012-07-15,0.6298324499333909,0
94260,2012-07-15,0.405103955740689,0
94261,2012-07-15,0.31479487243271753,1
94262,2012-07-15,0.45438443880927387,0
94263,2012-07-15,0.30429398929168294,0
94264,2012-07-15,0.4251350549341005,0
94265,2012-07-15,0.4216425302324406,0
94266,2012-07-15,0.42852188959035087,0
94267,2012-07-15,0.5205590916085698,1
94268,2012-07-15,0.3057520318080524,0
94269,2012-07-15,0.2220528017647217,0
94270,2012-07-15,0.6863461051249243,0
94271,2012-07-15,0.35509803908742105,0
94272,2012-07-15,0.25843188738020556,0
94273,2012-07-15,0.39563258779374294,0
94274,2012-07-15,0.14763978553702103,0
94275,2012-07-15,0.46719928697152424,1
94276,2012-07-15,0.33152295548479166,1
94277,2012-07-15,0.19317436136869962,1
94278,2012-07-15,0.21115307509054865,1
94279,2012-07-15,0.43855737967945846,0
94280,2012-07-15,0.41261609265435706,1
94281,2012-07-15,0.6376981748086095,1
94282,2012-07-15,0.40397979839133374,1
94283,2012-07-15,0.3940489235834194,0
94284,2012-07-15,0.5787076201882708,1
94285,2012-07-15,0.21885612924548417,1
94286,2012-07-15,0.3924685449037397,0
94287,2012-07-15,0.16603842963144466,0
94288,2012-07-15,0.4155729197624307,1
94289,2012-07-15,0.16191333519464843,0
94290,2012-07-15,0.4248389227582499,1
94291,2012-07-15,0.3090381359953955,0
94292,2012-07-15,0.13787142170868388,0
94293,2012-07-15,0.38290537763788735,0
94294,2012-07-15,0.41803477211229423,0
94295,2012-07-15,0.3372711243530102,0
94296,2012-07-15,0.26568157189060165,0
94297,2012-07-15,0.36984054528215116,0
94298,2012-07-15,0.5445648026712371,0
94299,2012-07-15,0.5166043982088862,1
94300,2012-07-15,0.4061717742149839,1
94301,2012-07-15,0.2879941245868069,1
94302,2012-07-15,0.1864865251039948,0
94303,2012-07-15,0.4073349317169715,0
94304,2012-07-15,0.5809712278372069,1
94305,2012-07-15,0.4811284266071207,1
94306,2012-07-15,0.3441198600788293,0
94307,2012-07-15,0.37875931075364466,1
94308,2012-07-15,0.2306109787553024,0
94309,2012-07-15,0.371529178644163,1
94310,2012-07-15,0.580486552027258,1
94311,2012-07-15,0.2728062711187799,0
94312,2012-07-15,0.3766289608879136,0
94313,2012-07-15,0.3283779899562332,0
94314,2012-07-15,0.45224395853828775,0
94315,2012-07-15,0.21381414723280717,0
94316,2012-07-15,0.480839448863117,0
94317,2012-07-15,0.3890254647580927,1
94318,2012-07-15,0.3823126071829934,1
94319,2012-07-15,0.2052192080983362,0
94320,2012-07-15,0.5171166192644023,1
94321,2012-07-15,0.48778496737446875,0
94322,2012-07-15,0.4200194339511905,0
94323,2012-07-15,0.5345094451738311,0
94324,2012-07-15,0.41540691227175774,0
94325,2012-07-15,0.20178873684867696,0
94326,2012-07-15,0.369584468890034,0
94327,2012-07-15,0.4695567666950636,0
94328,2012-07-15,0.4607676525975336,0
94329,2012-07-15,0.4121827162838905,0
94330,2012-07-15,0.5476212350867499,1
94331,2012-07-15,0.6622915766049317,1
94332,2012-07-15,0.29335169088927326,0
94333,2012-07-15,0.4374268769711176,1
94334,2012-07-15,0.39248963770905,0
94335,2012-07-15,0.28064756563423815,1
94336,2012-07-15,0.28739849580260574,0
94337,2012-07-15,0.6022351996008569,1
94338,2012-07-15,0.6521226283563196,1
94339,2012-07-15,0.5229937976782824,0
94340,2012-07-15,0.13617482646740636,0
94341,2012-07-15,0.3083709671197673,1
94342,2012-07-15,0.35306302127954736,0
94343,2012-07-15,0.28243573979546904,0
94344,2012-07-15,0.3184296196703858,0
94345,2012-07-15,0.39359214235542095,1
94346,2012-07-15,0.1519181359911203,0
94347,2012-07-15,0.38946350174940586,1
94348,2012-07-15,0.286021249039568,0
94349,2012-07-15,0.6688709439464989,0
94350,2012-07-15,0.37198359901579087,1
94351,2012-07-15,0.3355051084131363,0
94352,2012-07-15,0.26589076183489846,0
94353,2012-07-15,0.4173424648761012,0
94354,2012-07-15,0.18224366612010875,0
94355,2012-07-15,0.2897686052483373,0
94356,2012-07-15,0.2875526843552166,0
94357,2012-07-15,0.36316228892112173,0
94358,2012-07-15,0.26956552494477243,0
94359,2012-07-15,0.5321200569725499,1
94360,2012-07-15,0.3270343627306582,0
94361,2012-07-15,0.2627007197378421,0
94362,2012-07-15,0.6087749261244161,0
94363,2012-07-15,0.34294601721201734,0
94364,2012-07-15,0.1997124620123817,0
94365,2012-07-15,0.5362430672784936,1
94366,2012-07-15,0.4068058207380473,1
94367,2012-07-15,0.4364610835040798,0
94368,2012-07-15,0.3691158036084053,1
94369,2012-07-15,0.392353794433125,0
94370,2012-07-15,0.3183856397187373,0
94371,2012-07-15,0.41854253468145275,0
94372,2012-07-15,0.4576762760633962,1
94373,2012-07-15,0.12582470003659377,1
94374,2012-07-15,0.32714321327901413,1
94375,2012-07-15,0.4445742861243654,1
94376,2012-07-15,0.5541806614795702,1
94377,2012-07-15,0.23207744540180278,0
94378,2012-07-15,0.20040820438127174,0
94379,2012-07-15,0.33588470987366537,0
94380,2012-07-15,0.20337072534866704,0
94381,2012-07-15,0.377374763505516,0
94382,2012-07-15,0.3881485112399877,1
94383,2012-07-15,0.19066531050663718,1
94384,2012-07-15,0.5575622700533952,1
94385,2012-07-15,0.4845682504792413,1
94386,2012-07-15,0.48966016604473545,1
94387,2012-07-15,0.6232138682043116,1
94388,2012-07-15,0.35503245565320574,0
94389,2012-07-15,0.2907943393387442,0
94390,2012-07-15,0.31580152515873605,0
94391,2012-07-15,0.425883367465098,1
94392,2012-07-15,0.6271600151430932,1
94393,2012-07-15,0.29346931406594157,0
94394,2012-07-15,0.3933766085432959,0
94395,2012-07-15,0.32243018962805686,0
94396,2012-07-15,0.2627724635670555,0
94397,2012-07-15,0.230850347613694,0
94398,2012-07-15,0.3025404286407327,0
94399,2012-07-15,0.5048224351459132,0
94400,2012-07-15,0.43504301625843944,1
94401,2012-07-15,0.21607499788542156,0
94402,2012-07-15,0.4576720917367114,0
94403,2012-07-15,0.5924114323691618,1
94404,2012-07-15,0.4275770476918801,0
94405,2012-07-15,0.354593736590162,1
94406,2012-07-15,0.33704055347249945,0
94407,2012-07-15,0.3387759662452731,1
94408,2012-07-15,0.21592844851790172,0
94409,2012-07-15,0.3696415034695428,1
94410,2012-07-15,0.5788849265226517,1
94411,2012-07-15,0.22301089076294262,0
94412,2012-07-15,0.16312764012260322,0
94413,2012-07-15,0.632142214511616,0
94414,2012-07-15,0.46360209216975773,1
94415,2012-07-15,0.3017928818109842,0
94416,2012-07-15,0.16844635424151197,0
94417,2012-07-15,0.3968434144108224,1
94418,2012-07-15,0.5663996159238677,1
94419,2012-07-15,0.4085222168064308,0
94420,2012-07-15,0.3757668274130102,1
94421,2012-07-15,0.2862368623755358,0
94422,2012-07-15,0.6374085035665972,0
94423,2012-07-15,0.41477630679787153,1
94424,2012-07-15,0.21207637029639131,0
94425,2012-07-15,0.5977610794960185,1
94426,2012-07-15,0.26388473656732575,1
94427,2012-07-15,0.38149269273669434,1
94428,2012-07-15,0.3082024269651823,1
94429,2012-07-15,0.24870783842869476,0
94430,2012-07-15,0.1268928462592886,0
94431,2012-07-15,0.4482006835239303,0
94432,2012-07-15,0.27511621212542786,0
94433,2012-07-15,0.3173086112785548,0
94434,2012-07-15,0.6512122812303489,1
94435,2012-07-15,0.3460461239383662,1
94436,2012-07-15,0.3879987831266297,1
94437,2012-07-15,0.2546963588447266,0
94438,2012-07-15,0.4511203073736963,0
94439,2012-07-15,0.396595201593221,1
94440,2012-07-15,0.35164934018474714,0
94441,2012-07-15,0.27653937009114704,1
94442,2012-07-15,0.2467043916050798,1
94443,2012-07-15,0.17918887786369292,1
94444,2012-07-15,0.487876662933665,0
94445,2012-07-15,0.1841780210886241,0
94446,2012-07-15,0.23611582041698972,0
94447,2012-07-15,0.555652758285123,1
94448,2012-07-15,0.4198488933273378,0
94449,2012-07-15,0.35280563948977756,0
94450,2012-07-15,0.37246359245066973,1
94451,2012-07-15,0.6092980733833194,1
94452,2012-07-15,0.11605562448103263,0
94453,2012-07-15,0.18275279679837036,0
94454,2012-07-15,0.4213449292371801,0
94455,2012-07-15,0.19246615814096005,0
94456,2012-07-15,0.39754584897937906,0
94457,2012-07-15,0.4854986234154811,0
94458,2012-07-15,0.3249466716891078,0
94459,2012-07-15,0.2935925983721926,1
94460,2012-07-15,0.5050799897139145,1
94461,2012-07-15,0.3967039810749148,0
94462,2012-07-15,0.4132603573247774,1
94463,2012-07-15,0.12271049730746235,0
94464,2012-07-15,0.280024361117962,0
94465,2012-07-15,0.4001585317246181,1
94466,2012-07-15,0.4143314236225085,0
94467,2012-07-15,0.33675748735713906,0
94468,2012-07-15,0.3354388661754744,0
94469,2012-07-15,0.45376893952923153,1
94470,2012-07-15,0.5001782322890646,1
94471,2012-07-15,0.4535890715265588,1
94472,2012-07-15,0.10967633250875815,1
94473,2012-07-15,0.5598929749838513,0
94474,2012-07-15,0.37007950954237523,0
94475,2012-07-15,0.48257958611303897,0
94476,2012-07-15,0.22283979596181844,0
94477,2012-07-15,0.25600420750716624,0
94478,2012-07-15,0.27785963553149723,0
94479,2012-07-15,0.3616662734923366,1
94480,2012-07-15,0.4174076372169319,0
94481,2012-07-15,0.4550122411916167,0
94482,2012-07-15,0.49557497971061315,1
94483,2012-07-15,0.612629924675654,0
94484,2012-07-15,0.5456828008916832,1
94485,2012-07-15,0.13730309958444722,0
94486,2012-07-15,0.40575852690505954,1
94487,2012-07-15,0.42043288264238954,1
94488,2012-07-15,0.3746326263492223,0
94489,2012-07-15,0.27094807859354686,0
94490,2012-07-15,0.15887073131843857,0
94491,2012-07-15,0.5229040455920941,0
94492,2012-07-15,0.28822629443576353,0
94493,2012-07-15,0.376521168465126,0
94494,2012-07-15,0.38199532036746636,0
94495,2012-07-15,0.5922485508375517,1
94496,2012-07-15,0.13597436301138718,0
94497,2012-07-15,0.31553585631932657,0
94498,2012-07-15,0.6210532455426316,0
94499,2012-07-15,0.366521637125705,0
94500,2012-07-15,0.4098706620666665,1
94501,2012-07-15,0.3160766421381171,0
94502,2012-07-15,0.39093133788938517,0
94503,2012-07-15,0.4728660916924014,1
94504,2012-07-15,0.2881892997493175,0
94505,2012-07-15,0.4201410503163991,0
94506,2012-07-15,0.36667670142294745,0
94507,2012-07-15,0.530352806239326,0
94508,2012-07-15,0.3855995201636941,1
94509,2012-07-15,0.4239123938876412,1
94510,2012-07-15,0.6309544980363087,0
94511,2012-07-15,0.40347087947144955,0
94512,2012-07-15,0.2735439035079049,1
94513,2012-07-15,0.45557507921433615,0
94514,2012-07-15,0.3006505761729063,0
94515,2012-07-15,0.29264304264490293,0
94516,2012-07-15,0.2717409847017321,0
94517,2012-07-15,0.4617716468426135,0
94518,2012-07-15,0.5541225594947135,0
94519,2012-07-15,0.34406315172872665,0
94520,2012-07-15,0.3977960204548829,0
94521,2012-07-15,0.2079387634353607,0
94522,2012-07-15,0.5351996968045565,0
94523,2012-07-15,0.7054763030402252,1
94524,2012-07-15,0.28495709391125507,0
94525,2012-07-15,0.22029236598733987,0
94526,2012-07-15,0.3117218750629064,0
94527,2012-07-15,0.20465255020761022,0
94528,2012-07-15,0.4864831720022138,0
94529,2012-07-15,0.36331889491657876,1
94530,2012-07-15,0.35500587197905714,1
94531,2012-07-15,0.26695314857525065,1
94532,2012-07-15,0.46042142141727743,1
94533,2012-07-15,0.42641942104066827,0
94534,2012-07-15,0.2008143159090688,0
94535,2012-07-15,0.19396135095451877,0
94536,2012-07-15,0.24974843405402417,0
94537,2012-07-15,0.5233995129854319,1
94538,2012-07-15,0.41414951350161777,0
94539,2012-07-15,0.4747777686666832,1
94540,2012-07-15,0.3671737302724985,1
94541,2012-07-15,0.33551887955910786,1
94542,2012-07-15,0.4983024964294455,1
94543,2012-07-15,0.31382280732653917,0
94544,2012-07-15,0.3613395907647627,0
94545,2012-07-15,0.41560617996924226,0
94546,2012-07-15,0.3296130392318339,1
94547,2012-07-15,0.27480781500358503,1
94548,2012-07-15,0.3765431194316949,0
94549,2012-07-15,0.3914332622592325,0
94550,2012-07-15,0.5416940934047515,0
94551,2012-07-15,0.3070014758618274,1
94552,2012-07-15,0.31901075192381256,0
94553,2012-07-15,0.43825297700009225,0
94554,2012-07-15,0.4906400791092196,1
94555,2012-07-15,0.3900926219324641,0
94556,2012-07-15,0.4073308132660576,0
94557,2012-07-15,0.33024817433736914,0
94558,2012-07-15,0.34339516813828175,0
94559,2012-07-15,0.37535417281316097,0
94560,2012-07-15,0.40180413614922106,0
94561,2012-07-15,0.6368125717124554,1
94562,2012-07-15,0.17426135782974247,0
94563,2012-07-15,0.34550563365043024,0
94564,2012-07-15,0.3654039408108185,0
94565,2012-07-15,0.658063756767453,0
94566,2012-07-15,0.19773132493544987,0
94567,2012-07-15,0.435610635737048,1
94568,2012-07-15,0.26294726340842717,1
94569,2012-07-15,0.41877945669297895,1
94570,2012-07-15,0.41618267063659004,0
94571,2012-07-15,0.2784125075633053,0
94572,2012-07-15,0.3536295735601451,0
94573,2012-07-15,0.5493306864927082,0
94574,2012-07-15,0.38212931176848564,0
94575,2012-07-15,0.3680678453424221,0
94576,2012-07-15,0.27489739718173456,0
94577,2012-07-15,0.3743181114197713,0
94578,2012-07-15,0.4664017779230464,1
94579,2012-07-15,0.4664017779230464,0
94580,2012-07-15,0.46087377248456957,0
94581,2012-07-15,0.31849819920249134,1
94582,2012-07-15,0.2889334636060892,0
94583,2012-07-15,0.5618412842829501,1
94584,2012-07-15,0.44414338246429064,1
94585,2012-07-15,0.22392812807224743,1
94586,2012-07-15,0.4379786438920797,1
94587,2012-07-15,0.44396919414792935,0
94588,2012-07-15,0.12720826039797836,0
94589,2012-07-15,0.6671957171956023,1
94590,2012-07-15,0.5013433074504554,1
94591,2012-07-15,0.3853925029339261,0
94592,2012-07-15,0.47748313421792665,1
94593,2012-07-15,0.2303432017818564,0
94594,2012-07-15,0.413606462448488,1
94595,2012-07-15,0.28272116502872857,0
94596,2012-07-15,0.4200284933931096,0
94597,2012-07-15,0.18604743172577892,0
94598,2012-07-15,0.30780783724010874,0
94599,2012-07-15,0.302052249078002,0
94600,2012-07-15,0.2878255637963367,1
94601,2012-07-15,0.32866626327451254,0
94602,2012-07-15,0.5561998855131867,0
94603,2012-07-15,0.11995415534859996,0
94604,2012-07-15,0.46297143395178075,1
94605,2012-07-15,0.5672790426529212,0
94606,2012-07-15,0.29151689520903973,0
94607,2012-07-15,0.5210422477202683,1
94608,2012-07-15,0.4115444488315773,0
94609,2012-07-15,0.1384633994613786,0
94610,2012-07-15,0.45640273641081597,1
94611,2012-07-15,0.38689994447701326,0
94612,2012-07-15,0.3986520629149503,1
94613,2012-07-15,0.6686895958316704,0
94614,2012-07-15,0.27227589847691436,0
94615,2012-07-15,0.3377906811256394,1
94616,2012-07-15,0.4315306060588296,0
94617,2012-07-15,0.5125247986588243,1
94618,2012-07-15,0.548573565331221,1
94619,2012-07-15,0.5063494979293026,0
94620,2012-07-15,0.4157052197442271,0
94621,2012-07-15,0.19200192535559293,0
94622,2012-07-15,0.5146051806506122,1
94623,2012-07-15,0.4969436895224443,1
94624,2012-07-15,0.3556909790364317,1
94625,2012-07-15,0.48464819361076594,1
94626,2012-07-15,0.35239356980114794,1
94627,2012-07-15,0.23698863061832426,0
94628,2012-07-15,0.3439656940277517,1
94629,2012-07-15,0.21305152395209287,0
94630,2012-07-15,0.35439447867666013,0
94631,2012-07-15,0.380606544588495,1
94632,2012-07-15,0.5346194669993528,1
94633,2012-07-15,0.5523476094227665,0
94634,2012-07-15,0.23969765615472707,0
94635,2012-07-15,0.5966113719751646,0
94636,2012-07-15,0.21632033256313704,0
94637,2012-07-15,0.4106597564502385,0
94638,2012-07-15,0.5806050117784203,1
94639,2012-07-15,0.4653351150237875,1
94640,2012-07-15,0.5118711590407938,1
94641,2012-07-15,0.4254884169504946,0
94642,2012-07-15,0.3302560503925323,1
94643,2012-07-15,0.2563834462919896,0
94644,2012-07-15,0.44359090885023295,0
94645,2012-07-15,0.18701562290267215,0
94646,2012-07-15,0.46475098635140033,0
94647,2012-07-15,0.10610391977847045,0
94648,2012-07-15,0.3926733679666405,0
94649,2012-07-15,0.5889653966483097,1
94650,2012-07-15,0.27716979591125934,1
94651,2012-07-15,0.21397803185713038,0
94652,2012-07-15,0.5738128540603592,0
94653,2012-07-15,0.45783063093686105,0
94654,2012-07-15,0.550502819885971,1
94655,2012-07-15,0.5984929251006461,1
94656,2012-07-15,0.24352944595268666,0
94657,2012-07-15,0.4646610618660492,1
94658,2012-07-15,0.3907572568923828,0
94659,2012-07-15,0.312110225716039,1
94660,2012-07-15,0.2266728823595867,0
94661,2012-07-15,0.45661790338097097,0
94662,2012-07-15,0.45284771761927245,1
94663,2012-07-15,0.291319442387826,0
94664,2012-07-15,0.3981938375661235,0
94665,2012-07-15,0.2912801234773912,0
94666,2012-07-15,0.4248099905640572,0
94667,2012-07-15,0.607756222188787,1
94668,2012-07-15,0.3946623866793858,0
94669,2012-07-15,0.568575161876544,0
94670,2012-07-15,0.3865879086252526,0
94671,2012-07-15,0.5075467604947932,1
94672,2012-07-15,0.24892923326051192,1
94673,2012-07-15,0.38145733306007207,0
94674,2012-07-15,0.21412408308552078,0
94675,2012-07-15,0.4052111012923853,0
94676,2012-07-15,0.5343307801440386,0
94677,2012-07-15,0.3450696733373149,1
94678,2012-07-15,0.19598474879945277,0
94679,2012-07-15,0.22004885898316298,0
94680,2012-07-15,0.6328151007124394,1
94681,2012-07-15,0.46858901937076924,0
94682,2012-07-15,0.3675474369395078,1
94683,2012-07-15,0.367442858824202,0
94684,2012-07-15,0.37828170296693664,1
94685,2012-07-15,0.40086183487623195,0
94686,2012-07-15,0.38857268033065256,1
94687,2012-07-15,0.2489889741347736,0
94688,2012-07-15,0.541488680038864,1
94689,2012-07-15,0.44896850235045216,0
94690,2012-07-15,0.21869803600115664,0
94691,2012-07-15,0.19848749653630224,0
94692,2012-07-15,0.23796045115733397,1
94693,2012-07-15,0.4553527357773597,0
94694,2012-07-15,0.3795204114859395,1
94695,2012-07-15,0.45981393689074107,0
94696,2012-07-15,0.46293423852285437,1
94697,2012-07-15,0.5449159500783605,0
94698,2012-07-15,0.4426115568933027,0
94699,2012-07-15,0.20978746718442165,1
94700,2012-07-15,0.28926565704904544,1
94701,2012-07-15,0.3386641215489582,0
94702,2012-07-15,0.2504832205459435,1
94703,2012-07-15,0.3880128599045709,1
94704,2012-07-15,0.398571363094369,1
94705,2012-07-15,0.5661786557512668,0
94706,2012-07-15,0.4772590624166419,0
94707,2012-07-15,0.09051691991208352,0
94708,2012-07-15,0.3906590988439202,0
94709,2012-07-15,0.31298264138874266,0
94710,2012-07-15,0.34212730771969674,0
94711,2012-07-15,0.22034654098469245,1
94712,2012-07-15,0.37655255674528126,0
94713,2012-07-15,0.1889633038430442,0
94714,2012-07-15,0.297492701258606,0
94715,2012-07-15,0.4332443027702339,1
94716,2012-07-15,0.444631854004848,1
94717,2012-07-15,0.4322775891016084,0
94718,2012-07-15,0.5041553129738587,1
94719,2012-07-15,0.4505142372110031,0
94720,2012-07-15,0.36307819681026277,0
94721,2012-07-15,0.5444752346685884,0
94722,2012-07-15,0.2611576338464943,1
94723,2012-07-15,0.4398532436393569,1
94724,2012-07-15,0.6407571606179923,0
94725,2012-07-15,0.45858970104035834,0
94726,2012-07-15,0.5041216365428828,0
94727,2012-07-15,0.37557656191178707,1
94728,2012-07-15,0.26752983007863984,0
94729,2012-07-15,0.49334355763815796,0
94730,2012-07-15,0.4946016488794759,1
94731,2012-07-15,0.2809177342541474,0
94732,2012-07-15,0.25695267459221266,0
94733,2012-07-15,0.2327005124485608,0
94734,2012-07-15,0.6140300724053774,0
94735,2012-07-15,0.6295204113489998,1
94736,2012-07-15,0.451203333107845,0
94737,2012-07-15,0.34510688737873324,0
94738,2012-07-15,0.2663408992295993,0
94739,2012-07-15,0.48568536844960475,1
94740,2012-07-15,0.17774963459501028,1
94741,2012-07-15,0.2877052656642035,1
94742,2012-07-15,0.40044986427302565,0
94743,2012-07-15,0.47426632160648996,0
94744,2012-07-15,0.49890383177105696,0
94745,2012-07-15,0.49547863622472826,1
94746,2012-07-15,0.16100116191311778,1
94747,2012-07-15,0.5602278184112169,1
94748,2012-07-15,0.24440343971505454,0
94749,2012-07-15,0.4520747273102444,0
94750,2012-07-15,0.3314056224608563,1
94751,2012-07-15,0.5745917199994273,1
94752,2012-07-15,0.47078840263865956,1
94753,2012-07-15,0.08832920944071401,0
94754,2012-07-15,0.3383825187042231,0
94755,2012-07-15,0.4556580249357444,1
94756,2012-07-15,0.4904151495178535,0
94757,2012-07-15,0.45956023993123035,1
94758,2012-07-15,0.20647351340578998,1
94759,2012-07-15,0.323915509648546,0
94760,2012-07-15,0.24341025211144132,0
94761,2012-07-15,0.166095876305481,0
94762,2012-07-15,0.5220532654261666,0
94763,2012-07-15,0.4004628526990812,0
94764,2012-07-15,0.35170925990479796,0
94765,2012-07-15,0.48536823979845783,0
94766,2012-07-15,0.41585992594357507,0
94767,2012-07-15,0.36932518494304645,1
94768,2012-07-15,0.595717348430288,1
94769,2012-07-15,0.48135273778924637,1
94770,2012-07-15,0.5721153534716175,1
94771,2012-07-15,0.35038341755356395,1
94772,2012-07-15,0.3438832264912449,1
94773,2012-07-15,0.6682046874417992,0
94774,2012-07-15,0.23758676181718255,0
94775,2012-07-15,0.5736543780631702,0
94776,2012-07-15,0.37470984726347534,0
94777,2012-07-15,0.30352415210040845,1
94778,2012-07-15,0.30938708902185474,0
94779,2012-07-15,0.4541251756984239,1
94780,2012-07-15,0.41734771528834025,0
94781,2012-07-15,0.36892559093045957,0
94782,2012-07-15,0.566908494910134,1
94783,2012-07-15,0.4170625541465892,1
94784,2012-07-15,0.37132148973376095,1
94785,2012-07-15,0.33905921957632507,1
94786,2012-07-15,0.4923540883238673,1
94787,2012-07-15,0.40117587832069357,0
94788,2012-07-15,0.4745721233962569,1
94789,2012-07-15,0.2691139129910656,1
94790,2012-07-15,0.44163674093084787,1
94791,2012-07-15,0.3231384236548632,0
94792,2012-07-15,0.32620619091867037,0
94793,2012-07-15,0.39137866960555384,1
94794,2012-07-15,0.32399843825057184,1
94795,2012-07-15,0.35785170842891034,0
94796,2012-07-15,0.5823560776498631,0
94797,2012-07-15,0.6333746760570996,1
94798,2012-07-15,0.17604970227679842,0
94799,2012-07-15,0.6501570658952169,0
94800,2012-07-15,0.3181582111060248,1
94801,2012-07-15,0.5449432666538049,0
94802,2012-07-15,0.5361529582507581,0
94803,2012-07-15,0.4582160126718661,1
94804,2012-07-15,0.5175065266581722,1
94805,2012-07-15,0.276684204626773,0
94806,2012-07-15,0.5474060881599636,1
94807,2012-07-15,0.4258821303509701,0
94808,2012-07-15,0.2790324172147421,0
94809,2012-07-15,0.3360783849691239,0
94810,2012-07-15,0.21284176090790133,0
94811,2012-07-15,0.30590521329221965,0
94812,2012-07-15,0.32368898445685784,0
94813,2012-07-15,0.2551671358903544,0
94814,2012-07-15,0.28298917746566227,0
94815,2012-07-15,0.1724853577606617,0
94816,2012-07-15,0.3286121398710385,0
94817,2012-07-15,0.4085466154796821,1
94818,2012-07-15,0.5453741651821187,0
94819,2012-07-15,0.3312794503040018,1
94820,2012-07-15,0.20343228517624634,0
94821,2012-07-15,0.31452470205740574,1
94822,2012-07-15,0.33346553670550255,1
94823,2012-07-15,0.42226133682028166,0
94824,2012-07-15,0.20098349033798804,0
94825,2012-07-15,0.4282619038754657,1
94826,2012-07-15,0.4431611555472886,1
94827,2012-07-15,0.4437423469050571,0
94828,2012-07-15,0.5555014865375987,1
94829,2012-07-15,0.44688533836913824,1
94830,2012-07-15,0.41531570775739457,1
94831,2012-07-15,0.47541660881219705,0
94832,2012-07-15,0.554947970843223,1
94833,2012-07-15,0.28061846182171124,0
94834,2012-07-15,0.3622617829247439,1
94835,2012-07-15,0.6294178187722963,1
94836,2012-07-15,0.2938770012392592,0
94837,2012-07-15,0.4544039021298967,0
94838,2012-07-15,0.26448504362015773,0
94839,2012-07-15,0.3569449972103098,0
94840,2012-07-15,0.6244128090001063,0
94841,2012-07-15,0.13661048222592723,0
94842,2012-07-15,0.16202241456872216,0
94843,2012-07-15,0.26884479578910586,0
94844,2012-07-15,0.5565364269299243,1
94845,2012-07-16,0.2807034456085993,0
94846,2012-07-16,0.42413373998905113,0
94847,2012-07-16,0.3250978055860012,0
94848,2012-07-16,0.3130089334860382,0
94849,2012-07-16,0.5000760059020704,1
94850,2012-07-16,0.20770889797987552,0
94851,2012-07-16,0.43694212741187705,1
94852,2012-07-16,0.2810670189392283,0
94853,2012-07-16,0.6147481016960692,0
94854,2012-07-16,0.482026439970619,0
94855,2012-07-16,0.42048069268325905,1
94856,2012-07-16,0.3898306351805658,0
94857,2012-07-16,0.3622327185357741,0
94858,2012-07-16,0.23651733479288206,0
94859,2012-07-16,0.1495472005183956,0
94860,2012-07-16,0.5399827271767815,1
94861,2012-07-16,0.25983131097563805,0
94862,2012-07-16,0.3683872648734203,1
94863,2012-07-16,0.3127509205845626,0
94864,2012-07-16,0.48197629824843724,1
94865,2012-07-16,0.31495930347024914,0
94866,2012-07-16,0.3804151992170426,1
94867,2012-07-16,0.4756958422564783,1
94868,2012-07-16,0.10173885755971634,0
94869,2012-07-16,0.4900943727217308,1
94870,2012-07-16,0.41662779870659683,1
94871,2012-07-16,0.3798408582015491,1
94872,2012-07-16,0.3811563232145762,1
94873,2012-07-16,0.4871795933471559,0
94874,2012-07-16,0.24539429833431203,0
94875,2012-07-16,0.3758011844529574,0
94876,2012-07-16,0.42572377516661325,0
94877,2012-07-16,0.4410518523190956,0
94878,2012-07-16,0.5138698748792453,1
94879,2012-07-16,0.4589966475285998,1
94880,2012-07-16,0.30542639716365877,1
94881,2012-07-16,0.2603864659930223,1
94882,2012-07-16,0.33205908249482835,0
94883,2012-07-16,0.44503590131503407,0
94884,2012-07-16,0.3627480869698132,1
94885,2012-07-16,0.37639244603705535,1
94886,2012-07-16,0.5566603869942857,0
94887,2012-07-16,0.11673587286532337,0
94888,2012-07-16,0.6588500615969887,1
94889,2012-07-16,0.46027905699843014,1
94890,2012-07-16,0.42233721815182107,0
94891,2012-07-16,0.5394923741659847,1
94892,2012-07-16,0.4746194566795516,1
94893,2012-07-16,0.4714849512967923,0
94894,2012-07-16,0.36439179288945733,1
94895,2012-07-16,0.29378530077851855,1
94896,2012-07-16,0.3051139229520011,0
94897,2012-07-16,0.34014920384309705,1
94898,2012-07-16,0.3426648786521998,0
94899,2012-07-16,0.31469182375388,0
94900,2012-07-16,0.2806767168424564,1
94901,2012-07-16,0.3652465266014737,0
94902,2012-07-16,0.38261663351035413,1
94903,2012-07-16,0.5257762243009504,1
94904,2012-07-16,0.29692519929850697,0
94905,2012-07-16,0.32462336210394244,1
94906,2012-07-16,0.34981500791613224,0
94907,2012-07-16,0.29542740754967844,1
94908,2012-07-16,0.5542453465366072,0
94909,2012-07-16,0.6052533052957246,0
94910,2012-07-16,0.21229996768472406,0
94911,2012-07-16,0.4175356689795483,0
94912,2012-07-16,0.609170594426776,1
94913,2012-07-16,0.2843558009446074,1
94914,2012-07-16,0.3960791415451686,0
94915,2012-07-16,0.15788165741442217,0
94916,2012-07-16,0.5528174407096771,1
94917,2012-07-16,0.3778649307831783,0
94918,2012-07-16,0.56388171573571,1
94919,2012-07-16,0.36492328550599673,0
94920,2012-07-16,0.3873535072014214,0
94921,2012-07-16,0.26540547848157736,0
94922,2012-07-16,0.30313825825002483,1
94923,2012-07-16,0.27754093448730044,0
94924,2012-07-16,0.38349537331499906,1
94925,2012-07-16,0.44260047832784294,0
94926,2012-07-16,0.49710902539565444,1
94927,2012-07-16,0.5023031588930367,0
94928,2012-07-16,0.3298214192651993,0
94929,2012-07-16,0.2978710129225061,0
94930,2012-07-16,0.3368248724354452,0
94931,2012-07-16,0.4934687805561235,0
94932,2012-07-16,0.49461688116652247,0
94933,2012-07-16,0.2742799742412612,1
94934,2012-07-16,0.21212994863618112,0
94935,2012-07-16,0.43991159131844837,1
94936,2012-07-16,0.49857169802538676,0
94937,2012-07-16,0.15332975302802498,0
94938,2012-07-16,0.4370076951992238,0
94939,2012-07-16,0.4951196094682539,1
94940,2012-07-16,0.2673721578187054,0
94941,2012-07-16,0.21921078887712347,0
94942,2012-07-16,0.36348251650918423,0
94943,2012-07-16,0.380090104035876,0
94944,2012-07-16,0.3841510573053587,0
94945,2012-07-16,0.43594063998111554,1
94946,2012-07-16,0.29193121555948065,0
94947,2012-07-16,0.5022674289488707,0
94948,2012-07-16,0.44872128087107044,0
94949,2012-07-16,0.36116109989458256,0
94950,2012-07-16,0.6308663098113885,0
94951,2012-07-16,0.473329527835728,0
94952,2012-07-16,0.38540497857169925,0
94953,2012-07-16,0.506565763290345,0
94954,2012-07-16,0.25369790265764136,0
94955,2012-07-16,0.3551703853283106,1
94956,2012-07-16,0.3097106029040772,1
94957,2012-07-16,0.4641643458707313,0
94958,2012-07-16,0.40855530370459975,0
94959,2012-07-16,0.5083032981634542,0
94960,2012-07-16,0.45179243904574196,0
94961,2012-07-16,0.19148626179675282,0
94962,2012-07-16,0.4159957648131413,0
94963,2012-07-16,0.3429851899609791,0
94964,2012-07-16,0.5003361660303589,1
94965,2012-07-16,0.5086471516664357,1
94966,2012-07-16,0.34712735787423277,0
94967,2012-07-16,0.3960268490269186,0
94968,2012-07-16,0.2440668601599905,0
94969,2012-07-16,0.3620312291607582,0
94970,2012-07-16,0.4809144115725073,1
94971,2012-07-16,0.47090914144329554,0
94972,2012-07-16,0.381583836247964,0
94973,2012-07-16,0.19422395106667473,0
94974,2012-07-16,0.31155508895525963,1
94975,2012-07-16,0.5787095995805982,0
94976,2012-07-16,0.34979472284197216,0
94977,2012-07-16,0.18650848925412442,0
94978,2012-07-16,0.45689045484211327,0
94979,2012-07-16,0.337480063014547,0
94980,2012-07-16,0.41560915451591374,1
94981,2012-07-16,0.47672431857698355,1
94982,2012-07-16,0.43343633778803903,1
94983,2012-07-16,0.2947503533246169,0
94984,2012-07-16,0.22454904220472957,0
94985,2012-07-16,0.3651017321106063,0
94986,2012-07-16,0.1891636537955011,1
94987,2012-07-16,0.29668824698110297,0
94988,2012-07-16,0.30942034053529655,0
94989,2012-07-16,0.3587791748905282,0
94990,2012-07-16,0.334051092989266,0
94991,2012-07-16,0.22423264534326065,0
94992,2012-07-16,0.3117577821983814,0
94993,2012-07-16,0.26150180862211303,1
94994,2012-07-16,0.6113833913087879,1
94995,2012-07-16,0.6264974400702606,1
94996,2012-07-16,0.4012034102071668,0
94997,2012-07-16,0.4488074860682363,1
94998,2012-07-16,0.645361601323605,1
94999,2012-07-16,0.40816919817427866,0
95000,2012-07-16,0.48262256293116446,1
95001,2012-07-16,0.4598918497209045,1
95002,2012-07-16,0.4283549663015587,1
95003,2012-07-16,0.425678309183437,1
95004,2012-07-16,0.32321046572323897,1
95005,2012-07-16,0.6189028190301398,1
95006,2012-07-16,0.3632898990145055,1
95007,2012-07-16,0.31368330822541807,0
95008,2012-07-16,0.3446368838500331,1
95009,2012-07-16,0.5199880224632434,1
95010,2012-07-16,0.5740017106960746,1
95011,2012-07-16,0.33484206871969724,0
95012,2012-07-16,0.43831808207575873,1
95013,2012-07-16,0.44808905051690456,0
95014,2012-07-16,0.5653541281264067,0
95015,2012-07-16,0.41662445623069727,1
95016,2012-07-16,0.5537794405046411,1
95017,2012-07-16,0.38712496579854777,1
95018,2012-07-16,0.4603443209595333,0
95019,2012-07-16,0.5080071105867519,0
95020,2012-07-16,0.4152388618317504,0
95021,2012-07-16,0.4258120973793296,0
95022,2012-07-16,0.44594886862273125,1
95023,2012-07-16,0.49362284207927426,0
95024,2012-07-16,0.2463668439464446,1
95025,2012-07-16,0.6947956968582681,1
95026,2012-07-16,0.410274556717155,0
95027,2012-07-16,0.21332891572488866,0
95028,2012-07-16,0.5263969399883756,0
95029,2012-07-16,0.17788169880283888,0
95030,2012-07-16,0.5067295312857603,1
95031,2012-07-16,0.36914085049648654,1
95032,2012-07-16,0.37998953324941137,1
95033,2012-07-16,0.2176046021368201,0
95034,2012-07-16,0.39691453921840164,1
95035,2012-07-16,0.41931804013289486,0
95036,2012-07-16,0.45697524722536537,0
95037,2012-07-16,0.36040502181070505,0
95038,2012-07-16,0.24602080536581694,0
95039,2012-07-16,0.46623946538451094,1
95040,2012-07-16,0.49740129300389857,0
95041,2012-07-16,0.5543354495777478,0
95042,2012-07-16,0.3593578022550937,1
95043,2012-07-16,0.2781658528779781,1
95044,2012-07-16,0.4080806831649726,1
95045,2012-07-16,0.4667666884456554,1
95046,2012-07-16,0.28601305776289726,0
95047,2012-07-16,0.4894414233177973,0
95048,2012-07-16,0.5124389501135532,1
95049,2012-07-16,0.43120072954502375,0
95050,2012-07-16,0.460844310449972,1
95051,2012-07-16,0.3462062173822674,0
95052,2012-07-16,0.5064005928636425,0
95053,2012-07-16,0.46289230853921964,1
95054,2012-07-16,0.3343906697362489,0
95055,2012-07-16,0.20316748831674117,1
95056,2012-07-16,0.2987774346934252,0
95057,2012-07-16,0.5189888212016123,0
95058,2012-07-16,0.29030429357747556,0
95059,2012-07-16,0.5349870759770713,1
95060,2012-07-16,0.427713843884653,1
95061,2012-07-16,0.3043553069624495,1
95062,2012-07-16,0.4571426224620939,1
95063,2012-07-16,0.4390357134341773,0
95064,2012-07-16,0.2966578499086419,0
95065,2012-07-16,0.4967582914030447,1
95066,2012-07-16,0.4176814117773621,0
95067,2012-07-16,0.3282968478708444,1
95068,2012-07-16,0.2362374131570588,0
95069,2012-07-16,0.34324583305365164,0
95070,2012-07-16,0.2016061485859222,0
95071,2012-07-16,0.4418450792113644,1
95072,2012-07-16,0.19823751587996588,0
95073,2012-07-16,0.3464644543323199,0
95074,2012-07-16,0.32465322401657076,0
95075,2012-07-16,0.33402541253060763,0
95076,2012-07-16,0.3032433007023761,0
95077,2012-07-16,0.40159325041777866,1
95078,2012-07-16,0.4582092091311128,0
95079,2012-07-16,0.2728813039254411,1
95080,2012-07-16,0.2972600919232801,0
95081,2012-07-16,0.33452818686128444,1
95082,2012-07-16,0.5559365153800857,1
95083,2012-07-16,0.30615294107527974,1
95084,2012-07-16,0.3051099023004571,0
95085,2012-07-16,0.5325203430648692,1
95086,2012-07-16,0.33244545532638203,1
95087,2012-07-16,0.19074499475586718,0
95088,2012-07-16,0.2897499812390339,0
95089,2012-07-16,0.3004944191561835,0
95090,2012-07-16,0.3164672967888599,1
95091,2012-07-16,0.4771857762371069,1
95092,2012-07-16,0.6493030884541585,1
95093,2012-07-16,0.23040163158653865,0
95094,2012-07-16,0.3633771491660457,0
95095,2012-07-16,0.46000321211561546,0
95096,2012-07-16,0.24862567211342787,1
95097,2012-07-16,0.44569046378207616,1
95098,2012-07-16,0.45042534068638085,0
95099,2012-07-16,0.1934637018638393,1
95100,2012-07-16,0.3968761091908653,1
95101,2012-07-16,0.3273165307945805,1
95102,2012-07-16,0.42605363365494764,1
95103,2012-07-16,0.30954507526653835,0
95104,2012-07-16,0.5152313571675721,1
95105,2012-07-16,0.40012717208561904,0
95106,2012-07-16,0.6793250090695121,1
95107,2012-07-16,0.33447461061616535,0
95108,2012-07-16,0.18419552319933039,0
95109,2012-07-16,0.37667616638630214,0
95110,2012-07-16,0.4519597796490575,0
95111,2012-07-16,0.27043806352203986,0
95112,2012-07-16,0.15051835453688314,0
95113,2012-07-16,0.3890785609727772,0
95114,2012-07-16,0.6000524481471539,1
95115,2012-07-16,0.2013874712678034,0
95116,2012-07-16,0.3282268072353481,1
95117,2012-07-16,0.3262192392074219,0
95118,2012-07-16,0.4535310559461528,1
95119,2012-07-16,0.5724825586331748,0
95120,2012-07-16,0.4311381814335168,0
95121,2012-07-16,0.4906102359006399,1
95122,2012-07-16,0.3662539704595187,1
95123,2012-07-16,0.43220556501610813,1
95124,2012-07-16,0.35864009400863045,1
95125,2012-07-16,0.17670584105436382,0
95126,2012-07-16,0.3415131444066568,0
95127,2012-07-16,0.2382752919571597,0
95128,2012-07-16,0.39895128813184133,0
95129,2012-07-16,0.45774664297481116,1
95130,2012-07-16,0.20759635012862476,1
95131,2012-07-16,0.35556929486174604,0
95132,2012-07-16,0.43256999492037856,0
95133,2012-07-16,0.4970614632941861,0
95134,2012-07-16,0.5483406659840674,1
95135,2012-07-16,0.44231613273517273,1
95136,2012-07-16,0.23479450321640882,1
95137,2012-07-16,0.24944639046378586,1
95138,2012-07-16,0.35315499232641234,0
95139,2012-07-16,0.2724788668899515,0
95140,2012-07-16,0.32407575300748387,1
95141,2012-07-16,0.5433690104104275,1
95142,2012-07-16,0.19318129001958684,0
95143,2012-07-16,0.3919350012164379,0
95144,2012-07-16,0.5052785694241706,1
95145,2012-07-16,0.5221552153429975,1
95146,2012-07-16,0.44625415521797845,0
95147,2012-07-16,0.329424076547251,0
95148,2012-07-16,0.3468351560087352,1
95149,2012-07-16,0.5699232260378542,1
95150,2012-07-16,0.21598356663318563,0
95151,2012-07-16,0.4197862583586468,1
95152,2012-07-16,0.44577661690126735,0
95153,2012-07-16,0.2301031308729306,0
95154,2012-07-16,0.36927896530492704,0
95155,2012-07-16,0.46280147894799356,0
95156,2012-07-16,0.5817570116375576,0
95157,2012-07-16,0.6031632732612925,1
95158,2012-07-16,0.3124680096684052,0
95159,2012-07-16,0.2675508285517761,0
95160,2012-07-16,0.4669680326447541,0
95161,2012-07-16,0.526546798510924,0
95162,2012-07-16,0.4447327522727907,1
95163,2012-07-16,0.43930158732126756,0
95164,2012-07-16,0.5517848995989159,0
95165,2012-07-16,0.41698782687608604,0
95166,2012-07-16,0.497182433977187,0
95167,2012-07-16,0.2821608073258416,0
95168,2012-07-16,0.27465615719282716,1
95169,2012-07-16,0.48094828138483764,0
95170,2012-07-16,0.3416085769861474,0
95171,2012-07-16,0.3856710059007944,0
95172,2012-07-16,0.5428809670017319,1
95173,2012-07-16,0.2902295342346904,1
95174,2012-07-16,0.41404375781878766,1
95175,2012-07-16,0.3767468423781601,0
95176,2012-07-16,0.45020903040949684,0
95177,2012-07-16,0.28043134963736355,1
95178,2012-07-16,0.44678055154766494,0
95179,2012-07-16,0.3936824133513868,0
95180,2012-07-16,0.47780274783113197,0
95181,2012-07-16,0.33291491046395977,1
95182,2012-07-16,0.2123405232972779,0
95183,2012-07-16,0.26957031873449416,1
95184,2012-07-16,0.30591469727233905,1
95185,2012-07-16,0.294253275379865,0
95186,2012-07-16,0.3171406864838345,0
95187,2012-07-16,0.3563414694665003,1
95188,2012-07-16,0.46963006093706616,1
95189,2012-07-16,0.18610252523807536,0
95190,2012-07-16,0.452116276588629,0
95191,2012-07-16,0.36158209436113,1
95192,2012-07-16,0.5050518309947784,0
95193,2012-07-17,0.611433006475361,1
95194,2012-07-17,0.4742589027163071,0
95195,2012-07-17,0.48851564473573617,1
95196,2012-07-17,0.30904129430298005,0
95197,2012-07-17,0.4142842537773213,1
95198,2012-07-17,0.23956184331681707,0
95199,2012-07-17,0.19565827102637226,0
95200,2012-07-17,0.36419973089244484,1
95201,2012-07-17,0.43371407033524223,1
95202,2012-07-17,0.46214751868759407,0
95203,2012-07-17,0.3840029894219029,1
95204,2012-07-17,0.34624360828067996,0
95205,2012-07-17,0.521461762218459,1
95206,2012-07-17,0.4338984753572022,0
95207,2012-07-17,0.6045360377805619,1
95208,2012-07-17,0.4141444676343934,0
95209,2012-07-17,0.28526921645910175,0
95210,2012-07-17,0.18808588707912932,0
95211,2012-07-17,0.4535982511752613,0
95212,2012-07-17,0.4237533173831893,1
95213,2012-07-17,0.19867020367368377,0
95214,2012-07-17,0.2631193310508662,0
95215,2012-07-17,0.5717368775790309,1
95216,2012-07-17,0.45573899056544215,1
95217,2012-07-17,0.36353635795037315,1
95218,2012-07-17,0.4807536781937743,0
95219,2012-07-17,0.19449588700652967,0
95220,2012-07-17,0.21159088846522364,0
95221,2012-07-17,0.19892686968076617,0
95222,2012-07-17,0.375068114491221,1
95223,2012-07-17,0.6020221160486285,0
95224,2012-07-17,0.2694222733437033,1
95225,2012-07-17,0.2385309568097502,0
95226,2012-07-17,0.5860084376424757,1
95227,2012-07-17,0.3624276671920925,1
95228,2012-07-17,0.5414840761518495,1
95229,2012-07-17,0.49503635550163405,1
95230,2012-07-17,0.588616086510454,1
95231,2012-07-17,0.2462043522506146,0
95232,2012-07-17,0.28404847716397963,0
95233,2012-07-17,0.19909622043409442,0
95234,2012-07-17,0.5062337486775454,1
95235,2012-07-17,0.36892921044930593,1
95236,2012-07-17,0.29988255199911285,1
95237,2012-07-17,0.31061159556313506,0
95238,2012-07-17,0.3151336442630594,0
95239,2012-07-17,0.4149728610087823,1
95240,2012-07-17,0.36921040379817555,1
95241,2012-07-17,0.2816351364786066,0
95242,2012-07-17,0.49563853499110944,1
95243,2012-07-17,0.35622033086414534,0
95244,2012-07-17,0.28088613435899057,1
95245,2012-07-17,0.5162191535283577,0
95246,2012-07-17,0.5787506151818195,0
95247,2012-07-17,0.5714291871874912,1
95248,2012-07-17,0.4985838934399426,1
95249,2012-07-17,0.4741287865124483,0
95250,2012-07-17,0.29083221889998684,0
95251,2012-07-17,0.44965598693529446,0
95252,2012-07-17,0.5086162320223916,0
95253,2012-07-17,0.4630119509915099,1
95254,2012-07-17,0.216292858690631,0
95255,2012-07-17,0.49513438711234964,1
95256,2012-07-17,0.2978682690140416,1
95257,2012-07-17,0.48849495266019544,1
95258,2012-07-17,0.16367812025343295,0
95259,2012-07-17,0.26180049047864806,0
95260,2012-07-17,0.556486861416663,0
95261,2012-07-17,0.25606650625589933,0
95262,2012-07-17,0.24758205187210608,1
95263,2012-07-17,0.4537682236131687,0
95264,2012-07-17,0.45215057533423014,0
95265,2012-07-17,0.3819079477541144,0
95266,2012-07-17,0.2044437383074784,0
95267,2012-07-17,0.2264318037242848,1
95268,2012-07-17,0.3273878695062445,1
95269,2012-07-17,0.4334085143562303,0
95270,2012-07-17,0.5181832430799093,1
95271,2012-07-17,0.5580814705736868,0
95272,2012-07-17,0.4072743628172636,0
95273,2012-07-17,0.3069295986901306,0
95274,2012-07-17,0.20151600266610303,0
95275,2012-07-17,0.3225007863115354,1
95276,2012-07-17,0.39067273769962685,0
95277,2012-07-17,0.284223457389196,0
95278,2012-07-17,0.22241482020110342,0
95279,2012-07-17,0.46402084372315594,0
95280,2012-07-17,0.37146506853090194,1
95281,2012-07-17,0.29636778583992807,0
95282,2012-07-17,0.2260487691132022,1
95283,2012-07-17,0.3984810149625417,0
95284,2012-07-17,0.16764244612988344,1
95285,2012-07-17,0.42236924112388213,0
95286,2012-07-17,0.2942519846767469,1
95287,2012-07-17,0.2764768477354481,0
95288,2012-07-17,0.20958271280771737,0
95289,2012-07-17,0.47655380285301685,1
95290,2012-07-17,0.4156590113061747,1
95291,2012-07-17,0.2417500520164921,0
95292,2012-07-17,0.42916399615233075,0
95293,2012-07-17,0.3952642019782316,1
95294,2012-07-17,0.18145261225507384,0
95295,2012-07-17,0.3104786545593301,1
95296,2012-07-17,0.2533340199613421,0
95297,2012-07-17,0.405791460908967,1
95298,2012-07-17,0.3052679443997735,1
95299,2012-07-17,0.3519114228171644,0
95300,2012-07-17,0.38848194067408814,0
95301,2012-07-17,0.5916396184231827,1
95302,2012-07-17,0.46875739117035253,1
95303,2012-07-17,0.32274282823452277,0
95304,2012-07-17,0.5323283495075789,0
95305,2012-07-17,0.3790940288691192,0
95306,2012-07-17,0.2606746737914782,0
95307,2012-07-17,0.15891455988350006,1
95308,2012-07-17,0.3082678285590459,0
95309,2012-07-17,0.4858766402225367,0
95310,2012-07-17,0.3526851689968731,0
95311,2012-07-17,0.2692030913549058,1
95312,2012-07-17,0.4693857956342337,1
95313,2012-07-17,0.336703608708397,0
95314,2012-07-17,0.42764851721653235,0
95315,2012-07-17,0.4461181984186365,0
95316,2012-07-17,0.48391753339150356,1
95317,2012-07-17,0.23254686662262342,0
95318,2012-07-17,0.5434574066946248,1
95319,2012-07-17,0.4170293645434804,1
95320,2012-07-17,0.39002632266432685,0
95321,2012-07-17,0.6454795120954697,1
95322,2012-07-17,0.41911577729880317,1
95323,2012-07-17,0.4709252463223675,1
95324,2012-07-17,0.2225392977191105,0
95325,2012-07-17,0.6486600486904434,1
95326,2012-07-17,0.24180701926608758,0
95327,2012-07-17,0.23217428851872832,0
95328,2012-07-17,0.26231471781616295,0
95329,2012-07-17,0.5261265806017443,1
95330,2012-07-17,0.26944537871500523,0
95331,2012-07-17,0.29543423628450166,1
95332,2012-07-17,0.2702963439708688,1
95333,2012-07-17,0.29221229191450043,0
95334,2012-07-17,0.5304959795837859,1
95335,2012-07-17,0.39381803610280636,1
95336,2012-07-17,0.4118030816115316,1
95337,2012-07-17,0.47273722894295167,0
95338,2012-07-17,0.16938080844701695,0
95339,2012-07-17,0.37433153021107013,0
95340,2012-07-17,0.33893230776687,1
95341,2012-07-17,0.6401097681584288,1
95342,2012-07-17,0.33807048431393,0
95343,2012-07-17,0.167496444486598,0
95344,2012-07-17,0.42916704690464563,0
95345,2012-07-17,0.6552175871163812,0
95346,2012-07-17,0.440384117862986,0
95347,2012-07-17,0.2770212281537893,1
95348,2012-07-17,0.41138621640557305,0
95349,2012-07-17,0.27570464991240856,0
95350,2012-07-17,0.23944170567494064,0
95351,2012-07-17,0.43959636814192965,0
95352,2012-07-17,0.42214352837780406,0
95353,2012-07-17,0.38516568505117643,1
95354,2012-07-17,0.267424258136042,0
95355,2012-07-17,0.16141954204472536,0
95356,2012-07-17,0.6103161893131349,0
95357,2012-07-17,0.1853267352200838,0
95358,2012-07-17,0.517319807550039,0
95359,2012-07-17,0.330647294695809,1
95360,2012-07-17,0.35105617671108125,0
95361,2012-07-17,0.14387732910337922,1
95362,2012-07-17,0.2809420463573221,0
95363,2012-07-17,0.2259793005619531,0
95364,2012-07-17,0.41978894622119556,0
95365,2012-07-17,0.3475778868111933,0
95366,2012-07-17,0.17677036464396972,0
95367,2012-07-17,0.4143867219417219,1
95368,2012-07-17,0.1516571308599223,0
95369,2012-07-17,0.5355629939212947,1
95370,2012-07-17,0.3510460127545089,1
95371,2012-07-17,0.501145032370412,1
95372,2012-07-17,0.4399114836251561,1
95373,2012-07-17,0.32047224195924107,0
95374,2012-07-17,0.4312230488245528,0
95375,2012-07-17,0.5208782610168069,1
95376,2012-07-17,0.1633810436622162,0
95377,2012-07-17,0.5105070485388289,1
95378,2012-07-17,0.3595340869316976,0
95379,2012-07-17,0.2182505184787103,1
95380,2012-07-17,0.21365495970400425,0
95381,2012-07-17,0.3353054980513787,1
95382,2012-07-17,0.3220882831675189,0
95383,2012-07-17,0.14422641260730562,0
95384,2012-07-17,0.4499936478771507,0
95385,2012-07-17,0.48753269734004745,0
95386,2012-07-17,0.3495263116152109,0
95387,2012-07-17,0.3232064174309883,0
95388,2012-07-17,0.3793538679640165,1
95389,2012-07-17,0.4797562053154342,0
95390,2012-07-17,0.40281609617813574,1
95391,2012-07-17,0.5893886914174225,1
95392,2012-07-17,0.32804361997882364,1
95393,2012-07-17,0.5146641567144501,1
95394,2012-07-17,0.3900404943139196,0
95395,2012-07-18,0.354807965058253,1
95396,2012-07-18,0.26587513911945776,0
95397,2012-07-18,0.5362149637950093,1
95398,2012-07-18,0.4870411140337868,0
95399,2012-07-18,0.40429160457324104,0
95400,2012-07-18,0.15817763513957614,0
95401,2012-07-18,0.4181713698021555,1
95402,2012-07-18,0.36452063345760405,1
95403,2012-07-18,0.42050029243085213,1
95404,2012-07-18,0.2684166508626357,0
95405,2012-07-18,0.5059515006483742,1
95406,2012-07-18,0.5865831915094298,1
95407,2012-07-18,0.2040383137612491,0
95408,2012-07-18,0.463781463101503,0
95409,2012-07-18,0.30820777427565665,0
95410,2012-07-18,0.44744273189639594,0
95411,2012-07-18,0.2520822434848192,0
95412,2012-07-18,0.428148796108525,0
95413,2012-07-18,0.5018618400641165,0
95414,2012-07-18,0.37450557256568334,0
95415,2012-07-18,0.2830367713653427,0
95416,2012-07-18,0.2725777583814599,0
95417,2012-07-18,0.3586641030328412,1
95418,2012-07-18,0.4723491436077929,0
95419,2012-07-18,0.41949680398776057,1
95420,2012-07-18,0.2963760618985823,0
95421,2012-07-18,0.5354098491992091,1
95422,2012-07-18,0.4628332722188291,1
95423,2012-07-18,0.4996404337338493,0
95424,2012-07-18,0.3450967669843813,1
95425,2012-07-18,0.4495297585273516,1
95426,2012-07-18,0.44164245881869574,1
95427,2012-07-18,0.5028482373084662,1
95428,2012-07-18,0.338268824136573,0
95429,2012-07-18,0.3797662072208981,0
95430,2012-07-18,0.5737882937800256,1
95431,2012-07-18,0.40893369470853275,0
95432,2012-07-18,0.2564909489728267,0
95433,2012-07-18,0.3537848898791149,1
95434,2012-07-18,0.5514659775436714,0
95435,2012-07-18,0.6142457949808251,1
95436,2012-07-18,0.4199778188523336,0
95437,2012-07-18,0.43216951433146295,0
95438,2012-07-18,0.22465625976592973,1
95439,2012-07-18,0.4335526102886946,1
95440,2012-07-18,0.5177903219484915,1
95441,2012-07-18,0.4494246339331168,1
95442,2012-07-18,0.38929305977481754,1
95443,2012-07-18,0.24593110675160598,0
95444,2012-07-18,0.16248395218843503,0
95445,2012-07-18,0.4284589867486689,0
95446,2012-07-18,0.1772697605377737,0
95447,2012-07-18,0.47307992981968044,0
95448,2012-07-18,0.5077741106216863,0
95449,2012-07-18,0.28112702242444493,0
95450,2012-07-18,0.5089592471810548,1
95451,2012-07-18,0.6922615533686888,1
95452,2012-07-18,0.3444998677063233,0
95453,2012-07-18,0.4188835587847013,1
95454,2012-07-18,0.41266913910356473,0
95455,2012-07-18,0.2017755208983724,0
95456,2012-07-18,0.40290009252388115,1
95457,2012-07-18,0.24293598936794525,0
95458,2012-07-18,0.4218440879935438,0
95459,2012-07-18,0.6578191176260136,1
95460,2012-07-18,0.3028741243294674,1
95461,2012-07-18,0.39045563085724466,1
95462,2012-07-18,0.2625123154321127,0
95463,2012-07-18,0.42419445516024507,0
95464,2012-07-18,0.24357660429619696,0
95465,2012-07-18,0.45669751647272816,1
95466,2012-07-18,0.3669052089588875,0
95467,2012-07-18,0.23851093063797654,0
95468,2012-07-18,0.4293950519706008,0
95469,2012-07-18,0.23293938920822965,0
95470,2012-07-18,0.546059759322613,0
95471,2012-07-18,0.48320417390140213,0
95472,2012-07-18,0.5252183051416425,1
95473,2012-07-18,0.3998206953677985,1
95474,2012-07-18,0.6213883202300896,0
95475,2012-07-18,0.11609044333359099,0
95476,2012-07-18,0.5195879017884741,1
95477,2012-07-18,0.2650462649396289,0
95478,2012-07-18,0.3412867902548682,1
95479,2012-07-18,0.10528864535202377,0
95480,2012-07-18,0.386484644846691,1
95481,2012-07-18,0.3994207475428849,1
95482,2012-07-18,0.3133697579146296,1
95483,2012-07-18,0.4898059356172919,0
95484,2012-07-18,0.38945381769445325,0
95485,2012-07-18,0.28232969869801167,0
95486,2012-07-18,0.4659911893496141,1
95487,2012-07-18,0.5619167974508904,1
95488,2012-07-18,0.4008742376975773,0
95489,2012-07-18,0.3482689913134623,0
95490,2012-07-18,0.26687124863085404,0
95491,2012-07-18,0.1577133174668015,0
95492,2012-07-18,0.46468648573439314,1
95493,2012-07-18,0.3471417923874423,0
95494,2012-07-18,0.3956894155943428,0
95495,2012-07-18,0.3146884649379502,0
95496,2012-07-18,0.29018862785396304,1
95497,2012-07-18,0.19656786203841312,0
95498,2012-07-18,0.4360216247338397,0
95499,2012-07-18,0.36542728982976574,1
95500,2012-07-18,0.484197909689012,1
95501,2012-07-18,0.3727967594251117,0
95502,2012-07-18,0.4710224149538489,0
95503,2012-07-18,0.46473402778478823,1
95504,2012-07-18,0.5076163546173065,1
95505,2012-07-18,0.306907976798046,1
95506,2012-07-18,0.5749495047956437,1
95507,2012-07-18,0.22585216372464623,0
95508,2012-07-18,0.38626477117560315,1
95509,2012-07-18,0.40396783863657726,1
95510,2012-07-18,0.5317924824161032,1
95511,2012-07-18,0.48272921117171336,0
95512,2012-07-18,0.2581526389214143,0
95513,2012-07-18,0.4160830532352375,0
95514,2012-07-18,0.49778518242750314,0
95515,2012-07-18,0.3887847038204392,0
95516,2012-07-18,0.22296883773317475,0
95517,2012-07-18,0.44038925217937197,0
95518,2012-07-18,0.3247790593765513,1
95519,2012-07-18,0.38877562711195296,0
95520,2012-07-18,0.33279187551580725,0
95521,2012-07-18,0.38199593381609454,1
95522,2012-07-18,0.2950339592885188,1
95523,2012-07-18,0.4507722277961416,0
95524,2012-07-18,0.5283097190124697,1
95525,2012-07-18,0.360417941514387,1
95526,2012-07-18,0.20390939710933914,0
95527,2012-07-18,0.4646909553332787,0
95528,2012-07-18,0.4835120282963149,1
95529,2012-07-18,0.5446828676336132,0
95530,2012-07-18,0.2983741342104479,0
95531,2012-07-18,0.39040309859501576,0
95532,2012-07-18,0.237404559349952,0
95533,2012-07-18,0.3835422047363794,1
95534,2012-07-18,0.2522239905339304,0
95535,2012-07-18,0.3325059481074324,0
95536,2012-07-18,0.5582031500086944,0
95537,2012-07-18,0.5142813416282579,1
95538,2012-07-18,0.2769472117383782,0
95539,2012-07-18,0.3024721042800172,0
95540,2012-07-18,0.6665239044999025,1
95541,2012-07-18,0.5526289576770195,0
95542,2012-07-18,0.5726236281444763,1
95543,2012-07-18,0.4243667169196185,0
95544,2012-07-18,0.46083456116988825,1
95545,2012-07-18,0.38837457055863406,0
95546,2012-07-18,0.28000176783012715,0
95547,2012-07-18,0.33415448845013895,0
95548,2012-07-18,0.22104534240755314,0
95549,2012-07-18,0.28780074140418466,0
95550,2012-07-18,0.3779737615292522,0
95551,2012-07-18,0.32981487405439885,1
95552,2012-07-18,0.29636850558322547,0
95553,2012-07-18,0.5590138409922104,0
95554,2012-07-18,0.41323233369152396,0
95555,2012-07-18,0.22694875857192845,0
95556,2012-07-18,0.60699409423726,1
95557,2012-07-19,0.4979073593065045,1
95558,2012-07-19,0.3464928464608041,1
95559,2012-07-19,0.29996048468119385,1
95560,2012-07-19,0.2185531888048253,0
95561,2012-07-19,0.31012485120979255,0
95562,2012-07-19,0.4239370260457369,0
95563,2012-07-19,0.2846819637835875,0
95564,2012-07-19,0.5974689663034919,0
95565,2012-07-19,0.3090526076721401,0
95566,2012-07-19,0.5476826085836086,1
95567,2012-07-19,0.32255197392649254,0
95568,2012-07-19,0.33798562538787164,1
95569,2012-07-19,0.27782692900285827,0
95570,2012-07-19,0.29086569773580295,0
95571,2012-07-19,0.3764855470202761,0
95572,2012-07-19,0.31496505125310603,1
95573,2012-07-19,0.4358745069483696,0
95574,2012-07-19,0.5452598240048143,1
95575,2012-07-19,0.39866183119452464,0
95576,2012-07-19,0.3776588164951748,1
95577,2012-07-19,0.4544547164451026,0
95578,2012-07-19,0.24851959257545406,0
95579,2012-07-19,0.2734669533135343,0
95580,2012-07-19,0.4394085999758439,0
95581,2012-07-19,0.23571026485794666,1
95582,2012-07-19,0.3427610088844751,0
95583,2012-07-19,0.5311978246858874,1
95584,2012-07-19,0.2268206722595944,0
95585,2012-07-19,0.5590746622861141,1
95586,2012-07-19,0.27820726546801444,0
95587,2012-07-19,0.4324842791635914,1
95588,2012-07-19,0.23332205647522028,0
95589,2012-07-19,0.3545234587598055,0
95590,2012-07-19,0.37040115586565764,0
95591,2012-07-19,0.26553406806903207,0
95592,2012-07-19,0.42519610533939217,0
95593,2012-07-19,0.2855786598337135,1
95594,2012-07-19,0.32408369176622487,0
95595,2012-07-19,0.4353790344523632,0
95596,2012-07-19,0.41779322356798226,0
95597,2012-07-19,0.6354325235129484,1
95598,2012-07-19,0.5101623676660112,1
95599,2012-07-19,0.2793522143397945,1
95600,2012-07-19,0.297198574842758,1
95601,2012-07-19,0.2622846677026347,0
95602,2012-07-19,0.286970060437018,1
95603,2012-07-19,0.3126889852430037,1
95604,2012-07-19,0.4296707405029698,1
95605,2012-07-19,0.26027772204519656,0
95606,2012-07-19,0.3590695274205472,1
95607,2012-07-19,0.2356028682792739,0
95608,2012-07-19,0.5530791284230867,0
95609,2012-07-19,0.6830166977171508,1
95610,2012-07-19,0.3635146805287395,1
95611,2012-07-19,0.30774915680564363,0
95612,2012-07-19,0.7317294358738965,1
95613,2012-07-19,0.5672081357695401,0
95614,2012-07-19,0.1633112408369032,1
95615,2012-07-19,0.44806450220968463,0
95616,2012-07-19,0.5104174860950705,1
95617,2012-07-19,0.26063036926358624,0
95618,2012-07-19,0.4542924762941367,0
95619,2012-07-19,0.35602369587030774,0
95620,2012-07-19,0.45714600757159296,0
95621,2012-07-19,0.14428422551929107,0
95622,2012-07-19,0.3398322529578451,0
95623,2012-07-19,0.38067162795711984,0
95624,2012-07-19,0.4238457579587646,1
95625,2012-07-19,0.336471461739362,0
95626,2012-07-19,0.37144588193989375,1
95627,2012-07-19,0.5252691742286758,0
95628,2012-07-19,0.3071915920548037,1
95629,2012-07-19,0.21796244946864052,0
95630,2012-07-19,0.3036237630017382,0
95631,2012-07-19,0.4632560887937831,0
95632,2012-07-19,0.29794376026130964,0
95633,2012-07-19,0.5189103147421926,1
95634,2012-07-19,0.3108431971349784,0
95635,2012-07-19,0.3510013172686524,0
95636,2012-07-19,0.49046350509831155,1
95637,2012-07-19,0.5844563584435135,0
95638,2012-07-19,0.6182716790149293,1
95639,2012-07-19,0.3472852588005047,1
95640,2012-07-19,0.21993385555334147,0
95641,2012-07-19,0.21850875771839312,0
95642,2012-07-19,0.535755541475448,1
95643,2012-07-19,0.5235406493782653,1
95644,2012-07-19,0.20326350072726873,0
95645,2012-07-19,0.3962021255388972,0
95646,2012-07-19,0.22767687622684477,0
95647,2012-07-19,0.16305785249439653,0
95648,2012-07-19,0.2924365820307589,0
95649,2012-07-19,0.3634602173566753,0
95650,2012-07-19,0.5372564042431673,0
95651,2012-07-19,0.23977086417031934,0
95652,2012-07-19,0.5846935640096504,0
95653,2012-07-19,0.4316936677100424,0
95654,2012-07-19,0.10504774991563548,1
95655,2012-07-19,0.45387696938196803,0
95656,2012-07-19,0.281050445384364,1
95657,2012-07-19,0.19044313379849154,0
95658,2012-07-19,0.5042120731456594,0
95659,2012-07-19,0.20059990622338641,1
95660,2012-07-19,0.5687456378948155,1
95661,2012-07-19,0.420473090505045,0
95662,2012-07-19,0.39932955819647903,0
95663,2012-07-19,0.32052405546148277,0
95664,2012-07-19,0.3401699909159653,0
95665,2012-07-19,0.22956412270065682,0
95666,2012-07-19,0.1794681789650131,0
95667,2012-07-19,0.4069941767497805,0
95668,2012-07-19,0.5480437547767597,1
95669,2012-07-19,0.3743967257492037,1
95670,2012-07-19,0.5200672517423528,1
95671,2012-07-19,0.5379641641871823,1
95672,2012-07-19,0.36642558843730133,0
95673,2012-07-19,0.4196021902394109,1
95674,2012-07-19,0.3751831801741148,1
95675,2012-07-19,0.2793070717848199,1
95676,2012-07-19,0.35628788334680356,1
95677,2012-07-19,0.30784752348000366,0
95678,2012-07-19,0.3025907606786481,1
95679,2012-07-19,0.4969873861044302,1
95680,2012-07-19,0.21056086047386194,0
95681,2012-07-19,0.4934456909343242,0
95682,2012-07-19,0.2360913407210084,1
95683,2012-07-19,0.38984617705859864,0
95684,2012-07-19,0.28304274624361814,0
95685,2012-07-19,0.47427435842523746,0
95686,2012-07-19,0.148627309411854,0
95687,2012-07-19,0.39174880197941203,1
95688,2012-07-19,0.4370765440310426,1
95689,2012-07-19,0.4062994114921108,1
95690,2012-07-19,0.4156606112540827,1
95691,2012-07-19,0.38001626053220366,1
95692,2012-07-19,0.3315496893690353,0
95693,2012-07-19,0.4401890385651277,1
95694,2012-07-19,0.4547666392482505,0
95695,2012-07-19,0.36438586217528757,0
95696,2012-07-19,0.2756654705264588,0
95697,2012-07-19,0.4193227234924687,0
95698,2012-07-19,0.46566618992355824,0
95699,2012-07-19,0.35654422842931516,0
95700,2012-07-19,0.4602719088736263,0
95701,2012-07-19,0.3351645900804636,0
95702,2012-07-19,0.3386834925916665,0
95703,2012-07-19,0.3596686063991847,0
95704,2012-07-19,0.22901473269992118,0
95705,2012-07-19,0.3591080364491961,0
95706,2012-07-19,0.2449308567325953,0
95707,2012-07-19,0.24311565911455807,1
95708,2012-07-19,0.17463471158833982,0
95709,2012-07-19,0.5104283539053857,0
95710,2012-07-19,0.3179185340646667,1
95711,2012-07-19,0.5612637093455256,0
95712,2012-07-19,0.3444328741706247,0
95713,2012-07-19,0.393441164856119,0
95714,2012-07-19,0.12715216528845483,0
95715,2012-07-19,0.3599597790582182,0
95716,2012-07-19,0.3547857541742333,0
95717,2012-07-19,0.46704220614871506,1
95718,2012-07-19,0.2680748767435942,0
95719,2012-07-19,0.41582132837027735,1
95720,2012-07-19,0.255370824455682,1
95721,2012-07-19,0.22489511887718006,1
95722,2012-07-19,0.5967525107978865,0
95723,2012-07-19,0.34681434522841553,0
95724,2012-07-19,0.46067234720483485,1
95725,2012-07-19,0.3177860534071411,0
95726,2012-07-19,0.3483030472100846,1
95727,2012-07-19,0.35991667876185884,1
95728,2012-07-19,0.43654055668718633,1
95729,2012-07-19,0.341513605539189,0
95730,2012-07-19,0.4654199141457475,0
95731,2012-07-19,0.3139292827653321,1
95732,2012-07-19,0.46729095444204627,0
95733,2012-07-19,0.5965378682200633,1
95734,2012-07-19,0.2809748815477753,0
95735,2012-07-19,0.3029925690672823,0
95736,2012-07-19,0.6504465189720736,1
95737,2012-07-19,0.4737387007709223,0
95738,2012-07-19,0.45021786337482395,0
95739,2012-07-19,0.6429033524988705,1
95740,2012-07-19,0.4501697680059364,1
95741,2012-07-19,0.42864853081575693,0
95742,2012-07-19,0.4320234419632003,1
95743,2012-07-19,0.3290534878801298,0
95744,2012-07-19,0.5435534512128712,1
95745,2012-07-19,0.3442291264584268,1
95746,2012-07-19,0.4285784092078088,0
95747,2012-07-19,0.2541175230994737,0
95748,2012-07-19,0.2446249535527576,0
95749,2012-07-19,0.3879593985545554,0
95750,2012-07-19,0.37850376974906363,1
95751,2012-07-19,0.24686253933401192,0
95752,2012-07-19,0.44906584124651533,1
95753,2012-07-19,0.3158794268948068,0
95754,2012-07-19,0.45876974562207234,0
95755,2012-07-19,0.49992085253044916,0
95756,2012-07-19,0.568442606348176,0
95757,2012-07-19,0.49823961530586813,1
95758,2012-07-19,0.45680292036747255,1
95759,2012-07-19,0.25155490068295944,1
95760,2012-07-19,0.30309689853690525,0
95761,2012-07-19,0.5601597887414472,0
95762,2012-07-19,0.18786490627860955,0
95763,2012-07-19,0.41621232871207414,0
95764,2012-07-19,0.5258949713033909,1
95765,2012-07-19,0.19652886506347703,0
95766,2012-07-19,0.32037705293884405,0
95767,2012-07-19,0.49704081865748717,1
95768,2012-07-19,0.5233191479679176,0
95769,2012-07-19,0.3241431961820516,1
95770,2012-07-19,0.5119477306769094,0
95771,2012-07-20,0.3611176109895434,1
95772,2012-07-20,0.401048393903262,1
95773,2012-07-20,0.37230800100993017,0
95774,2012-07-20,0.6082079947973683,1
95775,2012-07-20,0.31446396029918233,0
95776,2012-07-20,0.33226603547346456,0
95777,2012-07-20,0.39574175682964596,1
95778,2012-07-20,0.39192524872778084,1
95779,2012-07-20,0.2972261209884277,1
95780,2012-07-20,0.47458044884543027,1
95781,2012-07-20,0.4398610608048911,0
95782,2012-07-20,0.599894122272065,0
95783,2012-07-20,0.1337987431102998,0
95784,2012-07-20,0.3765335351183804,0
95785,2012-07-20,0.2288823759550914,0
95786,2012-07-20,0.2933327025822938,0
95787,2012-07-20,0.32793559812388684,0
95788,2012-07-20,0.3655898334882717,0
95789,2012-07-20,0.14811815899469255,0
95790,2012-07-20,0.28523707146242216,1
95791,2012-07-20,0.36860617054550693,0
95792,2012-07-20,0.4156619158235766,0
95793,2012-07-20,0.27430304117383986,1
95794,2012-07-20,0.388286278348765,0
95795,2012-07-20,0.5449342569114375,0
95796,2012-07-20,0.32912980806829634,0
95797,2012-07-20,0.3536561057733744,0
95798,2012-07-20,0.27880569773968683,0
95799,2012-07-20,0.1768491448502985,0
95800,2012-07-20,0.5468053604938045,1
95801,2012-07-20,0.620495854693192,1
95802,2012-07-20,0.4968660048843798,0
95803,2012-07-20,0.3241025211598553,0
95804,2012-07-20,0.48364282932049235,1
95805,2012-07-20,0.3487924848352155,1
95806,2012-07-20,0.7052338025639769,0
95807,2012-07-20,0.29327161270551827,0
95808,2012-07-20,0.3117541286523714,0
95809,2012-07-20,0.6990876603736629,1
95810,2012-07-20,0.4987491034122523,0
95811,2012-07-20,0.3491445953175556,0
95812,2012-07-20,0.42047618863677283,0
95813,2012-07-20,0.24665080714175944,0
95814,2012-07-20,0.269927081501797,0
95815,2012-07-20,0.5151196928428224,1
95816,2012-07-20,0.4955149479850458,0
95817,2012-07-20,0.4348557985422428,1
95818,2012-07-20,0.36260127547078963,0
95819,2012-07-20,0.27258115748009304,1
95820,2012-07-20,0.68214267374289,0
95821,2012-07-20,0.40836496544881407,0
95822,2012-07-20,0.533132104261739,1
95823,2012-07-20,0.41931705651313694,0
95824,2012-07-20,0.6274114180812028,1
95825,2012-07-20,0.5096199269326858,0
95826,2012-07-20,0.36774332098781615,1
95827,2012-07-20,0.1743877517345235,0
95828,2012-07-20,0.39040841102948354,1
95829,2012-07-20,0.22256337997423628,0
95830,2012-07-20,0.5040891599191853,1
95831,2012-07-20,0.3868735412370097,0
95832,2012-07-20,0.5334909318403841,1
95833,2012-07-20,0.3523016605355318,0
95834,2012-07-20,0.5614397572614511,1
95835,2012-07-20,0.4486137660453914,1
95836,2012-07-20,0.36964474988398627,1
95837,2012-07-20,0.377354014302954,1
95838,2012-07-20,0.35784322882373765,0
95839,2012-07-20,0.23877798073892986,0
95840,2012-07-20,0.342955021664249,1
95841,2012-07-20,0.30456456782863434,0
95842,2012-07-20,0.2551371009251823,0
95843,2012-07-20,0.2821804175978479,0
95844,2012-07-20,0.3340968751090494,0
95845,2012-07-20,0.15491423568520662,0
95846,2012-07-20,0.31429685711803884,0
95847,2012-07-20,0.17173537512385453,1
95848,2012-07-20,0.599049472101113,0
95849,2012-07-20,0.45511191756946423,0
95850,2012-07-20,0.3089644945458844,1
95851,2012-07-20,0.363127152894018,1
95852,2012-07-20,0.5573438918330333,0
95853,2012-07-20,0.27616208599899933,0
95854,2012-07-20,0.45908666887152993,0
95855,2012-07-20,0.43798407573835146,1
95856,2012-07-20,0.37376739116664603,0
95857,2012-07-20,0.09203726441515853,0
95858,2012-07-21,0.5430437956422123,0
95859,2012-07-21,0.39358689545178316,0
95860,2012-07-21,0.37087733757458774,0
95861,2012-07-21,0.4101395233222527,1
95862,2012-07-21,0.3879394747388276,1
95863,2012-07-21,0.2133030491814086,0
95864,2012-07-21,0.26235970508117906,0
95865,2012-07-21,0.5485618344359242,1
95866,2012-07-21,0.5922671500293196,1
95867,2012-07-21,0.6646686428394352,0
95868,2012-07-21,0.4607980322280078,0
95869,2012-07-21,0.4268357264471795,0
95870,2012-07-21,0.2644546158381888,1
95871,2012-07-21,0.5213479356688409,0
95872,2012-07-21,0.6131794446631506,1
95873,2012-07-21,0.38807244825619985,0
95874,2012-07-21,0.6050167145928355,1
95875,2012-07-21,0.2091235008297097,1
95876,2012-07-21,0.15935873704903958,0
95877,2012-07-21,0.6033995531837238,1
95878,2012-07-21,0.24653457752763885,0
95879,2012-07-21,0.5353720241167378,0
95880,2012-07-21,0.2656230126451829,1
95881,2012-07-21,0.44825175113513527,1
95882,2012-07-21,0.4406162322299412,1
95883,2012-07-21,0.3627906494958294,0
95884,2012-07-21,0.31696591850985656,0
95885,2012-07-21,0.5316154287792878,0
95886,2012-07-21,0.31744697637527003,0
95887,2012-07-21,0.41855954379135724,0
95888,2012-07-21,0.4848333144504453,1
95889,2012-07-21,0.25176529713873697,0
95890,2012-07-21,0.3452989992796778,0
95891,2012-07-21,0.34157030882816636,0
95892,2012-07-21,0.5178029861241772,1
95893,2012-07-21,0.1495156735529516,0
95894,2012-07-21,0.30856835083275164,0
95895,2012-07-21,0.1536865383756305,1
95896,2012-07-21,0.5395175506540978,1
95897,2012-07-21,0.4871333181543299,0
95898,2012-07-21,0.30884634083788076,0
95899,2012-07-21,0.3856525374329701,0
95900,2012-07-21,0.37874818067757404,0
95901,2012-07-21,0.23762026104931597,0
95902,2012-07-21,0.47720831762733845,0
95903,2012-07-21,0.25605468059709463,0
95904,2012-07-21,0.7350779885927631,0
95905,2012-07-21,0.14418517965703986,1
95906,2012-07-21,0.15014905534098594,0
95907,2012-07-21,0.6206605676311793,1
95908,2012-07-21,0.35448944246029107,1
95909,2012-07-21,0.23027345796023627,0
95910,2012-07-21,0.44603247192084644,0
95911,2012-07-21,0.43745328579342296,0
95912,2012-07-21,0.29700325989745296,0
95913,2012-07-21,0.09857876000097672,0
95914,2012-07-21,0.42715529072497027,0
95915,2012-07-21,0.35008264078502777,1
95916,2012-07-21,0.4537332047204661,1
95917,2012-07-21,0.5680804579544618,1
95918,2012-07-21,0.42609465957263587,0
95919,2012-07-21,0.3727713723355909,0
95920,2012-07-21,0.27383468138577394,0
95921,2012-07-21,0.5988790586784231,0
95922,2012-07-21,0.25849575695721755,0
95923,2012-07-21,0.3065729078015052,0
95924,2012-07-21,0.21995742277458483,0
95925,2012-07-21,0.2485125188522194,1
95926,2012-07-21,0.25875125390526665,0
95927,2012-07-21,0.3616729811068236,0
95928,2012-07-21,0.27903408928776846,0
95929,2012-07-21,0.3769847355069135,1
95930,2012-07-21,0.4811661318934493,1
95931,2012-07-21,0.31478517950064083,0
95932,2012-07-21,0.460036335361137,1
95933,2012-07-21,0.3918663302183809,1
95934,2012-07-21,0.2752837219405322,0
95935,2012-07-21,0.2717200208809301,0
95936,2012-07-21,0.5703291376603533,0
95937,2012-07-21,0.5204408427616127,0
95938,2012-07-21,0.30790765577943097,1
95939,2012-07-21,0.43106041455096644,0
95940,2012-07-21,0.5480608125547914,0
95941,2012-07-21,0.34477769274495335,0
95942,2012-07-21,0.19254311056736867,0
95943,2012-07-21,0.2892431303716331,0
95944,2012-07-21,0.27399249101253587,1
95945,2012-07-21,0.5273792338188666,0
95946,2012-07-21,0.5145812913626681,0
95947,2012-07-21,0.48939281432034965,0
95948,2012-07-21,0.3541045232009316,1
95949,2012-07-21,0.5853998314712141,1
95950,2012-07-21,0.3809849253850441,0
95951,2012-07-21,0.5756324475226685,1
95952,2012-07-21,0.43007387440987693,0
95953,2012-07-21,0.5306830333079745,1
95954,2012-07-21,0.43803764491920943,1
95955,2012-07-21,0.4116318311855764,0
95956,2012-07-21,0.27754423749826496,0
95957,2012-07-21,0.37518123495674566,0
95958,2012-07-21,0.44194671527671325,1
95959,2012-07-21,0.48588384240463567,1
95960,2012-07-21,0.6024561998402969,1
95961,2012-07-21,0.3335454895840064,1
95962,2012-07-21,0.554331471393316,0
95963,2012-07-21,0.21811162156245176,0
95964,2012-07-21,0.4537828608042374,0
95965,2012-07-21,0.36910319586318713,0
95966,2012-07-21,0.6136791273463389,0
95967,2012-07-21,0.22576033354134248,0
95968,2012-07-21,0.414681064448061,0
95969,2012-07-21,0.49417790287861907,1
95970,2012-07-21,0.46482106465494344,1
95971,2012-07-21,0.11045368618090966,0
95972,2012-07-21,0.11979115967591944,1
95973,2012-07-21,0.522722292327694,0
95974,2012-07-21,0.4139322169557492,1
95975,2012-07-21,0.2846618047639972,1
95976,2012-07-21,0.6019309130493647,1
95977,2012-07-21,0.18771344125778322,1
95978,2012-07-21,0.26494023752616047,1
95979,2012-07-21,0.6140983811157349,0
95980,2012-07-21,0.27504938842683485,0
95981,2012-07-21,0.521799627596754,1
95982,2012-07-21,0.3213029214710537,1
95983,2012-07-21,0.20967889659407365,0
95984,2012-07-21,0.24687866595377225,0
95985,2012-07-21,0.35224770414969786,0
95986,2012-07-21,0.24006455451426828,1
95987,2012-07-21,0.43720589459820663,0
95988,2012-07-21,0.2231318630254124,0
95989,2012-07-21,0.5154334482401777,1
95990,2012-07-21,0.5782021052866652,1
95991,2012-07-21,0.3691729505435381,0
95992,2012-07-21,0.4340373499618027,0
95993,2012-07-21,0.40114604785652624,0
95994,2012-07-21,0.4983639077317158,1
95995,2012-07-21,0.3749566669566924,0
95996,2012-07-22,0.47348228162395745,1
95997,2012-07-22,0.6199260918922915,1
95998,2012-07-22,0.38351928825915127,0
95999,2012-07-22,0.5680923879616618,1
96000,2012-07-22,0.31199109675323317,0
96001,2012-07-22,0.4853262248955578,0
96002,2012-07-22,0.15080982022789877,0
96003,2012-07-22,0.41532256654767075,0
96004,2012-07-22,0.36639314947363155,0
96005,2012-07-22,0.6550751412146152,0
96006,2012-07-22,0.38861507130250905,0
96007,2012-07-22,0.5238889171661228,0
96008,2012-07-22,0.45424251857058484,1
96009,2012-07-22,0.38032465248676484,0
96010,2012-07-22,0.3900816895031957,1
96011,2012-07-22,0.6299657560422415,1
96012,2012-07-22,0.42665366909403624,0
96013,2012-07-22,0.3359897697096227,0
96014,2012-07-22,0.34326847039677766,0
96015,2012-07-22,0.40127490025457413,0
96016,2012-07-22,0.23881060979239088,1
96017,2012-07-22,0.45844634740508383,0
96018,2012-07-22,0.3626261869223978,0
96019,2012-07-22,0.4618178829554203,1
96020,2012-07-22,0.5965951767644805,1
96021,2012-07-22,0.15425373987664315,0
96022,2012-07-22,0.3532135450952068,0
96023,2012-07-22,0.2894111528055674,0
96024,2012-07-22,0.4721440983706792,0
96025,2012-07-22,0.39388999329217766,1
96026,2012-07-22,0.5949955438709073,1
96027,2012-07-22,0.1268463992411762,0
96028,2012-07-22,0.4461722616677295,0
96029,2012-07-22,0.3552257742965182,0
96030,2012-07-22,0.4838083569767739,1
96031,2012-07-22,0.532090372125678,0
96032,2012-07-22,0.5138684940641909,1
96033,2012-07-22,0.1385875559288729,0
96034,2012-07-22,0.5247041698354716,0
96035,2012-07-22,0.47074999881325225,1
96036,2012-07-22,0.5149245436533642,1
96037,2012-07-22,0.5785750022371142,0
96038,2012-07-22,0.41154500463848964,1
96039,2012-07-22,0.36498455037591576,1
96040,2012-07-22,0.54183178555282,1
96041,2012-07-22,0.4493198789109648,1
96042,2012-07-22,0.3076831182265964,1
96043,2012-07-22,0.3711836984327014,0
96044,2012-07-22,0.44657265008461794,1
96045,2012-07-22,0.44086359206652603,0
96046,2012-07-22,0.33423759191079305,0
96047,2012-07-22,0.1909615773538086,0
96048,2012-07-22,0.26579018880050304,1
96049,2012-07-22,0.33574034121557444,0
96050,2012-07-22,0.29299450360739415,0
96051,2012-07-22,0.5009007838394334,1
96052,2012-07-22,0.42467785493717475,1
96053,2012-07-22,0.48624044211334394,0
96054,2012-07-22,0.327571232345482,0
96055,2012-07-22,0.3946961819039569,0
96056,2012-07-22,0.2528064637081139,0
96057,2012-07-22,0.29325367407147,0
96058,2012-07-22,0.5331895085116107,1
96059,2012-07-22,0.310754876058082,1
96060,2012-07-22,0.3058335823578046,0
96061,2012-07-22,0.3615538996988376,1
96062,2012-07-22,0.45442801220215145,0
96063,2012-07-22,0.3046845808715345,0
96064,2012-07-22,0.25151407161912354,0
96065,2012-07-22,0.3132417151593091,0
96066,2012-07-22,0.37396111285391503,0
96067,2012-07-22,0.45409409840218035,1
96068,2012-07-22,0.3046903161165648,0
96069,2012-07-22,0.3335680112771335,1
96070,2012-07-22,0.31287718640788603,0
96071,2012-07-22,0.499898285383469,0
96072,2012-07-22,0.21498779162408962,1
96073,2012-07-22,0.47779216380609535,1
96074,2012-07-22,0.5172866371298382,0
96075,2012-07-22,0.4277157782952683,0
96076,2012-07-22,0.2863063843486104,0
96077,2012-07-22,0.16189874474038832,0
96078,2012-07-22,0.3881453641027951,0
96079,2012-07-22,0.1840891915341821,0
96080,2012-07-22,0.4933297894511648,0
96081,2012-07-22,0.3429648351201204,0
96082,2012-07-22,0.291801126567694,1
96083,2012-07-22,0.14034496359243778,1
96084,2012-07-22,0.3726564031386997,0
96085,2012-07-22,0.40139044016596587,1
96086,2012-07-22,0.4161695661009144,1
96087,2012-07-22,0.42136830550090576,0
96088,2012-07-22,0.22480733987497964,0
96089,2012-07-22,0.5476084085537704,1
96090,2012-07-22,0.41661448797002376,0
96091,2012-07-22,0.25270286638135997,0
96092,2012-07-22,0.3620586026240179,1
96093,2012-07-22,0.22938597140114686,0
96094,2012-07-22,0.17704047829234665,0
96095,2012-07-22,0.3433606060492065,1
96096,2012-07-22,0.3025152936819333,0
96097,2012-07-22,0.3580071053586349,0
96098,2012-07-22,0.365590038368962,0
96099,2012-07-22,0.2149484576566984,0
96100,2012-07-22,0.3836087683025806,1
96101,2012-07-22,0.3712989662826122,1
96102,2012-07-22,0.4696232046777789,0
96103,2012-07-22,0.33825394353383015,1
96104,2012-07-22,0.25931641060883615,0
96105,2012-07-22,0.22420330407642233,0
96106,2012-07-22,0.3059401644024751,0
96107,2012-07-22,0.15086772164432774,0
96108,2012-07-22,0.43464790238766077,1
96109,2012-07-22,0.47766965496987257,1
96110,2012-07-22,0.3455221528045386,0
96111,2012-07-22,0.4508076470076654,1
96112,2012-07-22,0.5422796276798124,1
96113,2012-07-22,0.10698977045912568,0
96114,2012-07-22,0.21083987172533283,0
96115,2012-07-22,0.4305324953808102,0
96116,2012-07-22,0.2964795682606275,0
96117,2012-07-22,0.36948377110415753,1
96118,2012-07-22,0.7145433545377003,1
96119,2012-07-22,0.3175923200528357,0
96120,2012-07-22,0.4398573650046047,1
96121,2012-07-22,0.4104890857038976,0
96122,2012-07-22,0.4907294820139656,1
96123,2012-07-22,0.4794002376728551,1
96124,2012-07-22,0.5525420170450195,1
96125,2012-07-22,0.28737918585273614,0
96126,2012-07-22,0.23944468330716137,0
96127,2012-07-22,0.5416206070137958,1
96128,2012-07-22,0.4041152358433729,1
96129,2012-07-22,0.3736951967485816,0
96130,2012-07-22,0.34950390134848536,1
96131,2012-07-22,0.3801999279693298,0
96132,2012-07-22,0.5328724491504818,1
96133,2012-07-22,0.4214561634641143,1
96134,2012-07-22,0.5171469316509781,0
96135,2012-07-22,0.4040721069603107,1
96136,2012-07-22,0.4527125544165264,0
96137,2012-07-22,0.6301018793583698,1
96138,2012-07-22,0.2949683196888793,0
96139,2012-07-22,0.194631674984252,0
96140,2012-07-22,0.390024637978197,0
96141,2012-07-22,0.4303165905405206,1
96142,2012-07-22,0.4359594494043591,1
96143,2012-07-22,0.40034853310701934,0
96144,2012-07-22,0.5923464699025409,1
96145,2012-07-22,0.5978578819949074,1
96146,2012-07-22,0.22957204851993923,0
96147,2012-07-22,0.42233798327334204,0
96148,2012-07-22,0.5017615055200113,0
96149,2012-07-22,0.3393281217038714,1
96150,2012-07-22,0.16479965886919257,0
96151,2012-07-22,0.41939763378627865,0
96152,2012-07-22,0.43723767644238243,0
96153,2012-07-22,0.31779991122011814,0
96154,2012-07-22,0.2813261561177413,1
96155,2012-07-22,0.2225803291555986,0
96156,2012-07-22,0.15268238447452717,0
96157,2012-07-22,0.4989195440356564,0
96158,2012-07-22,0.19612562371567066,0
96159,2012-07-22,0.45122665856184324,0
96160,2012-07-22,0.5136200533355153,0
96161,2012-07-22,0.43197517892654863,0
96162,2012-07-22,0.4128253992166292,1
96163,2012-07-22,0.3990176131304722,0
96164,2012-07-22,0.14419577492685884,0
96165,2012-07-22,0.44360639924039724,0
96166,2012-07-22,0.2508552745552906,0
96167,2012-07-22,0.5344171628400299,1
96168,2012-07-22,0.35759345803477155,0
96169,2012-07-22,0.31007016232169393,0
96170,2012-07-22,0.5255795069197209,1
96171,2012-07-22,0.31337611625470985,0
96172,2012-07-22,0.4204509731494353,1
96173,2012-07-22,0.2950310439884148,1
96174,2012-07-22,0.3580233110259016,1
96175,2012-07-22,0.5482360455032294,0
96176,2012-07-22,0.1968647011740165,1
96177,2012-07-22,0.25035982126499534,0
96178,2012-07-22,0.19265878269706302,1
96179,2012-07-22,0.42620880254751775,1
96180,2012-07-22,0.6818137055609665,1
96181,2012-07-22,0.3040085971284674,0
96182,2012-07-22,0.34708947962400527,1
96183,2012-07-22,0.3628680773947154,0
96184,2012-07-22,0.6360633398402569,1
96185,2012-07-22,0.2532875581284712,0
96186,2012-07-22,0.3407097191646884,1
96187,2012-07-22,0.1716121300962822,0
96188,2012-07-22,0.46288568846983214,0
96189,2012-07-22,0.14137825176715454,0
96190,2012-07-22,0.37357199824205184,0
96191,2012-07-22,0.5858090140520544,0
96192,2012-07-22,0.4366271097313778,1
96193,2012-07-22,0.3017725822364142,0
96194,2012-07-22,0.41861757456468934,1
96195,2012-07-22,0.26546992515670664,0
96196,2012-07-22,0.3436988393967764,0
96197,2012-07-22,0.5042264656469726,1
96198,2012-07-22,0.2746196666223044,0
96199,2012-07-22,0.5854430030086984,1
96200,2012-07-22,0.4435305241014127,1
96201,2012-07-22,0.286112469273685,0
96202,2012-07-22,0.559131021041179,0
96203,2012-07-22,0.5039666859148461,1
96204,2012-07-22,0.4369895007873992,0
96205,2012-07-22,0.3700759473855125,1
96206,2012-07-22,0.32406353808529215,0
96207,2012-07-22,0.1393085586698285,0
96208,2012-07-22,0.4790655202108425,0
96209,2012-07-22,0.4874610557815059,1
96210,2012-07-22,0.11524546055846428,0
96211,2012-07-22,0.30035091503513067,0
96212,2012-07-22,0.41907923855915563,1
96213,2012-07-22,0.44529997961293144,0
96214,2012-07-22,0.23367117117178887,0
96215,2012-07-22,0.46588229549888666,1
96216,2012-07-22,0.47164590846589644,1
96217,2012-07-22,0.33593449095416855,0
96218,2012-07-22,0.4822388125524818,1
96219,2012-07-22,0.20553079216443929,0
96220,2012-07-22,0.34703301144569465,0
96221,2012-07-22,0.26754075188418414,0
96222,2012-07-22,0.6201876446683046,0
96223,2012-07-22,0.4668677023814333,1
96224,2012-07-22,0.22227609365369103,0
96225,2012-07-22,0.4455868505821304,1
96226,2012-07-22,0.4498634308063644,0
96227,2012-07-22,0.40721806314827563,1
96228,2012-07-22,0.35530420973201,0
96229,2012-07-22,0.3346865871666965,0
96230,2012-07-22,0.22707729185951184,0
96231,2012-07-22,0.3038774268741544,0
96232,2012-07-22,0.334996673742242,0
96233,2012-07-22,0.43658023646514954,1
96234,2012-07-22,0.14493329148783868,0
96235,2012-07-22,0.15367952229930698,0
96236,2012-07-22,0.44680547861463116,0
96237,2012-07-22,0.4940724304503274,0
96238,2012-07-22,0.28080039156995107,1
96239,2012-07-22,0.5364161521596519,1
96240,2012-07-22,0.4124383561971098,1
96241,2012-07-22,0.36497951146352886,0
96242,2012-07-22,0.6039799253679825,1
96243,2012-07-22,0.5353775068897385,1
96244,2012-07-22,0.2934907342433004,0
96245,2012-07-22,0.37280498471008566,0
96246,2012-07-22,0.5706571115533845,1
96247,2012-07-22,0.6094911458544031,1
96248,2012-07-22,0.3612769578169394,0
96249,2012-07-22,0.4251475772922253,0
96250,2012-07-22,0.3033324106831993,0
96251,2012-07-22,0.4398976776243883,1
96252,2012-07-22,0.22852704710712984,1
96253,2012-07-22,0.4960146006462015,0
96254,2012-07-22,0.31690034894830443,0
96255,2012-07-22,0.2855632177628374,0
96256,2012-07-22,0.464736587481663,0
96257,2012-07-22,0.27783010672589714,0
96258,2012-07-22,0.6579396797603113,1
96259,2012-07-22,0.26734873129842907,0
96260,2012-07-22,0.3022135707168561,1
96261,2012-07-22,0.30938964155447385,0
96262,2012-07-22,0.13487014446316276,0
96263,2012-07-22,0.5685861028132861,1
96264,2012-07-22,0.5199540973792479,1
96265,2012-07-23,0.23672545974004275,0
96266,2012-07-23,0.47691949660702254,1
96267,2012-07-23,0.5524512645966515,1
96268,2012-07-23,0.20255437606664323,1
96269,2012-07-23,0.360388768299812,0
96270,2012-07-23,0.20744403648752668,0
96271,2012-07-23,0.3485819840127628,1
96272,2012-07-23,0.4397850077886288,0
96273,2012-07-23,0.3278329406563919,0
96274,2012-07-23,0.4093674986668401,0
96275,2012-07-23,0.24464240867607862,0
96276,2012-07-23,0.4043110260073431,1
96277,2012-07-23,0.24963698850978475,1
96278,2012-07-23,0.059664475394827256,0
96279,2012-07-23,0.5373881933093982,0
96280,2012-07-23,0.3091372239915152,0
96281,2012-07-23,0.15673507511018706,0
96282,2012-07-23,0.40241049309047067,1
96283,2012-07-23,0.23408652196390384,1
96284,2012-07-23,0.4918307131019185,1
96285,2012-07-23,0.3314108991104165,0
96286,2012-07-23,0.5316195944017622,0
96287,2012-07-23,0.22366586902963365,0
96288,2012-07-23,0.36520910904735865,0
96289,2012-07-23,0.7018250480336661,1
96290,2012-07-23,0.20097326826786685,0
96291,2012-07-23,0.12070091591177173,0
96292,2012-07-23,0.3713167182317975,0
96293,2012-07-23,0.15648858624896927,1
96294,2012-07-23,0.6155230556714978,0
96295,2012-07-23,0.47580323096387406,1
96296,2012-07-23,0.5011329525095533,1
96297,2012-07-23,0.5577902892247806,1
96298,2012-07-23,0.4969995834762118,1
96299,2012-07-23,0.43265599670031873,0
96300,2012-07-23,0.6586038354802396,1
96301,2012-07-23,0.23042668353196358,0
96302,2012-07-23,0.32000856938822897,0
96303,2012-07-23,0.5416229148625715,0
96304,2012-07-23,0.14597977814652752,0
96305,2012-07-23,0.3691506604856826,0
96306,2012-07-23,0.3684705569558623,1
96307,2012-07-23,0.23369483690027826,1
96308,2012-07-23,0.2862692720809501,0
96309,2012-07-23,0.20720726851926585,0
96310,2012-07-23,0.1674033731890303,0
96311,2012-07-23,0.40939648534530265,0
96312,2012-07-23,0.2664090735540106,0
96313,2012-07-23,0.07011924432304752,0
96314,2012-07-23,0.18829550553971283,0
96315,2012-07-23,0.3089202155231364,0
96316,2012-07-23,0.49325766028612644,1
96317,2012-07-23,0.3463115878611342,1
96318,2012-07-23,0.5014511386752927,1
96319,2012-07-23,0.2546349311421777,0
96320,2012-07-23,0.27463763949500763,0
96321,2012-07-23,0.34552253422844886,0
96322,2012-07-23,0.28447262397148176,1
96323,2012-07-23,0.2286908664016676,0
96324,2012-07-23,0.3424647969636736,0
96325,2012-07-23,0.4372130621205732,1
96326,2012-07-23,0.3091372239915152,0
96327,2012-07-23,0.3346604484160254,0
96328,2012-07-23,0.46161463296736,1
96329,2012-07-23,0.3797390213695829,0
96330,2012-07-23,0.6680680298711383,1
96331,2012-07-23,0.1409801444035137,1
96332,2012-07-23,0.3404292949549727,0
96333,2012-07-23,0.1139258148564034,0
96334,2012-07-23,0.3480666235284901,0
96335,2012-07-23,0.49520896646224055,1
96336,2012-07-23,0.30292554344870415,0
96337,2012-07-23,0.46444851253562514,0
96338,2012-07-23,0.300317281940186,1
96339,2012-07-23,0.28327600346472775,0
96340,2012-07-23,0.3264536911799536,1
96341,2012-07-23,0.36235167612845,1
96342,2012-07-23,0.6893069153951991,0
96343,2012-07-23,0.4856963498003321,0
96344,2012-07-23,0.48334430442546744,1
96345,2012-07-23,0.28779473672995176,1
96346,2012-07-23,0.3319522247047604,1
96347,2012-07-23,0.7284342579141871,1
96348,2012-07-23,0.4540888571271182,1
96349,2012-07-23,0.5234725759432209,1
96350,2012-07-23,0.46945005280534424,1
96351,2012-07-23,0.4630254898544256,0
96352,2012-07-23,0.5776618996724352,0
96353,2012-07-23,0.13561168168397136,0
96354,2012-07-23,0.4199039590150251,1
96355,2012-07-23,0.16032554548485944,0
96356,2012-07-23,0.5377516561617274,1
96357,2012-07-23,0.4598178049458065,0
96358,2012-07-23,0.3189788580860211,0
96359,2012-07-23,0.6545176256174383,1
96360,2012-07-23,0.21704695803241703,1
96361,2012-07-23,0.29601709258056497,1
96362,2012-07-23,0.3758451325909523,0
96363,2012-07-23,0.3261503984991688,0
96364,2012-07-23,0.10776417999141408,0
96365,2012-07-23,0.086075120196485,0
96366,2012-07-23,0.35098741636650177,1
96367,2012-07-23,0.21010610767694216,0
96368,2012-07-23,0.4733336140560614,0
96369,2012-07-23,0.3967362672417093,1
96370,2012-07-23,0.37977049169775456,1
96371,2012-07-23,0.2358632750631183,1
96372,2012-07-23,0.08984474427179091,0
96373,2012-07-23,0.3304108983966508,1
96374,2012-07-23,0.6036302324845418,1
96375,2012-07-23,0.46996527627233575,0
96376,2012-07-23,0.28810650383992775,1
96377,2012-07-23,0.37331161816226527,0
96378,2012-07-23,0.6321655610010188,0
96379,2012-07-23,0.3589528609874643,0
96380,2012-07-23,0.3091372239915152,0
96381,2012-07-23,0.535929817836173,1
96382,2012-07-23,0.4239718329391316,1
96383,2012-07-23,0.6881469178111362,1
96384,2012-07-23,0.2154316599795904,0
96385,2012-07-23,0.26260078523797986,0
96386,2012-07-23,0.326903794387558,0
96387,2012-07-23,0.5561559539718978,1
96388,2012-07-23,0.4989123056936522,0
96389,2012-07-23,0.6061112127068785,1
96390,2012-07-23,0.24808935471371638,1
96391,2012-07-23,0.333181511006165,0
96392,2012-07-23,0.3896614863742364,0
96393,2012-07-23,0.4938329809970143,0
96394,2012-07-23,0.34755717121059976,1
96395,2012-07-23,0.3005235291528907,0
96396,2012-07-23,0.32625157620740564,0
96397,2012-07-23,0.36568070862781515,0
96398,2012-07-23,0.33864959094936087,1
96399,2012-07-23,0.39123825456403366,1
96400,2012-07-23,0.4716655698680727,1
96401,2012-07-23,0.2485457194261408,0
96402,2012-07-23,0.5344126719812836,1
96403,2012-07-23,0.4632780455896398,0
96404,2012-07-23,0.37127633233478774,0
96405,2012-07-23,0.4163868209759443,1
96406,2012-07-23,0.28720738663727,0
96407,2012-07-23,0.06278048340138022,0
96408,2012-07-23,0.5702671650199084,1
96409,2012-07-23,0.08636224542861337,0
96410,2012-07-23,0.3615538880702142,0
96411,2012-07-23,0.3424977856925803,1
96412,2012-07-23,0.5509809641744091,1
96413,2012-07-23,0.4246543282488489,1
96414,2012-07-23,0.6404596710706187,1
96415,2012-07-23,0.22861666129989394,0
96416,2012-07-23,0.5296248639797444,0
96417,2012-07-23,0.38890175325072557,0
96418,2012-07-23,0.30922843978100395,0
96419,2012-07-23,0.3707259950264815,1
96420,2012-07-23,0.5612750376449492,1
96421,2012-07-23,0.33743303553772197,0
96422,2012-07-23,0.5750865745272986,1
96423,2012-07-23,0.4360783968083884,1
96424,2012-07-23,0.33979117539846265,0
96425,2012-07-23,0.20250015622060596,0
96426,2012-07-23,0.5720905283394385,1
96427,2012-07-23,0.23296907094985458,0
96428,2012-07-23,0.2505938113567172,1
96429,2012-07-23,0.3683214219464977,0
96430,2012-07-23,0.34473972276315706,0
96431,2012-07-23,0.289308194437179,1
96432,2012-07-23,0.28346525020592445,0
96433,2012-07-23,0.36370970471917646,1
96434,2012-07-23,0.21534146154017228,1
96435,2012-07-23,0.36194555028300895,0
96436,2012-07-23,0.3877798279124062,0
96437,2012-07-23,0.3696860612061752,0
96438,2012-07-23,0.15241348322674675,0
96439,2012-07-23,0.6440646344710392,1
96440,2012-07-23,0.5560978853614919,0
96441,2012-07-23,0.3410760829694834,0
96442,2012-07-23,0.5352273812169136,1
96443,2012-07-23,0.5287821676052471,1
96444,2012-07-23,0.5914880939127484,0
96445,2012-07-23,0.4969424826274779,0
96446,2012-07-23,0.3941954978821182,0
96447,2012-07-23,0.23797692173739027,0
96448,2012-07-23,0.3092557278169812,1
96449,2012-07-23,0.47271269507454394,1
96450,2012-07-23,0.5067180788218363,1
96451,2012-07-23,0.3294727237594495,0
96452,2012-07-23,0.22932936506182142,0
96453,2012-07-23,0.5519762531841836,1
96454,2012-07-23,0.6087294934938521,0
96455,2012-07-23,0.6274174990786437,0
96456,2012-07-23,0.42512027312672573,0
96457,2012-07-23,0.34891219802951023,0
96458,2012-07-23,0.3932496854010974,0
96459,2012-07-23,0.2622061139986286,0
96460,2012-07-23,0.5397684044780767,0
96461,2012-07-23,0.3947411517641491,1
96462,2012-07-23,0.45933933519436165,0
96463,2012-07-23,0.3416336535153322,0
96464,2012-07-23,0.5480046734693634,1
96465,2012-07-23,0.35962851674988544,0
96466,2012-07-23,0.3971794188350568,0
96467,2012-07-23,0.4924470448035885,0
96468,2012-07-23,0.5314378817156343,1
96469,2012-07-23,0.3258687550182725,0
96470,2012-07-23,0.25307625364639025,1
96471,2012-07-23,0.5834284011877744,1
96472,2012-07-23,0.5073169009129759,1
96473,2012-07-23,0.5943415265350687,1
96474,2012-07-23,0.5917302273380926,1
96475,2012-07-23,0.3452309217553134,0
96476,2012-07-23,0.19263647822439955,0
96477,2012-07-23,0.3439162144169392,0
96478,2012-07-23,0.32489254685662544,1
96479,2012-07-23,0.452871714356499,0
96480,2012-07-23,0.2112156837477112,1
96481,2012-07-23,0.4651585230343713,0
96482,2012-07-23,0.277466691551946,0
96483,2012-07-23,0.442734886055538,0
96484,2012-07-23,0.2183737981612428,0
96485,2012-07-23,0.28401438652078237,0
96486,2012-07-23,0.571383558039406,0
96487,2012-07-23,0.38356026391140646,0
96488,2012-07-23,0.3628912591723115,0
96489,2012-07-23,0.37864297442470923,0
96490,2012-07-23,0.33814914568443744,0
96491,2012-07-23,0.46065715298416715,1
96492,2012-07-23,0.5139631107513568,1
96493,2012-07-23,0.1729175175762301,0
96494,2012-07-23,0.415419364979067,0
96495,2012-07-23,0.5628325551378331,1
96496,2012-07-23,0.6337331060520344,1
96497,2012-07-23,0.31866393683397437,0
96498,2012-07-23,0.07681835644339571,0
96499,2012-07-23,0.30783785892701887,0
96500,2012-07-23,0.35183731037017585,0
96501,2012-07-23,0.25100771638707997,0
96502,2012-07-23,0.5339775789333385,1
96503,2012-07-23,0.36488355722906374,0
96504,2012-07-23,0.4654892255734467,0
96505,2012-07-23,0.39542862586336996,0
96506,2012-07-23,0.3023381922420672,0
96507,2012-07-23,0.16125308321130472,0
96508,2012-07-23,0.24776779071128618,0
96509,2012-07-23,0.5102281595654351,0
96510,2012-07-23,0.5217906825790535,1
96511,2012-07-23,0.1832028631939182,1
96512,2012-07-23,0.4950069002798885,0
96513,2012-07-23,0.2709732920339325,1
96514,2012-07-23,0.49895748524928885,1
96515,2012-07-23,0.2372266938565283,0
96516,2012-07-23,0.18707346002118444,0
96517,2012-07-23,0.35802489462871906,0
96518,2012-07-23,0.6073034701174437,1
96519,2012-07-23,0.4130789231927453,0
96520,2012-07-23,0.3000535187970553,1
96521,2012-07-23,0.35009508962887387,1
96522,2012-07-23,0.2246212479392755,0
96523,2012-07-23,0.5141288180548019,1
96524,2012-07-23,0.36913009776571354,0
96525,2012-07-23,0.4757775096739394,0
96526,2012-07-23,0.34666276446131933,0
96527,2012-07-23,0.3365769280212028,1
96528,2012-07-23,0.6869825529145025,0
96529,2012-07-23,0.28933675808362275,0
96530,2012-07-23,0.3909644082349954,0
96531,2012-07-23,0.5521595336876213,1
96532,2012-07-23,0.35120613779261806,0
96533,2012-07-23,0.469804059274915,1
96534,2012-07-23,0.2729570314170422,0
96535,2012-07-23,0.3845557494642095,0
96536,2012-07-23,0.3528019812054975,0
96537,2012-07-23,0.3578899899630799,0
96538,2012-07-23,0.5349719857465528,0
96539,2012-07-23,0.5220134890778554,1
96540,2012-07-23,0.4108449829261777,1
96541,2012-07-23,0.25911082995835427,1
96542,2012-07-23,0.3091372239915152,1
96543,2012-07-23,0.4516256564579094,0
96544,2012-07-23,0.3862770545945775,1
96545,2012-07-23,0.33685859553327596,1
96546,2012-07-23,0.14653451582437496,0
96547,2012-07-23,0.41969485774594656,0
96548,2012-07-23,0.38477528028052543,0
96549,2012-07-23,0.42843954580996735,1
96550,2012-07-23,0.41895553235108085,0
96551,2012-07-23,0.45849620377324785,0
96552,2012-07-23,0.24264408958897613,0
96553,2012-07-23,0.47102531744586357,0
96554,2012-07-23,0.5236127349456163,0
96555,2012-07-23,0.5061721623184324,1
96556,2012-07-23,0.3905710777524814,1
96557,2012-07-23,0.5142678887806945,1
96558,2012-07-23,0.3862760091372824,0
96559,2012-07-23,0.46326587756867726,0
96560,2012-07-23,0.3180888467380397,1
96561,2012-07-23,0.3008443805878709,0
96562,2012-07-23,0.5084995223712796,0
96563,2012-07-23,0.4955713773622422,1
96564,2012-07-23,0.5881997779316649,0
96565,2012-07-23,0.5242265731939839,1
96566,2012-07-23,0.3099596535760134,0
96567,2012-07-24,0.5887027982895527,1
96568,2012-07-24,0.4411922689208834,0
96569,2012-07-24,0.301837796623154,1
96570,2012-07-24,0.33758264952722816,0
96571,2012-07-24,0.3242607477861153,1
96572,2012-07-24,0.6159726044412291,1
96573,2012-07-24,0.4760134025535035,1
96574,2012-07-24,0.2682136673405904,0
96575,2012-07-24,0.43981513070659917,1
96576,2012-07-24,0.42974354751798716,0
96577,2012-07-24,0.46998872390056573,1
96578,2012-07-24,0.5483462318589368,0
96579,2012-07-24,0.42671199445094365,0
96580,2012-07-24,0.5667075876611068,1
96581,2012-07-24,0.3697406938837637,0
96582,2012-07-24,0.47441431459684935,1
96583,2012-07-24,0.3998859830138126,0
96584,2012-07-24,0.34736880605068404,1
96585,2012-07-24,0.5297440301581439,1
96586,2012-07-24,0.3212260517750485,1
96587,2012-07-24,0.3470188937816312,0
96588,2012-07-24,0.5811916291186795,1
96589,2012-07-24,0.35167569450884256,0
96590,2012-07-24,0.36552268454505227,0
96591,2012-07-24,0.39843213213819995,1
96592,2012-07-24,0.43004726291998313,0
96593,2012-07-24,0.48688375486559143,1
96594,2012-07-24,0.4649461795181217,0
96595,2012-07-24,0.680223308232796,1
96596,2012-07-24,0.4140096528024283,1
96597,2012-07-24,0.2266599616668554,0
96598,2012-07-24,0.5744035198827213,1
96599,2012-07-24,0.6986700654349716,1
96600,2012-07-24,0.3333759452549109,0
96601,2012-07-24,0.3907696387857663,1
96602,2012-07-24,0.5030747218029978,1
96603,2012-07-24,0.4772709330287703,1
96604,2012-07-24,0.3221551402685455,0
96605,2012-07-24,0.3224908878704047,0
96606,2012-07-24,0.5139472397660805,1
96607,2012-07-24,0.17830581079164515,0
96608,2012-07-24,0.23192429524875638,0
96609,2012-07-24,0.1649156663378399,0
96610,2012-07-24,0.06084103255537109,0
96611,2012-07-24,0.4831897301589221,0
96612,2012-07-24,0.3008329264960863,0
96613,2012-07-24,0.4009891320295386,1
96614,2012-07-24,0.395434031296161,1
96615,2012-07-24,0.43245848095219064,1
96616,2012-07-24,0.34178185980102554,1
96617,2012-07-24,0.42462842633513387,0
96618,2012-07-24,0.3593104924714656,1
96619,2012-07-24,0.4239468778205031,0
96620,2012-07-24,0.4523992600662567,1
96621,2012-07-24,0.18011323564193446,0
96622,2012-07-24,0.40931702252176055,1
96623,2012-07-24,0.35835745957839094,0
96624,2012-07-24,0.40640791994406894,1
96625,2012-07-24,0.5235717115385542,0
96626,2012-07-24,0.369171525361499,0
96627,2012-07-24,0.45297605443205513,0
96628,2012-07-24,0.440009620123421,0
96629,2012-07-24,0.5455522189878936,1
96630,2012-07-24,0.5270258397657661,1
96631,2012-07-24,0.14312738496823868,0
96632,2012-07-24,0.39614676243013464,1
96633,2012-07-24,0.4989131048810096,0
96634,2012-07-24,0.4032937339582967,1
96635,2012-07-24,0.4578380159529446,1
96636,2012-07-24,0.38210937473123346,0
96637,2012-07-24,0.20342126790017231,0
96638,2012-07-24,0.3891314619549513,1
96639,2012-07-24,0.35166985408421636,1
96640,2012-07-24,0.32112526627070653,0
96641,2012-07-24,0.33002923491103414,0
96642,2012-07-24,0.6722629640796691,1
96643,2012-07-24,0.4869516965831947,1
96644,2012-07-24,0.5837007596610427,1
96645,2012-07-24,0.4011564616898721,0
96646,2012-07-24,0.5437299709437021,1
96647,2012-07-24,0.4000556071314172,1
96648,2012-07-24,0.5807883802192686,1
96649,2012-07-24,0.26465550441484464,0
96650,2012-07-24,0.23755123490848723,0
96651,2012-07-24,0.3972028281980846,1
96652,2012-07-24,0.5323838412620009,1
96653,2012-07-24,0.312083379996215,0
96654,2012-07-24,0.36072642207073974,1
96655,2012-07-24,0.6089899105078027,0
96656,2012-07-24,0.4370148683584372,0
96657,2012-07-24,0.4095323176482865,0
96658,2012-07-24,0.2373091984543447,0
96659,2012-07-24,0.3790387154993914,0
96660,2012-07-24,0.18851997009673582,0
96661,2012-07-24,0.41222585623379693,0
96662,2012-07-24,0.4056714596108732,1
96663,2012-07-24,0.28204348107749083,1
96664,2012-07-24,0.273623488743432,1
96665,2012-07-24,0.4779590915865989,0
96666,2012-07-24,0.31106133693188925,0
96667,2012-07-24,0.6009865570601941,1
96668,2012-07-24,0.46580716288119844,0
96669,2012-07-24,0.37131493650518826,0
96670,2012-07-24,0.3178684079707103,0
96671,2012-07-24,0.5788510572692359,1
96672,2012-07-24,0.20377982537091818,0
96673,2012-07-24,0.28666477370055427,0
96674,2012-07-24,0.36019055390926125,1
96675,2012-07-24,0.3282430878575618,0
96676,2012-07-24,0.49044131350222175,0
96677,2012-07-24,0.32956563960158425,1
96678,2012-07-24,0.2663454038448257,0
96679,2012-07-24,0.6614335118229121,1
96680,2012-07-24,0.3185667167971698,0
96681,2012-07-24,0.19278170529153416,0
96682,2012-07-24,0.5426641429709075,1
96683,2012-07-24,0.3919610630818378,0
96684,2012-07-24,0.2918115413747327,0
96685,2012-07-24,0.41304500038499614,1
96686,2012-07-24,0.2436293339741081,0
96687,2012-07-24,0.23528190126181847,0
96688,2012-07-24,0.09034360411693047,0
96689,2012-07-24,0.4935753163136978,0
96690,2012-07-24,0.44828756173259005,0
96691,2012-07-24,0.37323520345214833,1
96692,2012-07-24,0.3608376828141492,0
96693,2012-07-24,0.25995141419640705,1
96694,2012-07-24,0.43110233277545507,1
96695,2012-07-24,0.5227312069862093,0
96696,2012-07-24,0.3219671632553968,0
96697,2012-07-24,0.16870588683890175,0
96698,2012-07-24,0.2908355920226891,0
96699,2012-07-24,0.17995458071996187,0
96700,2012-07-24,0.3572874020322352,1
96701,2012-07-24,0.5395540704056476,0
96702,2012-07-24,0.24387255320105866,0
96703,2012-07-24,0.5161731793667714,1
96704,2012-07-24,0.19746355761059697,0
96705,2012-07-24,0.32499237234071426,0
96706,2012-07-24,0.26848995741187115,0
96707,2012-07-24,0.44311509811092414,0
96708,2012-07-24,0.6124936058740555,0
96709,2012-07-24,0.3778465228070068,0
96710,2012-07-24,0.527670417144231,0
96711,2012-07-24,0.19549777052899087,1
96712,2012-07-24,0.17415324284050854,1
96713,2012-07-24,0.4074003375124593,1
96714,2012-07-24,0.497478552857566,0
96715,2012-07-24,0.22549192728896328,0
96716,2012-07-24,0.5376664557394627,1
96717,2012-07-24,0.35577831018209694,0
96718,2012-07-24,0.5797865310618449,0
96719,2012-07-24,0.4226153302993606,0
96720,2012-07-24,0.2431971556995165,0
96721,2012-07-24,0.3180493812738542,0
96722,2012-07-24,0.23971984325529852,0
96723,2012-07-24,0.5125282518798167,0
96724,2012-07-24,0.3889759942513729,0
96725,2012-07-24,0.6781787787275091,1
96726,2012-07-24,0.5400665523294057,1
96727,2012-07-24,0.4495348418083665,1
96728,2012-07-24,0.49892348250446694,0
96729,2012-07-24,0.42654724943521827,0
96730,2012-07-24,0.23462299198133454,1
96731,2012-07-24,0.3951317749815046,1
96732,2012-07-24,0.5383922111968684,0
96733,2012-07-24,0.4005798126573365,1
96734,2012-07-24,0.2747924222329888,1
96735,2012-07-24,0.5814587123116287,0
96736,2012-07-24,0.3739303492481318,1
96737,2012-07-24,0.2744769960445538,0
96738,2012-07-24,0.4054987637789837,1
96739,2012-07-24,0.3711380850754856,0
96740,2012-07-24,0.554493556056718,0
96741,2012-07-24,0.36025689861707394,0
96742,2012-07-24,0.38186076213173004,0
96743,2012-07-24,0.21962458594487352,0
96744,2012-07-24,0.4581426595728802,1
96745,2012-07-24,0.21065688013243675,0
96746,2012-07-24,0.37686797062265753,0
96747,2012-07-24,0.5466844107519981,0
96748,2012-07-24,0.6198446988626714,0
96749,2012-07-24,0.35831712535117194,1
96750,2012-07-24,0.43246641037570094,0
96751,2012-07-24,0.39153305155735485,1
96752,2012-07-24,0.20569518531525188,1
96753,2012-07-24,0.312469773394439,1
96754,2012-07-24,0.4779698474176699,1
96755,2012-07-24,0.42327659829561004,0
96756,2012-07-24,0.2787423397103958,1
96757,2012-07-24,0.36659907118388585,1
96758,2012-07-24,0.3879051765073674,0
96759,2012-07-24,0.3155494764094727,0
96760,2012-07-24,0.2587408750304896,0
96761,2012-07-25,0.22131226830294953,0
96762,2012-07-25,0.4648457476107396,1
96763,2012-07-25,0.20150069687483613,0
96764,2012-07-25,0.43774298749979285,1
96765,2012-07-25,0.5652034778899901,0
96766,2012-07-25,0.31010565084489783,0
96767,2012-07-25,0.399650840276843,0
96768,2012-07-25,0.47870967820360355,0
96769,2012-07-25,0.5234054665873746,1
96770,2012-07-25,0.3768501893524818,0
96771,2012-07-25,0.33423015466267614,1
96772,2012-07-25,0.4985745543161961,0
96773,2012-07-25,0.26582699584891634,0
96774,2012-07-25,0.6327336150712859,0
96775,2012-07-25,0.391032612139439,0
96776,2012-07-25,0.33153639148436903,1
96777,2012-07-25,0.23318009079408822,1
96778,2012-07-25,0.3952748812111723,1
96779,2012-07-25,0.3145408495439981,1
96780,2012-07-25,0.4825497126130537,1
96781,2012-07-25,0.3208363161456968,0
96782,2012-07-25,0.4075428758740309,0
96783,2012-07-25,0.23003144015949548,1
96784,2012-07-25,0.4424447549091745,0
96785,2012-07-25,0.41075612057040667,0
96786,2012-07-25,0.42592367336823983,1
96787,2012-07-25,0.32573648999297206,0
96788,2012-07-25,0.44620868947059883,0
96789,2012-07-25,0.4125471568440473,1
96790,2012-07-25,0.2167883691980142,0
96791,2012-07-25,0.6110559030481881,1
96792,2012-07-25,0.6058164319388528,1
96793,2012-07-25,0.34611501682253276,0
96794,2012-07-25,0.37012119945875,1
96795,2012-07-25,0.23604880902156372,0
96796,2012-07-25,0.2283740253971944,1
96797,2012-07-25,0.43450643246623627,0
96798,2012-07-25,0.39241160401203495,0
96799,2012-07-25,0.3272677455959952,0
96800,2012-07-25,0.3573095646530265,0
96801,2012-07-25,0.6480908544854641,1
96802,2012-07-25,0.2457307404242043,0
96803,2012-07-25,0.6142115782201119,0
96804,2012-07-25,0.42924978612796977,0
96805,2012-07-25,0.1812923208183708,0
96806,2012-07-25,0.23370503819909924,0
96807,2012-07-25,0.34366971083115605,1
96808,2012-07-25,0.21471203304851172,0
96809,2012-07-25,0.19659268255107712,1
96810,2012-07-25,0.43525115526801145,0
96811,2012-07-25,0.2711208678425871,0
96812,2012-07-25,0.5362642189147543,0
96813,2012-07-25,0.5063764446428771,0
96814,2012-07-25,0.4211159480071116,0
96815,2012-07-25,0.276915393412517,1
96816,2012-07-25,0.35526468789587606,0
96817,2012-07-25,0.3513119323040069,0
96818,2012-07-25,0.44673038215942346,1
96819,2012-07-25,0.21583428079480851,0
96820,2012-07-25,0.4319262995144779,0
96821,2012-07-25,0.3606400178548503,0
96822,2012-07-25,0.5001501634588719,0
96823,2012-07-25,0.4493899125538054,1
96824,2012-07-25,0.6207748302378099,0
96825,2012-07-25,0.5931170759059989,0
96826,2012-07-25,0.3122492741435586,0
96827,2012-07-25,0.20442989746659612,0
96828,2012-07-25,0.37612017784854745,0
96829,2012-07-25,0.48169341767491697,0
96830,2012-07-25,0.34549208684406024,0
96831,2012-07-25,0.26544532612585225,0
96832,2012-07-25,0.4895148904383202,0
96833,2012-07-25,0.19915929994845685,0
96834,2012-07-25,0.3828488168819474,0
96835,2012-07-25,0.24335372047879766,1
96836,2012-07-25,0.3294841127860768,0
96837,2012-07-25,0.5740821035600704,1
96838,2012-07-25,0.41386085536395634,0
96839,2012-07-25,0.3546752751355686,1
96840,2012-07-25,0.30825765123279925,0
96841,2012-07-25,0.3765701934889558,1
96842,2012-07-25,0.41663229641983374,1
96843,2012-07-25,0.5566265549808086,0
96844,2012-07-25,0.22607593015157823,0
96845,2012-07-25,0.302592508170543,0
96846,2012-07-25,0.30995732756766264,1
96847,2012-07-25,0.362374837830535,0
96848,2012-07-25,0.49535061382459944,0
96849,2012-07-25,0.29951716118850197,0
96850,2012-07-25,0.2854279422977187,0
96851,2012-07-25,0.5409838503314716,0
96852,2012-07-25,0.27510457696570356,0
96853,2012-07-25,0.45868499296292675,1
96854,2012-07-25,0.4505782228102533,0
96855,2012-07-25,0.38273431847950234,1
96856,2012-07-25,0.5211516210317214,0
96857,2012-07-25,0.16481479582125588,1
96858,2012-07-25,0.45291453394729836,0
96859,2012-07-25,0.19698664488236825,0
96860,2012-07-25,0.33461384352328083,0
96861,2012-07-25,0.18991424244845528,0
96862,2012-07-25,0.3544694322213031,0
96863,2012-07-25,0.3997024769816761,0
96864,2012-07-25,0.4763056935820184,0
96865,2012-07-25,0.5474097907574514,1
96866,2012-07-25,0.28201397287095525,0
96867,2012-07-25,0.46894471948231287,0
96868,2012-07-25,0.31056442585716143,0
96869,2012-07-25,0.2176285498626181,0
96870,2012-07-25,0.3006619582487759,0
96871,2012-07-25,0.40117871101291563,0
96872,2012-07-25,0.3529036078440083,1
96873,2012-07-25,0.16448451086466237,0
96874,2012-07-25,0.40095782728192564,0
96875,2012-07-25,0.15943652360212088,0
96876,2012-07-25,0.18953157794071743,0
96877,2012-07-25,0.18884638084099994,0
96878,2012-07-25,0.4065965769751336,0
96879,2012-07-25,0.23112157095699382,1
96880,2012-07-25,0.2544160759973844,0
96881,2012-07-25,0.44001329335980266,1
96882,2012-07-25,0.4305325014283438,0
96883,2012-07-25,0.3557109566069849,1
96884,2012-07-25,0.2863056361239849,0
96885,2012-07-25,0.30027737926896086,0
96886,2012-07-25,0.3055350407486501,0
96887,2012-07-25,0.4417835885629729,1
96888,2012-07-25,0.24842386936053507,0
96889,2012-07-25,0.5457573668307125,1
96890,2012-07-25,0.364785834041337,0
96891,2012-07-25,0.39538847500835467,0
96892,2012-07-25,0.37505477881141075,0
96893,2012-07-25,0.5496636299497354,0
96894,2012-07-25,0.3272512573805389,0
96895,2012-07-25,0.3796063188483117,1
96896,2012-07-25,0.3607669857721763,0
96897,2012-07-25,0.19006944958152444,0
96898,2012-07-25,0.396410597657621,0
96899,2012-07-25,0.5538887033639959,1
96900,2012-07-25,0.10602454473998185,0
96901,2012-07-25,0.3607026550703539,0
96902,2012-07-25,0.39171393629102375,0
96903,2012-07-25,0.2866570594117894,1
96904,2012-07-25,0.574762018043851,0
96905,2012-07-25,0.5217472151443566,1
96906,2012-07-25,0.34635791057245835,0
96907,2012-07-25,0.1835078249273761,0
96908,2012-07-25,0.3840709934556642,1
96909,2012-07-25,0.4859762211592007,0
96910,2012-07-25,0.5737537895169531,1
96911,2012-07-25,0.5727256922746375,1
96912,2012-07-25,0.29590123963348486,0
96913,2012-07-25,0.4029035813564646,0
96914,2012-07-25,0.4501104714396821,0
96915,2012-07-25,0.37277390212336764,1
96916,2012-07-25,0.29444763274448915,1
96917,2012-07-25,0.37743391935946485,1
96918,2012-07-25,0.30853781406138475,0
96919,2012-07-25,0.13800208968661973,0
96920,2012-07-25,0.20053462478575215,0
96921,2012-07-25,0.33697843130239197,0
96922,2012-07-25,0.4884778525458156,1
96923,2012-07-25,0.20677909721510848,1
96924,2012-07-25,0.2671297821043428,0
96925,2012-07-25,0.3319553871176574,0
96926,2012-07-25,0.27469689325468616,0
96927,2012-07-25,0.5228242800882411,0
96928,2012-07-25,0.45148442557301105,0
96929,2012-07-25,0.3099975990088458,0
96930,2012-07-25,0.26932646410120226,0
96931,2012-07-25,0.3009944646726496,0
96932,2012-07-25,0.37090829304111966,0
96933,2012-07-25,0.39691491127746037,0
96934,2012-07-25,0.48334382976174567,0
96935,2012-07-26,0.45378252594504936,1
96936,2012-07-26,0.35928977020582237,0
96937,2012-07-26,0.3927490119731234,0
96938,2012-07-26,0.3023997810604152,0
96939,2012-07-26,0.372437884740731,0
96940,2012-07-26,0.40913926527746397,0
96941,2012-07-26,0.6593561787452856,1
96942,2012-07-26,0.5779953963236988,0
96943,2012-07-26,0.288744419671758,1
96944,2012-07-26,0.21545739656600676,0
96945,2012-07-26,0.33323093213001115,0
96946,2012-07-26,0.5225697042278382,0
96947,2012-07-26,0.4790665793296839,1
96948,2012-07-26,0.45750149242264665,1
96949,2012-07-26,0.3293015812549292,0
96950,2012-07-26,0.455175699891581,1
96951,2012-07-26,0.3678008588494185,1
96952,2012-07-26,0.5008604100724446,0
96953,2012-07-26,0.4449151928428602,0
96954,2012-07-26,0.27211984889945995,0
96955,2012-07-26,0.19420555288115404,0
96956,2012-07-26,0.36972035747747306,1
96957,2012-07-26,0.44130517271837405,0
96958,2012-07-26,0.2885263577078948,1
96959,2012-07-26,0.47058194127459324,1
96960,2012-07-26,0.4738927945426317,0
96961,2012-07-26,0.29933194785495615,0
96962,2012-07-26,0.5559179472802747,0
96963,2012-07-26,0.34605913355980505,1
96964,2012-07-26,0.31298661166714165,1
96965,2012-07-26,0.34199618733466985,1
96966,2012-07-26,0.6853649448535122,1
96967,2012-07-26,0.32490446324547945,0
96968,2012-07-26,0.10571606505145686,0
96969,2012-07-26,0.46520384897329375,0
96970,2012-07-26,0.4109090969272481,1
96971,2012-07-26,0.45673499251071,0
96972,2012-07-26,0.288628652619798,0
96973,2012-07-26,0.3825981795515261,0
96974,2012-07-26,0.49590224378488923,1
96975,2012-07-26,0.3060033473587372,1
96976,2012-07-26,0.4874338636808717,1
96977,2012-07-26,0.3822031416816492,1
96978,2012-07-26,0.6160489053764984,1
96979,2012-07-26,0.46130014048455503,1
96980,2012-07-26,0.34865008485037574,0
96981,2012-07-26,0.3098327010156805,1
96982,2012-07-26,0.1785342232716131,0
96983,2012-07-26,0.49363270837956785,0
96984,2012-07-26,0.18607938280944455,0
96985,2012-07-26,0.27913804631056993,0
96986,2012-07-26,0.36104174581656145,0
96987,2012-07-26,0.37311344386371315,1
96988,2012-07-26,0.5410499094085652,1
96989,2012-07-26,0.1928209616555941,0
96990,2012-07-26,0.45577719918166665,0
96991,2012-07-26,0.3950324020381257,0
96992,2012-07-26,0.29182363118361465,1
96993,2012-07-26,0.25363326298105154,0
96994,2012-07-26,0.1773611600812097,0
96995,2012-07-26,0.24059910188170847,0
96996,2012-07-26,0.39445811733785946,1
96997,2012-07-26,0.4476759671204397,0
96998,2012-07-26,0.2484481596383529,1
96999,2012-07-26,0.32281321872680757,0
97000,2012-07-26,0.28443851859796826,1
97001,2012-07-26,0.22464636313832712,0
97002,2012-07-26,0.2977885640387014,0
97003,2012-07-26,0.20329190066399583,0
97004,2012-07-26,0.31794583639299134,0
97005,2012-07-26,0.1646408736856201,0
97006,2012-07-26,0.4979860425534161,1
97007,2012-07-26,0.2737564650839767,1
97008,2012-07-26,0.3755458882010882,1
97009,2012-07-26,0.3466797330493596,1
97010,2012-07-26,0.578682662703109,1
97011,2012-07-26,0.45034171401136114,1
97012,2012-07-26,0.30665931031387805,1
97013,2012-07-26,0.26893483577159355,0
97014,2012-07-26,0.29284170525411607,0
97015,2012-07-26,0.28398082175915085,0
97016,2012-07-26,0.326066937802114,0
97017,2012-07-26,0.4583783243479976,0
97018,2012-07-26,0.26237331304304223,0
97019,2012-07-26,0.4439562188174906,1
97020,2012-07-26,0.505054403381837,1
97021,2012-07-26,0.5573848770013449,1
97022,2012-07-26,0.3830342343739417,1
97023,2012-07-26,0.4936756592867609,1
97024,2012-07-26,0.49415345418895384,0
97025,2012-07-26,0.307146761001687,0
97026,2012-07-26,0.6082186762524695,1
97027,2012-07-26,0.11944928245654114,0
97028,2012-07-26,0.12059633656462944,0
97029,2012-07-26,0.36575993714645744,0
97030,2012-07-26,0.29192659044369507,0
97031,2012-07-26,0.18076587120318185,0
97032,2012-07-26,0.3691056971457722,0
97033,2012-07-26,0.5321362607259287,1
97034,2012-07-26,0.23945659783688575,0
97035,2012-07-26,0.30094057379943473,0
97036,2012-07-26,0.5436133713130613,1
97037,2012-07-26,0.2546943134569622,0
97038,2012-07-26,0.2514968270758061,0
97039,2012-07-26,0.367478101351174,1
97040,2012-07-26,0.476420039513119,0
97041,2012-07-26,0.2305235838447757,1
97042,2012-07-26,0.1239577877801992,0
97043,2012-07-26,0.4524655843970643,1
97044,2012-07-26,0.36576326179611135,1
97045,2012-07-26,0.4796447472737037,0
97046,2012-07-26,0.3964214747765065,1
97047,2012-07-26,0.2979894463125522,0
97048,2012-07-26,0.10785592056271881,0
97049,2012-07-26,0.5223377791797498,0
97050,2012-07-26,0.5463163650089184,0
97051,2012-07-26,0.2698001817736253,0
97052,2012-07-26,0.48130479153004285,0
97053,2012-07-26,0.3891648091542971,1
97054,2012-07-26,0.4701843921896772,1
97055,2012-07-26,0.3609560476524467,1
97056,2012-07-26,0.3297940252204751,1
97057,2012-07-26,0.39412965124227817,1
97058,2012-07-26,0.5185894171432174,0
97059,2012-07-26,0.23287620258897143,0
97060,2012-07-26,0.22706686450652788,0
97061,2012-07-26,0.4328247069185624,1
97062,2012-07-26,0.5507126857961536,0
97063,2012-07-26,0.27634908726784513,0
97064,2012-07-26,0.4796549712697904,1
97065,2012-07-26,0.4638643172480903,0
97066,2012-07-26,0.4510825624294162,0
97067,2012-07-26,0.40938947995983765,0
97068,2012-07-26,0.44626587303789567,0
97069,2012-07-26,0.5353554178885457,0
97070,2012-07-26,0.2526751869664277,0
97071,2012-07-26,0.4474037844553081,1
97072,2012-07-26,0.5664092734535411,1
97073,2012-07-26,0.43135641246056716,1
97074,2012-07-26,0.36742642383223506,1
97075,2012-07-26,0.316942999400393,0
97076,2012-07-26,0.28296622943728156,0
97077,2012-07-26,0.2894645332167586,0
97078,2012-07-26,0.4682395721534795,0
97079,2012-07-26,0.3502210080933046,0
97080,2012-07-26,0.23042755449170024,0
97081,2012-07-26,0.4122306067621969,1
97082,2012-07-26,0.4795173357315712,0
97083,2012-07-26,0.34860809624541694,0
97084,2012-07-26,0.37605890845105144,1
97085,2012-07-26,0.24288602565811246,0
97086,2012-07-26,0.5248508661245234,1
97087,2012-07-26,0.4666228984630602,0
97088,2012-07-26,0.22446032134705518,0
97089,2012-07-26,0.39939020181710155,1
97090,2012-07-26,0.5978125505689189,0
97091,2012-07-26,0.3566783068973023,0
97092,2012-07-26,0.22190089292568607,0
97093,2012-07-26,0.2557499798367477,0
97094,2012-07-26,0.2580689830686349,0
97095,2012-07-26,0.4291733880787107,0
97096,2012-07-26,0.39080168190633696,0
97097,2012-07-26,0.3417547791439746,1
97098,2012-07-26,0.5673919246053035,1
97099,2012-07-26,0.39574061109878106,0
97100,2012-07-26,0.3834559255178609,1
97101,2012-07-26,0.5079406915557715,1
97102,2012-07-26,0.35264069122842795,0
97103,2012-07-26,0.4604654691128439,1
97104,2012-07-26,0.48531430010117654,0
97105,2012-07-26,0.22699779859924812,0
97106,2012-07-26,0.33517279052860577,0
97107,2012-07-26,0.4337308596856718,1
97108,2012-07-26,0.3418458551594391,0
97109,2012-07-26,0.3364843518218633,1
97110,2012-07-26,0.225283469993029,0
97111,2012-07-26,0.3493072733837922,1
97112,2012-07-26,0.5326329249795918,1
97113,2012-07-26,0.3781204626052892,1
97114,2012-07-26,0.3723570390264975,1
97115,2012-07-26,0.32808167977405905,1
97116,2012-07-26,0.5174177025184964,0
97117,2012-07-26,0.48128567223754143,0
97118,2012-07-26,0.3376831683031352,1
97119,2012-07-26,0.36576504772294643,1
97120,2012-07-26,0.29689403755668736,1
97121,2012-07-26,0.5091544951885889,0
97122,2012-07-26,0.5542006139178429,1
97123,2012-07-26,0.261496318435595,0
97124,2012-07-26,0.34116834219292824,0
97125,2012-07-26,0.5343050907763022,0
97126,2012-07-26,0.4313780382410441,1
97127,2012-07-26,0.44149261140385,0
97128,2012-07-26,0.17328407665261034,0
97129,2012-07-26,0.37954713539478624,0
97130,2012-07-26,0.25318946744878873,0
97131,2012-07-26,0.5459787490541662,1
97132,2012-07-26,0.20146764028615394,1
97133,2012-07-26,0.26033154174666395,0
97134,2012-07-26,0.25623970411968,0
97135,2012-07-26,0.1822711157870566,0
97136,2012-07-26,0.5506653146277719,0
97137,2012-07-26,0.2807643714196961,0
97138,2012-07-26,0.3833395023098962,1
97139,2012-07-26,0.4559093175474151,0
97140,2012-07-26,0.3683766880858955,0
97141,2012-07-26,0.4710754101180039,1
97142,2012-07-26,0.22500492870352173,0
97143,2012-07-26,0.36715941341934855,1
97144,2012-07-26,0.42938665242139284,1
97145,2012-07-26,0.514303668338756,0
97146,2012-07-26,0.3480127317861157,0
97147,2012-07-26,0.20356415119647842,0
97148,2012-07-26,0.36127081344052675,0
97149,2012-07-26,0.2965905988969725,0
97150,2012-07-26,0.31504240655497334,0
97151,2012-07-26,0.3588355359153907,1
97152,2012-07-26,0.6002114093544868,0
97153,2012-07-26,0.42535761937841815,0
97154,2012-07-26,0.5074312368068179,0
97155,2012-07-26,0.6286762508512755,1
97156,2012-07-26,0.2056206100502613,0
97157,2012-07-26,0.5368346863774978,0
97158,2012-07-26,0.2768967331879093,0
97159,2012-07-26,0.33292677751687877,0
97160,2012-07-26,0.36227292571774533,0
97161,2012-07-26,0.32215115200512817,1
97162,2012-07-26,0.5339349980830064,0
97163,2012-07-26,0.4506018794035893,0
97164,2012-07-27,0.5547390184488517,1
97165,2012-07-27,0.24069784229926405,0
97166,2012-07-27,0.2815112272509977,0
97167,2012-07-27,0.40576721254414544,0
97168,2012-07-27,0.16262977302317783,0
97169,2012-07-27,0.5481617284424954,0
97170,2012-07-27,0.5088019415663069,1
97171,2012-07-27,0.2909240477209106,1
97172,2012-07-27,0.46834340156236454,0
97173,2012-07-27,0.5912840752277564,0
97174,2012-07-27,0.44276144194017203,1
97175,2012-07-27,0.2290815749193938,1
97176,2012-07-27,0.3207604054655036,1
97177,2012-07-27,0.11157203653900609,0
97178,2012-07-27,0.12460488437760918,0
97179,2012-07-27,0.3677711804644761,1
97180,2012-07-27,0.4313888390626397,1
97181,2012-07-27,0.4274593342004988,1
97182,2012-07-27,0.33579337562445044,0
97183,2012-07-27,0.27173523393105176,0
97184,2012-07-27,0.3240592950111416,0
97185,2012-07-27,0.4905238094934685,0
97186,2012-07-27,0.34542471771595634,0
97187,2012-07-27,0.2652159285449311,0
97188,2012-07-27,0.444266960239758,1
97189,2012-07-27,0.17244211065748727,0
97190,2012-07-27,0.2277947651853937,0
97191,2012-07-27,0.32963245819696296,1
97192,2012-07-27,0.11247351761110519,0
97193,2012-07-27,0.38505658238865714,1
97194,2012-07-27,0.16051271205985337,1
97195,2012-07-27,0.5883285032826172,1
97196,2012-07-27,0.27587252924697186,0
97197,2012-07-27,0.3040503748033152,0
97198,2012-07-27,0.2630269601201189,1
97199,2012-07-27,0.39216339238504727,0
97200,2012-07-27,0.5781463907289018,0
97201,2012-07-27,0.45046547194917613,0
97202,2012-07-27,0.586879098123963,1
97203,2012-07-27,0.5180177439961496,0
97204,2012-07-27,0.35700752568335176,0
97205,2012-07-27,0.2749993876055955,0
97206,2012-07-27,0.3926928957232964,0
97207,2012-07-27,0.3274720339169423,0
97208,2012-07-27,0.545013966658495,0
97209,2012-07-27,0.3307142476808135,0
97210,2012-07-27,0.35274370311810527,0
97211,2012-07-27,0.30644035326506763,1
97212,2012-07-27,0.2580830492507126,1
97213,2012-07-27,0.3364522650964516,0
97214,2012-07-27,0.4486611613581299,1
97215,2012-07-27,0.4007377444125023,0
97216,2012-07-27,0.3001825627499601,0
97217,2012-07-27,0.6562242775789024,0
97218,2012-07-27,0.5760980181045651,1
97219,2012-07-27,0.2583299510547812,1
97220,2012-07-27,0.39995850086521784,1
97221,2012-07-27,0.2377187733544869,0
97222,2012-07-27,0.4726661553172317,0
97223,2012-07-27,0.5708362991151448,1
97224,2012-07-27,0.606926925078517,1
97225,2012-07-27,0.258500013589755,0
97226,2012-07-27,0.4455692976406442,0
97227,2012-07-27,0.4594196400606649,1
97228,2012-07-27,0.5338535403124903,1
97229,2012-07-27,0.2947507669909694,1
97230,2012-07-27,0.2374531472981717,0
97231,2012-07-27,0.3628504945182041,0
97232,2012-07-27,0.3731483563991801,0
97233,2012-07-27,0.35322177571969104,1
97234,2012-07-27,0.47720341199341465,1
97235,2012-07-27,0.4211954473532525,1
97236,2012-07-27,0.38674590495171074,0
97237,2012-07-27,0.288895018003826,1
97238,2012-07-27,0.5456459226017992,1
97239,2012-07-27,0.2059040197517093,0
97240,2012-07-27,0.3876682302717399,1
97241,2012-07-27,0.19294420510545748,0
97242,2012-07-27,0.34224222622534617,0
97243,2012-07-27,0.38151161268079886,1
97244,2012-07-27,0.30142876304013116,0
97245,2012-07-27,0.35283938167571777,0
97246,2012-07-27,0.2839913170297565,0
97247,2012-07-27,0.33623497634489025,1
97248,2012-07-27,0.2492467122243663,0
97249,2012-07-27,0.4764627403756426,1
97250,2012-07-27,0.2889307765880086,0
97251,2012-07-27,0.4095357874611805,1
97252,2012-07-27,0.38244304938931484,0
97253,2012-07-27,0.29873194840747697,0
97254,2012-07-27,0.42257634493319796,1
97255,2012-07-27,0.40291558158834506,1
97256,2012-07-27,0.4534575376142543,1
97257,2012-07-27,0.2990809940792449,0
97258,2012-07-27,0.5964045774898343,1
97259,2012-07-27,0.25458525215197575,0
97260,2012-07-27,0.5027259974917336,1
97261,2012-07-27,0.16214515878983277,0
97262,2012-07-27,0.17466324269239147,0
97263,2012-07-27,0.3170734340337516,0
97264,2012-07-27,0.5288090428160055,1
97265,2012-07-27,0.2777395012008647,0
97266,2012-07-27,0.20694451039614087,0
97267,2012-07-27,0.3888156503029078,0
97268,2012-07-27,0.46892281741971953,0
97269,2012-07-27,0.4692572601560607,1
97270,2012-07-27,0.6062953780917021,0
97271,2012-07-27,0.2845754973677275,1
97272,2012-07-27,0.32222175768918215,1
97273,2012-07-27,0.47471782647289806,1
97274,2012-07-27,0.7174226083142057,1
97275,2012-07-27,0.1662986714378744,0
97276,2012-07-27,0.4290733397389242,0
97277,2012-07-27,0.3279698800294295,0
97278,2012-07-27,0.29127874187491704,0
97279,2012-07-27,0.5426432954588075,1
97280,2012-07-27,0.33143057327295233,0
97281,2012-07-27,0.19468020122515228,0
97282,2012-07-27,0.5223359958227806,0
97283,2012-07-27,0.30435902794792385,0
97284,2012-07-27,0.151034545203636,0
97285,2012-07-27,0.32682044178309594,1
97286,2012-07-27,0.5064209116593199,1
97287,2012-07-27,0.4870231432127504,0
97288,2012-07-27,0.1133525830454064,0
97289,2012-07-27,0.3088771463366859,1
97290,2012-07-27,0.5159606522505652,0
97291,2012-07-28,0.3299050908907265,1
97292,2012-07-28,0.2065581344405912,0
97293,2012-07-28,0.23326717054501225,0
97294,2012-07-28,0.43618367470816033,0
97295,2012-07-28,0.39430993285478383,1
97296,2012-07-28,0.5263018128577074,0
97297,2012-07-28,0.1783111088179842,0
97298,2012-07-28,0.36831954522434496,1
97299,2012-07-28,0.16925252285853828,1
97300,2012-07-28,0.44403246929488366,0
97301,2012-07-28,0.46594901272638056,0
97302,2012-07-28,0.38294638982151485,0
97303,2012-07-28,0.36320472651743196,1
97304,2012-07-28,0.31538625796310926,0
97305,2012-07-28,0.3076658208045902,0
97306,2012-07-28,0.3328881527949043,0
97307,2012-07-28,0.41522977675311407,0
97308,2012-07-28,0.33803849139884956,1
97309,2012-07-28,0.24174160809308487,1
97310,2012-07-28,0.520134964035301,1
97311,2012-07-28,0.3739436701360354,0
97312,2012-07-28,0.38967894523247504,1
97313,2012-07-28,0.1695865837925326,0
97314,2012-07-28,0.38240169540793467,0
97315,2012-07-28,0.4481189996398455,1
97316,2012-07-28,0.2906917495221619,1
97317,2012-07-28,0.3753100501208673,0
97318,2012-07-28,0.2578984949920808,0
97319,2012-07-28,0.5923794165901352,1
97320,2012-07-28,0.3934485400905239,1
97321,2012-07-28,0.5597586935837919,0
97322,2012-07-28,0.19015552429040192,0
97323,2012-07-28,0.398508652814618,0
97324,2012-07-28,0.5238814109944927,1
97325,2012-07-28,0.24247296180795255,0
97326,2012-07-28,0.21148788909389893,0
97327,2012-07-28,0.3828834853294821,0
97328,2012-07-28,0.30707311631240103,0
97329,2012-07-28,0.4436845740566294,0
97330,2012-07-28,0.35592417412747446,0
97331,2012-07-28,0.2080235204951096,0
97332,2012-07-28,0.373154412309795,1
97333,2012-07-28,0.2722979129012223,0
97334,2012-07-28,0.3414465609624398,0
97335,2012-07-28,0.34176261685925363,0
97336,2012-07-28,0.3654303357674532,1
97337,2012-07-28,0.4308338755907084,0
97338,2012-07-28,0.4981316531894752,0
97339,2012-07-28,0.3213373900271419,0
97340,2012-07-28,0.26763041958368866,0
97341,2012-07-28,0.6170964333050949,1
97342,2012-07-28,0.3112150180784826,1
97343,2012-07-28,0.45726175628269766,1
97344,2012-07-28,0.2522271618556429,0
97345,2012-07-28,0.20977988498977682,0
97346,2012-07-28,0.13676010549909706,1
97347,2012-07-28,0.36499266891049137,0
97348,2012-07-28,0.3624368141157648,0
97349,2012-07-28,0.32578492471877507,0
97350,2012-07-28,0.3046520797142602,1
97351,2012-07-28,0.4249830692155086,0
97352,2012-07-28,0.2542594993008443,0
97353,2012-07-28,0.48785634877711553,1
97354,2012-07-28,0.5215528270085276,1
97355,2012-07-28,0.21863073530478802,0
97356,2012-07-28,0.39774043400025944,1
97357,2012-07-28,0.22896194894099237,0
97358,2012-07-28,0.23058660550239124,0
97359,2012-07-28,0.3768582941669371,1
97360,2012-07-28,0.45472591039808946,0
97361,2012-07-28,0.5267991911732418,1
97362,2012-07-28,0.5589546342805028,0
97363,2012-07-28,0.2392005340367591,1
97364,2012-07-28,0.42367024686209276,1
97365,2012-07-28,0.17168555148134793,0
97366,2012-07-28,0.2722247261091673,0
97367,2012-07-28,0.3771631386222825,1
97368,2012-07-28,0.4717365481139677,1
97369,2012-07-28,0.6534943245162576,1
97370,2012-07-28,0.36814358149643905,0
97371,2012-07-28,0.2179044076633869,0
97372,2012-07-28,0.21362503814761594,0
97373,2012-07-28,0.5384675027524138,1
97374,2012-07-28,0.37555431947317947,1
97375,2012-07-28,0.39251060277687244,0
97376,2012-07-28,0.21942095650195167,0
97377,2012-07-28,0.38800552696147006,1
97378,2012-07-28,0.3291470443156952,0
97379,2012-07-28,0.4588029955989482,0
97380,2012-07-28,0.32706122810128757,1
97381,2012-07-28,0.5381276838978774,1
97382,2012-07-28,0.4748649371833411,1
97383,2012-07-28,0.4190660889076346,0
97384,2012-07-28,0.3423469229183253,1
97385,2012-07-28,0.22331025366864118,0
97386,2012-07-28,0.4331299891795826,1
97387,2012-07-28,0.4058113645680178,1
97388,2012-07-28,0.4558475184522939,0
97389,2012-07-28,0.3005889207766412,0
97390,2012-07-28,0.2360053963191632,1
97391,2012-07-28,0.4637213288928252,0
97392,2012-07-28,0.5759587508083506,1
97393,2012-07-28,0.48449921062711276,1
97394,2012-07-28,0.13964583206398795,0
97395,2012-07-28,0.1258710697222107,0
97396,2012-07-28,0.38550105991208444,0
97397,2012-07-28,0.12646055094748185,0
97398,2012-07-28,0.438324247936937,0
97399,2012-07-28,0.31027199376627174,0
97400,2012-07-28,0.23595694134788778,0
97401,2012-07-28,0.24437651389481327,0
97402,2012-07-28,0.46767722487995184,0
97403,2012-07-28,0.39878643390740814,0
97404,2012-07-28,0.38133031662023487,0
97405,2012-07-28,0.4886764721653359,0
97406,2012-07-28,0.35532952860023387,1
97407,2012-07-28,0.5253028291875245,1
97408,2012-07-28,0.13528164802366713,0
97409,2012-07-28,0.5144451817855702,1
97410,2012-07-28,0.15475780239870618,0
97411,2012-07-28,0.36063138093586816,0
97412,2012-07-28,0.4249402438558265,1
97413,2012-07-28,0.33673328261201046,0
97414,2012-07-28,0.37199661266885486,0
97415,2012-07-28,0.5111155751725356,1
97416,2012-07-28,0.33823540265809937,1
97417,2012-07-28,0.23683201209928803,1
97418,2012-07-28,0.5652998668023299,1
97419,2012-07-28,0.4222208396796361,0
97420,2012-07-28,0.17894634094426085,0
97421,2012-07-28,0.1932673743965146,0
97422,2012-07-28,0.39293361746680533,1
97423,2012-07-28,0.4646060692942015,1
97424,2012-07-28,0.366191235938158,0
97425,2012-07-28,0.5469375118939155,1
97426,2012-07-28,0.47177840588383707,0
97427,2012-07-28,0.5365958615091239,1
97428,2012-07-28,0.3346273480205207,0
97429,2012-07-28,0.34679214119190704,0
97430,2012-07-28,0.5072477555086955,0
97431,2012-07-28,0.4514922796748827,0
97432,2012-07-28,0.4456773229320245,0
97433,2012-07-28,0.41649075291735443,1
97434,2012-07-28,0.6418188762730315,1
97435,2012-07-28,0.3329667734348964,0
97436,2012-07-28,0.3106011545607811,0
97437,2012-07-28,0.31816678315300456,0
97438,2012-07-28,0.461685218379483,0
97439,2012-07-28,0.18289218222902573,0
97440,2012-07-28,0.43345364453653173,0
97441,2012-07-28,0.2628251976226421,0
97442,2012-07-28,0.39506757247022223,0
97443,2012-07-28,0.41139413329666086,0
97444,2012-07-28,0.2818463120936844,1
97445,2012-07-28,0.37834767360042254,1
97446,2012-07-28,0.5412556237003492,0
97447,2012-07-28,0.1927078588425316,0
97448,2012-07-28,0.40497877519527326,0
97449,2012-07-28,0.2920406010666584,1
97450,2012-07-28,0.24130882612426838,0
97451,2012-07-28,0.5684542069964551,0
97452,2012-07-28,0.48737432187115587,1
97453,2012-07-28,0.5996374250713699,1
97454,2012-07-28,0.37193599503921093,1
97455,2012-07-28,0.3314806083040482,1
97456,2012-07-28,0.4087022413967584,0
97457,2012-07-28,0.3575156320146453,1
97458,2012-07-28,0.5657639273313328,0
97459,2012-07-28,0.36810878908070854,1
97460,2012-07-28,0.6135572757445542,1
97461,2012-07-28,0.29361920040586553,0
97462,2012-07-28,0.5026599655817519,1
97463,2012-07-28,0.43892827779290383,1
97464,2012-07-28,0.3607104535483237,0
97465,2012-07-28,0.3068835313240946,0
97466,2012-07-28,0.30215405598138373,0
97467,2012-07-28,0.6275706806512935,0
97468,2012-07-28,0.5099756074310903,1
97469,2012-07-28,0.38250325039602673,0
97470,2012-07-28,0.4520199168636462,1
97471,2012-07-28,0.495273378568722,1
97472,2012-07-28,0.22356512599447337,0
97473,2012-07-28,0.4003998780889582,0
97474,2012-07-28,0.3243324688319619,1
97475,2012-07-28,0.32965446848548324,1
97476,2012-07-28,0.5438753137608525,0
97477,2012-07-28,0.3104128311768197,1
97478,2012-07-28,0.3397989160706023,0
97479,2012-07-28,0.1743590444083145,0
97480,2012-07-28,0.33195789588070307,0
97481,2012-07-28,0.6860760644173693,1
97482,2012-07-28,0.3201561766509168,1
97483,2012-07-28,0.19106860898373032,0
97484,2012-07-28,0.4090248079301655,0
97485,2012-07-28,0.4592938750175542,1
97486,2012-07-28,0.5416635433625281,1
97487,2012-07-28,0.19593833895321786,0
97488,2012-07-28,0.47500212160416766,1
97489,2012-07-28,0.30434450185569834,0
97490,2012-07-28,0.29708281177596624,0
97491,2012-07-28,0.42509312266179466,1
97492,2012-07-28,0.5982337520125325,1
97493,2012-07-28,0.3055593832727195,1
97494,2012-07-28,0.43446245905591513,0
97495,2012-07-28,0.2671588093157635,1
97496,2012-07-28,0.4044110611684034,0
97497,2012-07-28,0.40385694901297536,1
97498,2012-07-28,0.4680123521677709,1
97499,2012-07-28,0.5355792812003818,1
97500,2012-07-28,0.41516769909200857,1
97501,2012-07-28,0.2704103575590137,0
97502,2012-07-28,0.49899212919530417,0
97503,2012-07-28,0.4184351679446327,0
97504,2012-07-28,0.3704102492240273,0
97505,2012-07-28,0.3979828613926579,0
97506,2012-07-28,0.17214352547469086,0
97507,2012-07-28,0.5434063722579319,1
97508,2012-07-28,0.4323362899682831,1
97509,2012-07-28,0.408903417193933,0
97510,2012-07-28,0.4114456154959835,1
97511,2012-07-28,0.20953845498732754,0
97512,2012-07-28,0.4351306021249183,0
97513,2012-07-28,0.4002854102002259,1
97514,2012-07-28,0.2925743374499862,1
97515,2012-07-28,0.3698153294672897,1
97516,2012-07-28,0.333407417160106,1
97517,2012-07-28,0.34807629526645245,1
97518,2012-07-28,0.40204693757265597,0
97519,2012-07-28,0.3460368518031685,0
97520,2012-07-28,0.35044468748826996,0
97521,2012-07-28,0.37789309837240165,0
97522,2012-07-28,0.21173182014696162,0
97523,2012-07-28,0.4178057811315144,0
97524,2012-07-28,0.5693740620066774,1
97525,2012-07-28,0.3281421310589377,1
97526,2012-07-28,0.569437572508317,1
97527,2012-07-28,0.29283287693084936,0
97528,2012-07-28,0.44276919633591,0
97529,2012-07-28,0.4422094066739202,0
97530,2012-07-28,0.2732108654528651,0
97531,2012-07-28,0.190788046398132,1
97532,2012-07-28,0.3874724537372204,1
97533,2012-07-28,0.319688170034573,0
97534,2012-07-28,0.4357021983955585,1
97535,2012-07-28,0.5066711213911796,1
97536,2012-07-28,0.1122409611102207,0
97537,2012-07-28,0.39602161497236776,0
97538,2012-07-28,0.2325609668955458,0
97539,2012-07-28,0.5814685172929,1
97540,2012-07-28,0.3676959270409803,1
97541,2012-07-28,0.6417015124653693,0
97542,2012-07-28,0.2391918702479396,0
97543,2012-07-28,0.4365925798095024,1
97544,2012-07-28,0.43086173619139595,0
97545,2012-07-28,0.18837412761136335,0
97546,2012-07-28,0.48342176781086055,1
97547,2012-07-28,0.5234996663702383,1
97548,2012-07-28,0.23636119362606597,1
97549,2012-07-28,0.6428500825929645,1
97550,2012-07-28,0.5034261072532327,1
97551,2012-07-28,0.18803008332506668,0
97552,2012-07-28,0.4572994653390984,0
97553,2012-07-28,0.3229952581105362,0
97554,2012-07-28,0.14118607248554066,0
97555,2012-07-28,0.48650238297842774,0
97556,2012-07-28,0.3924402801737037,1
97557,2012-07-28,0.5878549511072367,1
97558,2012-07-28,0.3785984649856514,1
97559,2012-07-28,0.539691706607932,1
97560,2012-07-28,0.4860303947583232,1
97561,2012-07-28,0.17525481229347015,0
97562,2012-07-28,0.623452455379739,0
97563,2012-07-28,0.24773584529800688,0
97564,2012-07-28,0.23255878247892298,0
97565,2012-07-28,0.4986292868604987,0
97566,2012-07-28,0.3127524567853442,1
97567,2012-07-28,0.26294388942830893,0
97568,2012-07-28,0.5723745313300711,1
97569,2012-07-28,0.5215766447251253,1
97570,2012-07-28,0.2837224308618309,0
97571,2012-07-28,0.453955316255595,0
97572,2012-07-28,0.6163459815533827,1
97573,2012-07-28,0.4548978192206082,0
97574,2012-07-28,0.16914360343199333,0
97575,2012-07-28,0.5883226337006577,1
97576,2012-07-28,0.5813687750814573,1
97577,2012-07-28,0.599336641390207,1
97578,2012-07-28,0.40037763150272637,1
97579,2012-07-28,0.4406470126802276,0
97580,2012-07-28,0.30216938523313797,0
97581,2012-07-28,0.663441351658327,1
97582,2012-07-28,0.27872292535547305,0
97583,2012-07-28,0.3433353493362163,0
97584,2012-07-28,0.3783420501751112,1
97585,2012-07-28,0.4389889205975996,1
97586,2012-07-28,0.5941313797621236,0
97587,2012-07-29,0.36930970462928436,0
97588,2012-07-29,0.4186817185334953,0
97589,2012-07-29,0.2859011284712193,0
97590,2012-07-29,0.6704721858204646,0
97591,2012-07-29,0.2743131647998314,0
97592,2012-07-29,0.5314982582417703,0
97593,2012-07-29,0.40534102006643374,1
97594,2012-07-29,0.16036179199196451,0
97595,2012-07-29,0.2190482973179281,0
97596,2012-07-29,0.3521759840047696,0
97597,2012-07-29,0.3193702353046452,0
97598,2012-07-29,0.38902108727639073,0
97599,2012-07-29,0.5404347713414072,0
97600,2012-07-29,0.2527974123777705,1
97601,2012-07-29,0.5487063951401939,0
97602,2012-07-29,0.4035433877451391,1
97603,2012-07-29,0.3425697584793822,0
97604,2012-07-29,0.6148185871493915,1
97605,2012-07-29,0.4644419248217945,0
97606,2012-07-29,0.39142576141907043,1
97607,2012-07-29,0.48745734610559116,1
97608,2012-07-29,0.3628267881113063,0
97609,2012-07-29,0.2185942826888106,0
97610,2012-07-29,0.2791308553725228,0
97611,2012-07-29,0.24242074295776042,0
97612,2012-07-29,0.4779281959535058,1
97613,2012-07-29,0.44462768379181705,1
97614,2012-07-29,0.4467447659492982,1
97615,2012-07-29,0.5395086424661114,1
97616,2012-07-29,0.49322007944973434,0
97617,2012-07-29,0.5293933628665609,1
97618,2012-07-29,0.2846610322015702,1
97619,2012-07-29,0.3779345265916859,0
97620,2012-07-29,0.2588997598199816,0
97621,2012-07-29,0.12479528891026258,0
97622,2012-07-29,0.2001263248459165,1
97623,2012-07-29,0.4764605134005555,0
97624,2012-07-29,0.31299040067768485,0
97625,2012-07-29,0.4055420155427703,1
97626,2012-07-29,0.5027999905039676,1
97627,2012-07-29,0.20496338056719554,0
97628,2012-07-29,0.670538607890749,0
97629,2012-07-29,0.42132503937999805,1
97630,2012-07-29,0.5189126805756513,0
97631,2012-07-29,0.2351570269956317,0
97632,2012-07-29,0.5395531015371156,1
97633,2012-07-29,0.30505462531855043,0
97634,2012-07-29,0.5369188261664142,0
97635,2012-07-29,0.39918195215554275,1
97636,2012-07-29,0.5398068672230178,1
97637,2012-07-29,0.18928318613604886,1
97638,2012-07-29,0.27977908802043155,0
97639,2012-07-29,0.2411107351747788,1
97640,2012-07-29,0.10239073283578426,0
97641,2012-07-29,0.4402049547541641,1
97642,2012-07-29,0.42247537053827006,0
97643,2012-07-29,0.5087568896428034,1
97644,2012-07-29,0.269500681651734,0
97645,2012-07-29,0.5689321531813452,0
97646,2012-07-29,0.28484184110558725,1
97647,2012-07-29,0.27349310172326513,1
97648,2012-07-29,0.36737204906833176,0
97649,2012-07-29,0.4257948447899595,1
97650,2012-07-29,0.45986256254624924,1
97651,2012-07-29,0.29802265356517577,0
97652,2012-07-29,0.5192387046120346,0
97653,2012-07-29,0.5591734692057706,1
97654,2012-07-29,0.3889918224922201,0
97655,2012-07-29,0.3314969030716305,1
97656,2012-07-29,0.46361972051883144,0
97657,2012-07-29,0.5930852899814716,0
97658,2012-07-29,0.3445075600277143,0
97659,2012-07-29,0.36014562750923473,1
97660,2012-07-29,0.39431938673363387,0
97661,2012-07-29,0.41395126904032375,0
97662,2012-07-29,0.4626046333826348,0
97663,2012-07-29,0.3984893018786974,1
97664,2012-07-29,0.5220227918599757,0
97665,2012-07-29,0.3441862678332796,0
97666,2012-07-29,0.34662075653377417,1
97667,2012-07-29,0.21223623685039794,1
97668,2012-07-29,0.49811013181767577,0
97669,2012-07-29,0.4825729423233802,0
97670,2012-07-29,0.1267381520769995,0
97671,2012-07-29,0.29385481180289447,0
97672,2012-07-29,0.5047711903536994,1
97673,2012-07-29,0.495118410766901,0
97674,2012-07-29,0.37568714992617397,1
97675,2012-07-29,0.09918711055451149,0
97676,2012-07-29,0.17795360567694743,0
97677,2012-07-29,0.41216673050602654,0
97678,2012-07-29,0.5151203065129308,1
97679,2012-07-29,0.3118450109145954,0
97680,2012-07-29,0.31694235099987167,0
97681,2012-07-29,0.593894535056939,0
97682,2012-07-29,0.37441093361626954,0
97683,2012-07-29,0.44947426987828104,0
97684,2012-07-29,0.2662719426446928,0
97685,2012-07-29,0.5420015865198717,1
97686,2012-07-29,0.18229451313447623,1
97687,2012-07-29,0.35529901158413657,0
97688,2012-07-29,0.3264531045954403,1
97689,2012-07-29,0.2239269781182333,0
97690,2012-07-29,0.18523020296214723,0
97691,2012-07-29,0.564330307349599,0
97692,2012-07-29,0.4240317928906026,0
97693,2012-07-29,0.502366764392523,0
97694,2012-07-29,0.44533833646609655,0
97695,2012-07-29,0.4661063668016363,0
97696,2012-07-29,0.3471489723548226,0
97697,2012-07-29,0.3592095107773873,0
97698,2012-07-29,0.24041401019171582,0
97699,2012-07-29,0.40666435905397885,1
97700,2012-07-29,0.3474493538203,0
97701,2012-07-29,0.4678032026908339,1
97702,2012-07-29,0.5077501128983768,1
97703,2012-07-29,0.4545113969355045,1
97704,2012-07-29,0.21236986268740832,0
97705,2012-07-29,0.2994509653040184,1
97706,2012-07-29,0.5622824284118568,1
97707,2012-07-29,0.43412359404355877,0
97708,2012-07-29,0.4495782544303097,0
97709,2012-07-29,0.3948388723496807,1
97710,2012-07-29,0.4030060698414789,0
97711,2012-07-29,0.3474351751163737,0
97712,2012-07-29,0.34409578546783975,1
97713,2012-07-29,0.20634968876481322,1
97714,2012-07-29,0.36562394720301344,1
97715,2012-07-29,0.5125422538567782,1
97716,2012-07-29,0.46777845313496824,0
97717,2012-07-29,0.2996561541259187,1
97718,2012-07-29,0.47337518932092004,1
97719,2012-07-29,0.48470596298424495,1
97720,2012-07-29,0.3606518670679003,1
97721,2012-07-29,0.5622547108446696,1
97722,2012-07-29,0.2967765260257276,0
97723,2012-07-29,0.242417477027216,1
97724,2012-07-29,0.2647113220453283,0
97725,2012-07-29,0.2911460880270649,0
97726,2012-07-29,0.40240902238812587,1
97727,2012-07-29,0.419842868466541,0
97728,2012-07-29,0.2357647823491052,0
97729,2012-07-29,0.23657213180975234,0
97730,2012-07-29,0.3846566854607463,0
97731,2012-07-29,0.3353134570102534,0
97732,2012-07-29,0.3719293058865214,0
97733,2012-07-29,0.5400114281704329,0
97734,2012-07-29,0.4864828479931607,1
97735,2012-07-29,0.17883148352643727,0
97736,2012-07-29,0.4176041374128964,0
97737,2012-07-29,0.38737458596520635,0
97738,2012-07-29,0.2889612381773437,0
97739,2012-07-29,0.29850410721866344,0
97740,2012-07-29,0.4653640887569546,0
97741,2012-07-29,0.36886285673654257,0
97742,2012-07-29,0.33761096832611814,1
97743,2012-07-29,0.42815381644033507,1
97744,2012-07-29,0.44528801271614493,1
97745,2012-07-29,0.4424986800899398,0
97746,2012-07-29,0.2738185295432789,0
97747,2012-07-29,0.2546211149778096,0
97748,2012-07-29,0.40169732174287776,0
97749,2012-07-29,0.49784384298852774,1
97750,2012-07-29,0.09816360741275242,0
97751,2012-07-29,0.5895350234758978,0
97752,2012-07-29,0.46101267623079534,0
97753,2012-07-29,0.49960426896556415,0
97754,2012-07-29,0.42013828972464135,1
97755,2012-07-29,0.3146921179193866,0
97756,2012-07-29,0.36848407301302605,1
97757,2012-07-29,0.30033802973886975,0
97758,2012-07-29,0.25286962701660337,0
97759,2012-07-29,0.28505645769118004,0
97760,2012-07-29,0.366165416722233,0
97761,2012-07-29,0.40242456305859026,1
97762,2012-07-29,0.34543792183913447,1
97763,2012-07-29,0.5587164554623083,1
97764,2012-07-29,0.4310861692012343,1
97765,2012-07-29,0.28925665291518177,0
97766,2012-07-29,0.5605176556434178,1
97767,2012-07-29,0.2432291171970522,0
97768,2012-07-29,0.2319053782969237,1
97769,2012-07-29,0.21018969503547896,0
97770,2012-07-29,0.3489622263564244,0
97771,2012-07-29,0.424331107363684,0
97772,2012-07-29,0.567144946767403,1
97773,2012-07-29,0.4096252650305895,0
97774,2012-07-29,0.36129630344918184,0
97775,2012-07-29,0.24901106693889982,0
97776,2012-07-29,0.506061008190216,0
97777,2012-07-29,0.6536092085029487,0
97778,2012-07-29,0.3477227018118424,0
97779,2012-07-29,0.18706407819705453,0
97780,2012-07-29,0.40165217683969257,0
97781,2012-07-29,0.27290552830182124,0
97782,2012-07-29,0.5155521497434592,1
97783,2012-07-29,0.5012512103163278,0
97784,2012-07-29,0.3340093740707241,0
97785,2012-07-29,0.4213691555875716,0
97786,2012-07-29,0.42032543713941856,0
97787,2012-07-29,0.2369648872996989,0
97788,2012-07-29,0.3853789170953348,1
97789,2012-07-29,0.18973012685387797,0
97790,2012-07-29,0.5788718948845687,1
97791,2012-07-29,0.4101016499785764,1
97792,2012-07-29,0.5465739906458494,0
97793,2012-07-29,0.3670675835420714,0
97794,2012-07-29,0.39649646315740256,1
97795,2012-07-29,0.3682449401690154,0
97796,2012-07-29,0.629600525513768,1
97797,2012-07-29,0.43907904674664827,1
97798,2012-07-29,0.45680395359504744,0
97799,2012-07-29,0.30169586828486217,1
97800,2012-07-29,0.2575390077807394,0
97801,2012-07-29,0.4390703727034253,0
97802,2012-07-29,0.4899957161292119,0
97803,2012-07-29,0.5233762560854297,1
97804,2012-07-29,0.4594406286373243,0
97805,2012-07-29,0.26047490640716797,0
97806,2012-07-29,0.24945127469206285,0
97807,2012-07-29,0.5884065196127543,1
97808,2012-07-29,0.45979355663009835,0
97809,2012-07-29,0.4519089833357455,0
97810,2012-07-29,0.4789274803840618,1
97811,2012-07-29,0.2135161630446815,0
97812,2012-07-29,0.4041553669590298,0
97813,2012-07-29,0.3615428297779929,1
97814,2012-07-29,0.5078937935994521,1
97815,2012-07-29,0.35179530492136435,1
97816,2012-07-29,0.31057901093020934,0
97817,2012-07-29,0.2679410578647718,0
97818,2012-07-29,0.3450132150919111,1
97819,2012-07-29,0.577719184688762,0
97820,2012-07-29,0.2871460116526141,1
97821,2012-07-29,0.5650901347510544,0
97822,2012-07-29,0.3541487516510858,0
97823,2012-07-29,0.44962144526080583,1
97824,2012-07-29,0.24772008471572415,0
97825,2012-07-29,0.30951069610699705,0
97826,2012-07-29,0.40799781154775727,0
97827,2012-07-29,0.36419178791956525,0
97828,2012-07-29,0.4187641354291562,1
97829,2012-07-29,0.22906250661880664,1
97830,2012-07-29,0.36265873344365634,1
97831,2012-07-29,0.32052695045998625,0
97832,2012-07-29,0.1463395310027583,0
97833,2012-07-29,0.5661869948559939,1
97834,2012-07-29,0.38764400551157513,0
97835,2012-07-29,0.2529051454607178,0
97836,2012-07-29,0.20213188353079758,0
97837,2012-07-29,0.3913738906177551,1
97838,2012-07-29,0.2951292586986009,0
97839,2012-07-29,0.1991560542235344,0
97840,2012-07-29,0.39484722703237024,0
97841,2012-07-29,0.16316164554872864,0
97842,2012-07-29,0.29507797207635966,0
97843,2012-07-29,0.37157936350703646,1
97844,2012-07-29,0.2525737898819826,0
97845,2012-07-29,0.3043218953479363,0
97846,2012-07-29,0.29035477202080057,1
97847,2012-07-29,0.4708162240830646,1
97848,2012-07-29,0.36460763153363174,1
97849,2012-07-29,0.4180533678628677,0
97850,2012-07-29,0.46421239570261763,1
97851,2012-07-29,0.44857578907038037,1
97852,2012-07-29,0.4719743238512709,1
97853,2012-07-29,0.7505964979585603,1
97854,2012-07-29,0.17173398465832304,0
97855,2012-07-29,0.5806945533041645,0
97856,2012-07-29,0.3494018642363262,0
97857,2012-07-29,0.31802379598842084,0
97858,2012-07-29,0.538146726729835,0
97859,2012-07-29,0.19661405668049678,0
97860,2012-07-29,0.3864315880791454,1
97861,2012-07-29,0.2867535278025899,0
97862,2012-07-29,0.3579123180756071,0
97863,2012-07-29,0.3621940120447888,1
97864,2012-07-29,0.3938239467854941,1
97865,2012-07-29,0.1552745623142115,0
97866,2012-07-29,0.3039490703426959,1
97867,2012-07-29,0.2903834235723571,0
97868,2012-07-29,0.38531947994641325,1
97869,2012-07-29,0.12769163786364673,0
97870,2012-07-29,0.42654170028866345,0
97871,2012-07-29,0.3044643942527224,0
97872,2012-07-29,0.33743570705165393,1
97873,2012-07-29,0.19128446255530174,0
97874,2012-07-29,0.6024972459643836,0
97875,2012-07-29,0.20195414932816552,0
97876,2012-07-29,0.4558637737715762,1
97877,2012-07-29,0.4480716033655536,0
97878,2012-07-29,0.25549271510749094,1
97879,2012-07-29,0.5741286596327438,0
97880,2012-07-29,0.6574924386305626,1
97881,2012-07-29,0.522395800738132,0
97882,2012-07-29,0.3502755784682648,1
97883,2012-07-29,0.6951717958424698,1
97884,2012-07-29,0.5637009330880249,1
97885,2012-07-29,0.4157167541986896,0
97886,2012-07-29,0.5392364891703564,0
97887,2012-07-29,0.5878961343291911,0
97888,2012-07-29,0.38448782611093396,0
97889,2012-07-29,0.19358229869087756,0
97890,2012-07-29,0.5759629453357942,1
97891,2012-07-29,0.5142832985192578,0
97892,2012-07-29,0.6399929456420697,1
97893,2012-07-29,0.33674779396833215,1
97894,2012-07-29,0.3314774434058342,1
97895,2012-07-29,0.38609565682331176,1
97896,2012-07-29,0.48073539980564645,1
97897,2012-07-29,0.3772372417398907,1
97898,2012-07-29,0.20069728475671553,0
97899,2012-07-29,0.632734474145249,1
97900,2012-07-29,0.5858203803902131,1
97901,2012-07-29,0.3390164522301611,0
97902,2012-07-29,0.2918695813633903,0
97903,2012-07-29,0.19405885008459003,0
97904,2012-07-29,0.2549406932341799,1
97905,2012-07-29,0.5774977329622808,0
97906,2012-07-29,0.3028912571802995,1
97907,2012-07-29,0.2665428127399088,0
97908,2012-07-29,0.6214370257897722,0
97909,2012-07-29,0.4573758677193177,0
97910,2012-07-29,0.23965353950665977,1
97911,2012-07-29,0.4751523498515249,1
97912,2012-07-29,0.5300167912730033,1
97913,2012-07-29,0.26061841600457575,0
97914,2012-07-29,0.49616167105405984,0
97915,2012-07-29,0.3080885126261102,0
97916,2012-07-29,0.25806984711974795,0
97917,2012-07-29,0.5669980833948917,0
97918,2012-07-29,0.4345721850952547,1
97919,2012-07-29,0.26666501909228596,0
97920,2012-07-29,0.33678526214453713,1
97921,2012-07-29,0.43613731202362166,0
97922,2012-07-29,0.30318904358084414,0
97923,2012-07-29,0.518919588157884,0
97924,2012-07-29,0.2697075523252957,0
97925,2012-07-29,0.7210699184287539,0
97926,2012-07-29,0.34137476862448135,1
97927,2012-07-29,0.47307236510008716,1
97928,2012-07-29,0.47343700345765105,1
97929,2012-07-29,0.35135218781213745,1
97930,2012-07-29,0.3114767322156366,1
97931,2012-07-29,0.09657112347541327,1
97932,2012-07-29,0.47067255770760286,1
97933,2012-07-29,0.48045547968568775,1
97934,2012-07-29,0.29192755988861435,1
97935,2012-07-29,0.28531608657109414,0
97936,2012-07-29,0.35219969642070925,1
97937,2012-07-29,0.4425325259033495,0
97938,2012-07-29,0.6798038530919148,1
97939,2012-07-29,0.38374445180226946,0
97940,2012-07-29,0.3634016938596313,0
97941,2012-07-29,0.6061534352667941,0
97942,2012-07-29,0.19010009321847812,0
97943,2012-07-29,0.5366530472023537,0
97944,2012-07-29,0.45069726181529607,1
97945,2012-07-29,0.5096862905581858,1
97946,2012-07-29,0.35842914369368706,1
97947,2012-07-29,0.13114732071393237,1
97948,2012-07-29,0.14036512780736207,0
97949,2012-07-29,0.31994101377175205,0
97950,2012-07-29,0.4860696667537732,1
97951,2012-07-29,0.3987170251169782,1
97952,2012-07-29,0.38201310693604357,1
97953,2012-07-29,0.27448462653462224,0
97954,2012-07-29,0.38410739281815093,1
97955,2012-07-29,0.21835480570506222,1
97956,2012-07-29,0.2833474697256396,0
97957,2012-07-29,0.3488080357095815,0
97958,2012-07-29,0.31457939484739933,0
97959,2012-07-29,0.14229760225991062,0
97960,2012-07-29,0.4148843343849926,1
97961,2012-07-29,0.22301348608950752,0
97962,2012-07-29,0.5003503722568091,0
97963,2012-07-29,0.45172268295550333,1
97964,2012-07-29,0.2324424883446891,0
97965,2012-07-29,0.4982186681067318,0
97966,2012-07-29,0.3336257133438336,1
97967,2012-07-29,0.47823599652225357,0
97968,2012-07-29,0.3597287877206714,1
97969,2012-07-29,0.545934731409087,0
97970,2012-07-29,0.5523441093298775,1
97971,2012-07-29,0.5622056917884336,1
97972,2012-07-29,0.1986339492783435,1
97973,2012-07-29,0.17915400852730823,0
97974,2012-07-29,0.54601043415191,1
97975,2012-07-29,0.2081522630973319,1
97976,2012-07-29,0.4125105446401731,0
97977,2012-07-29,0.17353371402154974,0
97978,2012-07-29,0.5510697405261041,1
97979,2012-07-29,0.25979016352780665,0
97980,2012-07-29,0.4011358414893395,0
97981,2012-07-29,0.4104058312928012,0
97982,2012-07-29,0.29667738750311723,0
97983,2012-07-29,0.4445256292399753,0
97984,2012-07-29,0.2643933021293554,0
97985,2012-07-29,0.4644242955002561,0
97986,2012-07-29,0.3329572190951531,0
97987,2012-07-29,0.3985825782249218,0
97988,2012-07-29,0.29451621697532976,0
97989,2012-07-29,0.44231874095632845,1
97990,2012-07-29,0.27795164067482947,1
97991,2012-07-29,0.41670968484198123,1
97992,2012-07-29,0.5392535654122128,0
97993,2012-07-29,0.1955402512278761,0
97994,2012-07-29,0.25502680834670377,1
97995,2012-07-29,0.38545530170118364,1
97996,2012-07-29,0.3970551965667842,0
97997,2012-07-29,0.4122398767204268,1
97998,2012-07-29,0.3180175982478463,0
97999,2012-07-29,0.4189188595748796,0
98000,2012-07-29,0.375967084572511,0
98001,2012-07-29,0.2713133681887723,0
98002,2012-07-29,0.34535388602890665,1
98003,2012-07-29,0.40125777751699443,1
98004,2012-07-29,0.4467779566216281,1
98005,2012-07-29,0.45990236945448854,1
98006,2012-07-29,0.3012198196351611,0
98007,2012-07-29,0.6217773608851542,0
98008,2012-07-29,0.42277800514666697,1
98009,2012-07-29,0.32586398936864086,0
98010,2012-07-29,0.5936167052341116,0
98011,2012-07-29,0.4929480956156279,0
98012,2012-07-29,0.5267342738591488,0
98013,2012-07-29,0.23085638583576967,1
98014,2012-07-29,0.7202019444268161,1
98015,2012-07-29,0.4107466958998797,0
98016,2012-07-29,0.3831937127302641,1
98017,2012-07-29,0.3643981513428092,0
98018,2012-07-29,0.2670883218222229,1
98019,2012-07-29,0.32730068017419783,1
98020,2012-07-29,0.22982612387731813,1
98021,2012-07-29,0.37445222926419736,0
98022,2012-07-29,0.41921070731911286,1
98023,2012-07-29,0.2603279966220097,1
98024,2012-07-29,0.4914435434129299,0
98025,2012-07-29,0.45027289972560475,1
98026,2012-07-29,0.4370735464245938,1
98027,2012-07-29,0.37075827083785645,0
98028,2012-07-29,0.4855928680875476,1
98029,2012-07-29,0.39670126202883227,0
98030,2012-07-29,0.2783578405820773,0
98031,2012-07-29,0.3837649606635358,0
98032,2012-07-29,0.40965111580204194,1
98033,2012-07-29,0.2746545225585258,0
98034,2012-07-29,0.46115765169267514,1
98035,2012-07-29,0.3976841373224935,0
98036,2012-07-29,0.5597596150621096,0
98037,2012-07-29,0.5320803835566599,1
98038,2012-07-29,0.5151706656574256,1
98039,2012-07-29,0.5343181321992366,1
98040,2012-07-29,0.3826546352908392,0
98041,2012-07-29,0.2783877553997501,0
98042,2012-07-29,0.38620633786695396,1
98043,2012-07-29,0.301651962013517,0
98044,2012-07-29,0.3569131020105284,1
98045,2012-07-29,0.44022331798072384,1
98046,2012-07-29,0.5152958061272017,0
98047,2012-07-29,0.5220790819913216,0
98048,2012-07-29,0.392481959751144,1
98049,2012-07-29,0.2967978865969897,0
98050,2012-07-29,0.17086801612693678,0
98051,2012-07-29,0.3463427151644477,0
98052,2012-07-29,0.36935885747453934,0
98053,2012-07-29,0.269465539250548,0
98054,2012-07-29,0.37360001353019323,0
98055,2012-07-29,0.24823409571839541,0
98056,2012-07-29,0.37751546239221967,0
98057,2012-07-29,0.3937853827763203,1
98058,2012-07-29,0.3253045455664192,0
98059,2012-07-29,0.23105803455863655,0
98060,2012-07-29,0.3779664128262049,1
98061,2012-07-29,0.24959948527837114,1
98062,2012-07-29,0.5018443026515348,0
98063,2012-07-29,0.5282775424705907,1
98064,2012-07-29,0.44039647656038394,0
98065,2012-07-29,0.5596636033463454,1
98066,2012-07-29,0.31121303070758616,0
98067,2012-07-29,0.13867609700113687,0
98068,2012-07-29,0.6532838154521813,0
98069,2012-07-29,0.5397687559834442,1
98070,2012-07-29,0.2422533746509118,0
98071,2012-07-29,0.5287704362397146,1
98072,2012-07-29,0.33807861907779274,0
98073,2012-07-29,0.16440030748302942,0
98074,2012-07-29,0.4501828776688779,1
98075,2012-07-29,0.45632283093285186,1
98076,2012-07-29,0.21315734801175013,0
98077,2012-07-29,0.32385111140793893,0
98078,2012-07-29,0.3243860235302819,0
98079,2012-07-29,0.2263263374003659,1
98080,2012-07-29,0.19936416752796615,1
98081,2012-07-29,0.6736804845940811,1
98082,2012-07-29,0.4259475253165725,1
98083,2012-07-29,0.3918679717986869,1
98084,2012-07-29,0.4756071441028142,0
98085,2012-07-29,0.5386900215748799,1
98086,2012-07-29,0.6107910726746203,1
98087,2012-07-29,0.3632296527026384,0
98088,2012-07-29,0.3647775684227953,0
98089,2012-07-29,0.4122810035376775,0
98090,2012-07-29,0.6046408542877475,0
98091,2012-07-29,0.24616765539567506,1
98092,2012-07-29,0.24878470752678133,0
98093,2012-07-29,0.4145939040683822,0
98094,2012-07-29,0.3311265754334976,0
98095,2012-07-29,0.4252770189127782,0
98096,2012-07-29,0.34327583961952196,0
98097,2012-07-29,0.38395957254308455,0
98098,2012-07-29,0.4603693682542357,0
98099,2012-07-29,0.4850580877605511,1
98100,2012-07-29,0.3244147783677994,1
98101,2012-07-29,0.33458943051827844,1
98102,2012-07-29,0.2734208163770073,0
98103,2012-07-29,0.24722026233768793,0
98104,2012-07-29,0.516807534084977,0
98105,2012-07-29,0.36749722155740117,0
98106,2012-07-29,0.5744098939380321,1
98107,2012-07-29,0.31820546161763275,0
98108,2012-07-29,0.3728676033651499,1
98109,2012-07-29,0.3740924372515682,0
98110,2012-07-29,0.5073613564578965,0
98111,2012-07-29,0.2792709242682124,0
98112,2012-07-29,0.18991772152330363,0
98113,2012-07-29,0.37327891954763354,0
98114,2012-07-29,0.4126120985649297,0
98115,2012-07-29,0.46746865330383774,0
98116,2012-07-29,0.22435092493418715,0
98117,2012-07-29,0.4066664253125828,1
98118,2012-07-29,0.585075296317832,1
98119,2012-07-29,0.5547080545447031,0
98120,2012-07-29,0.3463766148334222,0
98121,2012-07-29,0.32513300601229067,0
98122,2012-07-29,0.36689412324286413,1
98123,2012-07-29,0.40472909911346294,0
98124,2012-07-29,0.3233257077787327,1
98125,2012-07-29,0.3342289561224441,1
98126,2012-07-29,0.27331320166165574,1
98127,2012-07-29,0.46401264339312476,1
98128,2012-07-29,0.5257463129836718,0
98129,2012-07-29,0.2835955318429471,0
98130,2012-07-29,0.22760873101537266,0
98131,2012-07-29,0.20419879164283464,0
98132,2012-07-29,0.3939122254568287,1
98133,2012-07-29,0.2782408506105754,0
98134,2012-07-29,0.4370416713667889,1
98135,2012-07-29,0.4546805336477928,0
98136,2012-07-29,0.24567282079214758,0
98137,2012-07-29,0.34776420171181116,1
98138,2012-07-29,0.46868770120022585,1
98139,2012-07-29,0.29770390286774856,0
98140,2012-07-29,0.47629340968876316,0
98141,2012-07-29,0.36157877217182044,0
98142,2012-07-29,0.3096007121102708,0
98143,2012-07-29,0.2552442457392305,0
98144,2012-07-29,0.24701563775949326,1
98145,2012-07-29,0.3947650386068724,1
98146,2012-07-29,0.4479463190077823,0
98147,2012-07-29,0.5882720418919999,0
98148,2012-07-29,0.268418731313065,1
98149,2012-07-29,0.24830607502276797,0
98150,2012-07-29,0.35610524852431635,0
98151,2012-07-29,0.4377367259232268,1
98152,2012-07-29,0.2814650676202284,0
98153,2012-07-29,0.22329070068032367,0
98154,2012-07-29,0.3238442589358902,0
98155,2012-07-29,0.3358333623779163,0
98156,2012-07-29,0.36251618265227104,1
98157,2012-07-29,0.5243024029594945,0
98158,2012-07-29,0.2900462225278769,0
98159,2012-07-29,0.4439589449799983,0
98160,2012-07-29,0.39063053021769506,1
98161,2012-07-29,0.20433072651649617,0
98162,2012-07-29,0.41769647307960656,0
98163,2012-07-29,0.546420646238037,0
98164,2012-07-29,0.3727371237240279,0
98165,2012-07-29,0.4039834345320762,0
98166,2012-07-29,0.4736934368280069,1
98167,2012-07-29,0.3711705098327545,0
98168,2012-07-29,0.5228024086672779,0
98169,2012-07-29,0.2189072319597303,0
98170,2012-07-29,0.33912750599768704,0
98171,2012-07-29,0.5076622743591399,0
98172,2012-07-29,0.542340759672286,1
98173,2012-07-29,0.45032017482238534,0
98174,2012-07-29,0.2886605851082106,1
98175,2012-07-29,0.5645947304160468,0
98176,2012-07-29,0.3914982510691104,0
98177,2012-07-29,0.31504703508787074,0
98178,2012-07-29,0.4795008354767432,0
98179,2012-07-29,0.36428324392597594,1
98180,2012-07-29,0.18386669373133216,0
98181,2012-07-29,0.3278097618657526,0
98182,2012-07-29,0.5032012752857302,1
98183,2012-07-29,0.27805377370932804,1
98184,2012-07-29,0.16234373257984325,0
98185,2012-07-29,0.3822050834000341,0
98186,2012-07-29,0.3369785715010682,1
98187,2012-07-29,0.2771459184774591,1
98188,2012-07-29,0.2537023466068142,0
98189,2012-07-29,0.4381031040585742,1
98190,2012-07-29,0.5968025303476264,0
98191,2012-07-29,0.525126253795461,0
98192,2012-07-29,0.3746721746402805,0
98193,2012-07-29,0.3549366057336519,1
98194,2012-07-29,0.524490459645615,1
98195,2012-07-29,0.7081595356909626,0
98196,2012-07-29,0.2662422484640321,0
98197,2012-07-29,0.36922130585281937,1
98198,2012-07-29,0.5019177201317608,0
98199,2012-07-29,0.3791737158743494,0
98200,2012-07-29,0.3729746438117052,1
98201,2012-07-29,0.463073869788251,0
98202,2012-07-29,0.47076518876171963,0
98203,2012-07-29,0.38069455871981084,1
98204,2012-07-29,0.3841867723332291,1
98205,2012-07-29,0.3161273522640109,1
98206,2012-07-29,0.2830466961731288,0
98207,2012-07-29,0.30977868674224657,1
98208,2012-07-29,0.3505131678659528,0
98209,2012-07-29,0.36079415964339345,0
98210,2012-07-29,0.411497568297614,0
98211,2012-07-29,0.3741646641250365,0
98212,2012-07-29,0.5242663229228373,1
98213,2012-07-29,0.49162049781669515,0
98214,2012-07-29,0.34758537452192606,1
98215,2012-07-29,0.4474090960956501,0
98216,2012-07-29,0.3474200038027917,1
98217,2012-07-29,0.5269444638732963,1
98218,2012-07-29,0.4870071034779929,0
98219,2012-07-29,0.3044087703440756,0
98220,2012-07-29,0.5017872004388604,1
98221,2012-07-29,0.4521727325815104,1
98222,2012-07-29,0.4311176021735293,1
98223,2012-07-29,0.4368724270846679,0
98224,2012-07-29,0.5325416270802951,1
98225,2012-07-29,0.26470336832189106,0
98226,2012-07-29,0.5005983588903961,1
98227,2012-07-29,0.6815044024648972,0
98228,2012-07-29,0.2211252102840857,1
98229,2012-07-29,0.5460007325398819,0
98230,2012-07-29,0.34385796114260353,0
98231,2012-07-29,0.4964267465687169,0
98232,2012-07-29,0.32891585314875255,0
98233,2012-07-29,0.46585475830465595,0
98234,2012-07-29,0.5155759033862083,0
98235,2012-07-29,0.454834857772612,1
98236,2012-07-29,0.49340622984532256,0
98237,2012-07-29,0.4670568214238781,0
98238,2012-07-29,0.4798053400741595,1
98239,2012-07-29,0.5295268692866043,1
98240,2012-07-29,0.2922350123555397,0
98241,2012-07-29,0.40376524002421643,0
98242,2012-07-29,0.5000981990685811,1
98243,2012-07-29,0.40539408232051155,1
98244,2012-07-29,0.4900409261830272,0
98245,2012-07-29,0.458013663634149,1
98246,2012-07-29,0.48935664331656176,1
98247,2012-07-29,0.48622557914882264,1
98248,2012-07-29,0.3316597767369325,0
98249,2012-07-29,0.6606793754105222,1
98250,2012-07-29,0.5512931198470126,1
98251,2012-07-29,0.3399701653210054,0
98252,2012-07-29,0.2819389306580089,0
98253,2012-07-29,0.4620336763477351,0
98254,2012-07-29,0.37508076105094923,1
98255,2012-07-29,0.3236081909491904,0
98256,2012-07-29,0.3354737213524599,0
98257,2012-07-29,0.4234685989691973,0
98258,2012-07-29,0.3498054814255894,0
98259,2012-07-29,0.4719429339723062,1
98260,2012-07-29,0.272192489196497,0
98261,2012-07-29,0.3422729280709818,0
98262,2012-07-29,0.5395002167298607,1
98263,2012-07-29,0.40377612500109294,0
98264,2012-07-29,0.35769661974351397,0
98265,2012-07-29,0.47293509306663967,1
98266,2012-07-29,0.48225039966026617,0
98267,2012-07-29,0.4224601812609342,0
98268,2012-07-29,0.3483992685178823,1
98269,2012-07-29,0.5219500725321645,1
98270,2012-07-29,0.4622850272571246,0
98271,2012-07-29,0.17738443814276472,0
98272,2012-07-29,0.44647778931880255,1
98273,2012-07-29,0.4403405073847919,0
98274,2012-07-29,0.5436824959375648,1
98275,2012-07-29,0.26566493094676313,1
98276,2012-07-29,0.243801616663442,1
98277,2012-07-29,0.3117994233198554,0
98278,2012-07-29,0.11218026900750318,0
98279,2012-07-29,0.36537493396747844,1
98280,2012-07-29,0.2767839272868104,0
98281,2012-07-29,0.3328378735555321,0
98282,2012-07-29,0.44328817204169935,0
98283,2012-07-29,0.2292343296780241,0
98284,2012-07-29,0.38771385601765224,1
98285,2012-07-29,0.43480692437125157,1
98286,2012-07-29,0.35354817107886066,0
98287,2012-07-29,0.3094080216074523,1
98288,2012-07-29,0.34975702941521813,1
98289,2012-07-29,0.3482918570163047,1
98290,2012-07-29,0.3178325583342128,0
98291,2012-07-29,0.3211142133803107,1
98292,2012-07-29,0.29216314353953476,0
98293,2012-07-29,0.26805332302821816,0
98294,2012-07-29,0.5070691762876928,0
98295,2012-07-29,0.24770643258337655,0
98296,2012-07-29,0.08759512514993542,0
98297,2012-07-29,0.3366137230832037,0
98298,2012-07-29,0.3974704880699308,0
98299,2012-07-29,0.4608885412940094,1
98300,2012-07-29,0.378569187708678,1
98301,2012-07-29,0.31019764404276673,0
98302,2012-07-29,0.18560521226770857,0
98303,2012-07-29,0.3316888045197645,0
98304,2012-07-29,0.45573857620476715,0
98305,2012-07-29,0.3578610152429865,0
98306,2012-07-29,0.41463826368487183,1
98307,2012-07-29,0.6850890562425935,0
98308,2012-07-29,0.3414074861348958,1
98309,2012-07-29,0.46532250311463846,1
98310,2012-07-29,0.2836701793506206,0
98311,2012-07-29,0.4453111639656405,0
98312,2012-07-29,0.5303222851402958,1
98313,2012-07-29,0.6015642151266499,1
98314,2012-07-29,0.4955705139346659,1
98315,2012-07-29,0.3018175404052045,0
98316,2012-07-29,0.2945856648880479,0
98317,2012-07-29,0.29894473376169095,0
98318,2012-07-29,0.5804698789139517,1
98319,2012-07-29,0.36253458806617833,0
98320,2012-07-29,0.5926627885712119,1
98321,2012-07-29,0.2649226321844934,1
98322,2012-07-29,0.3160897427305818,0
98323,2012-07-29,0.4143620774943741,1
98324,2012-07-29,0.5873539090312047,0
98325,2012-07-29,0.5752937754063203,1
98326,2012-07-29,0.4490858930116003,0
98327,2012-07-29,0.46647897477823164,0
98328,2012-07-29,0.22082791752819228,0
98329,2012-07-29,0.2147515895500181,0
98330,2012-07-29,0.4217096881263023,0
98331,2012-07-29,0.18017792586977086,0
98332,2012-07-29,0.43018404348115713,1
98333,2012-07-29,0.5287151116267734,0
98334,2012-07-29,0.28348618534961223,0
98335,2012-07-29,0.49864456108291655,0
98336,2012-07-29,0.3813376860434363,1
98337,2012-07-29,0.3592294755035192,1
98338,2012-07-29,0.08894615111242206,0
98339,2012-07-29,0.32753699213063986,0
98340,2012-07-29,0.3211783547407801,0
98341,2012-07-29,0.1605331723488092,0
98342,2012-07-29,0.2565430870853204,1
98343,2012-07-29,0.266801752175576,0
98344,2012-07-29,0.4293885387700778,0
98345,2012-07-29,0.4996201957251524,1
98346,2012-07-29,0.5615154727540177,1
98347,2012-07-29,0.6100628987401044,1
98348,2012-07-29,0.40660992814459673,0
98349,2012-07-29,0.26692596136634067,0
98350,2012-07-29,0.44284713111066365,0
98351,2012-07-29,0.45838472696477467,1
98352,2012-07-29,0.25356664469980095,0
98353,2012-07-29,0.48608963944703076,1
98354,2012-07-29,0.3993905440063806,1
98355,2012-07-29,0.5106029177206995,1
98356,2012-07-29,0.3098728479563952,0
98357,2012-07-29,0.23170238202490165,0
98358,2012-07-29,0.42155523897029484,0
98359,2012-07-29,0.47931974916009223,1
98360,2012-07-29,0.4107067757470536,0
98361,2012-07-29,0.38087725735168226,1
98362,2012-07-29,0.3163513767051046,0
98363,2012-07-29,0.5786668066224778,0
98364,2012-07-29,0.3530961075594192,1
98365,2012-07-29,0.37518311000379817,0
98366,2012-07-29,0.3392760327318006,0
98367,2012-07-29,0.2661062097261092,1
98368,2012-07-29,0.547670136121314,1
98369,2012-07-29,0.6255087506925641,1
98370,2012-07-29,0.2898908132839897,1
98371,2012-07-29,0.26597041929126375,0
98372,2012-07-29,0.342982920396745,0
98373,2012-07-29,0.40094228072894855,1
98374,2012-07-29,0.19302398786093403,0
98375,2012-07-29,0.6646257595221968,1
98376,2012-07-29,0.1718523036722737,0
98377,2012-07-29,0.3695806638041262,0
98378,2012-07-29,0.2679900695477557,1
98379,2012-07-29,0.48288747233720436,0
98380,2012-07-29,0.5664718223335803,1
98381,2012-07-29,0.390673168945206,1
98382,2012-07-29,0.4019003331520157,0
98383,2012-07-29,0.5068612724951804,1
98384,2012-07-29,0.4620988761259918,1
98385,2012-07-29,0.33373129907800225,0
98386,2012-07-29,0.17317745779113838,0
98387,2012-07-29,0.2662842961464031,1
98388,2012-07-29,0.4842859457946648,1
98389,2012-07-29,0.5169509047341124,0
98390,2012-07-29,0.4673055470511787,1
98391,2012-07-29,0.2769586282219328,0
98392,2012-07-29,0.08533509457788968,0
98393,2012-07-29,0.22830146816554203,0
98394,2012-07-29,0.3808368783640045,0
98395,2012-07-29,0.3282791172613242,1
98396,2012-07-29,0.32290807549503375,0
98397,2012-07-29,0.438530144324038,0
98398,2012-07-29,0.23420205776839942,1
98399,2012-07-29,0.43210598948435336,0
98400,2012-07-29,0.20685533998668096,0
98401,2012-07-29,0.3893171868881753,0
98402,2012-07-29,0.3682807934974979,0
98403,2012-07-29,0.5014354970507675,1
98404,2012-07-29,0.2932695242842946,1
98405,2012-07-29,0.30624881514146474,1
98406,2012-07-29,0.5954645118672808,1
98407,2012-07-29,0.5900856656004786,0
98408,2012-07-29,0.33900134301257484,1
98409,2012-07-29,0.2207796210874245,0
98410,2012-07-29,0.5648971932265175,1
98411,2012-07-29,0.48830550986157634,0
98412,2012-07-29,0.5188098233745744,0
98413,2012-07-29,0.2761641998438229,1
98414,2012-07-29,0.518082268630026,1
98415,2012-07-29,0.6293921518698028,1
98416,2012-07-29,0.23182118128625212,0
98417,2012-07-29,0.45990719786415013,1
98418,2012-07-29,0.3984372660002681,0
98419,2012-07-29,0.30342391582465267,0
98420,2012-07-29,0.32955181662784405,1
98421,2012-07-29,0.34341165006962393,0
98422,2012-07-29,0.43909754846206844,1
98423,2012-07-29,0.46639603402724694,1
98424,2012-07-29,0.2541358944116704,0
98425,2012-07-29,0.4299960546615164,1
98426,2012-07-29,0.22937913128267542,0
98427,2012-07-29,0.4095991099340879,1
98428,2012-07-29,0.5374929007283384,1
98429,2012-07-29,0.4094182277667977,0
98430,2012-07-29,0.4141439034730306,1
98431,2012-07-29,0.2632476121371211,0
98432,2012-07-29,0.5714864351222982,1
98433,2012-07-29,0.3718485155843917,0
98434,2012-07-29,0.46983167459798236,1
98435,2012-07-29,0.23386044565392894,0
98436,2012-07-29,0.35906827810194203,0
98437,2012-07-29,0.12418711130428446,0
98438,2012-07-29,0.4347961532067564,0
98439,2012-07-29,0.4666989801403531,1
98440,2012-07-29,0.46602413232289097,1
98441,2012-07-29,0.3256672227119332,1
98442,2012-07-29,0.4245680521945849,1
98443,2012-07-29,0.4090557970720282,0
98444,2012-07-29,0.4197639854792218,0
98445,2012-07-29,0.2421923004683179,0
98446,2012-07-29,0.44136148639268274,1
98447,2012-07-29,0.44177233230041446,0
98448,2012-07-29,0.4105073816362592,0
98449,2012-07-29,0.2245336859193221,0
98450,2012-07-29,0.558789756100773,1
98451,2012-07-29,0.4079792186029877,0
98452,2012-07-29,0.5385058913019375,0
98453,2012-07-29,0.327931897088932,0
98454,2012-07-29,0.41224558574263753,0
98455,2012-07-29,0.17234997826228965,0
98456,2012-07-29,0.46104910016366357,0
98457,2012-07-29,0.3243394447542918,1
98458,2012-07-29,0.3043413738515495,0
98459,2012-07-29,0.45699047224357253,1
98460,2012-07-29,0.42220426783304943,0
98461,2012-07-29,0.40931728538349715,1
98462,2012-07-29,0.10973132853252075,0
98463,2012-07-29,0.4402306618249756,0
98464,2012-07-29,0.1379518107183888,0
98465,2012-07-29,0.3221274446902774,0
98466,2012-07-29,0.4261477545630078,0
98467,2012-07-29,0.3752933594915255,1
98468,2012-07-29,0.6541940886606552,1
98469,2012-07-29,0.29184703138118706,0
98470,2012-07-29,0.2275556557141914,1
98471,2012-07-29,0.22765040045964488,1
98472,2012-07-30,0.604407754493775,1
98473,2012-07-30,0.49069774997695986,0
98474,2012-07-30,0.5612304189976847,1
98475,2012-07-30,0.5325427470875885,1
98476,2012-07-30,0.4873741367034345,0
98477,2012-07-30,0.37024559847205324,1
98478,2012-07-30,0.26776709045176766,0
98479,2012-07-30,0.4406134826568084,0
98480,2012-07-30,0.3022588053148046,0
98481,2012-07-30,0.23283415615484296,1
98482,2012-07-30,0.24212139544768993,0
98483,2012-07-30,0.3445173282423055,0
98484,2012-07-30,0.42957785085816025,0
98485,2012-07-30,0.5461619478950633,1
98486,2012-07-30,0.3230105714450891,0
98487,2012-07-30,0.4167706177463396,1
98488,2012-07-30,0.4330283028012507,1
98489,2012-07-30,0.33279134581993525,0
98490,2012-07-30,0.48857450207208036,1
98491,2012-07-30,0.4536601629953659,0
98492,2012-07-30,0.3501645613424016,1
98493,2012-07-30,0.30865291266605116,1
98494,2012-07-30,0.3350388695742596,0
98495,2012-07-30,0.26755124662418417,0
98496,2012-07-30,0.3789911852207862,0
98497,2012-07-30,0.37700482389133877,0
98498,2012-07-30,0.23627490924126676,0
98499,2012-07-30,0.17688189433233842,0
98500,2012-07-30,0.35942870850312747,1
98501,2012-07-30,0.4488555540726957,0
98502,2012-07-30,0.3572606401752718,1
98503,2012-07-30,0.5043613762096658,1
98504,2012-07-30,0.5010342977546312,0
98505,2012-07-30,0.5799825831421893,1
98506,2012-07-30,0.2009163028053211,0
98507,2012-07-30,0.492476936310185,0
98508,2012-07-30,0.36479963863334997,0
98509,2012-07-30,0.35443079157643775,1
98510,2012-07-30,0.3403691541559455,1
98511,2012-07-30,0.3096486690266422,0
98512,2012-07-30,0.3392749424663347,0
98513,2012-07-30,0.48742836424391683,0
98514,2012-07-30,0.32116372327068177,1
98515,2012-07-30,0.11788669121470714,0
98516,2012-07-30,0.40570117807864536,1
98517,2012-07-30,0.3910932688066821,0
98518,2012-07-30,0.362717233224596,0
98519,2012-07-30,0.4190557064738605,1
98520,2012-07-30,0.4882610228870743,0
98521,2012-07-30,0.4711055069811568,0
98522,2012-07-30,0.4180533926644346,0
98523,2012-07-30,0.49162148208960843,1
98524,2012-07-30,0.5326046326077727,0
98525,2012-07-30,0.25373994682323625,0
98526,2012-07-30,0.6292951145319909,0
98527,2012-07-30,0.6758520426867143,0
98528,2012-07-30,0.2994750005887096,0
98529,2012-07-30,0.19436529826455665,0
98530,2012-07-30,0.5882688523364061,1
98531,2012-07-30,0.4846559860778413,1
98532,2012-07-30,0.32956937495320066,0
98533,2012-07-30,0.37100606344190784,0
98534,2012-07-30,0.4620653155783963,0
98535,2012-07-30,0.3738319279176192,0
98536,2012-07-30,0.43176938038482315,0
98537,2012-07-30,0.67757291783863,0
98538,2012-07-30,0.37910312635551213,0
98539,2012-07-30,0.322538760598992,1
98540,2012-07-30,0.2915858176993252,0
98541,2012-07-30,0.5595217690473839,1
98542,2012-07-30,0.17522024012403495,0
98543,2012-07-30,0.1748615948844755,0
98544,2012-07-30,0.1838936872053986,0
98545,2012-07-30,0.5520025865949423,0
98546,2012-07-30,0.5492250081877055,0
98547,2012-07-30,0.21984860502466477,0
98548,2012-07-30,0.3634404400754987,0
98549,2012-07-30,0.3274604023066135,0
98550,2012-07-30,0.32431861491202063,0
98551,2012-07-30,0.2049814843614069,0
98552,2012-07-30,0.4501511827077741,1
98553,2012-07-30,0.29809665466656543,0
98554,2012-07-30,0.4743428344436459,0
98555,2012-07-30,0.3343439034514679,0
98556,2012-07-30,0.3745492366574736,1
98557,2012-07-30,0.18766077040386614,1
98558,2012-07-30,0.3618827262591031,0
98559,2012-07-30,0.2811021799015824,1
98560,2012-07-30,0.46609745508897754,1
98561,2012-07-30,0.4649575905425005,0
98562,2012-07-30,0.3238628096397296,0
98563,2012-07-30,0.5021945318341707,0
98564,2012-07-30,0.5190839010230194,0
98565,2012-07-30,0.6625771959714892,1
98566,2012-07-30,0.4661354105181938,1
98567,2012-07-30,0.3207841356150937,0
98568,2012-07-30,0.5416783881724968,1
98569,2012-07-30,0.4207544550515325,1
98570,2012-07-30,0.31805137747053813,0
98571,2012-07-30,0.26176123578217153,0
98572,2012-07-30,0.3452052101140924,1
98573,2012-07-30,0.41901315483469037,0
98574,2012-07-30,0.6048704016385162,1
98575,2012-07-30,0.46380161881096954,1
98576,2012-07-30,0.3229550923766938,0
98577,2012-07-30,0.3085273564537097,1
98578,2012-07-30,0.4325443385113872,1
98579,2012-07-30,0.29040607536495694,0
98580,2012-07-30,0.5799983744528264,0
98581,2012-07-30,0.38578488117377235,0
98582,2012-07-30,0.2996707048035196,0
98583,2012-07-30,0.5390447613287033,1
98584,2012-07-30,0.6164621753322577,1
98585,2012-07-30,0.3284067844621957,1
98586,2012-07-30,0.27205041291008747,0
98587,2012-07-30,0.39212145834819345,0
98588,2012-07-30,0.3126574456582535,1
98589,2012-07-30,0.3462227192064487,0
98590,2012-07-30,0.23116147449540642,0
98591,2012-07-30,0.36447300518640513,1
98592,2012-07-30,0.567553700690853,1
98593,2012-07-30,0.2616342742612406,0
98594,2012-07-30,0.1995735023473344,0
98595,2012-07-30,0.26135937439220613,0
98596,2012-07-30,0.37519914953977457,0
98597,2012-07-30,0.22597865900137856,0
98598,2012-07-30,0.5874344149176984,1
98599,2012-07-30,0.2666255526449933,0
98600,2012-07-30,0.1639966948176066,0
98601,2012-07-30,0.3990225429643578,1
98602,2012-07-30,0.3435535075560507,1
98603,2012-07-30,0.44000551589945663,0
98604,2012-07-30,0.3737083664154425,0
98605,2012-07-30,0.4126785088643647,0
98606,2012-07-30,0.664105088151891,1
98607,2012-07-30,0.1795616268949798,1
98608,2012-07-30,0.2750065983711664,0
98609,2012-07-30,0.2697368080637157,0
98610,2012-07-30,0.32071210442497605,0
98611,2012-07-30,0.37222264139173245,1
98612,2012-07-30,0.30694636231304545,1
98613,2012-07-30,0.18536438243935477,0
98614,2012-07-30,0.4443166601619374,0
98615,2012-07-30,0.5113946764856264,1
98616,2012-07-30,0.4976586782491348,0
98617,2012-07-30,0.2267633900312808,0
98618,2012-07-30,0.3288427659362529,0
98619,2012-07-30,0.4018932851869477,0
98620,2012-07-30,0.3910946823729476,0
98621,2012-07-30,0.5340208568554397,0
98622,2012-07-30,0.5137941379471926,0
98623,2012-07-30,0.35130271444286854,0
98624,2012-07-30,0.5310123160436476,1
98625,2012-07-30,0.2368603170940596,0
98626,2012-07-30,0.2589803469488803,0
98627,2012-07-30,0.4332483584996496,0
98628,2012-07-30,0.360107950546093,1
98629,2012-07-30,0.5019014924056958,0
98630,2012-07-30,0.40506960445599455,1
98631,2012-07-30,0.32030820025274304,0
98632,2012-07-30,0.5226041465974183,1
98633,2012-07-30,0.4435101616076836,0
98634,2012-07-30,0.29680647956022166,1
98635,2012-07-30,0.5395032054370386,0
98636,2012-07-30,0.160956059917809,0
98637,2012-07-30,0.2463030779473985,1
98638,2012-07-30,0.27360998740745607,0
98639,2012-07-30,0.33405420336543457,0
98640,2012-07-30,0.5168782255085524,1
98641,2012-07-30,0.471418931665257,1
98642,2012-07-30,0.15968218122277544,0
98643,2012-07-30,0.4721856562847457,0
98644,2012-07-30,0.6121102865030881,1
98645,2012-07-30,0.626796038583411,1
98646,2012-07-30,0.1315475052105686,0
98647,2012-07-30,0.21810992647708974,0
98648,2012-07-30,0.25024489369963526,0
98649,2012-07-30,0.24577035439927597,1
98650,2012-07-30,0.49422003812170906,0
98651,2012-07-30,0.4411203602073146,0
98652,2012-07-30,0.3797938518286179,0
98653,2012-07-31,0.416972589884768,0
98654,2012-07-31,0.4475208823724352,0
98655,2012-07-31,0.3227004539020753,0
98656,2012-07-31,0.176025493207145,1
98657,2012-07-31,0.41098401979983856,0
98658,2012-07-31,0.419768119948129,0
98659,2012-07-31,0.27309700432174744,0
98660,2012-07-31,0.330958427892357,0
98661,2012-07-31,0.4306684784823597,0
98662,2012-07-31,0.4707027784068439,0
98663,2012-07-31,0.49506926176444155,1
98664,2012-07-31,0.42288685399093495,0
98665,2012-07-31,0.3189267974169852,0
98666,2012-07-31,0.565523392957875,0
98667,2012-07-31,0.4463764919291612,1
98668,2012-07-31,0.29780520582030146,0
98669,2012-07-31,0.32797623392373254,0
98670,2012-07-31,0.2910268895048475,0
98671,2012-07-31,0.24758471809651483,1
98672,2012-07-31,0.33865277276964695,1
98673,2012-07-31,0.20114268302305993,1
98674,2012-07-31,0.47235054073772226,1
98675,2012-07-31,0.21060558015091374,1
98676,2012-07-31,0.30089112898196047,0
98677,2012-07-31,0.32959886090695356,1
98678,2012-07-31,0.41963217638252165,1
98679,2012-07-31,0.21661104280479168,0
98680,2012-07-31,0.24801577857903964,0
98681,2012-07-31,0.17712430481254038,1
98682,2012-07-31,0.2666868226123698,0
98683,2012-07-31,0.31645813501888653,0
98684,2012-07-31,0.18797302755134604,1
98685,2012-07-31,0.4684071636963174,1
98686,2012-07-31,0.4077104294646293,0
98687,2012-07-31,0.30066757948500916,1
98688,2012-07-31,0.290330916232608,1
98689,2012-07-31,0.16142028147749277,0
98690,2012-07-31,0.4269209670986461,0
98691,2012-07-31,0.5525035359458454,0
98692,2012-07-31,0.6882814498746753,1
98693,2012-07-31,0.44919716951342115,1
98694,2012-07-31,0.5047948583951833,0
98695,2012-07-31,0.2591181331027997,0
98696,2012-07-31,0.3259190341777714,0
98697,2012-07-31,0.4886786352824487,1
98698,2012-07-31,0.4739187408044717,0
98699,2012-07-31,0.5173150827996892,1
98700,2012-07-31,0.4225575302314026,0
98701,2012-07-31,0.44890756279680877,1
98702,2012-07-31,0.4004033509725823,0
98703,2012-07-31,0.41809286319338496,0
98704,2012-07-31,0.33868701969606724,0
98705,2012-07-31,0.38595891981750186,0
98706,2012-07-31,0.46749435940873385,0
98707,2012-07-31,0.3403246911421392,1
98708,2012-07-31,0.3791021110783742,0
98709,2012-07-31,0.29766794497895693,1
98710,2012-07-31,0.1976635613096536,1
98711,2012-07-31,0.5607484836984654,1
98712,2012-07-31,0.42352667519229914,1
98713,2012-07-31,0.4930006116012819,0
98714,2012-07-31,0.3796184834443448,0
98715,2012-07-31,0.4178597123403729,0
98716,2012-07-31,0.3083946306881357,0
98717,2012-07-31,0.32984334067561305,1
98718,2012-07-31,0.6413819873289318,1
98719,2012-07-31,0.2602533018494834,0
98720,2012-07-31,0.32918444447819745,1
98721,2012-07-31,0.5411483468312733,1
98722,2012-07-31,0.4050051592835811,1
98723,2012-07-31,0.37521772261718206,1
98724,2012-07-31,0.5684371137217307,1
98725,2012-07-31,0.5859828581847804,1
98726,2012-07-31,0.2803563643338985,0
98727,2012-07-31,0.4698153197440785,1
98728,2012-07-31,0.3613167029783255,1
98729,2012-07-31,0.3003863331743178,0
98730,2012-07-31,0.32559623900550444,0
98731,2012-07-31,0.5356640116644106,0
98732,2012-07-31,0.39725371002491644,1
98733,2012-07-31,0.2785793557769724,0
98734,2012-07-31,0.3927664620021013,0
98735,2012-07-31,0.31249850284204383,0
98736,2012-07-31,0.3674500087863017,1
98737,2012-07-31,0.3171963442550239,1
98738,2012-07-31,0.5411690478530072,0
98739,2012-07-31,0.39236778354958174,0
98740,2012-07-31,0.15808117225238769,0
98741,2012-08-01,0.33219567099813674,1
98742,2012-08-01,0.11751982944025728,0
98743,2012-08-01,0.46539096547296266,0
98744,2012-08-01,0.6072623700136834,1
98745,2012-08-01,0.5531710526170267,1
98746,2012-08-01,0.3398502168971192,0
98747,2012-08-01,0.4961946604570776,1
98748,2012-08-01,0.27743285440693544,0
98749,2012-08-01,0.40709757664289276,0
98750,2012-08-01,0.6039657516705766,0
98751,2012-08-01,0.3698951137338301,0
98752,2012-08-01,0.5575749859174853,1
98753,2012-08-01,0.4387997783898965,1
98754,2012-08-01,0.1331932351629255,0
98755,2012-08-01,0.24570718851754156,0
98756,2012-08-01,0.5213060901489406,1
98757,2012-08-01,0.21925475613098838,1
98758,2012-08-01,0.33199511374302404,0
98759,2012-08-01,0.2839181960531275,0
98760,2012-08-01,0.3286584190707894,1
98761,2012-08-01,0.40368633156609846,0
98762,2012-08-01,0.5200982666197586,1
98763,2012-08-01,0.3453080505157048,0
98764,2012-08-01,0.48395197484339453,1
98765,2012-08-01,0.6234802900947605,0
98766,2012-08-01,0.40755704183897434,0
98767,2012-08-01,0.305114451284232,0
98768,2012-08-01,0.3904437196799289,1
98769,2012-08-01,0.6703279240227895,0
98770,2012-08-01,0.5120990015743442,1
98771,2012-08-01,0.6131252384428131,1
98772,2012-08-01,0.2869967261774646,0
98773,2012-08-01,0.49967268332165016,0
98774,2012-08-01,0.4317018961478844,0
98775,2012-08-01,0.5548737834216022,0
98776,2012-08-01,0.3325465033427561,0
98777,2012-08-01,0.39491622445016933,0
98778,2012-08-01,0.31734532341913235,0
98779,2012-08-01,0.7066889663215141,1
98780,2012-08-01,0.48152300378033663,1
98781,2012-08-01,0.3176973315835862,0
98782,2012-08-01,0.549286677613134,1
98783,2012-08-01,0.4018804343235939,0
98784,2012-08-01,0.4422369312705459,0
98785,2012-08-01,0.5043181253081164,1
98786,2012-08-01,0.3120508208054073,1
98787,2012-08-01,0.34477719116517364,1
98788,2012-08-01,0.5196468950630216,0
98789,2012-08-01,0.276165246553577,0
98790,2012-08-01,0.47150304188334935,1
98791,2012-08-01,0.25710993684296934,0
98792,2012-08-01,0.4682898172105831,0
98793,2012-08-01,0.6179743031896991,1
98794,2012-08-01,0.32810750166802466,0
98795,2012-08-01,0.4467436268076065,0
98796,2012-08-01,0.19576134791748762,1
98797,2012-08-01,0.3449531506515446,0
98798,2012-08-01,0.517123275593011,1
98799,2012-08-01,0.22477299606554277,0
98800,2012-08-01,0.472895290818897,0
98801,2012-08-01,0.31314840900905255,0
98802,2012-08-01,0.41009745859706664,0
98803,2012-08-01,0.589385826529164,1
98804,2012-08-01,0.4289984818714922,0
98805,2012-08-01,0.4409206363153418,1
98806,2012-08-01,0.4080247788165457,0
98807,2012-08-01,0.3176288776213024,1
98808,2012-08-01,0.3471749196738431,1
98809,2012-08-01,0.24773643005818716,0
98810,2012-08-01,0.45410044490508644,0
98811,2012-08-01,0.5626866388062337,1
98812,2012-08-01,0.17476694669159046,0
98813,2012-08-01,0.4595242432178801,0
98814,2012-08-01,0.2349492977804277,1
98815,2012-08-01,0.5854245596647132,1
98816,2012-08-01,0.26558766206482753,0
98817,2012-08-01,0.42234666073124977,0
98818,2012-08-01,0.548808259935114,1
98819,2012-08-01,0.5376758164318235,1
98820,2012-08-01,0.47076009047283857,1
98821,2012-08-01,0.48360034995491924,1
98822,2012-08-01,0.3949939193652602,1
98823,2012-08-01,0.5585517319774548,1
98824,2012-08-01,0.2565173351118595,0
98825,2012-08-01,0.24395062755179758,0
98826,2012-08-01,0.35673441652405075,0
98827,2012-08-01,0.2989454797048311,0
98828,2012-08-01,0.5125399680326445,1
98829,2012-08-01,0.29692479981843245,1
98830,2012-08-01,0.2966657539632801,0
98831,2012-08-01,0.2765176473224345,1
98832,2012-08-01,0.4093642269740486,0
98833,2012-08-01,0.47827567919042085,0
98834,2012-08-01,0.524365841424806,1
98835,2012-08-01,0.28551699715531287,0
98836,2012-08-01,0.26864010406140987,0
98837,2012-08-01,0.479128903432757,0
98838,2012-08-01,0.4206489749632401,1
98839,2012-08-01,0.4726270630926707,1
98840,2012-08-01,0.2624790086722346,0
98841,2012-08-01,0.28323749240875234,0
98842,2012-08-01,0.28993730764578385,0
98843,2012-08-01,0.37517259993473934,1
98844,2012-08-01,0.3928393519408301,1
98845,2012-08-01,0.5313697023448399,0
98846,2012-08-01,0.3273183925565796,0
98847,2012-08-01,0.4215865898217852,1
98848,2012-08-01,0.325971897280418,1
98849,2012-08-01,0.30665973141069025,1
98850,2012-08-01,0.5531407369634521,0
98851,2012-08-01,0.3282968437089138,1
98852,2012-08-01,0.2714023419168279,0
98853,2012-08-01,0.46010357121932105,1
98854,2012-08-01,0.5105346519181732,0
98855,2012-08-01,0.43019157775420735,0
98856,2012-08-01,0.38723258521573045,0
98857,2012-08-01,0.36833469921781015,0
98858,2012-08-01,0.45041965002220474,0
98859,2012-08-01,0.21172083955077972,1
98860,2012-08-01,0.38105800437247034,0
98861,2012-08-01,0.45280958889704076,1
98862,2012-08-01,0.38275819185656634,0
98863,2012-08-01,0.2827905856287166,0
98864,2012-08-01,0.6009319266441409,0
98865,2012-08-01,0.3422193111222251,0
98866,2012-08-01,0.4547828818588641,1
98867,2012-08-01,0.47827783626444503,1
98868,2012-08-01,0.4820731510210519,1
98869,2012-08-01,0.437692497023644,0
98870,2012-08-01,0.5340039048702349,1
98871,2012-08-01,0.35846410007876844,0
98872,2012-08-01,0.6033465730408568,0
98873,2012-08-01,0.31293164032809684,0
98874,2012-08-01,0.34671964578291486,1
98875,2012-08-01,0.43648661550174117,0
98876,2012-08-01,0.346728493551037,0
98877,2012-08-01,0.36302287776636927,1
98878,2012-08-01,0.41746710359270656,0
98879,2012-08-01,0.3573185558803523,1
98880,2012-08-01,0.525909676432687,1
98881,2012-08-01,0.4858544886895326,1
98882,2012-08-01,0.48061666527164754,1
98883,2012-08-01,0.48025199447194644,1
98884,2012-08-01,0.6462290646760998,1
98885,2012-08-01,0.3779919451700394,1
98886,2012-08-01,0.3124716906692556,1
98887,2012-08-01,0.454678938747942,1
98888,2012-08-01,0.5579185371400355,0
98889,2012-08-01,0.362491218937895,0
98890,2012-08-01,0.3514479612256228,1
98891,2012-08-01,0.3979560852272823,0
98892,2012-08-01,0.4514144275930463,0
98893,2012-08-01,0.5178593858559188,1
98894,2012-08-01,0.43518756790187724,1
98895,2012-08-01,0.5014755816039647,0
98896,2012-08-01,0.30479075099176295,1
98897,2012-08-01,0.10750697626108334,0
98898,2012-08-01,0.3715209780570688,0
98899,2012-08-01,0.20401142039127904,1
98900,2012-08-01,0.23270004527679328,0
98901,2012-08-01,0.5537297160468944,0
98902,2012-08-01,0.3890289132728205,1
98903,2012-08-01,0.3417598568226992,1
98904,2012-08-01,0.4272740082967111,1
98905,2012-08-01,0.5848848548419776,1
98906,2012-08-01,0.5091488426063989,1
98907,2012-08-01,0.4921214218667308,1
98908,2012-08-01,0.34858904957450065,0
98909,2012-08-01,0.25757713149749356,1
98910,2012-08-01,0.3935517525090427,1
98911,2012-08-01,0.46856818556953594,1
98912,2012-08-01,0.35897742506184555,1
98913,2012-08-01,0.49695419095877896,1
98914,2012-08-01,0.40479764262501394,1
98915,2012-08-01,0.5148009507334875,0
98916,2012-08-01,0.4237370251935329,0
98917,2012-08-01,0.5395183548248526,0
98918,2012-08-01,0.2924405214578366,0
98919,2012-08-01,0.18211254266157686,0
98920,2012-08-01,0.4099526422371879,0
98921,2012-08-01,0.4456661004684802,0
98922,2012-08-01,0.4425898135045914,1
98923,2012-08-01,0.2994769028385244,1
98924,2012-08-01,0.26000322307716484,0
98925,2012-08-01,0.6620460389023127,1
98926,2012-08-01,0.4433013225922322,0
98927,2012-08-01,0.29675905605215475,0
98928,2012-08-01,0.4038777757932997,1
98929,2012-08-01,0.32835089713115057,0
98930,2012-08-01,0.29636266394178173,1
98931,2012-08-01,0.34421867777800996,1
98932,2012-08-01,0.16152766625432638,1
98933,2012-08-01,0.4870172011641402,1
98934,2012-08-01,0.23019096142082499,0
98935,2012-08-01,0.48954049776153374,1
98936,2012-08-01,0.3884406502500761,1
98937,2012-08-01,0.5374891677970233,1
98938,2012-08-01,0.46152896162735324,1
98939,2012-08-01,0.40646882581107413,0
98940,2012-08-01,0.5648442669544722,0
98941,2012-08-01,0.37040219174064665,0
98942,2012-08-01,0.46165517342379553,0
98943,2012-08-01,0.40135292216549845,0
98944,2012-08-01,0.2254521729990053,0
98945,2012-08-01,0.33021976947112947,0
98946,2012-08-01,0.33044652221012566,0
98947,2012-08-01,0.2578168733639168,0
98948,2012-08-01,0.4111421159924904,1
98949,2012-08-01,0.19802969328447204,0
98950,2012-08-01,0.2595087254419505,0
98951,2012-08-01,0.29543132576530867,0
98952,2012-08-01,0.26485410358175043,0
98953,2012-08-01,0.36263151007411004,1
98954,2012-08-01,0.3257037476290748,0
98955,2012-08-01,0.4839318781571396,0
98956,2012-08-01,0.23972284726806767,0
98957,2012-08-01,0.5912707228299792,1
98958,2012-08-01,0.4501482142826559,0
98959,2012-08-01,0.3659310372888169,1
98960,2012-08-01,0.3974247190739612,0
98961,2012-08-01,0.5274908781104739,1
98962,2012-08-01,0.3246558383836006,1
98963,2012-08-01,0.2393565692124129,0
98964,2012-08-01,0.592196967137442,1
98965,2012-08-01,0.4311386309683993,0
98966,2012-08-01,0.3904598493575241,0
98967,2012-08-01,0.3255679351618428,0
98968,2012-08-01,0.4599119963140987,1
98969,2012-08-01,0.6680320335076217,1
98970,2012-08-01,0.5608603135153143,0
98971,2012-08-01,0.3464912265753937,1
98972,2012-08-01,0.4387753125980567,0
98973,2012-08-01,0.3529753100523955,0
98974,2012-08-01,0.6168187710567252,0
98975,2012-08-01,0.5004813903245645,1
98976,2012-08-01,0.40918780533396176,1
98977,2012-08-01,0.35972312676224366,0
98978,2012-08-01,0.530436947522395,1
98979,2012-08-01,0.4964313025159581,0
98980,2012-08-01,0.3054598068005768,0
98981,2012-08-01,0.23124661957070636,0
98982,2012-08-01,0.35099347777323237,0
98983,2012-08-01,0.34985496280852413,0
98984,2012-08-01,0.46693817947971944,0
98985,2012-08-01,0.30392204691532515,0
98986,2012-08-01,0.14447571451235794,0
98987,2012-08-01,0.1478461717034772,0
98988,2012-08-01,0.37313204816022116,1
98989,2012-08-01,0.5584857760329517,0
98990,2012-08-01,0.5426055177159164,1
98991,2012-08-01,0.188288555696431,0
98992,2012-08-01,0.5604332619040128,0
98993,2012-08-01,0.3204802644983355,0
98994,2012-08-01,0.5436515300927522,1
98995,2012-08-01,0.4336928493041754,1
98996,2012-08-01,0.4807943827183545,1
98997,2012-08-01,0.39139011153813225,1
98998,2012-08-01,0.3225611809554241,0
98999,2012-08-01,0.3583140077401237,0
99000,2012-08-01,0.3464138902582868,0
99001,2012-08-01,0.44914372514815426,1
99002,2012-08-01,0.1306945303536314,0
99003,2012-08-01,0.4375326724727455,0
99004,2012-08-01,0.38154459451021905,1
99005,2012-08-01,0.4137249920098161,1
99006,2012-08-01,0.692596024058237,1
99007,2012-08-01,0.24966254425872425,1
99008,2012-08-01,0.5027513040554518,1
99009,2012-08-01,0.3348479195628659,0
99010,2012-08-01,0.13985166731523616,1
99011,2012-08-01,0.3431264898084857,0
99012,2012-08-01,0.5882045332084278,1
99013,2012-08-01,0.5078709052026075,1
99014,2012-08-01,0.3297269594161514,1
99015,2012-08-01,0.19486035998979023,0
99016,2012-08-01,0.30796082975835953,0
99017,2012-08-01,0.2958020901588693,0
99018,2012-08-01,0.41997738421538905,0
99019,2012-08-01,0.21166782605294615,0
99020,2012-08-01,0.4961253006378803,0
99021,2012-08-01,0.25345885157654,0
99022,2012-08-01,0.43712736601078334,0
99023,2012-08-01,0.2364993262494907,0
99024,2012-08-01,0.46928021289656635,0
99025,2012-08-01,0.5327989801330206,1
99026,2012-08-01,0.5390399080980527,1
99027,2012-08-01,0.4446276640438294,1
99028,2012-08-01,0.3715396390028791,0
99029,2012-08-01,0.4845833444946057,1
99030,2012-08-01,0.4916985093623246,1
99031,2012-08-01,0.35286051099025806,1
99032,2012-08-01,0.4026155407424297,0
99033,2012-08-01,0.10894822403123508,0
99034,2012-08-01,0.19547967435120014,0
99035,2012-08-01,0.24412209032917503,0
99036,2012-08-01,0.405429381296172,0
99037,2012-08-01,0.4478677023614324,1
99038,2012-08-01,0.48087627627006935,0
99039,2012-08-01,0.5050323013281867,0
99040,2012-08-01,0.44110701940493163,1
99041,2012-08-01,0.5355668556099031,1
99042,2012-08-01,0.19887596996373982,0
99043,2012-08-01,0.3242070656837623,0
99044,2012-08-01,0.32942201789392306,1
99045,2012-08-01,0.25506031549644986,0
99046,2012-08-01,0.2652745934485029,0
99047,2012-08-01,0.2629359750313722,0
99048,2012-08-01,0.5472394956667739,1
99049,2012-08-01,0.3496779775470212,0
99050,2012-08-01,0.45840498386182155,1
99051,2012-08-01,0.48070187933609104,1
99052,2012-08-01,0.4311024003939626,1
99053,2012-08-01,0.4045860154439571,1
99054,2012-08-01,0.4839865600431401,0
99055,2012-08-01,0.42645358606623374,0
99056,2012-08-01,0.48037091652957253,1
99057,2012-08-01,0.5938253989672245,1
99058,2012-08-01,0.38968902784476683,1
99059,2012-08-01,0.4042771344642405,0
99060,2012-08-01,0.2901119725681703,0
99061,2012-08-01,0.19849221993128285,0
99062,2012-08-01,0.5227398343624416,1
99063,2012-08-01,0.41197231724071326,0
99064,2012-08-01,0.36767059224103055,1
99065,2012-08-01,0.584311036297548,1
99066,2012-08-01,0.33249246549985007,0
99067,2012-08-01,0.2688544978647004,1
99068,2012-08-01,0.5786992106514751,0
99069,2012-08-01,0.3922927188732296,0
99070,2012-08-01,0.24712133887979235,0
99071,2012-08-01,0.5050372630617731,0
99072,2012-08-01,0.5114695274566983,1
99073,2012-08-01,0.4724431134189516,1
99074,2012-08-01,0.3352661392020025,0
99075,2012-08-01,0.4583817254657029,1
99076,2012-08-01,0.41690633297356927,0
99077,2012-08-01,0.3109569939228353,1
99078,2012-08-01,0.3444917588132179,0
