,date,y_proba,y_true
76915,2012-04-02,0.44909685333816673,1
76916,2012-04-02,0.2105521595606841,0
76917,2012-04-02,0.45016510246973995,1
76918,2012-04-02,0.32297262871618493,0
76919,2012-04-02,0.8358317834394474,1
76920,2012-04-02,0.2922754606171713,1
76921,2012-04-02,0.2938091668993618,1
76922,2012-04-02,0.20741271474962952,0
76923,2012-04-02,0.29559072312494605,0
76924,2012-04-02,0.3482103997131637,1
76925,2012-04-02,0.3066481318849396,0
76926,2012-04-02,0.3195693710497218,0
76927,2012-04-02,0.3241699067806393,0
76928,2012-04-02,0.3983394233413115,0
76929,2012-04-02,0.47091768747815577,0
76930,2012-04-02,0.2763986109944943,0
76931,2012-04-02,0.3056150734375199,0
76932,2012-04-02,0.4254936006899476,0
76933,2012-04-02,0.1952121667011788,1
76934,2012-04-02,0.16430723515005818,0
76935,2012-04-02,0.22410674795414523,1
76936,2012-04-02,0.3313495536153074,0
76937,2012-04-02,0.3189398470804678,0
76938,2012-04-02,0.2772780771888644,1
76939,2012-04-02,0.2349764319579989,0
76940,2012-04-02,0.18676890398705698,0
76941,2012-04-02,0.28700256729469825,0
76942,2012-04-02,0.30544264522867365,0
76943,2012-04-02,0.18992594764146237,0
76944,2012-04-02,0.24689418572917426,0
76945,2012-04-02,0.27485136843110397,1
76946,2012-04-02,0.3666273013367129,0
76947,2012-04-02,0.2841390586115073,0
76948,2012-04-02,0.29344942299788346,0
76949,2012-04-02,0.2022697175315636,1
76950,2012-04-02,0.29086324065095415,0
76951,2012-04-02,0.21796810654993373,0
76952,2012-04-02,0.3896935172101879,0
76953,2012-04-02,0.1827277416308585,1
76954,2012-04-02,0.2602668929062804,0
76955,2012-04-02,0.4249178406853359,0
76956,2012-04-02,0.4401746313056172,1
76957,2012-04-02,0.4221579105536461,0
76958,2012-04-02,0.30859190364221156,0
76959,2012-04-02,0.30171595326834433,1
76960,2012-04-02,0.2893978185444794,0
76961,2012-04-02,0.2710739124440214,0
76962,2012-04-02,0.5939422417826445,0
76963,2012-04-02,0.2982524704790302,0
76964,2012-04-02,0.48617071746624646,1
76965,2012-04-02,0.33912074552701327,0
76966,2012-04-02,0.28631522553343386,0
76967,2012-04-02,0.20700538595099807,0
76968,2012-04-02,0.20750338659355996,0
76969,2012-04-02,0.22223055223470178,1
76970,2012-04-02,0.33583290706250724,1
76971,2012-04-02,0.32649859316876567,0
76972,2012-04-02,0.3682726779146555,0
76973,2012-04-02,0.37306136852337546,0
76974,2012-04-02,0.30970695375642754,0
76975,2012-04-02,0.3167931512001897,0
76976,2012-04-02,0.4836289873839991,1
76977,2012-04-02,0.28051545505476233,0
76978,2012-04-02,0.293599665126636,1
76979,2012-04-02,0.25400525234860943,0
76980,2012-04-02,0.28238556635820944,0
76981,2012-04-02,0.44337016855395295,1
76982,2012-04-02,0.3383056274973208,0
76983,2012-04-02,0.35867317437529994,0
76984,2012-04-02,0.26944969084285336,0
76985,2012-04-02,0.22177338038787614,0
76986,2012-04-02,0.42678120846785883,0
76987,2012-04-02,0.29286947994414286,1
76988,2012-04-02,0.3723136376660978,0
76989,2012-04-02,0.14033331178152994,0
76990,2012-04-02,0.272293154855051,0
76991,2012-04-02,0.3057945905732566,1
76992,2012-04-02,0.3123990652796523,1
76993,2012-04-02,0.2596055544508069,0
76994,2012-04-02,0.3559898067319299,1
76995,2012-04-02,0.06611161147081225,0
76996,2012-04-02,0.41570503508707835,0
76997,2012-04-02,0.3254630246141863,0
76998,2012-04-02,0.2940721425235293,0
76999,2012-04-02,0.2956733137173805,0
77000,2012-04-02,0.5278039974642845,0
77001,2012-04-02,0.23311387827034366,0
77002,2012-04-02,0.3769154465295648,0
77003,2012-04-02,0.5200802635865599,1
77004,2012-04-02,0.25591239766077795,0
77005,2012-04-02,0.3881411680274282,0
77006,2012-04-02,0.30999558673165617,1
77007,2012-04-02,0.380604818882836,1
77008,2012-04-02,0.3957486900231182,1
77009,2012-04-02,0.33367026252675813,0
77010,2012-04-02,0.35349643099446093,1
77011,2012-04-02,0.4246660236936019,0
77012,2012-04-02,0.25099109909484796,0
77013,2012-04-02,0.41489128766649097,0
77014,2012-04-02,0.29644630432890695,0
77015,2012-04-02,0.4694343390068978,1
77016,2012-04-02,0.3073072489669939,1
77017,2012-04-02,0.29703416439753966,1
77018,2012-04-02,0.28002040952821466,1
77019,2012-04-02,0.35705020249744374,1
77020,2012-04-02,0.2464352826821378,0
77021,2012-04-02,0.3922506549286835,0
77022,2012-04-02,0.26159787953674984,0
77023,2012-04-02,0.26447707845380813,0
77024,2012-04-02,0.28960042227822286,1
77025,2012-04-02,0.2100182435388264,1
77026,2012-04-02,0.19855087490738105,1
77027,2012-04-02,0.3244303518758046,0
77028,2012-04-02,0.17258532555302067,0
77029,2012-04-02,0.22933517769501216,0
77030,2012-04-02,0.2844809689404034,0
77031,2012-04-02,0.2601864272819575,0
77032,2012-04-02,0.29424471499777877,0
77033,2012-04-02,0.20679656250017314,1
77034,2012-04-02,0.2549826748848825,0
77035,2012-04-02,0.364791060481927,1
77036,2012-04-02,0.3343092768442488,0
77037,2012-04-02,0.5168589840086105,0
77038,2012-04-02,0.4032712405762701,0
77039,2012-04-02,0.33803546242627047,0
77040,2012-04-02,0.22621654372968147,0
77041,2012-04-02,0.33540919247267315,0
77042,2012-04-02,0.4399996662221582,0
77043,2012-04-02,0.17964960513386277,0
77044,2012-04-02,0.3407451829584876,0
77045,2012-04-02,0.3421412903914939,0
77046,2012-04-02,0.3633023195655507,0
77047,2012-04-02,0.376917592601085,1
77048,2012-04-02,0.21197895221009183,0
77049,2012-04-02,0.2338112636930026,1
77050,2012-04-02,0.3467550345212904,1
77051,2012-04-02,0.4350287276102163,0
77052,2012-04-02,0.2323431770206685,0
77053,2012-04-02,0.23924200408271873,0
77054,2012-04-02,0.4064225025739592,0
77055,2012-04-02,0.1918694430058763,0
77056,2012-04-02,0.4767387614855385,1
77057,2012-04-02,0.38150749820214175,0
77058,2012-04-02,0.33885678032317196,0
77059,2012-04-02,0.30501656788391346,1
77060,2012-04-02,0.47532790755016535,1
77061,2012-04-02,0.228203555706991,0
77062,2012-04-02,0.18743800137027916,0
77063,2012-04-02,0.3470365183050731,1
77064,2012-04-02,0.3651610293624027,0
77065,2012-04-02,0.23599204832226206,0
77066,2012-04-02,0.43401452322730905,0
77067,2012-04-02,0.3268786296295102,0
77068,2012-04-02,0.3670231390407749,1
77069,2012-04-02,0.2737447091150722,0
77070,2012-04-02,0.36045097133440174,1
77071,2012-04-02,0.2799769828940113,1
77072,2012-04-02,0.3929070205451927,0
77073,2012-04-02,0.3507675031472397,1
77074,2012-04-02,0.2298558655862777,1
77075,2012-04-02,0.21794445770781826,0
77076,2012-04-02,0.25755010440944076,0
77077,2012-04-02,0.2956321782488735,1
77078,2012-04-02,0.349869303090849,0
77079,2012-04-02,0.3053383425142255,0
77080,2012-04-02,0.47346609184320265,0
77081,2012-04-02,0.06533741479762653,0
77082,2012-04-02,0.19015646072131448,0
77083,2012-04-02,0.38125115323132514,1
77084,2012-04-02,0.37065737253174463,0
77085,2012-04-02,0.23801727495207842,0
77086,2012-04-02,0.2153975712776093,0
77087,2012-04-02,0.3238195580067442,0
77088,2012-04-02,0.39175998853550414,0
77089,2012-04-02,0.24444762504851256,0
77090,2012-04-02,0.3213098526795447,0
77091,2012-04-02,0.27231785504730477,0
77092,2012-04-02,0.20883890318436055,1
77093,2012-04-02,0.3738377919218441,1
77094,2012-04-02,0.30213197470275316,1
77095,2012-04-02,0.3664943684610198,0
77096,2012-04-02,0.19756407619415223,0
77097,2012-04-02,0.23945105335260813,0
77098,2012-04-02,0.3755792299730028,0
77099,2012-04-02,0.3908090923244163,0
77100,2012-04-02,0.48308267557802526,0
77101,2012-04-02,0.41162687782631097,1
77102,2012-04-02,0.3286022264999859,1
77103,2012-04-02,0.259616497777886,0
77104,2012-04-02,0.30005092589302335,0
77105,2012-04-02,0.25353951266531066,0
77106,2012-04-02,0.2361245350564836,1
77107,2012-04-02,0.2664531406529335,0
77108,2012-04-02,0.16245595630472293,0
77109,2012-04-02,0.31862103791804625,0
77110,2012-04-02,0.15396037717824024,0
77111,2012-04-02,0.2651393436937064,1
77112,2012-04-02,0.3576959995490909,0
77113,2012-04-02,0.3521309650940511,0
77114,2012-04-02,0.2978166997118433,0
77115,2012-04-02,0.32119819083290946,1
77116,2012-04-02,0.3321105307631523,1
77117,2012-04-02,0.215583537757225,0
77118,2012-04-02,0.25681147822375555,1
77119,2012-04-02,0.28126743029830603,0
77120,2012-04-02,0.573599207946481,1
77121,2012-04-02,0.2341215251917327,0
77122,2012-04-02,0.33776744448634505,0
77123,2012-04-02,0.24310002341271564,0
77124,2012-04-02,0.24608104846240428,0
77125,2012-04-02,0.16982920345714658,0
77126,2012-04-02,0.4581887202858221,0
77127,2012-04-02,0.19898178372644057,1
77128,2012-04-02,0.18510322421425063,0
77129,2012-04-02,0.32057165587642816,0
77130,2012-04-02,0.3226219233310588,0
77131,2012-04-02,0.25770499906177463,1
77132,2012-04-02,0.3702146019410254,0
77133,2012-04-02,0.37539472085903425,0
77134,2012-04-02,0.29101987999868684,0
77135,2012-04-02,0.5024584205639101,0
77136,2012-04-02,0.40556144412122286,1
77137,2012-04-02,0.18450932765895944,0
77138,2012-04-02,0.3158541194059363,0
77139,2012-04-02,0.22802826567971984,0
77140,2012-04-02,0.42309870951223594,0
77141,2012-04-02,0.4692536711647377,1
77142,2012-04-02,0.292063462898267,1
77143,2012-04-02,0.3289855941873076,0
77144,2012-04-02,0.33764226510252393,0
77145,2012-04-02,0.2233460545360274,0
77146,2012-04-02,0.34497986326892177,1
77147,2012-04-02,0.19521844762164478,0
77148,2012-04-02,0.353664625893083,1
77149,2012-04-02,0.1641854824339641,1
77150,2012-04-02,0.4415119278492017,1
77151,2012-04-02,0.3560573334107644,0
77152,2012-04-02,0.3888621377309842,0
77153,2012-04-02,0.36473838395518104,1
77154,2012-04-02,0.26614998456038125,1
77155,2012-04-02,0.24055419632840766,0
77156,2012-04-02,0.9681908426983702,1
77157,2012-04-02,0.3541053681258155,0
77158,2012-04-02,0.21275795555042135,0
77159,2012-04-02,0.29421260914229647,0
77160,2012-04-02,0.2475677461042193,0
77161,2012-04-02,0.36901272890903947,0
77162,2012-04-02,0.45152901525777583,1
77163,2012-04-02,0.2185115867970284,0
77164,2012-04-02,0.36495293511771615,0
77165,2012-04-02,0.3533343864836637,0
77166,2012-04-02,0.4255500920706233,1
77167,2012-04-02,0.3289052317227023,1
77168,2012-04-02,0.4664323248991335,0
77169,2012-04-02,0.2318177613787132,1
77170,2012-04-02,0.2895549539704592,0
77171,2012-04-02,0.2160702107714535,0
77172,2012-04-02,0.3502467566412505,1
77173,2012-04-02,0.29605529806677533,0
77174,2012-04-02,0.36277692823029434,0
77175,2012-04-02,0.28501605242969213,0
77176,2012-04-02,0.3643393572617826,0
77177,2012-04-02,0.21163907167426327,0
77178,2012-04-02,0.31695687136310025,0
77179,2012-04-02,0.23406332218615647,1
77180,2012-04-02,0.41947712121422637,0
77181,2012-04-02,0.3939019992030752,0
77182,2012-04-02,0.3868888854279188,0
77183,2012-04-02,0.40180297191965236,1
77184,2012-04-02,0.2647392986443059,1
77185,2012-04-02,0.38411029658047463,0
77186,2012-04-02,0.30493274409193477,1
77187,2012-04-02,0.3102249042536215,0
77188,2012-04-02,0.23137394751325105,1
77189,2012-04-02,0.3167242796512778,0
77190,2012-04-02,0.31335872986053026,0
77191,2012-04-02,0.30489339428566714,0
77192,2012-04-02,0.4276056255058359,1
77193,2012-04-02,0.39273990017877813,0
77194,2012-04-02,0.23110184194692263,1
77195,2012-04-02,0.15573569866018236,0
77196,2012-04-02,0.3533486565396866,1
77197,2012-04-02,0.3162271789383894,1
77198,2012-04-02,0.46847337246340465,1
77199,2012-04-02,0.388461119328272,0
77200,2012-04-02,0.28283946398946497,1
77201,2012-04-02,0.42601722894279664,0
77202,2012-04-02,0.33942655490800566,0
77203,2012-04-02,0.3860194085090292,1
77204,2012-04-02,0.3006198983061679,1
77205,2012-04-02,0.5293074571061451,0
77206,2012-04-02,0.377046007886387,0
77207,2012-04-02,0.24027037909812313,0
77208,2012-04-02,0.16175453716372032,0
77209,2012-04-02,0.3833586586703213,1
77210,2012-04-02,0.2329320733421471,0
77211,2012-04-02,0.1951801577276412,0
77212,2012-04-02,0.3759181730034025,0
77213,2012-04-02,0.26170685544124,1
77214,2012-04-02,0.29969872632791067,0
77215,2012-04-02,0.40969988824166925,0
77216,2012-04-02,0.2521724375971327,0
77217,2012-04-02,0.3606176413083177,1
77218,2012-04-02,0.18561958661622815,0
77219,2012-04-02,0.34588457405195216,0
77220,2012-04-02,0.17627285954931246,1
77221,2012-04-02,0.31319703020419987,1
77222,2012-04-02,0.4493204909182404,0
77223,2012-04-02,0.25894247055490827,0
77224,2012-04-02,0.4357174381196073,0
77225,2012-04-02,0.3109469455339282,0
77226,2012-04-02,0.35724034527221027,1
77227,2012-04-02,0.38509036630466803,0
77228,2012-04-02,0.3530737639171078,1
77229,2012-04-02,0.3665545660774087,1
77230,2012-04-02,0.22317883130570126,0
77231,2012-04-02,0.17117636274184223,0
77232,2012-04-02,0.31553171621663056,0
77233,2012-04-02,0.2953811891625277,0
77234,2012-04-02,0.4551328253373231,0
77235,2012-04-02,0.24320028203479865,1
77236,2012-04-02,0.30237002179936084,1
77237,2012-04-02,0.38586027932075023,0
77238,2012-04-02,0.29622931921111995,0
77239,2012-04-02,0.47806235136824,1
77240,2012-04-02,0.391611778125675,1
77241,2012-04-02,0.25758896496051337,0
77242,2012-04-02,0.3353098559734265,1
77243,2012-04-02,0.3009333729156601,0
77244,2012-04-02,0.30112855283748124,1
77245,2012-04-02,0.2895228602966811,1
77246,2012-04-02,0.2812095567692684,1
77247,2012-04-02,0.30739139487623557,0
77248,2012-04-02,0.224764264173126,1
77249,2012-04-02,0.3285552514028183,1
77250,2012-04-02,0.34102454170024826,1
77251,2012-04-02,0.2669463812474864,0
77252,2012-04-02,0.3100508817356767,1
77253,2012-04-02,0.3165770473623254,0
77254,2012-04-02,0.30747863854889823,0
77255,2012-04-02,0.26873184597034766,1
77256,2012-04-02,0.31514006070154843,0
77257,2012-04-02,0.3025030783873982,0
77258,2012-04-02,0.24098507392077786,0
77259,2012-04-02,0.37547966906981645,1
77260,2012-04-02,0.3248683261556153,0
77261,2012-04-02,0.3320566722405866,1
77262,2012-04-02,0.4595872317287249,1
77263,2012-04-02,0.2982323544074483,1
77264,2012-04-02,0.831912226962649,1
77265,2012-04-02,0.1706210605437364,1
77266,2012-04-02,0.2610334691382284,0
77267,2012-04-02,0.3331574820411266,1
77268,2012-04-02,0.2543828032443381,0
77269,2012-04-02,0.3362164019881956,1
77270,2012-04-02,0.8630992172131932,0
77271,2012-04-02,0.37150600996722805,1
77272,2012-04-02,0.3477755345267258,1
77273,2012-04-02,0.29681237057154813,0
77274,2012-04-02,0.2571859227087051,0
77275,2012-04-02,0.32823132692738916,0
77276,2012-04-02,0.18439540239075797,0
77277,2012-04-02,0.44002429071153765,1
77278,2012-04-02,0.35125445932345223,0
77279,2012-04-02,0.33195068957083723,1
77280,2012-04-02,0.3845900196676508,0
77281,2012-04-02,0.25343898788478986,0
77282,2012-04-02,0.3018422613551612,0
77283,2012-04-02,0.213300759860568,0
77284,2012-04-02,0.3413456075088542,0
77285,2012-04-02,0.4830288800602867,0
77286,2012-04-02,0.23423489419867655,0
77287,2012-04-02,0.2045419200348186,0
77288,2012-04-02,0.463458795539081,0
77289,2012-04-02,0.26580247559474124,1
77290,2012-04-02,0.3667796655666664,0
77291,2012-04-02,0.17937707825563326,0
77292,2012-04-02,0.24943043812041832,0
77293,2012-04-02,0.20766283546904699,0
77294,2012-04-02,0.28066341476769063,0
77295,2012-04-02,0.231096353161568,0
77296,2012-04-02,0.20861481243507826,0
77297,2012-04-02,0.32787203765718237,0
77298,2012-04-02,0.2442331940145665,1
77299,2012-04-02,0.4279242696557101,1
77300,2012-04-02,0.3410893004101491,1
77301,2012-04-02,0.6984816922613233,1
77302,2012-04-02,0.4324583657220417,0
77303,2012-04-02,0.43063030526156315,0
77304,2012-04-02,0.2936561571775689,1
77305,2012-04-02,0.25645608302700607,0
77306,2012-04-02,0.3329372026956077,0
77307,2012-04-02,0.3843410108600436,1
77308,2012-04-02,0.3641751753526992,0
77309,2012-04-02,0.3080521105238433,0
77310,2012-04-02,0.33749214880352996,0
77311,2012-04-02,0.2661115134737133,0
77312,2012-04-02,0.2757395021197358,0
77313,2012-04-02,0.31713220187005203,0
77314,2012-04-02,0.26866984198868943,0
77315,2012-04-02,0.3466228163678757,1
77316,2012-04-02,0.3417214319222342,0
77317,2012-04-02,0.3546245744243851,0
77318,2012-04-02,0.31302780509985656,0
77319,2012-04-02,0.201910214517028,0
77320,2012-04-02,0.4350634959702055,1
77321,2012-04-02,0.4787382188196538,0
77322,2012-04-02,0.37073478641114543,0
77323,2012-04-02,0.25901055746441065,1
77324,2012-04-02,0.3034475373692554,0
77325,2012-04-02,0.20461111061697207,0
77326,2012-04-02,0.4186153080651497,1
77327,2012-04-02,0.2940328387650447,0
77328,2012-04-02,0.15634980884699462,1
77329,2012-04-02,0.3105446159714392,1
77330,2012-04-02,0.23303489993075024,0
77331,2012-04-02,0.3318361931984861,0
77332,2012-04-02,0.441203833446635,1
77333,2012-04-02,0.2041251526371056,0
77334,2012-04-02,0.2781774868324001,1
77335,2012-04-02,0.24254233631166733,0
77336,2012-04-02,0.36058716095647997,1
77337,2012-04-02,0.19171467427494648,0
77338,2012-04-02,0.3312684406953311,1
77339,2012-04-02,0.2505648742241928,0
77340,2012-04-02,0.302386003466795,0
77341,2012-04-02,0.2900941946252446,1
77342,2012-04-02,0.21129592905787842,0
77343,2012-04-02,0.3278037157373387,0
77344,2012-04-02,0.5742793262595632,1
77345,2012-04-02,0.3730636763642359,1
77346,2012-04-02,0.3009566310000129,0
77347,2012-04-02,0.15375222700977312,1
77348,2012-04-02,0.3500824719846782,1
77349,2012-04-02,0.3592886595603585,1
77350,2012-04-02,0.1831020890037187,0
77351,2012-04-02,0.3204416945858915,0
77352,2012-04-02,0.2814434838965189,1
77353,2012-04-02,0.29096063052214693,1
77354,2012-04-02,0.35577638421714936,1
77355,2012-04-02,0.3904182453482908,0
77356,2012-04-02,0.21904533334451487,0
77357,2012-04-02,0.25097063548043663,0
77358,2012-04-02,0.43714508125495266,0
77359,2012-04-02,0.20510411866243225,0
77360,2012-04-02,0.2449904410251971,1
77361,2012-04-02,0.5555164743516657,0
77362,2012-04-02,0.3563314889424386,0
77363,2012-04-02,0.3347513495962264,1
77364,2012-04-02,0.429330069029922,0
77365,2012-04-02,0.21318775578602087,1
77366,2012-04-02,0.41102242089255786,0
77367,2012-04-02,0.4231065746040202,1
77368,2012-04-02,0.341422315524452,0
77369,2012-04-02,0.3563182551963329,1
77370,2012-04-02,0.31893785881817077,1
77371,2012-04-02,0.23238500787578173,0
77372,2012-04-02,0.276975702144183,0
77373,2012-04-02,0.24839574208801943,1
77374,2012-04-02,0.44568625441457305,0
77375,2012-04-02,0.25942271111031145,1
77376,2012-04-02,0.5571078948842755,1
77377,2012-04-02,0.4059048390454835,1
77378,2012-04-02,0.2997268971122428,0
77379,2012-04-02,0.3263496319805416,1
77380,2012-04-02,0.419672756568638,0
77381,2012-04-02,0.7341443652137699,1
77382,2012-04-02,0.24750565983210507,0
77383,2012-04-03,0.2961709993326408,1
77384,2012-04-03,0.35917733894871184,0
77385,2012-04-03,0.33946770036271273,0
77386,2012-04-03,0.44933420117027784,1
77387,2012-04-03,0.2306843174846282,1
77388,2012-04-03,0.3507126885593263,0
77389,2012-04-03,0.3017649028789122,0
77390,2012-04-03,0.24610892981983964,0
77391,2012-04-03,0.3491703045416581,1
77392,2012-04-03,0.3477254854104049,1
77393,2012-04-03,0.36919638361218676,0
77394,2012-04-03,0.21789882092556967,1
77395,2012-04-03,0.27614612491309853,1
77396,2012-04-03,0.2671864198452164,0
77397,2012-04-03,0.3209388564097713,0
77398,2012-04-03,0.25975493591042487,0
77399,2012-04-03,0.26826294229556863,1
77400,2012-04-03,0.26691731425061627,0
77401,2012-04-03,0.476067443181191,0
77402,2012-04-03,0.2742943169677289,0
77403,2012-04-03,0.43254427269591456,0
77404,2012-04-03,0.25741345599250093,0
77405,2012-04-03,0.2922856439056132,0
77406,2012-04-03,0.3251543851923023,0
77407,2012-04-03,0.323377934644272,0
77408,2012-04-03,0.2110561847349166,0
77409,2012-04-03,0.45941718390062175,1
77410,2012-04-03,0.34303706225706576,0
77411,2012-04-03,0.3845165182457618,1
77412,2012-04-03,0.24111267030233438,1
77413,2012-04-03,0.38615219993405,1
77414,2012-04-03,0.3365612261976033,0
77415,2012-04-03,0.352242062930862,0
77416,2012-04-03,0.2598913255149991,0
77417,2012-04-03,0.3404230142223968,1
77418,2012-04-03,0.2812244384876462,0
77419,2012-04-03,0.25791372392504114,1
77420,2012-04-03,0.32147701436357595,1
77421,2012-04-03,0.35820221952585335,0
77422,2012-04-03,0.3607465576661436,0
77423,2012-04-03,0.3469642461466598,0
77424,2012-04-03,0.3015164380693519,0
77425,2012-04-03,0.3037789237535525,0
77426,2012-04-03,0.3020470720841585,1
77427,2012-04-03,0.47321426988690835,1
77428,2012-04-03,0.45964154075936486,0
77429,2012-04-03,0.2657349532139085,0
77430,2012-04-03,0.3233876890376212,1
77431,2012-04-03,0.3710934873625588,1
77432,2012-04-03,0.2579391407562493,0
77433,2012-04-03,0.37258121641317754,1
77434,2012-04-03,0.5477740607428518,1
77435,2012-04-03,0.46078005712784426,0
77436,2012-04-03,0.21307453099639953,1
77437,2012-04-03,0.36802180649038013,0
77438,2012-04-03,0.3470104859412945,0
77439,2012-04-03,0.20435026311564922,0
77440,2012-04-03,0.3398921410480472,0
77441,2012-04-03,0.2739243680666679,0
77442,2012-04-03,0.4065872224972335,1
77443,2012-04-03,0.35454713514683384,1
77444,2012-04-03,0.26039307243757265,1
77445,2012-04-03,0.22429677908297496,0
77446,2012-04-03,0.33528853871243,1
77447,2012-04-03,0.44225916424989964,0
77448,2012-04-03,0.31177573568240585,0
77449,2012-04-03,0.40237334852917306,1
77450,2012-04-03,0.31709455172444945,0
77451,2012-04-03,0.26757818496575625,0
77452,2012-04-03,0.3466664793094144,0
77453,2012-04-03,0.25691208071023575,0
77454,2012-04-03,0.3148834748456006,0
77455,2012-04-03,0.45436861856053395,1
77456,2012-04-03,0.3073426690032617,0
77457,2012-04-03,0.3414176785460676,0
77458,2012-04-03,0.16458033642373143,0
77459,2012-04-03,0.4973024020939777,1
77460,2012-04-03,0.32980891314641586,0
77461,2012-04-03,0.28952436875400556,0
77462,2012-04-03,0.2592261175963904,0
77463,2012-04-03,0.35463290879022547,1
77464,2012-04-03,0.4553602996003045,0
77465,2012-04-03,0.45288372192943394,0
77466,2012-04-03,0.579078511549795,1
77467,2012-04-03,0.3061868134888935,1
77468,2012-04-03,0.34269334721471667,1
77469,2012-04-03,0.3742777855617992,0
77470,2012-04-03,0.22601878900373853,0
77471,2012-04-03,0.4631707916315016,0
77472,2012-04-03,0.2557329973485723,0
77473,2012-04-03,0.29084370664486553,1
77474,2012-04-03,0.42397332837953794,1
77475,2012-04-03,0.31725978637174285,0
77476,2012-04-03,0.3520777520130697,1
77477,2012-04-03,0.29842687502923304,1
77478,2012-04-03,0.22943767701726747,0
77479,2012-04-03,0.3499358384696611,0
77480,2012-04-03,0.33776715686833414,1
77481,2012-04-03,0.7771532866392478,0
77482,2012-04-03,0.4740315152553293,1
77483,2012-04-03,0.29483509271959674,0
77484,2012-04-03,0.22643951974369825,1
77485,2012-04-03,0.5783536983606441,0
77486,2012-04-03,0.3561713435158016,0
77487,2012-04-03,0.22850243919939325,0
77488,2012-04-03,0.3376925535534278,0
77489,2012-04-03,0.2619847654366016,0
77490,2012-04-03,0.2024696532028622,0
77491,2012-04-03,0.3150961872264165,1
77492,2012-04-03,0.24767718786448886,0
77493,2012-04-03,0.3916551909017402,0
77494,2012-04-03,0.28480976287375076,0
77495,2012-04-03,0.2642214313246733,1
77496,2012-04-03,0.40237992431829156,0
77497,2012-04-03,0.19365517516588412,1
77498,2012-04-03,0.4115080556728562,0
77499,2012-04-03,0.27786895466684,0
77500,2012-04-03,0.32891614126754215,1
77501,2012-04-03,0.2106681904419366,0
77502,2012-04-03,0.4013205176925932,0
77503,2012-04-03,0.5828233533052444,1
77504,2012-04-03,0.2702493411852491,1
77505,2012-04-03,0.19997902620687324,1
77506,2012-04-03,0.21172210020387167,1
77507,2012-04-03,0.3701347424339943,1
77508,2012-04-03,0.3116806579260544,0
77509,2012-04-03,0.18626572775638423,0
77510,2012-04-03,0.4372940751240132,1
77511,2012-04-03,0.4266798035280012,0
77512,2012-04-03,0.23468593254971315,1
77513,2012-04-03,0.48900248597031276,1
77514,2012-04-03,0.21494423190367185,1
77515,2012-04-03,0.280099352071143,0
77516,2012-04-03,0.3484455613378339,1
77517,2012-04-03,0.33830173983891837,1
77518,2012-04-03,0.3406063212262473,0
77519,2012-04-03,0.24017366665231243,0
77520,2012-04-03,0.3488743872699329,0
77521,2012-04-03,0.3495946176929761,0
77522,2012-04-03,0.31869816525891426,1
77523,2012-04-03,0.4161678399154423,0
77524,2012-04-03,0.29142920416665374,0
77525,2012-04-03,0.31851186864584735,0
77526,2012-04-03,0.3450861358602786,0
77527,2012-04-03,0.2873898064137341,0
77528,2012-04-03,0.41232325976630413,0
77529,2012-04-04,0.39597461607761364,1
77530,2012-04-04,0.23068840654875705,0
77531,2012-04-04,0.3522085019432891,0
77532,2012-04-04,0.32592724280150415,0
77533,2012-04-04,0.3651447625316834,0
77534,2012-04-04,0.3264581762447956,1
77535,2012-04-04,0.36744151852720125,0
77536,2012-04-04,0.3762154423890926,0
77537,2012-04-04,0.4055920837836297,1
77538,2012-04-04,0.39948209985717703,1
77539,2012-04-04,0.3025444613785524,0
77540,2012-04-04,0.3563164475148844,0
77541,2012-04-04,0.25522958513881416,1
77542,2012-04-04,0.34611888644867345,0
77543,2012-04-04,0.16591078840404982,0
77544,2012-04-04,0.21254541193180623,0
77545,2012-04-04,0.33060899714174996,0
77546,2012-04-04,0.3429909939391829,0
77547,2012-04-04,0.3807456878290501,1
77548,2012-04-04,0.3874730587019802,1
77549,2012-04-04,0.31191706703306016,0
77550,2012-04-04,0.2678422727466548,0
77551,2012-04-04,0.28413404518783686,0
77552,2012-04-04,0.3264309139465042,1
77553,2012-04-04,0.3218057567294232,0
77554,2012-04-04,0.29669872237934153,0
77555,2012-04-04,0.19600380005069992,0
77556,2012-04-04,0.24082947307631605,1
77557,2012-04-04,0.42962289337974585,0
77558,2012-04-04,0.29237038573083546,1
77559,2012-04-04,0.24783362877405704,0
77560,2012-04-04,0.26812625298560494,0
77561,2012-04-04,0.44127770144197814,0
77562,2012-04-04,0.21242793090023362,0
77563,2012-04-04,0.3924205302047971,1
77564,2012-04-04,0.599785766688643,1
77565,2012-04-04,0.3520243458853994,0
77566,2012-04-04,0.3166909214201994,0
77567,2012-04-04,0.31133530416382205,0
77568,2012-04-04,0.3098494968860165,1
77569,2012-04-04,0.3410600690911835,0
77570,2012-04-04,0.3611914673735842,0
77571,2012-04-04,0.312806039117458,1
77572,2012-04-04,0.3507023544909107,0
77573,2012-04-04,0.35033303503535296,1
77574,2012-04-04,0.33541240230626557,1
77575,2012-04-04,0.2819129764930443,0
77576,2012-04-04,0.2955009407969162,0
77577,2012-04-04,0.285154038768649,0
77578,2012-04-04,0.36743017603551825,1
77579,2012-04-04,0.4091913944940235,1
77580,2012-04-04,0.3470674135171529,1
77581,2012-04-04,0.3975348830469231,1
77582,2012-04-04,0.3235460780015709,0
77583,2012-04-04,0.302578864470915,1
77584,2012-04-04,0.23186943529176612,0
77585,2012-04-04,0.22007612558291187,0
77586,2012-04-04,0.2027959605197312,1
77587,2012-04-04,0.4855898217536604,0
77588,2012-04-04,0.4933949043156512,0
77589,2012-04-04,0.39084677408121066,0
77590,2012-04-04,0.43772718695554375,0
77591,2012-04-04,0.3025693450707467,0
77592,2012-04-04,0.4279759193619942,0
77593,2012-04-04,0.5501226476730436,1
77594,2012-04-04,0.3038156074517017,0
77595,2012-04-04,0.3463403112120315,0
77596,2012-04-04,0.36143293534253157,0
77597,2012-04-04,0.21503556190317002,1
77598,2012-04-04,0.308626561264795,1
77599,2012-04-04,0.340418877808139,0
77600,2012-04-04,0.4230279767223684,1
77601,2012-04-04,0.3873380165472987,1
77602,2012-04-04,0.5777560716985767,0
77603,2012-04-04,0.641039106199971,1
77604,2012-04-04,0.30921114240682857,0
77605,2012-04-04,0.25363198904025414,0
77606,2012-04-04,0.360921242046021,1
77607,2012-04-04,0.29918957056384754,1
77608,2012-04-04,0.47579734375908156,0
77609,2012-04-04,0.2686835599248256,0
77610,2012-04-04,0.2569295579610644,1
77611,2012-04-04,0.4138680253336191,0
77612,2012-04-04,0.31369510103098874,1
77613,2012-04-04,0.3394213443852978,1
77614,2012-04-04,0.37008179228287597,0
77615,2012-04-04,0.40741193552233945,0
77616,2012-04-04,0.3298076017779502,1
77617,2012-04-04,0.6039386094536741,1
77618,2012-04-04,0.4219245474622243,1
77619,2012-04-04,0.26897849729912504,0
77620,2012-04-04,0.2652659934218443,0
77621,2012-04-04,0.27333856437282134,1
77622,2012-04-04,0.33746262122307796,0
77623,2012-04-04,0.3291768422619539,0
77624,2012-04-04,0.26288816417336,1
77625,2012-04-04,0.4624723098443969,0
77626,2012-04-04,0.33810371984661164,0
77627,2012-04-04,0.2965599659656461,0
77628,2012-04-04,0.1920828054272016,0
77629,2012-04-04,0.2657596533758663,1
77630,2012-04-04,0.20680595581722958,1
77631,2012-04-04,0.36583152888490944,1
77632,2012-04-04,0.28399941634995474,0
77633,2012-04-04,0.33335838799273965,0
77634,2012-04-04,0.3451515696426939,0
77635,2012-04-04,0.2262436171642914,1
77636,2012-04-04,0.4829700847646017,1
77637,2012-04-04,0.3345391355122088,0
77638,2012-04-04,0.317187432034401,1
77639,2012-04-04,0.4850146134284316,0
77640,2012-04-05,0.41870086302709875,0
77641,2012-04-05,0.2920781627119116,0
77642,2012-04-05,0.2997175154313436,1
77643,2012-04-05,0.27715370342962137,0
77644,2012-04-05,0.20855182687692486,0
77645,2012-04-05,0.2362090784295562,1
77646,2012-04-05,0.3664797569723273,0
77647,2012-04-05,0.25256790604006085,0
77648,2012-04-05,0.4132358944956624,0
77649,2012-04-05,0.401006889747134,0
77650,2012-04-05,0.37972548729991734,0
77651,2012-04-05,0.3088863434016444,0
77652,2012-04-05,0.34809901933426246,1
77653,2012-04-05,0.3645682137290911,0
77654,2012-04-05,0.10201607232508172,0
77655,2012-04-05,0.7070536192459473,0
77656,2012-04-05,0.24252707429340867,0
77657,2012-04-05,0.3562872005531195,0
77658,2012-04-05,0.3474320423700203,1
77659,2012-04-05,0.30056057200992276,1
77660,2012-04-05,0.2750199915388687,0
77661,2012-04-05,0.555851238030623,1
77662,2012-04-05,0.36799624334706116,1
77663,2012-04-05,0.328810636410881,0
77664,2012-04-05,0.4195374277620588,0
77665,2012-04-05,0.1856930818357609,0
77666,2012-04-05,0.2689563019936251,0
77667,2012-04-05,0.28659558410691865,1
77668,2012-04-05,0.1725968794245384,1
77669,2012-04-05,0.4048359062658393,1
77670,2012-04-05,0.3311551782739127,1
77671,2012-04-05,0.351095474426353,0
77672,2012-04-05,0.26790910197894946,1
77673,2012-04-05,0.3876389489838878,1
77674,2012-04-05,0.434188859082936,0
77675,2012-04-05,0.29313362872493004,0
77676,2012-04-05,0.07086164852808743,0
77677,2012-04-05,0.414122355813077,1
77678,2012-04-05,0.2323461981088253,0
77679,2012-04-05,0.3185312174882211,0
77680,2012-04-05,0.3125078697021566,1
77681,2012-04-05,0.18189185312881964,0
77682,2012-04-05,0.2944613460655896,0
77683,2012-04-05,0.23664229540273168,0
77684,2012-04-05,0.4021584068261916,1
77685,2012-04-05,0.5284960188933344,1
77686,2012-04-05,0.26853159199682697,1
77687,2012-04-05,0.3704524839820084,1
77688,2012-04-05,0.25170773426413484,0
77689,2012-04-05,0.25963600090254935,0
77690,2012-04-05,0.3354577455405727,1
77691,2012-04-05,0.2870170165842265,0
77692,2012-04-05,0.2980869246121737,1
77693,2012-04-05,0.29032270007653577,0
77694,2012-04-05,0.37804582032560663,0
77695,2012-04-05,0.3242851079144389,0
77696,2012-04-05,0.309923042154545,1
77697,2012-04-05,0.28641259030592275,1
77698,2012-04-05,0.21091717313778108,1
77699,2012-04-05,0.2512071927481047,0
77700,2012-04-05,0.2748738517060027,0
77701,2012-04-05,0.2518661389094916,0
77702,2012-04-05,0.2193815909577585,0
77703,2012-04-05,0.409793555650099,1
77704,2012-04-05,0.4806481931500202,1
77705,2012-04-05,0.3311667437779914,0
77706,2012-04-05,0.3082604652034751,0
77707,2012-04-05,0.34760672940152365,0
77708,2012-04-05,0.3029220477011425,1
77709,2012-04-05,0.36007679472598564,0
77710,2012-04-05,0.4324252372272502,1
77711,2012-04-05,0.4287794576890136,1
77712,2012-04-05,0.2905483260438763,0
77713,2012-04-05,0.2961528183832814,1
77714,2012-04-05,0.3120153152304493,0
77715,2012-04-05,0.40532794033334507,1
77716,2012-04-05,0.4014130519292437,0
77717,2012-04-05,0.31640442223854154,1
77718,2012-04-05,0.2927639573044972,0
77719,2012-04-05,0.3298101124941279,1
77720,2012-04-05,0.2749554665140206,0
77721,2012-04-05,0.2659724708209358,0
77722,2012-04-05,0.2982627189231129,0
77723,2012-04-05,0.39573669793047817,0
77724,2012-04-05,0.32373664521699247,1
77725,2012-04-05,0.38615802219878914,0
77726,2012-04-05,0.4942995677739733,1
77727,2012-04-05,0.35168224863264924,0
77728,2012-04-05,0.22653583975735256,0
77729,2012-04-05,0.3984771373507302,0
77730,2012-04-05,0.2596757065073371,1
77731,2012-04-05,0.48554737179644814,1
77732,2012-04-05,0.2824421391331854,0
77733,2012-04-05,0.16374407318189527,1
77734,2012-04-05,0.26830920934014973,0
77735,2012-04-05,0.3111824489094006,0
77736,2012-04-05,0.6424419540642271,1
77737,2012-04-05,0.3984527265063214,1
77738,2012-04-05,0.280779732863313,0
77739,2012-04-05,0.3448331700229533,0
77740,2012-04-05,0.4656214660943923,0
77741,2012-04-05,0.3521319504993986,0
77742,2012-04-05,0.3430286976306885,1
77743,2012-04-05,0.2949041123152577,1
77744,2012-04-05,0.28218554279065844,1
77745,2012-04-05,0.34363297887700844,0
77746,2012-04-05,0.26123035516388016,0
77747,2012-04-05,0.31039557795420397,0
77748,2012-04-05,0.42721457775274346,0
77749,2012-04-05,0.37848476214170385,0
77750,2012-04-05,0.40145829416255446,0
77751,2012-04-05,0.15937555056308153,0
77752,2012-04-05,0.51216841339229,1
77753,2012-04-05,0.4583986004571859,0
77754,2012-04-05,0.3287340449423265,1
77755,2012-04-05,0.550350679015599,1
77756,2012-04-05,0.33944728199946955,1
77757,2012-04-05,0.414886754275576,1
77758,2012-04-05,0.4103525456770585,0
77759,2012-04-05,0.21819381186475742,1
77760,2012-04-05,0.3542073347731811,0
77761,2012-04-05,0.24219416641928976,1
77762,2012-04-05,0.2798348648159026,0
77763,2012-04-05,0.3044587309550092,1
77764,2012-04-05,0.777029485465032,1
77765,2012-04-05,0.3278692872532862,0
77766,2012-04-05,0.4013938428023828,1
77767,2012-04-05,0.36250189713985187,0
77768,2012-04-05,0.39739256130490663,0
77769,2012-04-05,0.2621857515329758,0
77770,2012-04-05,0.3941515169340557,1
77771,2012-04-05,0.4696853678686579,1
77772,2012-04-05,0.3624486524456993,1
77773,2012-04-05,0.5445434862712916,0
77774,2012-04-05,0.3400410840334617,1
77775,2012-04-05,0.3456820041311639,1
77776,2012-04-05,0.3112307431795974,0
77777,2012-04-05,0.43369753947243644,1
77778,2012-04-05,0.3282247593840246,0
77779,2012-04-05,0.36668878822181306,0
77780,2012-04-05,0.3622948551579032,0
77781,2012-04-05,0.423941888892971,0
77782,2012-04-05,0.34225882396492546,0
77783,2012-04-05,0.37333716910122167,0
77784,2012-04-05,0.21236049976911076,0
77785,2012-04-05,0.4364642054040452,1
77786,2012-04-05,0.2554694799438603,0
77787,2012-04-05,0.40164290175833794,0
77788,2012-04-05,0.17715013693966647,1
77789,2012-04-05,0.19439687258822083,0
77790,2012-04-05,0.4258812546696673,1
77791,2012-04-05,0.25782412262039045,0
77792,2012-04-05,0.21110418367486822,0
77793,2012-04-05,0.3960698814908858,0
77794,2012-04-05,0.34591139071386245,0
77795,2012-04-05,0.40211147368861466,1
77796,2012-04-05,0.22055872268702345,0
77797,2012-04-05,0.5042646844254028,1
77798,2012-04-05,0.24637885289957293,0
77799,2012-04-05,0.22358825039074043,0
77800,2012-04-05,0.4923950053433853,0
77801,2012-04-05,0.23795532652518914,0
77802,2012-04-05,0.24802885795842153,1
77803,2012-04-05,0.2123034112128388,0
77804,2012-04-05,0.37344900457635477,1
77805,2012-04-05,0.3857837830800624,0
77806,2012-04-05,0.3463936148198691,1
77807,2012-04-05,0.33816073453935064,1
77808,2012-04-05,0.3970322187126594,1
77809,2012-04-05,0.3935115255650789,1
77810,2012-04-05,0.5184649256459501,1
77811,2012-04-05,0.16282233924851014,0
77812,2012-04-05,0.26890893147367706,1
77813,2012-04-05,0.3248373655933815,0
77814,2012-04-05,0.3276399048260709,0
77815,2012-04-05,0.39556156620176663,1
77816,2012-04-05,0.2322173754075601,1
77817,2012-04-05,0.31248482819740997,0
77818,2012-04-05,0.3431572739134949,0
77819,2012-04-05,0.3839082752238173,1
77820,2012-04-05,0.38471937822682034,1
77821,2012-04-05,0.3236297874028432,0
77822,2012-04-05,0.4060096241570683,1
77823,2012-04-05,0.47673958931671057,0
77824,2012-04-05,0.3906679992447708,1
77825,2012-04-05,0.20908339024099745,0
77826,2012-04-05,0.41701199892067314,1
77827,2012-04-05,0.4310459112576262,1
77828,2012-04-05,0.36710266081474485,1
77829,2012-04-05,0.3142555687657228,0
77830,2012-04-05,0.1970906554042244,0
77831,2012-04-05,0.29560653767455897,0
77832,2012-04-05,0.2695620952464246,0
77833,2012-04-05,0.31213792471363666,0
77834,2012-04-05,0.32176041423128465,0
77835,2012-04-05,0.46109554896212857,1
77836,2012-04-05,0.3321152058523777,0
77837,2012-04-05,0.34023259682284773,1
77838,2012-04-05,0.2838666020806965,1
77839,2012-04-05,0.19816582656762122,1
77840,2012-04-05,0.4485349473747632,0
77841,2012-04-05,0.2221602391925672,0
77842,2012-04-05,0.4857093379109963,1
77843,2012-04-05,0.2612327667857142,0
77844,2012-04-05,0.4454690007194545,0
77845,2012-04-05,0.35691340381842696,1
77846,2012-04-05,0.38375747049155834,0
77847,2012-04-05,0.3630403601992567,1
77848,2012-04-05,0.36293774628703496,1
77849,2012-04-05,0.3538770779110064,0
77850,2012-04-05,0.14611618690823372,0
77851,2012-04-05,0.21754561268351136,0
77852,2012-04-05,0.4645972245057077,0
77853,2012-04-05,0.33141602249093377,1
77854,2012-04-05,0.46725089745451964,1
77855,2012-04-05,0.2693695558115477,1
77856,2012-04-05,0.32235154191743065,1
77857,2012-04-05,0.2958454192225003,1
77858,2012-04-05,0.26196701135021033,1
77859,2012-04-05,0.2616027313142852,0
77860,2012-04-05,0.2538986133145915,0
77861,2012-04-05,0.2831389486084275,0
77862,2012-04-05,0.32737554491353105,0
77863,2012-04-05,0.5406308008956444,0
77864,2012-04-05,0.35333449449594073,1
77865,2012-04-05,0.24286521270572048,1
77866,2012-04-05,0.2306302937996495,0
77867,2012-04-05,0.3991207359431118,0
77868,2012-04-05,0.3739373285824166,1
77869,2012-04-05,0.23932113296507454,0
77870,2012-04-05,0.47519622395603844,1
77871,2012-04-05,0.35150682710020503,1
77872,2012-04-05,0.33621332269515103,0
77873,2012-04-05,0.36392708058601275,1
77874,2012-04-05,0.2361563107156369,0
77875,2012-04-05,0.4658578643021222,0
77876,2012-04-05,0.5322626404826114,0
77877,2012-04-05,0.30284808017945397,1
77878,2012-04-05,0.38430984732333584,0
77879,2012-04-05,0.37132941250196033,0
77880,2012-04-05,0.43377068691720505,1
77881,2012-04-05,0.2932220518142074,0
77882,2012-04-05,0.44872804588160714,1
77883,2012-04-05,0.24673733168555756,0
77884,2012-04-05,0.24622036424598248,0
77885,2012-04-05,0.2993725223673166,0
77886,2012-04-05,0.25950346335773194,0
77887,2012-04-05,0.3057850314062445,0
77888,2012-04-05,0.2445109404487194,0
77889,2012-04-05,0.21405718505926283,0
77890,2012-04-05,0.38117204856492454,0
77891,2012-04-05,0.33140750543201425,1
77892,2012-04-05,0.3288564142719187,0
77893,2012-04-05,0.1980950081785077,0
77894,2012-04-05,0.4353597654816688,0
77895,2012-04-05,0.3366280366281806,1
77896,2012-04-05,0.3366101448468414,1
77897,2012-04-05,0.4682855255871185,0
77898,2012-04-05,0.12781821213174616,0
77899,2012-04-05,0.44911989342527747,0
77900,2012-04-05,0.34806640474249356,1
77901,2012-04-05,0.4097269688906548,0
77902,2012-04-05,0.4343215291916079,1
77903,2012-04-05,0.30595577773427624,0
77904,2012-04-05,0.3749973814006153,1
77905,2012-04-05,0.10079872836682177,0
77906,2012-04-05,0.4232849254898985,0
77907,2012-04-05,0.42644194580530786,1
77908,2012-04-05,0.21895324352686224,0
77909,2012-04-05,0.30782452595628973,0
77910,2012-04-05,0.3535938843822362,0
77911,2012-04-05,0.39120933954230597,0
77912,2012-04-05,0.29165164297220925,1
77913,2012-04-05,0.35154555040361707,0
77914,2012-04-05,0.5235340567042189,1
77915,2012-04-05,0.23371244611521405,0
77916,2012-04-05,0.3602642869710864,0
77917,2012-04-05,0.4171205423597659,0
77918,2012-04-05,0.24796713060156675,0
77919,2012-04-05,0.3981339718394037,1
77920,2012-04-05,0.460365153948342,1
77921,2012-04-05,0.3790716039200744,0
77922,2012-04-05,0.29147153765663447,0
77923,2012-04-05,0.258971152611247,1
77924,2012-04-05,0.43807548846638894,1
77925,2012-04-05,0.37542294484964733,1
77926,2012-04-05,0.4795375984448237,1
77927,2012-04-05,0.38945674515916656,1
77928,2012-04-05,0.33136978491546804,0
77929,2012-04-05,0.4700866197182443,1
77930,2012-04-05,0.3748407498545232,0
77931,2012-04-05,0.2779207842597863,0
77932,2012-04-05,0.4786758677401529,1
77933,2012-04-05,0.33641132566276394,1
77934,2012-04-05,0.4005387151591971,1
77935,2012-04-05,0.3928101950548363,0
77936,2012-04-05,0.20529651812214855,0
77937,2012-04-05,0.2731053068532096,0
77938,2012-04-05,0.28431697504622566,1
77939,2012-04-05,0.33300957252616153,0
77940,2012-04-05,0.4037284289389667,1
77941,2012-04-05,0.3039094572772414,1
77942,2012-04-05,0.573465053288906,1
77943,2012-04-05,0.4726596191741364,0
77944,2012-04-05,0.3605482900902249,0
77945,2012-04-05,0.36709591200568964,1
77946,2012-04-05,0.3703386699301001,0
77947,2012-04-05,0.20156067912991396,0
77948,2012-04-05,0.2794363702924045,1
77949,2012-04-05,0.2923221857001978,0
77950,2012-04-05,0.2637591552122435,1
77951,2012-04-05,0.2983655511835379,1
77952,2012-04-05,0.2286228780984423,0
77953,2012-04-05,0.3164325697545429,1
77954,2012-04-05,0.47704428431106133,0
77955,2012-04-05,0.29935810512037603,0
77956,2012-04-05,0.3263297050525737,0
77957,2012-04-05,0.28792932761352613,1
77958,2012-04-05,0.22987489211837453,0
77959,2012-04-05,0.3106490259341369,1
77960,2012-04-05,0.26032025983073936,1
77961,2012-04-05,0.34181246496649237,0
77962,2012-04-05,0.3842898117317488,0
77963,2012-04-05,0.35176877026685777,0
77964,2012-04-05,0.30015770512102924,0
77965,2012-04-05,0.29839966424216535,0
77966,2012-04-05,0.29428774651705086,0
77967,2012-04-05,0.415336222040649,1
77968,2012-04-05,0.43529989636045585,1
77969,2012-04-06,0.32335921617456476,0
77970,2012-04-06,0.3295430786050298,1
77971,2012-04-06,0.304117998367696,0
77972,2012-04-06,0.3760400528887891,1
77973,2012-04-06,0.3635115945285311,0
77974,2012-04-06,0.4116402058993793,0
77975,2012-04-06,0.3431346644798059,0
77976,2012-04-06,0.27934016721110305,1
77977,2012-04-06,0.6712533719760267,1
77978,2012-04-06,0.26316132862063585,0
77979,2012-04-06,0.30635042458682854,0
77980,2012-04-06,0.28065030251965034,0
77981,2012-04-06,0.4338444469799367,1
77982,2012-04-06,0.43735874429646604,0
77983,2012-04-06,0.25572228603048,1
77984,2012-04-06,0.5567225608197302,0
77985,2012-04-06,0.3943559371477162,0
77986,2012-04-06,0.2057071175491094,0
77987,2012-04-06,0.31066264179224085,0
77988,2012-04-06,0.460047674351295,1
77989,2012-04-06,0.38619339467083197,0
77990,2012-04-06,0.2862315327891946,0
77991,2012-04-06,0.3200493781804603,0
77992,2012-04-06,0.2536917728847796,0
77993,2012-04-06,0.26468301337576716,0
77994,2012-04-06,0.3577001339448084,0
77995,2012-04-06,0.48908334481280824,1
77996,2012-04-06,0.28729649606920027,0
77997,2012-04-06,0.6269572545299898,0
77998,2012-04-06,0.385513387148665,1
77999,2012-04-06,0.23826143612042675,0
78000,2012-04-06,0.41584541695139504,0
78001,2012-04-06,0.39200710104165626,1
78002,2012-04-06,0.1580204360809042,0
78003,2012-04-06,0.2787178443967106,0
78004,2012-04-06,0.34386613167811114,0
78005,2012-04-06,0.25486277476251423,0
78006,2012-04-06,0.36888903780732357,0
78007,2012-04-06,0.2551946740363811,0
78008,2012-04-06,0.39958079364763277,1
78009,2012-04-06,0.2946853915256072,0
78010,2012-04-06,0.2862824309395586,0
78011,2012-04-06,0.40688398556588745,0
78012,2012-04-06,0.2361559232549073,1
78013,2012-04-06,0.3164678304143001,0
78014,2012-04-06,0.6123223634449801,1
78015,2012-04-06,0.5472342890648717,1
78016,2012-04-06,0.24586623341880487,0
78017,2012-04-06,0.24756103186066816,0
78018,2012-04-06,0.3726939174522128,1
78019,2012-04-06,0.33764224878461574,0
78020,2012-04-06,0.20629480517282384,0
78021,2012-04-06,0.3404735961159294,1
78022,2012-04-06,0.41718772362453355,0
78023,2012-04-06,0.5360288612068815,1
78024,2012-04-06,0.6203139172452694,1
78025,2012-04-06,0.42774577378857526,1
78026,2012-04-06,0.18143964147158026,0
78027,2012-04-06,0.3098539302621995,0
78028,2012-04-06,0.2518874307474799,0
78029,2012-04-06,0.3117039843491944,0
78030,2012-04-06,0.305518189322336,0
78031,2012-04-06,0.2912219658598388,0
78032,2012-04-06,0.32078743191925807,0
78033,2012-04-06,0.25984637759120005,1
78034,2012-04-06,0.37990573433805525,1
78035,2012-04-06,0.322279690664468,0
78036,2012-04-06,0.2211362540194669,0
78037,2012-04-06,0.4253184844816549,1
78038,2012-04-06,0.4340480196996612,1
78039,2012-04-06,0.3365781254884329,1
78040,2012-04-06,0.3271536671026413,0
78041,2012-04-06,0.28561722685264107,1
78042,2012-04-06,0.42007558549580487,1
78043,2012-04-06,0.2802841296907549,0
78044,2012-04-06,0.7458572064137765,1
78045,2012-04-06,0.3325863756863629,1
78046,2012-04-06,0.2734664650146439,0
78047,2012-04-06,0.42973634051074955,0
78048,2012-04-06,0.2996244893232121,1
78049,2012-04-06,0.35261736560624074,0
78050,2012-04-06,0.40517468038898224,0
78051,2012-04-06,0.2906663855236544,0
78052,2012-04-06,0.38736738494826783,1
78053,2012-04-06,0.3470104859412945,0
78054,2012-04-06,0.39917153687054807,0
78055,2012-04-06,0.39838425209274353,1
78056,2012-04-06,0.42978402434191415,1
78057,2012-04-06,0.3523193320233691,1
78058,2012-04-06,0.3501457690353953,0
78059,2012-04-06,0.34117573012948865,1
78060,2012-04-06,0.2467804593295769,0
78061,2012-04-06,0.3661001338593846,1
78062,2012-04-06,0.23920275989086281,1
78063,2012-04-06,0.4462798679689757,1
78064,2012-04-06,0.1948787494706147,0
78065,2012-04-06,0.3692736154496716,0
78066,2012-04-06,0.24669892498817955,1
78067,2012-04-06,0.35267820172177367,0
78068,2012-04-06,0.3241183132614537,0
78069,2012-04-06,0.37694583848736457,1
78070,2012-04-06,0.3165378959365984,0
78071,2012-04-06,0.3461436344394285,0
78072,2012-04-06,0.4202241325149491,1
78073,2012-04-06,0.3559883553285963,0
78074,2012-04-06,0.1735477983102066,0
78075,2012-04-06,0.42786370376401606,0
78076,2012-04-06,0.2157862560932949,0
78077,2012-04-06,0.3596224588895481,0
78078,2012-04-06,0.297155310475103,1
78079,2012-04-06,0.2554735786557997,0
78080,2012-04-06,0.2785756600013006,1
78081,2012-04-06,0.22535799842145285,0
78082,2012-04-06,0.44152887653229794,0
78083,2012-04-06,0.31150201694821744,1
78084,2012-04-06,0.1772291847411379,0
78085,2012-04-06,0.3262025508632087,0
78086,2012-04-06,0.21977620043462343,0
78087,2012-04-06,0.2350015538456255,0
78088,2012-04-06,0.2698205261586203,0
78089,2012-04-06,0.18520659287824764,0
78090,2012-04-06,0.43322532306635014,0
78091,2012-04-06,0.4164091316352917,0
78092,2012-04-06,0.39351640868903215,1
78093,2012-04-06,0.25884204606492345,0
78094,2012-04-06,0.360188247649743,0
78095,2012-04-06,0.23228524019284955,0
78096,2012-04-06,0.3554326051516708,0
78097,2012-04-06,0.2816174192658272,0
78098,2012-04-06,0.23429910242631483,0
78099,2012-04-06,0.48803407989223013,1
78100,2012-04-06,0.19054316692482792,0
78101,2012-04-06,0.2730189211345128,0
78102,2012-04-06,0.48748237044442844,1
78103,2012-04-06,0.330930008266039,0
78104,2012-04-06,0.19647767763199933,0
78105,2012-04-06,0.3446142566505377,0
78106,2012-04-06,0.3608201667569852,1
78107,2012-04-06,0.27337969755519337,0
78108,2012-04-06,0.27911795812326484,1
78109,2012-04-06,0.49096408201819874,1
78110,2012-04-06,0.35660566484681494,0
78111,2012-04-06,0.3021001324987704,0
78112,2012-04-06,0.40010988104889617,1
78113,2012-04-06,0.2863522122570741,0
78114,2012-04-06,0.31816215161290107,0
78115,2012-04-06,0.2888155922614045,0
78116,2012-04-06,0.2497024731691774,0
78117,2012-04-06,0.3064758707318777,0
78118,2012-04-06,0.326413864367606,1
78119,2012-04-06,0.4127947879486713,0
78120,2012-04-06,0.20194854136537846,0
78121,2012-04-06,0.3310358971779753,0
78122,2012-04-07,0.29731675705607397,1
78123,2012-04-07,0.3877108011112566,0
78124,2012-04-07,0.38973956577989605,1
78125,2012-04-07,0.2656274980476168,0
78126,2012-04-07,0.41644067582830885,1
78127,2012-04-07,0.34751058313585176,0
78128,2012-04-07,0.5318788495416094,0
78129,2012-04-07,0.4496522266665034,1
78130,2012-04-07,0.2693675295576868,0
78131,2012-04-07,0.25716302756826315,0
78132,2012-04-07,0.3536905446245199,1
78133,2012-04-07,0.31605925481460384,0
78134,2012-04-07,0.21833219493357006,0
78135,2012-04-07,0.3966216570226049,1
78136,2012-04-07,0.25569343617232765,0
78137,2012-04-07,0.3509120252766565,0
78138,2012-04-07,0.24487556730305907,1
78139,2012-04-07,0.2657487041176819,0
78140,2012-04-07,0.604285108502536,0
78141,2012-04-07,0.29426126240344036,0
78142,2012-04-07,0.3122772024564456,0
78143,2012-04-07,0.2730984983747401,0
78144,2012-04-07,0.29408298232842695,0
78145,2012-04-07,0.29901263172507697,0
78146,2012-04-07,0.17484794356880204,0
78147,2012-04-07,0.25262109333475713,1
78148,2012-04-07,0.42091706947955276,0
78149,2012-04-07,0.5788613707771422,1
78150,2012-04-07,0.27954651999139224,0
78151,2012-04-07,0.16072485371164424,1
78152,2012-04-07,0.30176246113734084,1
78153,2012-04-07,0.2600549077321004,0
78154,2012-04-07,0.3677614403843511,0
78155,2012-04-07,0.2534019180211944,1
78156,2012-04-07,0.35579456135827536,0
78157,2012-04-07,0.4416107677484398,0
78158,2012-04-07,0.34960119650972266,1
78159,2012-04-07,0.360723114868731,1
78160,2012-04-07,0.34044569556237686,0
78161,2012-04-07,0.20823548991304122,0
78162,2012-04-07,0.6304885682654773,1
78163,2012-04-07,0.22642708627701272,0
78164,2012-04-07,0.6314858552734426,0
78165,2012-04-07,0.1534297366011686,0
78166,2012-04-07,0.20710674934120107,0
78167,2012-04-07,0.3351324512330177,1
78168,2012-04-07,0.2806646276241885,0
78169,2012-04-07,0.3156998432945246,1
78170,2012-04-07,0.2521184408263283,1
78171,2012-04-07,0.25663749678105885,1
78172,2012-04-07,0.3325899415466461,0
78173,2012-04-07,0.3489990350829125,0
78174,2012-04-07,0.30494210436798214,0
78175,2012-04-07,0.32674894338293425,0
78176,2012-04-07,0.30884853586627137,1
78177,2012-04-07,0.4296191979559964,0
78178,2012-04-07,0.2748990715002541,1
78179,2012-04-07,0.3872681464804858,1
78180,2012-04-07,0.44158571927339146,1
78181,2012-04-07,0.27626261475324093,0
78182,2012-04-07,0.3934201334152864,0
78183,2012-04-07,0.3247269540478565,1
78184,2012-04-07,0.314739193459528,1
78185,2012-04-07,0.19747452274407784,0
78186,2012-04-07,0.41144746885582734,1
78187,2012-04-07,0.22319839678653283,0
78188,2012-04-07,0.32627587907099187,1
78189,2012-04-07,0.6992866180121746,0
78190,2012-04-07,0.44071337452562814,0
78191,2012-04-07,0.3659957336372266,0
78192,2012-04-07,0.31386996868240985,0
78193,2012-04-07,0.3842636477545439,1
78194,2012-04-07,0.18971254810745838,1
78195,2012-04-07,0.36677326300383545,0
78196,2012-04-07,0.362500811738071,1
78197,2012-04-07,0.9636313346569347,0
78198,2012-04-07,0.2870072156694508,0
78199,2012-04-07,0.382230969696771,0
78200,2012-04-07,0.15105606182421913,0
78201,2012-04-07,0.4557737054296637,0
78202,2012-04-07,0.29451779960532165,1
78203,2012-04-07,0.4002389398395057,1
78204,2012-04-07,0.27868267742671143,1
78205,2012-04-07,0.2747576758638315,1
78206,2012-04-07,0.16613307393468882,0
78207,2012-04-07,0.26292711390201895,0
78208,2012-04-07,0.2820965658635436,0
78209,2012-04-07,0.4390282956686197,0
78210,2012-04-07,0.22419704790625472,0
78211,2012-04-07,0.2637915567938357,0
78212,2012-04-07,0.436128172690015,0
78213,2012-04-07,0.3485294138361883,1
78214,2012-04-07,0.33230884417033935,0
78215,2012-04-07,0.39856328680378755,1
78216,2012-04-07,0.27523629523619814,0
78217,2012-04-07,0.4180522726963216,1
78218,2012-04-07,0.2652648308447531,1
78219,2012-04-07,0.20880527475483618,0
78220,2012-04-07,0.2538502249734099,1
78221,2012-04-07,0.14860650149571875,0
78222,2012-04-07,0.3675403934135152,0
78223,2012-04-07,0.631597148059745,1
78224,2012-04-07,0.30499331553802655,1
78225,2012-04-07,0.240883956650756,0
78226,2012-04-07,0.28658131828696776,0
78227,2012-04-07,0.28180020653102067,0
78228,2012-04-07,0.40525395557183663,0
78229,2012-04-07,0.197044595066821,1
78230,2012-04-07,0.3221177107045793,1
78231,2012-04-07,0.28986765550020355,1
78232,2012-04-07,0.2697643125225447,0
78233,2012-04-07,0.2615339900147392,1
78234,2012-04-07,0.46552399310990833,1
78235,2012-04-07,0.25073696219241426,1
78236,2012-04-07,0.21419298334119152,0
78237,2012-04-07,0.3259701801888156,1
78238,2012-04-07,0.32890775344568873,1
78239,2012-04-07,0.30101754859649477,0
78240,2012-04-07,0.29374022446360487,0
78241,2012-04-07,0.21104679282642647,0
78242,2012-04-07,0.2858979961532758,0
78243,2012-04-07,0.29173859053321205,0
78244,2012-04-07,0.24348605099707737,0
78245,2012-04-07,0.26027626749550625,1
78246,2012-04-07,0.2689705982202553,1
78247,2012-04-07,0.3743367937277763,1
78248,2012-04-07,0.3314442197506331,0
78249,2012-04-07,0.5098293030799907,1
78250,2012-04-07,0.24582794563592875,1
78251,2012-04-07,0.35798023347568225,1
78252,2012-04-07,0.3571806868335326,0
78253,2012-04-07,0.6515407492365966,1
78254,2012-04-07,0.3665413131921187,0
78255,2012-04-07,0.351965191499375,0
78256,2012-04-07,0.2410788567949154,0
78257,2012-04-07,0.17165742629972314,0
78258,2012-04-07,0.3597953673944512,0
78259,2012-04-07,0.24427450508196255,0
78260,2012-04-07,0.4262520947070207,0
78261,2012-04-07,0.4660928081986256,1
78262,2012-04-07,0.38813686685824045,1
78263,2012-04-07,0.31989768425616916,0
78264,2012-04-07,0.22864014932772023,1
78265,2012-04-07,0.3389608550544511,1
78266,2012-04-07,0.3686355927363044,1
78267,2012-04-07,0.2692333004455024,0
78268,2012-04-07,0.32986907270408666,0
78269,2012-04-07,0.3146891108909574,1
78270,2012-04-07,0.35412990244943054,0
78271,2012-04-07,0.25752826696619757,1
78272,2012-04-07,0.4703881046601131,0
78273,2012-04-07,0.26805567395662694,1
78274,2012-04-07,0.3351764491712771,1
78275,2012-04-07,0.3329133626816483,1
78276,2012-04-07,0.32116685366485115,1
78277,2012-04-07,0.21616892843025506,1
78278,2012-04-07,0.31857084010660064,1
78279,2012-04-07,0.4412690449831965,1
78280,2012-04-07,0.22544477321649903,0
78281,2012-04-07,0.31252151254128235,0
78282,2012-04-07,0.5029409723993441,1
78283,2012-04-07,0.35989536301932634,0
78284,2012-04-07,0.3630121343505025,0
78285,2012-04-07,0.3508600977839479,0
78286,2012-04-07,0.2729411808573735,0
78287,2012-04-07,0.22750059416040974,0
78288,2012-04-07,0.5130698505221813,1
78289,2012-04-07,0.31701479356844064,1
78290,2012-04-07,0.3705599751796759,1
78291,2012-04-08,0.29152561810124916,0
78292,2012-04-08,0.32982537785640215,0
78293,2012-04-08,0.17769554111302122,1
78294,2012-04-08,0.41556365733873807,1
78295,2012-04-08,0.42853239405526944,1
78296,2012-04-08,0.333506615926122,1
78297,2012-04-08,0.2162730057071639,0
78298,2012-04-08,0.2982424871618995,0
78299,2012-04-08,0.305609631830972,0
78300,2012-04-08,0.9742026669972482,1
78301,2012-04-08,0.13907511324568528,0
78302,2012-04-08,0.25474019845763035,0
78303,2012-04-08,0.21407428243828922,1
78304,2012-04-08,0.7387962987289837,0
78305,2012-04-08,0.5823819060145208,1
78306,2012-04-08,0.25382990086303714,0
78307,2012-04-08,0.2780150085995346,0
78308,2012-04-08,0.37281387720699327,0
78309,2012-04-08,0.25490503924172475,1
78310,2012-04-08,0.46733144633353463,1
78311,2012-04-08,0.33151241658260966,0
78312,2012-04-08,0.34616141802642564,0
78313,2012-04-08,0.2948728598126613,0
78314,2012-04-08,0.5891809397679368,0
78315,2012-04-08,0.04005936589542066,0
78316,2012-04-08,0.3023939277266466,0
78317,2012-04-08,0.2741296391475936,0
78318,2012-04-08,0.3086619547782231,1
78319,2012-04-08,0.2360643920555052,1
78320,2012-04-08,0.5120723440140994,0
78321,2012-04-08,0.42457225964003414,1
78322,2012-04-08,0.44146657274200257,1
78323,2012-04-08,0.3233179922816767,0
78324,2012-04-08,0.3284766291723998,1
78325,2012-04-08,0.408039295014117,0
78326,2012-04-08,0.29079494365028613,0
78327,2012-04-08,0.2440288533375853,0
78328,2012-04-08,0.18668130172007386,0
78329,2012-04-08,0.44568120268733485,1
78330,2012-04-08,0.392279770091892,0
78331,2012-04-08,0.28146760532084286,0
78332,2012-04-08,0.5007206699706304,1
78333,2012-04-08,0.24838964238062541,0
78334,2012-04-08,0.5987493882698562,0
78335,2012-04-08,0.3553776042222893,0
78336,2012-04-08,0.4912860946083423,1
78337,2012-04-08,0.44633421985437527,0
78338,2012-04-08,0.5280553952057259,1
78339,2012-04-08,0.2701607097394801,1
78340,2012-04-08,0.3010545681532169,0
78341,2012-04-08,0.35617101677569146,0
78342,2012-04-08,0.36240511795217406,1
78343,2012-04-08,0.27933867161215054,0
78344,2012-04-08,0.4279035537381137,1
78345,2012-04-08,0.321839964684981,0
78346,2012-04-08,0.23901846709352226,1
78347,2012-04-08,0.3194271108986838,0
78348,2012-04-08,0.48732951005450326,1
78349,2012-04-08,0.4026621921598665,0
78350,2012-04-08,0.3072795778710929,1
78351,2012-04-08,0.35297402690188673,0
78352,2012-04-08,0.27382423504706876,0
78353,2012-04-08,0.45913212145685056,0
78354,2012-04-08,0.27582651283696735,0
78355,2012-04-08,0.29505091483927015,0
78356,2012-04-08,0.3417493161917508,0
78357,2012-04-08,0.28936157924713746,0
78358,2012-04-08,0.16167039247685205,0
78359,2012-04-08,0.35663659416622695,1
78360,2012-04-08,0.33434072441464224,1
78361,2012-04-08,0.3275456044062884,1
78362,2012-04-08,0.26086513021208263,0
78363,2012-04-08,0.3241825968424803,1
78364,2012-04-08,0.2483485578518714,1
78365,2012-04-08,0.20353244641788942,0
78366,2012-04-08,0.3022006305118701,1
78367,2012-04-08,0.33239361282637053,1
78368,2012-04-08,0.17779140821611636,0
78369,2012-04-08,0.3530804560483532,0
78370,2012-04-08,0.3312738559455265,0
78371,2012-04-08,0.4502061813470737,1
78372,2012-04-08,0.4095128903224736,0
78373,2012-04-08,0.35232345745910143,0
78374,2012-04-08,0.31393579016991285,1
78375,2012-04-08,0.2702522166356569,0
78376,2012-04-08,0.22900334123679747,0
78377,2012-04-08,0.35788654522206037,0
78378,2012-04-08,0.42250905172315845,0
78379,2012-04-08,0.2937231454146713,1
78380,2012-04-08,0.33950593566311466,1
78381,2012-04-08,0.2895999532706646,0
78382,2012-04-08,0.3261231286924523,0
78383,2012-04-08,0.16154278188681212,0
78384,2012-04-08,0.22615320058518718,0
78385,2012-04-08,0.34360000844199057,0
78386,2012-04-08,0.36645500799085673,1
78387,2012-04-08,0.3487504651799849,0
78388,2012-04-08,0.49850629509757616,0
78389,2012-04-08,0.25161457459037606,0
78390,2012-04-08,0.283384902637043,0
78391,2012-04-08,0.29956476873748533,1
78392,2012-04-08,0.2900369280098239,0
78393,2012-04-08,0.26748880601319464,1
78394,2012-04-08,0.373344539431668,0
78395,2012-04-08,0.22671207434792842,0
78396,2012-04-08,0.15221754305562676,1
78397,2012-04-08,0.2746906790327131,0
78398,2012-04-08,0.311786881413493,1
78399,2012-04-08,0.3662946815676764,1
78400,2012-04-08,0.3391491947945765,0
78401,2012-04-08,0.20717722856726015,1
78402,2012-04-08,0.23241769101793713,0
78403,2012-04-08,0.16692009983835004,0
78404,2012-04-08,0.33533368467323404,0
78405,2012-04-08,0.27271235522933424,0
78406,2012-04-08,0.28358345685219627,1
78407,2012-04-08,0.3530481640592903,1
78408,2012-04-08,0.29205553501066656,0
78409,2012-04-08,0.31024773381774223,1
78410,2012-04-08,0.22991055774089836,0
78411,2012-04-08,0.26050776989307745,0
78412,2012-04-08,0.3312816403921993,0
78413,2012-04-08,0.29839445956427857,1
78414,2012-04-08,0.43884967129458474,1
78415,2012-04-08,0.2319082686440834,0
78416,2012-04-08,0.25802780734648567,1
78417,2012-04-08,0.37527991072409783,0
78418,2012-04-08,0.27266063278307706,0
78419,2012-04-08,0.2641862493909325,0
78420,2012-04-08,0.3826611630215719,0
78421,2012-04-08,0.2195570213380551,0
78422,2012-04-08,0.21508927546937584,0
78423,2012-04-08,0.4407092691198317,1
78424,2012-04-08,0.3383163482436626,0
78425,2012-04-08,0.25403807152408187,0
78426,2012-04-08,0.3332536659956272,0
78427,2012-04-08,0.2984353294564155,0
78428,2012-04-08,0.24286525735515266,0
78429,2012-04-08,0.3207104130066893,1
78430,2012-04-08,0.2247709840702736,1
78431,2012-04-08,0.24341301042125552,1
78432,2012-04-08,0.40693700320394066,0
78433,2012-04-08,0.3128885240639493,0
78434,2012-04-08,0.34670774456659587,0
78435,2012-04-08,0.4115616593785759,0
78436,2012-04-08,0.20513676784375687,1
78437,2012-04-08,0.45901141989842403,1
78438,2012-04-08,0.3798146526605412,0
78439,2012-04-08,0.3113385357512575,1
78440,2012-04-08,0.31647151015865466,1
78441,2012-04-08,0.3992158057657225,0
78442,2012-04-08,0.21470903039096084,0
78443,2012-04-08,0.26639290607019744,0
78444,2012-04-08,0.23436027275823165,0
78445,2012-04-08,0.2372205186338886,0
78446,2012-04-08,0.23152618141583065,0
78447,2012-04-08,0.21146888111782003,0
78448,2012-04-08,0.2770571425292486,0
78449,2012-04-08,0.37617144917742984,0
78450,2012-04-08,0.37719710129916373,0
78451,2012-04-08,0.3705969062707572,0
78452,2012-04-08,0.29123304156860225,1
78453,2012-04-08,0.28253319550258776,0
78454,2012-04-08,0.22310849042289932,0
78455,2012-04-08,0.31691388166369905,1
78456,2012-04-08,0.2869576712908475,0
78457,2012-04-08,0.27222999704334405,0
78458,2012-04-08,0.3057706412051995,1
78459,2012-04-08,0.1844683001287347,0
78460,2012-04-08,0.2974331557047242,0
78461,2012-04-08,0.31116797793646833,0
78462,2012-04-08,0.16429738469924016,1
78463,2012-04-08,0.6780281661344645,1
78464,2012-04-08,0.4123717540094266,1
78465,2012-04-08,0.25445744862357683,1
78466,2012-04-08,0.32054274765931545,1
78467,2012-04-08,0.22423183714717912,0
78468,2012-04-08,0.06783786930103475,0
78469,2012-04-08,0.42576551620673686,0
78470,2012-04-08,0.09192033839503443,0
78471,2012-04-08,0.14761018623858363,0
78472,2012-04-08,0.3255272172245357,0
78473,2012-04-08,0.29149061779064384,0
78474,2012-04-08,0.355625920665975,0
78475,2012-04-08,0.3214779786107401,0
78476,2012-04-08,0.24980505646011217,1
78477,2012-04-08,0.34275542855311886,0
78478,2012-04-08,0.20334503834267145,0
78479,2012-04-08,0.34284354302375114,0
78480,2012-04-08,0.37146094357141396,1
78481,2012-04-08,0.3120573889826378,1
78482,2012-04-08,0.30827430225850705,1
78483,2012-04-08,0.17604476850532966,1
78484,2012-04-08,0.3062413547700976,1
78485,2012-04-08,0.31890622951828995,0
78486,2012-04-08,0.3003599490969034,0
78487,2012-04-08,0.6355687909111868,1
78488,2012-04-08,0.393272061366615,0
78489,2012-04-08,0.27576979998151646,0
78490,2012-04-08,0.30591751825864005,0
78491,2012-04-08,0.28546751818055205,1
78492,2012-04-08,0.5909244404971155,1
78493,2012-04-08,0.16047623043707948,0
78494,2012-04-08,0.37326082262758903,0
78495,2012-04-08,0.23179594096441847,0
78496,2012-04-08,0.26875483796438776,0
78497,2012-04-08,0.25975128846844997,0
78498,2012-04-08,0.32974224563805327,0
78499,2012-04-08,0.5098027375561387,1
78500,2012-04-08,0.42645482591144385,0
78501,2012-04-08,0.4082904501633031,1
78502,2012-04-08,0.29287299113816756,1
78503,2012-04-08,0.36032512020625374,1
78504,2012-04-08,0.3543640209813544,1
78505,2012-04-08,0.21792293974831942,0
78506,2012-04-08,0.2785312359956565,1
78507,2012-04-08,0.2818560953598891,1
78508,2012-04-08,0.2256343405154733,0
78509,2012-04-08,0.20408644362972186,1
78510,2012-04-08,0.3741267345861891,0
78511,2012-04-08,0.24650238018325768,0
78512,2012-04-08,0.19156081300363867,0
78513,2012-04-08,0.4158436452509798,1
78514,2012-04-08,0.3281607121365186,1
78515,2012-04-08,0.223764198356695,0
78516,2012-04-08,0.316121167106441,0
78517,2012-04-08,0.17794739176032776,0
78518,2012-04-08,0.3053221791597689,0
78519,2012-04-08,0.2291354466369171,0
78520,2012-04-08,0.37777630942424445,0
78521,2012-04-08,0.3733969925660456,0
78522,2012-04-08,0.31979417797370074,0
78523,2012-04-08,0.2793481100474832,0
78524,2012-04-08,0.2619479639113446,0
78525,2012-04-08,0.29679187846959715,0
78526,2012-04-08,0.330304981250203,0
78527,2012-04-08,0.1856422255172084,0
78528,2012-04-08,0.29762364988073575,0
78529,2012-04-08,0.5116358678071324,1
78530,2012-04-08,0.212420820359369,0
78531,2012-04-08,0.47544644370605144,1
78532,2012-04-08,0.31963608436294283,1
78533,2012-04-08,0.36511424253746494,0
78534,2012-04-08,0.32929447826283026,0
78535,2012-04-08,0.1828536944552473,0
78536,2012-04-08,0.29941900375776337,1
78537,2012-04-08,0.24285660586758462,0
78538,2012-04-08,0.20973833466014125,0
78539,2012-04-08,0.16203494710486394,0
78540,2012-04-08,0.32684387848449364,0
78541,2012-04-08,0.38317168778515553,1
78542,2012-04-08,0.2353075677484006,0
78543,2012-04-08,0.20818385797784433,0
78544,2012-04-08,0.34036262545997437,0
78545,2012-04-08,0.35456190865015563,1
78546,2012-04-08,0.17187189714102266,0
78547,2012-04-08,0.37354389304548463,0
78548,2012-04-08,0.49277856611841897,1
78549,2012-04-08,0.5064368551773082,0
78550,2012-04-08,0.38054888618498334,0
78551,2012-04-08,0.30835955099216994,0
78552,2012-04-08,0.38362795777311753,1
78553,2012-04-08,0.30408195123087817,1
78554,2012-04-08,0.3633223584812942,1
78555,2012-04-08,0.3604628323436984,1
78556,2012-04-09,0.34050067377407955,0
78557,2012-04-09,0.47138258379343595,0
78558,2012-04-09,0.1404126489639399,0
78559,2012-04-09,0.49334207617090503,0
78560,2012-04-09,0.232987024480427,0
78561,2012-04-09,0.1585603312240184,0
78562,2012-04-09,0.5247446231511375,0
78563,2012-04-09,0.2941785757608797,0
78564,2012-04-09,0.24966381096426665,0
78565,2012-04-09,0.26474833739873876,1
78566,2012-04-09,0.3036538383215795,0
78567,2012-04-09,0.35238379000483017,1
78568,2012-04-09,0.37003759231936584,1
78569,2012-04-09,0.2883818147732947,1
78570,2012-04-09,0.28520516241576027,0
78571,2012-04-09,0.1809772973677343,0
78572,2012-04-09,0.10303268447414277,0
78573,2012-04-09,0.2491440321585121,0
78574,2012-04-09,0.3640517272361292,0
78575,2012-04-09,0.22561078457162406,0
78576,2012-04-09,0.38634234163885695,0
78577,2012-04-09,0.27810150782129417,0
78578,2012-04-09,0.33457746508855923,1
78579,2012-04-09,0.3340227595632751,1
78580,2012-04-09,0.3015246674588067,0
78581,2012-04-09,0.26113208515930414,0
78582,2012-04-09,0.2474753981075068,1
78583,2012-04-09,0.17238503730860022,0
78584,2012-04-09,0.31857467543993656,0
78585,2012-04-09,0.319087015793592,1
78586,2012-04-09,0.2204222744225885,1
78587,2012-04-09,0.48101345697037623,1
78588,2012-04-09,0.41792494626009724,0
78589,2012-04-09,0.14257345507054864,0
78590,2012-04-09,0.3144889483431011,1
78591,2012-04-09,0.3383150329371644,0
78592,2012-04-09,0.2399828185085455,1
78593,2012-04-09,0.21924668522018234,0
78594,2012-04-09,0.2861295022069286,0
78595,2012-04-09,0.2650241255487561,1
78596,2012-04-09,0.23229237878952208,1
78597,2012-04-09,0.23313140269628718,0
78598,2012-04-09,0.6125200113680869,0
78599,2012-04-09,0.5026471088297692,0
78600,2012-04-09,0.4369365720125895,0
78601,2012-04-09,0.26562424291165665,1
78602,2012-04-09,0.6762942627954102,1
78603,2012-04-09,0.2947274684800006,0
78604,2012-04-09,0.3486469576705328,1
78605,2012-04-09,0.6841248021118277,1
78606,2012-04-09,0.40728951312368994,0
78607,2012-04-09,0.5188511056640478,1
78608,2012-04-09,0.27299724542744297,1
78609,2012-04-09,0.33267173951568196,1
78610,2012-04-09,0.4798593895334518,1
78611,2012-04-09,0.3340273743519623,0
78612,2012-04-09,0.48731628621415035,0
78613,2012-04-09,0.31258428962879525,1
78614,2012-04-09,0.3162385771336537,0
78615,2012-04-09,0.21252858324859275,1
78616,2012-04-09,0.28508745656883844,0
78617,2012-04-09,0.23091740060877744,0
78618,2012-04-09,0.4015151330252939,1
78619,2012-04-09,0.8824186317634916,1
78620,2012-04-09,0.2590020251136509,1
78621,2012-04-09,0.3776099117248893,0
78622,2012-04-09,0.4440904489522845,1
78623,2012-04-09,0.42002137460823996,0
78624,2012-04-09,0.24647803499797158,1
78625,2012-04-09,0.3871972423504039,1
78626,2012-04-09,0.30678057427058886,0
78627,2012-04-09,0.4400873225584037,1
78628,2012-04-09,0.34983476170923805,0
78629,2012-04-09,0.1481266675056764,1
78630,2012-04-09,0.24399791212614774,1
78631,2012-04-09,0.24484890894708197,0
78632,2012-04-09,0.8944167804622555,0
78633,2012-04-09,0.3621860393923038,0
78634,2012-04-09,0.351668577734306,0
78635,2012-04-09,0.2789941140856027,0
78636,2012-04-09,0.2638026116644175,1
78637,2012-04-09,0.5364993357089383,1
78638,2012-04-09,0.19053291321027196,0
78639,2012-04-09,0.3991490687616094,0
78640,2012-04-09,0.2180995914978055,0
78641,2012-04-09,0.32428714190501795,0
78642,2012-04-09,0.20210073266521247,1
78643,2012-04-09,0.5054700829152652,0
78644,2012-04-09,0.27606900270077206,0
78645,2012-04-09,0.26605038975014406,1
78646,2012-04-09,0.1947248705805994,0
78647,2012-04-09,0.28104857613714385,0
78648,2012-04-09,0.31660632258723226,0
78649,2012-04-09,0.24965938457688958,1
78650,2012-04-09,0.3332825597885159,0
78651,2012-04-09,0.3504808332791818,1
78652,2012-04-09,0.3821658766229981,0
78653,2012-04-09,0.22705942244746913,0
78654,2012-04-09,0.2276279301859654,1
78655,2012-04-09,0.23168132158885357,0
78656,2012-04-09,0.378897570775415,0
78657,2012-04-09,0.33961027736193183,0
78658,2012-04-09,0.4703860681942135,0
78659,2012-04-09,0.24716075807907306,1
78660,2012-04-09,0.1831345926770591,0
78661,2012-04-09,0.16325046441878333,0
78662,2012-04-09,0.35424779362676767,0
78663,2012-04-09,0.32544979735995483,0
78664,2012-04-09,0.29774978900901367,0
78665,2012-04-09,0.39769881309057287,0
78666,2012-04-09,0.28777630161728374,1
78667,2012-04-09,0.21074798008853343,0
78668,2012-04-09,0.39438603071144634,1
78669,2012-04-09,0.18246875148110794,0
78670,2012-04-09,0.34333329960395004,0
78671,2012-04-09,0.3353069871548904,1
78672,2012-04-09,0.3998854058194598,1
78673,2012-04-09,0.4415711164848072,0
78674,2012-04-09,0.20889976776633012,0
78675,2012-04-09,0.32857757723784536,0
78676,2012-04-09,0.5481967751658042,0
78677,2012-04-09,0.2131399962688835,0
78678,2012-04-09,0.2353352968674301,1
78679,2012-04-09,0.35492729596935196,1
78680,2012-04-09,0.38142423058802194,0
78681,2012-04-09,0.33485636895646287,0
78682,2012-04-09,0.42902019610362085,0
78683,2012-04-09,0.345635196123393,0
78684,2012-04-09,0.21386888068126067,1
78685,2012-04-09,0.30135823742002144,0
78686,2012-04-09,0.26449736666870544,0
78687,2012-04-09,0.4158916944342256,0
78688,2012-04-09,0.1997586193900946,0
78689,2012-04-09,0.3102578681903612,0
78690,2012-04-09,0.24449985499857851,0
78691,2012-04-09,0.40524332451954365,0
78692,2012-04-09,0.2829131350857992,0
78693,2012-04-09,0.2813811476199229,0
78694,2012-04-09,0.25018256703431513,1
78695,2012-04-09,0.2676748519585578,1
78696,2012-04-09,0.15681904912698424,0
78697,2012-04-09,0.36440276721642617,0
78698,2012-04-09,0.4000126256599407,1
78699,2012-04-09,0.3620042529030342,1
78700,2012-04-09,0.4304459006502824,1
78701,2012-04-09,0.21852455742503074,0
78702,2012-04-09,0.2695529317511157,1
78703,2012-04-09,0.25916447845178336,0
78704,2012-04-09,0.267159648321389,1
78705,2012-04-09,0.24044099645667102,0
78706,2012-04-09,0.15958477551860192,0
78707,2012-04-09,0.2691354836057692,0
78708,2012-04-09,0.3822464901601257,1
78709,2012-04-09,0.37117506091967195,1
78710,2012-04-09,0.42008095336995993,0
78711,2012-04-09,0.2920395783756361,0
78712,2012-04-09,0.23253397304468837,0
78713,2012-04-09,0.2520473611801695,0
78714,2012-04-09,0.16235319687246008,1
78715,2012-04-09,0.9033981709272534,0
78716,2012-04-09,0.31866271514679856,0
78717,2012-04-09,0.44997965364896103,0
78718,2012-04-09,0.40915952866295313,1
78719,2012-04-09,0.4631231617462351,1
78720,2012-04-09,0.4223809180204246,0
78721,2012-04-09,0.2663057851418833,0
78722,2012-04-09,0.30076032873672753,0
78723,2012-04-09,0.36814370561868487,1
78724,2012-04-09,0.2573798260228733,0
78725,2012-04-09,0.22407413609720334,0
78726,2012-04-09,0.23136775916970614,1
78727,2012-04-09,0.15976037151954156,1
78728,2012-04-09,0.38763447391496875,1
78729,2012-04-09,0.22738731026943843,1
78730,2012-04-09,0.5834621865769295,1
78731,2012-04-09,0.31030087558382946,1
78732,2012-04-09,0.2850906719006477,0
78733,2012-04-09,0.2844486956365687,1
78734,2012-04-09,0.23050956839952547,1
78735,2012-04-09,0.4420675483248084,0
78736,2012-04-09,0.257444547859757,0
78737,2012-04-09,0.46759770461281297,0
78738,2012-04-09,0.193463705451583,0
78739,2012-04-09,0.2078634598038101,0
78740,2012-04-09,0.32786325528318533,1
78741,2012-04-09,0.23565452270346748,1
78742,2012-04-09,0.271175593288339,0
78743,2012-04-09,0.3397051125030865,0
78744,2012-04-09,0.3170294780409808,1
78745,2012-04-09,0.3054848151996756,0
78746,2012-04-09,0.7640954411812205,1
78747,2012-04-09,0.30528725864551526,1
78748,2012-04-09,0.25645325929967827,0
78749,2012-04-09,0.2639232914789918,0
78750,2012-04-09,0.2217506566232275,0
78751,2012-04-09,0.4419549112196146,0
78752,2012-04-09,0.41716182833932497,0
78753,2012-04-09,0.5038274497536105,1
78754,2012-04-09,0.41635538938536604,1
78755,2012-04-09,0.20434794194298112,0
78756,2012-04-09,0.2828133951421327,1
78757,2012-04-09,0.2641261925403745,1
78758,2012-04-09,0.1961018850785297,0
78759,2012-04-09,0.2850630603310394,0
78760,2012-04-09,0.3431481712028495,0
78761,2012-04-09,0.23428436180005377,1
78762,2012-04-09,0.463564553815773,1
78763,2012-04-09,0.39191275631439787,0
78764,2012-04-09,0.39719660145474506,0
78765,2012-04-09,0.16111685889886618,1
78766,2012-04-09,0.3420606122414065,1
78767,2012-04-09,0.517585398152506,0
78768,2012-04-09,0.2944311376461658,0
78769,2012-04-09,0.15931470949220314,0
78770,2012-04-09,0.40891706364675745,0
78771,2012-04-09,0.38966113513340217,1
78772,2012-04-09,0.5878698292705886,1
78773,2012-04-09,0.24936838467841116,0
78774,2012-04-09,0.42561308165823586,1
78775,2012-04-09,0.335001268074895,0
78776,2012-04-09,0.2851721127030714,1
78777,2012-04-09,0.21120256436631488,0
78778,2012-04-09,0.2260195153842188,1
78779,2012-04-09,0.600809438109637,0
78780,2012-04-09,0.295432601106295,0
78781,2012-04-09,0.19333436852133373,0
78782,2012-04-09,0.4695851030998587,1
78783,2012-04-10,0.16753667361125177,0
78784,2012-04-10,0.26556381713023536,0
78785,2012-04-10,0.28387591887518066,0
78786,2012-04-10,0.49590208100485855,1
78787,2012-04-10,0.3446068502445393,0
78788,2012-04-10,0.40938511118291343,0
78789,2012-04-10,0.3713603807515536,0
78790,2012-04-10,0.37344537806045336,1
78791,2012-04-10,0.29901841613532704,1
78792,2012-04-10,0.39465017801797964,1
78793,2012-04-10,0.31535395598769767,0
78794,2012-04-10,0.16026796215855907,0
78795,2012-04-10,0.21178272288422514,0
78796,2012-04-10,0.49185099367490287,0
78797,2012-04-10,0.43740863173003663,0
78798,2012-04-10,0.17838513166385062,0
78799,2012-04-10,0.342810835499886,0
78800,2012-04-10,0.317000826108567,0
78801,2012-04-10,0.42570335949724447,0
78802,2012-04-10,0.2805476715903989,1
78803,2012-04-10,0.1852447507252247,0
78804,2012-04-10,0.48761335634082076,1
78805,2012-04-10,0.2672013598214725,1
78806,2012-04-10,0.2903506519848576,0
78807,2012-04-10,0.15700397619880385,0
78808,2012-04-10,0.5979488699656399,1
78809,2012-04-10,0.3232638374154534,0
78810,2012-04-10,0.40153681465540114,0
78811,2012-04-10,0.33365012888852286,0
78812,2012-04-10,0.24407226152110686,1
78813,2012-04-10,0.5892678078369418,0
78814,2012-04-10,0.44025018749469697,1
78815,2012-04-10,0.38245558934456336,0
78816,2012-04-10,0.2896114600921221,1
78817,2012-04-10,0.2743356780727414,0
78818,2012-04-10,0.5654619870888928,0
78819,2012-04-10,0.45253693524205135,1
78820,2012-04-10,0.41584010724351467,0
78821,2012-04-10,0.564023271547043,0
78822,2012-04-10,0.32489354012841964,0
78823,2012-04-10,0.3455217813638719,1
78824,2012-04-10,0.2990873472368526,0
78825,2012-04-10,0.2165677217868069,0
78826,2012-04-10,0.4395496819436744,0
78827,2012-04-10,0.173601900667518,0
78828,2012-04-10,0.203621007379506,0
78829,2012-04-10,0.3921476647729444,0
78830,2012-04-10,0.21923454177452326,0
78831,2012-04-10,0.23558121066751678,1
78832,2012-04-10,0.14378209101022724,0
78833,2012-04-10,0.28815150253558247,1
78834,2012-04-10,0.2132073100183255,0
78835,2012-04-10,0.31697324868703675,0
78836,2012-04-10,0.3527411488752176,0
78837,2012-04-10,0.37521178079566525,1
78838,2012-04-10,0.24880662563579178,0
78839,2012-04-10,0.4547094159320294,0
78840,2012-04-10,0.4011906854206393,1
78841,2012-04-10,0.3903035059301595,0
78842,2012-04-10,0.31359571088759725,0
78843,2012-04-10,0.3390110095823024,0
78844,2012-04-10,0.45586938757765755,0
78845,2012-04-10,0.5191181091320943,1
78846,2012-04-10,0.3185598525929585,1
78847,2012-04-10,0.4019415833865349,0
78848,2012-04-10,0.38368011273774966,0
78849,2012-04-10,0.3029738709530437,0
78850,2012-04-10,0.9688024641034203,1
78851,2012-04-10,0.18675143908741643,0
78852,2012-04-10,0.23852793152419438,0
78853,2012-04-10,0.3621625749667527,0
78854,2012-04-10,0.3547453623273606,1
78855,2012-04-10,0.3472163674466694,1
78856,2012-04-10,0.47943370906196353,0
78857,2012-04-10,0.4498577083598204,1
78858,2012-04-10,0.36217290351584264,0
78859,2012-04-10,0.34351123853789217,0
78860,2012-04-10,0.06143552749292459,1
78861,2012-04-10,0.3065776423099596,1
78862,2012-04-10,0.2905842804943592,1
78863,2012-04-10,0.3684388128346904,0
78864,2012-04-10,0.3315277734861901,1
78865,2012-04-10,0.25126675626199224,0
78866,2012-04-10,0.29813677708821307,0
78867,2012-04-10,0.9936636903982896,0
78868,2012-04-10,0.35498092550203164,0
78869,2012-04-10,0.21930938657010474,0
78870,2012-04-10,0.4564309045084073,0
78871,2012-04-10,0.21642385879195572,1
78872,2012-04-10,0.4150993762956318,1
78873,2012-04-10,0.2628236824438993,0
78874,2012-04-10,0.3223060855125922,0
78875,2012-04-10,0.2305229072198092,0
78876,2012-04-10,0.2970483991389643,0
78877,2012-04-10,0.2514739614683094,0
78878,2012-04-10,0.5025814110358958,0
78879,2012-04-10,0.35184780260412496,1
78880,2012-04-10,0.2750660419990429,0
78881,2012-04-10,0.38765792047973624,1
78882,2012-04-10,0.3374336684953483,1
78883,2012-04-10,0.36454291736559225,0
78884,2012-04-10,0.2416497799962409,0
78885,2012-04-10,0.31886510798076584,1
78886,2012-04-10,0.35716043416577287,1
78887,2012-04-10,0.32742567060956695,0
78888,2012-04-10,0.3751599183229663,1
78889,2012-04-10,0.9151380638416372,1
78890,2012-04-10,0.3059115041992423,0
78891,2012-04-10,0.47782375298664437,1
78892,2012-04-10,0.30134441291926345,0
78893,2012-04-10,0.31594928628541347,1
78894,2012-04-10,0.5847099642244816,1
78895,2012-04-10,0.16137567223098678,0
78896,2012-04-10,0.3190004688829271,1
78897,2012-04-10,0.35283641423881745,0
78898,2012-04-10,0.2813768642917889,0
78899,2012-04-10,0.2312989899902542,0
78900,2012-04-10,0.33480669013536524,0
78901,2012-04-10,0.34177171021919056,0
78902,2012-04-10,0.27380950546631894,0
78903,2012-04-10,0.32507111815396394,0
78904,2012-04-10,0.34684001048116814,0
78905,2012-04-10,0.24261960967887802,1
78906,2012-04-10,0.21842228486195117,0
78907,2012-04-10,0.5720703614990352,1
78908,2012-04-10,0.33730623215728534,0
78909,2012-04-10,0.36926255894124865,1
78910,2012-04-10,0.2872320424947597,1
78911,2012-04-10,0.23747252302426577,1
78912,2012-04-10,0.31008587453158326,1
78913,2012-04-10,0.44624736043210717,0
78914,2012-04-10,0.42822530748447474,1
78915,2012-04-10,0.40333611683288817,1
78916,2012-04-10,0.4183182994346012,0
78917,2012-04-10,0.6615517158124558,0
78918,2012-04-10,0.27290389912583235,0
78919,2012-04-10,0.3300909903813661,0
78920,2012-04-10,0.27296396951373064,0
78921,2012-04-10,0.42114019201579495,0
78922,2012-04-10,0.4158376143031546,1
78923,2012-04-10,0.15732228367490791,1
78924,2012-04-10,0.2496549437240191,0
78925,2012-04-10,0.24688918311443683,0
78926,2012-04-10,0.33233815962632157,1
78927,2012-04-10,0.3223145601552134,0
78928,2012-04-10,0.34875383862921544,0
78929,2012-04-10,0.283592656222044,0
78930,2012-04-10,0.3168786501710724,0
78931,2012-04-10,0.3193636270197579,0
78932,2012-04-10,0.35073702163193704,1
78933,2012-04-10,0.45156951764458475,0
78934,2012-04-10,0.26373452166548617,0
78935,2012-04-10,0.36419479534766924,0
78936,2012-04-10,0.3339637529201913,0
78937,2012-04-10,0.16215385985184072,0
78938,2012-04-10,0.3911701737379356,0
78939,2012-04-10,0.31559373440164795,1
78940,2012-04-10,0.4885158001015063,1
78941,2012-04-11,0.3408047262273409,1
78942,2012-04-11,0.4184651920629526,1
78943,2012-04-11,0.4324940805690061,0
78944,2012-04-11,0.44347592487796017,0
78945,2012-04-11,0.47528470155381425,1
78946,2012-04-11,0.5954867007992742,0
78947,2012-04-11,0.3055083789312231,0
78948,2012-04-11,0.29372218841028885,0
78949,2012-04-11,0.2713909101093181,1
78950,2012-04-11,0.530378385010431,0
78951,2012-04-11,0.3501876007192922,0
78952,2012-04-11,0.339617921442203,0
78953,2012-04-11,0.431313510068907,1
78954,2012-04-11,0.45045939344008457,1
78955,2012-04-11,0.31149665477388805,0
78956,2012-04-11,0.3057246806652163,0
78957,2012-04-11,0.7645871775243724,1
78958,2012-04-11,0.46449808049190305,1
78959,2012-04-11,0.39294910811917033,1
78960,2012-04-11,0.25345778391990625,1
78961,2012-04-11,0.2629092139646894,0
78962,2012-04-11,0.3816311530452324,0
78963,2012-04-11,0.4016187287602756,0
78964,2012-04-11,0.23517811691905954,0
78965,2012-04-11,0.2841111149196092,0
78966,2012-04-11,0.4183998738576181,0
78967,2012-04-11,0.2626980769438484,0
78968,2012-04-11,0.2894738728442667,0
78969,2012-04-11,0.2383053970291481,0
78970,2012-04-11,0.31702010365612027,1
78971,2012-04-11,0.9756423619526219,1
78972,2012-04-11,0.284644453297717,1
78973,2012-04-11,0.8786165615255027,0
78974,2012-04-11,0.22399681318369677,0
78975,2012-04-11,0.42464065310535404,0
78976,2012-04-11,0.2141533996224916,0
78977,2012-04-11,0.420521660326201,1
78978,2012-04-11,0.3487406483264413,1
78979,2012-04-11,0.3086221186902412,1
78980,2012-04-11,0.3630289606435482,0
78981,2012-04-11,0.6394764560303049,1
78982,2012-04-11,0.051315959095726386,0
78983,2012-04-11,0.27138994070582906,0
78984,2012-04-11,0.36622469342207536,1
78985,2012-04-11,0.2764343776001592,1
78986,2012-04-11,0.3168642714989576,1
78987,2012-04-11,0.30409953465842154,0
78988,2012-04-11,0.3625736255185297,0
78989,2012-04-11,0.3110074344515646,1
78990,2012-04-11,0.1844239847394521,0
78991,2012-04-11,0.14843583314615214,0
78992,2012-04-11,0.2426039397449621,1
78993,2012-04-11,0.2519391720044223,0
78994,2012-04-11,0.22808265047586188,1
78995,2012-04-11,0.2735198888909468,0
78996,2012-04-11,0.925154690162286,0
78997,2012-04-11,0.3548673689723116,0
78998,2012-04-11,0.28502702022956516,1
78999,2012-04-11,0.45163026525232924,0
79000,2012-04-11,0.39190641283051275,0
79001,2012-04-11,0.2699078067614454,0
79002,2012-04-11,0.31216413599596543,0
79003,2012-04-11,0.48524264029575237,0
79004,2012-04-11,0.29827509645798117,0
79005,2012-04-11,0.26523248500687924,1
79006,2012-04-11,0.22153848939563558,0
79007,2012-04-11,0.36389701708221506,1
79008,2012-04-11,0.4044860637563308,1
79009,2012-04-11,0.32728442550925985,1
79010,2012-04-11,0.22043634559704142,0
79011,2012-04-11,0.46201580279292653,0
79012,2012-04-11,0.2058411287763397,0
79013,2012-04-11,0.971674309416218,0
79014,2012-04-11,0.23432014307002674,0
79015,2012-04-11,0.28344931186447975,0
79016,2012-04-11,0.3607936679218751,0
79017,2012-04-11,0.3057782147395809,0
79018,2012-04-11,0.42927765197698603,1
79019,2012-04-11,0.23925809756430752,1
79020,2012-04-11,0.32200619483790793,1
79021,2012-04-11,0.30798017868651184,1
79022,2012-04-11,0.5515566289671839,0
79023,2012-04-11,0.3159274745821,1
79024,2012-04-11,0.329359202261465,0
79025,2012-04-11,0.2955693335096055,1
79026,2012-04-11,0.3083472615248683,0
79027,2012-04-11,0.5043814419987761,0
79028,2012-04-11,0.2593120165452251,1
79029,2012-04-11,0.24865176358060745,0
79030,2012-04-11,0.3615025818697063,0
79031,2012-04-11,0.5971240522367994,1
79032,2012-04-11,0.32251074138591956,1
79033,2012-04-11,0.3166028134920003,0
79034,2012-04-11,0.7130823719792033,1
79035,2012-04-11,0.35901491324563306,1
79036,2012-04-11,0.1805797274537247,1
79037,2012-04-11,0.19833394505044033,0
79038,2012-04-11,0.31019108084730945,1
79039,2012-04-11,0.2886313777106166,1
79040,2012-04-11,0.27674529739723036,1
79041,2012-04-11,0.3563151563411376,0
79042,2012-04-11,0.3699306880475429,0
79043,2012-04-11,0.33102055676070397,0
79044,2012-04-11,0.32958695116737285,0
79045,2012-04-11,0.488398778454411,0
79046,2012-04-11,0.2815024337515983,1
79047,2012-04-11,0.42544957662921007,0
79048,2012-04-11,0.3721649858246481,0
79049,2012-04-11,0.2546831941726656,0
79050,2012-04-11,0.36032786874779094,1
79051,2012-04-11,0.4293385883101553,0
79052,2012-04-11,0.20570511737481,0
79053,2012-04-11,0.28528301663788075,1
79054,2012-04-11,0.7287596602434959,0
79055,2012-04-11,0.3134695772967823,1
79056,2012-04-11,0.35575589494959564,0
79057,2012-04-11,0.6095152323562848,0
79058,2012-04-11,0.23967821272378698,0
79059,2012-04-11,0.3079706290425838,0
79060,2012-04-11,0.6574638779718588,0
79061,2012-04-11,0.23772841038817355,0
79062,2012-04-11,0.3333498235830284,0
79063,2012-04-11,0.4929567528044941,1
79064,2012-04-11,0.3473402309109918,1
79065,2012-04-11,0.5025581127496901,1
79066,2012-04-11,0.3283677623550457,1
79067,2012-04-11,0.8499442550920491,0
79068,2012-04-11,0.24365834801967812,0
79069,2012-04-11,0.35810863909499596,0
79070,2012-04-11,0.3030314891668004,0
79071,2012-04-11,0.4415781605271469,0
79072,2012-04-11,0.3586246390198088,1
79073,2012-04-11,0.31503430967587676,0
79074,2012-04-11,0.2553484293874403,0
79075,2012-04-11,0.19596680371572373,0
79076,2012-04-11,0.2849971868184231,1
79077,2012-04-11,0.257421757270959,0
79078,2012-04-11,0.36486105692559584,1
79079,2012-04-11,0.4621161482747485,1
79080,2012-04-11,0.4488120440271015,1
79081,2012-04-11,0.37178894108195076,1
79082,2012-04-11,0.40759332421209427,1
79083,2012-04-11,0.27912860038800175,1
79084,2012-04-11,0.4027075280270007,1
79085,2012-04-11,0.4052869758687286,1
79086,2012-04-11,0.3802126082911855,1
79087,2012-04-11,0.30621097518623674,0
79088,2012-04-11,0.29200728272337434,1
79089,2012-04-11,0.7708975974515134,1
79090,2012-04-11,0.23862718946334255,0
79091,2012-04-11,0.228278149615357,1
79092,2012-04-11,0.39763904450790555,1
79093,2012-04-11,0.3568938136921807,0
79094,2012-04-11,0.5955789386044279,0
79095,2012-04-11,0.19389526455879075,0
79096,2012-04-11,0.26028347614275343,1
79097,2012-04-11,0.3720336840289994,0
79098,2012-04-11,0.2288846080058749,1
79099,2012-04-11,0.3491198249844594,1
79100,2012-04-11,0.27870869626617156,0
79101,2012-04-11,0.23937792745547057,0
79102,2012-04-11,0.4304881338165481,1
79103,2012-04-11,0.44515356944725115,0
79104,2012-04-11,0.23235167971506596,0
79105,2012-04-11,0.3715913506239575,0
79106,2012-04-11,0.3175514223035918,1
79107,2012-04-12,0.30801402862955246,0
79108,2012-04-12,0.27507880019325,0
79109,2012-04-12,0.3885553280435418,1
79110,2012-04-12,0.2585012782624438,1
79111,2012-04-12,0.38479740677824653,0
79112,2012-04-12,0.40426470758868804,0
79113,2012-04-12,0.2059955814325448,0
79114,2012-04-12,0.3059343387273224,1
79115,2012-04-12,0.22518099835901173,1
79116,2012-04-12,0.33276616909508194,0
79117,2012-04-12,0.23270379999642352,1
79118,2012-04-12,0.36064783446395277,0
79119,2012-04-12,0.2891693185274528,1
79120,2012-04-12,0.3405989610481508,0
79121,2012-04-12,0.3407765188757359,0
79122,2012-04-12,0.29221163071703665,0
79123,2012-04-12,0.7698583236174915,0
79124,2012-04-12,0.34122574150493695,1
79125,2012-04-12,0.33448840688292397,0
79126,2012-04-12,0.26965815969986845,0
79127,2012-04-12,0.22606941490890453,0
79128,2012-04-12,0.3343784267015856,1
79129,2012-04-12,0.20156884340323142,0
79130,2012-04-12,0.2293198652132373,1
79131,2012-04-12,0.3785395728444706,0
79132,2012-04-12,0.1998280066947441,0
79133,2012-04-12,0.28169214454346453,0
79134,2012-04-12,0.29693993249188544,0
79135,2012-04-12,0.23358625217951481,1
79136,2012-04-12,0.23148768204419376,1
79137,2012-04-12,0.3273126456579918,0
79138,2012-04-12,0.46612646646986444,1
79139,2012-04-12,0.3808849918099652,1
79140,2012-04-12,0.22036683456344527,0
79141,2012-04-12,0.9779211507090081,0
79142,2012-04-12,0.4116442087887871,0
79143,2012-04-12,0.33810188687621745,0
79144,2012-04-12,0.37753260023854096,1
79145,2012-04-12,0.19589826549135472,0
79146,2012-04-12,0.2982272812809525,1
79147,2012-04-12,0.3693696322670841,0
79148,2012-04-12,0.30964616999840117,0
79149,2012-04-12,0.2297841771916336,1
79150,2012-04-12,0.3100568659027327,1
79151,2012-04-12,0.2757927599600671,0
79152,2012-04-12,0.23586969240492983,0
79153,2012-04-12,0.35511640153315993,0
79154,2012-04-12,0.3562128845375443,0
79155,2012-04-12,0.2065904061193322,1
79156,2012-04-12,0.4072322029369162,1
79157,2012-04-12,0.5318235223331071,1
79158,2012-04-12,0.30329793909193026,1
79159,2012-04-12,0.5688539103803439,1
79160,2012-04-12,0.2925763788043175,1
79161,2012-04-12,0.2729392298295639,1
79162,2012-04-12,0.3397960489432736,1
79163,2012-04-12,0.36302750039098236,0
79164,2012-04-12,0.3298336524646968,0
79165,2012-04-12,0.31188123472677726,0
79166,2012-04-12,0.35970209646449264,0
79167,2012-04-12,0.2514382092511792,0
79168,2012-04-12,0.34595942906311156,0
79169,2012-04-12,0.24879731919621562,1
79170,2012-04-12,0.4735333267304946,0
79171,2012-04-12,0.22205875547240642,0
79172,2012-04-12,0.26583952154709867,1
79173,2012-04-12,0.35106058067515516,0
79174,2012-04-12,0.22377124063580522,1
79175,2012-04-12,0.36269375576320395,0
79176,2012-04-12,0.2770662783749107,1
79177,2012-04-12,0.3069734425911628,0
79178,2012-04-12,0.3371164687594037,1
79179,2012-04-12,0.23755104096317137,0
79180,2012-04-12,0.21807845154532726,0
79181,2012-04-12,0.2634257577429206,0
79182,2012-04-12,0.23059923057232318,1
79183,2012-04-12,0.2486125415753494,0
79184,2012-04-12,0.3145397116947716,0
79185,2012-04-12,0.26102373666696316,1
79186,2012-04-12,0.2933410777760731,0
79187,2012-04-12,0.4189014565164706,1
79188,2012-04-12,0.2934877491885091,1
79189,2012-04-12,0.20682217767175906,0
79190,2012-04-12,0.3221113666180464,0
79191,2012-04-12,0.3669044024282466,0
79192,2012-04-12,0.22862643821231735,0
79193,2012-04-12,0.24681737630139822,0
79194,2012-04-12,0.30426041208339677,0
79195,2012-04-12,0.3326036988133226,0
79196,2012-04-12,0.261375275432604,1
79197,2012-04-12,0.3464053212983719,0
79198,2012-04-12,0.4835942080517715,0
79199,2012-04-12,0.26862084381266677,1
79200,2012-04-12,0.24028878084389457,0
79201,2012-04-12,0.5515016798691735,1
79202,2012-04-12,0.4757275206783369,1
79203,2012-04-12,0.309989290457764,1
79204,2012-04-12,0.28146492949552476,1
79205,2012-04-12,0.3660931242369066,0
79206,2012-04-12,0.25879819477210864,0
79207,2012-04-12,0.4196791398277637,0
79208,2012-04-12,0.2412849725708152,0
79209,2012-04-12,0.31083481649190375,0
79210,2012-04-12,0.3830944166264421,1
79211,2012-04-12,0.28687191897207365,0
79212,2012-04-12,0.21368161467344676,0
79213,2012-04-12,0.8846489671123516,0
79214,2012-04-12,0.24942980340059173,1
79215,2012-04-12,0.4766829733717964,1
79216,2012-04-12,0.3015256152917724,0
79217,2012-04-12,0.23355308881104178,0
79218,2012-04-12,0.4180904760951467,1
79219,2012-04-12,0.622227002523642,1
79220,2012-04-12,0.38975001275222226,0
79221,2012-04-12,0.38380860227407776,0
79222,2012-04-12,0.3509591829201145,0
79223,2012-04-12,0.3367717991677385,1
79224,2012-04-12,0.2645335500633287,0
79225,2012-04-12,0.3074463186505751,0
79226,2012-04-12,0.2461374750383023,0
79227,2012-04-12,0.4401456598576446,0
79228,2012-04-12,0.20720102147940114,0
79229,2012-04-12,0.5609708941898766,0
79230,2012-04-12,0.2671635591332806,0
79231,2012-04-12,0.40295311483124624,1
79232,2012-04-12,0.24290772586481033,0
79233,2012-04-12,0.3580067860752522,0
79234,2012-04-12,0.30668650352041443,1
79235,2012-04-12,0.3053226490444571,0
79236,2012-04-12,0.32040467409097384,1
79237,2012-04-12,0.396782009174231,0
79238,2012-04-12,0.2890003589446386,0
79239,2012-04-12,0.3038403328428684,0
79240,2012-04-12,0.3068384928874184,1
79241,2012-04-12,0.2180556061081649,0
79242,2012-04-12,0.2867115415910279,0
79243,2012-04-12,0.40070618744947684,1
79244,2012-04-12,0.38128448492588773,1
79245,2012-04-12,0.2408432209507191,0
79246,2012-04-12,0.567172015767446,0
79247,2012-04-12,0.28101118036731815,0
79248,2012-04-12,0.28716940345999964,0
79249,2012-04-12,0.36584198114850985,1
79250,2012-04-12,0.29336311481130034,1
79251,2012-04-12,0.4436123967306211,1
79252,2012-04-12,0.3111383197630607,0
79253,2012-04-12,0.20604495863443903,0
79254,2012-04-12,0.31424696483264114,1
79255,2012-04-12,0.510416271705582,0
79256,2012-04-12,0.24304915647473468,0
79257,2012-04-12,0.28111094531813174,0
79258,2012-04-13,0.6393823960115126,1
79259,2012-04-13,0.339866621515607,0
79260,2012-04-13,0.4617796938950833,0
79261,2012-04-13,0.2172533372837725,0
79262,2012-04-13,0.3684451573208881,0
79263,2012-04-13,0.38125480017518326,1
79264,2012-04-13,0.32817215472529976,1
79265,2012-04-13,0.533016929625028,1
79266,2012-04-13,0.4089346934477186,0
79267,2012-04-13,0.431567986067976,0
79268,2012-04-13,0.1553907234322472,0
79269,2012-04-13,0.29048901883696393,0
79270,2012-04-13,0.20524451049867137,1
79271,2012-04-13,0.31332184584858497,0
79272,2012-04-13,0.37195903341602454,1
79273,2012-04-13,0.2628811229331143,0
79274,2012-04-13,0.24998504711016883,1
79275,2012-04-13,0.18557119509411232,1
79276,2012-04-13,0.3510826612614991,0
79277,2012-04-13,0.24631331582676502,1
79278,2012-04-13,0.2850368286497818,0
79279,2012-04-13,0.2912359262829161,1
79280,2012-04-13,0.28190642197449073,0
79281,2012-04-13,0.2108738634072734,0
79282,2012-04-13,0.1830567014586172,0
79283,2012-04-13,0.17100962688261714,0
79284,2012-04-13,0.27630420065558225,1
79285,2012-04-13,0.32121697274759026,1
79286,2012-04-13,0.37113870175731106,1
79287,2012-04-13,0.3249506027036821,0
79288,2012-04-13,0.2473986935265882,0
79289,2012-04-13,0.27896948588505155,0
79290,2012-04-13,0.3667211148128854,1
79291,2012-04-13,0.29962303571617677,0
79292,2012-04-13,0.39150982164222403,0
79293,2012-04-13,0.18135159315916022,0
79294,2012-04-13,0.33615011988959503,0
79295,2012-04-13,0.2426808183844037,0
79296,2012-04-13,0.25308184541758694,0
79297,2012-04-13,0.33631173861213887,0
79298,2012-04-13,0.311618059992566,1
79299,2012-04-13,0.2534562542775574,0
79300,2012-04-13,0.5218402327696938,0
79301,2012-04-13,0.3855648907187991,1
79302,2012-04-13,0.3110752454334171,0
79303,2012-04-13,0.4002155180614506,1
79304,2012-04-13,0.46233275324657186,0
79305,2012-04-13,0.2738777747722338,0
79306,2012-04-13,0.23195909084301025,0
79307,2012-04-13,0.29654198953307975,0
79308,2012-04-13,0.30099331535263363,0
79309,2012-04-13,0.33713719519135454,0
79310,2012-04-13,0.305422875614575,1
79311,2012-04-13,0.6284963685506716,1
79312,2012-04-13,0.3226159835571337,1
79313,2012-04-13,0.2641487990452274,0
79314,2012-04-13,0.24233507427041232,0
79315,2012-04-13,0.18579829602328693,1
79316,2012-04-13,0.38033531603829074,1
79317,2012-04-13,0.3718590619374991,1
79318,2012-04-13,0.39304305628093317,0
79319,2012-04-13,0.2414868922237035,1
79320,2012-04-13,0.23063873560614148,1
79321,2012-04-13,0.2830816649982586,0
79322,2012-04-13,0.32140548517077283,0
79323,2012-04-13,0.24108828493870121,1
79324,2012-04-13,0.3582304565247582,0
79325,2012-04-13,0.46333002469822543,1
79326,2012-04-13,0.3260396288809203,0
79327,2012-04-13,0.23112798936274917,1
79328,2012-04-13,0.2358828665613785,0
79329,2012-04-13,0.3665558125641473,0
79330,2012-04-13,0.22269189620341845,0
79331,2012-04-13,0.39089828440454194,1
79332,2012-04-13,0.41414665528391564,0
79333,2012-04-13,0.3391898988599628,1
79334,2012-04-13,0.3068928931810389,1
79335,2012-04-13,0.29403241433871197,1
79336,2012-04-13,0.2317267495508415,0
79337,2012-04-13,0.295793731673773,1
79338,2012-04-13,0.47309266139322215,1
79339,2012-04-13,0.3054578392911133,0
79340,2012-04-13,0.4720223365778688,1
79341,2012-04-13,0.3339792785533948,1
79342,2012-04-13,0.40062669288912667,1
79343,2012-04-13,0.2308365712393596,0
79344,2012-04-13,0.32186725638425767,0
79345,2012-04-13,0.4115859371964867,1
79346,2012-04-13,0.3151421222785674,1
79347,2012-04-13,0.8938291513837018,1
79348,2012-04-13,0.4091854862319098,0
79349,2012-04-13,0.25939424010574996,1
79350,2012-04-13,0.3117829452155066,0
79351,2012-04-13,0.411290314552562,0
79352,2012-04-13,0.4004121654194544,0
79353,2012-04-13,0.24276173268170298,0
79354,2012-04-13,0.3148228975575465,0
79355,2012-04-13,0.3229363188695708,0
79356,2012-04-13,0.20745544227686225,0
79357,2012-04-13,0.28816185346553935,0
79358,2012-04-13,0.25668240594919917,0
79359,2012-04-13,0.30893831792364224,1
79360,2012-04-13,0.34721869578889986,0
79361,2012-04-13,0.21480238190291048,0
79362,2012-04-13,0.3495926407361541,0
79363,2012-04-13,0.2328001738245055,0
79364,2012-04-13,0.22786663829613957,1
79365,2012-04-13,0.2717962442897553,0
79366,2012-04-13,0.5943558632127558,1
79367,2012-04-13,0.5280922953485919,0
79368,2012-04-13,0.2479205307231253,0
79369,2012-04-13,0.3678102277153176,1
79370,2012-04-13,0.27864301867686864,1
79371,2012-04-13,0.348906787679044,0
79372,2012-04-13,0.21443646409907532,0
79373,2012-04-13,0.3139313643807739,0
79374,2012-04-13,0.32434651146220467,0
79375,2012-04-13,0.21005804671260106,1
79376,2012-04-13,0.40565280649060526,0
79377,2012-04-13,0.42343132913950493,1
79378,2012-04-13,0.28485466279703636,1
79379,2012-04-13,0.263154046612268,0
79380,2012-04-13,0.3974817037291495,0
79381,2012-04-13,0.29671935031530516,0
79382,2012-04-13,0.24662983069145109,0
79383,2012-04-13,0.40674079946041636,0
79384,2012-04-13,0.4972117680702102,0
79385,2012-04-13,0.5714117638466708,0
79386,2012-04-13,0.30922145375495,0
79387,2012-04-13,0.43911860948151904,1
79388,2012-04-13,0.49886509623758535,0
79389,2012-04-13,0.4635062813255923,0
79390,2012-04-13,0.22138800952830817,0
79391,2012-04-13,0.21261547719515358,1
79392,2012-04-13,0.2229259673045242,1
79393,2012-04-13,0.3094266927954641,0
79394,2012-04-13,0.3783115648426026,0
79395,2012-04-13,0.439406783599377,1
79396,2012-04-13,0.29897044960575586,1
79397,2012-04-13,0.2911085100089743,0
79398,2012-04-13,0.36308719167173853,1
79399,2012-04-13,0.25993255026273276,1
79400,2012-04-13,0.34389650360826063,1
79401,2012-04-13,0.20260166496997806,1
79402,2012-04-13,0.26776050414067026,1
79403,2012-04-13,0.2667903719673709,0
79404,2012-04-13,0.297515723295022,0
79405,2012-04-13,0.5142407307480682,1
79406,2012-04-13,0.37257290928079667,0
79407,2012-04-13,0.2825619091491244,0
79408,2012-04-13,0.2737814998853765,0
79409,2012-04-13,0.34018372861025575,0
79410,2012-04-13,0.30344405755321113,0
79411,2012-04-13,0.21171223830308367,1
79412,2012-04-13,0.30766767041634846,0
79413,2012-04-13,0.37763107250383926,0
79414,2012-04-13,0.4318219201519502,1
79415,2012-04-13,0.3860830279192659,1
79416,2012-04-13,0.29730725357432164,0
79417,2012-04-13,0.23619368818463193,0
79418,2012-04-13,0.40797312079583264,0
79419,2012-04-13,0.3791783571630583,1
79420,2012-04-13,0.31800463899265924,1
79421,2012-04-13,0.40740913161230674,1
79422,2012-04-13,0.3609221651108796,0
79423,2012-04-13,0.946130520178381,1
79424,2012-04-13,0.2422843863982581,0
79425,2012-04-13,0.42271069973473285,0
79426,2012-04-13,0.2851837085565055,0
79427,2012-04-13,0.2228756357493706,1
79428,2012-04-13,0.26393950543105293,0
79429,2012-04-13,0.3498714450442105,0
79430,2012-04-13,0.2536095942851315,0
79431,2012-04-13,0.31139836090915957,0
79432,2012-04-13,0.21700578047914582,0
79433,2012-04-13,0.28684516904106216,0
79434,2012-04-13,0.3911814555189799,1
79435,2012-04-13,0.3011098278353623,1
79436,2012-04-13,0.49792952729952755,1
79437,2012-04-13,0.35204113560332845,0
79438,2012-04-13,0.2674344735444656,1
79439,2012-04-13,0.30442895046881635,1
79440,2012-04-13,0.27436999296071557,0
79441,2012-04-13,0.3474954622372211,1
79442,2012-04-13,0.19484638256328338,1
79443,2012-04-13,0.2500525467844497,0
79444,2012-04-13,0.21313753529449084,0
79445,2012-04-13,0.2664437798906397,0
79446,2012-04-13,0.34336450216571224,0
79447,2012-04-13,0.3406990006407807,1
79448,2012-04-13,0.4682059340485781,0
79449,2012-04-13,0.30497521922949644,0
79450,2012-04-13,0.17030008874920766,0
79451,2012-04-13,0.19365046446199913,1
79452,2012-04-13,0.4309092945838164,1
79453,2012-04-13,0.2398035179466857,1
79454,2012-04-13,0.9996647915806643,1
79455,2012-04-13,0.3005884267742308,0
79456,2012-04-13,0.3239317382695506,1
79457,2012-04-13,0.23386440239690715,0
79458,2012-04-13,0.4620911130575157,0
79459,2012-04-13,0.29243604334012296,0
79460,2012-04-13,0.4558902214436343,1
79461,2012-04-13,0.2742593492667065,1
79462,2012-04-13,0.30310474716051117,0
79463,2012-04-13,0.24531489217930313,0
79464,2012-04-13,0.301648981846735,0
79465,2012-04-13,0.2024260603502781,1
79466,2012-04-13,0.19084316211338886,0
79467,2012-04-13,0.5493901527791051,0
79468,2012-04-13,0.32244172848587677,0
79469,2012-04-13,0.6082056521339704,0
79470,2012-04-13,0.2619020734265448,0
79471,2012-04-13,0.2333158531870866,1
79472,2012-04-13,0.30311213808339876,0
79473,2012-04-13,0.3389161042954687,0
79474,2012-04-13,0.40124734578767096,1
79475,2012-04-13,0.26274548487630306,0
79476,2012-04-13,0.3178521352945674,0
79477,2012-04-13,0.23581715981101414,0
79478,2012-04-13,0.30306027693376575,1
79479,2012-04-13,0.4286637096284729,1
79480,2012-04-13,0.1688266314247885,0
79481,2012-04-13,0.24170055666935478,1
79482,2012-04-14,0.32431852544455864,1
79483,2012-04-14,0.3976445511075059,1
79484,2012-04-14,0.27061095610421226,0
79485,2012-04-14,0.27425165306772087,1
79486,2012-04-14,0.2752788606263034,0
79487,2012-04-14,0.3460802537756905,0
79488,2012-04-14,0.346795902477902,1
79489,2012-04-14,0.2683944894821193,1
79490,2012-04-14,0.5095327921050269,1
79491,2012-04-14,0.41390471289258074,0
79492,2012-04-14,0.26829878290250775,1
79493,2012-04-14,0.21948965538566548,0
79494,2012-04-14,0.4610374150232945,0
79495,2012-04-14,0.47324154047749833,0
79496,2012-04-14,0.1858252048367563,0
79497,2012-04-14,0.49122705334428945,0
79498,2012-04-14,0.21761553422079877,0
79499,2012-04-14,0.27566795241561054,0
79500,2012-04-14,0.28449659300763563,0
79501,2012-04-14,0.45698818138791925,0
79502,2012-04-14,0.5356120866865658,0
79503,2012-04-14,0.3179759960013172,0
79504,2012-04-14,0.20322956429952987,0
79505,2012-04-14,0.3801214752209239,1
79506,2012-04-14,0.7935573378703926,0
79507,2012-04-14,0.2362939778122124,0
79508,2012-04-14,0.30519973571864817,1
79509,2012-04-14,0.3602152220040069,0
79510,2012-04-14,0.26341090764265584,1
79511,2012-04-14,0.44713161350666114,1
79512,2012-04-14,0.49125685627793236,0
79513,2012-04-14,0.2854641647397646,0
79514,2012-04-14,0.14790762457465817,0
79515,2012-04-14,0.2923383943049529,1
79516,2012-04-14,0.3350495057842701,0
79517,2012-04-14,0.21771590317624376,0
79518,2012-04-14,0.30302923296500606,0
79519,2012-04-14,0.38698480705227734,0
79520,2012-04-14,0.3314025560018681,0
79521,2012-04-14,0.3284667510989132,1
79522,2012-04-14,0.28490322018579817,0
79523,2012-04-14,0.31552634487003034,1
79524,2012-04-14,0.3656681078342494,0
79525,2012-04-14,0.19293758538078254,1
79526,2012-04-14,0.34993829381366043,0
79527,2012-04-14,0.16982529829116524,0
79528,2012-04-14,0.37427006139170166,0
79529,2012-04-14,0.3136152972423117,1
79530,2012-04-14,0.323108040350629,1
79531,2012-04-14,0.3173644659020692,0
79532,2012-04-14,0.37645778369924293,0
79533,2012-04-14,0.3433020442319936,1
79534,2012-04-14,0.6029560738293448,0
79535,2012-04-14,0.33680139557437405,1
79536,2012-04-14,0.33366316557313513,1
79537,2012-04-14,0.4456036808321601,0
79538,2012-04-14,0.4342250475759163,0
79539,2012-04-14,0.4526813676285637,1
79540,2012-04-14,0.31548849878505775,1
79541,2012-04-14,0.3474397703611573,1
79542,2012-04-14,0.4489761424272272,1
79543,2012-04-14,0.24095273505168363,1
79544,2012-04-14,0.2042154017915636,0
79545,2012-04-14,0.3942556972086528,1
79546,2012-04-15,0.2107957976540109,1
79547,2012-04-15,0.4414785046083654,0
79548,2012-04-15,0.24501277837557564,1
79549,2012-04-15,0.27671912976110563,1
79550,2012-04-15,0.18782416764000298,0
79551,2012-04-15,0.32390561237755305,1
79552,2012-04-15,0.3288112193948901,0
79553,2012-04-15,0.29169111962290933,1
79554,2012-04-15,0.4363304472197258,0
79555,2012-04-15,0.2705120274364022,0
79556,2012-04-15,0.2764696159304226,0
79557,2012-04-15,0.26070701676148733,0
79558,2012-04-15,0.3054381370107023,0
79559,2012-04-15,0.3996232381108514,1
79560,2012-04-15,0.33981694805046336,0
79561,2012-04-15,0.37408898383751665,1
79562,2012-04-15,0.35275710609467964,0
79563,2012-04-15,0.30860936341343026,1
79564,2012-04-15,0.37179825287478985,1
79565,2012-04-15,0.2990970765639013,1
79566,2012-04-15,0.39678191298845755,1
79567,2012-04-15,0.489819093196392,1
79568,2012-04-15,0.4019285433235612,0
79569,2012-04-15,0.3029237403612028,1
79570,2012-04-15,0.31291355803614374,0
79571,2012-04-15,0.3569826238184851,1
79572,2012-04-15,0.5418263344062588,0
79573,2012-04-15,0.2933491478516706,0
79574,2012-04-15,0.47654869899555913,1
79575,2012-04-15,0.26665677902493234,1
79576,2012-04-15,0.2965061429926991,0
79577,2012-04-15,0.43716686991127923,1
79578,2012-04-15,0.29531274651057143,0
79579,2012-04-15,0.390287236155072,0
79580,2012-04-15,0.3223350293624531,0
79581,2012-04-15,0.3473524284008368,0
79582,2012-04-15,0.3193379134442258,1
79583,2012-04-15,0.44056444074058704,0
79584,2012-04-15,0.20895506971445543,1
79585,2012-04-15,0.2918273991765909,0
79586,2012-04-15,0.44670309462067853,1
79587,2012-04-15,0.6903463822665158,0
79588,2012-04-15,0.31455394626454913,1
79589,2012-04-15,0.27794983222491426,1
79590,2012-04-15,0.39981270370215,1
79591,2012-04-15,0.2905959707302332,1
79592,2012-04-15,0.4218411910645768,1
79593,2012-04-15,0.3835355209106925,1
79594,2012-04-15,0.17612820356779188,0
79595,2012-04-15,0.36311826740315545,0
79596,2012-04-15,0.23009429465860412,0
79597,2012-04-15,0.4633323634952918,0
79598,2012-04-15,0.5609497059891939,1
79599,2012-04-15,0.6099053084780748,0
79600,2012-04-15,0.344374233657107,1
79601,2012-04-15,0.37339272794924716,0
79602,2012-04-15,0.3076469744488242,1
79603,2012-04-15,0.1795946148078997,0
79604,2012-04-15,0.3205969583923956,1
79605,2012-04-15,0.478704219662205,1
79606,2012-04-15,0.34051127611435666,0
79607,2012-04-15,0.31478558074869173,0
79608,2012-04-15,0.4331703739516668,0
79609,2012-04-15,0.4510358631423782,1
79610,2012-04-15,0.22352559299137947,1
79611,2012-04-15,0.26437139739586923,1
79612,2012-04-15,0.27738288059771515,0
79613,2012-04-15,0.36217638819336745,1
79614,2012-04-15,0.32079117885295744,0
79615,2012-04-15,0.3025658224783655,1
79616,2012-04-15,0.4586194606077637,1
79617,2012-04-15,0.22666944234525704,0
79618,2012-04-15,0.32085948059914254,1
79619,2012-04-15,0.31959266178493073,0
79620,2012-04-15,0.3612752723769296,0
79621,2012-04-15,0.28875926409887415,1
79622,2012-04-15,0.3685668125979565,1
79623,2012-04-15,0.6474557640423312,1
79624,2012-04-15,0.25089432684226753,1
79625,2012-04-15,0.4582291862033423,1
79626,2012-04-15,0.2749706007546653,1
79627,2012-04-15,0.3421783215576233,1
79628,2012-04-15,0.31848346113497733,0
79629,2012-04-15,0.31447483958542577,0
79630,2012-04-15,0.23378659713767852,0
79631,2012-04-15,0.4119391463760515,1
79632,2012-04-15,0.27660281203255466,0
79633,2012-04-15,0.3110751044375716,0
79634,2012-04-15,0.22006036968829307,1
79635,2012-04-15,0.41214005020215366,0
79636,2012-04-15,0.49017708512388547,1
79637,2012-04-15,0.660998292214072,1
79638,2012-04-15,0.3189906602414439,0
79639,2012-04-15,0.14536977108687582,0
79640,2012-04-15,0.3501516440289752,0
79641,2012-04-15,0.2668458586488732,0
79642,2012-04-15,0.15906624348532386,0
79643,2012-04-15,0.27225207516520367,1
79644,2012-04-15,0.3331395099343474,0
79645,2012-04-15,0.3059989166735025,1
79646,2012-04-15,0.15206365756070564,0
79647,2012-04-15,0.35086443017195296,1
79648,2012-04-15,0.32035719645104194,1
79649,2012-04-15,0.45666527805225465,1
79650,2012-04-15,0.34623551224908306,0
79651,2012-04-15,0.32095320127997284,1
79652,2012-04-15,0.34333532772219294,1
79653,2012-04-15,0.37443347021646356,0
79654,2012-04-15,0.2191493202395625,1
79655,2012-04-15,0.4946024777184647,1
79656,2012-04-15,0.4995971418998551,0
79657,2012-04-15,0.3967190464638993,0
79658,2012-04-15,0.31656043881465556,1
79659,2012-04-15,0.3264872544569434,0
79660,2012-04-15,0.1892960493220365,0
79661,2012-04-15,0.3812501470386291,0
79662,2012-04-15,0.23583930986866417,1
79663,2012-04-15,0.2956841598902937,1
79664,2012-04-15,0.1836537671040443,1
79665,2012-04-15,0.5216935754557953,0
79666,2012-04-15,0.1177180929256963,0
79667,2012-04-15,0.2536886376574084,0
79668,2012-04-15,0.3201916383149525,0
79669,2012-04-15,0.3842866460269136,1
79670,2012-04-15,0.357009756996801,0
79671,2012-04-15,0.3400237849232662,0
79672,2012-04-15,0.4895021247372306,0
79673,2012-04-15,0.16262176932272143,0
79674,2012-04-15,0.3838286151922359,0
79675,2012-04-15,0.29177938256649105,0
79676,2012-04-15,0.3640811545845165,0
79677,2012-04-15,0.32552646170452165,1
79678,2012-04-15,0.4229767319195877,1
79679,2012-04-15,0.28446490787648276,0
79680,2012-04-15,0.35398716299164495,0
79681,2012-04-15,0.502721720580287,0
79682,2012-04-15,0.41316609815109195,0
79683,2012-04-15,0.5374053866905247,1
79684,2012-04-15,0.2661643916198622,0
79685,2012-04-15,0.3627004484767247,0
79686,2012-04-15,0.39447348419980166,0
79687,2012-04-15,0.26389570052566225,0
79688,2012-04-15,0.3989336904661497,1
79689,2012-04-15,0.3496399956228307,1
79690,2012-04-15,0.20066452420355044,0
79691,2012-04-15,0.2267358104803905,1
79692,2012-04-15,0.394403701754784,1
79693,2012-04-15,0.1966880029320014,0
79694,2012-04-15,0.30622531095552896,0
79695,2012-04-15,0.2334718411438585,0
79696,2012-04-15,0.29462722938278957,0
79697,2012-04-15,0.35988444328861446,0
79698,2012-04-15,0.9255378810339008,1
79699,2012-04-15,0.30878784346363103,0
79700,2012-04-15,0.4799779243014551,1
79701,2012-04-15,0.23116022040773018,0
79702,2012-04-15,0.30751372591823445,0
79703,2012-04-15,0.34857904554273417,0
79704,2012-04-15,0.25708137554769966,1
79705,2012-04-15,0.3125239627005127,0
79706,2012-04-15,0.42684815589893615,1
79707,2012-04-15,0.3017289246650075,1
79708,2012-04-15,0.4392260926761533,1
79709,2012-04-15,0.3200489147417805,1
79710,2012-04-15,0.25263826372418346,0
79711,2012-04-15,0.2556419914085794,0
79712,2012-04-15,0.43117285177776266,1
79713,2012-04-15,0.32720878370100354,1
79714,2012-04-15,0.5476134436187026,0
79715,2012-04-15,0.353281557358682,0
79716,2012-04-15,0.402589276948114,1
79717,2012-04-15,0.3215707995564078,1
79718,2012-04-15,0.42290863719540056,1
79719,2012-04-15,0.37906276932281563,1
79720,2012-04-15,0.31581630718038967,1
79721,2012-04-15,0.3301621206212844,1
79722,2012-04-15,0.34581003339499267,1
79723,2012-04-15,0.38041749017514914,1
79724,2012-04-15,0.12303392668983594,0
79725,2012-04-15,0.2843409838959244,0
79726,2012-04-15,0.2690680652285884,0
79727,2012-04-15,0.3117717721305445,1
79728,2012-04-15,0.34263976717227873,0
79729,2012-04-15,0.3829035366418476,1
79730,2012-04-15,0.5731878312906467,0
79731,2012-04-15,0.18846597498153686,0
79732,2012-04-15,0.28349062001710634,0
79733,2012-04-15,0.29873361440657126,1
79734,2012-04-15,0.17397113254106852,0
79735,2012-04-15,0.34288752757519253,0
79736,2012-04-15,0.2513966568041858,0
79737,2012-04-15,0.3780888237254352,0
79738,2012-04-15,0.2729392298295639,1
79739,2012-04-15,0.32096001809400854,1
79740,2012-04-15,0.30065697836440464,1
79741,2012-04-15,0.6104258288993659,0
79742,2012-04-15,0.28357250206752577,1
79743,2012-04-15,0.26564435462903085,0
79744,2012-04-15,0.2961142035035879,1
79745,2012-04-15,0.45664121717245365,1
79746,2012-04-15,0.6177977188169009,1
79747,2012-04-15,0.3815986615139587,0
79748,2012-04-15,0.5033927298804235,1
79749,2012-04-15,0.4711782736765709,0
79750,2012-04-15,0.4690682289091809,0
79751,2012-04-15,0.30500841839423104,0
79752,2012-04-15,0.3676738195263423,1
79753,2012-04-15,0.6440046847832035,0
79754,2012-04-15,0.38059172423901416,0
79755,2012-04-15,0.22011750913256353,0
79756,2012-04-15,0.4949278953540698,0
79757,2012-04-15,0.1953685551093266,0
79758,2012-04-15,0.2861105060908504,0
79759,2012-04-15,0.3876028162269319,0
79760,2012-04-15,0.23050795230250296,0
79761,2012-04-15,0.2673887653352847,0
79762,2012-04-15,0.34626634634620995,0
79763,2012-04-15,0.47463713682566533,1
79764,2012-04-15,0.26529635014822356,0
79765,2012-04-15,0.30256708853832975,0
79766,2012-04-15,0.37210513014845154,0
79767,2012-04-15,0.5800697177922158,1
79768,2012-04-15,0.3294322565607291,0
79769,2012-04-15,0.20036655781725957,0
79770,2012-04-15,0.40834933197996204,0
79771,2012-04-15,0.34917713166629344,1
79772,2012-04-15,0.28075296817066014,0
79773,2012-04-15,0.5973073862960138,0
79774,2012-04-15,0.36947641029983375,1
79775,2012-04-15,0.40806019859942555,0
79776,2012-04-15,0.30856753122051045,1
79777,2012-04-15,0.42181854457003515,1
79778,2012-04-15,0.27605620114627494,0
79779,2012-04-15,0.24277655032456918,1
79780,2012-04-15,0.3904592785370218,1
79781,2012-04-15,0.35104101061864057,1
79782,2012-04-15,0.2844126209509457,0
79783,2012-04-15,0.5253578957716819,1
79784,2012-04-15,0.33373742313460597,0
79785,2012-04-15,0.31719021181465495,0
79786,2012-04-15,0.4390038001621542,0
79787,2012-04-15,0.2950846733277207,1
79788,2012-04-15,0.3920271619902778,1
79789,2012-04-15,0.4102301873980457,0
79790,2012-04-15,0.38326572362450545,1
79791,2012-04-15,0.19815401228186752,0
79792,2012-04-15,0.3895125613377669,1
79793,2012-04-15,0.36546587325344004,0
79794,2012-04-15,0.37896087330676087,0
79795,2012-04-15,0.30852003979980935,1
79796,2012-04-15,0.3548451648841033,1
79797,2012-04-15,0.4663089317242182,0
79798,2012-04-15,0.29536197790366764,0
79799,2012-04-15,0.3983982758035613,0
79800,2012-04-15,0.3143486670337856,1
79801,2012-04-15,0.31316875896107665,1
79802,2012-04-15,0.2298667784623086,0
79803,2012-04-15,0.1270432782144866,0
79804,2012-04-15,0.3190232011574795,0
79805,2012-04-15,0.2667362889424333,0
79806,2012-04-15,0.4649528716076945,0
79807,2012-04-15,0.4996787466963872,1
79808,2012-04-15,0.5064653181339546,1
79809,2012-04-15,0.3315832859940747,0
79810,2012-04-15,0.24184259945030026,1
79811,2012-04-15,0.9108101124070074,0
79812,2012-04-15,0.22062271731936672,0
79813,2012-04-15,0.36933673468729117,0
79814,2012-04-15,0.47412915112464044,1
79815,2012-04-15,0.26597870827131914,0
79816,2012-04-15,0.27876103122497686,0
79817,2012-04-15,0.17647936068448947,0
79818,2012-04-15,0.3149527818384006,0
79819,2012-04-15,0.40924527849025727,0
79820,2012-04-15,0.29472538516649105,1
79821,2012-04-15,0.3278763819443862,1
79822,2012-04-15,0.1725448617045053,1
79823,2012-04-15,0.295279006144946,0
79824,2012-04-15,0.39698330071841537,1
79825,2012-04-15,0.6059798599748553,0
79826,2012-04-15,0.11366351284902627,0
79827,2012-04-15,0.30401864138672374,0
79828,2012-04-15,0.9441526022069726,0
79829,2012-04-15,0.29936931541310163,1
79830,2012-04-15,0.24147378152428184,0
79831,2012-04-15,0.3448060505857266,0
79832,2012-04-15,0.18591791300875438,1
79833,2012-04-15,0.36038256787603773,1
79834,2012-04-15,0.32562793402889295,0
79835,2012-04-15,0.2757250448191448,0
79836,2012-04-15,0.2776030450744644,0
79837,2012-04-15,0.3012612449322706,1
79838,2012-04-15,0.3566673864628971,0
79839,2012-04-15,0.4419696522463565,1
79840,2012-04-15,0.12861300656290392,0
79841,2012-04-15,0.3322245031620691,1
79842,2012-04-15,0.32552703214150625,0
79843,2012-04-15,0.31667425190893583,1
79844,2012-04-15,0.29161176097845315,0
79845,2012-04-15,0.27177154669794423,0
79846,2012-04-15,0.42171862444208863,0
79847,2012-04-15,0.2670872148379765,0
79848,2012-04-15,0.1309442607290845,0
79849,2012-04-15,0.33473532122536614,0
79850,2012-04-15,0.2085970143607221,0
79851,2012-04-15,0.3322231708051321,1
79852,2012-04-15,0.20044890250898034,0
79853,2012-04-15,0.32053155283777196,0
79854,2012-04-15,0.3895737193310255,1
79855,2012-04-16,0.3155692640300536,0
79856,2012-04-16,0.28881226671042454,1
79857,2012-04-16,0.2211775750892395,0
79858,2012-04-16,0.4218269633029233,0
79859,2012-04-16,0.21789497201679084,1
79860,2012-04-16,0.5299427347408762,1
79861,2012-04-16,0.1973901719632026,1
79862,2012-04-16,0.28597334736810454,1
79863,2012-04-16,0.3326633310826785,1
79864,2012-04-16,0.3657270047981858,0
79865,2012-04-16,0.22179680772359012,0
79866,2012-04-16,0.2921717711376952,1
79867,2012-04-16,0.29709174434493213,0
79868,2012-04-16,0.7850539784454449,0
79869,2012-04-16,0.4641364860472091,1
79870,2012-04-16,0.29454392681233205,1
79871,2012-04-16,0.2860175496870321,0
79872,2012-04-16,0.013666790838985029,0
79873,2012-04-16,0.3966500667186701,1
79874,2012-04-16,0.3323620859191975,1
79875,2012-04-16,0.2170033564017757,0
79876,2012-04-16,0.258100680237425,0
79877,2012-04-16,0.282062141459169,0
79878,2012-04-16,0.2691458862700477,1
79879,2012-04-16,0.24583509335108233,0
79880,2012-04-16,0.181558097853536,0
79881,2012-04-16,0.27605359236642607,0
79882,2012-04-16,0.3483201648524338,0
79883,2012-04-16,0.21834352338707178,0
79884,2012-04-16,0.30738827854041073,0
79885,2012-04-16,0.3290015088364,0
79886,2012-04-16,0.4857854172750187,0
79887,2012-04-16,0.28559852577881506,0
79888,2012-04-16,0.28271887626885767,0
79889,2012-04-16,0.32807384560320546,0
79890,2012-04-16,0.39360149053050664,0
79891,2012-04-16,0.30312780722653226,1
79892,2012-04-16,0.22794988465881783,1
79893,2012-04-16,0.29799981733720915,1
79894,2012-04-16,0.33805999148997695,0
79895,2012-04-16,0.3684684200990241,0
79896,2012-04-16,0.34525323791786444,0
79897,2012-04-16,0.15978585627712916,1
79898,2012-04-16,0.45816672989698853,1
79899,2012-04-16,0.4692889753276578,0
79900,2012-04-16,0.29271639844978864,0
79901,2012-04-16,0.381824275168561,1
79902,2012-04-16,0.2757801836926396,1
79903,2012-04-16,0.5799487797210138,1
79904,2012-04-16,0.3543861218175168,0
79905,2012-04-16,0.39973812108730716,0
79906,2012-04-16,0.23236546966142996,0
79907,2012-04-16,0.25076522375838506,1
79908,2012-04-16,0.27115657522884956,1
79909,2012-04-16,0.45910378666670376,1
79910,2012-04-16,0.3696368962366885,1
79911,2012-04-16,0.21820797530766514,0
79912,2012-04-16,0.15955794009265084,1
79913,2012-04-16,0.3368325476250884,0
79914,2012-04-16,0.2696820105763041,0
79915,2012-04-16,0.1759818385034915,0
79916,2012-04-16,0.4708642339466213,0
79917,2012-04-16,0.5919025958872908,1
79918,2012-04-16,0.3194474348588387,0
79919,2012-04-16,0.14485937440146013,0
79920,2012-04-16,0.5217745141793474,0
79921,2012-04-16,0.2352086073561303,0
79922,2012-04-16,0.34204019470219904,0
79923,2012-04-16,0.2670419707566651,1
79924,2012-04-16,0.28066204652770604,0
79925,2012-04-16,0.24854169252148628,0
79926,2012-04-16,0.39565171371613866,1
79927,2012-04-16,0.26061533645150126,1
79928,2012-04-16,0.49545517578318343,0
79929,2012-04-16,0.31421439667256384,0
79930,2012-04-16,0.43023519806223637,0
79931,2012-04-16,0.1644444904220113,0
79932,2012-04-16,0.30260285037278795,0
79933,2012-04-16,0.4816281618920511,1
79934,2012-04-16,0.25445974047360986,0
79935,2012-04-16,0.2608830018556608,0
79936,2012-04-16,0.1557997819814626,1
79937,2012-04-16,0.17846669651696967,1
79938,2012-04-16,0.5166964960634447,0
79939,2012-04-16,0.42439744542349256,1
79940,2012-04-16,0.4113697126380449,1
79941,2012-04-16,0.2878341231545906,0
79942,2012-04-16,0.2463259931003051,1
79943,2012-04-16,0.42199208016588596,0
79944,2012-04-16,0.4236685012549597,0
79945,2012-04-16,0.31699976897363286,0
79946,2012-04-16,0.4402735875778804,1
79947,2012-04-16,0.19327823734315913,1
79948,2012-04-16,0.3471532607375779,1
79949,2012-04-16,0.3121716355639958,1
79950,2012-04-16,0.2772985242756481,0
79951,2012-04-16,0.20370572100353215,0
79952,2012-04-16,0.465858947874884,1
79953,2012-04-16,0.38037874494805357,0
79954,2012-04-16,0.1969111885723653,0
79955,2012-04-16,0.20603690454878829,0
79956,2012-04-16,0.44078700343387406,1
79957,2012-04-16,0.24626908064929662,0
79958,2012-04-16,0.27500597707244834,0
79959,2012-04-16,0.32725620856722076,1
79960,2012-04-16,0.3210599231391137,0
79961,2012-04-16,0.2440999723611702,0
79962,2012-04-16,0.40508274841002534,0
79963,2012-04-16,0.3281409090238055,0
79964,2012-04-16,0.23481778167438302,0
79965,2012-04-16,0.2768168585007717,1
79966,2012-04-16,0.365722843168914,1
79967,2012-04-16,0.4356608545934592,1
79968,2012-04-16,0.3191655126019437,0
79969,2012-04-16,0.2369071035190184,0
79970,2012-04-16,0.3919408185744664,1
79971,2012-04-16,0.3123637735728306,0
79972,2012-04-16,0.38610560629018587,0
79973,2012-04-16,0.5763664343086977,0
79974,2012-04-16,0.6395106051515955,1
79975,2012-04-16,0.2665307179166937,0
79976,2012-04-16,0.32592501850026573,0
79977,2012-04-16,0.42103470001244464,1
79978,2012-04-16,0.1970995188192574,0
79979,2012-04-16,0.3469320293678041,1
79980,2012-04-16,0.3143472523891275,0
79981,2012-04-16,0.2913904268427423,1
79982,2012-04-16,0.36154094727125746,0
79983,2012-04-16,0.36081845934008405,0
79984,2012-04-16,0.28522050455664805,1
79985,2012-04-16,0.2261194748557766,0
79986,2012-04-16,0.3605893437647925,0
79987,2012-04-16,0.410003846534405,1
79988,2012-04-16,0.27982109461654886,1
79989,2012-04-16,0.31510784230392097,0
79990,2012-04-16,0.30033643423635353,1
79991,2012-04-16,0.2925511922644519,0
79992,2012-04-16,0.34547990182357907,0
79993,2012-04-16,0.3353076509797187,1
79994,2012-04-16,0.1924797204805195,0
79995,2012-04-16,0.3461955808077089,0
79996,2012-04-16,0.407698924793598,0
79997,2012-04-16,0.3053292720187756,0
79998,2012-04-16,0.23371696444174278,1
79999,2012-04-16,0.336677920934093,1
80000,2012-04-16,0.2293965280428563,1
80001,2012-04-16,0.20361347542414415,1
80002,2012-04-16,0.15376417928990177,0
80003,2012-04-16,0.33601369095487615,1
80004,2012-04-16,0.3674846265093075,0
80005,2012-04-16,0.21784874709549745,1
80006,2012-04-16,0.29802724708484774,0
80007,2012-04-16,0.2034389947233982,1
80008,2012-04-16,0.4182167867485883,1
80009,2012-04-16,0.22000097353511675,0
80010,2012-04-16,0.2761307928049296,1
80011,2012-04-16,0.47894255737462643,0
80012,2012-04-16,0.33800188136762166,1
80013,2012-04-16,0.299418374761722,1
80014,2012-04-16,0.21197309781237103,1
80015,2012-04-16,0.29117398754463164,0
80016,2012-04-16,0.4571133321948926,1
80017,2012-04-16,0.19685774373729042,0
80018,2012-04-16,0.19772834431646885,0
80019,2012-04-16,0.29283930873063674,0
80020,2012-04-16,0.45641679187000095,1
80021,2012-04-16,0.46174335544876227,1
80022,2012-04-16,0.24280410546752806,0
80023,2012-04-16,0.21913349764454923,0
80024,2012-04-16,0.27252072162922025,0
80025,2012-04-16,0.3029087551494589,0
80026,2012-04-16,0.32092636514824624,0
80027,2012-04-16,0.4223725972301588,1
80028,2012-04-16,0.3820398669814682,0
80029,2012-04-16,0.4356567545931051,1
80030,2012-04-16,0.3111154230326371,1
80031,2012-04-16,0.38993444034328806,0
80032,2012-04-16,0.15534460296785588,1
80033,2012-04-16,0.3097326353074862,0
80034,2012-04-16,0.4587168694461756,1
80035,2012-04-16,0.25657485436327254,0
80036,2012-04-16,0.26007995330186245,0
80037,2012-04-16,0.18201897776924622,1
80038,2012-04-16,0.22350029604848123,1
80039,2012-04-16,0.34091946150983604,0
80040,2012-04-16,0.3488563731362624,0
80041,2012-04-16,0.3859174176748749,0
80042,2012-04-16,0.30345659542605363,0
80043,2012-04-16,0.31380659481626716,0
80044,2012-04-16,0.3697700990093401,1
80045,2012-04-16,0.46694923509592934,1
80046,2012-04-16,0.3049443873190501,1
80047,2012-04-16,0.40226107827365765,0
80048,2012-04-16,0.33331809502105,0
80049,2012-04-16,0.14732579202292553,0
80050,2012-04-16,0.2735497174051034,0
80051,2012-04-16,0.22967210242812636,1
80052,2012-04-16,0.29375338895688424,0
80053,2012-04-16,0.26609654625915563,0
80054,2012-04-16,0.35385884540249535,0
80055,2012-04-16,0.324412088526575,0
80056,2012-04-16,0.3265068238051821,1
80057,2012-04-16,0.3774308106782511,1
80058,2012-04-16,0.42241952925778936,1
80059,2012-04-16,0.32263787804857363,0
80060,2012-04-16,0.4611579751564962,0
80061,2012-04-16,0.35597708409498524,1
80062,2012-04-16,0.24591828978627087,0
80063,2012-04-16,0.4456064272030881,0
80064,2012-04-16,0.425929210901977,1
80065,2012-04-16,0.18279801919478267,0
80066,2012-04-16,0.41489540957686405,0
80067,2012-04-16,0.3134311115632824,1
80068,2012-04-16,0.31578819425302695,1
80069,2012-04-16,0.31968300938329397,0
80070,2012-04-16,0.4251324859355803,0
80071,2012-04-16,0.29808439842822637,1
80072,2012-04-16,0.29962912895730026,0
80073,2012-04-16,0.2670480192142448,0
80074,2012-04-16,0.346005186094717,0
80075,2012-04-16,0.2825067387108368,0
80076,2012-04-16,0.1721669963355275,1
80077,2012-04-16,0.37990411043007355,1
80078,2012-04-16,0.2639684372038765,0
80079,2012-04-17,0.6350682868934115,0
80080,2012-04-17,0.32453459880619684,0
80081,2012-04-17,0.34681720139043387,1
80082,2012-04-17,0.35358564880173227,0
80083,2012-04-17,0.35177368549294546,1
80084,2012-04-17,0.40860533001122057,0
80085,2012-04-17,0.22288734460371265,0
80086,2012-04-17,0.35593614647504074,1
80087,2012-04-17,0.3874410468176766,0
80088,2012-04-17,0.22561564515126326,0
80089,2012-04-17,0.27991289503530564,0
80090,2012-04-17,0.30804838941585716,0
80091,2012-04-17,0.3572199427763933,1
80092,2012-04-17,0.3378453707645703,0
80093,2012-04-17,0.2209065718366208,0
80094,2012-04-17,0.32848715474287754,0
80095,2012-04-17,0.2166605438359018,0
80096,2012-04-17,0.4254265920669372,0
80097,2012-04-17,0.36539202030141243,1
80098,2012-04-17,0.33613877070943704,0
80099,2012-04-17,0.48751873685804176,1
80100,2012-04-17,0.2546528737713634,1
80101,2012-04-17,0.2829118841501512,1
80102,2012-04-17,0.2872253208204841,1
80103,2012-04-17,0.3082192403371798,0
80104,2012-04-17,0.3208356694390453,1
80105,2012-04-17,0.3124992235752234,0
80106,2012-04-17,0.18977945294050313,0
80107,2012-04-17,0.6066340473503088,0
80108,2012-04-17,0.29232334760822687,1
80109,2012-04-17,0.409123779126938,0
80110,2012-04-17,0.34892847976030505,0
80111,2012-04-17,0.29904042709716444,1
80112,2012-04-17,0.053817231833125645,0
80113,2012-04-17,0.21534432522330285,0
80114,2012-04-17,0.47814221865583106,0
80115,2012-04-17,0.2978989302128543,1
80116,2012-04-17,0.2771833019635091,0
80117,2012-04-17,0.3407454626347212,1
80118,2012-04-17,0.47320217341899357,0
80119,2012-04-17,0.49432025479873654,1
80120,2012-04-17,0.24638255288577388,1
80121,2012-04-17,0.2208197552251331,0
80122,2012-04-17,0.3036508403367747,1
80123,2012-04-17,0.22535962270799198,0
80124,2012-04-17,0.25201578758612164,1
80125,2012-04-17,0.23104181055321793,0
80126,2012-04-17,0.21272123963151837,0
80127,2012-04-17,0.26059241439832104,0
80128,2012-04-17,0.360952678266533,0
80129,2012-04-17,0.26313937350566824,0
80130,2012-04-17,0.5721841666115123,0
80131,2012-04-17,0.3321918206989075,0
80132,2012-04-17,0.2677609252298497,1
80133,2012-04-17,0.29174234741621496,0
80134,2012-04-17,0.24394656245238855,1
80135,2012-04-17,0.16176572271754688,1
80136,2012-04-17,0.37523722651148766,0
80137,2012-04-17,0.4076675722862588,1
80138,2012-04-17,0.3566621885641002,1
80139,2012-04-17,0.2335308241760624,0
80140,2012-04-17,0.31557069135879023,1
80141,2012-04-17,0.3587976813473656,0
80142,2012-04-17,0.315274829363303,0
80143,2012-04-17,0.30796656996885025,1
80144,2012-04-17,0.24816190911067304,0
80145,2012-04-17,0.22464852945878497,1
80146,2012-04-17,0.32063036647480586,1
80147,2012-04-17,0.4196672087952767,0
80148,2012-04-17,0.3594484034984477,0
80149,2012-04-17,0.31461844871761835,0
80150,2012-04-17,0.1703051147243134,0
80151,2012-04-17,0.4161596289737545,0
80152,2012-04-17,0.5226249034387805,0
80153,2012-04-17,0.24094786626157375,1
80154,2012-04-17,0.3943775032508157,0
80155,2012-04-17,0.348269671752251,0
80156,2012-04-17,0.2597404499177728,1
80157,2012-04-17,0.2841924480100072,1
80158,2012-04-17,0.2544118384738099,1
80159,2012-04-18,0.3330038185879938,0
80160,2012-04-18,0.3127014719687926,0
80161,2012-04-18,0.3190450079348657,0
80162,2012-04-18,0.3621643094573362,1
80163,2012-04-18,0.2416051186296424,0
80164,2012-04-18,0.2901777558470755,0
80165,2012-04-18,0.25509964822293196,0
80166,2012-04-18,0.2435968317394845,0
80167,2012-04-18,0.49154554387690386,0
80168,2012-04-18,0.30469474322328977,1
80169,2012-04-18,0.37931264265303777,1
80170,2012-04-18,0.3127855726394777,0
80171,2012-04-18,0.45186191222889655,0
80172,2012-04-18,0.3710129893552944,1
80173,2012-04-18,0.441076096640711,1
80174,2012-04-18,0.23213192234859478,0
80175,2012-04-18,0.3334867619157037,0
80176,2012-04-18,0.18479534893337438,1
80177,2012-04-18,0.3110068254540671,1
80178,2012-04-18,0.5713380319836061,0
80179,2012-04-18,0.36108587150220256,1
80180,2012-04-18,0.37592835066622493,0
80181,2012-04-18,0.3202121713485627,0
80182,2012-04-18,0.26985051927903486,1
80183,2012-04-18,0.3521805030407464,0
80184,2012-04-18,0.4276272670285143,0
80185,2012-04-18,0.320723578468796,0
80186,2012-04-18,0.2539347919374553,0
80187,2012-04-18,0.2833966922604296,0
80188,2012-04-18,0.3211866708732663,1
80189,2012-04-18,0.414184082702649,0
80190,2012-04-18,0.5038474293535492,1
80191,2012-04-18,0.26120930582388574,0
80192,2012-04-18,0.4131891447439696,1
80193,2012-04-18,0.41844450476970735,0
80194,2012-04-18,0.16813029557943013,0
80195,2012-04-18,0.20701600369069606,0
80196,2012-04-18,0.3337657728698643,0
80197,2012-04-18,0.2760618584979822,0
80198,2012-04-18,0.20245720296548594,0
80199,2012-04-18,0.4703756008157477,0
80200,2012-04-18,0.29726232480759684,0
80201,2012-04-18,0.7166491909665372,0
80202,2012-04-18,0.2759965943610549,0
80203,2012-04-18,0.402967431667268,1
80204,2012-04-18,0.2359777176257968,0
80205,2012-04-18,0.3155336569120052,0
80206,2012-04-18,0.33190334788167525,0
80207,2012-04-18,0.3102803710760841,0
80208,2012-04-18,0.37562053685369695,0
80209,2012-04-18,0.4586652751605927,1
80210,2012-04-18,0.3337710551971622,0
80211,2012-04-18,0.4173199781534881,1
80212,2012-04-18,0.517334480854434,0
80213,2012-04-18,0.3277694133665586,0
80214,2012-04-18,0.2598011705535432,0
80215,2012-04-18,0.3353572510419938,0
80216,2012-04-18,0.9961816258171452,1
80217,2012-04-18,0.2608553320488829,0
80218,2012-04-18,0.3242784881279571,1
80219,2012-04-18,0.8044291059793405,0
80220,2012-04-18,0.24915334343631046,0
80221,2012-04-18,0.34475965327705976,0
80222,2012-04-18,0.420745272212459,1
80223,2012-04-18,0.28657903966260845,0
80224,2012-04-18,0.4414910613331386,1
80225,2012-04-18,0.3738653263081637,0
80226,2012-04-18,0.44721264400075483,0
80227,2012-04-18,0.12238615168158816,0
80228,2012-04-18,0.2946291955773352,0
80229,2012-04-18,0.18805204645755882,0
80230,2012-04-18,0.35565962459473555,1
80231,2012-04-18,0.249761865373851,0
80232,2012-04-18,0.29450406361524883,0
80233,2012-04-18,0.2907984773235175,1
80234,2012-04-18,0.2904505203249798,1
80235,2012-04-18,0.42492095575294964,0
80236,2012-04-18,0.6359903832348959,0
80237,2012-04-18,0.30971677180850843,0
80238,2012-04-18,0.39254776328978186,0
80239,2012-04-18,0.4653959575678371,0
80240,2012-04-18,0.28503860194384495,0
80241,2012-04-18,0.2964582306211737,0
80242,2012-04-18,0.20469189105055233,0
80243,2012-04-18,0.8415934795902555,0
80244,2012-04-18,0.4191198069965611,1
80245,2012-04-18,0.4330207046136234,0
80246,2012-04-18,0.2906229272461348,0
80247,2012-04-18,0.6769269586266664,0
80248,2012-04-18,0.2915823386875893,0
80249,2012-04-18,0.4166446266019809,0
80250,2012-04-18,0.3162313010101859,0
80251,2012-04-18,0.512864653323938,0
80252,2012-04-18,0.5539944181447306,1
80253,2012-04-18,0.35932851382926345,1
80254,2012-04-18,0.38964156122617677,0
80255,2012-04-18,0.9938101251606397,0
80256,2012-04-18,0.24852695491409796,0
80257,2012-04-18,0.37142550986385836,1
80258,2012-04-18,0.43870288902112703,1
80259,2012-04-18,0.23401593766036197,0
80260,2012-04-18,0.26143689323658076,0
80261,2012-04-18,0.5084824190358874,1
80262,2012-04-18,0.2665485934146375,0
80263,2012-04-18,0.42143173645305615,0
80264,2012-04-18,0.17746995634647464,0
80265,2012-04-18,0.3495535804891618,0
80266,2012-04-18,0.2473857712124898,0
80267,2012-04-18,0.2945879081082465,1
80268,2012-04-18,0.17324896306304485,0
80269,2012-04-18,0.6185638516926016,0
80270,2012-04-18,0.3837317126940579,0
80271,2012-04-18,0.317229805292511,1
80272,2012-04-18,0.3294576060560584,0
80273,2012-04-18,0.3766505394016916,1
80274,2012-04-18,0.5196905734604282,0
80275,2012-04-18,0.480021548760993,0
80276,2012-04-18,0.538162269866695,1
80277,2012-04-18,0.5446800734766252,0
80278,2012-04-18,0.22247772532533658,0
80279,2012-04-18,0.37674380023130044,1
80280,2012-04-18,0.3467478967433591,0
80281,2012-04-18,0.23965735874644015,0
80282,2012-04-18,0.34629232744301053,0
80283,2012-04-18,0.27154631599264895,0
80284,2012-04-18,0.19199127347027267,0
80285,2012-04-18,0.4291696750820711,1
80286,2012-04-18,0.351111494815951,1
80287,2012-04-18,0.9703373582286904,0
80288,2012-04-18,0.3530403571531535,1
80289,2012-04-18,0.271521967384511,1
80290,2012-04-18,0.31418176155211464,1
80291,2012-04-18,0.30362782235745256,0
80292,2012-04-18,0.3220267033559923,0
80293,2012-04-18,0.29280012344319367,0
80294,2012-04-18,0.30024615703843444,0
80295,2012-04-18,0.33246747988293773,0
80296,2012-04-18,0.23963337747474558,1
80297,2012-04-18,0.40602843087620977,1
80298,2012-04-18,0.32411161294747903,1
80299,2012-04-18,0.2717694319023582,0
80300,2012-04-18,0.3844540137577064,0
80301,2012-04-18,0.23471583531993662,0
80302,2012-04-18,0.2511767525647226,0
80303,2012-04-18,0.2221441903371072,0
80304,2012-04-18,0.24195669562565356,1
80305,2012-04-18,0.25281108005979014,1
80306,2012-04-18,0.288198370006655,0
80307,2012-04-18,0.38815549091623414,0
80308,2012-04-18,0.6094228204165525,1
80309,2012-04-18,0.414816139743608,1
80310,2012-04-18,0.3193597494164492,0
80311,2012-04-18,0.34881474982817134,0
80312,2012-04-18,0.24897369185023802,0
80313,2012-04-18,0.29865893261180737,1
80314,2012-04-18,0.32575029911243303,0
80315,2012-04-18,0.803145449406281,0
80316,2012-04-18,0.46102293151563467,1
80317,2012-04-18,0.16970945987787364,0
80318,2012-04-18,0.3956609124534727,0
80319,2012-04-18,0.4304111049878855,1
80320,2012-04-18,0.4332264681786076,0
80321,2012-04-18,0.34476123664685865,1
80322,2012-04-18,0.6056077793165239,1
80323,2012-04-18,0.19419345148276693,0
80324,2012-04-18,0.23459509205407947,0
80325,2012-04-18,0.4162757215181754,1
80326,2012-04-18,0.35222767010285466,0
80327,2012-04-18,0.2575172454624829,0
80328,2012-04-18,0.23522220250592366,0
80329,2012-04-18,0.17955937146185846,0
80330,2012-04-18,0.3528654231682177,1
80331,2012-04-18,0.40977340062060813,1
80332,2012-04-18,0.24285228113581106,0
80333,2012-04-18,0.2993549662587638,0
80334,2012-04-18,0.33155942948226486,0
80335,2012-04-18,0.3785209620950978,1
80336,2012-04-18,0.3907894139280732,0
80337,2012-04-18,0.3578953615738849,0
80338,2012-04-18,0.24501299175567054,0
80339,2012-04-18,0.3600386937868951,0
80340,2012-04-18,0.3863580613947338,0
80341,2012-04-18,0.2893113208511549,0
80342,2012-04-18,0.28296025776686967,0
80343,2012-04-18,0.2888166440841642,1
80344,2012-04-18,0.49017455002802796,0
80345,2012-04-18,0.40857055052541186,0
80346,2012-04-18,0.2527315275985134,1
80347,2012-04-18,0.5389239944660907,0
80348,2012-04-18,0.2980317137277465,1
80349,2012-04-18,0.977029166881577,1
80350,2012-04-18,0.28548518464688993,0
80351,2012-04-18,0.34438280100710045,0
80352,2012-04-18,0.31648579656227926,0
80353,2012-04-18,0.36973510131227627,1
80354,2012-04-18,0.30572410122672433,1
80355,2012-04-18,0.490841028397808,1
80356,2012-04-18,0.2512959373702446,0
80357,2012-04-18,0.13935771663091864,1
80358,2012-04-18,0.42992717350521575,0
80359,2012-04-18,0.26353031435692176,0
80360,2012-04-18,0.22326019864832858,0
80361,2012-04-18,0.5060817960019449,1
80362,2012-04-18,0.30777436161391597,0
80363,2012-04-18,0.4387879279597874,0
80364,2012-04-19,0.3788823108618685,0
80365,2012-04-19,0.29979751071634636,0
80366,2012-04-19,0.7525235797723417,0
80367,2012-04-19,0.22009114547645525,0
80368,2012-04-19,0.26476773747969845,0
80369,2012-04-19,0.2962567907993307,1
80370,2012-04-19,0.3870082188585102,0
80371,2012-04-19,0.3173507595211239,0
80372,2012-04-19,0.38960535828364556,0
80373,2012-04-19,0.3309120622049773,0
80374,2012-04-19,0.8520091832799003,0
80375,2012-04-19,0.26831855110352076,0
80376,2012-04-19,0.3696858473439928,1
80377,2012-04-19,0.9997248887144865,0
80378,2012-04-19,0.40750083772974066,1
80379,2012-04-19,0.39346363687535774,0
80380,2012-04-19,0.24717056169110332,0
80381,2012-04-19,0.44061780389975114,1
80382,2012-04-19,0.1941823584807291,0
80383,2012-04-19,0.40034217828605406,1
80384,2012-04-19,0.3837903368301295,1
80385,2012-04-19,0.2813157877925259,1
80386,2012-04-19,0.21029959971801634,0
80387,2012-04-19,0.38563571725616275,0
80388,2012-04-19,0.3211569978362062,1
80389,2012-04-19,0.24548899294741994,0
80390,2012-04-19,0.2914224167963527,0
80391,2012-04-19,0.27714511599553615,0
80392,2012-04-19,0.2371975176678084,0
80393,2012-04-19,0.7635186902981849,0
80394,2012-04-19,0.2968567322680958,0
80395,2012-04-19,0.453181671866919,0
80396,2012-04-19,0.32632365055458146,0
80397,2012-04-19,0.45908166100430753,0
80398,2012-04-19,0.9052029948748627,0
80399,2012-04-19,0.4088827488427445,0
80400,2012-04-19,0.32484875716407,1
80401,2012-04-19,0.9996449393692212,1
80402,2012-04-19,0.35085801364654934,0
80403,2012-04-19,0.3171372008649881,1
80404,2012-04-19,0.26106956140333587,0
80405,2012-04-19,0.6106220416511768,0
80406,2012-04-19,0.23916336416326767,0
80407,2012-04-19,0.36052868539474386,0
80408,2012-04-19,0.21111496185829445,0
80409,2012-04-19,0.2751858384725672,0
80410,2012-04-19,0.21349359245980992,1
80411,2012-04-19,0.8927931592250463,0
80412,2012-04-19,0.347623036503687,0
80413,2012-04-19,0.28948261035043793,1
80414,2012-04-19,0.25732217765211396,1
80415,2012-04-19,0.8528605253277631,0
80416,2012-04-19,0.45023519006646373,0
80417,2012-04-19,0.38131363728739587,0
80418,2012-04-19,0.33883498893264524,1
80419,2012-04-19,0.5432712990787015,0
80420,2012-04-19,0.28648780114277356,0
80421,2012-04-19,0.27976775568283035,0
80422,2012-04-19,0.25720733114711924,0
80423,2012-04-19,0.28684035053713985,0
80424,2012-04-19,0.2683463512935291,0
80425,2012-04-19,0.3403361979584524,1
80426,2012-04-19,0.3054711226572116,1
80427,2012-04-19,0.2609932007559505,0
80428,2012-04-19,0.26746984505544713,0
80429,2012-04-19,0.25802455126197044,1
80430,2012-04-19,0.15922340598541862,0
80431,2012-04-19,0.32892499779509604,0
80432,2012-04-19,0.4028751066990225,0
80433,2012-04-19,0.37640526972761523,0
80434,2012-04-19,0.34409544674729026,1
80435,2012-04-19,0.2790735830471969,0
80436,2012-04-19,0.2950351970880247,0
80437,2012-04-19,0.2712259565081535,0
80438,2012-04-19,0.35372691794566036,0
80439,2012-04-19,0.3329717211547171,0
80440,2012-04-19,0.42239030014904083,0
80441,2012-04-19,0.1453264519306672,0
80442,2012-04-19,0.28909582272591683,1
80443,2012-04-19,0.4446795974472228,0
80444,2012-04-19,0.2203613843597326,1
80445,2012-04-19,0.37727893508425125,0
80446,2012-04-19,0.5891307445664418,0
80447,2012-04-19,0.2804218180349178,0
80448,2012-04-19,0.8670431928686995,0
80449,2012-04-19,0.33675159849940045,1
80450,2012-04-19,0.3711729925368653,1
80451,2012-04-19,0.41023774075526587,1
80452,2012-04-19,0.9019841717390035,0
80453,2012-04-19,0.3239517694304355,0
80454,2012-04-19,0.4571474493183865,1
80455,2012-04-19,0.2670757539812139,1
80456,2012-04-19,0.13195946711253348,0
80457,2012-04-19,0.46629012593407515,0
80458,2012-04-19,0.24520397407001526,0
80459,2012-04-19,0.40875335670998025,1
80460,2012-04-19,0.3088031217099611,0
80461,2012-04-19,0.10171901867924861,0
80462,2012-04-19,0.28692500352701555,1
80463,2012-04-19,0.3040183747086447,0
80464,2012-04-19,0.26739787405053483,1
80465,2012-04-19,0.49054897236153516,0
80466,2012-04-19,0.3557279994727618,0
80467,2012-04-19,0.3122793775840273,0
80468,2012-04-19,0.5380573787912745,0
80469,2012-04-19,0.23043575905680036,0
80470,2012-04-19,0.27294763597806493,0
80471,2012-04-19,0.21477774388323825,1
80472,2012-04-19,0.2640619208332939,0
80473,2012-04-19,0.759099853459089,1
80474,2012-04-19,0.20331778699650785,0
80475,2012-04-19,0.5930813715333744,0
80476,2012-04-19,0.26181033723825803,0
80477,2012-04-19,0.3951459858920108,0
80478,2012-04-19,0.36321963505681953,0
80479,2012-04-19,0.803423892375701,0
80480,2012-04-19,0.340034450963251,1
80481,2012-04-19,0.281127940804844,0
80482,2012-04-19,0.22878678594475962,1
80483,2012-04-19,0.7128779809545063,1
80484,2012-04-19,0.42490555335715713,0
80485,2012-04-19,0.3101201858640974,0
80486,2012-04-19,0.7010515729344377,0
80487,2012-04-19,0.18724908290869588,1
80488,2012-04-19,0.3061015180983001,0
80489,2012-04-19,0.25159396397333184,0
80490,2012-04-19,0.5652710606905558,0
80491,2012-04-19,0.2862512532542415,1
80492,2012-04-19,0.3258416842804978,1
80493,2012-04-19,0.2618280907404339,1
80494,2012-04-19,0.5350207308654735,0
80495,2012-04-19,0.589180080189683,0
80496,2012-04-19,0.4447648130488032,0
80497,2012-04-19,0.38106242305911037,1
80498,2012-04-20,0.35430776379711865,1
80499,2012-04-20,0.2098019442124822,0
80500,2012-04-20,0.33497865486753714,0
80501,2012-04-20,0.2902029089978599,1
80502,2012-04-20,0.43712463995103684,0
80503,2012-04-20,0.23982067904095636,1
80504,2012-04-20,0.28109538195660677,0
80505,2012-04-20,0.16943408250938463,1
80506,2012-04-20,0.22434823602115533,0
80507,2012-04-20,0.6515323308685791,1
80508,2012-04-20,0.4786229403486892,1
80509,2012-04-20,0.33043644322905247,0
80510,2012-04-20,0.48813906358368087,1
80511,2012-04-20,0.18557701724502187,0
80512,2012-04-20,0.43412507058089334,1
80513,2012-04-20,0.28169657217410277,1
80514,2012-04-20,0.25983453743421114,0
80515,2012-04-20,0.35817117279493976,0
80516,2012-04-20,0.43296120025618995,1
80517,2012-04-20,0.22136480219769492,0
80518,2012-04-20,0.3623400855075543,0
80519,2012-04-20,0.25937207138072804,0
80520,2012-04-20,0.30111995408887343,0
80521,2012-04-20,0.34805660480878586,0
80522,2012-04-20,0.3472381191523942,1
80523,2012-04-20,0.4947527597117808,1
80524,2012-04-20,0.33346975926044126,1
80525,2012-04-20,0.34169003375150053,0
80526,2012-04-20,0.3434348133092053,1
80527,2012-04-20,0.23447458205036942,0
80528,2012-04-20,0.15901626639585492,1
80529,2012-04-20,0.4691516286690993,1
80530,2012-04-20,0.22469102103711264,0
80531,2012-04-20,0.24341563041076217,1
80532,2012-04-20,0.35434352251774315,1
80533,2012-04-20,0.4479565243942763,1
80534,2012-04-20,0.24855087055138664,0
80535,2012-04-20,0.27052113833952923,1
80536,2012-04-20,0.33610055939939815,0
80537,2012-04-20,0.4540954807164015,1
80538,2012-04-20,0.4753074720177421,0
80539,2012-04-20,0.41574830557701065,1
80540,2012-04-20,0.5868630769556975,0
80541,2012-04-20,0.27759455518906495,0
80542,2012-04-20,0.29736676435007503,1
80543,2012-04-20,0.3842188063576079,0
80544,2012-04-20,0.4266414961079305,0
80545,2012-04-20,0.23191691883963642,0
80546,2012-04-20,0.2905877552474165,1
80547,2012-04-20,0.26800801734097734,0
80548,2012-04-20,0.3133797335824495,0
80549,2012-04-20,0.22794355187551799,1
80550,2012-04-20,0.2576758817389475,0
80551,2012-04-20,0.505421344290049,0
80552,2012-04-20,0.32563024681120245,0
80553,2012-04-20,0.19708295097552309,0
80554,2012-04-20,0.2938333637651737,1
80555,2012-04-20,0.6136424300426275,0
80556,2012-04-20,0.35100827019553266,0
80557,2012-04-20,0.1425393188768933,0
80558,2012-04-20,0.41174690325117735,0
80559,2012-04-20,0.16391156149506858,0
80560,2012-04-20,0.26039226084782274,0
80561,2012-04-20,0.3032631290755786,0
80562,2012-04-20,0.3723691600002947,0
80563,2012-04-20,0.46881466814039635,1
80564,2012-04-20,0.3395360101288188,1
80565,2012-04-20,0.2613964848347662,0
80566,2012-04-20,0.3051909613708931,0
80567,2012-04-20,0.27400859077748196,0
80568,2012-04-20,0.2823036043803634,0
80569,2012-04-20,0.23140326565904168,0
80570,2012-04-20,0.25490739466189566,0
80571,2012-04-20,0.2403215123345916,0
80572,2012-04-20,0.21140914070554456,0
80573,2012-04-20,0.2198636970709072,0
80574,2012-04-20,0.37351715712907524,1
80575,2012-04-20,0.244794625823481,1
80576,2012-04-20,0.33998147997239647,0
80577,2012-04-20,0.17250424782063778,1
80578,2012-04-20,0.27125904613395757,0
80579,2012-04-20,0.3245131309585558,0
80580,2012-04-20,0.46324108449689727,1
80581,2012-04-20,0.5856933209171241,0
80582,2012-04-20,0.4292651616373707,0
80583,2012-04-20,0.4088345885275606,0
80584,2012-04-20,0.3580506530549616,1
80585,2012-04-20,0.32127913636308975,0
80586,2012-04-20,0.6941895551477422,0
80587,2012-04-20,0.2947372839279932,0
80588,2012-04-20,0.34437468059654,1
80589,2012-04-20,0.39845160980162386,0
80590,2012-04-20,0.6355563825696317,1
80591,2012-04-20,0.4635510624337401,0
80592,2012-04-20,0.20298789962174107,1
80593,2012-04-20,0.31130250961359945,1
80594,2012-04-20,0.29012479108381745,0
80595,2012-04-20,0.2958274997325119,1
80596,2012-04-20,0.4328352681632984,0
80597,2012-04-20,0.9415511822464332,0
80598,2012-04-20,0.3131194530776004,0
80599,2012-04-20,0.7664599225483676,0
80600,2012-04-20,0.36375553977040714,1
80601,2012-04-20,0.2652063538050651,1
80602,2012-04-20,0.2623674502793334,0
80603,2012-04-20,0.16913124956116518,0
80604,2012-04-20,0.2399600999239928,1
80605,2012-04-20,0.9881525004413356,1
80606,2012-04-20,0.2863036735714353,0
80607,2012-04-20,0.36730386074707017,0
80608,2012-04-20,0.24796735356598185,0
80609,2012-04-20,0.3838960969210406,0
80610,2012-04-20,0.3338235802910012,0
80611,2012-04-20,0.37472865592051396,0
80612,2012-04-20,0.42716705823531237,1
80613,2012-04-20,0.4039679025316557,0
80614,2012-04-20,0.34592033866711136,1
80615,2012-04-20,0.6819444995134775,0
80616,2012-04-20,0.31525353540639534,0
80617,2012-04-20,0.20645280609721148,0
80618,2012-04-20,0.9194836760798673,0
80619,2012-04-20,0.38015594822374593,1
80620,2012-04-20,0.26997154347691144,0
80621,2012-04-20,0.30617889795617415,0
80622,2012-04-20,0.6504813153981466,0
80623,2012-04-20,0.2670908825615563,0
80624,2012-04-20,0.40415350992935883,0
80625,2012-04-20,0.30740349668968747,1
80626,2012-04-20,0.3218541773408373,0
80627,2012-04-20,0.31863688270210294,1
80628,2012-04-20,0.27551373858299594,1
80629,2012-04-20,0.9279528310339087,0
80630,2012-04-20,0.339792588104281,1
80631,2012-04-20,0.2977474245125298,1
80632,2012-04-20,0.37372544081845255,1
80633,2012-04-20,0.3882636389728063,1
80634,2012-04-20,0.360015064518754,0
80635,2012-04-20,0.2696156693844952,1
80636,2012-04-20,0.2877007225380006,1
80637,2012-04-20,0.3412613263360882,1
80638,2012-04-20,0.3222958013885538,1
80639,2012-04-20,0.2500221479891854,0
80640,2012-04-20,0.17982390314065141,0
80641,2012-04-20,0.33217274910621725,0
80642,2012-04-20,0.2763037936767433,0
80643,2012-04-20,0.5556343851192247,0
80644,2012-04-20,0.39031094158615687,0
80645,2012-04-20,0.4203556423526011,0
80646,2012-04-20,0.2138067357544192,0
80647,2012-04-20,0.4096880910234634,1
80648,2012-04-20,0.19074622258004623,0
80649,2012-04-20,0.2495697133826672,1
80650,2012-04-20,0.3487276049159981,0
80651,2012-04-20,0.26770112050212835,0
80652,2012-04-20,0.35759528441268557,0
80653,2012-04-20,0.38150933962018635,0
80654,2012-04-20,0.2569899077872481,1
80655,2012-04-20,0.37709291850384496,1
80656,2012-04-20,0.3366328369842377,0
80657,2012-04-20,0.30350654217883194,0
80658,2012-04-20,0.2868760531493687,0
80659,2012-04-20,0.20985092812939773,0
80660,2012-04-20,0.26808415794414586,0
80661,2012-04-20,0.30133818154233283,1
80662,2012-04-20,0.39850883370895834,1
80663,2012-04-20,0.2897224753963507,0
80664,2012-04-20,0.3659520519079143,0
80665,2012-04-20,0.11202637903952238,0
80666,2012-04-20,0.491887268908828,0
80667,2012-04-20,0.3451981688879148,0
80668,2012-04-20,0.4673859893493133,0
80669,2012-04-20,0.9419070066492691,0
80670,2012-04-20,0.310856330492378,0
80671,2012-04-20,0.30911806482955334,0
80672,2012-04-20,0.20454492464185878,0
80673,2012-04-20,0.2509892864155647,0
80674,2012-04-20,0.3819553349442857,0
80675,2012-04-20,0.2545339763156194,0
80676,2012-04-20,0.3041646773659459,0
80677,2012-04-20,0.37066159300023427,1
80678,2012-04-20,0.5180780505990779,0
80679,2012-04-20,0.2785601419094371,1
80680,2012-04-20,0.25308321632492475,0
80681,2012-04-20,0.33152353322162614,0
80682,2012-04-20,0.9127491998578395,0
80683,2012-04-20,0.3154551434624716,0
80684,2012-04-20,0.20040755857593887,0
80685,2012-04-20,0.32398535553731456,0
80686,2012-04-20,0.26446929013208526,0
80687,2012-04-20,0.34654577261411895,0
80688,2012-04-20,0.4953720556304381,0
80689,2012-04-20,0.3076161904572895,0
80690,2012-04-20,0.33997374707546285,0
80691,2012-04-20,0.2728938442025531,0
80692,2012-04-20,0.6090915706776766,0
80693,2012-04-20,0.5714785936798519,0
80694,2012-04-20,0.45587921201151443,0
80695,2012-04-20,0.3653547593367136,0
80696,2012-04-20,0.16131693284264753,0
80697,2012-04-20,0.3864870615538888,0
80698,2012-04-20,0.37128729606569794,1
80699,2012-04-20,0.5819273296588127,0
80700,2012-04-20,0.33981673832000725,1
80701,2012-04-20,0.2639496346790536,0
80702,2012-04-20,0.2513558331744769,0
80703,2012-04-20,0.3051333810127923,0
80704,2012-04-20,0.30174868653379033,0
80705,2012-04-20,0.22633555407123726,1
80706,2012-04-20,0.5468113166181096,0
80707,2012-04-20,0.14669171879159545,0
80708,2012-04-20,0.5218511636676965,0
80709,2012-04-20,0.2592988178966116,1
80710,2012-04-20,0.4618088838633886,0
80711,2012-04-20,0.32213728320834745,0
80712,2012-04-20,0.1654539661294036,0
80713,2012-04-20,0.7586753830889118,0
80714,2012-04-20,0.9700971004405137,0
80715,2012-04-20,0.5822278825909974,1
80716,2012-04-20,0.30314355725393455,0
80717,2012-04-20,0.24523509017513898,1
80718,2012-04-20,0.29440387772421717,0
80719,2012-04-20,0.33406175818979317,1
80720,2012-04-20,0.340531689543418,0
80721,2012-04-20,0.36726209772781343,0
80722,2012-04-20,0.41699362632800396,0
80723,2012-04-20,0.3541700434318708,0
80724,2012-04-21,0.34727227948659317,1
80725,2012-04-21,0.3346801981229403,1
80726,2012-04-21,0.5774221797116262,0
80727,2012-04-21,0.32163919712196093,0
80728,2012-04-21,0.4434379574595284,0
80729,2012-04-21,0.2987106844961126,0
80730,2012-04-21,0.37520818377461046,1
80731,2012-04-21,0.21181188774276696,0
80732,2012-04-21,0.21886608519041661,0
80733,2012-04-21,0.3032302706806476,0
80734,2012-04-21,0.3481291357967447,0
80735,2012-04-21,0.22675323396674998,0
80736,2012-04-21,0.27591231150832746,0
80737,2012-04-21,0.4046785790626696,0
80738,2012-04-21,0.36328689925306784,0
80739,2012-04-21,0.2539768767704449,0
80740,2012-04-21,0.5080600053442779,0
80741,2012-04-21,0.45845385745561507,1
80742,2012-04-21,0.4022366238824855,0
80743,2012-04-21,0.30485184183100006,1
80744,2012-04-21,0.24873650805652106,1
80745,2012-04-21,0.4286799878543266,0
80746,2012-04-21,0.34308167495937925,0
80747,2012-04-21,0.21289738235932648,0
80748,2012-04-21,0.5946193373120424,1
80749,2012-04-21,0.5165095112537855,0
80750,2012-04-21,0.2571164485925653,1
80751,2012-04-21,0.9491603197571962,0
80752,2012-04-21,0.37339522821694965,1
80753,2012-04-21,0.25400508951808803,0
80754,2012-04-21,0.27954123047480167,0
80755,2012-04-21,0.4777586400735018,0
80756,2012-04-21,0.30474643806527374,1
80757,2012-04-21,0.5298613989324024,0
80758,2012-04-21,0.4261283737777419,0
80759,2012-04-21,0.27505370267424994,0
80760,2012-04-21,0.5383897531613756,0
80761,2012-04-21,0.46660800650071516,0
80762,2012-04-21,0.4840079656663005,0
80763,2012-04-21,0.25373111005956667,0
80764,2012-04-21,0.35296323055842116,0
80765,2012-04-21,0.4295827114580409,1
80766,2012-04-21,0.4025375142944117,0
80767,2012-04-21,0.3130065658543535,1
80768,2012-04-21,0.23618440755496348,0
80769,2012-04-21,0.25889188876469504,1
80770,2012-04-21,0.6116741596550966,0
80771,2012-04-21,0.25480255776669747,0
80772,2012-04-21,0.16281787830589953,0
80773,2012-04-21,0.5029697980074062,0
80774,2012-04-21,0.33224994885376113,0
80775,2012-04-21,0.2496380850465281,1
80776,2012-04-21,0.31462276078529117,0
80777,2012-04-21,0.9304426826682541,0
80778,2012-04-21,0.4179181734116334,0
80779,2012-04-21,0.21861818422644327,0
80780,2012-04-21,0.2367165869119917,0
80781,2012-04-21,0.3564137853834356,1
80782,2012-04-21,0.2771855399036867,0
80783,2012-04-21,0.26757420392319087,0
80784,2012-04-21,0.46542412791010007,0
80785,2012-04-21,0.38098011186182484,1
80786,2012-04-21,0.3551954216446016,0
80787,2012-04-21,0.4278661132062009,0
80788,2012-04-21,0.43787072817671036,1
80789,2012-04-21,0.36975318602013235,0
80790,2012-04-21,0.4005868176929315,0
80791,2012-04-21,0.36145787217760134,1
80792,2012-04-21,0.4328002696745489,1
80793,2012-04-21,0.3248447422328886,0
80794,2012-04-21,0.2939507802967472,0
80795,2012-04-21,0.3134543447877792,1
80796,2012-04-21,0.2757863446909261,1
80797,2012-04-21,0.30151753525778596,0
80798,2012-04-21,0.2670650249900365,0
80799,2012-04-21,0.4704365393394854,1
80800,2012-04-21,0.38504439866364465,0
80801,2012-04-21,0.33211827074147715,1
80802,2012-04-21,0.5138437239048175,0
80803,2012-04-21,0.8753640254646259,0
80804,2012-04-21,0.30732233363953987,0
80805,2012-04-21,0.46954472262583097,0
80806,2012-04-21,0.26440072894100647,0
80807,2012-04-21,0.38314506576032326,1
80808,2012-04-21,0.32824551763996546,0
80809,2012-04-21,0.29642266180396865,1
80810,2012-04-21,0.41920947156881216,1
80811,2012-04-21,0.5262224278533303,0
80812,2012-04-21,0.4091463254378816,1
80813,2012-04-21,0.3004591904525028,1
80814,2012-04-21,0.32209190097025786,1
80815,2012-04-21,0.3342966496030789,0
80816,2012-04-21,0.4246300460231982,0
80817,2012-04-21,0.3696304298526578,0
80818,2012-04-21,0.21390602521989305,0
80819,2012-04-21,0.5776535232030704,0
80820,2012-04-21,0.31049122015602987,1
80821,2012-04-21,0.3552965598088698,0
80822,2012-04-21,0.29543788621936407,0
80823,2012-04-21,0.4746386847160281,0
80824,2012-04-21,0.3626800623122016,1
80825,2012-04-21,0.31522270543927466,0
80826,2012-04-21,0.4487222820351827,0
80827,2012-04-21,0.27967533438745834,0
80828,2012-04-21,0.22079953994802193,0
80829,2012-04-22,0.28860633298370997,0
80830,2012-04-22,0.3409766695761884,0
80831,2012-04-22,0.3576994659226395,0
80832,2012-04-22,0.3396054356585011,1
80833,2012-04-22,0.4587214503354391,0
80834,2012-04-22,0.22671348696833876,0
80835,2012-04-22,0.32853279048239625,1
80836,2012-04-22,0.3837332836054454,0
80837,2012-04-22,0.22911697773344183,0
80838,2012-04-22,0.29438557523172726,0
80839,2012-04-22,0.27442536853534105,0
80840,2012-04-22,0.3469961505190578,0
80841,2012-04-22,0.41939696934375703,0
80842,2012-04-22,0.4056174297176655,1
80843,2012-04-22,0.3981149656444603,0
80844,2012-04-22,0.3114045680301284,1
80845,2012-04-22,0.37217389452427074,1
80846,2012-04-22,0.21891762753787805,0
80847,2012-04-22,0.23637830084803502,0
80848,2012-04-22,0.49651167450007144,0
80849,2012-04-22,0.15956309035941965,0
80850,2012-04-22,0.1870205090007373,0
80851,2012-04-22,0.38436138721467905,0
80852,2012-04-22,0.5374931623462671,1
80853,2012-04-22,0.20419438409347979,1
80854,2012-04-22,0.431384075792078,0
80855,2012-04-22,0.3531767691331525,1
80856,2012-04-22,0.3437280441197843,0
80857,2012-04-22,0.31640084899655113,0
80858,2012-04-22,0.17958846460875197,0
80859,2012-04-22,0.3421696656732058,0
80860,2012-04-22,0.28724760770416763,0
80861,2012-04-22,0.3454134465445385,0
80862,2012-04-22,0.25909965293147985,0
80863,2012-04-22,0.5146135777335958,1
80864,2012-04-22,0.30026580512095646,0
80865,2012-04-22,0.1704630992093615,0
80866,2012-04-22,0.2309672433079068,1
80867,2012-04-22,0.313483556685946,1
80868,2012-04-22,0.3157209778166326,0
80869,2012-04-22,0.4012064800352787,0
80870,2012-04-22,0.2007573700915064,0
80871,2012-04-22,0.24252379357651344,1
80872,2012-04-22,0.3371590203428781,0
80873,2012-04-22,0.4620193825529637,0
80874,2012-04-22,0.29086410666584056,0
80875,2012-04-22,0.3782766036644022,0
80876,2012-04-22,0.8586181985007196,0
80877,2012-04-22,0.541725890901454,1
80878,2012-04-22,0.29652991101837417,1
80879,2012-04-22,0.24212040932149248,0
80880,2012-04-22,0.6168574203729701,1
80881,2012-04-22,0.3065011369864607,1
80882,2012-04-22,0.26764162631557475,0
80883,2012-04-22,0.34094437618457535,0
80884,2012-04-22,0.3685374728767629,1
80885,2012-04-22,0.27005920487605767,0
80886,2012-04-22,0.36497585356507534,0
80887,2012-04-22,0.30780744794096987,1
80888,2012-04-22,0.21306285141885808,0
80889,2012-04-22,0.40845455593763497,1
80890,2012-04-22,0.24462975890274757,1
80891,2012-04-22,0.18866517838945943,0
80892,2012-04-22,0.3613575042151227,1
80893,2012-04-22,0.4834512843659388,0
80894,2012-04-22,0.23151509371550774,0
80895,2012-04-22,0.37503103024582896,0
80896,2012-04-22,0.3003270773658506,1
80897,2012-04-22,0.2814255310007697,0
80898,2012-04-22,0.2159493411974109,0
80899,2012-04-22,0.9999404763982593,0
80900,2012-04-22,0.33354111174859163,0
80901,2012-04-22,0.3058664928098159,0
80902,2012-04-22,0.2700776469331368,0
80903,2012-04-22,0.2427667920472013,1
80904,2012-04-22,0.238726762337596,0
80905,2012-04-22,0.4900527156877678,0
80906,2012-04-22,0.26718453981352286,0
80907,2012-04-22,0.3163766968071344,0
80908,2012-04-22,0.4970787554315153,0
80909,2012-04-22,0.3202357028539576,0
80910,2012-04-22,0.30608199297009836,1
80911,2012-04-22,0.22288256112337831,0
80912,2012-04-22,0.26873242704728434,0
80913,2012-04-22,0.3189903446213089,1
80914,2012-04-22,0.36904518173159473,0
80915,2012-04-22,0.302755583916564,0
80916,2012-04-22,0.3298173091872519,0
80917,2012-04-22,0.3341384088260938,0
80918,2012-04-22,0.4498327333531478,0
80919,2012-04-22,0.5215410716615932,1
80920,2012-04-22,0.37456072138564533,1
80921,2012-04-22,0.2006211303614895,1
80922,2012-04-22,0.36895298542328686,0
80923,2012-04-22,0.3236943101759011,0
80924,2012-04-22,0.4794963142887345,1
80925,2012-04-22,0.43163621731832985,1
80926,2012-04-22,0.322195965476434,1
80927,2012-04-22,0.30186382174446735,1
80928,2012-04-22,0.3485087358374051,0
80929,2012-04-22,0.3721845880349992,0
80930,2012-04-22,0.3691659074591912,1
80931,2012-04-22,0.3076515323722722,1
80932,2012-04-22,0.42064863433569843,0
80933,2012-04-22,0.4784590569716978,0
80934,2012-04-22,0.3983014913266167,0
80935,2012-04-22,0.2862428263338368,0
80936,2012-04-22,0.37752786297890356,0
80937,2012-04-22,0.3389619877909435,0
80938,2012-04-22,0.44202163231175257,1
80939,2012-04-22,0.4092896936910857,0
80940,2012-04-22,0.5441902655779631,0
80941,2012-04-22,0.2134348227711832,0
80942,2012-04-22,0.3809613218713272,0
80943,2012-04-22,0.32684924487232236,1
80944,2012-04-22,0.2948774261237221,1
80945,2012-04-22,0.3241421288926018,1
80946,2012-04-22,0.34680149575720903,0
80947,2012-04-22,0.294993391166804,0
80948,2012-04-22,0.3848429171738318,0
80949,2012-04-22,0.3956612168742077,1
80950,2012-04-22,0.3034235524947096,0
80951,2012-04-22,0.41020376891328264,0
80952,2012-04-22,0.4464470127694859,0
80953,2012-04-22,0.3007916724485063,0
80954,2012-04-22,0.44302155129753484,1
80955,2012-04-22,0.32985593506773914,1
80956,2012-04-22,0.28894140132891044,0
80957,2012-04-22,0.3299324908988167,0
80958,2012-04-22,0.4452215517344798,0
80959,2012-04-22,0.0023664604991330265,1
80960,2012-04-22,0.4308966351346947,0
80961,2012-04-22,0.026955375526337786,0
80962,2012-04-22,0.38908295333559456,0
80963,2012-04-22,0.23590995250180255,0
80964,2012-04-22,0.3825262988502596,1
80965,2012-04-22,0.2503402199075096,0
80966,2012-04-22,0.4152569851432473,0
80967,2012-04-22,0.39567670694913465,0
80968,2012-04-22,0.2533233517153256,0
80969,2012-04-22,0.3323802024375577,1
80970,2012-04-22,0.25983683602504265,0
80971,2012-04-22,0.30187126416623006,0
80972,2012-04-22,0.2558620695620439,0
80973,2012-04-22,0.32198610090211266,0
80974,2012-04-22,0.30609877564573973,0
80975,2012-04-22,0.38835108495130916,1
80976,2012-04-22,0.2716305338259243,1
80977,2012-04-22,0.32274361114871697,0
80978,2012-04-22,0.2559759046450702,0
80979,2012-04-22,0.3381622947128294,0
80980,2012-04-22,0.3093449659215758,0
80981,2012-04-22,0.2442270813736823,1
80982,2012-04-22,0.36383081471423345,0
80983,2012-04-22,0.26407865390683194,0
80984,2012-04-22,0.8075104357679195,0
80985,2012-04-22,0.2697235945572711,0
80986,2012-04-22,0.37649462353511826,1
80987,2012-04-22,0.3180384370619531,0
80988,2012-04-22,0.3653900205368867,1
80989,2012-04-22,0.32324288670940415,1
80990,2012-04-22,0.3615488583370022,1
80991,2012-04-22,0.35316798831309987,0
80992,2012-04-22,0.4118826685866983,0
80993,2012-04-22,0.39545689670919687,1
80994,2012-04-22,0.3837352962085717,1
80995,2012-04-22,0.9345338287440215,0
80996,2012-04-22,0.2732336131934517,0
80997,2012-04-22,0.4458537461406846,0
80998,2012-04-22,0.3619225481984347,0
80999,2012-04-22,0.5256302632665137,1
81000,2012-04-22,0.25638491281767745,1
81001,2012-04-22,0.2678022191451509,1
81002,2012-04-22,0.3016570891665331,0
81003,2012-04-22,0.20525891359039047,1
81004,2012-04-22,0.3403966511078476,0
81005,2012-04-22,0.27521953766564233,0
81006,2012-04-22,0.30456178691902736,0
81007,2012-04-22,0.4182624951862006,1
81008,2012-04-22,0.3557997972771847,1
81009,2012-04-22,0.30337357922252817,0
81010,2012-04-22,0.4561663863750959,1
81011,2012-04-22,0.21331052336245926,1
81012,2012-04-22,0.40108075488719624,1
81013,2012-04-22,0.3492000664615728,0
81014,2012-04-22,0.317217672492721,0
81015,2012-04-22,0.26749654579844157,1
81016,2012-04-22,0.3076323865851154,1
81017,2012-04-22,0.2646869318513737,0
81018,2012-04-22,0.33476058317751306,1
81019,2012-04-22,0.20540172501767734,0
81020,2012-04-22,0.2928582004124782,0
81021,2012-04-22,0.4784892273678701,0
81022,2012-04-22,0.3222782938039178,1
81023,2012-04-22,0.1819423468533848,0
81024,2012-04-22,0.3160952196675087,0
81025,2012-04-22,0.4621198701887763,0
81026,2012-04-22,0.277657822596599,1
81027,2012-04-22,0.3810061655347353,0
81028,2012-04-22,0.1957005189422339,0
81029,2012-04-22,0.3565540912641625,0
81030,2012-04-22,0.3445884894864564,0
81031,2012-04-22,0.3132373169993605,1
81032,2012-04-22,0.44551401170254085,0
81033,2012-04-22,0.31894967807994007,0
81034,2012-04-22,0.3390689749501191,1
81035,2012-04-22,0.35149777889579986,0
81036,2012-04-22,0.30510267457876417,0
81037,2012-04-22,0.39886489078993825,1
81038,2012-04-22,0.3276441045863184,1
81039,2012-04-22,0.365168973416962,0
81040,2012-04-22,0.3506284680964842,0
81041,2012-04-22,0.20342859106284575,0
81042,2012-04-22,0.4229064456739565,0
81043,2012-04-22,0.21418256666503774,1
81044,2012-04-22,0.47417542726777684,1
81045,2012-04-22,0.4511497940919764,1
81046,2012-04-22,0.40820137499473913,1
81047,2012-04-22,0.6264112726988297,0
81048,2012-04-22,0.31842204936472146,0
81049,2012-04-22,0.24690951841229647,0
81050,2012-04-22,0.26353920996454455,0
81051,2012-04-22,0.7254162749170985,0
81052,2012-04-22,0.1794397096976701,0
81053,2012-04-22,0.25022843775605735,0
81054,2012-04-22,0.2376349782746232,0
81055,2012-04-22,0.6181289952432928,0
81056,2012-04-22,0.024656950083825693,0
81057,2012-04-22,0.5140738153346794,0
81058,2012-04-22,0.23175160323015442,0
81059,2012-04-22,0.4758833675137192,0
81060,2012-04-22,0.3862407386659606,1
81061,2012-04-22,0.2603183776441947,1
81062,2012-04-22,0.26497100251995626,0
81063,2012-04-22,0.4689760981512427,0
81064,2012-04-22,0.25750593218964646,0
81065,2012-04-22,0.39442748333785627,0
81066,2012-04-22,0.21370191779747494,0
81067,2012-04-22,0.33524711854534084,1
81068,2012-04-22,0.25886906333402854,0
81069,2012-04-22,0.44448264247632074,1
81070,2012-04-22,0.4583258924434277,0
81071,2012-04-22,0.34256281078879947,0
81072,2012-04-22,0.22125958661899267,0
81073,2012-04-22,0.4155101479548898,0
81074,2012-04-22,0.31849436077023474,0
81075,2012-04-22,0.43097243066798613,0
81076,2012-04-22,0.32145681770159773,0
81077,2012-04-22,0.4851347705306776,1
81078,2012-04-22,0.26517164434018997,0
81079,2012-04-22,0.3408866103271314,0
81080,2012-04-22,0.2444243439335842,0
81081,2012-04-22,0.17936155375768553,0
81082,2012-04-22,0.22985843141485518,1
81083,2012-04-22,0.2493946004600752,0
81084,2012-04-22,0.40324509892718297,0
81085,2012-04-22,0.2520459158047551,0
81086,2012-04-22,0.3869713357237293,0
81087,2012-04-22,0.2681994851274366,0
81088,2012-04-22,0.2831496847611043,0
81089,2012-04-22,0.263217784530352,1
81090,2012-04-22,0.32124412300050864,0
81091,2012-04-22,0.3948437417244249,1
81092,2012-04-22,0.34309340901770313,0
81093,2012-04-22,0.27657529929942093,0
81094,2012-04-22,0.31168163127019727,0
81095,2012-04-22,0.33618241165849155,0
81096,2012-04-22,0.3781754317237714,0
81097,2012-04-22,0.32349896940350353,0
81098,2012-04-22,0.31174173652308473,0
81099,2012-04-22,0.3124465145663448,0
81100,2012-04-22,0.4293362468373852,1
81101,2012-04-22,0.3983801831937215,1
81102,2012-04-22,0.2588888167497764,0
81103,2012-04-22,0.3053623021069118,0
81104,2012-04-22,0.4095771939654966,1
81105,2012-04-22,0.30127788620909896,0
81106,2012-04-22,0.36206108482898014,0
81107,2012-04-22,0.2588029164763455,0
81108,2012-04-22,0.40288344196244447,0
81109,2012-04-22,0.48032072548813054,1
81110,2012-04-22,0.3180283609962844,1
81111,2012-04-22,0.3383272310713481,0
81112,2012-04-22,0.33727726409815695,1
81113,2012-04-22,0.1753308702617844,0
81114,2012-04-22,0.29011242196271037,1
81115,2012-04-22,0.32156935637156925,0
81116,2012-04-22,0.3435849701710148,0
81117,2012-04-22,0.36185536938775836,0
81118,2012-04-22,0.29086623512930593,0
81119,2012-04-22,0.3073626609125493,0
81120,2012-04-22,0.2530618585485364,0
81121,2012-04-22,0.7903781170848102,1
81122,2012-04-22,0.32297237375389126,0
81123,2012-04-22,0.2247998296414027,1
81124,2012-04-22,0.33557043894559185,0
81125,2012-04-22,0.5556816897469582,0
81126,2012-04-22,0.26803093884182416,0
81127,2012-04-22,0.3765593640187741,0
81128,2012-04-22,0.5380137379695489,1
81129,2012-04-22,0.4359926600027927,0
81130,2012-04-22,0.45485704058759396,1
81131,2012-04-22,0.3658513583815836,0
81132,2012-04-22,0.4252617282421266,0
81133,2012-04-22,0.5182091066094364,0
81134,2012-04-22,0.566911871406817,0
81135,2012-04-22,0.46984914392231697,1
81136,2012-04-22,0.7642664631477202,1
81137,2012-04-22,0.24319873211145407,0
81138,2012-04-22,0.4834955841013088,0
81139,2012-04-22,0.286611422040134,1
81140,2012-04-22,0.4121576703756584,0
81141,2012-04-22,0.3077178581631914,0
81142,2012-04-22,0.31480395107190295,0
81143,2012-04-22,0.3164884724604372,0
81144,2012-04-22,0.3179330674231951,0
81145,2012-04-22,0.26411564535721443,1
81146,2012-04-22,0.403229039700807,0
81147,2012-04-22,0.44398172464178876,1
81148,2012-04-22,0.14791670525653272,1
81149,2012-04-22,0.36069493835447186,1
81150,2012-04-22,0.44968859567098635,0
81151,2012-04-22,0.3223282055613039,0
81152,2012-04-22,0.29817785222021337,1
81153,2012-04-22,0.42900351791173175,0
81154,2012-04-23,0.2622504952073096,1
81155,2012-04-23,0.2626808624178581,1
81156,2012-04-23,0.2702150639808749,0
81157,2012-04-23,0.29927241767602497,1
81158,2012-04-23,0.36862638211345816,1
81159,2012-04-23,0.31494231167402786,1
81160,2012-04-23,0.2839232810782396,0
81161,2012-04-23,0.26190267154972735,0
81162,2012-04-23,0.344088558158068,0
81163,2012-04-23,0.319301889427644,0
81164,2012-04-23,0.3701719103181638,0
81165,2012-04-23,0.3033595921249694,0
81166,2012-04-23,0.31438945113089045,0
81167,2012-04-23,0.3409136656421916,0
81168,2012-04-23,0.3707589234537937,0
81169,2012-04-23,0.33189217618601513,1
81170,2012-04-23,0.26784489872982603,1
81171,2012-04-23,0.2530424883728378,0
81172,2012-04-23,0.24467072614042176,0
81173,2012-04-23,0.19452198970846743,1
81174,2012-04-23,0.1735812545540531,0
81175,2012-04-23,0.2185219617898424,1
81176,2012-04-23,0.3176857479949437,0
81177,2012-04-23,0.505557342166854,1
81178,2012-04-23,0.47273450603043915,1
81179,2012-04-23,0.2329843632954655,0
81180,2012-04-23,0.269463250822027,1
81181,2012-04-23,0.2813668731049192,0
81182,2012-04-23,0.3343595127688616,0
81183,2012-04-23,0.2465692883453014,0
81184,2012-04-23,0.2524813834827117,0
81185,2012-04-23,0.2817265736266506,0
81186,2012-04-23,0.3684005070151717,0
81187,2012-04-23,0.36884550189423304,0
81188,2012-04-23,0.2507633558056017,1
81189,2012-04-23,0.2847996283176538,1
81190,2012-04-23,0.3256333694143351,0
81191,2012-04-23,0.31403967426868623,1
81192,2012-04-23,0.3485953750634073,1
81193,2012-04-23,0.28649478526441563,0
81194,2012-04-23,0.2434634997280271,0
81195,2012-04-23,0.2497462766910798,0
81196,2012-04-23,0.28296130791388147,0
81197,2012-04-23,0.2879526457514408,0
81198,2012-04-23,0.3527054930628229,0
81199,2012-04-23,0.32535060676276006,0
81200,2012-04-23,0.2299877406975837,1
81201,2012-04-23,0.4717448244165099,1
81202,2012-04-23,0.36407298679064115,0
81203,2012-04-23,0.21127154712739485,0
81204,2012-04-23,0.2786505365205655,1
81205,2012-04-23,0.28960323267293636,1
81206,2012-04-23,0.28394020787186414,1
81207,2012-04-23,0.21383737342088166,0
81208,2012-04-23,0.26627645618135365,0
81209,2012-04-23,0.39970967750723824,1
81210,2012-04-23,0.37428027946272674,1
81211,2012-04-23,0.2056826096688125,0
81212,2012-04-23,0.3881466762058551,1
81213,2012-04-23,0.23437808775361293,0
81214,2012-04-23,0.3817318526572848,1
81215,2012-04-23,0.28582397590830455,1
81216,2012-04-23,0.25112151163604585,0
81217,2012-04-23,0.31610633993017967,0
81218,2012-04-23,0.7823446364670839,0
81219,2012-04-23,0.20655945916862353,0
81220,2012-04-23,0.31673267002273875,0
81221,2012-04-23,0.2119002781272784,1
81222,2012-04-23,0.30826718532923963,0
81223,2012-04-23,0.36218341732381504,0
81224,2012-04-23,0.24854874913293207,0
81225,2012-04-23,0.35760749926886887,0
81226,2012-04-23,0.26403704690163904,0
81227,2012-04-23,0.3415594487614826,0
81228,2012-04-23,0.2711237975413885,0
81229,2012-04-23,0.4395595840374043,0
81230,2012-04-23,0.40452815390840197,0
81231,2012-04-23,0.23907681495038607,1
81232,2012-04-23,0.38473972619920205,0
81233,2012-04-23,0.464089377924382,1
81234,2012-04-23,0.39626825633422086,0
81235,2012-04-23,0.3601861451982403,0
81236,2012-04-23,0.43941362947195617,1
81237,2012-04-23,0.38666306577388865,1
81238,2012-04-23,0.3162423307735795,0
81239,2012-04-23,0.3376469925744391,0
81240,2012-04-23,0.1660888110603284,0
81241,2012-04-23,0.24986046409476295,0
81242,2012-04-23,0.3810420924158317,0
81243,2012-04-23,0.30469146924961704,0
81244,2012-04-23,0.2824878025710747,1
81245,2012-04-23,0.24416677155860775,0
81246,2012-04-23,0.3390609485991595,1
81247,2012-04-23,0.24460123755097013,0
81248,2012-04-23,0.2982833044146013,0
81249,2012-04-23,0.21254941521920495,1
81250,2012-04-23,0.39928677259337053,0
81251,2012-04-23,0.2535064172524035,0
81252,2012-04-23,0.3721894128496428,0
81253,2012-04-23,0.20327306995001887,0
81254,2012-04-23,0.3882409922928282,1
81255,2012-04-23,0.21591349192003187,0
81256,2012-04-23,0.4417933048509117,0
81257,2012-04-23,0.36445475965767815,0
81258,2012-04-23,0.2599334742359951,1
81259,2012-04-23,0.28152247570795513,1
81260,2012-04-23,0.24119967874404455,0
81261,2012-04-23,0.33549968842041533,0
81262,2012-04-23,0.2065736776676367,0
81263,2012-04-23,0.26616262349820313,0
81264,2012-04-23,0.4784558380694758,0
81265,2012-04-23,0.35631826465502553,0
81266,2012-04-23,0.2815247191897798,1
81267,2012-04-23,0.3722679614309025,0
81268,2012-04-23,0.46251607801867606,1
81269,2012-04-23,0.18804277867708438,0
81270,2012-04-23,0.32090137791024537,0
81271,2012-04-23,0.3292977914818378,1
81272,2012-04-23,0.3801935027063101,0
81273,2012-04-23,0.24047964023989035,0
81274,2012-04-23,0.34619586009147735,1
81275,2012-04-23,0.42396013098298646,0
81276,2012-04-23,0.42664569534194674,0
81277,2012-04-23,0.26127156483018904,0
81278,2012-04-23,0.34096731474616354,0
81279,2012-04-23,0.2864323517846049,1
81280,2012-04-23,0.27668163641717913,0
81281,2012-04-23,0.4666656805758939,0
81282,2012-04-23,0.3114384440797338,0
81283,2012-04-23,0.41481749661274503,1
81284,2012-04-23,0.3826938752996974,0
81285,2012-04-23,0.2615208376568927,0
81286,2012-04-23,0.25008686558747284,0
81287,2012-04-23,0.3208687148297934,1
81288,2012-04-23,0.288197242951406,0
81289,2012-04-23,0.2852692555934045,0
81290,2012-04-23,0.27145422164256056,1
81291,2012-04-23,0.27012710877774676,0
81292,2012-04-23,0.4328076301001646,0
81293,2012-04-23,0.2985054454383271,0
81294,2012-04-23,0.4873183792649689,0
81295,2012-04-23,0.25783889419239886,0
81296,2012-04-23,0.6220305602606192,0
81297,2012-04-23,0.2716251029034329,0
81298,2012-04-23,0.3556639597253427,0
81299,2012-04-23,0.26288135694619447,1
81300,2012-04-23,0.28032060996476754,1
81301,2012-04-23,0.2995196713779093,1
81302,2012-04-23,0.2745516620571835,1
81303,2012-04-23,0.2034375045170604,0
81304,2012-04-23,0.02619241257789023,0
81305,2012-04-23,0.2514330624710577,0
81306,2012-04-23,0.38532372659860953,1
81307,2012-04-23,0.2492289000912032,0
81308,2012-04-23,0.35793394259101163,1
81309,2012-04-23,0.46216323939868126,0
81310,2012-04-23,0.1906885388260884,0
81311,2012-04-23,0.5012432367455082,0
81312,2012-04-23,0.3889790732652271,1
81313,2012-04-23,0.25912670087144996,1
81314,2012-04-23,0.3363367853415742,1
81315,2012-04-23,0.36947878825307484,0
81316,2012-04-23,0.19700093716837977,0
81317,2012-04-23,0.42083645354450644,0
81318,2012-04-23,0.17867645065495147,0
81319,2012-04-23,0.37425862169999746,1
81320,2012-04-23,0.33927446774101405,0
81321,2012-04-23,0.27961017693517515,1
81322,2012-04-23,0.22731110862342674,0
81323,2012-04-23,0.237354020635465,0
81324,2012-04-23,0.35957926626050496,0
81325,2012-04-23,0.2705885485556532,0
81326,2012-04-23,0.3764015157035183,1
81327,2012-04-23,0.296795330066212,0
81328,2012-04-23,0.237164029562352,1
81329,2012-04-23,0.5885671344656351,1
81330,2012-04-23,0.33707543591449146,0
81331,2012-04-23,0.35820490185382137,1
81332,2012-04-23,0.3128333094755314,1
81333,2012-04-23,0.3243295781915586,1
81334,2012-04-23,0.29737290399935273,0
81335,2012-04-23,0.24846563421862797,0
81336,2012-04-23,0.3328747288750165,1
81337,2012-04-23,0.19404577009980606,0
81338,2012-04-23,0.16403081656081073,0
81339,2012-04-23,0.2604558582499365,0
81340,2012-04-23,0.21496581212065471,0
81341,2012-04-23,0.17042764950248798,0
81342,2012-04-23,0.37149964007205977,0
81343,2012-04-23,0.35813326996253186,0
81344,2012-04-23,0.29252210757984654,1
81345,2012-04-23,0.22812778396073805,1
81346,2012-04-23,0.23470311075288353,1
81347,2012-04-23,0.24057865326591618,0
81348,2012-04-23,0.28902976501215927,1
81349,2012-04-23,0.3047358080810935,1
81350,2012-04-23,0.1929387703646859,0
81351,2012-04-23,0.2595646484871814,0
81352,2012-04-23,0.21755259356480716,0
81353,2012-04-23,0.3378254897248533,1
81354,2012-04-23,0.33026877267505944,0
81355,2012-04-23,0.19698914046790494,0
81356,2012-04-23,0.3679639378586719,0
81357,2012-04-23,0.34223990441236435,0
81358,2012-04-23,0.4008729410011784,1
81359,2012-04-23,0.2831265198851168,0
81360,2012-04-23,0.3434562529603983,0
81361,2012-04-23,0.42483574701065036,1
81362,2012-04-23,0.3642246558081709,1
81363,2012-04-23,0.13297013570796448,0
81364,2012-04-23,0.32198787206977353,0
81365,2012-04-23,0.4341005318868707,0
81366,2012-04-23,0.22627100777266895,0
81367,2012-04-23,0.4695293639250613,0
81368,2012-04-23,0.26267319228089253,0
81369,2012-04-23,0.21696049015850838,0
81370,2012-04-23,0.259294475291689,0
81371,2012-04-23,0.17398145762800046,0
81372,2012-04-23,0.5529389293415558,1
81373,2012-04-23,0.3537671743287824,0
81374,2012-04-23,0.29818556034289834,0
81375,2012-04-23,0.3167327348879759,1
81376,2012-04-23,0.3544720385658837,1
81377,2012-04-23,0.2511606143660635,0
81378,2012-04-23,0.43789567484274644,1
81379,2012-04-23,0.36317909256790604,0
81380,2012-04-23,0.427535304433055,0
81381,2012-04-23,0.20583282155369473,0
81382,2012-04-23,0.23120082610114534,1
81383,2012-04-23,0.26368309353302866,1
81384,2012-04-23,0.20183028380933987,0
81385,2012-04-23,0.27000631276381337,0
81386,2012-04-23,0.4253998991383617,0
81387,2012-04-23,0.30155057716531736,1
81388,2012-04-23,0.2106682741129763,0
81389,2012-04-23,0.27049959850695854,0
81390,2012-04-23,0.2709872497245981,1
81391,2012-04-23,0.19900568018500173,0
81392,2012-04-23,0.35384458004332386,1
81393,2012-04-23,0.23263310191598804,1
81394,2012-04-23,0.16330916689809194,0
81395,2012-04-23,0.3173321017908635,0
81396,2012-04-23,0.2487726990432652,0
81397,2012-04-23,0.3243534494591621,1
81398,2012-04-23,0.26103798190794747,1
81399,2012-04-23,0.23659313299651696,0
81400,2012-04-23,0.2059239251232107,0
81401,2012-04-23,0.3566693291770513,0
81402,2012-04-23,0.20611164930373743,0
81403,2012-04-23,0.40546482773351056,0
81404,2012-04-23,0.33124286834031613,0
81405,2012-04-23,0.31326146796402426,1
81406,2012-04-23,0.24306954829979788,1
81407,2012-04-23,0.22326949024208756,0
81408,2012-04-23,0.26030330687198155,1
81409,2012-04-23,0.23473099665233257,0
81410,2012-04-23,0.24794397198066906,1
81411,2012-04-23,0.3366688513830598,0
81412,2012-04-23,0.3351041791575284,0
81413,2012-04-23,0.2675332527381644,1
81414,2012-04-23,0.3536893711350145,0
81415,2012-04-23,0.3458165882145366,0
81416,2012-04-23,0.38086858916876487,1
81417,2012-04-23,0.2215899604888485,1
81418,2012-04-23,0.27450502402383703,0
81419,2012-04-23,0.3895083387436435,1
81420,2012-04-23,0.323389904552129,1
81421,2012-04-23,0.4362167909318421,0
81422,2012-04-23,0.41243969253730295,1
81423,2012-04-23,0.22384967813225912,0
81424,2012-04-23,0.3843781871001961,1
81425,2012-04-23,0.42224830243941114,0
81426,2012-04-24,0.16892839147662153,0
81427,2012-04-24,0.36136507779159394,1
81428,2012-04-24,0.3097516968973981,0
81429,2012-04-24,0.9998067492672678,0
81430,2012-04-24,0.26956495437368166,1
81431,2012-04-24,0.3324332796201798,0
81432,2012-04-24,0.35443676736606816,1
81433,2012-04-24,0.841958618208149,0
81434,2012-04-24,0.5871802428297112,0
81435,2012-04-24,0.45969485519540754,1
81436,2012-04-24,0.5063108074417392,1
81437,2012-04-24,0.24364555053289044,0
81438,2012-04-24,0.32373414819220003,0
81439,2012-04-24,0.34837026899150814,0
81440,2012-04-24,0.9556854379109669,0
81441,2012-04-24,0.3748879020963731,1
81442,2012-04-24,0.29376706997790963,1
81443,2012-04-24,0.19833803238815148,0
81444,2012-04-24,0.5054501828828039,1
81445,2012-04-24,0.34124864198705135,0
81446,2012-04-24,0.3279490453558382,0
81447,2012-04-24,0.30247522748596384,0
81448,2012-04-24,0.3174994362183856,0
81449,2012-04-24,0.20379226199522216,0
81450,2012-04-24,0.2795582986797342,0
81451,2012-04-24,0.2665431973297367,0
81452,2012-04-24,0.2934244450600996,0
81453,2012-04-24,0.4036778226898368,0
81454,2012-04-24,0.3417923393544601,1
81455,2012-04-24,0.3619236741236078,1
81456,2012-04-24,0.6979768176616268,0
81457,2012-04-24,0.9704596876641396,0
81458,2012-04-24,0.4111952973955138,0
81459,2012-04-24,0.2840007024541489,0
81460,2012-04-24,0.27244490569109714,1
81461,2012-04-24,0.2564323352168304,0
81462,2012-04-24,0.4715126660946144,1
81463,2012-04-24,0.21956088625035,0
81464,2012-04-24,0.28322936144939176,0
81465,2012-04-24,0.3248166749767866,0
81466,2012-04-24,0.29097654168210824,0
81467,2012-04-24,0.2568219773498629,1
81468,2012-04-24,0.5357510306458751,0
81469,2012-04-24,0.4797203383091061,0
81470,2012-04-24,0.4606266207151692,0
81471,2012-04-24,0.430092483827425,0
81472,2012-04-24,0.28294116148826104,0
81473,2012-04-24,0.3269299826238054,0
81474,2012-04-24,0.4337498597624966,0
81475,2012-04-24,0.22231602348713278,1
81476,2012-04-24,0.2725083570086372,0
81477,2012-04-24,0.2878825819230225,0
81478,2012-04-24,0.29170145371622375,0
81479,2012-04-24,0.31853193913280964,0
81480,2012-04-24,0.29432841960562933,0
81481,2012-04-24,0.40964741584098974,0
81482,2012-04-24,0.9906654037843882,0
81483,2012-04-24,0.2697004149755061,1
81484,2012-04-24,0.3853451877327888,0
81485,2012-04-24,0.4036403460658613,0
81486,2012-04-24,0.35402311630854943,1
81487,2012-04-24,0.23317587779106239,0
81488,2012-04-24,0.3082632861026792,1
81489,2012-04-24,0.439494441384885,0
81490,2012-04-24,0.6755085627249128,0
81491,2012-04-24,0.23687174813483436,1
81492,2012-04-24,0.7675673021939288,0
81493,2012-04-24,0.21290108950552739,0
81494,2012-04-24,0.215625117799874,0
81495,2012-04-24,0.26674340802795915,0
81496,2012-04-24,0.24193706780296836,1
81497,2012-04-24,0.30588535649667936,1
81498,2012-04-24,0.48135363896187316,0
81499,2012-04-24,0.9968462056344939,0
81500,2012-04-24,0.8323675962032165,0
81501,2012-04-24,0.35030365546507014,1
81502,2012-04-24,0.26738769029919157,0
81503,2012-04-24,0.33142773889196125,0
81504,2012-04-24,0.41900775308274407,1
81505,2012-04-24,0.7756155972039693,1
81506,2012-04-24,0.45633336067010766,1
81507,2012-04-24,0.8876323959418232,0
81508,2012-04-24,0.7725749296915762,0
81509,2012-04-24,0.3403235230246053,0
81510,2012-04-24,0.2564787746230053,0
81511,2012-04-24,0.3162144587694657,1
81512,2012-04-24,0.6865485474164088,0
81513,2012-04-24,0.4004078918450002,0
81514,2012-04-24,0.43987458105294547,0
81515,2012-04-24,0.2440966011272418,0
81516,2012-04-24,0.32823357321346647,0
81517,2012-04-24,0.4208397858764321,0
81518,2012-04-24,0.2689898013074677,1
81519,2012-04-24,0.449166435482282,1
81520,2012-04-24,0.23129892233781216,1
81521,2012-04-24,0.20395489492007696,0
81522,2012-04-24,0.2705236672637933,0
81523,2012-04-24,0.3542967615391324,0
81524,2012-04-24,0.2664198839101784,0
81525,2012-04-24,0.47372640882480116,0
81526,2012-04-24,0.29340520220854904,1
81527,2012-04-25,0.35046363823883914,0
81528,2012-04-25,0.1874770557968613,0
81529,2012-04-25,0.3155844087256415,0
81530,2012-04-25,0.26878380433898375,0
81531,2012-04-25,0.37182222002692894,1
81532,2012-04-25,0.37171914715011756,0
81533,2012-04-25,0.26079497952795233,0
81534,2012-04-25,0.2445542859555548,0
81535,2012-04-25,0.6242396717897549,0
81536,2012-04-25,0.9883420392316551,0
81537,2012-04-25,0.99664498483721,0
81538,2012-04-25,0.6414739040078313,0
81539,2012-04-25,0.3181742674511298,0
81540,2012-04-25,0.18420973493108259,0
81541,2012-04-25,0.32691310523568823,1
81542,2012-04-25,0.36975639223961604,0
81543,2012-04-25,0.43817563558214057,1
81544,2012-04-25,0.30199993093091765,1
81545,2012-04-25,0.21010492199072925,0
81546,2012-04-25,0.4244749247501851,0
81547,2012-04-25,0.266831931979355,1
81548,2012-04-25,0.34328403179242023,0
81549,2012-04-25,0.3500801951304019,1
81550,2012-04-25,0.38469042439858914,0
81551,2012-04-25,0.3510273274575745,0
81552,2012-04-25,0.2973201636276366,0
81553,2012-04-25,0.3058705881817663,0
81554,2012-04-25,0.36775409917211205,1
81555,2012-04-25,0.3145839034830069,0
81556,2012-04-25,0.2999652543760601,0
81557,2012-04-25,0.3187082708912716,0
81558,2012-04-25,0.25798689253260515,1
81559,2012-04-25,0.28383712796388316,1
81560,2012-04-25,0.3123625303829781,0
81561,2012-04-25,0.31436518367878225,1
81562,2012-04-25,0.3630501216339562,0
81563,2012-04-25,0.34378326145102833,0
81564,2012-04-25,0.4603571378416288,0
81565,2012-04-25,0.3907817086287734,0
81566,2012-04-25,0.22462310527751672,0
81567,2012-04-25,0.568206069871648,0
81568,2012-04-25,0.4741065936045613,0
81569,2012-04-25,0.3137394181103803,0
81570,2012-04-25,0.17489529486109487,1
81571,2012-04-25,0.6180028996786878,1
81572,2012-04-25,0.4323045588444159,1
81573,2012-04-25,0.294731081891654,0
81574,2012-04-25,0.5281394939843569,1
81575,2012-04-25,0.5402440117334452,1
81576,2012-04-25,0.09926117580922895,0
81577,2012-04-25,0.3275294961158247,1
81578,2012-04-25,0.24276790848768026,0
81579,2012-04-25,0.456569096944094,1
81580,2012-04-25,0.1874758536563975,0
81581,2012-04-25,0.23930680202625718,0
81582,2012-04-25,0.06159714190146482,0
81583,2012-04-25,0.3518328898144259,0
81584,2012-04-25,0.26146362447620286,0
81585,2012-04-25,0.3935674168333078,0
81586,2012-04-25,0.450169565091117,0
81587,2012-04-25,0.299727728787294,0
81588,2012-04-25,0.7164160155666606,0
81589,2012-04-25,0.14844611838793018,0
81590,2012-04-25,0.29913672231787525,1
81591,2012-04-25,0.29910435089778975,1
81592,2012-04-25,0.3322757148115544,0
81593,2012-04-25,0.31495441255485485,1
81594,2012-04-25,0.18406984470387897,0
81595,2012-04-25,0.29114661482255433,1
81596,2012-04-25,0.32470813474909194,0
81597,2012-04-25,0.28925369019543085,0
81598,2012-04-25,0.6805324520735084,0
81599,2012-04-25,0.3079248078480624,1
81600,2012-04-25,0.32878256272230755,0
81601,2012-04-25,0.38260502317532247,1
81602,2012-04-25,0.1987333441588324,0
81603,2012-04-25,0.2693823262272379,1
81604,2012-04-25,0.35836933798938075,0
81605,2012-04-25,0.4360656287619529,1
81606,2012-04-25,0.43846000876771424,0
81607,2012-04-25,0.24776756214819654,0
81608,2012-04-25,0.3724822822187666,1
81609,2012-04-25,0.17889531161917938,1
81610,2012-04-25,0.386205089842285,0
81611,2012-04-25,0.3615779114645372,0
81612,2012-04-25,0.3034998871730771,0
81613,2012-04-25,0.22883818813175352,1
81614,2012-04-25,0.3110563550739385,1
81615,2012-04-25,0.34912390329723886,0
81616,2012-04-25,0.31350735933909923,0
81617,2012-04-25,0.41908313779976825,0
81618,2012-04-25,0.286124620167267,1
81619,2012-04-25,0.312861911515578,0
81620,2012-04-25,0.3749511116872061,0
81621,2012-04-25,0.37724592148467223,1
81622,2012-04-25,0.3271211245551989,1
81623,2012-04-25,0.4486933702789765,0
81624,2012-04-25,0.5328108401395607,0
81625,2012-04-25,0.22740572185689356,0
81626,2012-04-25,0.23688233595703453,0
81627,2012-04-25,0.3670778182814131,0
81628,2012-04-25,0.30729936483515113,1
81629,2012-04-25,0.34392944719944946,0
81630,2012-04-25,0.40528950536182623,0
81631,2012-04-25,0.2779638051007387,0
81632,2012-04-25,0.4640123459037638,1
81633,2012-04-25,0.35470640857695496,1
81634,2012-04-25,0.23441744908624712,0
81635,2012-04-25,0.3455095633465916,1
81636,2012-04-25,0.392782096086515,0
81637,2012-04-25,0.4567971165778955,1
81638,2012-04-25,0.19450516147638172,0
81639,2012-04-25,0.3541305271429111,0
81640,2012-04-25,0.3812517820773386,1
81641,2012-04-25,0.3412568760806864,0
81642,2012-04-25,0.5277218438570596,0
81643,2012-04-25,0.5949551368510223,0
81644,2012-04-25,0.3478942272510721,0
81645,2012-04-25,0.40839271581116215,0
81646,2012-04-25,0.28608826671419924,0
81647,2012-04-25,0.582358350680964,0
81648,2012-04-25,0.2850464777154079,0
81649,2012-04-25,0.34416298550303986,0
81650,2012-04-25,0.2534778000602389,0
81651,2012-04-25,0.31074324380811846,0
81652,2012-04-25,0.26192849645843014,0
81653,2012-04-25,0.14543717641747092,1
81654,2012-04-25,0.2878392471566793,0
81655,2012-04-25,0.25824739791245627,0
81656,2012-04-25,0.38422008471940505,0
81657,2012-04-25,0.517256315046735,0
81658,2012-04-25,0.28824194575187106,1
81659,2012-04-25,0.3063178740081976,0
81660,2012-04-25,0.3566804135309581,0
81661,2012-04-25,0.242161281361992,0
81662,2012-04-25,0.4381489512642,0
81663,2012-04-25,0.4040248600332186,1
81664,2012-04-25,0.28264703018519494,1
81665,2012-04-25,0.3780224724802997,0
81666,2012-04-25,0.5511417483755177,1
81667,2012-04-25,0.3102305683193318,0
81668,2012-04-25,0.5714093998664623,0
81669,2012-04-25,0.3479400206392618,0
81670,2012-04-25,0.40681783548699246,0
81671,2012-04-26,0.36836995803289935,0
81672,2012-04-26,0.7701709565002247,0
81673,2012-04-26,0.30661613523422526,0
81674,2012-04-26,0.008096996194824856,0
81675,2012-04-26,0.2973214210169635,0
81676,2012-04-26,0.4270457698382062,1
81677,2012-04-26,0.62068325284462,0
81678,2012-04-26,0.3424814514508445,1
81679,2012-04-26,0.28713360897522533,0
81680,2012-04-26,0.18472164400990493,0
81681,2012-04-26,0.2935129591716656,0
81682,2012-04-26,0.2372824416541664,0
81683,2012-04-26,0.5252335138660743,0
81684,2012-04-26,0.3038929023372994,1
81685,2012-04-26,0.32265652902953074,0
81686,2012-04-26,0.13059383318161216,0
81687,2012-04-26,0.2717751485861255,1
81688,2012-04-26,0.2754742467579156,0
81689,2012-04-26,0.21677844365114335,0
81690,2012-04-26,0.2591843102992499,1
81691,2012-04-26,0.3191362578426611,1
81692,2012-04-26,0.2561713065784541,0
81693,2012-04-26,0.27927655584340194,1
81694,2012-04-26,0.35908586588649677,0
81695,2012-04-26,0.29587535332562725,0
81696,2012-04-26,0.2925845728823391,0
81697,2012-04-26,0.41351789722464816,1
81698,2012-04-26,0.3861416202600748,0
81699,2012-04-26,0.9696484578693532,0
81700,2012-04-26,0.38373593635624864,0
81701,2012-04-26,0.5605959152842216,0
81702,2012-04-26,0.24206675867105598,0
81703,2012-04-26,0.3448462337905925,1
81704,2012-04-26,0.25892141778266475,1
81705,2012-04-26,0.2781958274688052,1
81706,2012-04-26,0.2593975316002137,1
81707,2012-04-26,0.303728122405346,0
81708,2012-04-26,0.6324695911389437,0
81709,2012-04-26,0.5025688714088615,0
81710,2012-04-26,0.2607139914176425,0
81711,2012-04-26,0.13881399568827257,0
81712,2012-04-26,0.3028619178601688,0
81713,2012-04-26,0.24556485558512534,0
81714,2012-04-26,0.5625409505057961,0
81715,2012-04-26,0.31300202699309465,1
81716,2012-04-26,0.3256663976804516,1
81717,2012-04-26,0.2809243833426198,0
81718,2012-04-26,0.22575811911121685,0
81719,2012-04-26,0.37693391446763774,1
81720,2012-04-26,0.3918890729452835,0
81721,2012-04-26,0.23162653248873244,0
81722,2012-04-26,0.4176408472411798,0
81723,2012-04-26,0.38862979589791236,0
81724,2012-04-26,0.27180015114698464,0
81725,2012-04-26,0.3850671148822797,0
81726,2012-04-26,0.2735474343260821,0
81727,2012-04-26,0.304396111573342,0
81728,2012-04-26,0.21775382075305316,0
81729,2012-04-26,0.3065032829216933,0
81730,2012-04-26,0.24854069384835883,0
81731,2012-04-26,0.4897353238532086,0
81732,2012-04-26,0.2725069403637676,0
81733,2012-04-26,0.4023845342465096,0
81734,2012-04-26,0.480341833899133,1
81735,2012-04-26,0.49243681051538535,0
81736,2012-04-26,0.5236490860115798,0
81737,2012-04-26,0.2780347946577306,0
81738,2012-04-26,0.4065829854552533,0
81739,2012-04-26,0.21696254758987338,0
81740,2012-04-26,0.26216132036869794,1
81741,2012-04-26,0.2405122553401687,1
81742,2012-04-26,0.5764667978087206,0
81743,2012-04-26,0.3485329905381111,1
81744,2012-04-26,0.4566914360595156,1
81745,2012-04-26,0.20372103789255647,1
81746,2012-04-26,0.37338775563822335,0
81747,2012-04-26,0.2527439846034364,0
81748,2012-04-26,0.4151539914384706,1
81749,2012-04-26,0.29036255436281344,0
81750,2012-04-26,0.336195604494968,0
81751,2012-04-26,0.3489477817781213,0
81752,2012-04-26,0.2726107601596645,0
81753,2012-04-26,0.22846636288730165,0
81754,2012-04-26,0.8196139891192398,0
81755,2012-04-26,0.4265400265173341,1
81756,2012-04-26,0.36091521255730247,0
81757,2012-04-26,0.25869636561170195,0
81758,2012-04-26,0.2641006534116391,0
81759,2012-04-26,0.2936368071097791,1
81760,2012-04-26,0.4489825591420733,0
81761,2012-04-26,0.32716093043745825,0
81762,2012-04-26,0.2904231615754262,0
81763,2012-04-26,0.2906760252505977,1
81764,2012-04-26,0.47477880899099417,0
81765,2012-04-26,0.41189909449953854,1
81766,2012-04-26,0.3104166254025885,0
81767,2012-04-26,0.402572851249842,1
81768,2012-04-26,0.2807401198828898,0
81769,2012-04-26,0.8492344624203684,0
81770,2012-04-26,0.5544763213416584,0
81771,2012-04-26,0.6086152339116029,1
81772,2012-04-26,0.933517821036478,0
81773,2012-04-26,0.2542320404707777,1
81774,2012-04-26,0.8883691616018211,0
81775,2012-04-26,0.38934833051114454,0
81776,2012-04-26,0.39881274611721435,0
81777,2012-04-26,0.41222697254652524,0
81778,2012-04-26,0.4057995438957943,0
81779,2012-04-26,0.2889412283565008,1
81780,2012-04-26,0.9712875963640248,0
81781,2012-04-26,0.23303541007062442,0
81782,2012-04-26,0.42283416546569963,0
81783,2012-04-26,0.5352431407677416,0
81784,2012-04-26,0.22783176311769143,0
81785,2012-04-26,0.7631118410399984,0
81786,2012-04-26,0.44551118743976104,0
81787,2012-04-26,0.25815123111034094,0
81788,2012-04-26,0.3246785881525967,1
81789,2012-04-26,0.3423417493523358,1
81790,2012-04-26,0.403200959178521,0
81791,2012-04-26,0.27176314653652417,0
81792,2012-04-26,0.40637417817943117,0
81793,2012-04-26,0.4411580400342592,1
81794,2012-04-26,0.23918657518719535,1
81795,2012-04-26,0.255717255235971,0
81796,2012-04-26,0.44557545777063906,1
81797,2012-04-26,0.34240412958071575,0
81798,2012-04-26,0.3281821360362506,0
81799,2012-04-26,0.40835947465507927,0
81800,2012-04-26,0.2275207004402514,0
81801,2012-04-26,0.4201922022951678,0
81802,2012-04-26,0.42316783717521866,0
81803,2012-04-26,0.30638406497406095,0
81804,2012-04-26,0.9493619001421973,1
81805,2012-04-26,0.22991491577931453,0
81806,2012-04-26,0.3030067207687618,0
81807,2012-04-27,0.24339597691142834,1
81808,2012-04-27,0.30030367104294453,0
81809,2012-04-27,0.3451694861237957,0
81810,2012-04-27,0.9406043245947959,0
81811,2012-04-27,0.310894115581493,0
81812,2012-04-27,0.44829089076008494,0
81813,2012-04-27,0.22214598033825209,1
81814,2012-04-27,0.36772708299672313,0
81815,2012-04-27,0.4525588164624295,0
81816,2012-04-27,0.2461096933775512,1
81817,2012-04-27,0.3936549169427884,1
81818,2012-04-27,0.7352005751978311,0
81819,2012-04-27,0.3735433578230974,0
81820,2012-04-27,0.33510133806142695,1
81821,2012-04-27,0.49129437404974524,0
81822,2012-04-27,0.39004465774337094,0
81823,2012-04-27,0.18043236807323093,0
81824,2012-04-27,0.7392182357857764,0
81825,2012-04-27,0.46951529337893344,0
81826,2012-04-27,0.3254663202812314,0
81827,2012-04-27,0.31401961142819035,1
81828,2012-04-27,0.2337481715663319,0
81829,2012-04-27,0.2507215613627246,0
81830,2012-04-27,0.44442578742814165,0
81831,2012-04-27,0.23568560674238812,0
81832,2012-04-27,0.3970257567853224,0
81833,2012-04-27,0.33501313296842383,0
81834,2012-04-27,0.3071182395122575,1
81835,2012-04-27,0.3051353628177432,0
81836,2012-04-27,0.3357416058962629,0
81837,2012-04-27,0.2967022185876851,0
81838,2012-04-27,0.4135846489494686,1
81839,2012-04-27,0.1938804784732042,0
81840,2012-04-27,0.33146800522851794,0
81841,2012-04-27,0.2722614649596559,1
81842,2012-04-27,0.34359161773869484,0
81843,2012-04-27,0.9602578799638483,0
81844,2012-04-27,0.2558592637676148,0
81845,2012-04-27,0.2724036130267483,0
81846,2012-04-27,0.35122783704614047,0
81847,2012-04-27,0.20507095204611506,0
81848,2012-04-27,0.3522537450019566,0
81849,2012-04-27,0.3150240761266407,1
81850,2012-04-27,0.4254010269738006,0
81851,2012-04-27,0.2217929223849892,0
81852,2012-04-27,0.9685453734063038,0
81853,2012-04-27,0.22702258597231426,1
81854,2012-04-27,0.39404778910437943,1
81855,2012-04-27,0.370137381097835,0
81856,2012-04-27,0.8657671718365584,0
81857,2012-04-27,0.5801955327984353,1
81858,2012-04-27,0.3907669569496988,1
81859,2012-04-27,0.28684878453193224,1
81860,2012-04-27,0.5810795075178032,0
81861,2012-04-27,0.8562574728125902,0
81862,2012-04-27,0.38146637306431563,1
81863,2012-04-27,0.6743983191987529,0
81864,2012-04-27,0.5161034819408754,0
81865,2012-04-27,0.2977442550786525,0
81866,2012-04-27,0.2112325704435189,0
81867,2012-04-27,0.4037019586511521,1
81868,2012-04-27,0.31922727651926336,1
81869,2012-04-27,0.5343390428453062,0
81870,2012-04-27,0.7586291529461432,0
81871,2012-04-27,0.35206732434599014,1
81872,2012-04-27,0.9843746644254762,0
81873,2012-04-27,0.3293572940096374,0
81874,2012-04-27,0.2719943366782102,1
81875,2012-04-27,0.18421426755031498,0
81876,2012-04-27,0.2896996187493769,0
81877,2012-04-27,0.358615046868204,0
81878,2012-04-27,0.642989635638197,0
81879,2012-04-27,0.31710014284212773,0
81880,2012-04-28,0.27485123911141496,1
81881,2012-04-28,0.2596446494208578,1
81882,2012-04-28,0.3939015127886622,0
81883,2012-04-28,0.2434424902393358,0
81884,2012-04-28,0.2851053500810069,0
81885,2012-04-28,0.24265181817730141,0
81886,2012-04-28,0.3202104746221878,1
81887,2012-04-28,0.6621334447156547,0
81888,2012-04-28,0.2736623280445156,1
81889,2012-04-28,0.2252543916368474,0
81890,2012-04-28,0.36074587306576444,0
81891,2012-04-28,0.39601097606744795,0
81892,2012-04-28,0.5436784218257065,1
81893,2012-04-28,0.2604347118660612,1
81894,2012-04-28,0.3963267807676589,1
81895,2012-04-28,0.30282148525177965,0
81896,2012-04-28,0.24791157131623806,0
81897,2012-04-28,0.3242825924237895,0
81898,2012-04-28,0.2903535087392423,1
81899,2012-04-28,0.3461991304349196,1
81900,2012-04-28,0.29932769251063235,0
81901,2012-04-28,0.28226191527955075,0
81902,2012-04-28,0.6574411078405898,0
81903,2012-04-28,0.25119976020352425,1
81904,2012-04-28,0.32838472096689236,0
81905,2012-04-28,0.44882435384426994,0
81906,2012-04-28,0.2750976656377365,0
81907,2012-04-28,0.3990065475496431,0
81908,2012-04-28,0.4507092751621283,1
81909,2012-04-28,0.4551830596807955,0
81910,2012-04-28,0.25083776128788354,0
81911,2012-04-28,0.31528141027716483,1
81912,2012-04-28,0.3755495884083579,0
81913,2012-04-28,0.2690922499698503,1
81914,2012-04-28,0.4235400936307323,0
81915,2012-04-28,0.277265571918742,0
81916,2012-04-28,0.23487617975766317,0
81917,2012-04-28,0.2609301564699493,1
81918,2012-04-28,0.34707443318518705,0
81919,2012-04-28,0.33926587058741076,0
81920,2012-04-28,0.3168503854980297,0
81921,2012-04-28,0.2565051179902843,1
81922,2012-04-28,0.33252107799105046,0
81923,2012-04-28,0.540429686803501,0
81924,2012-04-28,0.22886188194261842,0
81925,2012-04-28,0.3540139110995451,0
81926,2012-04-28,0.29764566691673194,0
81927,2012-04-28,0.23144724660193514,0
81928,2012-04-28,0.36883766086557196,0
81929,2012-04-28,0.300012229330136,0
81930,2012-04-28,0.3495323538702137,0
81931,2012-04-28,0.35042338339087,1
81932,2012-04-28,0.3016072933358045,0
81933,2012-04-28,0.3073605080041536,0
81934,2012-04-28,0.7329690109061383,0
81935,2012-04-28,0.2521316743274881,0
81936,2012-04-28,0.3549796525293032,0
81937,2012-04-28,0.38628179493333165,0
81938,2012-04-28,0.3009341056655543,0
81939,2012-04-28,0.41115694544941706,0
81940,2012-04-28,0.4324144978228521,1
81941,2012-04-28,0.3437696137335967,0
81942,2012-04-28,0.3241453517621429,0
81943,2012-04-28,0.26869634358408684,1
81944,2012-04-28,0.4296553872301685,0
81945,2012-04-28,0.27014087122724556,1
81946,2012-04-28,0.3428248062944784,0
81947,2012-04-28,0.26903075888651407,0
81948,2012-04-28,0.317185924238671,0
81949,2012-04-28,0.9425263565100849,1
81950,2012-04-28,0.4738274531532878,1
81951,2012-04-28,0.829325115958588,0
81952,2012-04-28,0.3062466349885792,1
81953,2012-04-28,0.30988391820701144,0
81954,2012-04-28,0.281002662681704,1
81955,2012-04-28,0.36029706841588627,0
81956,2012-04-28,0.424833233605104,0
81957,2012-04-28,0.27790042185918334,0
81958,2012-04-28,0.30406786059730667,0
81959,2012-04-28,0.402964894963758,1
81960,2012-04-28,0.5356711541697312,0
81961,2012-04-28,0.3061780627882835,0
81962,2012-04-28,0.4453381912150344,1
81963,2012-04-28,0.32971329387534315,0
81964,2012-04-28,0.3940517794290438,0
81965,2012-04-28,0.26140441888116794,0
81966,2012-04-28,0.3221134615865516,0
81967,2012-04-28,0.42865871573872966,1
81968,2012-04-28,0.3444574524422287,1
81969,2012-04-28,0.44794609824449483,0
81970,2012-04-28,0.2573496665876572,1
81971,2012-04-28,0.43010919639204603,0
81972,2012-04-28,0.3095303054191479,1
81973,2012-04-28,0.24410652693894228,0
81974,2012-04-28,0.24822878448382574,0
81975,2012-04-28,0.47025016220187416,0
81976,2012-04-28,0.36276698174713445,0
81977,2012-04-28,0.46147130276676057,0
81978,2012-04-28,0.3455967858133679,0
81979,2012-04-28,0.21198116535484227,1
81980,2012-04-28,0.3081475378541524,0
81981,2012-04-28,0.2501788579487955,0
81982,2012-04-29,0.39667489441690706,0
81983,2012-04-29,0.47546358636090486,1
81984,2012-04-29,0.3280241898056613,0
81985,2012-04-29,0.3538590739390081,0
81986,2012-04-29,0.34464254614530704,0
81987,2012-04-29,0.25136315294430056,0
81988,2012-04-29,0.3384528158445781,1
81989,2012-04-29,0.2716744536351255,0
81990,2012-04-29,0.4207395943562957,1
81991,2012-04-29,0.3214458676035633,0
81992,2012-04-29,0.41341188916717103,0
81993,2012-04-29,0.24643930830970584,0
81994,2012-04-29,0.30029351042819963,1
81995,2012-04-29,0.2192485141750865,0
81996,2012-04-29,0.382500966036451,1
81997,2012-04-29,0.3361891558068282,1
81998,2012-04-29,0.24743445695560148,0
81999,2012-04-29,0.3601096078491249,1
82000,2012-04-29,0.33251189204689335,0
82001,2012-04-29,0.3830621421745419,0
82002,2012-04-29,0.3255273885936118,1
82003,2012-04-29,0.317558204185097,1
82004,2012-04-29,0.4001083248959468,0
82005,2012-04-29,0.530274112817522,1
82006,2012-04-29,0.40446514703773523,0
82007,2012-04-29,0.27686014357977606,1
82008,2012-04-29,0.40416524815410537,0
82009,2012-04-29,0.3519872608893339,1
82010,2012-04-29,0.2776953795982699,1
82011,2012-04-29,0.23701453065199377,0
82012,2012-04-29,0.3648330432116904,0
82013,2012-04-29,0.35114950646913845,1
82014,2012-04-29,0.23011364762068898,0
82015,2012-04-29,0.2779247978187009,0
82016,2012-04-29,0.3351509121095786,1
82017,2012-04-29,0.32868136367999323,1
82018,2012-04-29,0.3116040175341056,0
82019,2012-04-29,0.3137286772149846,0
82020,2012-04-29,0.2872589869836307,0
82021,2012-04-29,0.5832180222515787,1
82022,2012-04-29,0.36959646336206187,0
82023,2012-04-29,0.3698482265942322,1
82024,2012-04-29,0.35678312527403866,1
82025,2012-04-29,0.9999943139698267,0
82026,2012-04-29,0.32738210722936817,1
82027,2012-04-29,0.38076311924710543,1
82028,2012-04-29,0.4062859286756491,0
82029,2012-04-29,0.282256965385831,0
82030,2012-04-29,0.35470291333712045,0
82031,2012-04-29,0.2939081848350259,1
82032,2012-04-29,0.23182951707411997,0
82033,2012-04-29,0.33509674657316757,0
82034,2012-04-29,0.2759027341590839,0
82035,2012-04-29,0.35403531858941756,0
82036,2012-04-29,0.30324657453440207,0
82037,2012-04-29,0.35256162627435395,1
82038,2012-04-29,0.29802828565053957,0
82039,2012-04-29,0.3099155529594568,0
82040,2012-04-29,0.2523662658113616,0
82041,2012-04-29,0.3103045979227166,1
82042,2012-04-29,0.273288474121894,0
82043,2012-04-29,0.34370586782926155,0
82044,2012-04-29,0.2918624712224238,0
82045,2012-04-29,0.18663067316685764,0
82046,2012-04-29,0.3672807379636926,1
82047,2012-04-29,0.2715819690605046,1
82048,2012-04-29,0.21741051367640607,1
82049,2012-04-29,0.16911098999582455,0
82050,2012-04-29,0.5109587906557127,1
82051,2012-04-29,0.37966911544205306,0
82052,2012-04-29,0.38955919310376635,1
82053,2012-04-29,0.37739363203034937,1
82054,2012-04-29,0.5183427187705655,1
82055,2012-04-29,0.4136679932348881,0
82056,2012-04-29,0.3584070245773737,0
82057,2012-04-29,0.3343350275645662,0
82058,2012-04-29,0.3512720791789289,1
82059,2012-04-29,0.22242674702632204,0
82060,2012-04-30,0.3666855931068722,0
82061,2012-04-30,0.17945739276627395,0
82062,2012-04-30,0.34192997162452593,0
82063,2012-04-30,0.28092408550278064,0
82064,2012-04-30,0.35277493516349717,0
82065,2012-04-30,0.2319073468711185,0
82066,2012-04-30,0.47953901909400787,0
82067,2012-04-30,0.21335437537251184,0
82068,2012-04-30,0.26880397250903626,0
82069,2012-04-30,0.29651929955375017,0
82070,2012-04-30,0.3430624389486131,0
82071,2012-04-30,0.2960175076716219,0
82072,2012-04-30,0.4206791445495726,0
82073,2012-04-30,0.24735770224812206,0
82074,2012-04-30,0.2074869741782485,0
82075,2012-04-30,0.21783988299992418,0
82076,2012-04-30,0.3369110479375537,0
82077,2012-04-30,0.35569524836702615,1
82078,2012-04-30,0.4759194823348483,1
82079,2012-04-30,0.32738964311735014,0
82080,2012-04-30,0.2774628689815082,0
82081,2012-04-30,0.3488244473158258,0
82082,2012-04-30,0.3173287100757135,0
82083,2012-04-30,0.34077407157524425,1
82084,2012-04-30,0.3895640706903511,1
82085,2012-04-30,0.2731244114116015,0
82086,2012-04-30,0.3939241197769825,0
82087,2012-04-30,0.18225827994875468,1
82088,2012-04-30,0.25700441758104775,0
82089,2012-04-30,0.16566836482292557,0
82090,2012-04-30,0.2207353448194832,1
82091,2012-04-30,0.5191266157417773,1
82092,2012-04-30,0.28746225001481984,0
82093,2012-04-30,0.42153623061166956,0
82094,2012-04-30,0.39478112534287774,0
82095,2012-04-30,0.2383004062369494,1
82096,2012-04-30,0.2513467679474185,1
82097,2012-04-30,0.4038694256936407,0
82098,2012-04-30,0.32836035404997116,0
82099,2012-04-30,0.4498522866661554,0
82100,2012-04-30,0.3549166087392811,0
82101,2012-04-30,0.30407427148393346,0
82102,2012-04-30,0.4063250132091628,1
82103,2012-04-30,0.23321111217968088,1
82104,2012-04-30,0.17809016451902807,0
82105,2012-04-30,0.3770038641070588,0
82106,2012-04-30,0.403934058408286,1
82107,2012-04-30,0.18827677566405115,0
82108,2012-04-30,0.2487140894334608,1
82109,2012-04-30,0.17438625687345194,0
82110,2012-04-30,0.4516011197545523,1
82111,2012-04-30,0.3298159289617408,0
82112,2012-04-30,0.2870498563296062,0
82113,2012-04-30,0.2896104356249812,1
82114,2012-04-30,0.2708920186735991,0
82115,2012-04-30,0.43097004138770384,0
82116,2012-04-30,0.16378511152230785,1
82117,2012-04-30,0.2717238779431415,0
82118,2012-04-30,0.19331922411838137,0
82119,2012-04-30,0.2798528179965979,0
82120,2012-04-30,0.3451269767653825,0
82121,2012-04-30,0.3308077178262789,0
82122,2012-04-30,0.39434699488384006,1
82123,2012-04-30,0.3553263730458644,0
82124,2012-04-30,0.2696179331184166,0
82125,2012-04-30,0.44834802170033905,1
82126,2012-04-30,0.3053156717363883,1
82127,2012-04-30,0.3878052431290642,0
82128,2012-04-30,0.33325206308626415,1
82129,2012-04-30,0.2566321057369742,0
82130,2012-04-30,0.2838460991641937,1
82131,2012-04-30,0.5762839568331168,1
82132,2012-04-30,0.2907962413875663,1
82133,2012-04-30,0.2753853637487661,0
82134,2012-04-30,0.3726302079384431,0
82135,2012-04-30,0.3404891480578806,1
82136,2012-04-30,0.36942703535526883,0
82137,2012-04-30,0.12465633184925652,1
82138,2012-04-30,0.31375748300804285,1
82139,2012-04-30,0.2827127274653921,0
82140,2012-04-30,0.2898655459040626,0
82141,2012-04-30,0.30165233545146136,0
82142,2012-04-30,0.44267259573239465,0
82143,2012-04-30,0.32683750716320337,1
82144,2012-04-30,0.5407605746121301,0
82145,2012-04-30,0.3586519661767375,0
82146,2012-04-30,0.26114087047666307,1
82147,2012-04-30,0.2587778125029341,0
82148,2012-04-30,0.321345215781703,0
82149,2012-04-30,0.4139186272849962,1
82150,2012-04-30,0.3286588669976251,0
82151,2012-04-30,0.19487737748903763,0
82152,2012-04-30,0.32379886763999594,1
82153,2012-04-30,0.20537032269255537,1
82154,2012-04-30,0.4095573137864483,1
82155,2012-04-30,0.5722578398544874,1
82156,2012-04-30,0.29380296835758246,0
82157,2012-04-30,0.2370867169146056,0
82158,2012-04-30,0.23682345920200218,1
82159,2012-04-30,0.40020763963002365,1
82160,2012-04-30,0.34901042354907036,0
82161,2012-04-30,0.3811142054035863,0
82162,2012-04-30,0.2850810680813596,0
82163,2012-04-30,0.3955987039692139,0
82164,2012-04-30,0.30914002196738133,0
82165,2012-04-30,0.36567565988373546,0
82166,2012-04-30,0.45742947226402275,0
82167,2012-04-30,0.39664429134392953,0
82168,2012-04-30,0.3045847872264073,0
82169,2012-04-30,0.2046468440408943,0
82170,2012-04-30,0.32727690267420223,1
82171,2012-04-30,0.24213359016099745,0
82172,2012-04-30,0.17421266535866112,0
82173,2012-04-30,0.24054790309043522,0
82174,2012-04-30,0.5167313605541325,1
82175,2012-04-30,0.268335024750142,0
82176,2012-04-30,0.2559572658704944,0
82177,2012-04-30,0.15647609173411203,1
82178,2012-04-30,0.21080753245252212,0
82179,2012-04-30,0.28808580485515933,0
82180,2012-04-30,0.45512624449419115,1
82181,2012-04-30,0.054330184970092,0
82182,2012-04-30,0.36720258158487507,1
82183,2012-04-30,0.45109877924109465,0
82184,2012-04-30,0.41797362283876716,1
82185,2012-04-30,0.3337313641879006,0
82186,2012-04-30,0.31756503108226947,0
82187,2012-04-30,0.4193737857285324,0
82188,2012-04-30,0.3602347470661929,0
82189,2012-04-30,0.2230050588724708,0
82190,2012-04-30,0.3436810743845141,1
82191,2012-04-30,0.2923851594613868,0
82192,2012-04-30,0.30945175788704943,0
82193,2012-04-30,0.2532590247848167,0
82194,2012-04-30,0.26109088218234366,0
82195,2012-04-30,0.4064710156241261,0
82196,2012-04-30,0.3686794573698555,1
82197,2012-04-30,0.40228256367850035,1
82198,2012-04-30,0.16859131595336266,0
82199,2012-04-30,0.34467188703413143,0
82200,2012-04-30,0.32753034374337886,1
82201,2012-05-01,0.47063881211336867,0
82202,2012-05-01,0.29288416536438705,1
82203,2012-05-01,0.2751652832308817,0
82204,2012-05-01,0.42243472428400597,0
82205,2012-05-01,0.9503743312331661,0
82206,2012-05-01,0.2832601459167438,1
82207,2012-05-01,0.4973402171867295,0
82208,2012-05-01,0.28698363390868803,0
82209,2012-05-01,0.3925143557866101,1
82210,2012-05-01,0.41242462139021985,0
82211,2012-05-01,0.2705811288050282,0
82212,2012-05-01,0.7495621802073829,0
82213,2012-05-01,0.9495461756890374,0
82214,2012-05-01,0.9999766837580841,0
82215,2012-05-01,0.2521699081586945,0
82216,2012-05-01,0.26920406038576505,1
82217,2012-05-01,0.2758040838474389,0
82218,2012-05-01,0.9142940231913089,0
82219,2012-05-01,0.2711427251434918,0
82220,2012-05-01,0.2597727227966655,0
82221,2012-05-01,0.4827510401480972,0
82222,2012-05-01,0.3488028465488052,1
82223,2012-05-01,0.3508636780027549,0
82224,2012-05-01,0.12897681229243277,0
82225,2012-05-01,0.30788433173918744,0
82226,2012-05-01,0.2663644807394387,0
82227,2012-05-01,0.9981356011648985,0
82228,2012-05-01,0.998531848474915,0
82229,2012-05-01,0.34747108472776944,0
82230,2012-05-01,0.4153148779038916,0
82231,2012-05-01,0.1409264372193508,0
82232,2012-05-01,0.3068093034607011,0
82233,2012-05-01,0.31795099351624573,1
82234,2012-05-01,0.3092465783992594,0
82235,2012-05-01,0.2724487270851611,0
82236,2012-05-01,0.44436765589992394,0
82237,2012-05-01,0.729366373057146,0
82238,2012-05-01,0.7673918281369383,0
82239,2012-05-01,0.4170959542963298,1
82240,2012-05-01,0.28350673435177803,0
82241,2012-05-01,0.2562894972316693,0
82242,2012-05-01,0.477788738865196,0
82243,2012-05-01,0.29960726802481136,0
82244,2012-05-01,0.3011129537503032,1
82245,2012-05-01,0.2598241754463116,1
82246,2012-05-01,0.34771378716154133,1
82247,2012-05-01,0.28043920826355945,0
82248,2012-05-01,0.26874900127799933,0
82249,2012-05-01,0.5649673463153827,0
82250,2012-05-01,0.995070694846567,0
82251,2012-05-01,0.38911797301648265,1
82252,2012-05-01,0.2816657935724518,0
82253,2012-05-01,0.28966379407276077,0
82254,2012-05-01,0.187806404604745,0
82255,2012-05-01,0.20849885768742074,0
82256,2012-05-01,0.38888642464356504,0
82257,2012-05-01,0.33594229151021315,0
82258,2012-05-01,0.3251147405591465,0
82259,2012-05-01,0.3122316724875867,0
82260,2012-05-01,0.7297226954125193,0
82261,2012-05-01,0.7933008965049454,0
82262,2012-05-01,0.3275227273563265,0
82263,2012-05-01,0.7361019799915146,0
82264,2012-05-01,0.25723934081226735,0
82265,2012-05-01,0.5563892673034467,0
82266,2012-05-01,0.28143637012987416,0
82267,2012-05-01,0.28191960558963436,0
82268,2012-05-01,0.40636350844486796,0
82269,2012-05-01,0.4135702372692262,0
82270,2012-05-01,0.7464826075948638,0
82271,2012-05-01,0.3230959058550054,1
82272,2012-05-01,0.21329605611014285,0
82273,2012-05-01,0.4070879766146957,0
82274,2012-05-01,0.2941577450439136,0
82275,2012-05-01,0.4004867513361515,0
82276,2012-05-01,0.3607729553373779,0
82277,2012-05-01,0.4038052113409984,0
82278,2012-05-01,0.23595343474910965,0
82279,2012-05-01,0.4657754776273032,0
82280,2012-05-01,0.38454467708006745,0
82281,2012-05-01,0.3639755951855373,1
82282,2012-05-01,0.9822394492776838,0
82283,2012-05-01,0.32510542813412735,0
82284,2012-05-01,0.28719054564053315,1
82285,2012-05-01,0.47062846852213536,1
82286,2012-05-01,0.44953110279065267,0
82287,2012-05-01,0.2844447363647334,0
82288,2012-05-01,0.35022191261471847,0
82289,2012-05-02,0.30634615936014287,0
82290,2012-05-02,0.7919334097975853,0
82291,2012-05-02,0.1769759571204294,0
82292,2012-05-02,0.37811052568858466,0
82293,2012-05-02,0.3730883952016161,1
82294,2012-05-02,0.38744266772421904,1
82295,2012-05-02,0.31704551650367024,0
82296,2012-05-02,0.34249804646843024,0
82297,2012-05-02,0.48060006731146543,0
82298,2012-05-02,0.7425175261987758,1
82299,2012-05-02,0.5204919265501876,0
82300,2012-05-02,0.25338713649370637,0
82301,2012-05-02,0.3126485645298274,0
82302,2012-05-02,0.2187970806027918,0
82303,2012-05-02,0.24595847487605035,1
82304,2012-05-02,0.36997701587876936,0
82305,2012-05-02,0.3169740890271605,0
82306,2012-05-02,0.1960802646632978,0
82307,2012-05-02,0.34932812090367543,1
82308,2012-05-02,0.24271159778866394,0
82309,2012-05-02,0.47282414888272556,1
82310,2012-05-02,0.4367232507241461,1
82311,2012-05-02,0.4000382603005248,1
82312,2012-05-02,0.27512523143937717,0
82313,2012-05-02,0.3818075153850403,1
82314,2012-05-02,0.3459175650382551,0
82315,2012-05-02,0.45433229288223076,0
82316,2012-05-02,0.2447164239815997,1
82317,2012-05-02,0.34663661727676764,0
82318,2012-05-02,0.28501715061566446,1
82319,2012-05-02,0.5052237443184115,0
82320,2012-05-02,0.19227621806189696,0
82321,2012-05-02,0.37703015305615656,0
82322,2012-05-02,0.3268796126344149,0
82323,2012-05-02,0.38847074878990195,1
82324,2012-05-02,0.2319853487822172,1
82325,2012-05-02,0.2914415771844349,1
82326,2012-05-02,0.2983299688485073,0
82327,2012-05-02,0.992670540892864,1
82328,2012-05-02,0.513131138027945,1
82329,2012-05-02,0.968853133786302,0
82330,2012-05-02,0.24071536449582095,0
82331,2012-05-02,0.16561367342533997,0
82332,2012-05-02,0.4084672566577817,1
82333,2012-05-02,0.25058767506176055,0
82334,2012-05-02,0.3329104512232499,0
82335,2012-05-02,0.42121294134687537,1
82336,2012-05-02,0.49232752388771683,0
82337,2012-05-02,0.3377205883358213,0
82338,2012-05-02,0.3889682002977441,1
82339,2012-05-02,0.34071325896842763,1
82340,2012-05-02,0.3261677878756931,0
82341,2012-05-02,0.32777547930092604,0
82342,2012-05-02,0.33559492080919573,1
82343,2012-05-02,0.2763747353966997,1
82344,2012-05-02,0.20339099689180812,0
82345,2012-05-02,0.28045353379437643,0
82346,2012-05-02,0.3246083572517996,0
82347,2012-05-02,0.3976861039977066,1
82348,2012-05-02,0.29626634301172233,0
82349,2012-05-02,0.2691516087287666,0
82350,2012-05-02,0.2335253644720351,1
82351,2012-05-02,0.5552836516954468,0
82352,2012-05-02,0.30458665352756786,0
82353,2012-05-02,0.41114419520225487,0
82354,2012-05-02,0.3031271924956893,0
82355,2012-05-02,0.3736466954442521,0
82356,2012-05-02,0.23497599577412484,0
82357,2012-05-02,0.32791287635996674,1
82358,2012-05-02,0.39030931574736893,1
82359,2012-05-02,0.3247284412186665,1
82360,2012-05-02,0.3764062448386149,1
82361,2012-05-02,0.2917436052574705,0
82362,2012-05-02,0.29099678043520805,0
82363,2012-05-02,0.4353263056666108,1
82364,2012-05-02,0.42079458977192036,0
82365,2012-05-02,0.33725819884062164,0
82366,2012-05-02,0.4314133682554957,1
82367,2012-05-02,0.2621545022032661,0
82368,2012-05-02,0.24091918797613496,0
82369,2012-05-02,0.295467395553926,0
82370,2012-05-02,0.4640125976058964,1
82371,2012-05-02,0.6150292894460963,0
82372,2012-05-02,0.2913098476684431,0
82373,2012-05-02,0.3427261420017401,1
82374,2012-05-02,0.41424056037943974,1
82375,2012-05-02,0.39832446976227803,1
82376,2012-05-02,0.35089169407515575,1
82377,2012-05-02,0.3911558616565587,0
82378,2012-05-02,0.3082590844756416,0
82379,2012-05-02,0.268701613210123,0
82380,2012-05-02,0.3378499888135915,1
82381,2012-05-02,0.32600792459013117,1
82382,2012-05-02,0.39708081262278055,1
82383,2012-05-02,0.4750753626301617,0
82384,2012-05-02,0.4404029560988952,1
82385,2012-05-02,0.3582850506370809,0
82386,2012-05-02,0.79078953113496,0
82387,2012-05-02,0.22368129015928806,0
82388,2012-05-02,0.27026504744530055,0
82389,2012-05-02,0.30105666622343974,0
82390,2012-05-02,0.29305618400814964,0
82391,2012-05-02,0.39597682848223265,1
82392,2012-05-02,0.26787790448033827,0
82393,2012-05-02,0.4741396415714891,1
82394,2012-05-02,0.2531821007412747,0
82395,2012-05-02,0.46244234917051985,1
82396,2012-05-02,0.26691859524165,0
82397,2012-05-02,0.34774125148805574,0
82398,2012-05-02,0.2961735285641912,0
82399,2012-05-02,0.9443090901425766,0
82400,2012-05-02,0.37367680485355187,1
82401,2012-05-02,0.5431359377568884,1
82402,2012-05-02,0.39017905134180353,0
82403,2012-05-02,0.3394966236012942,0
82404,2012-05-02,0.28404488785406856,0
82405,2012-05-02,0.17476944152921403,1
82406,2012-05-02,0.35037159413732677,0
82407,2012-05-02,0.3073714959335551,0
82408,2012-05-02,0.44436152418036534,0
82409,2012-05-02,0.10466397167480201,0
82410,2012-05-02,0.369380121845681,0
82411,2012-05-02,0.2704937159822066,0
82412,2012-05-02,0.4091702074025951,1
82413,2012-05-02,0.3888898266256156,0
82414,2012-05-02,0.4498673946759494,1
82415,2012-05-02,0.19490351985001114,0
82416,2012-05-02,0.3672265755250663,1
82417,2012-05-02,0.3346580849796008,1
82418,2012-05-02,0.24560815713646653,1
82419,2012-05-02,0.339866167518311,1
82420,2012-05-02,0.3682609056657437,0
82421,2012-05-02,0.3467057380358405,1
82422,2012-05-02,0.3758225739585387,1
82423,2012-05-02,0.3520905839367012,0
82424,2012-05-02,0.24799691365571827,0
82425,2012-05-02,0.4046828924271382,1
82426,2012-05-02,0.4087718809739818,0
82427,2012-05-02,0.31033612747667644,0
82428,2012-05-02,0.29697065215987256,0
82429,2012-05-02,0.364708445938797,0
82430,2012-05-02,0.3005659750675356,0
82431,2012-05-02,0.2779081628786278,1
82432,2012-05-02,0.3044183433616695,1
82433,2012-05-02,0.4068957982157093,0
82434,2012-05-02,0.2399851080634765,1
82435,2012-05-02,0.40092727299720204,0
82436,2012-05-02,0.3417084981461499,0
82437,2012-05-02,0.32770783029537265,0
82438,2012-05-02,0.4150972976536528,1
82439,2012-05-02,0.3189542707755933,0
82440,2012-05-02,0.4984760094654393,0
82441,2012-05-02,0.3215651811341685,0
82442,2012-05-02,0.38966613713557297,0
82443,2012-05-02,0.25069420676185405,1
82444,2012-05-02,0.5437360783889056,1
82445,2012-05-02,0.2653520256212344,0
82446,2012-05-02,0.4714826545678123,0
82447,2012-05-02,0.34253865197589695,1
82448,2012-05-02,0.3629805673191307,0
82449,2012-05-02,0.3144197318328077,0
82450,2012-05-02,0.38838566457811835,0
82451,2012-05-02,0.25194795973719536,1
82452,2012-05-02,0.2717744721073332,0
82453,2012-05-02,0.37746460005366544,0
82454,2012-05-02,0.32103067794926227,0
82455,2012-05-02,0.2827241170936574,1
82456,2012-05-02,0.3106769759648406,0
82457,2012-05-02,0.2806319734016318,1
82458,2012-05-02,0.21343661069998793,1
82459,2012-05-02,0.6031030827353994,0
82460,2012-05-02,0.23533510048527137,1
82461,2012-05-02,0.31863579667464537,0
82462,2012-05-02,0.288191429056841,1
82463,2012-05-02,0.3305796176027187,0
82464,2012-05-02,0.31808184474804546,0
82465,2012-05-02,0.33481669592396646,0
82466,2012-05-02,0.24793463973211707,0
82467,2012-05-02,0.3142547754123392,0
82468,2012-05-02,0.9126556288130975,0
82469,2012-05-02,0.2699503812883932,1
82470,2012-05-02,0.22582963892961316,0
82471,2012-05-02,0.3063145605891715,0
82472,2012-05-02,0.22014866117040205,0
82473,2012-05-02,0.7284125523287087,1
82474,2012-05-02,0.4547172032290278,1
82475,2012-05-02,0.312862734413861,0
82476,2012-05-02,0.289624266135646,1
82477,2012-05-02,0.24706824794468918,1
82478,2012-05-02,0.35051155270917395,1
82479,2012-05-02,0.9746085843846172,0
82480,2012-05-02,0.3238398143816804,0
82481,2012-05-02,0.21878955566481906,0
82482,2012-05-02,0.3364618423401979,0
82483,2012-05-02,0.1733128665814394,0
82484,2012-05-02,0.23944949739990495,1
82485,2012-05-02,0.2826605392809591,1
82486,2012-05-02,0.19872363974727725,0
82487,2012-05-02,0.2911702738326372,1
82488,2012-05-02,0.286947650884505,1
82489,2012-05-02,0.3267733691130228,0
82490,2012-05-02,0.2564623101864104,1
82491,2012-05-02,0.24427732713548775,0
82492,2012-05-02,0.2760889985471036,1
82493,2012-05-02,0.31721933474553876,0
82494,2012-05-02,0.13961685540416954,0
82495,2012-05-02,0.3037069419944634,1
82496,2012-05-02,0.24304787124554228,0
82497,2012-05-02,0.28911563424482845,0
82498,2012-05-02,0.3628076670025528,0
82499,2012-05-02,0.24742813084589474,0
82500,2012-05-02,0.2723905364033716,0
82501,2012-05-02,0.33790944722649674,0
82502,2012-05-02,0.29661918131228415,0
82503,2012-05-02,0.1816705177698836,0
82504,2012-05-02,0.44906409513929146,0
82505,2012-05-02,0.3624482066983626,0
82506,2012-05-02,0.47605265814679343,1
82507,2012-05-02,0.29463345788821294,0
82508,2012-05-02,0.27274397364142255,1
82509,2012-05-02,0.3093449023592653,1
82510,2012-05-02,0.3864181883190988,0
82511,2012-05-02,0.40694317544523245,0
82512,2012-05-02,0.2543046611547819,0
82513,2012-05-02,0.34929730315123886,0
82514,2012-05-02,0.24955509849923188,1
82515,2012-05-02,0.42218550474137023,0
82516,2012-05-02,0.3331238380101779,0
82517,2012-05-02,0.16859610491607804,0
82518,2012-05-02,0.33864801018509744,1
82519,2012-05-02,0.19543100473711736,0
82520,2012-05-02,0.2553621308462144,0
82521,2012-05-02,0.3023107990974836,0
82522,2012-05-02,0.2833888531310199,0
82523,2012-05-02,0.25953464233078344,0
82524,2012-05-02,0.29249864170429524,0
82525,2012-05-02,0.3793622570570197,1
82526,2012-05-02,0.5408616623692906,0
82527,2012-05-02,0.33018862219357625,0
82528,2012-05-02,0.2627312961369781,0
82529,2012-05-02,0.3516361439415614,0
82530,2012-05-02,0.28461244290690124,1
82531,2012-05-02,0.38541646780630934,0
82532,2012-05-02,0.43177158992266845,0
82533,2012-05-02,0.30447276457962,0
82534,2012-05-02,0.2825910962662611,1
82535,2012-05-02,0.2038074046677408,0
82536,2012-05-02,0.18842347633285067,0
82537,2012-05-02,0.2969470960865487,1
82538,2012-05-02,0.2703027941880234,1
82539,2012-05-02,0.32139915796678387,1
82540,2012-05-02,0.4104139140004099,0
82541,2012-05-02,0.31817132462284403,1
82542,2012-05-02,0.3353112806283648,0
82543,2012-05-02,0.3261792345323577,1
82544,2012-05-02,0.2623543398295306,0
82545,2012-05-02,0.30137156310088953,0
82546,2012-05-02,0.33303930130560566,1
82547,2012-05-02,0.2395087844320321,1
82548,2012-05-02,0.35112870542015473,1
82549,2012-05-02,0.39166718160109726,0
82550,2012-05-02,0.23585704632904791,0
82551,2012-05-02,0.2773628240877773,0
82552,2012-05-03,0.2732397917462272,0
82553,2012-05-03,0.36464191608371416,0
82554,2012-05-03,0.4439894426557659,0
82555,2012-05-03,0.5143341115810308,0
82556,2012-05-03,0.29010359362193167,0
82557,2012-05-03,0.2107032131625797,0
82558,2012-05-03,0.4051407280159198,0
82559,2012-05-03,0.34709649487770416,0
82560,2012-05-03,0.32554141089707495,0
82561,2012-05-03,0.4636434551112071,0
82562,2012-05-03,0.4326911200838489,1
82563,2012-05-03,0.2928764920160172,0
82564,2012-05-03,0.3787335837449055,1
82565,2012-05-03,0.3175185533322712,1
82566,2012-05-03,0.6151189280728725,0
82567,2012-05-03,0.35368279208893705,1
82568,2012-05-03,0.2744302565871709,1
82569,2012-05-03,0.23341630721812606,1
82570,2012-05-03,0.2654185002943837,0
82571,2012-05-03,0.2617315990171017,0
82572,2012-05-03,0.5440352737650105,0
82573,2012-05-03,0.2461170411744464,1
82574,2012-05-03,0.3574301778739338,0
82575,2012-05-03,0.37942483903070084,0
82576,2012-05-03,0.5086295232916279,0
82577,2012-05-03,0.25774266276007174,0
82578,2012-05-03,0.37746437013499656,1
82579,2012-05-03,0.30894705870052375,0
82580,2012-05-03,0.46961743439602427,1
82581,2012-05-03,0.2859878196542651,0
82582,2012-05-03,0.19596883926031775,0
82583,2012-05-03,0.30494661465848977,0
82584,2012-05-03,0.24645087014688968,0
82585,2012-05-03,0.3109207388326952,0
82586,2012-05-03,0.29861113247554977,0
82587,2012-05-03,0.35678525398350514,1
82588,2012-05-03,0.28969570400134614,0
82589,2012-05-03,0.38558529004284187,1
82590,2012-05-03,0.1971731848579761,0
82591,2012-05-03,0.35133989514815595,1
82592,2012-05-03,0.5125442813972408,0
82593,2012-05-03,0.3140660404519969,0
82594,2012-05-03,0.25140537917515093,0
82595,2012-05-03,0.35785214878502875,0
82596,2012-05-03,0.36136725252529783,1
82597,2012-05-03,0.4118288608412662,1
82598,2012-05-03,0.2893138108716626,0
82599,2012-05-03,0.22010636870945535,1
82600,2012-05-03,0.34176687716014137,0
82601,2012-05-03,0.37731000699612466,0
82602,2012-05-03,0.3232253563556402,0
82603,2012-05-03,0.19018760402374144,0
82604,2012-05-03,0.30930634915599164,0
82605,2012-05-03,0.5704451382776806,0
82606,2012-05-03,0.31876376761530884,0
82607,2012-05-03,0.2603643925116621,0
82608,2012-05-03,0.38804242377444326,0
82609,2012-05-03,0.3803547281429246,0
82610,2012-05-03,0.3266820049244163,0
82611,2012-05-03,0.36354504672903337,0
82612,2012-05-03,0.24329142609970456,1
82613,2012-05-03,0.2281657336348454,1
82614,2012-05-03,0.31150202520681064,0
82615,2012-05-03,0.17684319167761864,0
82616,2012-05-03,0.23988751441285516,0
82617,2012-05-03,0.8980546864176758,1
82618,2012-05-03,0.2674309273747998,0
82619,2012-05-03,0.23513295439779552,0
82620,2012-05-03,0.39140864890495947,1
82621,2012-05-03,0.45370151879502435,0
82622,2012-05-03,0.2347759698805314,0
82623,2012-05-03,0.22194379380654855,0
82624,2012-05-03,0.37297093557266336,1
82625,2012-05-03,0.2956656118719145,0
82626,2012-05-03,0.30168434851868553,1
82627,2012-05-03,0.31286311054205135,0
82628,2012-05-03,0.1372190150115782,0
82629,2012-05-03,0.24451754126434552,0
82630,2012-05-03,0.353846331399122,1
82631,2012-05-03,0.3555216326388208,1
82632,2012-05-03,0.24020195125390792,0
82633,2012-05-03,0.3437403163627271,1
82634,2012-05-03,0.33068971352434007,1
82635,2012-05-03,0.3078934634874599,1
82636,2012-05-03,0.36867854167260905,0
82637,2012-05-03,0.334693399016541,0
82638,2012-05-03,0.25117389087664926,0
82639,2012-05-03,0.4824514433821501,0
82640,2012-05-03,0.2216121404831147,0
82641,2012-05-03,0.250407264087774,0
82642,2012-05-03,0.33974823997753184,0
82643,2012-05-03,0.4699693693862449,1
82644,2012-05-03,0.4554370487315103,1
82645,2012-05-03,0.31203939168761774,0
82646,2012-05-03,0.39836846628273226,0
82647,2012-05-03,0.35779432154833185,0
82648,2012-05-03,0.46792181691629786,0
82649,2012-05-03,0.21462939411773677,0
82650,2012-05-03,0.19323571827036487,0
82651,2012-05-03,0.5337761898927674,0
82652,2012-05-03,0.11730536455929459,0
82653,2012-05-03,0.3348059443683146,1
82654,2012-05-03,0.30515353251130256,0
82655,2012-05-03,0.3627941834737932,1
82656,2012-05-03,0.3157726916175985,0
82657,2012-05-03,0.31544126674918765,0
82658,2012-05-03,0.32363817462264355,1
82659,2012-05-03,0.23942178030432867,0
82660,2012-05-03,0.2695798072898216,0
82661,2012-05-03,0.35078360243335394,0
82662,2012-05-03,0.32795580794838636,0
82663,2012-05-03,0.3355369751457518,0
82664,2012-05-03,0.4175553747959938,1
82665,2012-05-03,0.5256301696425402,0
82666,2012-05-03,0.4024772069683716,1
82667,2012-05-03,0.45225720774873257,1
82668,2012-05-03,0.275470744190641,0
82669,2012-05-03,0.2554721646993337,0
82670,2012-05-03,0.36112431716897564,0
82671,2012-05-03,0.3809257072663398,0
82672,2012-05-03,0.28292067466265625,0
82673,2012-05-03,0.262353351508834,0
82674,2012-05-03,0.37149715113764403,0
82675,2012-05-03,0.2661562145825722,0
82676,2012-05-03,0.3790754969748994,1
82677,2012-05-03,0.6014607044647453,0
82678,2012-05-03,0.32676477265417925,0
82679,2012-05-03,0.3956612782986184,1
82680,2012-05-03,0.42849867212424164,0
82681,2012-05-03,0.29272462232631913,1
82682,2012-05-03,0.3566831898133863,1
82683,2012-05-03,0.566297062479698,0
82684,2012-05-03,0.9999039588814883,1
82685,2012-05-03,0.4677685037008398,0
82686,2012-05-03,0.36090562065070747,1
82687,2012-05-03,0.2501420341972391,0
82688,2012-05-03,0.23409758603129055,0
82689,2012-05-03,0.2453789961470713,0
82690,2012-05-03,0.11810574092736749,0
82691,2012-05-03,0.19044651384116043,0
82692,2012-05-03,0.2659790348541771,0
82693,2012-05-03,0.24415691021170796,0
82694,2012-05-03,0.27226872013110803,1
82695,2012-05-03,0.2635717487116239,0
82696,2012-05-03,0.2834888755787308,1
82697,2012-05-03,0.3222094842689061,0
82698,2012-05-03,0.17714181549766111,0
82699,2012-05-03,0.31380157107025985,0
82700,2012-05-03,0.3480943342656286,1
82701,2012-05-03,0.42643659506664305,1
82702,2012-05-03,0.2719320974749364,1
82703,2012-05-03,0.35637623963649356,0
82704,2012-05-03,0.2571738317212281,0
82705,2012-05-03,0.3889896597125332,1
82706,2012-05-03,0.4519591507945538,1
82707,2012-05-03,0.2759448399038158,0
82708,2012-05-03,0.22624678355128383,0
82709,2012-05-03,0.3038646544860481,0
82710,2012-05-03,0.3891397287539362,1
82711,2012-05-03,0.34394133998179055,1
82712,2012-05-03,0.263671937644992,1
82713,2012-05-03,0.20419527288068656,1
82714,2012-05-03,0.3927746064137573,0
82715,2012-05-03,0.32765337865159727,0
82716,2012-05-03,0.8731943438219412,0
82717,2012-05-03,0.30401581715908865,0
82718,2012-05-03,0.39954566280765935,0
82719,2012-05-03,0.7478872611330923,0
82720,2012-05-03,0.2607259856944322,0
82721,2012-05-03,0.3026979121187114,0
82722,2012-05-03,0.3079203832112201,0
82723,2012-05-03,0.9060301718728059,1
82724,2012-05-03,0.2364600578985927,0
82725,2012-05-03,0.19637166770192457,0
82726,2012-05-03,0.31247529561272436,0
82727,2012-05-03,0.21214266501293513,0
82728,2012-05-03,0.2941819063803092,0
82729,2012-05-03,0.2690565147325662,0
82730,2012-05-03,0.3856322587567903,0
82731,2012-05-03,0.3010572235433127,0
82732,2012-05-03,0.5475846759329834,0
82733,2012-05-03,0.4481192984912355,1
82734,2012-05-03,0.27439471080832883,1
82735,2012-05-03,0.2613143127416571,0
82736,2012-05-03,0.5078401619204438,0
82737,2012-05-03,0.43968568981292333,0
82738,2012-05-03,0.26523397157798967,0
82739,2012-05-03,0.18435687870012155,0
82740,2012-05-03,0.27412818791144344,1
82741,2012-05-03,0.31241383332238515,0
82742,2012-05-03,0.2479102011707258,0
82743,2012-05-03,0.4603863468163031,0
82744,2012-05-03,0.33013729628352145,1
82745,2012-05-03,0.35299156760014944,0
82746,2012-05-03,0.30903629294409224,0
82747,2012-05-03,0.3118135120328685,0
82748,2012-05-03,0.23057295711005737,1
82749,2012-05-03,0.28149576353820255,0
82750,2012-05-03,0.2812228609610966,0
82751,2012-05-03,0.42872859266657054,0
82752,2012-05-03,0.44766889004343663,0
82753,2012-05-03,0.45255573367377355,1
82754,2012-05-03,0.3300002630488487,0
82755,2012-05-03,0.21434488393754117,0
82756,2012-05-03,0.10330311042266117,0
82757,2012-05-03,0.37048273295004436,1
82758,2012-05-03,0.30610366843216835,0
82759,2012-05-03,0.3448321394023233,0
82760,2012-05-03,0.24928351467747883,0
82761,2012-05-03,0.41208153606106074,1
82762,2012-05-03,0.32123599424530036,0
82763,2012-05-03,0.28978358174459634,0
82764,2012-05-03,0.32023316811357533,0
82765,2012-05-03,0.39733903426242256,0
82766,2012-05-04,0.3447464059929024,1
82767,2012-05-04,0.35264418855582214,0
82768,2012-05-04,0.26176299601126396,0
82769,2012-05-04,0.9998568718952219,1
82770,2012-05-04,0.5571946419133653,1
82771,2012-05-04,0.3469708444735428,1
82772,2012-05-04,0.35470351867889033,0
82773,2012-05-04,0.3456323474733358,1
82774,2012-05-04,0.32126719514907176,0
82775,2012-05-04,0.28982267302002,0
82776,2012-05-04,0.40731706071091134,0
82777,2012-05-04,0.3659439940709042,0
82778,2012-05-04,0.2993212611945138,1
82779,2012-05-04,0.4506366199444929,0
82780,2012-05-04,0.29308488555841694,0
82781,2012-05-04,0.8234012384550498,0
82782,2012-05-04,0.2573352574870926,1
82783,2012-05-04,0.4472789280196256,1
82784,2012-05-04,0.322398197112356,0
82785,2012-05-04,0.12387216622714205,0
82786,2012-05-04,0.3177508592986216,0
82787,2012-05-04,0.3652591902899617,1
82788,2012-05-04,0.2855114803133238,1
82789,2012-05-04,0.25817798816588916,1
82790,2012-05-04,0.1117504979098441,0
82791,2012-05-04,0.2775191333487042,0
82792,2012-05-04,0.3924497120920492,0
82793,2012-05-04,0.21105884052720691,1
82794,2012-05-04,0.37292090545175804,1
82795,2012-05-04,0.31635656827687986,1
82796,2012-05-04,0.1774221495490587,0
82797,2012-05-04,0.3537205587865714,0
82798,2012-05-04,0.3663684649549209,1
82799,2012-05-04,0.28507252179129433,0
82800,2012-05-04,0.37487609312823356,0
82801,2012-05-04,0.2829800818814241,0
82802,2012-05-04,0.42856184231585465,0
82803,2012-05-04,0.25894681162406213,0
82804,2012-05-04,0.28005778751628363,0
82805,2012-05-04,0.3567470299631381,0
82806,2012-05-04,0.23922912399548846,0
82807,2012-05-04,0.337727444824909,0
82808,2012-05-04,0.2956170772334609,0
82809,2012-05-04,0.27063372614665043,1
82810,2012-05-04,0.33748756162143906,0
82811,2012-05-04,0.2783478131700744,0
82812,2012-05-04,0.4128354769909794,1
82813,2012-05-04,0.29307981333370253,1
82814,2012-05-04,0.5812605788008611,1
82815,2012-05-04,0.3906656606189955,0
82816,2012-05-04,0.42575049147617083,0
82817,2012-05-04,0.30005042113212155,0
82818,2012-05-04,0.3378645008262208,1
82819,2012-05-04,0.2144126349068642,1
82820,2012-05-04,0.4643349539312107,1
82821,2012-05-04,0.26789779247251655,0
82822,2012-05-04,0.4506606743495654,1
82823,2012-05-04,0.28119384831324057,0
82824,2012-05-04,0.2390849907321237,1
82825,2012-05-04,0.25671859324113055,1
82826,2012-05-04,0.4682285312222719,1
82827,2012-05-04,0.27415595162143314,0
82828,2012-05-04,0.4987160175655596,1
82829,2012-05-04,0.26280622265254316,0
82830,2012-05-04,0.32855106274292556,0
82831,2012-05-04,0.2989232669215782,1
82832,2012-05-04,0.586911312653561,0
82833,2012-05-04,0.24375884628427125,1
82834,2012-05-04,0.3587264804615632,0
82835,2012-05-04,0.2948530798369456,0
82836,2012-05-04,0.22639598637481337,0
82837,2012-05-04,0.34331535056794515,1
82838,2012-05-04,0.2951225514302666,0
82839,2012-05-04,0.35738507328538566,0
82840,2012-05-04,0.2794235968689642,0
82841,2012-05-04,0.5087269023457052,1
82842,2012-05-04,0.22477252225310845,0
82843,2012-05-04,0.3089677515028252,0
82844,2012-05-04,0.39078834503887333,0
82845,2012-05-04,0.3575610130901744,0
82846,2012-05-04,0.2117247621268569,1
82847,2012-05-04,0.24663114721365978,0
82848,2012-05-04,1.0,0
82849,2012-05-04,0.26966114780690886,0
82850,2012-05-04,0.26069693987810794,0
82851,2012-05-04,0.34433918431979615,1
82852,2012-05-04,0.3443307956363619,0
82853,2012-05-04,0.24911693437325116,1
82854,2012-05-04,0.3561506474869699,1
82855,2012-05-04,0.24464030161233594,0
82856,2012-05-04,0.37667784393644016,0
82857,2012-05-04,0.26776555744216346,0
82858,2012-05-04,0.19595811009400976,0
82859,2012-05-04,0.4467156758871265,1
82860,2012-05-04,0.3748620911312416,0
82861,2012-05-04,0.4011948186096002,0
82862,2012-05-04,0.32157751749989794,0
82863,2012-05-04,0.17243398080574268,1
82864,2012-05-04,0.22197242625030547,1
82865,2012-05-04,0.20449919323773627,0
82866,2012-05-04,0.5147749029692346,0
82867,2012-05-04,0.3180091880262239,0
82868,2012-05-04,0.31477154740273305,0
82869,2012-05-04,0.34530912662029617,0
82870,2012-05-04,0.33477253250505357,0
82871,2012-05-04,0.3983659013995408,0
82872,2012-05-04,0.22482762170673984,0
82873,2012-05-04,0.3695868353549079,0
82874,2012-05-04,0.20849427973871612,0
82875,2012-05-04,0.17243398080574268,1
82876,2012-05-04,0.3416728954878482,1
82877,2012-05-04,0.8651913793249346,1
82878,2012-05-04,0.4330880873862167,0
82879,2012-05-04,0.2747878792997323,0
82880,2012-05-04,0.4088799365652765,0
82881,2012-05-04,0.4122368528255023,0
82882,2012-05-04,0.31325280323604804,0
82883,2012-05-04,0.3351010062395117,0
82884,2012-05-04,0.35915756174727204,0
82885,2012-05-04,0.31353732057880007,0
82886,2012-05-04,0.3415752963439089,1
82887,2012-05-04,0.31580489789065197,0
82888,2012-05-04,0.23575372026957556,0
82889,2012-05-04,0.3784515646344561,0
82890,2012-05-04,0.2585026241301855,0
82891,2012-05-04,0.34906201114151914,0
82892,2012-05-04,0.2738431915586327,0
82893,2012-05-04,0.26292868285537363,1
82894,2012-05-04,0.3476199758592591,0
82895,2012-05-04,0.36583118854472546,1
82896,2012-05-04,0.44949336799745604,0
82897,2012-05-04,0.38657475061873936,1
82898,2012-05-04,0.36168050631362025,0
82899,2012-05-04,0.25627973412396676,1
82900,2012-05-04,0.2932414494786432,0
82901,2012-05-04,0.11110806993463637,0
82902,2012-05-04,0.22145489058153692,1
82903,2012-05-04,0.28203768427692866,0
82904,2012-05-04,0.47272442821327365,1
82905,2012-05-04,0.27421219436915345,0
82906,2012-05-04,0.3260838291250738,0
82907,2012-05-04,0.35876450115127995,0
82908,2012-05-04,0.32897969140472866,1
82909,2012-05-04,0.4722290244483302,1
82910,2012-05-04,0.323429534018878,1
82911,2012-05-04,0.8324656034852093,1
82912,2012-05-04,0.1531558733866459,1
82913,2012-05-04,0.47233235533169815,0
82914,2012-05-04,0.25613181178011263,1
82915,2012-05-04,0.6379494178468534,1
82916,2012-05-04,0.23838690951001362,1
82917,2012-05-04,0.3543425819537487,0
82918,2012-05-04,0.2190603922112708,0
82919,2012-05-04,0.4309204698442165,1
82920,2012-05-04,0.34020559003623196,0
82921,2012-05-04,0.20184476153986697,0
82922,2012-05-04,0.4545864837522513,1
82923,2012-05-04,0.323030865881276,0
82924,2012-05-04,0.26403644612351257,1
82925,2012-05-04,0.32323517007168984,0
82926,2012-05-04,0.25443715717537935,1
82927,2012-05-04,0.3234567948304821,1
82928,2012-05-04,0.3652763022142376,1
82929,2012-05-04,0.18820732260163545,1
82930,2012-05-04,0.3137417400693701,0
82931,2012-05-04,0.6920197938456983,0
82932,2012-05-04,0.3256422550911686,0
82933,2012-05-04,0.3791569058119602,0
82934,2012-05-04,0.2824799062677841,1
82935,2012-05-04,0.9776111850684756,0
82936,2012-05-04,0.24052219330069272,0
82937,2012-05-04,0.3094637446794736,0
82938,2012-05-04,0.23022844828224165,0
82939,2012-05-04,0.5287519533486121,1
82940,2012-05-04,0.3301716801293919,0
82941,2012-05-04,0.3692421016773228,0
82942,2012-05-04,0.3023677106710908,0
82943,2012-05-04,0.356655810830391,0
82944,2012-05-04,0.23577475080660698,0
82945,2012-05-04,0.2946534412638919,0
82946,2012-05-04,0.3542071583516606,0
82947,2012-05-04,0.14857792897924751,0
82948,2012-05-04,0.41534517840534174,1
82949,2012-05-04,0.3379024966800743,1
82950,2012-05-04,0.24573832347681895,0
82951,2012-05-04,0.2842260099673286,0
82952,2012-05-04,0.3045594717680967,0
82953,2012-05-04,0.3633169386448727,0
82954,2012-05-04,0.3680040234372372,0
82955,2012-05-04,0.40276052467442347,1
82956,2012-05-04,0.48783331882407194,0
82957,2012-05-04,0.226179171777006,0
82958,2012-05-04,0.288963341542919,1
82959,2012-05-04,0.2924424861875861,1
82960,2012-05-04,0.2078473102498524,0
82961,2012-05-04,0.2919224259324533,1
82962,2012-05-04,0.4029949586923359,0
82963,2012-05-04,0.33898153915642165,0
82964,2012-05-04,0.2846622338989409,0
82965,2012-05-04,0.29121269567915004,1
82966,2012-05-04,0.39455080599205494,1
82967,2012-05-04,0.30036097115623017,0
82968,2012-05-04,0.304004248896327,0
82969,2012-05-04,0.3311940134265131,1
82970,2012-05-04,0.30472978210789203,1
82971,2012-05-04,0.20679211205585057,0
82972,2012-05-04,0.1901304924265096,0
82973,2012-05-04,0.22785358271710202,0
82974,2012-05-04,0.30770250940657856,0
82975,2012-05-04,0.20308681002046092,1
82976,2012-05-04,0.2575457579790715,0
82977,2012-05-04,0.3752797271261756,0
82978,2012-05-04,0.5169572076065752,1
82979,2012-05-04,0.26655546442735345,0
82980,2012-05-04,0.37975671532987576,1
82981,2012-05-04,0.2314740626904967,0
82982,2012-05-04,0.3006909339886037,0
82983,2012-05-04,0.36268605607002025,0
82984,2012-05-04,0.18559836855807396,0
82985,2012-05-04,0.30175574928165366,1
82986,2012-05-04,0.3804033993105958,1
82987,2012-05-04,0.3159702129461482,1
82988,2012-05-04,0.43177787692945313,0
82989,2012-05-04,0.3572430883869136,0
82990,2012-05-04,0.2474488337255509,0
82991,2012-05-04,0.1970749706660514,0
82992,2012-05-04,0.2811624750251408,0
82993,2012-05-04,0.2973102034750461,0
82994,2012-05-04,0.3494037104839731,0
82995,2012-05-04,0.36421192478854,1
82996,2012-05-04,0.33270612053704907,1
82997,2012-05-04,0.3340551115430466,0
82998,2012-05-05,0.33264753402162567,0
82999,2012-05-05,0.25785553702689407,1
83000,2012-05-05,0.3492527082634969,1
83001,2012-05-05,0.4137339150270238,0
83002,2012-05-05,0.3507475376235649,0
83003,2012-05-05,0.4702145923410164,0
83004,2012-05-05,0.3078252987217696,0
83005,2012-05-05,0.3763792042633721,0
83006,2012-05-05,0.31084671436828953,0
83007,2012-05-05,0.39931031695341546,0
83008,2012-05-05,0.1840595789780846,1
83009,2012-05-05,0.2535473809835464,1
83010,2012-05-05,0.2862243778091872,0
83011,2012-05-05,0.3039601961091149,0
83012,2012-05-05,0.2696547374076605,1
83013,2012-05-05,0.2202452757878213,0
83014,2012-05-05,0.2679761261556389,0
83015,2012-05-05,0.21708966263660964,0
83016,2012-05-05,0.39535407796872457,1
83017,2012-05-05,0.2916028316163624,1
83018,2012-05-05,0.2061157156152439,1
83019,2012-05-05,0.3408988396764262,0
83020,2012-05-05,0.31677325898394776,0
83021,2012-05-05,0.2498438606603278,0
83022,2012-05-05,0.31133539203344046,1
83023,2012-05-05,0.31753458068668283,0
83024,2012-05-05,0.36857834919607857,1
83025,2012-05-05,0.419447891611278,1
83026,2012-05-05,0.22776906883482018,0
83027,2012-05-05,0.24398078753967312,0
83028,2012-05-05,0.27439407265681975,1
83029,2012-05-05,0.3048672580424996,0
83030,2012-05-05,0.22573678850608822,0
83031,2012-05-05,0.3497787939206002,0
83032,2012-05-05,0.17717376258207593,0
83033,2012-05-05,0.23162713004481925,1
83034,2012-05-05,0.46963261684762864,0
83035,2012-05-05,0.3030366175531917,0
83036,2012-05-05,0.37636395494042985,0
83037,2012-05-05,0.4147784550332319,0
83038,2012-05-05,0.2024229066436435,0
83039,2012-05-05,0.3653522835873319,0
83040,2012-05-05,0.38265332175218447,0
83041,2012-05-05,0.2899787027392369,0
83042,2012-05-05,0.4424822138932935,1
83043,2012-05-05,0.4622067110971336,0
83044,2012-05-05,0.34794070761555,0
83045,2012-05-05,0.41153482293945687,1
83046,2012-05-05,0.26896906187842146,0
83047,2012-05-05,0.42019964985913283,0
83048,2012-05-05,0.3497356910375499,0
83049,2012-05-05,0.34523095688555844,1
83050,2012-05-05,0.30650092617618546,0
83051,2012-05-05,0.3921797732540804,0
83052,2012-05-05,0.5879959388204459,1
83053,2012-05-05,0.2557165072562864,0
83054,2012-05-05,0.3514562234781158,1
83055,2012-05-05,0.36568352412791466,0
83056,2012-05-05,0.24171274300365528,0
83057,2012-05-05,0.8904748348875791,0
83058,2012-05-05,0.3265725985353473,0
83059,2012-05-05,0.15866679851971685,0
83060,2012-05-05,0.2924740521476221,0
83061,2012-05-05,0.5049070213708228,1
83062,2012-05-05,0.2541874931263736,0
83063,2012-05-05,0.3086881515381397,1
83064,2012-05-05,0.5311695346982327,1
83065,2012-05-05,0.3570007606885361,0
83066,2012-05-05,0.28421965238544866,0
83067,2012-05-05,0.17336309194013516,0
83068,2012-05-05,0.3386482165045251,0
83069,2012-05-05,0.18625354047994294,0
83070,2012-05-05,0.3607747698716908,1
83071,2012-05-05,0.7137120220415609,0
83072,2012-05-05,0.3790344661191284,1
83073,2012-05-05,0.2133542303461014,0
83074,2012-05-05,0.3485653428684817,0
83075,2012-05-05,0.3864797458604716,1
83076,2012-05-05,0.2947530946319499,0
83077,2012-05-05,0.19066990746443555,0
83078,2012-05-05,0.18869668781811783,0
83079,2012-05-05,0.4233035744546436,1
83080,2012-05-05,0.4822675110336238,1
83081,2012-05-05,0.9871066033539673,1
83082,2012-05-05,0.35807073567171316,0
83083,2012-05-05,0.21420395382133817,0
83084,2012-05-05,0.39706617475302736,1
83085,2012-05-05,0.3001105539868995,0
83086,2012-05-05,0.16747717497538597,0
83087,2012-05-05,0.2924077292917711,0
83088,2012-05-05,0.2839447495906016,0
83089,2012-05-05,0.4640655688799161,1
83090,2012-05-05,0.3149374472088505,1
83091,2012-05-05,0.4455827406934608,0
83092,2012-05-05,0.31192138189542157,0
83093,2012-05-05,0.25362886280037145,0
83094,2012-05-05,0.2420131544552855,0
83095,2012-05-05,0.5013184412522742,0
83096,2012-05-05,0.5129682893616162,1
83097,2012-05-05,0.2597373968560144,0
83098,2012-05-05,0.2511100366802995,0
83099,2012-05-05,0.36600174211740183,1
83100,2012-05-05,0.27526882874782516,0
83101,2012-05-05,0.16400950746477955,0
83102,2012-05-05,0.41909299721167254,1
83103,2012-05-05,0.41682014406479406,1
83104,2012-05-05,0.31273824843619313,0
83105,2012-05-05,0.2660894316561793,0
83106,2012-05-05,0.39470265097327134,0
83107,2012-05-05,0.3623782361914477,1
83108,2012-05-05,0.42875059610636074,1
83109,2012-05-05,0.40231957435473026,0
83110,2012-05-05,0.16962466895930445,0
83111,2012-05-05,0.34894256859742345,0
83112,2012-05-06,0.24220787762732893,0
83113,2012-05-06,0.2238344956459589,0
83114,2012-05-06,0.21411427261179472,1
83115,2012-05-06,0.42020496118125455,0
83116,2012-05-06,0.3124361172439036,1
83117,2012-05-06,0.5489545802108445,0
83118,2012-05-06,0.2927785661752259,1
83119,2012-05-06,0.45056119119651167,1
83120,2012-05-06,0.23068973629668396,0
83121,2012-05-06,0.2081247512514523,0
83122,2012-05-06,0.3425421008690823,0
83123,2012-05-06,0.4239462364807773,1
83124,2012-05-06,0.31206173440206547,0
83125,2012-05-06,0.3054377985107461,1
83126,2012-05-06,0.38331660270777573,1
83127,2012-05-06,0.2977242299173119,1
83128,2012-05-06,0.3955804449686147,0
83129,2012-05-06,0.2582213383114502,0
83130,2012-05-06,0.4360454524893964,1
83131,2012-05-06,0.3653238289108537,0
83132,2012-05-06,0.31023082411351355,0
83133,2012-05-06,0.22096039254129238,0
83134,2012-05-06,0.20526137170708003,0
83135,2012-05-06,0.2710976231824729,0
83136,2012-05-06,0.1519455128046333,0
83137,2012-05-06,0.3311240806243055,0
83138,2012-05-06,0.28850509562238114,0
83139,2012-05-06,0.3077792049001765,1
83140,2012-05-06,0.34466945463629817,0
83141,2012-05-06,0.3002282814915743,0
83142,2012-05-06,0.6122037812731546,1
83143,2012-05-06,0.3435848870730357,1
83144,2012-05-06,0.37184420715541,0
83145,2012-05-06,0.40978735410301864,1
83146,2012-05-06,0.36172043912973545,0
83147,2012-05-06,0.29636919683065927,0
83148,2012-05-06,0.31540746838947337,1
83149,2012-05-06,0.26752207870143774,1
83150,2012-05-06,0.29161616891339504,0
83151,2012-05-06,0.24731814226892063,0
83152,2012-05-06,0.3215388901580828,0
83153,2012-05-06,0.24724366845522705,0
83154,2012-05-06,0.36969699722168264,1
83155,2012-05-06,0.3398110999191056,0
83156,2012-05-06,0.40111996977951564,1
83157,2012-05-06,0.47944884081568145,0
83158,2012-05-06,0.26716184593612313,0
83159,2012-05-06,0.287252631197983,0
83160,2012-05-06,0.15447547768430414,0
83161,2012-05-06,0.37486607203311473,0
83162,2012-05-06,0.36134052175611264,1
83163,2012-05-06,0.3332936135099597,1
83164,2012-05-06,0.2570015932548184,0
83165,2012-05-06,0.3398780708157382,0
83166,2012-05-06,0.09080697506955701,0
83167,2012-05-06,0.17443980184421584,1
83168,2012-05-06,0.26335461561274887,1
83169,2012-05-06,0.32082898803012366,1
83170,2012-05-06,0.280067730434719,0
83171,2012-05-06,0.3997501846002184,0
83172,2012-05-06,0.327476962797742,0
83173,2012-05-06,0.2686633041912533,0
83174,2012-05-06,0.26046385563480073,1
83175,2012-05-06,0.23046589257996483,0
83176,2012-05-06,0.4178801411184353,0
83177,2012-05-06,0.2101908268170514,0
83178,2012-05-06,0.39985217293450426,0
83179,2012-05-06,0.31178826762543965,0
83180,2012-05-06,0.3756760886470828,0
83181,2012-05-06,0.27979101076716184,1
83182,2012-05-06,0.30960766195536477,0
83183,2012-05-06,0.28816278623712543,0
83184,2012-05-06,0.31982601944234196,0
83185,2012-05-06,0.3789207942763191,1
83186,2012-05-06,0.29761490589721595,0
83187,2012-05-06,0.3132805617000982,0
83188,2012-05-06,0.2387796166891899,0
83189,2012-05-06,0.3909831418545936,0
83190,2012-05-06,0.31704016831240533,0
83191,2012-05-06,0.5490774890427554,1
83192,2012-05-06,0.3611738363032667,1
83193,2012-05-06,0.14686322322507953,0
83194,2012-05-06,0.26553967021677394,0
83195,2012-05-06,0.32953813739318966,0
83196,2012-05-06,0.3547894299667233,0
83197,2012-05-06,0.4474605545985543,1
83198,2012-05-06,0.32651751783750355,0
83199,2012-05-06,0.28035582486378735,0
83200,2012-05-06,0.31690565643936114,0
83201,2012-05-06,0.39467616107483,1
83202,2012-05-06,0.48158796452930147,0
83203,2012-05-06,0.42357396520414864,0
83204,2012-05-06,0.2596655434254535,1
83205,2012-05-06,0.2566998003146103,0
83206,2012-05-06,0.21580865846758834,1
83207,2012-05-06,0.5962462806660703,1
83208,2012-05-06,0.17507629781714845,1
83209,2012-05-06,0.2918817085081829,1
83210,2012-05-06,0.2788985686116207,0
83211,2012-05-06,0.19999599396596626,0
83212,2012-05-06,0.40602159500076807,0
83213,2012-05-06,0.34139373673396234,0
83214,2012-05-06,0.26066598003661123,1
83215,2012-05-06,0.36498208103849483,1
83216,2012-05-06,0.23327290995683211,0
83217,2012-05-06,0.3260066387593923,0
83218,2012-05-06,0.18509694009964414,0
83219,2012-05-06,0.27609610424309317,0
83220,2012-05-06,0.42807067934638776,0
83221,2012-05-06,0.2802925509161192,0
83222,2012-05-06,0.4181667248770252,0
83223,2012-05-06,0.2514542018200938,0
83224,2012-05-06,0.32591312274777784,0
83225,2012-05-06,0.31656606642429785,0
83226,2012-05-06,0.2923355939009953,0
83227,2012-05-06,0.4595487623371731,1
83228,2012-05-06,0.312704778862532,0
83229,2012-05-06,0.37553777900682184,0
83230,2012-05-06,0.29973210055734695,0
83231,2012-05-06,0.341659161470904,0
83232,2012-05-06,0.3120824527409632,1
83233,2012-05-06,0.32464439075282675,0
83234,2012-05-06,0.29175101573776496,0
83235,2012-05-06,0.19215178855643592,0
83236,2012-05-06,0.39010700028830925,1
83237,2012-05-06,0.30990302427389976,0
83238,2012-05-06,0.14742077417590052,0
83239,2012-05-06,0.39148677880403626,0
83240,2012-05-06,0.4214249484856576,1
83241,2012-05-06,0.4299742915509211,1
83242,2012-05-06,0.2179260660553028,0
83243,2012-05-06,0.4169941371791809,1
83244,2012-05-06,0.28525135550293107,1
83245,2012-05-06,0.19149230760194433,1
83246,2012-05-06,0.39378696267524466,0
83247,2012-05-06,0.2507840641851317,1
83248,2012-05-06,0.3571653371770324,0
83249,2012-05-06,0.26022582083862456,1
83250,2012-05-06,0.3291896016075814,1
83251,2012-05-06,0.35086648350716454,0
83252,2012-05-06,0.3009645725115663,0
83253,2012-05-06,0.36378591281350936,0
83254,2012-05-06,0.4904331930312295,0
83255,2012-05-06,0.30763404874076244,0
83256,2012-05-06,0.2284912215015828,0
83257,2012-05-06,0.16920309852767657,0
83258,2012-05-06,0.28296042344769257,0
83259,2012-05-06,0.29537317965129006,0
83260,2012-05-06,0.3513262082316233,0
83261,2012-05-06,0.30940994883378037,0
83262,2012-05-06,0.21678802090223653,0
83263,2012-05-06,0.3035053678178293,1
83264,2012-05-06,0.4941214150822213,1
83265,2012-05-06,0.1641625177226818,0
83266,2012-05-06,0.5273512188684275,1
83267,2012-05-06,0.19696704215256214,0
83268,2012-05-06,0.33488773119266946,0
83269,2012-05-06,0.2014374941468193,0
83270,2012-05-06,0.30260882715160003,0
83271,2012-05-06,0.34301872223850555,1
83272,2012-05-06,0.33562773515447725,1
83273,2012-05-06,0.35754277926997796,0
83274,2012-05-06,0.1694584520280741,0
83275,2012-05-06,0.31531954941155926,0
83276,2012-05-06,0.4297084417832274,0
83277,2012-05-06,0.35133883926493786,1
83278,2012-05-06,0.13989745181290014,0
83279,2012-05-06,0.25658722831490555,0
83280,2012-05-06,0.40072583150664093,0
83281,2012-05-06,0.29079147877367467,0
83282,2012-05-06,0.3690627172183779,1
83283,2012-05-06,0.3161718540011435,1
83284,2012-05-06,0.34585618252332495,0
83285,2012-05-06,0.2347548038105948,1
83286,2012-05-06,0.2794857920341586,0
83287,2012-05-06,0.366333121216186,0
83288,2012-05-06,0.4012272859617584,1
83289,2012-05-06,0.396804949148812,0
83290,2012-05-06,0.42891266826590935,0
83291,2012-05-06,0.43194882516424926,0
83292,2012-05-06,0.29592708395967204,1
83293,2012-05-06,0.22111373409314702,1
83294,2012-05-06,0.3444168153550229,0
83295,2012-05-06,0.5568255412263293,1
83296,2012-05-06,0.19721696101168426,0
83297,2012-05-06,0.25327971490955425,1
83298,2012-05-06,0.2851103629381962,0
83299,2012-05-06,0.2473071108332518,1
83300,2012-05-06,0.415465309251399,1
83301,2012-05-06,0.48044280436795955,1
83302,2012-05-06,0.170919435440425,0
83303,2012-05-06,0.36667045075968063,1
83304,2012-05-06,0.3478573693499805,1
83305,2012-05-07,0.25495096656444277,0
83306,2012-05-07,0.3937400510305504,0
83307,2012-05-07,0.19972536398795715,1
83308,2012-05-07,0.3032287265978934,0
83309,2012-05-07,0.3751713505758659,0
83310,2012-05-07,0.2123298302768523,1
83311,2012-05-07,0.3165066730808275,1
83312,2012-05-07,0.26650826368485553,0
83313,2012-05-07,0.3497810255515517,1
83314,2012-05-07,0.38761128665785377,0
83315,2012-05-07,0.3679816244673022,0
83316,2012-05-07,0.4157586116635174,1
83317,2012-05-07,0.4846379394378294,0
83318,2012-05-07,0.42998865446527645,0
83319,2012-05-07,0.31186834984370554,0
83320,2012-05-07,0.43606655919537624,0
83321,2012-05-07,0.42156087634842104,0
83322,2012-05-07,0.25602839594112514,0
83323,2012-05-07,0.3858572124015599,0
83324,2012-05-07,0.5165058320120376,1
83325,2012-05-07,0.49855104527406546,1
83326,2012-05-07,0.3432915409891329,0
83327,2012-05-07,0.23240324791659253,0
83328,2012-05-07,0.544538279194289,0
83329,2012-05-07,0.24656299208077612,0
83330,2012-05-07,0.49733313519037314,1
83331,2012-05-07,0.4628514244215235,0
83332,2012-05-07,0.2280709669816109,1
83333,2012-05-07,0.4667016164936941,0
83334,2012-05-07,0.44169201657932416,1
83335,2012-05-07,0.4022612295772553,0
83336,2012-05-07,0.250597323249962,0
83337,2012-05-07,0.36630104519605894,0
83338,2012-05-07,0.3270680500877212,0
83339,2012-05-07,0.2905269319056264,1
83340,2012-05-07,0.288754757441948,0
83341,2012-05-07,0.31287177914553,0
83342,2012-05-07,0.35398474907208943,0
83343,2012-05-07,0.2758042105492999,0
83344,2012-05-07,0.2874330519369312,0
83345,2012-05-07,0.273704120293908,1
83346,2012-05-07,0.26485484181159025,0
83347,2012-05-07,0.2111592011330936,0
83348,2012-05-07,0.3422159121291923,1
83349,2012-05-07,0.31617957194247936,0
83350,2012-05-07,0.2536778844508299,0
83351,2012-05-07,0.23444604934795865,0
83352,2012-05-07,0.15154320650203149,0
83353,2012-05-07,0.36969780458501444,0
83354,2012-05-07,0.2809841295742083,1
83355,2012-05-07,0.15847615607676852,0
83356,2012-05-07,0.29841897892109,0
83357,2012-05-07,0.2695001538291727,1
83358,2012-05-07,0.18172941025869568,0
83359,2012-05-07,0.22688243137553943,0
83360,2012-05-07,0.1954999721411835,0
83361,2012-05-07,0.30655534915545407,0
83362,2012-05-07,0.24306376641030164,0
83363,2012-05-07,0.24061017801590898,0
83364,2012-05-07,0.31724105276043346,0
83365,2012-05-07,0.34787314731200986,1
83366,2012-05-07,0.2373293324729055,0
83367,2012-05-07,0.29803428981710517,1
83368,2012-05-07,0.24164439220896397,1
83369,2012-05-07,0.5086113007414672,0
83370,2012-05-07,0.4831092482430482,0
83371,2012-05-07,0.3840564094201865,1
83372,2012-05-07,0.30241810793306817,0
83373,2012-05-07,0.2958392393145919,0
83374,2012-05-07,0.326686933901325,0
83375,2012-05-07,0.43349059879005886,0
83376,2012-05-07,0.19023165981942816,1
83377,2012-05-07,0.2887387849133844,0
83378,2012-05-07,0.3514084938525678,1
83379,2012-05-07,0.22420193974643868,0
83380,2012-05-07,0.22219218791231382,0
83381,2012-05-07,0.2575692228113276,0
83382,2012-05-07,0.22097499827271277,0
83383,2012-05-07,0.3034725694356583,1
83384,2012-05-07,0.3393069937021579,0
83385,2012-05-07,0.27601147186652025,0
83386,2012-05-07,0.23025757893874277,1
83387,2012-05-07,0.29244741565458976,1
83388,2012-05-07,0.281787257166002,0
83389,2012-05-07,0.3378940640512215,0
83390,2012-05-07,0.12002294762502032,0
83391,2012-05-07,0.39089904007292225,0
83392,2012-05-07,0.41006157958578776,0
83393,2012-05-07,0.34595477669568087,0
83394,2012-05-07,0.33758042462733856,0
83395,2012-05-07,0.38342615369789745,0
83396,2012-05-07,0.25689009872247964,0
83397,2012-05-07,0.4319390239423965,0
83398,2012-05-07,0.2931449323886098,0
83399,2012-05-07,0.30689528662412036,0
83400,2012-05-07,0.3844732642089963,1
83401,2012-05-07,0.2958182003556797,0
83402,2012-05-07,0.23423032886391607,0
83403,2012-05-07,0.30861362538977866,0
83404,2012-05-07,0.41251618591661315,0
83405,2012-05-07,0.2949230190070202,1
83406,2012-05-07,0.3146430928492954,0
83407,2012-05-07,0.43522897551186024,0
83408,2012-05-07,0.3457685831308972,0
83409,2012-05-07,0.14735747578745187,0
83410,2012-05-07,0.26347696429027406,0
83411,2012-05-07,0.26070824116726504,0
83412,2012-05-07,0.5365077715923001,0
83413,2012-05-07,0.2755033316617668,1
83414,2012-05-07,0.4058794902505504,1
83415,2012-05-07,0.3200653554766798,1
83416,2012-05-07,0.21865163423059242,0
83417,2012-05-07,0.2999959102355936,0
83418,2012-05-07,0.1422104640817192,0
83419,2012-05-07,0.39323562952255425,0
83420,2012-05-07,0.3159411186060065,0
83421,2012-05-07,0.3510111275875703,0
83422,2012-05-07,0.20501209185546723,0
83423,2012-05-07,0.45302375862737027,1
83424,2012-05-07,0.311362060504923,0
83425,2012-05-07,0.33629757887293377,0
83426,2012-05-07,0.2981201779394192,0
83427,2012-05-07,0.4127105512962504,1
83428,2012-05-07,0.3821240855889943,0
83429,2012-05-07,0.37108431902832867,1
83430,2012-05-07,0.38439208752827225,0
83431,2012-05-07,0.2467738162715732,0
83432,2012-05-07,0.3522291706228394,1
83433,2012-05-07,0.43111459283294834,0
83434,2012-05-07,0.36607474867375667,1
83435,2012-05-07,0.2229335536725436,0
83436,2012-05-07,0.22527804634898174,0
83437,2012-05-07,0.18491087914343288,0
83438,2012-05-07,0.3368850462157909,0
83439,2012-05-07,0.21130439186133254,0
83440,2012-05-07,0.5517863756071588,1
83441,2012-05-07,0.37876429057321814,0
83442,2012-05-07,0.4642094393454602,1
83443,2012-05-07,0.2608496668974837,1
83444,2012-05-07,0.30302161188005294,1
83445,2012-05-07,0.5086427481524558,1
83446,2012-05-07,0.35427126022168076,1
83447,2012-05-07,0.33693690415179295,1
83448,2012-05-07,0.3261660967608434,0
83449,2012-05-07,0.23466995975893654,0
83450,2012-05-07,0.4756269090788918,0
83451,2012-05-07,0.2517204791120927,1
83452,2012-05-07,0.42464173891022144,1
83453,2012-05-07,0.3829798742187262,0
83454,2012-05-07,0.1399914652747064,0
83455,2012-05-07,0.40405860501537794,0
83456,2012-05-07,0.32776557464437445,1
83457,2012-05-07,0.3928202843787041,0
83458,2012-05-07,0.427279485145862,0
83459,2012-05-07,0.26638923107299384,0
83460,2012-05-07,0.26000308647810727,0
83461,2012-05-07,0.24032507453277366,1
83462,2012-05-07,0.46904644720711725,1
83463,2012-05-07,0.30643902303891923,0
83464,2012-05-07,0.210663729449324,0
83465,2012-05-07,0.2223374889812354,0
83466,2012-05-07,0.21884355247271003,1
83467,2012-05-07,0.3266966667195386,0
83468,2012-05-07,0.39866556711306583,0
83469,2012-05-07,0.4409446865175811,1
83470,2012-05-07,0.3647411861524549,0
83471,2012-05-07,0.2489091958131858,1
83472,2012-05-07,0.3187743910901546,0
83473,2012-05-07,0.2769634278794475,0
83474,2012-05-07,0.45263836973073424,1
83475,2012-05-07,0.30897816403886963,1
83476,2012-05-07,0.23390557646107613,0
83477,2012-05-07,0.28062492284083795,0
83478,2012-05-07,0.19323674059806115,0
83479,2012-05-07,0.27806050490264844,1
83480,2012-05-07,0.16507034469916396,0
83481,2012-05-07,0.45959403571910123,1
83482,2012-05-07,0.28526310506619895,0
83483,2012-05-07,0.27796046537465385,1
83484,2012-05-07,0.2850026954152515,0
83485,2012-05-07,0.3127123406932718,0
83486,2012-05-07,0.46229184545401464,0
83487,2012-05-07,0.3305690198248748,0
83488,2012-05-07,0.26497362638349387,0
83489,2012-05-07,0.1954936964322113,0
83490,2012-05-07,0.31649787132168394,1
83491,2012-05-07,0.34863109426361477,1
83492,2012-05-07,0.23314656261984298,0
83493,2012-05-07,0.3254888370852442,0
83494,2012-05-07,0.1872926275664345,0
83495,2012-05-07,0.3736132604192376,1
83496,2012-05-07,0.3039840256864474,0
83497,2012-05-07,0.430172383992449,1
83498,2012-05-07,0.34730679401887854,1
83499,2012-05-07,0.21171789661813814,1
83500,2012-05-07,0.4020865892166658,0
83501,2012-05-07,0.4984121143455725,0
83502,2012-05-07,0.4006317720261151,0
83503,2012-05-07,0.4186629244618503,0
83504,2012-05-07,0.35966801923474134,1
83505,2012-05-07,0.39300701467274374,1
83506,2012-05-07,0.46191948869606636,1
83507,2012-05-07,0.35803682154853694,0
83508,2012-05-07,0.21655380544645764,1
83509,2012-05-07,0.29103733808995413,1
83510,2012-05-07,0.443902093759857,1
83511,2012-05-07,0.273551117004963,0
83512,2012-05-07,0.22399542454537796,0
83513,2012-05-07,0.5014139130054434,0
83514,2012-05-07,0.2577056618590066,0
83515,2012-05-07,0.44951459877487093,1
83516,2012-05-07,0.17683678811003867,0
83517,2012-05-07,0.352684323518834,0
83518,2012-05-07,0.3637504404063264,1
83519,2012-05-07,0.28599602849580114,0
83520,2012-05-07,0.2524670573924954,0
83521,2012-05-07,0.21208456973183937,0
83522,2012-05-07,0.49343435470986546,0
83523,2012-05-07,0.25280483545836807,0
83524,2012-05-07,0.3536983727577363,1
83525,2012-05-07,0.13068184490447746,0
83526,2012-05-07,0.42944578999057004,0
83527,2012-05-07,0.2912726322096723,0
83528,2012-05-07,0.2564172094918371,0
83529,2012-05-07,0.2680662941258649,0
83530,2012-05-07,0.2425929503483317,1
83531,2012-05-07,0.29562552477267934,1
83532,2012-05-07,0.2734927833131124,0
83533,2012-05-07,0.43656431320680483,1
83534,2012-05-07,0.24249170855159655,0
83535,2012-05-07,0.5815076454437472,1
83536,2012-05-07,0.21613988108594986,0
83537,2012-05-07,0.17076440870137174,0
83538,2012-05-07,0.34964264241599446,0
83539,2012-05-07,0.447081583572464,0
83540,2012-05-07,0.40584639747887213,0
83541,2012-05-07,0.3042098630815861,0
83542,2012-05-07,0.4763123005754164,1
83543,2012-05-07,0.29799271767739216,1
83544,2012-05-07,0.3155877731701768,0
83545,2012-05-07,0.4088041374816456,1
83546,2012-05-07,0.3776770227752603,0
83547,2012-05-07,0.4320829204875219,0
83548,2012-05-07,0.4296383529808221,0
83549,2012-05-07,0.2835979647341154,0
83550,2012-05-07,0.4007141561239779,0
83551,2012-05-07,0.4222501851836064,1
83552,2012-05-07,0.38414391646143475,1
83553,2012-05-07,0.31175148105927003,0
83554,2012-05-07,0.27270422729497,0
83555,2012-05-07,0.2735537865466707,0
83556,2012-05-07,0.2610693828213791,0
83557,2012-05-07,0.2643896013987241,0
83558,2012-05-07,0.2358672383288406,0
83559,2012-05-07,0.2849208945656104,0
83560,2012-05-07,0.22940944378833591,0
83561,2012-05-07,0.2541242035003725,1
83562,2012-05-07,0.3985120250371138,0
83563,2012-05-07,0.3135553278840575,0
83564,2012-05-07,0.3551800171899232,0
83565,2012-05-07,0.483024743197382,1
83566,2012-05-07,0.2563730501476272,0
83567,2012-05-07,0.38679623388838563,1
83568,2012-05-07,0.2082555329239148,1
83569,2012-05-07,0.37501254769632353,1
83570,2012-05-07,0.25602303608730986,1
83571,2012-05-07,0.36536131107940495,0
83572,2012-05-07,0.30462322881650006,1
83573,2012-05-07,0.5083439698774805,0
83574,2012-05-07,0.43629501274187443,0
83575,2012-05-07,0.33204466729340093,1
83576,2012-05-07,0.2186280963357976,0
83577,2012-05-07,0.3209840939691479,1
83578,2012-05-07,0.2672879102177832,0
83579,2012-05-07,0.32140532124119775,0
83580,2012-05-07,0.319335247519005,0
83581,2012-05-07,0.3562512385269889,0
83582,2012-05-07,0.2251146294003457,0
83583,2012-05-07,0.5703638983015503,0
83584,2012-05-07,0.4803243607898461,0
83585,2012-05-07,0.2925269460983556,1
83586,2012-05-07,0.5081064910132685,0
83587,2012-05-07,0.24207345341207828,1
83588,2012-05-07,0.3726742698240334,0
83589,2012-05-07,0.24088049682271068,0
83590,2012-05-07,0.34019592048909697,1
83591,2012-05-07,0.20986150089534136,1
83592,2012-05-07,0.33767476482758274,0
83593,2012-05-07,0.28030315866185923,1
83594,2012-05-07,0.19153729265278374,0
83595,2012-05-07,0.3336322757308266,0
83596,2012-05-07,0.3250880461901896,0
83597,2012-05-07,0.3901681258391186,0
83598,2012-05-07,0.26938126805220214,0
83599,2012-05-07,0.22013515704604047,0
83600,2012-05-07,0.2628185605799577,1
83601,2012-05-07,0.36077193461205426,0
83602,2012-05-07,0.29284354276310315,0
83603,2012-05-07,0.4355340702925213,1
83604,2012-05-07,0.2107218406964225,0
83605,2012-05-07,0.3603257693699459,1
83606,2012-05-07,0.6496844437426014,1
83607,2012-05-07,0.2769162489931183,1
83608,2012-05-07,0.8356412143368961,0
83609,2012-05-07,0.466254021997561,0
83610,2012-05-07,0.3747221964439441,0
83611,2012-05-07,0.2597552194718938,0
83612,2012-05-07,0.45455173564135876,1
83613,2012-05-07,0.34665522150098316,0
83614,2012-05-07,0.45668183570098586,1
83615,2012-05-07,0.33122918075474345,0
83616,2012-05-07,0.3532891317140104,0
83617,2012-05-07,0.247242428886172,0
83618,2012-05-07,0.32941918062473335,0
83619,2012-05-07,0.4154830930427597,0
83620,2012-05-07,0.25470751025620886,1
83621,2012-05-07,0.3496868520549784,0
83622,2012-05-07,0.2594690361091707,0
83623,2012-05-07,0.2609705454016863,1
83624,2012-05-07,0.31678213927580584,1
83625,2012-05-07,0.26867159510423116,0
83626,2012-05-07,0.4367981168873044,0
83627,2012-05-07,0.3578625987236516,0
83628,2012-05-07,0.37279238729932074,1
83629,2012-05-07,0.2911954176612994,1
83630,2012-05-07,0.627143984734742,1
83631,2012-05-07,0.2543398592962925,0
83632,2012-05-07,0.2401027945618344,0
83633,2012-05-07,0.26579327716683365,0
83634,2012-05-07,0.2834469126926584,0
83635,2012-05-07,0.3624095618419145,1
83636,2012-05-07,0.4068667004837364,1
83637,2012-05-07,0.21318761207506637,0
83638,2012-05-07,0.6043431133955773,1
83639,2012-05-07,0.3202146660060295,0
83640,2012-05-07,0.45816569352020087,1
83641,2012-05-07,0.45542242435293717,0
83642,2012-05-07,0.32335618716868103,0
83643,2012-05-07,0.3133475363802197,0
83644,2012-05-07,0.29193189839042966,0
83645,2012-05-07,0.23472975096758752,1
83646,2012-05-07,0.4488258159163899,0
83647,2012-05-07,0.4042067991067758,0
83648,2012-05-07,0.14315970854609317,0
83649,2012-05-07,0.4088950522046283,1
83650,2012-05-07,0.335126858688503,1
83651,2012-05-07,0.303165321694388,1
83652,2012-05-07,0.26506991483543546,1
83653,2012-05-07,0.24157188671152657,0
83654,2012-05-07,0.49948410127240966,0
83655,2012-05-07,0.29137533707318986,1
83656,2012-05-07,0.26976302812544456,0
83657,2012-05-07,0.303945235943166,0
83658,2012-05-07,0.32991861445427434,1
83659,2012-05-07,0.32392258162055493,0
83660,2012-05-07,0.2206325655715114,0
83661,2012-05-07,0.41518663558549074,1
83662,2012-05-07,0.48219711363969286,1
83663,2012-05-07,0.2181260744855282,0
83664,2012-05-07,0.3596628535177426,0
83665,2012-05-07,0.28566690780013965,0
83666,2012-05-07,0.20116925554216422,0
83667,2012-05-07,0.2926978350434008,1
83668,2012-05-07,0.22716025145406457,0
83669,2012-05-07,0.25815546618877255,0
83670,2012-05-07,0.40769337689547497,1
83671,2012-05-07,0.32221534271858826,0
83672,2012-05-07,0.2534761315591697,0
83673,2012-05-07,0.28716411511947254,0
83674,2012-05-07,0.3890509687912046,1
83675,2012-05-07,0.3055572208847921,0
83676,2012-05-07,0.25218266249000154,1
83677,2012-05-07,0.2677786757049496,1
83678,2012-05-07,0.3727023707557303,0
83679,2012-05-07,0.29355563016669906,0
83680,2012-05-07,0.5564590157021758,1
83681,2012-05-08,0.25673707052938305,1
83682,2012-05-08,0.3011390334697467,1
83683,2012-05-08,0.3921921984146759,0
83684,2012-05-08,0.2539861006373614,0
83685,2012-05-08,0.5075943498699743,0
83686,2012-05-08,0.4008900426437567,1
83687,2012-05-08,0.34171316371840366,0
83688,2012-05-08,0.3575537491981079,1
83689,2012-05-08,0.44858839193502875,1
83690,2012-05-08,0.32789053478725383,0
83691,2012-05-08,0.4471307018102335,0
83692,2012-05-08,0.2805269283737559,0
83693,2012-05-08,0.3367363341892923,0
83694,2012-05-08,0.32283155158806043,0
83695,2012-05-08,0.3438828861033622,1
83696,2012-05-08,0.420156892688679,0
83697,2012-05-08,0.4651482414918054,0
83698,2012-05-08,0.41111132089346203,1
83699,2012-05-08,0.23179946331358084,0
83700,2012-05-08,0.36648610980048163,1
83701,2012-05-08,0.18732207923154454,0
83702,2012-05-08,0.24550670411661843,0
83703,2012-05-08,0.2547075687841174,0
83704,2012-05-08,0.368863022104293,0
83705,2012-05-08,0.31747581119846047,0
83706,2012-05-08,0.2901423731679185,1
83707,2012-05-08,0.2106248105829218,0
83708,2012-05-08,0.3088493684062673,0
83709,2012-05-08,0.4176656515077452,0
83710,2012-05-08,0.16247664270764647,0
83711,2012-05-08,0.28473585761096126,0
83712,2012-05-08,0.20034481411734673,0
83713,2012-05-08,0.3309897302456626,0
83714,2012-05-08,0.4533872581325659,1
83715,2012-05-08,0.20910629952187992,0
83716,2012-05-08,0.48434573663116887,1
83717,2012-05-08,0.32677164130343656,0
83718,2012-05-08,0.9139630859343085,0
83719,2012-05-08,0.3053117842788509,1
83720,2012-05-08,0.2619948122840895,0
83721,2012-05-08,0.4210462575630532,1
83722,2012-05-08,0.3626997920875946,0
83723,2012-05-08,0.2785637684679496,1
83724,2012-05-08,0.35769454297782216,0
83725,2012-05-08,0.2913071232006144,0
83726,2012-05-08,0.33542411974756836,0
83727,2012-05-08,0.3107302840047256,1
83728,2012-05-08,0.2099679056112641,0
83729,2012-05-08,0.38236661854398957,0
83730,2012-05-08,0.48427185333932554,0
83731,2012-05-08,0.3346253715208233,0
83732,2012-05-08,0.2838278162531474,1
83733,2012-05-08,0.37434279189876274,1
83734,2012-05-08,0.2852961271671016,0
83735,2012-05-08,0.2126242731034707,0
83736,2012-05-08,0.41215837964444463,0
83737,2012-05-08,0.27373321385260263,0
83738,2012-05-08,0.3192503088177859,0
83739,2012-05-08,0.32072482735193475,0
83740,2012-05-08,0.3367632247121938,0
83741,2012-05-08,0.29336470785014335,0
83742,2012-05-08,0.32008987642276726,1
83743,2012-05-08,0.2160536832618298,1
83744,2012-05-08,0.3279281601095684,0
83745,2012-05-08,0.32125935375800957,0
83746,2012-05-08,0.2807271960219524,1
83747,2012-05-08,0.9999999999980991,0
83748,2012-05-08,0.3333598904286762,1
83749,2012-05-08,0.38348971532273235,1
83750,2012-05-08,0.4326545595499433,0
83751,2012-05-08,0.28744295521349433,0
83752,2012-05-08,0.29754827550034907,0
83753,2012-05-08,0.3272317653495945,0
83754,2012-05-08,0.22197147015069293,1
83755,2012-05-08,0.30753611491883825,0
83756,2012-05-08,0.2854825249338404,0
83757,2012-05-08,0.18032644008087295,0
83758,2012-05-08,0.276861740445049,0
83759,2012-05-08,0.4534332373279617,1
83760,2012-05-08,0.3480711589528945,0
83761,2012-05-08,0.4250011462643068,0
83762,2012-05-08,0.6812803475983147,0
83763,2012-05-08,0.8729158371980105,0
83764,2012-05-08,0.1938671216079781,0
83765,2012-05-08,0.2698225184285859,0
83766,2012-05-08,0.22445256064999292,0
83767,2012-05-08,0.3070161484271959,0
83768,2012-05-08,0.41036890763892975,0
83769,2012-05-08,0.1997876684628322,0
83770,2012-05-08,0.9935148032103376,0
83771,2012-05-08,0.23907086707659403,1
83772,2012-05-08,0.30854146773915503,1
83773,2012-05-08,0.4599409695882317,0
83774,2012-05-08,0.4321059540920542,0
83775,2012-05-08,0.27719508026656436,1
83776,2012-05-08,0.27413165659938055,0
83777,2012-05-08,0.4201804231586076,1
83778,2012-05-08,0.2947236659464239,0
83779,2012-05-08,0.3890067895936611,0
83780,2012-05-08,0.7184187694563358,0
83781,2012-05-08,0.3670017437784064,0
83782,2012-05-08,0.4361450179276588,1
83783,2012-05-08,0.2780325920041901,0
83784,2012-05-08,0.3842850109211774,0
83785,2012-05-08,0.2791425978609632,0
83786,2012-05-08,0.445878275968737,1
83787,2012-05-08,0.2280846861776278,0
83788,2012-05-08,0.2703400285459346,1
83789,2012-05-08,0.23098967209552532,0
83790,2012-05-08,0.5750506800516517,0
83791,2012-05-08,0.39110742242477686,0
83792,2012-05-08,0.3060048097258752,1
83793,2012-05-08,0.21850001521649132,0
83794,2012-05-08,0.43806011887096413,1
83795,2012-05-08,0.23750303964633712,0
83796,2012-05-08,0.31046238287379396,1
83797,2012-05-08,0.5487212080622162,0
83798,2012-05-08,0.40431302951667175,1
83799,2012-05-08,0.5284010634218399,1
83800,2012-05-08,0.30207187652776857,0
83801,2012-05-08,0.2665189397005753,1
83802,2012-05-09,0.4096206565821014,0
83803,2012-05-09,0.2682010529223154,0
83804,2012-05-09,0.25793838998164464,0
83805,2012-05-09,0.20767878798960274,0
83806,2012-05-09,0.3272920608347512,1
83807,2012-05-09,0.2999475334234335,0
83808,2012-05-09,0.25092146176368313,1
83809,2012-05-09,0.22917591782556648,0
83810,2012-05-09,0.37944068346985055,1
83811,2012-05-09,0.2271611784427495,0
83812,2012-05-09,0.2718128100297468,0
83813,2012-05-09,0.13974538575705908,0
83814,2012-05-09,0.23285294379862373,0
83815,2012-05-09,0.31486963528309486,0
83816,2012-05-09,0.28551087061491126,0
83817,2012-05-09,0.32741407921080545,0
83818,2012-05-09,0.3383107089140592,1
83819,2012-05-09,0.34361593716480165,1
83820,2012-05-09,0.24703858074866172,0
83821,2012-05-09,0.22908763591475023,0
83822,2012-05-09,0.22449606285408202,0
83823,2012-05-09,0.3662694819783153,0
83824,2012-05-09,0.22675049098698602,0
83825,2012-05-09,0.38039604771136987,0
83826,2012-05-09,0.6118477612840868,1
83827,2012-05-09,0.47256165886701423,1
83828,2012-05-09,0.5108221211796327,1
83829,2012-05-09,0.3201982851386989,1
83830,2012-05-09,0.19310275291882545,0
83831,2012-05-09,0.23061453257418021,0
83832,2012-05-09,0.21287995163888443,0
83833,2012-05-09,0.31789954147754146,0
83834,2012-05-09,0.4938175950310242,0
83835,2012-05-09,0.3794248909676194,0
83836,2012-05-09,0.29428563179162015,0
83837,2012-05-09,0.20648308558825362,1
83838,2012-05-09,0.1887047310404414,0
83839,2012-05-09,0.2711393383713976,0
83840,2012-05-09,0.3144143524718912,1
83841,2012-05-09,0.36556221369566305,0
83842,2012-05-09,0.22558969310449942,0
83843,2012-05-09,0.44722645180466375,1
83844,2012-05-09,0.4249514817349184,0
83845,2012-05-09,0.29382150643991645,1
83846,2012-05-09,0.2617662838317202,0
83847,2012-05-09,0.2578815700266549,1
83848,2012-05-09,0.373261206153366,1
83849,2012-05-09,0.24651218481520232,1
83850,2012-05-09,0.26500385045299985,0
83851,2012-05-09,0.3455786952458543,1
83852,2012-05-09,0.2824842144133435,0
83853,2012-05-09,0.346915137801689,0
83854,2012-05-09,0.14241030696714263,0
83855,2012-05-09,0.2771661902654912,1
83856,2012-05-09,0.3766257535871441,0
83857,2012-05-09,0.15197145047325475,0
83858,2012-05-09,0.24129678970946838,1
83859,2012-05-09,0.3282032337782859,1
83860,2012-05-09,0.2840574910394002,0
83861,2012-05-09,0.2522847667009269,0
83862,2012-05-09,0.564048475844155,1
83863,2012-05-09,0.3238031634848439,1
83864,2012-05-09,0.3158731696467008,1
83865,2012-05-09,0.34510842891578114,0
83866,2012-05-09,0.3334885775448112,0
83867,2012-05-09,0.34681939226797204,0
83868,2012-05-09,0.43466279967613186,0
83869,2012-05-09,0.27028321337248573,0
83870,2012-05-09,0.43450692863603363,0
83871,2012-05-09,0.3053162688978653,1
83872,2012-05-09,0.3392424243322116,0
83873,2012-05-09,0.403037175662235,0
83874,2012-05-09,0.36272693687003515,1
83875,2012-05-09,0.34867402339189857,0
83876,2012-05-09,0.3614967490678747,1
83877,2012-05-09,0.3684546134048131,1
83878,2012-05-09,0.22768407948993374,1
83879,2012-05-09,0.237304132848422,0
83880,2012-05-09,0.8144965603396007,0
83881,2012-05-09,0.267098898889678,0
83882,2012-05-09,0.29573062483275214,1
83883,2012-05-09,0.3626419773542147,1
83884,2012-05-09,0.2602055492866115,1
83885,2012-05-09,0.5156357172933044,1
83886,2012-05-09,0.4124940536243192,1
83887,2012-05-09,0.36702939402607687,1
83888,2012-05-09,0.3626516408739635,0
83889,2012-05-09,0.2805590227871814,0
83890,2012-05-09,0.2460815880636912,1
83891,2012-05-09,0.43055056412605325,0
83892,2012-05-09,0.23900939462798593,0
83893,2012-05-09,0.29717209177692405,0
83894,2012-05-09,0.26107119560817804,0
83895,2012-05-09,0.4934270645349159,0
83896,2012-05-09,0.2485147110557881,0
83897,2012-05-09,0.34005938370774746,1
83898,2012-05-09,0.30161782885900795,1
83899,2012-05-09,0.24386990782263293,0
83900,2012-05-09,0.3289736283709171,0
83901,2012-05-09,0.22756136449774275,0
83902,2012-05-09,0.28997256671027427,0
83903,2012-05-10,0.2114409887743452,0
83904,2012-05-10,0.43300249170105837,1
83905,2012-05-10,0.24956694857954373,0
83906,2012-05-10,0.20265676635929628,0
83907,2012-05-10,0.33953193938589377,1
83908,2012-05-10,0.2892074219573347,1
83909,2012-05-10,0.38433596986431634,1
83910,2012-05-10,0.2589554871239858,1
83911,2012-05-10,0.23170952549362359,0
83912,2012-05-10,0.5201729526076035,0
83913,2012-05-10,0.28165203670864863,0
83914,2012-05-10,0.25240953666906446,0
83915,2012-05-10,0.2041067842433854,1
83916,2012-05-10,0.2688235066943699,0
83917,2012-05-10,0.3555597069470264,1
83918,2012-05-10,0.26957734705194464,1
83919,2012-05-10,0.2650958165935819,0
83920,2012-05-10,0.3018545480918304,0
83921,2012-05-10,0.25578832764324233,0
83922,2012-05-10,0.21725012565981505,0
83923,2012-05-10,0.37880348394804764,1
83924,2012-05-10,0.3055086436241124,0
83925,2012-05-10,0.3284857991806247,1
83926,2012-05-10,0.28706087245752154,0
83927,2012-05-10,0.3422263162655,1
83928,2012-05-10,0.28525262886196906,0
83929,2012-05-10,0.3533824317904562,1
83930,2012-05-10,0.260417006321675,1
83931,2012-05-10,0.36488797147306706,1
83932,2012-05-10,0.43138188561435753,1
83933,2012-05-10,0.3128966990363608,1
83934,2012-05-10,0.29617173351718784,0
83935,2012-05-10,0.25242966367211744,1
83936,2012-05-10,0.3721449540981403,0
83937,2012-05-10,0.40211891121683124,1
83938,2012-05-10,0.31568652853877704,0
83939,2012-05-10,0.2715972181811497,0
83940,2012-05-10,0.16242722190474768,1
83941,2012-05-10,0.2332607621701045,1
83942,2012-05-10,0.34349712596213877,0
83943,2012-05-10,0.2745145923294196,0
83944,2012-05-10,0.35656863364610797,0
83945,2012-05-10,0.2390722059994975,0
83946,2012-05-10,0.3350913777239278,0
83947,2012-05-10,0.2472942779846001,0
83948,2012-05-10,0.2340624954187331,1
83949,2012-05-10,0.30659970616405197,0
83950,2012-05-10,0.34786990072898777,0
83951,2012-05-10,0.40101344651710147,0
83952,2012-05-10,0.26986692315541144,1
83953,2012-05-10,0.22998905203794473,0
83954,2012-05-10,0.35758972906630776,0
83955,2012-05-10,0.3239500854238659,0
83956,2012-05-10,0.23216614852750464,0
83957,2012-05-10,0.44420295843573976,1
83958,2012-05-10,0.23186194906773985,0
83959,2012-05-10,0.5445599635072271,1
83960,2012-05-10,0.2521067392369903,1
83961,2012-05-10,0.36982787389666816,1
83962,2012-05-10,0.3554992602656783,0
83963,2012-05-10,0.20244028830064592,0
83964,2012-05-10,0.2657159360822302,0
83965,2012-05-10,0.3595362104991867,0
83966,2012-05-10,0.3774015216994373,1
83967,2012-05-10,0.3846844368640302,0
83968,2012-05-10,0.455482828317889,1
83969,2012-05-10,0.43110689201967634,1
83970,2012-05-10,0.9998535757365128,1
83971,2012-05-10,0.3730196582283921,0
83972,2012-05-10,0.309993103979388,0
83973,2012-05-10,0.37243104453520537,0
83974,2012-05-10,0.360866139299109,0
83975,2012-05-10,0.304142911013969,0
83976,2012-05-10,0.448228431717314,1
83977,2012-05-10,0.25474518777384686,1
83978,2012-05-10,0.3930790645073251,0
83979,2012-05-10,0.30122478643010986,0
83980,2012-05-10,0.32919114511490677,1
83981,2012-05-10,0.3964649282796264,0
83982,2012-05-10,0.4024103233802034,1
83983,2012-05-10,0.305581773442793,1
83984,2012-05-10,0.3590748357482707,0
83985,2012-05-10,0.18407402893668867,0
83986,2012-05-10,0.2515413296198968,0
83987,2012-05-10,0.25036126658829844,1
83988,2012-05-10,0.3951164576564545,0
83989,2012-05-10,0.35146613355834067,0
83990,2012-05-10,0.22860777532296028,0
83991,2012-05-10,0.46285754938865475,1
83992,2012-05-10,0.26309079855365936,0
83993,2012-05-10,0.24270534175917613,1
83994,2012-05-10,0.32126755708287175,0
83995,2012-05-10,0.4020643871178893,1
83996,2012-05-10,0.2030647680568623,0
83997,2012-05-10,0.2946162277930559,0
83998,2012-05-10,0.1767742229406793,0
83999,2012-05-10,0.3365868066115104,0
84000,2012-05-10,0.32875226786331874,1
84001,2012-05-10,0.3332608122368303,0
84002,2012-05-10,0.2486134122989882,0
84003,2012-05-10,0.46283618599494103,1
84004,2012-05-10,0.2565055089978255,1
84005,2012-05-10,0.17076667628547273,0
84006,2012-05-10,0.30336395800759086,0
84007,2012-05-10,0.29386029444988526,0
84008,2012-05-10,0.19607654806022987,0
84009,2012-05-10,0.12611377869339394,0
84010,2012-05-10,0.5679515915523604,0
84011,2012-05-10,0.3363091838814014,0
84012,2012-05-10,0.23145969802825037,0
84013,2012-05-10,0.4496583210326852,0
84014,2012-05-10,0.18669479543367887,0
84015,2012-05-10,0.33962503629807345,0
84016,2012-05-10,0.40360908277390417,1
84017,2012-05-10,0.4025234246759684,1
84018,2012-05-10,0.4462927674638567,1
84019,2012-05-10,0.46595577724637866,1
84020,2012-05-10,0.3740611583185896,1
84021,2012-05-10,0.3078707373885674,0
84022,2012-05-10,0.30712075807256073,0
84023,2012-05-10,0.3090799069993762,1
84024,2012-05-10,0.447397763386975,0
84025,2012-05-10,0.321485358171618,1
84026,2012-05-10,0.4382130644036987,0
84027,2012-05-10,0.5026813977301255,0
84028,2012-05-10,0.27581477779587127,0
84029,2012-05-10,0.3234582838196633,0
84030,2012-05-10,0.26801083485206156,0
84031,2012-05-10,0.22590734575440155,0
84032,2012-05-10,0.5140414136079232,0
84033,2012-05-10,0.3708026449201744,0
84034,2012-05-10,0.2621368544739789,1
84035,2012-05-10,0.23981352529467703,0
84036,2012-05-10,0.19859850115499714,0
84037,2012-05-10,0.23288717065298165,1
84038,2012-05-10,0.41618735808646157,0
84039,2012-05-10,0.22911227080377314,1
84040,2012-05-10,0.33693008986521017,1
84041,2012-05-10,0.274546561568959,0
84042,2012-05-10,0.30639987239518157,0
84043,2012-05-10,0.5011614985017587,1
84044,2012-05-10,0.4494125989007901,0
84045,2012-05-10,0.44124988039596047,0
84046,2012-05-10,0.39601918133823527,0
84047,2012-05-10,0.45550852725313545,1
84048,2012-05-10,0.342956327226857,1
84049,2012-05-10,0.4402951375808656,1
84050,2012-05-10,0.22684884147691453,0
84051,2012-05-10,0.24020786389040044,1
84052,2012-05-10,0.2566029957652952,0
84053,2012-05-10,0.27747738317047715,0
84054,2012-05-10,0.40291581666202825,1
84055,2012-05-10,0.3247428781296968,0
84056,2012-05-10,0.28467161090885706,1
84057,2012-05-10,0.21963687624859043,0
84058,2012-05-10,0.19001517580843202,1
84059,2012-05-10,0.19923547655644722,1
84060,2012-05-10,0.2266610213060919,1
84061,2012-05-10,0.24220466272646615,0
84062,2012-05-10,0.2354316702680724,0
84063,2012-05-10,0.17502357987592643,0
84064,2012-05-10,0.4127022929960957,1
84065,2012-05-10,0.3045383453491134,0
84066,2012-05-10,0.2552690183802754,0
84067,2012-05-10,0.26376660238616234,0
84068,2012-05-10,0.43482706147391953,1
84069,2012-05-10,0.8148112850704422,0
84070,2012-05-10,0.45905836551657114,1
84071,2012-05-10,0.1891509651327711,0
84072,2012-05-10,0.24492382720194114,1
84073,2012-05-10,0.3345479516408803,1
84074,2012-05-10,0.20940468606447551,0
84075,2012-05-10,0.4106061473353408,0
84076,2012-05-10,0.41542577657195956,1
84077,2012-05-10,0.3023312033812203,0
84078,2012-05-10,0.19636150392804735,0
84079,2012-05-10,0.2576560399933449,1
84080,2012-05-10,0.328893692688194,1
84081,2012-05-10,0.25317707769358133,0
84082,2012-05-10,0.36364000314184164,1
84083,2012-05-10,0.23671992990115995,0
84084,2012-05-10,0.3287510389324596,1
84085,2012-05-10,0.2388057525582472,0
84086,2012-05-10,0.20875921541985185,0
84087,2012-05-10,0.44516384995464986,1
84088,2012-05-10,0.314475921469826,1
84089,2012-05-10,0.29354413897715403,0
84090,2012-05-10,0.14832064135461215,1
84091,2012-05-10,0.1969265940067693,0
84092,2012-05-10,0.2162066851242168,0
84093,2012-05-10,0.42586702621923606,1
84094,2012-05-10,0.2716871947490655,0
84095,2012-05-10,0.3384524994222609,0
84096,2012-05-10,0.33863332070491287,0
84097,2012-05-10,0.38213190282982784,1
84098,2012-05-10,0.24059765431667907,0
84099,2012-05-10,0.23382970654107466,0
84100,2012-05-10,0.2856141779067458,1
84101,2012-05-10,0.30808848137842554,0
84102,2012-05-10,0.3012110496279882,1
84103,2012-05-10,0.35027088225459374,0
84104,2012-05-10,0.4745677332517573,0
84105,2012-05-10,0.23146451529773515,0
84106,2012-05-10,0.26562393470755513,1
84107,2012-05-10,0.25168382236777154,1
84108,2012-05-10,0.27208167988814463,1
84109,2012-05-10,0.2693881886904725,0
84110,2012-05-10,0.2855649998099843,0
84111,2012-05-10,0.5712547427386141,1
84112,2012-05-10,0.2644850429544242,1
84113,2012-05-10,0.23892558525088525,0
84114,2012-05-10,0.31126511828949527,1
84115,2012-05-10,0.31564644369398104,1
84116,2012-05-10,0.26405756285976545,0
84117,2012-05-10,0.28128118398776664,0
84118,2012-05-10,0.3278086858177998,0
84119,2012-05-10,0.2658889260879686,0
84120,2012-05-10,0.3052344012367226,0
84121,2012-05-10,0.2436812765337104,0
84122,2012-05-10,0.20879370547308182,1
84123,2012-05-10,0.41547698296376956,1
84124,2012-05-10,0.20189115569229915,0
84125,2012-05-10,0.2377621394297706,0
84126,2012-05-10,0.4820965153773516,1
84127,2012-05-10,0.24917078930072348,0
84128,2012-05-10,0.2665497533322282,1
84129,2012-05-10,0.268837985346737,1
84130,2012-05-10,0.18534821026819193,0
84131,2012-05-10,0.34442669643296037,0
84132,2012-05-10,0.33490506696958217,0
84133,2012-05-10,0.22351332334367738,0
84134,2012-05-10,0.4633628621442231,0
84135,2012-05-10,0.3666707607135945,0
84136,2012-05-10,0.47623793053935093,1
84137,2012-05-10,0.1593738144582534,1
84138,2012-05-10,0.4567625660796079,0
84139,2012-05-10,0.3612309891959086,0
84140,2012-05-10,0.3522774579664224,0
84141,2012-05-10,0.23620282091496306,0
84142,2012-05-10,0.23072238711972262,0
84143,2012-05-10,0.19133935271090263,0
84144,2012-05-10,0.3976605820787898,0
84145,2012-05-10,0.4474482911067644,1
84146,2012-05-10,0.33808117589647196,0
84147,2012-05-10,0.23608616558786993,0
84148,2012-05-10,0.23823033958213258,0
84149,2012-05-10,0.35870207325009174,1
84150,2012-05-10,0.30553629406659644,0
84151,2012-05-10,0.3260896674134614,1
84152,2012-05-10,0.4029004276350206,1
84153,2012-05-10,0.46065369517434945,1
84154,2012-05-10,0.2334064053081871,0
84155,2012-05-10,0.14406567281538926,1
84156,2012-05-10,0.26783310996679505,0
84157,2012-05-10,0.5285667135928026,0
84158,2012-05-10,0.4385941777648974,1
84159,2012-05-10,0.231639469789461,0
84160,2012-05-10,0.40349895845314737,1
84161,2012-05-10,0.40941370486947,1
84162,2012-05-10,0.29897463678548564,1
84163,2012-05-10,0.4062919442474862,0
84164,2012-05-10,0.4072480798589927,0
84165,2012-05-10,0.22148771038120335,0
84166,2012-05-10,0.5183405628243892,0
84167,2012-05-10,0.3664210074533819,0
84168,2012-05-10,0.29393414825784353,0
84169,2012-05-10,0.37639383947056837,1
84170,2012-05-10,0.3224257191348565,0
84171,2012-05-10,0.4315772719299795,1
84172,2012-05-10,0.21667369726887245,0
84173,2012-05-10,0.29013780899307867,1
84174,2012-05-10,0.17458366586851679,0
84175,2012-05-10,0.43116242867218635,0
84176,2012-05-10,0.509181750495059,0
84177,2012-05-10,0.5177969094454056,0
84178,2012-05-10,0.4228099379282062,0
84179,2012-05-10,0.2370116371812123,0
84180,2012-05-10,0.21577456698986694,0
84181,2012-05-10,0.24277887947001403,1
84182,2012-05-10,0.22102947648474094,0
84183,2012-05-10,0.36292226460141347,0
84184,2012-05-10,0.25572960979118753,0
84185,2012-05-10,0.26028087044789483,0
84186,2012-05-10,0.3032025981303195,1
84187,2012-05-10,0.3278270848790307,0
84188,2012-05-10,0.21313375205172747,0
84189,2012-05-11,0.28894673725031333,1
84190,2012-05-11,0.32699066584907527,1
84191,2012-05-11,0.2576840405349468,0
84192,2012-05-11,0.24072388530424202,0
84193,2012-05-11,0.2163584344836554,1
84194,2012-05-11,0.33592393794199976,1
84195,2012-05-11,0.3884850755254547,0
84196,2012-05-11,0.32633037870775566,0
84197,2012-05-11,0.36344242336909544,0
84198,2012-05-11,0.46914467245363384,1
84199,2012-05-11,0.14316721888867384,1
84200,2012-05-11,0.39036894157444796,0
84201,2012-05-11,0.44840551864793565,1
84202,2012-05-11,0.4045513465689788,0
84203,2012-05-11,0.31073476421710944,1
84204,2012-05-11,0.24596949508026855,0
84205,2012-05-11,0.23073170389068884,0
84206,2012-05-11,0.9221662037909467,1
84207,2012-05-11,0.34359516035981036,0
84208,2012-05-11,0.269815273509531,1
84209,2012-05-11,0.3269260479907359,0
84210,2012-05-11,0.24051908893947294,0
84211,2012-05-11,0.387355844348868,0
84212,2012-05-11,0.44017080225069793,0
84213,2012-05-11,0.4378520571040791,0
84214,2012-05-11,0.21996951189872158,0
84215,2012-05-11,0.3865675327750432,1
84216,2012-05-11,0.3553462362892684,1
84217,2012-05-11,0.4390546243518043,1
84218,2012-05-11,0.28586754974720896,0
84219,2012-05-11,0.3473926486885408,1
84220,2012-05-11,0.20380672872874195,0
84221,2012-05-11,0.30142002805947116,0
84222,2012-05-11,0.256324368249584,1
84223,2012-05-11,0.2539408359594268,0
84224,2012-05-11,0.3014113623615235,1
84225,2012-05-11,0.36289917085610535,0
84226,2012-05-11,0.5800441239517825,0
84227,2012-05-11,0.24668467642621203,0
84228,2012-05-11,0.3079484039210095,0
84229,2012-05-11,0.26808940284241406,1
84230,2012-05-11,0.33603960648876685,1
84231,2012-05-11,0.5754255909180273,0
84232,2012-05-11,0.4835591975640145,1
84233,2012-05-11,0.35625831878413333,0
84234,2012-05-11,0.1697034957316634,1
84235,2012-05-11,0.44105029186347455,0
84236,2012-05-11,0.33347539912590074,0
84237,2012-05-11,0.3246704904525329,0
84238,2012-05-11,0.5238414415507968,1
84239,2012-05-11,0.15985863077616067,0
84240,2012-05-11,0.30948275519899254,0
84241,2012-05-11,0.2997169006521707,0
84242,2012-05-11,0.2994593972858072,1
84243,2012-05-11,0.3160999822288886,1
84244,2012-05-11,0.2754845235105221,0
84245,2012-05-11,0.501854430751386,0
84246,2012-05-11,0.31400875528581146,0
84247,2012-05-11,0.28879166347429247,0
84248,2012-05-11,0.476484786582976,0
84249,2012-05-11,0.5848874530408048,0
84250,2012-05-11,0.28396821680143286,0
84251,2012-05-11,0.39418856057203006,0
84252,2012-05-11,0.29360416445451215,0
84253,2012-05-11,0.17035138159031932,1
84254,2012-05-11,0.2702550226622176,0
84255,2012-05-11,0.19879388305078602,0
84256,2012-05-11,0.18837095198545498,0
84257,2012-05-11,0.399651521186626,1
84258,2012-05-11,0.375084474401804,1
84259,2012-05-11,0.2703416924561195,1
84260,2012-05-11,0.2628895402947449,0
84261,2012-05-11,0.42053571169159676,0
84262,2012-05-11,0.2972827621454817,0
84263,2012-05-11,0.4590807805648263,0
84264,2012-05-11,0.3925243481768227,0
84265,2012-05-11,0.32506189934313406,1
84266,2012-05-11,0.2957030864306696,0
84267,2012-05-11,0.3008734020212445,0
84268,2012-05-11,0.3110878153738562,0
84269,2012-05-11,0.570451378614488,1
84270,2012-05-11,0.21336550384532207,0
84271,2012-05-11,0.2491852695622963,1
84272,2012-05-11,0.31195313835254496,0
84273,2012-05-11,0.3311251612283928,0
84274,2012-05-11,0.291376087793377,1
84275,2012-05-11,0.32790687402010404,0
84276,2012-05-11,0.2679040438250592,1
84277,2012-05-11,0.2751518140742217,0
84278,2012-05-11,0.32208115427524053,1
84279,2012-05-11,0.35949201197298664,0
84280,2012-05-11,0.3200558315621959,1
84281,2012-05-11,0.31440281005482895,1
84282,2012-05-11,0.21689678314312852,1
84283,2012-05-11,0.30191062793404594,0
84284,2012-05-11,0.343609990390078,0
84285,2012-05-11,0.20486194677315414,1
84286,2012-05-11,0.2660470588716709,0
84287,2012-05-11,0.3095033326782536,1
84288,2012-05-11,0.390481504889174,1
84289,2012-05-11,0.33540524138344585,1
84290,2012-05-11,0.2914794310468264,1
84291,2012-05-11,0.4177659038958128,0
84292,2012-05-11,0.3680580612910014,0
84293,2012-05-11,0.4355214595201253,0
84294,2012-05-11,0.24722645241904814,1
84295,2012-05-11,0.30195470670107005,1
84296,2012-05-11,0.5481950517515141,1
84297,2012-05-11,0.23848647138050502,0
84298,2012-05-11,0.38070242384131864,0
84299,2012-05-11,0.27551051091387146,1
84300,2012-05-11,0.41199528184132445,0
84301,2012-05-11,0.4095956217008396,1
84302,2012-05-11,0.25410168673942757,0
84303,2012-05-11,0.4662809592536102,0
84304,2012-05-11,0.3798196035074991,1
84305,2012-05-11,0.35055017399459476,0
84306,2012-05-11,0.2711272590990058,0
84307,2012-05-11,0.1966317700981485,0
84308,2012-05-11,0.9275659268939711,0
84309,2012-05-11,0.4459795221711361,1
84310,2012-05-11,0.4204363245387287,1
84311,2012-05-11,0.16779036607452158,0
84312,2012-05-11,0.21176760683117646,1
84313,2012-05-11,0.2333225597667295,1
84314,2012-05-11,0.3747022536519917,0
84315,2012-05-11,0.36420577822006844,0
84316,2012-05-11,0.26101229537431925,1
84317,2012-05-11,0.39430095891753153,0
84318,2012-05-11,0.4353084618466418,1
84319,2012-05-11,0.47766688936846047,0
84320,2012-05-11,0.31341615084637,1
84321,2012-05-11,0.24528823852004092,1
84322,2012-05-11,0.2736791661434303,0
84323,2012-05-11,0.48031609964345945,1
84324,2012-05-11,0.24091683274768172,1
84325,2012-05-11,0.3433908206591167,0
84326,2012-05-11,0.28885798858276607,1
84327,2012-05-11,0.37509230911993996,0
84328,2012-05-11,0.2637281233990069,0
84329,2012-05-11,0.27985609560465274,1
84330,2012-05-11,0.3017680609852835,1
84331,2012-05-11,0.25359537979158886,0
84332,2012-05-11,0.32080497664071556,0
84333,2012-05-11,0.5215575627138614,1
84334,2012-05-11,0.42155684782237085,0
84335,2012-05-11,0.46906061444932556,0
84336,2012-05-11,0.2963331988679985,0
84337,2012-05-11,0.18755934881941166,1
84338,2012-05-11,0.260391065746188,0
84339,2012-05-11,0.44534906361128773,0
84340,2012-05-11,0.30727765898413045,0
84341,2012-05-11,0.21848798067828124,0
84342,2012-05-11,0.3854158867067501,0
84343,2012-05-11,0.2852033258279012,1
84344,2012-05-11,0.2564669257157367,0
84345,2012-05-11,0.2535421634637037,0
84346,2012-05-11,0.47163529268616433,1
84347,2012-05-11,0.4409376161403508,0
84348,2012-05-11,0.2966064160207913,0
84349,2012-05-11,0.36382188633197093,1
84350,2012-05-11,0.42594474932560583,0
84351,2012-05-11,0.25696196074007677,0
84352,2012-05-11,0.33452079905260984,0
84353,2012-05-11,0.19872469596954095,0
84354,2012-05-11,0.30647475190781015,0
84355,2012-05-11,0.2594566234597926,0
84356,2012-05-11,0.3619768239584493,0
84357,2012-05-11,0.2984736168450145,0
84358,2012-05-11,0.38539505203589486,0
84359,2012-05-11,0.25875240561430934,0
84360,2012-05-11,0.5186997639388147,0
84361,2012-05-11,0.29318091289016435,1
84362,2012-05-11,0.34164591375773795,0
84363,2012-05-11,0.28630676424674684,1
84364,2012-05-11,0.29876308832635723,0
84365,2012-05-11,0.4659090934853277,0
84366,2012-05-11,0.3215981396526435,1
84367,2012-05-11,0.29241095284791563,0
84368,2012-05-11,0.21567538278558104,1
84369,2012-05-11,0.3374484509162918,0
84370,2012-05-11,0.4014105586288585,0
84371,2012-05-11,0.28119138943362854,0
84372,2012-05-11,0.48109273130540725,1
84373,2012-05-11,0.20435232976925638,0
84374,2012-05-11,0.4481208430594264,0
84375,2012-05-11,0.3534053273868604,1
84376,2012-05-11,0.20859335725112013,0
84377,2012-05-11,0.3715876247803722,0
84378,2012-05-11,0.5110354814572969,1
84379,2012-05-11,0.43194823432186885,0
84380,2012-05-11,0.35039861724628235,0
84381,2012-05-11,0.32847952514561923,1
84382,2012-05-11,0.4424827061954845,0
84383,2012-05-11,0.3233384750804001,0
84384,2012-05-11,0.4515869231825208,1
84385,2012-05-11,0.2807041416917935,1
84386,2012-05-11,0.22275566333465693,0
84387,2012-05-11,0.3170056216604698,0
84388,2012-05-11,0.25408247811377116,1
84389,2012-05-11,0.2703254158646053,1
84390,2012-05-11,0.36345161668705217,0
84391,2012-05-11,0.2983348587626714,0
84392,2012-05-11,0.40995316382915925,0
84393,2012-05-11,0.2955760127020239,0
84394,2012-05-11,0.20659073506791245,1
84395,2012-05-11,0.38860849045506535,1
84396,2012-05-11,0.2994422832392292,0
84397,2012-05-11,0.37256887551098633,1
84398,2012-05-11,0.2703864479678283,0
84399,2012-05-11,0.34045847310585353,1
84400,2012-05-11,0.2858229161523511,0
84401,2012-05-11,0.24193899549678993,0
84402,2012-05-11,0.37252492265772713,1
84403,2012-05-11,0.29854847490771674,1
84404,2012-05-11,0.23169135967073132,1
84405,2012-05-11,0.29940048447808165,0
84406,2012-05-11,0.35809181235093873,1
84407,2012-05-11,0.22860636212435065,0
84408,2012-05-11,0.27662096216420673,0
84409,2012-05-11,0.2461300883888459,0
84410,2012-05-11,0.4121297555043766,1
84411,2012-05-11,0.2485192937623121,1
84412,2012-05-11,0.254511732238398,0
84413,2012-05-11,0.4605740866831078,1
84414,2012-05-11,0.6602552702958929,1
84415,2012-05-11,0.1539650154985271,0
84416,2012-05-11,0.42124334455799395,0
84417,2012-05-11,0.3869764540697649,0
84418,2012-05-11,0.3098220804164029,0
84419,2012-05-11,0.26321181231591684,0
84420,2012-05-11,0.23881864540963896,0
84421,2012-05-11,0.46873693160814695,0
84422,2012-05-11,0.3324841252315806,1
84423,2012-05-11,0.5390337053545379,1
84424,2012-05-11,0.18884842634637192,1
84425,2012-05-11,0.38629535585983477,1
84426,2012-05-11,0.4092271081714608,0
84427,2012-05-11,0.3624263083542323,1
84428,2012-05-11,0.38236188596704834,0
84429,2012-05-11,0.36074245456815024,1
84430,2012-05-11,0.8369536158809784,0
84431,2012-05-11,0.4538988736251588,1
84432,2012-05-11,0.37307353642883606,1
84433,2012-05-11,0.4923332469135943,0
84434,2012-05-11,0.3350568348043483,1
84435,2012-05-11,0.4219554669030193,0
84436,2012-05-11,0.44263249478779837,1
84437,2012-05-11,0.6346926765081483,0
84438,2012-05-11,0.2837297562111192,1
84439,2012-05-11,0.45319408052494364,1
84440,2012-05-11,0.441213396628614,0
84441,2012-05-11,0.2605849431848563,0
84442,2012-05-11,0.29380152441759483,0
84443,2012-05-11,0.4166374870782897,0
84444,2012-05-11,0.303445173184018,1
84445,2012-05-11,0.2920930233248771,1
84446,2012-05-11,0.3524477562610221,0
84447,2012-05-11,0.40959124955549714,0
84448,2012-05-11,0.28435120931624336,0
84449,2012-05-11,0.24987632384590955,1
84450,2012-05-11,0.1975760532914097,1
84451,2012-05-11,0.36373634440697883,0
84452,2012-05-11,0.4107211604400095,1
84453,2012-05-11,0.279019586909157,0
84454,2012-05-11,0.47763183031600626,1
84455,2012-05-11,0.8326116949329871,1
84456,2012-05-11,0.402373379974145,0
84457,2012-05-11,0.3241068179023812,1
84458,2012-05-11,0.3343774499538853,0
84459,2012-05-11,0.3944650515075547,0
84460,2012-05-11,0.3293590002903007,1
84461,2012-05-11,0.47327269779899406,0
84462,2012-05-11,0.3988537243401312,0
84463,2012-05-11,0.3992106595636815,1
84464,2012-05-11,0.3130795472314352,1
84465,2012-05-11,0.3712172255583645,1
84466,2012-05-11,0.31542991986616314,0
84467,2012-05-11,0.24650698746989125,0
84468,2012-05-11,0.347266522839752,0
84469,2012-05-11,0.23921269951563978,0
84470,2012-05-11,0.2705998701868058,0
84471,2012-05-11,0.4176819612294106,1
84472,2012-05-11,0.3740130839597351,0
84473,2012-05-11,0.5188059261903345,0
84474,2012-05-11,0.42199657192262346,1
84475,2012-05-11,0.347573120071269,0
84476,2012-05-11,0.2941967484493828,0
84477,2012-05-11,0.4302825310828742,0
84478,2012-05-11,0.24815781681299875,0
84479,2012-05-11,0.25468512172562835,0
84480,2012-05-11,0.3863643712606452,0
84481,2012-05-11,0.26901702708058,0
84482,2012-05-11,0.24609887296656474,0
84483,2012-05-11,0.42266071374302067,0
84484,2012-05-11,0.3899084180482132,1
84485,2012-05-11,0.3392845156319979,0
84486,2012-05-11,0.37884402892243213,0
84487,2012-05-11,0.28951368320398435,1
84488,2012-05-11,0.367492823483358,0
84489,2012-05-11,0.3765759955791082,0
84490,2012-05-11,0.3092217238842042,1
84491,2012-05-11,0.23053774625908097,1
84492,2012-05-11,0.38026253873050403,0
84493,2012-05-11,0.35147369781414983,0
84494,2012-05-11,0.27763922352567144,1
84495,2012-05-11,0.19048405577337116,1
84496,2012-05-11,0.20130627989763053,0
84497,2012-05-11,0.4043021679980503,1
84498,2012-05-11,0.4179952206995444,1
84499,2012-05-11,0.4142401005442024,1
84500,2012-05-11,0.21816862213200564,0
84501,2012-05-11,0.4798725517152571,0
84502,2012-05-11,0.22843005425005858,1
84503,2012-05-11,0.3241489218108285,1
84504,2012-05-11,0.4191024029272151,1
84505,2012-05-11,0.33020329858090564,0
84506,2012-05-11,0.25123205423399847,0
84507,2012-05-11,0.4023108501861548,1
84508,2012-05-11,0.46363984057781604,0
84509,2012-05-11,0.3810341854765046,0
84510,2012-05-11,0.3544558096683211,1
84511,2012-05-11,0.3941812899417262,1
84512,2012-05-11,0.23957432969164644,0
84513,2012-05-11,0.32076424687783756,0
84514,2012-05-11,0.25211613128639326,0
84515,2012-05-11,0.5128035063755136,0
84516,2012-05-11,0.40881501942079845,1
84517,2012-05-11,0.2291473800540816,0
84518,2012-05-11,0.48955028751478047,0
84519,2012-05-11,0.4037160036079349,0
84520,2012-05-11,0.4206470319097049,1
84521,2012-05-11,0.30432354541076234,1
84522,2012-05-11,0.37716882252974426,1
84523,2012-05-11,0.4466445955331676,0
84524,2012-05-11,0.29911562189472785,1
84525,2012-05-11,0.2648206390053567,0
84526,2012-05-11,0.36947765861731924,0
84527,2012-05-11,0.27094332974791047,1
84528,2012-05-11,0.5554128886517729,1
84529,2012-05-11,0.3446294410246952,1
84530,2012-05-11,0.39104612751632223,0
84531,2012-05-11,0.45943400875168955,0
84532,2012-05-11,0.24563662157709645,0
84533,2012-05-11,0.3555097732928278,1
84534,2012-05-11,0.13580305481054497,0
84535,2012-05-11,0.38736359001240855,1
84536,2012-05-11,0.35774475167391256,1
84537,2012-05-11,0.2651039218704084,0
84538,2012-05-11,0.394327254611574,0
84539,2012-05-11,0.5349553249817197,1
84540,2012-05-11,0.24878235015316613,0
84541,2012-05-11,0.24140096630088317,0
84542,2012-05-11,0.24635309317802437,0
84543,2012-05-11,0.30477884368582103,0
84544,2012-05-11,0.2647356079642928,0
84545,2012-05-11,0.2794272981966749,0
84546,2012-05-11,0.461373139124249,0
84547,2012-05-11,0.2329499894476001,0
84548,2012-05-11,0.3430943960797037,0
84549,2012-05-11,0.2565946945296327,1
84550,2012-05-11,0.35499995034284615,0
84551,2012-05-11,0.26580654019274885,0
84552,2012-05-11,0.31660177892229124,0
84553,2012-05-11,0.41358937993387057,1
84554,2012-05-11,0.29407197376455196,0
84555,2012-05-11,0.37833157132966433,0
84556,2012-05-11,0.4675166086120676,0
84557,2012-05-11,0.3596647438163355,1
84558,2012-05-11,0.34783058489233765,0
84559,2012-05-11,0.5309391309324784,0
84560,2012-05-11,0.3559473429408345,0
84561,2012-05-11,0.3940402238578477,0
84562,2012-05-11,0.3939079185704596,0
84563,2012-05-11,0.22235665000319435,1
84564,2012-05-11,0.34114633448267656,0
84565,2012-05-11,0.36201588244069927,0
84566,2012-05-11,0.424480530628593,0
84567,2012-05-11,0.35727433405912173,0
84568,2012-05-11,0.5946139387344154,0
84569,2012-05-11,0.2632244621465612,0
84570,2012-05-11,0.42523411025669594,1
84571,2012-05-11,0.31282418474763796,0
84572,2012-05-11,0.3386881988273297,0
84573,2012-05-11,0.4302869316370934,0
84574,2012-05-11,0.3254973177603567,0
84575,2012-05-11,0.2242684932570066,0
84576,2012-05-11,0.5451561839939162,1
84577,2012-05-11,0.276184246424337,1
84578,2012-05-11,0.3425352547793854,1
84579,2012-05-11,0.281685301321707,0
84580,2012-05-11,0.3859178384388754,0
84581,2012-05-11,0.23687594572165802,1
84582,2012-05-11,0.9920144813418277,1
84583,2012-05-11,0.2924246570951023,0
84584,2012-05-11,0.22924525903543652,1
84585,2012-05-11,0.3907979853339999,1
84586,2012-05-11,0.5692869784591706,1
84587,2012-05-11,0.3718254302509207,0
84588,2012-05-11,0.4545543444928686,1
84589,2012-05-11,0.3073432559691027,0
84590,2012-05-11,0.32343877058718173,1
84591,2012-05-11,0.16989557872292096,0
84592,2012-05-11,0.35343798762443446,0
84593,2012-05-11,0.36702175294440786,0
84594,2012-05-11,0.3416692104357869,1
84595,2012-05-11,0.36141992704015347,0
84596,2012-05-11,0.30182313033974106,0
84597,2012-05-11,0.34718667384827995,0
84598,2012-05-11,0.24009549506567643,0
84599,2012-05-11,0.2635270190912415,1
84600,2012-05-11,0.42148355215953065,0
84601,2012-05-11,0.20258997881944982,0
84602,2012-05-11,0.2211799523656865,0
84603,2012-05-11,0.24983772835160226,1
84604,2012-05-11,0.24094116704795224,1
84605,2012-05-11,0.28656788032909825,0
84606,2012-05-11,0.2063157815562885,0
84607,2012-05-11,0.43175199932896013,0
84608,2012-05-11,0.3060441706854563,0
84609,2012-05-11,0.29642800509421635,0
84610,2012-05-11,0.24064741228062278,0
84611,2012-05-11,0.647184221491455,1
84612,2012-05-11,0.44311918217771973,1
84613,2012-05-11,0.29574002212093325,0
84614,2012-05-11,0.21255181452576957,0
84615,2012-05-11,0.2747109684905705,1
84616,2012-05-11,0.2875050252203948,0
84617,2012-05-11,0.3670717047584081,0
84618,2012-05-11,0.3362121465068356,0
84619,2012-05-11,0.23635161759694595,1
84620,2012-05-11,0.2639698473020829,0
84621,2012-05-11,0.23703075212162497,0
84622,2012-05-11,0.3122327405921419,1
84623,2012-05-11,0.3496175207241541,0
84624,2012-05-11,0.32330970345632953,0
84625,2012-05-11,0.35055017399459476,0
84626,2012-05-11,0.23059028146114235,0
84627,2012-05-11,0.5401571053787607,1
84628,2012-05-11,0.34437876425874486,0
84629,2012-05-11,0.2955268255477181,0
84630,2012-05-11,0.16316568188266897,0
84631,2012-05-11,0.42895554389967677,0
84632,2012-05-11,0.2715065678593662,0
84633,2012-05-11,0.2600262316370284,1
84634,2012-05-11,0.34097305358718755,0
84635,2012-05-11,0.2419521661750262,1
84636,2012-05-11,0.4253146969403894,1
84637,2012-05-11,0.3500610005694435,1
84638,2012-05-11,0.446647258989047,0
84639,2012-05-11,0.25942076945742615,1
84640,2012-05-11,0.2682801305685703,1
84641,2012-05-11,0.410507710235973,0
84642,2012-05-11,0.4152480469006181,0
84643,2012-05-11,0.4041425869501563,0
84644,2012-05-11,0.2520552507349655,1
84645,2012-05-11,0.4748358295108783,0
84646,2012-05-11,0.3516249983024077,0
84647,2012-05-11,0.39031800709409586,0
84648,2012-05-11,0.32249184865078484,1
84649,2012-05-11,0.38521471187087486,0
84650,2012-05-11,0.2884940507388082,0
84651,2012-05-11,0.394388867429771,0
84652,2012-05-11,0.5173635126133845,0
84653,2012-05-11,0.3104786422481458,0
84654,2012-05-11,0.3919382634232188,1
84655,2012-05-11,0.3242294827450879,1
84656,2012-05-11,0.3491764927458644,0
84657,2012-05-11,0.3225297324806317,1
84658,2012-05-11,0.477728755333536,1
84659,2012-05-11,0.5178046775102322,0
84660,2012-05-11,0.34117971831869437,0
84661,2012-05-11,0.2482801872134079,0
84662,2012-05-11,0.35422436142965597,0
84663,2012-05-11,0.2321159806776815,1
84664,2012-05-11,0.39276743616010446,1
84665,2012-05-11,0.39673109568800824,0
84666,2012-05-11,0.42742595568363906,0
84667,2012-05-11,0.2356502741215871,0
84668,2012-05-11,0.362021363700141,1
84669,2012-05-11,0.281719346404984,0
84670,2012-05-11,0.3274086359639494,1
84671,2012-05-11,0.25073620039611194,1
84672,2012-05-11,0.2963519285504336,1
84673,2012-05-11,0.5146045418122355,0
84674,2012-05-11,0.298062447507022,1
84675,2012-05-11,0.31417385650657925,0
84676,2012-05-11,0.34627903513505076,0
84677,2012-05-11,0.5152789413127072,0
84678,2012-05-11,0.2897101464098223,0
84679,2012-05-11,0.38119077611910857,1
84680,2012-05-11,0.2647139864159943,0
84681,2012-05-11,0.32556838910822583,1
84682,2012-05-11,0.5660058241237718,0
84683,2012-05-11,0.4753621705346935,0
84684,2012-05-11,0.26322629319403246,0
84685,2012-05-11,0.3485465569430206,0
84686,2012-05-11,0.4464464134645383,0
84687,2012-05-11,0.2957294051047184,0
84688,2012-05-11,0.19566184789677174,1
84689,2012-05-11,0.32564887714555196,0
84690,2012-05-11,0.3362586810946645,0
84691,2012-05-11,0.2496946469355403,0
84692,2012-05-11,0.3210650680591639,0
84693,2012-05-11,0.2697141692770558,1
84694,2012-05-11,0.2989878095319209,0
84695,2012-05-11,0.3982610497309257,1
84696,2012-05-11,0.30627758893412055,1
84697,2012-05-11,0.390204100481443,0
84698,2012-05-11,0.45057961148015263,0
84699,2012-05-11,0.40439327523103225,0
84700,2012-05-11,0.3374593169739238,0
84701,2012-05-11,0.13471660754469786,0
84702,2012-05-11,0.4500802412173613,0
84703,2012-05-11,0.292279649257132,1
84704,2012-05-11,0.2655100016081525,0
84705,2012-05-11,0.3480673881265524,0
84706,2012-05-11,0.17670640344384328,0
84707,2012-05-11,0.4481562115149569,1
84708,2012-05-11,0.4030378696296477,0
84709,2012-05-11,0.3632724904987499,0
84710,2012-05-11,0.4453264452609922,0
84711,2012-05-11,0.5348357561132644,1
84712,2012-05-11,0.4718493178487469,1
84713,2012-05-11,0.48908322905847557,0
84714,2012-05-11,0.49085609813243214,0
84715,2012-05-11,0.14271626653171657,1
84716,2012-05-11,0.2666793394864645,0
84717,2012-05-11,0.4826221882130306,0
84718,2012-05-11,0.36277030312374153,0
84719,2012-05-11,0.2598114125407865,0
84720,2012-05-11,0.4138031026472905,0
84721,2012-05-11,0.2950747443365571,1
84722,2012-05-11,0.14169664989366837,0
84723,2012-05-11,0.18547283105553328,0
84724,2012-05-11,0.17737644158901836,0
84725,2012-05-11,0.2391990777075647,0
84726,2012-05-11,0.3614765692520455,0
84727,2012-05-11,0.2434513829837708,0
84728,2012-05-11,0.34528384776481763,0
84729,2012-05-11,0.3478970584484055,0
84730,2012-05-11,0.41464284329640333,0
84731,2012-05-11,0.3458737424771032,1
84732,2012-05-11,0.2313574912484149,1
84733,2012-05-11,0.2868254517528278,1
84734,2012-05-11,0.3454027337664658,0
84735,2012-05-11,0.354859089791334,0
84736,2012-05-11,0.27454491433104855,0
84737,2012-05-11,0.3258164769708692,1
84738,2012-05-11,0.2936106437532167,1
84739,2012-05-11,0.42230378134983576,0
84740,2012-05-11,0.307302502090726,0
84741,2012-05-11,0.4954271893413383,1
84742,2012-05-11,0.48805332665666806,0
84743,2012-05-11,0.27931093730434187,0
84744,2012-05-11,0.2097825353301644,0
84745,2012-05-11,0.4263669346969275,0
84746,2012-05-11,0.27168735015561857,0
84747,2012-05-11,0.40305615680245543,1
84748,2012-05-11,0.3682958790088472,0
84749,2012-05-11,0.9455057940767957,1
84750,2012-05-11,0.5222033444842257,0
84751,2012-05-11,0.3452593452703548,0
84752,2012-05-11,0.3563402386903533,0
84753,2012-05-11,0.2580343164326761,0
84754,2012-05-11,0.3853745195556525,0
84755,2012-05-11,0.37246157050911033,1
84756,2012-05-11,0.31023362564680024,1
84757,2012-05-11,0.37507382906671277,0
84758,2012-05-11,0.16239445574509156,0
84759,2012-05-11,0.33691382433256906,0
84760,2012-05-11,0.29856769922719817,0
84761,2012-05-11,0.4913888168635439,0
84762,2012-05-11,0.32221015865394786,1
84763,2012-05-11,0.17779807711786366,0
84764,2012-05-11,0.2638193592900715,0
84765,2012-05-11,0.3748001067438932,0
84766,2012-05-11,0.30818933497220596,0
84767,2012-05-11,0.4160673244818747,0
84768,2012-05-11,0.3260486466756847,0
84769,2012-05-11,0.276616932178705,1
84770,2012-05-11,0.2260395519961037,0
84771,2012-05-11,0.39927950471825596,0
84772,2012-05-11,0.3585047896836378,0
84773,2012-05-11,0.5646854178836221,1
84774,2012-05-11,0.3259683178481527,0
84775,2012-05-11,0.46246350047445517,0
84776,2012-05-11,0.32795319382657184,1
84777,2012-05-11,0.30670541486857456,0
84778,2012-05-11,0.2724522352601116,1
84779,2012-05-11,0.35232120937724526,1
84780,2012-05-11,0.32044985706488366,0
84781,2012-05-11,0.3816238939227122,1
84782,2012-05-11,0.43525631862491254,1
84783,2012-05-11,0.3047027251017386,0
84784,2012-05-11,0.2167869000689011,0
84785,2012-05-11,0.27290598142938394,0
84786,2012-05-11,0.24424123104258108,0
84787,2012-05-11,0.2880531417409098,1
84788,2012-05-11,0.3096096218536587,0
84789,2012-05-11,0.40385331177241407,1
84790,2012-05-11,0.27680603034695334,0
84791,2012-05-11,0.2886483677486429,1
84792,2012-05-11,0.3838790445043178,1
84793,2012-05-11,0.5134331234587355,0
84794,2012-05-11,0.19009678636214186,0
84795,2012-05-11,0.3561092746764862,0
84796,2012-05-11,0.46434289457573075,1
84797,2012-05-11,0.2589720620180377,0
84798,2012-05-11,0.3454895953226359,0
84799,2012-05-11,0.27374730819193177,0
84800,2012-05-11,0.26521341563277645,0
84801,2012-05-11,0.3407541709099853,1
84802,2012-05-11,0.3177019331069666,1
84803,2012-05-11,0.1695513745711925,0
84804,2012-05-11,0.38691251845510594,0
84805,2012-05-11,0.11542484340912726,0
84806,2012-05-11,0.32911252360217286,0
84807,2012-05-11,0.3475248024419971,0
84808,2012-05-11,0.3187298731283157,1
84809,2012-05-11,0.3386311539797987,0
84810,2012-05-11,0.20833301365926224,0
84811,2012-05-11,0.4622194875741739,0
84812,2012-05-11,0.3046747510779887,0
84813,2012-05-11,0.34262130004631025,1
84814,2012-05-11,0.32849544706139777,0
84815,2012-05-11,0.3342705643870196,0
84816,2012-05-11,0.3946240497465219,0
84817,2012-05-11,0.244619235913971,0
84818,2012-05-11,0.4179585148704044,0
84819,2012-05-11,0.5161031725911681,0
84820,2012-05-11,0.34732173267862865,0
84821,2012-05-11,0.37995405486340056,1
84822,2012-05-11,0.16868415714748622,1
84823,2012-05-11,0.36484127551842405,0
84824,2012-05-11,0.43717666021694457,0
84825,2012-05-11,0.29675774534541305,0
84826,2012-05-11,0.3193403814779209,0
84827,2012-05-11,0.15442454186298962,0
84828,2012-05-11,0.23294273630441995,0
84829,2012-05-11,0.3372515728310626,1
84830,2012-05-11,0.37007904183752766,0
84831,2012-05-11,0.34565393844830694,0
84832,2012-05-11,0.2718899288490749,0
84833,2012-05-11,0.18702914565650708,0
84834,2012-05-11,0.37360819116551847,0
84835,2012-05-11,0.44297855838464517,0
84836,2012-05-11,0.26143602755250545,1
84837,2012-05-11,0.21163295235108906,1
84838,2012-05-11,0.3958728255958093,1
84839,2012-05-11,0.28179471292993297,1
84840,2012-05-11,0.22341101693145127,0
84841,2012-05-11,0.171899733270886,0
84842,2012-05-11,0.23224917425717598,0
84843,2012-05-11,0.33490193754138775,0
84844,2012-05-11,0.4083487438800294,0
84845,2012-05-11,0.398027410734256,1
84846,2012-05-11,0.3658629182474032,0
84847,2012-05-11,0.22351857341416725,1
84848,2012-05-11,0.23452392056271296,0
84849,2012-05-11,0.31235647995280197,0
84850,2012-05-11,0.32745902459295606,0
84851,2012-05-11,0.2108792295401192,0
84852,2012-05-11,0.3444523090228045,1
84853,2012-05-11,0.36174882935769864,0
84854,2012-05-11,0.2246596974333291,0
84855,2012-05-11,0.6194331239805887,1
84856,2012-05-11,0.3357686628780241,1
84857,2012-05-11,0.3116136132214228,0
84858,2012-05-12,0.31383481879609865,0
84859,2012-05-12,0.22044793511870342,1
84860,2012-05-12,0.291892282842442,0
84861,2012-05-12,0.20920575123144064,0
84862,2012-05-12,0.48163026851507473,0
84863,2012-05-12,0.38362355319025343,1
84864,2012-05-12,0.9999135599911231,0
84865,2012-05-12,0.33393391273227024,1
84866,2012-05-12,0.2789474438610877,0
84867,2012-05-12,0.3588184419406918,1
84868,2012-05-12,0.2524778299656218,0
84869,2012-05-12,0.34313670243109673,0
84870,2012-05-12,0.4009034363421605,0
84871,2012-05-12,0.1941485477858404,0
84872,2012-05-12,0.3177966333290771,1
84873,2012-05-12,0.32464679182490647,1
84874,2012-05-12,0.3163735250884644,0
84875,2012-05-12,0.20050531641333774,0
84876,2012-05-12,0.24210453458140116,0
84877,2012-05-12,0.40200186943187977,0
84878,2012-05-12,0.4824222835553379,1
84879,2012-05-12,0.29946838230582984,0
84880,2012-05-12,0.3810165315501419,1
84881,2012-05-12,0.8517093314784964,0
84882,2012-05-12,0.2831107499087457,0
84883,2012-05-12,0.22572861010006226,1
84884,2012-05-12,0.3146673879493682,1
84885,2012-05-12,0.28031716390415407,0
84886,2012-05-12,0.43663710864704947,0
84887,2012-05-12,0.3925779703934719,0
84888,2012-05-12,0.3773734809760571,0
84889,2012-05-12,0.47292528657182303,0
84890,2012-05-12,0.540732802767131,1
84891,2012-05-12,0.30492602023823173,0
84892,2012-05-12,0.36316198463882565,1
84893,2012-05-12,0.30062588415474256,1
84894,2012-05-12,0.37745100785175445,0
84895,2012-05-12,0.928854860237031,1
84896,2012-05-12,0.3150065398069226,0
84897,2012-05-12,0.3162706848539079,0
84898,2012-05-12,0.1804210101464515,0
84899,2012-05-12,0.4301832688737797,0
84900,2012-05-12,0.29332586119216647,0
84901,2012-05-12,0.33569890043081185,0
84902,2012-05-12,0.3704815102368909,0
84903,2012-05-12,0.21693235982021886,0
84904,2012-05-12,0.4611912764058898,1
84905,2012-05-12,0.352365464261656,1
84906,2012-05-12,0.2932869634021021,0
84907,2012-05-12,0.38521376665914203,0
84908,2012-05-12,0.2267152687937407,0
84909,2012-05-12,0.4171048230076532,1
84910,2012-05-12,0.24013077996252377,0
84911,2012-05-12,0.4946714727621169,0
84912,2012-05-12,0.2871087494152728,1
84913,2012-05-12,0.2903943646156681,0
84914,2012-05-12,0.3149494348380364,1
84915,2012-05-12,0.2646580684042389,0
84916,2012-05-12,0.4141748000324692,0
84917,2012-05-12,0.32321991510991865,1
84918,2012-05-12,0.27656576870358274,1
84919,2012-05-12,0.26307074428688954,0
84920,2012-05-12,0.3851732809319612,1
84921,2012-05-12,0.28474355667114276,0
84922,2012-05-12,0.3630544272489296,0
84923,2012-05-12,0.4533236630284639,0
84924,2012-05-12,0.5018272170715493,0
84925,2012-05-12,0.27389487257738215,0
84926,2012-05-12,0.3182300824185897,0
84927,2012-05-12,0.27678321314422566,0
84928,2012-05-12,0.3544204874460622,1
84929,2012-05-12,0.2700062147666899,0
84930,2012-05-12,0.9969282256245666,1
84931,2012-05-12,0.3860875309184094,1
84932,2012-05-12,0.21816401966897328,1
84933,2012-05-12,0.26222134608581743,0
84934,2012-05-12,0.49487666799466384,0
84935,2012-05-12,0.4434335718921382,1
84936,2012-05-12,0.19598565538952162,0
84937,2012-05-12,0.2685897008590928,0
84938,2012-05-12,0.4100932268415418,0
84939,2012-05-12,0.43699652312806825,0
84940,2012-05-12,0.29632851965299156,0
84941,2012-05-12,0.2861721894297129,0
84942,2012-05-12,0.24814063175791018,0
84943,2012-05-12,0.36226846177273464,0
84944,2012-05-12,0.2730646340193988,0
84945,2012-05-12,0.39478243294156407,0
84946,2012-05-12,0.22306622708176635,0
84947,2012-05-12,0.38375130138156155,0
84948,2012-05-12,0.3316232986372294,1
84949,2012-05-12,0.2993109050472481,0
84950,2012-05-12,0.25403910109642636,0
84951,2012-05-12,0.4212027647373103,1
84952,2012-05-12,0.43827450432106324,0
84953,2012-05-12,0.4392668102838432,1
84954,2012-05-12,0.2011246587944347,0
84955,2012-05-12,0.3519276907329817,0
84956,2012-05-12,0.24257565323827554,0
84957,2012-05-12,0.5236024571486377,0
84958,2012-05-12,0.40546543791805406,0
84959,2012-05-12,0.3584690856421549,0
84960,2012-05-12,0.21695650403085587,0
84961,2012-05-12,0.07839223836426831,0
84962,2012-05-12,0.29285972361567536,0
84963,2012-05-12,0.39060346513476596,0
84964,2012-05-12,0.2915041100304223,0
84965,2012-05-12,0.46376757226927623,1
84966,2012-05-12,0.6495027480611203,0
84967,2012-05-12,0.43755559302774016,0
84968,2012-05-12,0.5757905940409905,0
84969,2012-05-12,0.6664262822377921,1
84970,2012-05-12,0.49975999527294473,1
84971,2012-05-12,0.2975437935560021,1
84972,2012-05-12,0.2602870951436479,0
84973,2012-05-12,0.49826777041834375,0
84974,2012-05-12,0.293363832050863,0
84975,2012-05-12,0.508444619617614,0
84976,2012-05-12,0.2583531281762744,0
84977,2012-05-12,0.3290797180707139,1
84978,2012-05-12,0.23908602946153698,0
84979,2012-05-12,0.19312098018542714,0
84980,2012-05-12,0.345237905721342,1
84981,2012-05-12,0.39308115892383033,0
84982,2012-05-12,0.3438130638311643,0
84983,2012-05-12,0.49449318622697624,0
84984,2012-05-12,0.20573276219796885,1
84985,2012-05-12,0.4846974705828119,1
84986,2012-05-12,0.4908894558573572,0
84987,2012-05-12,0.4126236032608602,0
84988,2012-05-12,0.24049060467777345,0
84989,2012-05-12,0.2700296890525646,1
84990,2012-05-12,0.515828172930281,1
84991,2012-05-12,0.30555107804429205,0
84992,2012-05-12,0.5313326201266925,0
84993,2012-05-12,0.3251152121753725,0
84994,2012-05-12,0.37620775534283496,0
84995,2012-05-12,0.32841806375386606,0
84996,2012-05-12,0.3428634176116419,0
84997,2012-05-12,0.4338519097525594,1
84998,2012-05-12,0.4921484803945894,0
84999,2012-05-12,0.37320281837824615,1
85000,2012-05-12,0.31436505457237535,0
85001,2012-05-12,0.31595992906195663,1
85002,2012-05-12,0.24895536752336878,0
85003,2012-05-12,0.3180274879989881,1
85004,2012-05-12,0.5093546323294503,1
85005,2012-05-12,0.25624775264077265,0
85006,2012-05-12,0.306343361969434,1
85007,2012-05-12,0.36297191863245537,0
85008,2012-05-12,0.33190519373697625,1
85009,2012-05-12,0.21480589674587494,0
85010,2012-05-13,0.26405447446898345,0
85011,2012-05-13,0.19887002025109635,0
85012,2012-05-13,0.46223809874507493,1
85013,2012-05-13,0.388119632978472,1
85014,2012-05-13,0.3890233777976435,0
85015,2012-05-13,0.17743861918322465,0
85016,2012-05-13,0.32376639219632836,0
85017,2012-05-13,0.25920756261502015,0
85018,2012-05-13,0.2103417430587439,0
85019,2012-05-13,0.18753192619862896,0
85020,2012-05-13,0.3966823517374875,0
85021,2012-05-13,0.3053160437188637,0
85022,2012-05-13,0.2640565578878018,0
85023,2012-05-13,0.4434573349040734,1
85024,2012-05-13,0.2438750108732705,0
85025,2012-05-13,0.10132686986028056,0
85026,2012-05-13,0.33756381572988786,0
85027,2012-05-13,0.1740686345964133,0
85028,2012-05-13,0.3760627594680357,0
85029,2012-05-13,0.40126768684286684,1
85030,2012-05-13,0.33633246748003676,1
85031,2012-05-13,0.3417000868300922,1
85032,2012-05-13,0.32739844739483404,0
85033,2012-05-13,0.19812532654026027,0
85034,2012-05-13,0.3212490103225322,1
85035,2012-05-13,0.551776541055621,1
85036,2012-05-13,0.32661242771654453,0
85037,2012-05-13,0.389125423668056,0
85038,2012-05-13,0.5267032521375845,1
85039,2012-05-13,0.2757625620085999,0
85040,2012-05-13,0.28790137950375283,1
85041,2012-05-13,0.39541040603228506,0
85042,2012-05-13,0.326221270829207,1
85043,2012-05-13,0.2594575576264,1
85044,2012-05-13,0.25371566369182785,1
85045,2012-05-13,0.3040589109433771,0
85046,2012-05-13,0.44485790650186086,1
85047,2012-05-13,0.37839558380244187,1
85048,2012-05-13,0.2840860173034393,1
85049,2012-05-13,0.38092918407967064,1
85050,2012-05-13,0.22116487534743226,0
85051,2012-05-13,0.44510413357151746,1
85052,2012-05-13,0.35216409604019866,0
85053,2012-05-13,0.16840145844992668,0
85054,2012-05-13,0.36650859278535525,0
85055,2012-05-13,0.512601332620531,0
85056,2012-05-13,0.263133055816234,1
85057,2012-05-13,0.2614294501554252,0
85058,2012-05-13,0.17699439792838476,1
85059,2012-05-13,0.3104151681323593,1
85060,2012-05-13,0.3883329217817619,0
85061,2012-05-13,0.3618100670552274,0
85062,2012-05-13,0.3385042156361261,0
85063,2012-05-13,0.20888394662202112,0
85064,2012-05-13,0.26931888934961873,0
85065,2012-05-13,0.4258392794823679,1
85066,2012-05-13,0.2766526556090315,0
85067,2012-05-13,0.2699912225353498,1
85068,2012-05-13,0.4133204460520192,0
85069,2012-05-13,0.41060548442602707,1
85070,2012-05-13,0.3830842237694936,0
85071,2012-05-13,0.4710473795902686,1
85072,2012-05-13,0.30769505609003894,1
85073,2012-05-13,0.3642157566580696,1
85074,2012-05-13,0.3884653494248397,1
85075,2012-05-13,0.44578073667122564,0
85076,2012-05-13,0.3607060002648934,1
85077,2012-05-13,0.3656013839547749,0
85078,2012-05-13,0.2829776254512191,0
85079,2012-05-13,0.42987179162269706,0
85080,2012-05-13,0.22953278010614736,0
85081,2012-05-13,0.5087000731589275,0
85082,2012-05-13,0.37704600948618494,1
85083,2012-05-13,0.2866092643529272,0
85084,2012-05-13,0.3394565247576851,0
85085,2012-05-13,0.47593750811072766,1
85086,2012-05-13,0.24459732464336142,0
85087,2012-05-13,0.7700842457066077,1
85088,2012-05-13,0.44563595298164305,0
85089,2012-05-13,0.35879150323794684,0
85090,2012-05-13,0.4125356186021124,0
85091,2012-05-13,0.3884978280867956,1
85092,2012-05-13,0.3362490163792016,0
85093,2012-05-13,0.3727941668378257,0
85094,2012-05-13,0.3324533950712465,1
85095,2012-05-13,0.35803403164918357,0
85096,2012-05-13,0.3743621922254851,1
85097,2012-05-13,0.3380506201163109,0
85098,2012-05-13,0.23739972777820612,1
85099,2012-05-13,0.3375422818596231,0
85100,2012-05-13,0.371347441781294,1
85101,2012-05-13,0.3850148012383007,0
85102,2012-05-13,0.33316023175181697,1
85103,2012-05-13,0.2887867836105269,0
85104,2012-05-13,0.33497457265125874,1
85105,2012-05-13,0.3774407429075179,1
85106,2012-05-13,0.38672807109585444,1
85107,2012-05-13,0.3189039381518211,0
85108,2012-05-13,0.2136157065257037,1
85109,2012-05-13,0.38824513936961375,1
85110,2012-05-13,0.3724120379962107,0
85111,2012-05-13,0.20015614766681317,0
85112,2012-05-13,0.1521226721899038,1
85113,2012-05-13,0.3708769252938842,1
85114,2012-05-13,0.32937163501692696,0
85115,2012-05-13,0.28740735351247365,0
85116,2012-05-13,0.1696908847668714,1
85117,2012-05-13,0.3295227396063236,1
85118,2012-05-13,0.2823346896445186,0
85119,2012-05-13,0.28935450908036364,1
85120,2012-05-13,0.32580724246185755,0
85121,2012-05-13,0.30118221062201955,0
85122,2012-05-13,0.42509465475430713,0
85123,2012-05-13,0.2056416331775121,0
85124,2012-05-13,0.36337562632333914,1
85125,2012-05-13,0.4669745413119111,1
85126,2012-05-13,0.3223796079143768,0
85127,2012-05-13,0.38355635789640286,0
85128,2012-05-13,0.21047212475627142,0
85129,2012-05-13,0.5953300916940389,0
85130,2012-05-13,0.24287500972403486,0
85131,2012-05-13,0.2383089868175452,0
85132,2012-05-13,0.417751410810406,0
85133,2012-05-13,0.3574669634996067,0
85134,2012-05-13,0.5138853966934055,0
85135,2012-05-13,0.45158875686815003,0
85136,2012-05-13,0.43798569176219243,0
85137,2012-05-13,0.8751986283939507,0
85138,2012-05-13,0.10220696768749925,0
85139,2012-05-13,0.299476449106828,0
85140,2012-05-13,0.3237900365875996,1
85141,2012-05-13,0.3692489625793675,0
85142,2012-05-13,0.2597365743562554,1
85143,2012-05-13,0.35683834254667357,0
85144,2012-05-13,0.3428786997585202,1
85145,2012-05-13,0.40856991752696514,0
85146,2012-05-13,0.29861688659933744,1
85147,2012-05-13,0.4474161734571305,0
85148,2012-05-13,0.40877226257197874,1
85149,2012-05-13,0.4974744020644376,0
85150,2012-05-13,0.38355635789640286,0
85151,2012-05-13,0.38550685793402556,0
85152,2012-05-13,0.27121704183442535,1
85153,2012-05-13,0.5797295793198906,1
85154,2012-05-13,0.5052072015647966,1
85155,2012-05-13,0.34929480472319646,1
85156,2012-05-13,0.3741130186055572,0
85157,2012-05-13,0.24181658433678568,0
85158,2012-05-13,0.44500429112232426,0
85159,2012-05-13,0.320728469552239,0
85160,2012-05-13,0.4153157513018296,0
85161,2012-05-14,0.29669000306343635,0
85162,2012-05-14,0.39210063370922343,0
85163,2012-05-14,0.28574075814413763,0
85164,2012-05-14,0.17072722929808665,0
85165,2012-05-14,0.40403467769730406,0
85166,2012-05-14,0.28666182715982313,1
85167,2012-05-14,0.23232492805205418,0
85168,2012-05-14,0.2564747980688201,1
85169,2012-05-14,0.151839685191058,0
85170,2012-05-14,0.2917472944165884,1
85171,2012-05-14,0.9998613350378395,1
85172,2012-05-14,0.5129337869118801,1
85173,2012-05-14,0.2007612606582889,0
85174,2012-05-14,0.279575121094607,0
85175,2012-05-14,0.3293100869568858,0
85176,2012-05-14,0.41025329922292086,0
85177,2012-05-14,0.2695494928044068,0
85178,2012-05-14,0.28208939618594525,0
85179,2012-05-14,0.38710851917617645,1
85180,2012-05-14,0.3337395000115334,1
85181,2012-05-14,0.6468325060811398,1
85182,2012-05-14,0.483669207529119,0
85183,2012-05-14,0.2780737467988274,1
85184,2012-05-14,0.2308680075504474,1
85185,2012-05-14,0.1970539354703994,0
85186,2012-05-14,0.33555433231577225,0
85187,2012-05-14,0.152868930099401,1
85188,2012-05-14,0.245861227360945,0
85189,2012-05-14,0.4105170410605337,0
85190,2012-05-14,0.32638126568794956,0
85191,2012-05-14,0.32573059796818393,1
85192,2012-05-14,0.3675045074721479,0
85193,2012-05-14,0.4095524834323492,0
85194,2012-05-14,0.3098681604482109,0
85195,2012-05-14,0.29464006430803064,0
85196,2012-05-14,0.38076514654238985,0
85197,2012-05-14,0.28666935758606943,0
85198,2012-05-14,0.15305769874857425,0
85199,2012-05-14,0.2829096978514993,1
85200,2012-05-14,0.3444056554224648,1
85201,2012-05-14,0.2822760532771679,0
85202,2012-05-14,0.24885391522378134,0
85203,2012-05-14,0.19815368481626083,0
85204,2012-05-14,0.4342717635322807,0
85205,2012-05-14,0.3606363445348613,1
85206,2012-05-14,0.413985206360995,1
85207,2012-05-14,0.13725497823748292,0
85208,2012-05-14,0.32793355812381153,0
85209,2012-05-14,0.29023376696984826,1
85210,2012-05-14,0.38062122081606686,0
85211,2012-05-14,0.34560669350818174,1
85212,2012-05-14,0.3211803101776603,0
85213,2012-05-14,0.3102697025332055,1
85214,2012-05-14,0.3584630463318331,0
85215,2012-05-14,0.2646588908411013,1
85216,2012-05-14,0.35744588113632925,0
85217,2012-05-14,0.21902607292210602,1
85218,2012-05-14,0.2797534325451545,0
85219,2012-05-14,0.2995318706614347,0
85220,2012-05-14,0.34891427520684715,0
85221,2012-05-14,0.3399358127963673,0
85222,2012-05-14,0.29237642442866757,1
85223,2012-05-14,0.4834570026952528,1
85224,2012-05-14,0.2860709377902369,0
85225,2012-05-14,0.3628256320738595,1
85226,2012-05-14,0.4178897226159129,1
85227,2012-05-14,0.42683277817930976,1
85228,2012-05-14,0.30490659793792446,0
85229,2012-05-14,0.42651284860264077,0
85230,2012-05-14,0.29884914484501324,0
85231,2012-05-14,0.2309617224010232,0
85232,2012-05-14,0.2617298373170256,0
85233,2012-05-14,0.20562151682110671,1
85234,2012-05-14,0.34408280671871716,1
85235,2012-05-14,0.41325219930985857,1
85236,2012-05-14,0.22920949820924755,1
85237,2012-05-14,0.30718279203376164,0
85238,2012-05-14,0.9934277285347648,1
85239,2012-05-14,0.19926907889355513,1
85240,2012-05-14,0.250096287709481,0
85241,2012-05-14,0.2949938154423399,1
85242,2012-05-14,0.4074894190382421,0
85243,2012-05-14,0.23805109252436563,0
85244,2012-05-14,0.26368086217296205,0
85245,2012-05-14,0.2815081673395869,0
85246,2012-05-14,0.2234412092098322,0
85247,2012-05-14,0.26920245149636096,0
85248,2012-05-14,0.30583534431891646,1
85249,2012-05-14,0.2808004110173621,1
85250,2012-05-14,0.2847874015203974,0
85251,2012-05-14,0.2778607069246587,0
85252,2012-05-14,0.20217644366681767,0
85253,2012-05-14,0.4277372032142258,0
85254,2012-05-14,0.2207989340731546,0
85255,2012-05-14,0.23001246448052867,0
85256,2012-05-14,0.49123231815337365,1
85257,2012-05-14,0.2891304153953968,0
85258,2012-05-14,0.21953644483697757,1
85259,2012-05-14,0.32445574648550357,0
85260,2012-05-14,0.1984988598726742,1
85261,2012-05-14,0.31135128498832415,1
85262,2012-05-14,0.39484079031224045,1
85263,2012-05-14,0.31547230494031403,0
85264,2012-05-14,0.47966290232679043,1
85265,2012-05-14,0.17291890469944324,1
85266,2012-05-14,0.3624198946306015,1
85267,2012-05-14,0.3414692926925452,1
85268,2012-05-14,0.2786344560382021,0
85269,2012-05-14,0.2793886617595896,0
85270,2012-05-14,0.3553274365952916,0
85271,2012-05-14,0.29713359424274816,0
85272,2012-05-14,0.23952888752376472,0
85273,2012-05-14,0.3148301775191007,0
85274,2012-05-14,0.2432907542823554,1
85275,2012-05-14,0.21396548846229563,0
85276,2012-05-14,0.2471836615273232,1
85277,2012-05-14,0.237927370501198,0
85278,2012-05-14,0.18951077865856228,1
85279,2012-05-14,0.3377774129180509,0
85280,2012-05-14,0.22890090611176908,0
85281,2012-05-14,0.4272802873402615,0
85282,2012-05-14,0.3350878958156706,1
85283,2012-05-14,0.26831881387313883,0
85284,2012-05-14,0.28616711649890914,0
85285,2012-05-14,0.3903721675349484,0
85286,2012-05-14,0.1654076280837562,0
85287,2012-05-14,0.38707170186073947,0
85288,2012-05-14,0.26294316301970344,0
85289,2012-05-14,0.25975107898437605,0
85290,2012-05-14,0.28656443771871737,0
85291,2012-05-14,0.41577074862187113,1
85292,2012-05-14,0.15581628627478836,1
85293,2012-05-14,0.21056066451962271,0
85294,2012-05-14,0.21579516078568864,1
85295,2012-05-14,0.44793334442792987,0
85296,2012-05-14,0.2717363179482511,1
85297,2012-05-14,0.4040558090704192,1
85298,2012-05-14,0.4101105829179376,0
85299,2012-05-14,0.2138363116358076,0
85300,2012-05-14,0.2663977382466508,0
85301,2012-05-14,0.2354720587408241,1
85302,2012-05-14,0.25625332549675894,0
85303,2012-05-14,0.24347311398403573,0
85304,2012-05-14,0.329539192672737,0
85305,2012-05-14,0.44185092698894635,1
85306,2012-05-14,0.28565821226698757,0
85307,2012-05-14,0.36378971616025924,0
85308,2012-05-14,0.2974161982753231,0
85309,2012-05-14,0.20582300252359195,0
85310,2012-05-14,0.33315688765419593,0
85311,2012-05-14,0.2992627773190163,1
85312,2012-05-14,0.4409975411874687,0
85313,2012-05-14,0.34084643245458557,0
85314,2012-05-14,0.3003478930085608,1
85315,2012-05-14,0.24141256761505875,0
85316,2012-05-14,0.35975965524172615,0
85317,2012-05-14,0.2919096332182521,0
85318,2012-05-14,0.17268416594837624,0
85319,2012-05-14,0.4121382746702665,1
85320,2012-05-14,0.2331585954747012,1
85321,2012-05-14,0.27603982548995676,0
85322,2012-05-14,0.33574482872943534,0
85323,2012-05-14,0.3993108780051715,0
85324,2012-05-14,0.9804668715258494,0
85325,2012-05-15,0.41155738007055837,1
85326,2012-05-15,0.2699120928537162,0
85327,2012-05-15,0.0909250770271658,1
85328,2012-05-15,0.4632557625155976,0
85329,2012-05-15,0.27687960276401147,0
85330,2012-05-15,0.47166450409523764,0
85331,2012-05-15,0.37649741067992437,0
85332,2012-05-15,0.3236253597906927,0
85333,2012-05-15,0.9991100820037523,0
85334,2012-05-15,0.33147750139064147,1
85335,2012-05-15,0.3608339243069217,1
85336,2012-05-15,0.46531937482246694,0
85337,2012-05-15,0.21837396410259013,0
85338,2012-05-15,0.31422361532066206,1
85339,2012-05-15,0.3980930323161576,0
85340,2012-05-15,0.212343967498187,0
85341,2012-05-15,0.17855235705347228,0
85342,2012-05-15,0.2454594229147892,0
85343,2012-05-15,0.2682239885498342,1
85344,2012-05-15,0.4370541402839171,0
85345,2012-05-15,0.4859254708722647,1
85346,2012-05-15,0.39600860126594856,0
85347,2012-05-15,0.2633119531787212,0
85348,2012-05-15,0.12483208447644337,0
85349,2012-05-15,0.2714957789276457,0
85350,2012-05-15,0.2843931483868795,0
85351,2012-05-15,0.45880558258877213,1
85352,2012-05-15,0.27039052269687797,0
85353,2012-05-15,0.34396228436682,0
85354,2012-05-15,0.27603645961416406,0
85355,2012-05-15,0.3536692519937287,1
85356,2012-05-15,0.37468443051954,1
85357,2012-05-15,0.7081432516354688,0
85358,2012-05-15,0.5419072343594067,1
85359,2012-05-15,0.2347552502167686,0
85360,2012-05-15,0.36258343208935145,0
85361,2012-05-15,0.28446682080147934,0
85362,2012-05-15,0.4040558333325238,0
85363,2012-05-15,0.48439977310376087,0
85364,2012-05-15,0.18025702032842492,0
85365,2012-05-15,0.3183655792755002,0
85366,2012-05-15,0.3831901843322017,1
85367,2012-05-15,0.2533891388808172,0
85368,2012-05-15,0.5657740399479714,0
85369,2012-05-15,0.25362186692123767,0
85370,2012-05-15,0.2761240112742772,1
85371,2012-05-15,0.32768358363153127,1
85372,2012-05-15,0.20105416275167176,0
85373,2012-05-15,0.45705124999497093,1
85374,2012-05-15,0.576124579884043,0
85375,2012-05-15,0.3864616731581582,1
85376,2012-05-15,0.2359988721904436,0
85377,2012-05-15,0.3292283772263343,0
85378,2012-05-15,0.26321186955672493,1
85379,2012-05-15,0.3176463637098907,0
85380,2012-05-15,0.23422648239326868,0
85381,2012-05-15,0.5370331438675917,0
85382,2012-05-15,0.2562086308381217,1
85383,2012-05-15,0.39586793585238544,0
85384,2012-05-15,0.25467549976685083,1
85385,2012-05-15,0.26645088322616767,1
85386,2012-05-15,0.4616637265784029,0
85387,2012-05-15,0.39208418909076204,1
85388,2012-05-15,0.4340453244465349,1
85389,2012-05-15,0.3314091017855258,0
85390,2012-05-15,0.3846903553922004,1
85391,2012-05-15,0.4193835560470914,0
85392,2012-05-15,0.29686408397993475,0
85393,2012-05-15,0.547898645770968,1
85394,2012-05-15,0.40208583925407165,1
85395,2012-05-15,0.5224724135753804,0
85396,2012-05-15,0.2426584398496395,0
85397,2012-05-15,0.3165506358589565,0
85398,2012-05-15,0.3032106346105186,0
85399,2012-05-15,0.2905962603484774,0
85400,2012-05-15,0.4118391538946774,0
85401,2012-05-15,0.2248388126183231,0
85402,2012-05-15,0.2856622457135666,1
85403,2012-05-15,0.28777116867707264,1
85404,2012-05-15,0.2861990224927759,0
85405,2012-05-15,0.4224865006806073,0
85406,2012-05-15,0.5684452087059336,1
85407,2012-05-15,0.269569351003522,0
85408,2012-05-15,0.6480253107865808,1
85409,2012-05-15,0.2982020967865561,0
85410,2012-05-15,0.564582059594082,1
85411,2012-05-15,0.2995311256824644,0
85412,2012-05-15,0.3101737590528312,1
85413,2012-05-15,0.3389754150877293,0
85414,2012-05-15,0.23934003822678648,0
85415,2012-05-16,0.4404464899996602,1
85416,2012-05-16,0.5564065234515289,1
85417,2012-05-16,0.513625507527266,0
85418,2012-05-16,0.42328796772019944,0
85419,2012-05-16,0.2549387862820689,1
85420,2012-05-16,0.39877514401316433,0
85421,2012-05-16,0.31795437975390006,1
85422,2012-05-16,0.28417998096498365,1
85423,2012-05-16,0.22336854254499877,0
85424,2012-05-16,0.20791086023376482,0
85425,2012-05-16,0.3270475166156959,0
85426,2012-05-16,0.5219077343548115,1
85427,2012-05-16,0.41873881747531316,0
85428,2012-05-16,0.28989132901312553,1
85429,2012-05-16,0.3399146696170929,1
85430,2012-05-16,0.3021718203522263,1
85431,2012-05-16,0.233162222582866,0
85432,2012-05-16,0.3236061089866398,1
85433,2012-05-16,0.25035843957775183,0
85434,2012-05-16,0.3261423123964465,0
85435,2012-05-16,0.32604108198358944,0
85436,2012-05-16,0.488539137788034,0
85437,2012-05-16,0.19790819425560632,0
85438,2012-05-16,0.45284381359650294,0
85439,2012-05-16,0.2828890156084814,1
85440,2012-05-16,0.41288306597099406,1
85441,2012-05-16,0.35731113893393046,1
85442,2012-05-16,0.3086366850723576,0
85443,2012-05-16,0.29248372465506334,1
85444,2012-05-16,0.2547146075359132,0
85445,2012-05-16,0.2706329303352245,1
85446,2012-05-16,0.4563765147058289,0
85447,2012-05-16,0.999980323100956,0
85448,2012-05-16,0.38071583639471895,1
85449,2012-05-16,0.33424617939249046,1
85450,2012-05-16,0.23598458043651696,1
85451,2012-05-16,0.300389451913236,0
85452,2012-05-16,0.46091769052799414,0
85453,2012-05-16,0.33523472879531835,1
85454,2012-05-16,0.9645274689411222,0
85455,2012-05-16,0.2525540727915909,0
85456,2012-05-16,0.3472074952514757,1
85457,2012-05-16,0.5320206453317083,0
85458,2012-05-16,0.24047321553623668,0
85459,2012-05-16,0.3958643200401818,1
85460,2012-05-16,0.5973099622147886,1
85461,2012-05-16,0.22376331145940853,1
85462,2012-05-16,0.5885564780363034,1
85463,2012-05-16,0.42270143135368066,0
85464,2012-05-16,0.45978257117259336,0
85465,2012-05-16,0.35342468225154944,0
85466,2012-05-16,0.47902788854722705,1
85467,2012-05-16,0.2686806607556718,0
85468,2012-05-16,0.3975378958081734,0
85469,2012-05-16,0.2285661027795649,0
85470,2012-05-16,0.35550802676548005,1
85471,2012-05-16,0.3237315230689379,1
85472,2012-05-16,0.3331082612531487,1
85473,2012-05-16,0.19157012914571345,1
85474,2012-05-16,0.30321595109287586,0
85475,2012-05-16,0.29248000193656687,1
85476,2012-05-16,0.3123268409765123,0
85477,2012-05-16,0.20635068185117927,0
85478,2012-05-16,0.2430840785983888,1
85479,2012-05-16,0.23774373237605056,0
85480,2012-05-16,0.49298719468578944,1
85481,2012-05-16,0.551344261965246,1
85482,2012-05-16,0.6189827426706958,0
85483,2012-05-16,0.44127650235129223,0
85484,2012-05-16,0.4295220992989961,0
85485,2012-05-16,0.4762383946119511,0
85486,2012-05-16,0.34458685069329165,0
85487,2012-05-16,0.2639240273213022,0
85488,2012-05-16,0.50777523280975,0
85489,2012-05-16,0.28695583287029924,0
85490,2012-05-16,0.3001314049811698,0
85491,2012-05-16,0.3024966457237656,1
85492,2012-05-16,0.3363210259874987,0
85493,2012-05-16,0.26668207446719644,1
85494,2012-05-16,0.40181837668191767,0
85495,2012-05-16,0.4264613792943514,0
85496,2012-05-16,0.256032409923788,0
85497,2012-05-16,0.5075182320574565,1
85498,2012-05-16,0.388285456297756,0
85499,2012-05-16,0.4059391168530009,1
85500,2012-05-16,0.3637123597494589,0
85501,2012-05-16,0.35250453349012895,0
85502,2012-05-16,0.5148214052741754,0
85503,2012-05-16,0.2902668030936387,1
85504,2012-05-16,0.24602877359165234,0
85505,2012-05-16,0.4814236650007278,1
85506,2012-05-16,0.4322705215170706,1
85507,2012-05-16,0.20805572986217954,0
85508,2012-05-16,0.3401759957807883,1
85509,2012-05-16,0.33900672825803513,1
85510,2012-05-17,0.3256900039469338,0
85511,2012-05-17,0.34603094488212244,0
85512,2012-05-17,0.3999821605860243,1
85513,2012-05-17,0.25018706076004166,0
85514,2012-05-17,0.553723103395167,1
85515,2012-05-17,0.40305725215022115,0
85516,2012-05-17,0.48348407721847275,0
85517,2012-05-17,0.3475793195578802,1
85518,2012-05-17,0.24397332599169128,0
85519,2012-05-17,0.35820922804144256,0
85520,2012-05-17,0.3990802530627476,0
85521,2012-05-17,0.5128232971149903,1
85522,2012-05-17,0.340235681707523,0
85523,2012-05-17,0.023440352158558875,1
85524,2012-05-17,0.334543147429861,0
85525,2012-05-17,0.43658442134904063,1
85526,2012-05-17,0.35360115263801317,1
85527,2012-05-17,0.37053672245633745,0
85528,2012-05-17,0.541972850949097,1
85529,2012-05-17,0.37714382135062574,1
85530,2012-05-17,0.9611014448827836,0
85531,2012-05-17,0.33816758382172063,0
85532,2012-05-17,0.27962182798823826,0
85533,2012-05-17,0.5096876952150898,1
85534,2012-05-17,0.34511220984790414,0
85535,2012-05-17,0.4086778422774839,0
85536,2012-05-17,0.2287710991818992,0
85537,2012-05-17,0.353099610243931,1
85538,2012-05-17,0.3648414633939693,0
85539,2012-05-17,0.240603005999255,0
85540,2012-05-17,0.288375582439663,0
85541,2012-05-17,0.3409002809983148,0
85542,2012-05-17,0.21717399665050396,1
85543,2012-05-17,0.4826387923420058,0
85544,2012-05-17,0.28537318927643973,0
85545,2012-05-17,0.3617271881329546,0
85546,2012-05-17,0.3678057143458115,0
85547,2012-05-17,0.2551664627782824,1
85548,2012-05-17,0.33466171885983165,0
85549,2012-05-17,0.4715512466681866,0
85550,2012-05-17,0.3546662465470231,1
85551,2012-05-17,0.2711720811686534,0
85552,2012-05-17,0.3619525131617364,1
85553,2012-05-17,0.3739982837736382,0
85554,2012-05-17,0.2960026586804702,0
85555,2012-05-17,0.4734062800585968,1
85556,2012-05-17,0.9766932697822049,0
85557,2012-05-17,0.3969984977177237,1
85558,2012-05-17,0.3265281679397182,0
85559,2012-05-17,0.2507502364858526,0
85560,2012-05-17,0.459414040283572,0
85561,2012-05-17,0.368987135927049,1
85562,2012-05-17,0.16218840259793565,0
85563,2012-05-17,0.22035712208121366,0
85564,2012-05-17,0.22221261596674002,0
85565,2012-05-17,0.4342031009105759,0
85566,2012-05-17,0.3984478050216425,1
85567,2012-05-17,0.24680934341543434,0
85568,2012-05-17,0.32181587705016795,0
85569,2012-05-17,0.24024296095656172,0
85570,2012-05-17,0.4758916914460269,0
85571,2012-05-17,0.357514715514806,0
85572,2012-05-17,0.40711606993419064,0
85573,2012-05-17,0.4891042664475853,0
85574,2012-05-17,0.24394724414175287,1
85575,2012-05-17,0.3627053420988171,0
85576,2012-05-17,0.35821664673853226,1
85577,2012-05-17,0.2925412353319945,0
85578,2012-05-17,0.2724915689129669,1
85579,2012-05-17,0.3333536856638871,0
85580,2012-05-17,0.21072998291827535,1
85581,2012-05-17,0.5099521385562493,1
85582,2012-05-17,0.404831096077387,0
85583,2012-05-17,0.22674350476748165,0
85584,2012-05-17,0.2971216200659279,1
85585,2012-05-17,0.4108909225009863,0
85586,2012-05-17,0.2109397915188276,0
85587,2012-05-17,0.2538214001894283,0
85588,2012-05-17,0.28941609254957207,0
85589,2012-05-17,0.32137433523581915,0
85590,2012-05-17,0.17900370583478997,0
85591,2012-05-17,0.29951925620303754,0
85592,2012-05-17,0.419043919197582,1
85593,2012-05-17,0.16252645009967925,0
85594,2012-05-17,0.39221246081231853,1
85595,2012-05-17,0.35860789516815383,0
85596,2012-05-17,0.3138073900968123,0
85597,2012-05-17,0.25850278292818707,0
85598,2012-05-17,0.3293552862958599,0
85599,2012-05-17,0.4703320192269703,0
85600,2012-05-17,0.24611016083355966,1
85601,2012-05-17,0.3419260996935941,0
85602,2012-05-17,0.29722426553728737,1
85603,2012-05-17,0.4408313657716937,0
85604,2012-05-17,0.5013616852604957,0
85605,2012-05-17,0.2758662909641552,0
85606,2012-05-17,0.544901879007649,1
85607,2012-05-17,0.32715519946328797,0
85608,2012-05-17,0.28494002119087775,1
85609,2012-05-17,0.20158369790899153,0
85610,2012-05-17,0.44140838952674255,0
85611,2012-05-17,0.35499169375629985,0
85612,2012-05-17,0.19358209356069592,0
85613,2012-05-17,0.19323377384105891,1
85614,2012-05-17,0.2705353379096433,1
85615,2012-05-17,0.1838305795895224,0
85616,2012-05-17,0.3528220678408032,1
85617,2012-05-17,0.4297512287228236,0
85618,2012-05-17,0.26862414545613006,1
85619,2012-05-17,0.5781639855643519,1
85620,2012-05-17,0.38276932009115067,1
85621,2012-05-17,0.2680747100318586,0
85622,2012-05-17,0.4043202824757218,0
85623,2012-05-17,0.24207973899892413,0
85624,2012-05-17,0.3461816192418671,0
85625,2012-05-17,0.3604239745774536,0
85626,2012-05-17,0.2177991793073779,0
85627,2012-05-17,0.3050836762465378,0
85628,2012-05-17,0.2695743377666385,0
85629,2012-05-17,0.5497534532234386,0
85630,2012-05-17,0.4174539006549897,0
85631,2012-05-17,0.35535840518132134,1
85632,2012-05-17,0.48244472631181173,0
85633,2012-05-17,0.3071244203457687,0
85634,2012-05-17,0.27169468363367927,0
85635,2012-05-17,0.3522824340668749,0
85636,2012-05-18,0.2783548644018705,1
85637,2012-05-18,0.33505714558758976,0
85638,2012-05-18,0.3118463109158985,1
85639,2012-05-18,0.44715220466718897,0
85640,2012-05-18,0.2698794249483774,0
85641,2012-05-18,0.5341230899682068,1
85642,2012-05-18,0.4327195953649116,0
85643,2012-05-18,0.37202944416241274,1
85644,2012-05-18,0.24488215841393468,0
85645,2012-05-18,0.2039871894505712,0
85646,2012-05-18,0.2961491812572665,0
85647,2012-05-18,0.20498571819418596,0
85648,2012-05-18,0.2835400446846715,0
85649,2012-05-18,0.29324913671564523,1
85650,2012-05-18,0.24179923553812488,0
85651,2012-05-18,0.19855541635170565,1
85652,2012-05-18,0.31151631058599566,1
85653,2012-05-18,0.425854156276142,1
85654,2012-05-18,0.256306677925588,1
85655,2012-05-18,0.2234974961728459,0
85656,2012-05-18,0.2677533015347282,0
85657,2012-05-18,0.35592767913573226,1
85658,2012-05-18,0.3387454571690867,0
85659,2012-05-18,0.5366580600458775,0
85660,2012-05-18,0.44484739102939536,0
85661,2012-05-18,0.33749264893978176,0
85662,2012-05-18,0.3862250594197454,0
85663,2012-05-18,0.4174408553695369,0
85664,2012-05-18,0.3190123939845427,0
85665,2012-05-18,0.2693412626435767,0
85666,2012-05-18,0.40471312959935096,1
85667,2012-05-18,0.40214885091044433,0
85668,2012-05-18,0.17481742000391712,0
85669,2012-05-18,0.4649238564364255,0
85670,2012-05-18,0.22353643968080067,0
85671,2012-05-18,0.3132499188559569,0
85672,2012-05-18,0.26554638233765576,0
85673,2012-05-18,0.32199861509303446,0
85674,2012-05-18,0.2536013848039099,1
85675,2012-05-18,0.40738823593754675,0
85676,2012-05-18,0.20818926437565755,1
85677,2012-05-18,0.21628607727203836,0
85678,2012-05-18,0.27578338354666343,0
85679,2012-05-18,0.18439362380409685,1
85680,2012-05-18,0.34516633305305505,0
85681,2012-05-18,0.2903359679936864,0
85682,2012-05-18,0.450911526239621,0
85683,2012-05-18,0.43619269681994344,0
85684,2012-05-18,0.20599389913739197,1
85685,2012-05-18,0.25534550712576354,0
85686,2012-05-18,0.22258562673880603,0
85687,2012-05-18,0.4963200253496897,1
85688,2012-05-18,0.6625249441635744,0
85689,2012-05-18,0.40810747826521915,1
85690,2012-05-18,0.2145750703522572,0
85691,2012-05-18,0.2758533233934023,1
85692,2012-05-18,0.29396803153099044,1
85693,2012-05-18,0.24417349595824156,1
85694,2012-05-18,0.2430448499524616,0
85695,2012-05-18,0.3324380754617664,1
85696,2012-05-18,0.3408410416366029,0
85697,2012-05-18,0.20443389246804292,1
85698,2012-05-18,0.4453039405058882,1
85699,2012-05-18,0.2925415019463748,0
85700,2012-05-18,0.5410776663338034,1
85701,2012-05-18,0.3437571751230018,0
85702,2012-05-18,0.30247924791040376,0
85703,2012-05-18,0.3169581447647904,0
85704,2012-05-18,0.3964351300712596,1
85705,2012-05-18,0.6446869959156633,0
85706,2012-05-18,0.3285062671761816,0
85707,2012-05-18,0.2722281481778314,0
85708,2012-05-18,0.236752356852594,0
85709,2012-05-18,0.30330808015944033,1
85710,2012-05-18,0.3678082601907586,0
85711,2012-05-18,0.39754529081683254,0
85712,2012-05-18,0.199836039949857,0
85713,2012-05-18,0.3041938817248325,0
85714,2012-05-18,0.2011491839879117,1
85715,2012-05-18,0.4098061194280976,0
85716,2012-05-18,0.37201874128179924,1
85717,2012-05-18,0.35069105407625906,1
85718,2012-05-18,0.2288323442134498,0
85719,2012-05-18,0.42771931273722924,0
85720,2012-05-18,0.3225999567543501,1
85721,2012-05-18,0.265613681376773,1
85722,2012-05-18,0.4726784093730717,1
85723,2012-05-18,0.35616224521248757,0
85724,2012-05-18,0.2029993364775482,0
85725,2012-05-18,0.2519544298455108,0
85726,2012-05-18,0.35108257225831274,0
85727,2012-05-18,0.2144519034312279,0
85728,2012-05-18,0.2845355556885533,0
85729,2012-05-18,0.4262136428895246,0
85730,2012-05-18,0.27692924625786075,1
85731,2012-05-18,0.28192225131145027,0
85732,2012-05-18,0.27867215194300227,0
85733,2012-05-18,0.29940287168947793,1
85734,2012-05-18,0.29982845488631626,1
85735,2012-05-18,0.4428911710991815,1
85736,2012-05-18,0.4021462748527148,1
85737,2012-05-18,0.3761111072463447,0
85738,2012-05-18,0.41393064103971416,0
85739,2012-05-18,0.22159171936090216,0
85740,2012-05-18,0.2552411858412457,0
85741,2012-05-18,0.47845804122742996,1
85742,2012-05-18,0.2995010829109821,1
85743,2012-05-18,0.3702617770063927,1
85744,2012-05-18,0.35787169647449846,1
85745,2012-05-18,0.48828209737078504,0
85746,2012-05-18,0.37487777744571327,0
85747,2012-05-18,0.4985945195449099,0
85748,2012-05-18,0.31619742611158436,1
85749,2012-05-18,0.32694063041422344,0
85750,2012-05-18,0.40019528521193837,1
85751,2012-05-18,0.25078260910622663,0
85752,2012-05-18,0.5644352032896791,0
85753,2012-05-18,0.33859803396703547,0
85754,2012-05-18,0.2148458253852341,0
85755,2012-05-18,0.4036787999748505,1
85756,2012-05-18,0.5526196173429195,0
85757,2012-05-18,0.30984577925248963,1
85758,2012-05-18,0.2369313556330025,0
85759,2012-05-18,0.3102236816811384,0
85760,2012-05-18,0.21544428520474,0
85761,2012-05-18,0.2783655870677137,0
85762,2012-05-18,0.4557229085783042,1
85763,2012-05-18,0.24602908428553094,1
85764,2012-05-18,0.3447910029310657,0
85765,2012-05-18,0.213723054892766,1
85766,2012-05-18,0.2254634194672163,0
85767,2012-05-18,0.3744326160357914,0
85768,2012-05-18,0.32098570828172085,0
85769,2012-05-18,0.4078987563179274,1
85770,2012-05-18,0.4403706498611151,0
85771,2012-05-19,0.1837974033223511,0
85772,2012-05-19,0.2334805142089771,0
85773,2012-05-19,0.4814659213473895,0
85774,2012-05-19,0.4286118595233278,1
85775,2012-05-19,0.26694141101079294,1
85776,2012-05-19,0.2423261112998155,0
85777,2012-05-19,0.1945299618164784,0
85778,2012-05-19,0.21699793162819273,1
85779,2012-05-19,0.11951054673688119,1
85780,2012-05-19,0.302418990196396,0
85781,2012-05-19,0.4918064343251468,0
85782,2012-05-19,0.35125283684459174,0
85783,2012-05-19,0.33109787749816805,1
85784,2012-05-19,0.35026624457588773,0
85785,2012-05-19,0.2764869671031984,0
85786,2012-05-19,0.42425265625945613,1
85787,2012-05-19,0.4786319888623056,0
85788,2012-05-19,0.490682676861884,0
85789,2012-05-19,0.28543066385036603,1
85790,2012-05-19,0.36638053948915206,1
85791,2012-05-19,0.34651875497590545,0
85792,2012-05-19,0.2858754148562484,1
85793,2012-05-19,0.4419096404318951,1
85794,2012-05-19,0.4088668912260548,1
85795,2012-05-19,0.5334498753825263,1
85796,2012-05-19,0.3156624154345521,0
85797,2012-05-19,0.3506279468832885,0
85798,2012-05-19,0.2706230253644749,0
85799,2012-05-19,0.2894248873852224,0
85800,2012-05-19,0.33694934838064206,0
85801,2012-05-19,0.26568112629675544,0
85802,2012-05-19,0.5062893367855008,0
85803,2012-05-19,0.35125437839468143,1
85804,2012-05-19,0.45066060776385414,0
85805,2012-05-19,0.38123807357001693,0
85806,2012-05-19,0.26821716983356697,0
85807,2012-05-19,0.32486561623549004,0
85808,2012-05-19,0.23344398618295045,1
85809,2012-05-19,0.17835575507519155,0
85810,2012-05-19,0.23401644377381628,0
85811,2012-05-19,0.26955391329404443,0
85812,2012-05-19,0.4748947828166162,0
85813,2012-05-19,0.4246597710916372,0
85814,2012-05-19,0.3868668427547943,0
85815,2012-05-19,0.25946223910706917,1
85816,2012-05-19,0.17537784579039972,0
85817,2012-05-19,0.29446961813578987,0
85818,2012-05-19,0.1607933376006694,0
85819,2012-05-19,0.3430837364246478,1
85820,2012-05-19,0.3539240290848482,0
85821,2012-05-19,0.413686777867339,0
85822,2012-05-19,0.3494876615769858,0
85823,2012-05-19,0.3398574034846106,0
85824,2012-05-19,0.29608441226834825,0
85825,2012-05-19,0.4192740447374301,0
85826,2012-05-19,0.4946482377470678,1
85827,2012-05-19,0.33184693441699153,1
85828,2012-05-19,0.1546678743356973,0
85829,2012-05-19,0.2947117169715034,0
85830,2012-05-19,0.3596728783704716,1
85831,2012-05-19,0.5784732070299293,0
85832,2012-05-19,0.4945410071332993,1
85833,2012-05-19,0.35253103567987853,1
85834,2012-05-19,0.25583962698265506,0
85835,2012-05-19,0.3251169385889656,1
85836,2012-05-19,0.53673743958541,0
85837,2012-05-19,0.5010350571720771,1
85838,2012-05-19,0.27222593492711444,0
85839,2012-05-19,0.3214134136680163,0
85840,2012-05-19,0.3326051109209151,1
85841,2012-05-19,0.256653583770231,1
85842,2012-05-19,0.6705278325126456,0
85843,2012-05-19,0.32434364632434054,0
85844,2012-05-19,0.3100901569923592,0
85845,2012-05-19,0.268838799690798,1
85846,2012-05-19,0.2166382356075361,1
85847,2012-05-19,0.3815014088067997,0
85848,2012-05-19,0.31108191586759587,0
85849,2012-05-19,0.21867899314674077,1
85850,2012-05-19,0.2804106563639246,0
85851,2012-05-19,0.3397105838765329,1
85852,2012-05-19,0.21156160899432205,0
85853,2012-05-19,0.2502234670899755,0
85854,2012-05-19,0.3460956659551625,1
85855,2012-05-19,0.3381742860045846,0
85856,2012-05-19,0.5969132903774856,1
85857,2012-05-19,0.2652410608307245,1
85858,2012-05-19,0.4560558786764151,0
85859,2012-05-19,0.24568203480659928,0
85860,2012-05-19,0.3381811734882649,1
85861,2012-05-19,0.40144682684031213,0
85862,2012-05-19,0.44103298984389694,1
85863,2012-05-19,0.4028282170303349,0
85864,2012-05-19,0.37534669300267337,0
85865,2012-05-19,0.3118868470734581,0
85866,2012-05-19,0.42827807547567853,1
85867,2012-05-19,0.3194208833168404,0
85868,2012-05-19,0.23971648053470374,1
85869,2012-05-19,0.4599520437071206,1
85870,2012-05-19,0.3423804319747224,1
85871,2012-05-19,0.22854123155452416,1
85872,2012-05-19,0.25913896317586665,0
85873,2012-05-19,0.36647477483053403,0
85874,2012-05-19,0.2770967870263512,0
85875,2012-05-19,0.24875319638982085,0
85876,2012-05-19,0.14227461898136418,1
85877,2012-05-19,0.36538427646892924,0
85878,2012-05-19,0.23753587042247135,0
85879,2012-05-19,0.2616050388768876,0
85880,2012-05-19,0.27602408590804894,1
85881,2012-05-19,0.20195341520933302,1
85882,2012-05-19,0.2869651220720216,1
85883,2012-05-19,0.2768876936807533,1
85884,2012-05-19,0.25276786292433095,0
85885,2012-05-19,0.4122110080946335,1
85886,2012-05-19,0.5055995941062177,0
85887,2012-05-19,0.2871821547509451,0
85888,2012-05-19,0.35321668714663224,0
85889,2012-05-19,0.3029557599829379,1
85890,2012-05-19,0.19967444671552287,1
85891,2012-05-19,0.05277952088485533,0
85892,2012-05-19,0.2547463393646971,1
85893,2012-05-19,0.39670276792200937,1
85894,2012-05-19,0.9999219707777101,0
85895,2012-05-20,0.32146342475666234,1
85896,2012-05-20,0.4690317738626979,1
85897,2012-05-20,0.24245377156308134,1
85898,2012-05-20,0.28993343859485005,0
85899,2012-05-20,0.1818939855547066,0
85900,2012-05-20,0.5206986866735209,1
85901,2012-05-20,0.36973704367065857,0
85902,2012-05-20,0.23169063086197422,0
85903,2012-05-20,0.4979274703345083,1
85904,2012-05-20,0.40500799940556603,0
85905,2012-05-20,0.45689988276268617,0
85906,2012-05-20,0.3214240171711589,0
85907,2012-05-20,0.2470292914782298,1
85908,2012-05-20,0.1814465577087028,0
85909,2012-05-20,0.1962075491716707,0
85910,2012-05-20,0.49698020336714704,0
85911,2012-05-20,0.23317682070932194,1
85912,2012-05-20,0.503266694853281,0
85913,2012-05-20,0.29244985395479406,0
85914,2012-05-20,0.33749317633289944,0
85915,2012-05-20,0.30119343288243555,0
85916,2012-05-20,0.31215767270432654,1
85917,2012-05-20,0.26432208323370093,0
85918,2012-05-20,0.300100489402523,1
85919,2012-05-20,0.2894941891034917,0
85920,2012-05-20,0.2888399625217337,0
85921,2012-05-20,0.31626449099414045,0
85922,2012-05-20,0.337931310183459,1
85923,2012-05-20,0.4472932023227001,1
85924,2012-05-20,0.22996166388809303,1
85925,2012-05-20,0.19876155535661974,0
85926,2012-05-20,0.4018203589773049,1
85927,2012-05-20,0.32169163863398115,1
85928,2012-05-20,0.24284452680273746,1
85929,2012-05-20,0.3153903624951298,1
85930,2012-05-20,0.28306560129241604,0
85931,2012-05-20,0.2413907033941747,0
85932,2012-05-20,0.27894205977188036,0
85933,2012-05-20,0.3412662685087522,0
85934,2012-05-20,0.31110967789129423,0
85935,2012-05-20,0.27696814941609377,0
85936,2012-05-20,0.4216880925555117,1
85937,2012-05-20,0.19739458704955695,0
85938,2012-05-20,0.31382411545981787,0
85939,2012-05-20,0.256397236864322,0
85940,2012-05-20,0.44006194450499825,1
85941,2012-05-20,0.26933041459521834,0
85942,2012-05-20,0.2892623426530332,0
85943,2012-05-20,0.3284453525994281,1
85944,2012-05-20,0.17629384532823753,0
85945,2012-05-20,0.2870088670721085,0
85946,2012-05-20,0.26379962322142275,0
85947,2012-05-20,0.3303953903003161,1
85948,2012-05-20,0.3162375145938825,0
85949,2012-05-20,0.22313075232132468,1
85950,2012-05-20,0.3822880551571782,0
85951,2012-05-20,0.26781846701798323,0
85952,2012-05-20,0.46507608755475816,1
85953,2012-05-20,0.25815134842882365,0
85954,2012-05-20,0.48790599756361464,0
85955,2012-05-20,0.2547133694231091,0
85956,2012-05-20,0.2937839443851263,0
85957,2012-05-20,0.40682941194201394,0
85958,2012-05-20,0.36198982910494354,1
85959,2012-05-20,0.26116631287630426,1
85960,2012-05-20,0.22562164829474246,0
85961,2012-05-20,0.3061089392133227,1
85962,2012-05-20,0.3121921487793024,0
85963,2012-05-20,0.3332486062077265,0
85964,2012-05-20,0.33544628444544083,0
85965,2012-05-20,0.27975465410120526,0
85966,2012-05-20,0.36889575491547255,0
85967,2012-05-20,0.30011374145211,0
85968,2012-05-20,0.47468962196031445,1
85969,2012-05-20,0.14867583759598316,1
85970,2012-05-20,0.4152039128430606,0
85971,2012-05-20,0.335418573955829,0
85972,2012-05-20,0.46094723274314503,0
85973,2012-05-20,0.3867008121549496,1
85974,2012-05-20,0.3368365495283307,0
85975,2012-05-20,0.2896541730359337,1
85976,2012-05-20,0.32885308035280186,0
85977,2012-05-20,0.30446223581720105,0
85978,2012-05-20,0.2184211302714614,0
85979,2012-05-20,0.24948762083937528,0
85980,2012-05-20,0.5341875382856534,1
85981,2012-05-20,0.2979686740052113,0
85982,2012-05-20,0.3720481602080372,0
85983,2012-05-20,0.16267688489304213,0
85984,2012-05-20,0.41563853446390114,0
85985,2012-05-20,0.4538678159577209,1
85986,2012-05-20,0.5301457006686141,0
85987,2012-05-20,0.22235162560974656,0
85988,2012-05-20,0.18128961059220267,0
85989,2012-05-20,0.2679863546945069,0
85990,2012-05-20,0.2439727841174195,1
85991,2012-05-20,0.44995058948352085,0
85992,2012-05-20,0.1513991243509431,0
85993,2012-05-20,0.4412029592852586,1
85994,2012-05-20,0.3084327886827766,1
85995,2012-05-20,0.552577433968466,1
85996,2012-05-20,0.2732613555089449,0
85997,2012-05-20,0.3568052345761964,0
85998,2012-05-20,0.279552432541554,0
85999,2012-05-20,0.4234203535872294,1
86000,2012-05-20,0.3074327393459048,0
86001,2012-05-20,0.3501790956966859,0
86002,2012-05-20,0.302587206837636,0
86003,2012-05-20,0.21973181372477418,1
86004,2012-05-20,0.34643082750513104,0
86005,2012-05-20,0.3806134262407255,1
86006,2012-05-20,0.44369450357184376,1
86007,2012-05-20,0.34929662833119635,0
86008,2012-05-20,0.238946506562081,0
86009,2012-05-20,0.17824336668355564,1
86010,2012-05-20,0.38450439031870054,0
86011,2012-05-20,0.26854850661340096,0
86012,2012-05-20,0.4170397025602017,1
86013,2012-05-20,0.29221246227628883,0
86014,2012-05-20,0.28415390050141726,0
86015,2012-05-20,0.201956785505253,0
86016,2012-05-20,0.440411713676659,0
86017,2012-05-20,0.1837244716930823,1
86018,2012-05-20,0.261742925108538,1
86019,2012-05-20,0.33646025002134217,0
86020,2012-05-20,0.63091434940304,1
86021,2012-05-20,0.3439288730453513,0
86022,2012-05-20,0.22344666633968244,0
86023,2012-05-20,0.21461190159156399,0
86024,2012-05-20,0.3029831188685181,0
86025,2012-05-20,0.6062409374328213,1
86026,2012-05-20,0.17053468984223227,0
86027,2012-05-20,0.39432094918467453,0
86028,2012-05-20,0.25103107335253194,0
86029,2012-05-20,0.18173267443521887,0
86030,2012-05-20,0.23793538382897914,0
86031,2012-05-20,0.48383063718785796,0
86032,2012-05-20,0.4645946152184491,1
86033,2012-05-20,0.22823689740556996,0
86034,2012-05-20,0.36709641841781226,0
86035,2012-05-20,0.2614405201061247,1
86036,2012-05-20,0.33864502777844374,0
86037,2012-05-20,0.25258807098089703,0
86038,2012-05-20,0.2510079817822309,1
86039,2012-05-20,0.26641746288895446,0
86040,2012-05-20,0.29587938013919823,0
86041,2012-05-20,0.27048378559389574,0
86042,2012-05-20,0.32710584941869036,1
86043,2012-05-20,0.3669696599500869,1
86044,2012-05-20,0.19174442657646656,1
86045,2012-05-20,0.330991595196576,1
86046,2012-05-20,0.2704651577128087,0
86047,2012-05-20,0.36664281339783095,0
86048,2012-05-20,0.18128758301711914,0
86049,2012-05-20,0.19109739778976634,0
86050,2012-05-20,0.3206880244523906,1
86051,2012-05-20,0.2941140371260715,0
86052,2012-05-20,0.31258221638969,0
86053,2012-05-20,0.20313271302342525,0
86054,2012-05-20,0.45768742977642785,1
86055,2012-05-20,0.3997682597157823,1
86056,2012-05-20,0.31085238984267355,0
86057,2012-05-20,0.33793008487093634,0
86058,2012-05-20,0.32981300459338553,0
86059,2012-05-20,0.3343454115026462,1
86060,2012-05-20,0.2728672639608936,0
86061,2012-05-20,0.34858541946078636,0
86062,2012-05-20,0.30092459829918133,0
86063,2012-05-20,0.2809693775964123,0
86064,2012-05-20,0.30803412966452637,0
86065,2012-05-20,0.34959725119490326,0
86066,2012-05-20,0.45190738550639403,0
86067,2012-05-20,0.24596211065145343,0
86068,2012-05-20,0.5031264291561868,0
86069,2012-05-20,0.31445693669888936,0
86070,2012-05-20,0.3672504866493886,0
86071,2012-05-20,0.18173267443521887,0
86072,2012-05-20,0.41555459939240386,1
86073,2012-05-20,0.4165818560793243,1
86074,2012-05-20,0.3218658131877231,1
86075,2012-05-20,0.24246620189904322,0
86076,2012-05-20,0.23126078992249846,0
86077,2012-05-20,0.19800677424662425,0
86078,2012-05-20,0.3581253417229404,1
86079,2012-05-20,0.24992422725011296,0
86080,2012-05-20,0.3434411774933939,0
86081,2012-05-20,0.302725309962249,0
86082,2012-05-20,0.29474155490705695,0
86083,2012-05-20,0.3486824215398381,1
86084,2012-05-20,0.39143092453643874,0
86085,2012-05-20,0.26456964366094143,1
86086,2012-05-20,0.22981135736349115,1
86087,2012-05-20,0.3081423668491522,1
86088,2012-05-20,0.2881924273530158,0
86089,2012-05-20,0.19143507810368254,1
86090,2012-05-20,0.5662875758351652,1
86091,2012-05-20,0.2844940104187648,1
86092,2012-05-20,0.32734092211251614,0
86093,2012-05-20,0.42536009516720014,1
86094,2012-05-20,0.22434881733537532,0
86095,2012-05-20,0.48093676245341754,1
86096,2012-05-20,0.28809224714179243,0
86097,2012-05-20,0.3287082060478339,0
86098,2012-05-20,0.21927262474169953,1
86099,2012-05-20,0.3751641665849266,0
86100,2012-05-20,0.3105632948238577,1
86101,2012-05-20,0.20078074224575151,0
86102,2012-05-20,0.45735680038145465,1
86103,2012-05-20,0.2931341345063551,1
86104,2012-05-20,0.5114205508777925,0
86105,2012-05-20,0.4648993155258084,0
86106,2012-05-20,0.34710445586872085,0
86107,2012-05-20,0.3622018206560112,1
86108,2012-05-20,0.2663436709654188,0
86109,2012-05-20,0.2967289720221136,1
86110,2012-05-20,0.23504195848563472,0
86111,2012-05-20,0.3607703460603115,0
86112,2012-05-20,0.3433908640272223,1
86113,2012-05-20,0.2974763293953247,1
86114,2012-05-20,0.35759898219586733,1
86115,2012-05-20,0.33390419780947284,0
86116,2012-05-20,0.29787135749732074,1
86117,2012-05-20,0.46982432711150957,0
86118,2012-05-20,0.386441225928328,0
86119,2012-05-20,0.15838506239193487,0
86120,2012-05-20,0.31553329378918515,0
86121,2012-05-20,0.26757246579238014,0
86122,2012-05-20,0.3050385955514729,0
86123,2012-05-20,0.26068524672412796,0
86124,2012-05-20,0.22862405384491516,0
86125,2012-05-20,0.1818939855547066,0
86126,2012-05-20,0.4162697961126122,1
86127,2012-05-20,0.16441167705379453,1
86128,2012-05-20,0.3312232257145026,1
86129,2012-05-20,0.18179493460270207,0
86130,2012-05-20,0.2077907578515243,0
86131,2012-05-20,0.2975690310740834,0
86132,2012-05-20,0.47018391252838754,0
86133,2012-05-20,0.254762895715064,0
86134,2012-05-20,0.40494434051758305,0
86135,2012-05-20,0.4166700272150601,0
86136,2012-05-20,0.4236466699843338,1
86137,2012-05-20,0.2670827876034967,0
86138,2012-05-20,0.2974409788253036,1
86139,2012-05-20,0.39522539535966056,0
86140,2012-05-20,0.3374350097631322,1
86141,2012-05-20,0.2747842761023853,0
86142,2012-05-20,0.3494849558688821,0
86143,2012-05-20,0.3144293979077788,1
86144,2012-05-20,0.20879473908556773,0
86145,2012-05-20,0.34060073066304863,1
86146,2012-05-20,0.4480790660511755,1
86147,2012-05-20,0.20808463849706324,1
86148,2012-05-20,0.3541561005142398,0
86149,2012-05-20,0.5815519008737858,0
86150,2012-05-20,0.20508255791490193,1
86151,2012-05-21,0.25794016672146175,0
86152,2012-05-21,0.31909561258919733,1
86153,2012-05-21,0.2836176658594833,0
86154,2012-05-21,0.2147159193610373,1
86155,2012-05-21,0.3190225372706852,0
86156,2012-05-21,0.36747736912038687,0
86157,2012-05-21,0.2769163111909835,0
86158,2012-05-21,0.26130875663702574,0
86159,2012-05-21,0.2477237164485754,0
86160,2012-05-21,0.3747834904872941,0
86161,2012-05-21,0.45049817133536724,0
86162,2012-05-21,0.24705240063648817,0
86163,2012-05-21,0.39056125834814454,1
86164,2012-05-21,0.257000760208338,1
86165,2012-05-21,0.2311204078499096,1
86166,2012-05-21,0.22826291515382413,0
86167,2012-05-21,0.2880871417868035,0
86168,2012-05-21,0.2157896606969333,1
86169,2012-05-21,0.5004468626781671,0
86170,2012-05-21,0.38863438796791144,1
86171,2012-05-21,0.23451422596790805,1
86172,2012-05-21,0.2769221914741774,0
86173,2012-05-21,0.2531655795537003,1
86174,2012-05-21,0.24051469986461962,0
86175,2012-05-21,0.2061390138620935,0
86176,2012-05-21,0.057110357634434165,0
86177,2012-05-21,0.3890512542149328,0
86178,2012-05-21,0.2933745867971455,1
86179,2012-05-21,0.4332166486520387,1
86180,2012-05-21,0.3113393082246965,0
86181,2012-05-21,0.3275105829466357,0
86182,2012-05-21,0.384604445626475,0
86183,2012-05-21,0.2162747780590866,0
86184,2012-05-21,0.36737566255037124,1
86185,2012-05-21,0.24914999904883023,1
86186,2012-05-21,0.22886090086398334,0
86187,2012-05-21,0.2154395236328052,1
86188,2012-05-21,0.40279496338906934,1
86189,2012-05-21,0.4481140565978459,0
86190,2012-05-21,0.3297786474669898,0
86191,2012-05-21,0.2628753347303671,0
86192,2012-05-21,0.45868445207008407,0
86193,2012-05-21,0.21263528274555923,0
86194,2012-05-21,0.37591450859876163,0
86195,2012-05-21,0.5540769150022932,1
86196,2012-05-21,0.376307401856261,0
86197,2012-05-21,0.4086025433478343,1
86198,2012-05-21,0.21270949929754204,0
86199,2012-05-21,0.3839598974809892,0
86200,2012-05-21,0.2615554894831668,0
86201,2012-05-21,0.39207500509671733,1
86202,2012-05-21,0.3308921567725084,0
86203,2012-05-21,0.43871699679599074,1
86204,2012-05-21,0.24363216037330981,1
86205,2012-05-21,0.4253843021391962,1
86206,2012-05-21,0.3652400090291475,0
86207,2012-05-21,0.4069196280248635,0
86208,2012-05-21,0.28550313091834656,0
86209,2012-05-21,0.38202454193382085,0
86210,2012-05-21,0.26905297937791084,1
86211,2012-05-21,0.301682118599611,1
86212,2012-05-21,0.44158948488031896,0
86213,2012-05-21,0.42443175179257997,0
86214,2012-05-21,0.45398568179822085,1
86215,2012-05-21,0.5782728359150133,1
86216,2012-05-21,0.19975048653451807,1
86217,2012-05-21,0.25286103760524425,1
86218,2012-05-21,0.2542627433266991,1
86219,2012-05-21,0.31263127360652054,0
86220,2012-05-21,0.23888918641567042,0
86221,2012-05-21,0.2712895939564147,0
86222,2012-05-21,0.2749828247602501,0
86223,2012-05-21,0.30600814167165197,0
86224,2012-05-21,0.3824736708273635,1
86225,2012-05-21,0.45930561063180547,1
86226,2012-05-21,0.3149316887947057,0
86227,2012-05-21,0.32704074285757156,1
86228,2012-05-21,0.38317704278247877,1
86229,2012-05-21,0.3380059352848132,1
86230,2012-05-21,0.26058367091173285,0
86231,2012-05-21,0.5316063906052353,1
86232,2012-05-21,0.23177830775550476,0
86233,2012-05-21,0.3736561607718495,1
86234,2012-05-21,0.25243221476777045,1
86235,2012-05-21,0.23826250537835492,0
86236,2012-05-21,0.31250559056502053,0
86237,2012-05-21,0.24993429745777898,0
86238,2012-05-21,0.2471318119222281,1
86239,2012-05-21,0.39478968538880227,0
86240,2012-05-21,0.3592555964121503,1
86241,2012-05-21,0.23723232075717493,0
86242,2012-05-21,0.34364158879316536,0
86243,2012-05-21,0.29481237790069353,0
86244,2012-05-21,0.43006842802129525,0
86245,2012-05-21,0.3473073629340985,1
86246,2012-05-21,0.35257928619735074,0
86247,2012-05-21,0.3070643442968832,0
86248,2012-05-21,0.3563505920567311,0
86249,2012-05-21,0.24592310000388176,1
86250,2012-05-21,0.18914336297882883,1
86251,2012-05-21,0.3074190216939774,0
86252,2012-05-21,0.5182781980126356,1
86253,2012-05-21,0.11094523696249739,1
86254,2012-05-21,0.3760476748314873,0
86255,2012-05-21,0.27572339066406626,0
86256,2012-05-21,0.2881972691705865,0
86257,2012-05-21,0.29651570423184465,1
86258,2012-05-21,0.30855636131447217,1
86259,2012-05-21,0.29029856114935904,0
86260,2012-05-21,0.4290955103730238,0
86261,2012-05-21,0.4506329484514567,0
86262,2012-05-21,0.3442202034224051,0
86263,2012-05-21,0.25146072229081773,1
86264,2012-05-21,0.36261403308200435,1
86265,2012-05-21,0.34027895009601816,1
86266,2012-05-21,0.32735546748583894,0
86267,2012-05-21,0.38457478042743026,0
86268,2012-05-21,0.23978833749028797,1
86269,2012-05-21,0.16771901201245135,0
86270,2012-05-21,0.3255118192871084,1
86271,2012-05-21,0.26980681246625304,0
86272,2012-05-21,0.31700384725122893,0
86273,2012-05-21,0.24937644172847795,0
86274,2012-05-21,0.35563035824675027,0
86275,2012-05-21,0.2097575816808636,0
86276,2012-05-21,0.4984770462985871,0
86277,2012-05-21,0.35854614254573736,1
86278,2012-05-21,0.21612905331360469,0
86279,2012-05-21,0.3062458266119705,0
86280,2012-05-21,0.3060596811622457,1
86281,2012-05-21,0.37563046153396107,0
86282,2012-05-21,0.2898710701825133,1
86283,2012-05-21,0.2996889620951078,0
86284,2012-05-21,0.31865068496974414,0
86285,2012-05-21,0.3341592315579252,1
86286,2012-05-21,0.47365830603822034,0
86287,2012-05-21,0.28628442926536846,0
86288,2012-05-21,0.3215492379169413,1
86289,2012-05-21,0.2326289172435706,0
86290,2012-05-21,0.3973953794514308,0
86291,2012-05-21,0.35314686951917507,1
86292,2012-05-21,0.19685818225573398,0
86293,2012-05-21,0.30246725278404485,0
86294,2012-05-21,0.2822988213917113,0
86295,2012-05-21,0.2877771578907011,0
86296,2012-05-21,0.3671884833078551,0
86297,2012-05-21,0.28886330072143235,0
86298,2012-05-21,0.3416638461679678,1
86299,2012-05-21,0.375795074801332,1
86300,2012-05-21,0.2702423488738181,1
86301,2012-05-21,0.43217897636504515,1
86302,2012-05-21,0.3168072577381245,0
86303,2012-05-21,0.3025267261892194,0
86304,2012-05-21,0.33736503412981755,0
86305,2012-05-21,0.11293549325225692,1
86306,2012-05-21,0.18021737923923004,0
86307,2012-05-21,0.2398426965597031,0
86308,2012-05-21,0.6223935081646452,1
86309,2012-05-21,0.1801215220846351,0
86310,2012-05-21,0.18819621652129945,0
86311,2012-05-21,0.19375541907100918,0
86312,2012-05-21,0.6270907370113507,1
86313,2012-05-21,0.6201004435425946,1
86314,2012-05-21,0.520398322700292,0
86315,2012-05-21,0.26667037716529146,0
86316,2012-05-21,0.6387467742062646,0
86317,2012-05-21,0.25517423600883243,0
86318,2012-05-21,0.36140108946266597,1
86319,2012-05-21,0.2749290600216055,0
86320,2012-05-21,0.29581487164706055,0
86321,2012-05-21,0.4015162785746509,0
86322,2012-05-21,0.22566672330862025,1
86323,2012-05-21,0.37366745404388424,0
86324,2012-05-21,0.2242245871829392,0
86325,2012-05-21,0.47759530987232335,0
86326,2012-05-21,0.504756956485794,0
86327,2012-05-21,0.43220479186449295,0
86328,2012-05-21,0.3631092063967052,1
86329,2012-05-21,0.40458760038644953,1
86330,2012-05-21,0.3001245836986353,0
86331,2012-05-21,0.23918406713677567,0
86332,2012-05-21,0.35787684600903974,0
86333,2012-05-21,0.2728557543983103,1
86334,2012-05-21,0.2753662043833301,0
86335,2012-05-21,0.4112017861242037,0
86336,2012-05-21,0.20907799671673077,0
86337,2012-05-21,0.33096960129222786,1
86338,2012-05-21,0.27372711226746704,0
86339,2012-05-21,0.38776398105349097,1
86340,2012-05-21,0.4095742667777026,1
86341,2012-05-21,0.17428214680103102,1
86342,2012-05-21,0.26189999829440774,0
86343,2012-05-21,0.20930055319835245,0
86344,2012-05-21,0.24574344404744242,0
86345,2012-05-21,0.4017226575591192,1
86346,2012-05-21,0.34620229343813136,1
86347,2012-05-21,0.4678536162695313,0
86348,2012-05-21,0.25008875024567007,1
86349,2012-05-21,0.4473576614578519,0
86350,2012-05-21,0.22965383823198424,0
86351,2012-05-21,0.4232892743233613,1
86352,2012-05-21,0.2545713550871858,0
86353,2012-05-21,0.22746158657512913,1
86354,2012-05-21,0.38258138111063383,0
86355,2012-05-21,0.314009775452604,0
86356,2012-05-21,0.41787471048210273,1
86357,2012-05-21,0.3337327525254538,1
86358,2012-05-21,0.293578911974977,0
86359,2012-05-21,0.3484229957393817,1
86360,2012-05-21,0.2887797188783707,0
86361,2012-05-21,0.27162354054566773,0
86362,2012-05-22,0.25515508880261417,1
86363,2012-05-22,0.32039038492024463,0
86364,2012-05-22,0.3192810554648074,0
86365,2012-05-22,0.22079946789120114,0
86366,2012-05-22,0.2507859553423239,0
86367,2012-05-22,0.324574240161146,0
86368,2012-05-22,0.22581573636942465,0
86369,2012-05-22,0.22315493788996332,0
86370,2012-05-22,0.4456298437449637,1
86371,2012-05-22,0.2908685477046379,0
86372,2012-05-22,0.5931461001015085,0
86373,2012-05-22,0.4627065699417889,1
86374,2012-05-22,0.3865517014714412,0
86375,2012-05-22,0.28965955447571917,0
86376,2012-05-22,0.3146541944524046,0
86377,2012-05-22,0.21671140235792355,0
86378,2012-05-22,0.35751147604262773,0
86379,2012-05-22,0.7150918544292827,0
86380,2012-05-22,0.585895196757296,1
86381,2012-05-22,0.2478742482736756,0
86382,2012-05-22,0.2603098283703962,0
86383,2012-05-22,0.26577469372501383,0
86384,2012-05-22,0.28264705945421137,0
86385,2012-05-22,0.30773327999523303,0
86386,2012-05-22,0.4524443937522165,0
86387,2012-05-22,0.30206856206776816,0
86388,2012-05-22,0.31346585878342303,0
86389,2012-05-22,0.36806786899465804,0
86390,2012-05-22,0.3961931323070664,0
86391,2012-05-22,0.13171244282343728,0
86392,2012-05-22,0.32375015651356426,0
86393,2012-05-22,0.3213497889947935,1
86394,2012-05-22,0.43932010616750206,0
86395,2012-05-22,0.25469379615512544,0
86396,2012-05-22,0.2510062661955188,1
86397,2012-05-22,0.24272085526556833,0
86398,2012-05-22,0.21200438159547252,1
86399,2012-05-22,0.29599897964307753,1
86400,2012-05-22,0.2961575466712204,0
86401,2012-05-22,0.33494042155608755,1
86402,2012-05-22,0.21583204511359136,0
86403,2012-05-22,0.5131132735087562,0
86404,2012-05-22,0.22257986573216584,1
86405,2012-05-22,0.39983369303238697,1
86406,2012-05-22,0.41572728843171064,0
86407,2012-05-22,0.24602433092205545,1
86408,2012-05-22,0.2680267471422621,1
86409,2012-05-22,0.3624340107265672,0
86410,2012-05-22,0.40048541842798474,1
86411,2012-05-22,0.3461786931865319,0
86412,2012-05-22,0.228695358138523,0
86413,2012-05-22,0.3491514152337603,1
86414,2012-05-22,0.29861302321166844,1
86415,2012-05-22,0.27087777639354804,0
86416,2012-05-22,0.47348012540830026,0
86417,2012-05-22,0.34744019039296664,1
86418,2012-05-22,0.2759388631723751,0
86419,2012-05-22,0.4523741241440216,0
86420,2012-05-22,0.2252047147593989,1
86421,2012-05-22,0.26607289536242745,1
86422,2012-05-22,0.26338214791347736,1
86423,2012-05-22,0.25529274501777555,0
86424,2012-05-22,0.24630879131798616,0
86425,2012-05-22,0.2968028122045965,0
86426,2012-05-22,0.33651449297549735,0
86427,2012-05-22,0.30841930386440386,1
86428,2012-05-22,0.2851289282140544,0
86429,2012-05-22,0.3228908805014361,0
86430,2012-05-22,0.16478433949072185,0
86431,2012-05-22,0.27067993815658814,0
86432,2012-05-22,0.38157985528834415,1
86433,2012-05-22,0.4502510268223204,0
86434,2012-05-22,0.3805435970775267,1
86435,2012-05-22,0.4739905146339183,1
86436,2012-05-22,0.38474338184573154,0
86437,2012-05-22,0.3524985931737236,0
86438,2012-05-22,0.2935809648861485,0
86439,2012-05-22,0.24889794700760606,0
86440,2012-05-22,0.48525138920108396,0
86441,2012-05-22,0.3098035037914695,0
86442,2012-05-22,0.36937208345767925,0
86443,2012-05-22,0.654204179980122,0
86444,2012-05-22,0.3030835660927686,1
86445,2012-05-22,0.3548085636141025,1
86446,2012-05-22,0.265848084521758,0
86447,2012-05-22,0.33210466935534155,1
86448,2012-05-22,0.1677155753100397,1
86449,2012-05-22,0.262838331896763,0
86450,2012-05-22,0.4936147712096952,0
86451,2012-05-22,0.3048616680313729,0
86452,2012-05-22,0.28628954676033663,1
86453,2012-05-22,0.2834097596076095,0
86454,2012-05-22,0.21081570698677335,0
86455,2012-05-22,0.11464953702087628,0
86456,2012-05-22,0.426012617954941,0
86457,2012-05-22,0.3839408592905548,0
86458,2012-05-22,0.3557540905136183,1
86459,2012-05-22,0.6687504720104981,1
86460,2012-05-22,0.3172512123656906,1
86461,2012-05-22,0.35490341896204247,0
86462,2012-05-22,0.3341384060973425,1
86463,2012-05-22,0.31306011961002683,0
86464,2012-05-22,0.3733442132406991,1
86465,2012-05-22,0.20123324346001792,0
86466,2012-05-22,0.5453208775399095,0
86467,2012-05-22,0.3963344862622854,0
86468,2012-05-22,0.6419651518683634,1
86469,2012-05-22,0.3509411935035207,0
86470,2012-05-22,0.32491420400776083,0
86471,2012-05-22,0.2670747481246613,1
86472,2012-05-22,0.2832613531083239,0
86473,2012-05-22,0.3877643583031214,0
86474,2012-05-22,0.3930780767501407,0
86475,2012-05-22,0.3222667033862979,0
86476,2012-05-22,0.270174554228539,1
86477,2012-05-22,0.2776275928835698,0
86478,2012-05-22,0.1820527906785715,1
86479,2012-05-22,0.24787854234595608,1
86480,2012-05-22,0.36552369542221186,0
86481,2012-05-22,0.3739513872553583,1
86482,2012-05-22,0.39889384662080857,0
86483,2012-05-22,0.30776626659023787,0
86484,2012-05-22,0.14488214375577455,0
86485,2012-05-22,0.3388957020320919,0
86486,2012-05-22,0.15942172266451268,1
86487,2012-05-22,0.5640824829861836,0
86488,2012-05-22,0.6115826420046144,1
86489,2012-05-22,0.2565929444422076,0
86490,2012-05-22,0.44748127021071943,0
86491,2012-05-22,0.23710133343916093,1
86492,2012-05-22,0.3106637189116238,0
86493,2012-05-22,0.27020244029717877,1
86494,2012-05-22,0.26902158768423645,0
86495,2012-05-22,0.45877559168722587,1
86496,2012-05-22,0.20409260249118838,0
86497,2012-05-22,0.3211710574684514,1
86498,2012-05-22,0.2535471205801394,0
86499,2012-05-22,0.3742292468327861,1
86500,2012-05-22,0.2782596347865853,0
86501,2012-05-22,0.49528407679052167,1
86502,2012-05-22,0.2311260685103341,1
86503,2012-05-22,0.5497028655025287,1
86504,2012-05-22,0.3581274161521362,0
86505,2012-05-22,0.34874970454963844,1
86506,2012-05-22,0.3106112331686402,0
86507,2012-05-22,0.29882059337350747,0
86508,2012-05-22,0.8576610978411124,1
86509,2012-05-22,0.21967685148029276,0
86510,2012-05-22,0.2141109247223909,0
86511,2012-05-22,0.5088938047341228,0
86512,2012-05-22,0.4596410230527029,1
86513,2012-05-22,0.3714197990375987,1
86514,2012-05-22,0.44031412509711404,1
86515,2012-05-22,0.22581375482188384,0
86516,2012-05-22,0.4245506322589447,1
86517,2012-05-22,0.872819938247194,1
86518,2012-05-22,0.2562052932703341,1
86519,2012-05-22,0.3032318281968265,1
86520,2012-05-22,0.34408512663613205,0
86521,2012-05-22,0.33148134354154474,1
86522,2012-05-22,0.47780243317175053,1
86523,2012-05-22,0.3567761231889564,0
86524,2012-05-22,0.22216205289191088,1
86525,2012-05-22,0.27054042191664046,0
86526,2012-05-22,0.27713188425685964,0
86527,2012-05-23,0.4267206660469127,0
86528,2012-05-23,0.315459061046289,1
86529,2012-05-23,0.223586909550599,0
86530,2012-05-23,0.27904524907198336,0
86531,2012-05-23,0.23355631215926786,1
86532,2012-05-23,0.2517734318989036,0
86533,2012-05-23,0.34086633438706637,1
86534,2012-05-23,0.4670211922600149,1
86535,2012-05-23,0.3392288244001271,0
86536,2012-05-23,0.4625043527954537,0
86537,2012-05-23,0.26997568388304133,0
86538,2012-05-23,0.23853075493946457,0
86539,2012-05-23,0.2659873390642935,0
86540,2012-05-23,0.2802959121884158,0
86541,2012-05-23,0.3981827586698846,1
86542,2012-05-23,0.45002119786794215,0
86543,2012-05-23,0.31178838299693484,1
86544,2012-05-23,0.30099000118506536,0
86545,2012-05-23,0.23229562872821563,0
86546,2012-05-23,0.24026510475323518,0
86547,2012-05-23,0.24260540811270062,1
86548,2012-05-23,0.35562901061317287,1
86549,2012-05-23,0.22200658946356092,0
86550,2012-05-23,0.25683941769710883,0
86551,2012-05-23,0.2209427113337519,0
86552,2012-05-23,0.20737173704449713,0
86553,2012-05-23,0.6122431346731038,0
86554,2012-05-23,0.3975915494966685,1
86555,2012-05-23,0.36459558236860146,0
86556,2012-05-23,0.33418472900135515,0
86557,2012-05-23,0.2567054239849293,0
86558,2012-05-23,0.4169692484456949,1
86559,2012-05-23,0.5411658769104807,1
86560,2012-05-23,0.3784735321303591,1
86561,2012-05-23,0.3170089535743177,0
86562,2012-05-23,0.19503128060130037,0
86563,2012-05-23,0.1655009030471868,0
86564,2012-05-23,0.48218582749916367,1
86565,2012-05-23,0.3654519046912286,0
86566,2012-05-23,0.44649719682585465,1
86567,2012-05-23,0.2602137873795853,1
86568,2012-05-23,0.3984864138943352,0
86569,2012-05-23,0.2733871961986212,0
86570,2012-05-23,0.24149273575669655,1
86571,2012-05-23,0.3787040378607925,1
86572,2012-05-23,0.24530296480379418,0
86573,2012-05-23,0.4413787799838746,0
86574,2012-05-23,0.3178648522608289,0
86575,2012-05-23,0.20890298504831775,0
86576,2012-05-23,0.189930916140849,0
86577,2012-05-23,0.22895765330088072,0
86578,2012-05-23,0.2172695082881747,0
86579,2012-05-23,0.1196867982862641,0
86580,2012-05-23,0.32129343412351147,1
86581,2012-05-23,0.41646408163047705,1
86582,2012-05-23,0.21494504824498856,1
86583,2012-05-23,0.24587781057610356,0
86584,2012-05-23,0.24729860620765928,0
86585,2012-05-23,0.22189058386538976,0
86586,2012-05-23,0.4791783469762507,1
86587,2012-05-23,0.333709856453993,1
86588,2012-05-23,0.34971715362701183,0
86589,2012-05-23,0.2364859359781609,1
86590,2012-05-23,0.23138213924776033,0
86591,2012-05-23,0.28059336259656215,0
86592,2012-05-23,0.24869146680113288,1
86593,2012-05-23,0.38519520876708285,0
86594,2012-05-23,0.43426331630329673,1
86595,2012-05-23,0.25475658373401994,0
86596,2012-05-23,0.338754160370031,0
86597,2012-05-23,0.29864848757976287,0
86598,2012-05-23,0.3904870049184942,1
86599,2012-05-23,0.39202748249272024,1
86600,2012-05-23,0.24145569745908158,0
86601,2012-05-23,0.36735928757028513,1
86602,2012-05-23,0.2187617358079221,0
86603,2012-05-23,0.24263580839693233,1
86604,2012-05-23,0.549381900468919,0
86605,2012-05-23,0.3907652802589268,1
86606,2012-05-23,0.38729993269888285,1
86607,2012-05-23,0.18964989487616893,0
86608,2012-05-23,0.22983903867350475,1
86609,2012-05-23,0.25495073484294334,1
86610,2012-05-23,0.5250203284086767,1
86611,2012-05-23,0.25359376293340946,0
86612,2012-05-24,0.1519807826315348,0
86613,2012-05-24,0.3009772502428173,0
86614,2012-05-24,0.3991395222059827,1
86615,2012-05-24,0.3659018064084164,0
86616,2012-05-24,0.24599513958182984,0
86617,2012-05-24,0.4837151657772704,0
86618,2012-05-24,0.41971413959074594,0
86619,2012-05-24,0.37049885774824587,1
86620,2012-05-24,0.3142103577812105,0
86621,2012-05-24,0.35124604799468595,0
86622,2012-05-24,0.4367436196682259,1
86623,2012-05-24,0.3420639510311485,0
86624,2012-05-24,0.288948502163368,0
86625,2012-05-24,0.35146705664072264,0
86626,2012-05-24,0.3100515774257791,1
86627,2012-05-24,0.3873756208169542,1
86628,2012-05-24,0.2182854020912634,0
86629,2012-05-24,0.27678106077314496,0
86630,2012-05-24,0.40519540588642305,1
86631,2012-05-24,0.28182244887559627,0
86632,2012-05-24,0.2928685615675495,1
86633,2012-05-24,0.48123027620444697,1
86634,2012-05-24,0.26271951552685735,1
86635,2012-05-24,0.5316359181770848,0
86636,2012-05-24,0.2991992455834941,0
86637,2012-05-24,0.2513935824190568,0
86638,2012-05-24,0.25568853135938296,0
86639,2012-05-24,0.19916488799988313,0
86640,2012-05-24,0.3332812779984252,0
86641,2012-05-24,0.3141934223458823,0
86642,2012-05-24,0.23525256370541545,0
86643,2012-05-24,0.4239852489934218,1
86644,2012-05-24,0.2609876966059184,0
86645,2012-05-24,0.14805541857733562,1
86646,2012-05-24,0.27512627317744986,0
86647,2012-05-24,0.5148718454477508,0
86648,2012-05-24,0.46503817663592306,0
86649,2012-05-24,0.382111773204727,0
86650,2012-05-24,0.8686521943955198,0
86651,2012-05-24,0.4039261897799817,0
86652,2012-05-24,0.5117589504842281,0
86653,2012-05-24,0.18226705840282778,0
86654,2012-05-24,0.26347816913145883,0
86655,2012-05-24,0.3745438128455743,1
86656,2012-05-24,0.3246591754810161,1
86657,2012-05-24,0.44448093812393297,0
86658,2012-05-24,0.22411939318097163,0
86659,2012-05-24,0.31170940272079867,0
86660,2012-05-24,0.3672648303698317,1
86661,2012-05-24,0.32125397677428835,0
86662,2012-05-24,0.44393161139744675,1
86663,2012-05-24,0.22345350490165417,1
86664,2012-05-24,0.3139579376282723,1
86665,2012-05-24,0.2423436933036457,0
86666,2012-05-24,0.3602424239460566,0
86667,2012-05-24,0.4142836539508168,1
86668,2012-05-24,0.3437497940858976,0
86669,2012-05-24,0.5534944792388479,1
86670,2012-05-24,0.17503708449357736,0
86671,2012-05-24,0.3304285902966271,0
86672,2012-05-24,0.32487029576019505,0
86673,2012-05-24,0.33271431625324005,1
86674,2012-05-24,0.2506754885986437,0
86675,2012-05-24,0.30261902322022555,0
86676,2012-05-24,0.4409566622244722,1
86677,2012-05-24,0.41417510160539317,0
86678,2012-05-24,0.3010666467667672,1
86679,2012-05-24,0.27249347362245624,0
86680,2012-05-24,0.2638475489145764,1
86681,2012-05-24,0.5606374198408164,0
86682,2012-05-24,0.19067620557878256,1
86683,2012-05-24,0.30225618848520547,0
86684,2012-05-24,0.4511029375213094,0
86685,2012-05-24,0.2386614456897095,0
86686,2012-05-24,0.27633114921424157,0
86687,2012-05-24,0.2696781147507154,0
86688,2012-05-24,0.5132948615473815,1
86689,2012-05-24,0.31058886237409267,1
86690,2012-05-24,0.28679708473340226,1
86691,2012-05-24,0.5077758888221368,1
86692,2012-05-24,0.417447027746736,0
86693,2012-05-24,0.3658544448943677,1
86694,2012-05-24,0.3035031560914755,0
86695,2012-05-24,0.37497394371227977,1
86696,2012-05-24,0.28794096512787415,1
86697,2012-05-24,0.4106165487181604,1
86698,2012-05-24,0.48719442710118727,1
86699,2012-05-24,0.38547520951947345,0
86700,2012-05-24,0.24364201941329575,0
86701,2012-05-24,0.25606140263071275,1
86702,2012-05-24,0.386530987785696,0
86703,2012-05-24,0.22819029191495477,0
86704,2012-05-24,0.35522734174555837,0
86705,2012-05-24,0.5021917338902276,1
86706,2012-05-24,0.27362659765909353,1
86707,2012-05-24,0.6512566761209473,0
86708,2012-05-24,0.1853052457102535,0
86709,2012-05-24,0.3584740415575661,0
86710,2012-05-24,0.4299059805718048,0
86711,2012-05-24,0.397413789570325,1
86712,2012-05-24,0.3406980931361262,1
86713,2012-05-24,0.4073401345479713,0
86714,2012-05-24,0.4180256829978391,1
86715,2012-05-24,0.3860872665697854,1
86716,2012-05-24,0.36459756376731706,0
86717,2012-05-24,0.2756254433452209,0
86718,2012-05-24,0.3050302573850124,0
86719,2012-05-24,0.27988323341847027,0
86720,2012-05-24,0.3435399086240331,1
86721,2012-05-24,0.17934618417137976,0
86722,2012-05-24,0.40165447564147627,1
86723,2012-05-24,0.34869445621364203,1
86724,2012-05-24,0.2162298579564474,0
86725,2012-05-24,0.4342653916164519,1
86726,2012-05-24,0.29266691533691874,1
86727,2012-05-24,0.4344667784126043,1
86728,2012-05-24,0.5035659668875042,1
86729,2012-05-24,0.3674599689122082,1
86730,2012-05-24,0.31957349518359096,0
86731,2012-05-24,0.49770534932134897,1
86732,2012-05-24,0.37537514593532895,0
86733,2012-05-24,0.2639500634792613,0
86734,2012-05-25,0.2319381704068214,1
86735,2012-05-25,0.3691765567249409,0
86736,2012-05-25,0.46778757978888424,0
86737,2012-05-25,0.31826939690079525,0
86738,2012-05-25,0.33357896358812905,0
86739,2012-05-25,0.2642155853001473,0
86740,2012-05-25,0.30416235944517,0
86741,2012-05-25,0.7189164857945445,0
86742,2012-05-25,0.2443737373307637,1
86743,2012-05-25,0.26221721941269616,0
86744,2012-05-25,0.3581832624820199,0
86745,2012-05-25,0.4639668409498965,0
86746,2012-05-25,0.2237492254706558,1
86747,2012-05-25,0.3077360543482232,0
86748,2012-05-25,0.2974629276267689,1
86749,2012-05-25,0.25457526084532345,1
86750,2012-05-25,0.2816859652168667,0
86751,2012-05-25,0.181536973624803,1
86752,2012-05-25,0.4319033911994896,1
86753,2012-05-25,0.32082165214707686,1
86754,2012-05-25,0.4064702442910914,0
86755,2012-05-25,0.1778612430012666,0
86756,2012-05-25,0.2527718276051307,0
86757,2012-05-25,0.39981769097954195,1
86758,2012-05-25,0.350696813184711,0
86759,2012-05-25,0.24047589277163628,0
86760,2012-05-25,0.33535122189742517,1
86761,2012-05-25,0.2822149447053848,0
86762,2012-05-25,0.37006002348912015,0
86763,2012-05-25,0.27820418050146106,0
86764,2012-05-25,0.3608558453978912,0
86765,2012-05-25,0.24240696949963136,0
86766,2012-05-25,0.2883166264977725,0
86767,2012-05-25,0.32331892991729994,1
86768,2012-05-25,0.4129494485835121,1
86769,2012-05-25,0.4828584690655715,0
86770,2012-05-25,0.37945650965613015,0
86771,2012-05-25,0.19681720327811467,0
86772,2012-05-25,0.3988786509023111,0
86773,2012-05-25,0.33035272423867146,0
86774,2012-05-25,0.21962238308471352,0
86775,2012-05-25,0.2048327216724111,0
86776,2012-05-25,0.2486636565275873,0
86777,2012-05-25,0.25458739242272316,0
86778,2012-05-25,0.254639182178352,0
86779,2012-05-25,0.4236265004910242,0
86780,2012-05-25,0.4085961323653611,0
86781,2012-05-25,0.2854321838851043,0
86782,2012-05-25,0.30597119762061437,1
86783,2012-05-25,0.8820084828904261,1
86784,2012-05-25,0.37877145469170115,0
86785,2012-05-25,0.39987351918879077,0
86786,2012-05-25,0.4981200328558685,0
86787,2012-05-25,0.43656805465318604,1
86788,2012-05-25,0.3105959248266568,1
86789,2012-05-25,0.2880368323208295,0
86790,2012-05-25,0.34396117322851955,0
86791,2012-05-25,0.30038029693343843,0
86792,2012-05-25,0.3959856396671076,0
86793,2012-05-25,0.4272218893399123,1
86794,2012-05-25,0.5637658084069371,0
86795,2012-05-25,0.31725478577932736,1
86796,2012-05-25,0.3357040567312149,1
86797,2012-05-25,0.5034988572679511,1
86798,2012-05-25,0.3461082953869852,0
86799,2012-05-25,0.26121146919673993,1
86800,2012-05-25,0.3399813403064025,0
86801,2012-05-25,0.2655417315257412,1
86802,2012-05-25,0.47276036954825085,0
86803,2012-05-25,0.28726366617457094,1
86804,2012-05-25,0.33017781115968664,0
86805,2012-05-25,0.35262016159942633,0
86806,2012-05-25,0.3955472093988881,0
86807,2012-05-25,0.373989150400629,0
86808,2012-05-26,0.3562712277181775,0
86809,2012-05-26,0.3461885596218181,1
86810,2012-05-26,0.2449233393620754,1
86811,2012-05-26,0.27089540000104917,0
86812,2012-05-26,0.28113594730623875,1
86813,2012-05-26,0.5475275725235512,0
86814,2012-05-26,0.35619122101963147,0
86815,2012-05-26,0.46388548710063837,0
86816,2012-05-26,0.27686828485160137,0
86817,2012-05-26,0.3548059470873478,1
86818,2012-05-26,0.20874817210953864,0
86819,2012-05-26,0.3283021183769951,0
86820,2012-05-26,0.2267381186497149,0
86821,2012-05-26,0.31271617696350157,0
86822,2012-05-26,0.19114140756867318,1
86823,2012-05-26,0.3007814069431607,0
86824,2012-05-26,0.31685014079971513,0
86825,2012-05-26,0.2567486781063591,0
86826,2012-05-26,0.30710397508737725,0
86827,2012-05-26,0.27208314282424756,0
86828,2012-05-26,0.2079435878250349,1
86829,2012-05-26,0.37937482805077977,0
86830,2012-05-26,0.5593738542994963,0
86831,2012-05-26,0.48169137113763644,1
86832,2012-05-26,0.3376176584567381,0
86833,2012-05-26,0.4253694096026934,0
86834,2012-05-26,0.2687677715302991,0
86835,2012-05-26,0.37279845707676035,1
86836,2012-05-26,0.532964950010471,0
86837,2012-05-26,0.3967373377287787,0
86838,2012-05-26,0.2803776532944983,1
86839,2012-05-26,0.5940159875103898,0
86840,2012-05-26,0.39817060426068024,1
86841,2012-05-26,0.35431371544966495,1
86842,2012-05-26,0.3142943140108534,0
86843,2012-05-26,0.3454550421159532,0
86844,2012-05-26,0.24997847252456357,0
86845,2012-05-26,0.24471163742961938,0
86846,2012-05-26,0.4332641919853744,0
86847,2012-05-26,0.21940250145468285,0
86848,2012-05-26,0.2573732617453804,0
86849,2012-05-26,0.36895849477019055,1
86850,2012-05-26,0.2524292460180052,0
86851,2012-05-26,0.27253320711840157,0
86852,2012-05-26,0.2271391585765914,0
86853,2012-05-26,0.27499999682610066,0
86854,2012-05-26,0.21304081179160986,0
86855,2012-05-27,0.24559368307905724,1
86856,2012-05-27,0.2915608843269649,0
86857,2012-05-27,0.31840697677240026,0
86858,2012-05-27,0.42597820935744446,0
86859,2012-05-27,0.3142522219271945,1
86860,2012-05-27,0.2625539926915714,0
86861,2012-05-27,0.2170473127034586,0
86862,2012-05-27,0.40208613629037,1
86863,2012-05-27,0.46424882620097313,1
86864,2012-05-27,0.4018923820597999,1
86865,2012-05-27,0.32508317824319566,0
86866,2012-05-27,0.38220822094584794,0
86867,2012-05-27,0.3922090750092308,0
86868,2012-05-27,0.2585252650313088,0
86869,2012-05-27,0.40236405236253325,0
86870,2012-05-27,0.39477004829565243,1
86871,2012-05-27,0.27773903531329813,0
86872,2012-05-27,0.5725699493274627,0
86873,2012-05-27,0.25361467704032015,1
86874,2012-05-27,0.19306182782988046,0
86875,2012-05-27,0.2955468945422869,0
86876,2012-05-27,0.3969565255811644,0
86877,2012-05-27,0.27246291711048737,1
86878,2012-05-27,0.3333580035636348,1
86879,2012-05-27,0.2440510082519018,0
86880,2012-05-27,0.19847019548607583,1
86881,2012-05-27,0.36446221835325665,0
86882,2012-05-27,0.32278458934302773,0
86883,2012-05-27,0.27963478423289406,1
86884,2012-05-27,0.2938036988330983,0
86885,2012-05-27,0.270198655430708,0
86886,2012-05-27,0.17023704694200825,1
86887,2012-05-27,0.23393499237313975,1
86888,2012-05-27,0.321386877259757,0
86889,2012-05-27,0.45295967711179486,1
86890,2012-05-27,0.3926828422427823,1
86891,2012-05-27,0.39545020974383427,1
86892,2012-05-27,0.31431777942617145,1
86893,2012-05-27,0.3741485073334044,0
86894,2012-05-27,0.28817225867710283,0
86895,2012-05-27,0.2556408183448973,0
86896,2012-05-27,0.3028147486746001,0
86897,2012-05-27,0.3067182729178618,1
86898,2012-05-27,0.3700352065585368,1
86899,2012-05-27,0.3619041848039728,1
86900,2012-05-27,0.12252776315813749,0
86901,2012-05-27,0.2711102676081026,0
86902,2012-05-27,0.2864667989269509,0
86903,2012-05-27,0.3408042679659109,0
86904,2012-05-27,0.2950201922886193,0
86905,2012-05-27,0.25434667639237046,0
86906,2012-05-27,0.4075290658561383,0
86907,2012-05-27,0.25706842945552477,0
86908,2012-05-27,0.43803695472325826,1
86909,2012-05-27,0.3269963958079498,0
86910,2012-05-27,0.4259008275793173,0
86911,2012-05-27,0.24685163642608782,0
86912,2012-05-27,0.30308073178549105,0
86913,2012-05-27,0.3187217770052797,0
86914,2012-05-27,0.47996457125734104,0
86915,2012-05-27,0.1788815292688118,1
86916,2012-05-27,0.3977476634579049,0
86917,2012-05-27,0.2583313951891734,1
86918,2012-05-27,0.3041944955646156,0
86919,2012-05-27,0.4127768357079725,0
86920,2012-05-27,0.22764825024608445,0
86921,2012-05-27,0.4514489778628682,1
86922,2012-05-27,0.24631286051164467,0
86923,2012-05-27,0.39794022775357973,1
86924,2012-05-27,0.3156546170554904,0
86925,2012-05-27,0.3449709423919323,0
86926,2012-05-27,0.4278642577731715,0
86927,2012-05-27,0.2548160307231508,0
86928,2012-05-27,0.33280971155405986,1
86929,2012-05-27,0.3581152638763891,0
86930,2012-05-27,0.24492018238551502,0
86931,2012-05-27,0.2507745070324023,0
86932,2012-05-27,0.32876717538691824,0
86933,2012-05-27,0.3785654406926523,0
86934,2012-05-27,0.347946823549655,0
86935,2012-05-27,0.3503580583767803,0
86936,2012-05-27,0.26868053687837407,0
86937,2012-05-27,0.45208971028622585,0
86938,2012-05-27,0.36909066827714976,0
86939,2012-05-27,0.3390251558134628,0
86940,2012-05-27,0.26494664601597684,0
86941,2012-05-27,0.326767378930828,1
86942,2012-05-27,0.2842914074674391,1
86943,2012-05-27,0.3152877918426665,0
86944,2012-05-27,0.6771417028394725,1
86945,2012-05-27,0.40338181571221193,1
86946,2012-05-27,0.18938602074079608,0
86947,2012-05-27,0.43050695891699486,1
86948,2012-05-27,0.28291665887704504,0
86949,2012-05-27,0.4013417490158841,0
86950,2012-05-27,0.3670154024512935,0
86951,2012-05-27,0.46323490825301517,0
86952,2012-05-27,0.21544526442697837,1
86953,2012-05-27,0.26303777950682483,1
86954,2012-05-27,0.243495432849321,0
86955,2012-05-27,0.16743229856355296,0
86956,2012-05-27,0.32793221097742437,1
86957,2012-05-27,0.44937390882149464,1
86958,2012-05-27,0.3519230561937873,1
86959,2012-05-27,0.286380653129213,0
86960,2012-05-27,0.3361331171672468,0
86961,2012-05-27,0.20053723136539262,0
86962,2012-05-27,0.3217400980465451,0
86963,2012-05-27,0.4039923242038144,1
86964,2012-05-27,0.3060709248313441,0
86965,2012-05-27,0.3060798340941616,0
86966,2012-05-27,0.25428503443481265,0
86967,2012-05-27,0.3628139592628583,1
86968,2012-05-27,0.29021816828499264,0
86969,2012-05-27,0.2234429845023042,0
86970,2012-05-27,0.2188527379483097,0
86971,2012-05-27,0.37957978568191103,1
86972,2012-05-27,0.45976510710035723,0
86973,2012-05-27,0.30787921170728016,0
86974,2012-05-27,0.3053636983916754,0
86975,2012-05-27,0.4928174039786574,1
86976,2012-05-27,0.28978109343441555,0
86977,2012-05-27,0.3194596298548181,0
86978,2012-05-27,0.30794887669955207,0
86979,2012-05-27,0.26767332391250276,1
86980,2012-05-27,0.2535932934769711,0
86981,2012-05-27,0.3249454935347525,0
86982,2012-05-27,0.4868385385760571,1
86983,2012-05-27,0.41617664586042463,1
86984,2012-05-27,0.2640749347117072,0
86985,2012-05-27,0.42104222328718544,1
86986,2012-05-27,0.41248573221523244,0
86987,2012-05-27,0.2257865771935986,0
86988,2012-05-27,0.2334402308192692,1
86989,2012-05-27,0.2686974481659333,0
86990,2012-05-27,0.4212224994147359,0
86991,2012-05-27,0.18038668518005468,1
86992,2012-05-27,0.23350097079553284,0
86993,2012-05-27,0.2223761236075797,0
86994,2012-05-27,0.3954062701525384,0
86995,2012-05-27,0.29523176051349004,0
86996,2012-05-27,0.34510374356333906,1
86997,2012-05-27,0.41226137698454285,0
86998,2012-05-27,0.3420620382130512,1
86999,2012-05-27,0.14297677225100805,0
87000,2012-05-27,0.42429500545493987,0
87001,2012-05-27,0.24688309038628603,1
87002,2012-05-27,0.3333433555964707,0
87003,2012-05-27,0.47030458072173126,0
87004,2012-05-27,0.408569042435686,1
87005,2012-05-27,0.23945874781537832,0
87006,2012-05-27,0.32094731689737155,0
87007,2012-05-27,0.2689495878606233,1
87008,2012-05-27,0.2810070384997626,0
87009,2012-05-27,0.3701918384721458,0
87010,2012-05-27,0.6818707046301822,0
87011,2012-05-27,0.3602235824334346,0
87012,2012-05-27,0.36536423371418175,0
87013,2012-05-27,0.296198986108473,0
87014,2012-05-27,0.3618059099246948,1
87015,2012-05-27,0.29440305626230956,1
87016,2012-05-27,0.25641869856401955,1
87017,2012-05-27,0.53434666654647,1
87018,2012-05-27,0.45648222828511315,1
87019,2012-05-27,0.35818473521406186,1
87020,2012-05-27,0.3151033248378353,0
87021,2012-05-27,0.2619451910151063,0
87022,2012-05-27,0.2763945287298678,0
87023,2012-05-27,0.1265979511449794,1
87024,2012-05-27,0.3807444844761701,1
87025,2012-05-27,0.2191622930985424,0
87026,2012-05-27,0.5512990956853814,1
87027,2012-05-27,0.4528561881374679,0
87028,2012-05-27,0.22822781220451493,1
87029,2012-05-27,0.4908398410912088,1
87030,2012-05-27,0.36157996961726474,0
87031,2012-05-27,0.2810110631013548,0
87032,2012-05-27,0.41633903181010085,0
87033,2012-05-27,0.3778684638823151,1
87034,2012-05-27,0.4687786189238025,0
87035,2012-05-27,0.3419749654271927,1
87036,2012-05-27,0.2675045279198865,0
87037,2012-05-27,0.4634771716173748,1
87038,2012-05-27,0.2942719747013867,0
87039,2012-05-27,0.2881880517957214,1
87040,2012-05-27,0.34123362256369105,0
87041,2012-05-27,0.39811538876075847,0
87042,2012-05-27,0.447095372508538,0
87043,2012-05-27,0.37583084239012093,0
87044,2012-05-27,0.22740709242198318,0
87045,2012-05-27,0.23717273170177394,0
87046,2012-05-28,0.39105537278785335,1
87047,2012-05-28,0.4686631044322852,1
87048,2012-05-28,0.2705508610857553,0
87049,2012-05-28,0.23968013597143642,0
87050,2012-05-28,0.24850744305551278,0
87051,2012-05-28,0.2802490698613186,0
87052,2012-05-28,0.32022344286971743,1
87053,2012-05-28,0.2691872314812019,0
87054,2012-05-28,0.34762008182816356,1
87055,2012-05-28,0.25356417413786014,0
87056,2012-05-28,0.2536428829482618,0
87057,2012-05-28,0.251347805449786,0
87058,2012-05-28,0.325689414486702,1
87059,2012-05-28,0.34067942122097516,0
87060,2012-05-28,0.41019184038913403,0
87061,2012-05-28,0.20166569377006313,0
87062,2012-05-28,0.4914697155026433,1
87063,2012-05-28,0.4229223793767339,1
87064,2012-05-28,0.4574222475115919,0
87065,2012-05-28,0.30723032347502977,1
87066,2012-05-28,0.2561773075843671,0
87067,2012-05-28,0.32073823203455043,1
87068,2012-05-28,0.4433065308150668,1
87069,2012-05-28,0.4585006232266566,0
87070,2012-05-28,0.19953606219899755,1
87071,2012-05-28,0.2992677373213665,1
87072,2012-05-28,0.3119317958143123,0
87073,2012-05-28,0.5481381000674269,1
87074,2012-05-28,0.35787430791352715,1
87075,2012-05-28,0.430856106146049,1
87076,2012-05-28,0.4406477405475725,1
87077,2012-05-28,0.33359459160130306,1
87078,2012-05-28,0.19949803401560307,0
87079,2012-05-28,0.47119795067291936,1
87080,2012-05-28,0.3221755379509292,0
87081,2012-05-28,0.41175983268253774,0
87082,2012-05-28,0.15170148905928652,0
87083,2012-05-28,0.3156026089381365,0
87084,2012-05-28,0.39072087422205243,1
87085,2012-05-28,0.3636571608267953,1
87086,2012-05-28,0.2396085996898367,1
87087,2012-05-28,0.43547274872612524,1
87088,2012-05-28,0.21463806282825287,0
87089,2012-05-28,0.4306309900465324,1
87090,2012-05-28,0.29372777817842355,1
87091,2012-05-28,0.37976109293963745,0
87092,2012-05-28,0.34309525712282235,0
87093,2012-05-28,0.4040988541095311,0
87094,2012-05-28,0.3544873598605729,0
87095,2012-05-28,0.1956113232887056,0
87096,2012-05-28,0.46036017698187354,1
87097,2012-05-28,0.3095590703938991,1
87098,2012-05-28,0.3037061309417212,1
87099,2012-05-28,0.30848091625000357,0
87100,2012-05-28,0.5248875947146746,0
87101,2012-05-28,0.3134713396199904,0
87102,2012-05-28,0.29036065365029606,1
87103,2012-05-28,0.28695631415911227,1
87104,2012-05-28,0.39372617923211417,0
87105,2012-05-28,0.2367352599776563,0
87106,2012-05-28,0.2454514957434421,0
87107,2012-05-28,0.2798071546762761,0
87108,2012-05-28,0.17830752800590466,0
87109,2012-05-28,0.3047561114075929,1
87110,2012-05-28,0.9999562618310328,1
87111,2012-05-28,0.32478836410666984,0
87112,2012-05-28,0.3864405269862166,1
87113,2012-05-28,0.37569566277071653,1
87114,2012-05-28,0.27446433223886685,1
87115,2012-05-28,0.24086279638682198,0
87116,2012-05-28,0.5513117378789811,1
87117,2012-05-28,0.34685350493294825,1
87118,2012-05-28,0.40483478046341964,0
87119,2012-05-28,0.3994679593967373,0
87120,2012-05-28,0.19775383685746367,0
87121,2012-05-28,0.213161218665053,0
87122,2012-05-28,0.2615891267125809,0
87123,2012-05-28,0.1363707364984897,0
87124,2012-05-28,0.3315156541334984,0
87125,2012-05-28,0.28588776566658736,1
87126,2012-05-28,0.3623269009464471,0
87127,2012-05-28,0.34795808143943785,0
87128,2012-05-28,0.3368160737657069,0
87129,2012-05-28,0.3227316835359842,0
87130,2012-05-28,0.4039952732576321,1
87131,2012-05-28,0.20680411868695156,0
87132,2012-05-28,0.3632408453053153,0
87133,2012-05-28,0.3056485962688969,0
87134,2012-05-28,0.34745176649656545,0
87135,2012-05-28,0.20061508308304232,1
87136,2012-05-28,0.2755421597036,1
87137,2012-05-28,0.32434437592518234,0
87138,2012-05-28,0.2939117848940751,0
87139,2012-05-28,0.16722958961537668,1
87140,2012-05-28,0.24870138574251888,0
87141,2012-05-28,0.22806635799887465,1
87142,2012-05-28,0.28483810968865164,0
87143,2012-05-28,0.36345188533314043,0
87144,2012-05-28,0.26364143623582315,0
87145,2012-05-28,0.46781377267559754,1
87146,2012-05-28,0.364445568377446,0
87147,2012-05-28,0.43810540253481556,0
87148,2012-05-28,0.31701163319423203,1
87149,2012-05-28,0.2688728623654895,1
87150,2012-05-28,0.4316113151113404,0
87151,2012-05-28,0.5919003328374595,1
87152,2012-05-28,0.29695737128087346,0
87153,2012-05-28,0.2848215024428705,1
87154,2012-05-28,0.5569652013856301,0
87155,2012-05-28,0.26447453150996025,1
87156,2012-05-28,0.21353323973116375,1
87157,2012-05-28,0.3194627131204198,1
87158,2012-05-28,0.5934001009761766,1
87159,2012-05-28,0.42419003934326227,1
87160,2012-05-28,0.46877332589805026,1
87161,2012-05-28,0.4670816264911067,0
87162,2012-05-28,0.27028804825988806,1
87163,2012-05-28,0.37295189184967664,0
87164,2012-05-28,0.3736545407240475,1
87165,2012-05-28,0.27723685520685165,0
87166,2012-05-28,0.19297734487742685,0
87167,2012-05-28,0.4079891418054852,1
87168,2012-05-28,0.3710099350825932,0
87169,2012-05-28,0.32836112416500285,0
87170,2012-05-28,0.3962647936001725,0
87171,2012-05-28,0.21610452860903007,0
87172,2012-05-28,0.2586312367267198,1
87173,2012-05-28,0.3702436247971025,0
87174,2012-05-28,0.4615800981810464,1
87175,2012-05-28,0.23132137851051332,0
87176,2012-05-28,0.5816573154638839,0
87177,2012-05-28,0.20176856998900353,0
87178,2012-05-28,0.39182976947134557,1
87179,2012-05-28,0.48123295396462573,0
87180,2012-05-28,0.22241127856415313,1
87181,2012-05-28,0.3437665273304196,0
87182,2012-05-28,0.22871035920593524,0
87183,2012-05-28,0.21128714586514746,1
87184,2012-05-28,0.409331420230968,0
87185,2012-05-28,0.4492459797239162,0
87186,2012-05-28,0.05181576664220005,0
87187,2012-05-28,0.26440524974070345,0
87188,2012-05-28,0.28612358361858276,0
87189,2012-05-28,0.11332625202129426,1
87190,2012-05-28,0.334607214234782,1
87191,2012-05-28,0.3827887263668616,0
87192,2012-05-28,0.21158026198811303,0
87193,2012-05-28,0.3992689349508018,1
87194,2012-05-28,0.350492981475781,0
87195,2012-05-28,0.5552449795232658,1
87196,2012-05-28,0.38198154302779136,0
87197,2012-05-28,0.19796320946366602,1
87198,2012-05-28,0.4293173514025896,1
87199,2012-05-28,0.2942241744667955,0
87200,2012-05-28,0.4934056558626684,1
87201,2012-05-28,0.4198768622809571,0
87202,2012-05-28,0.43504803325655567,0
87203,2012-05-28,0.3417167570484147,0
87204,2012-05-28,0.3476879984959101,0
87205,2012-05-28,0.07795272849650357,0
87206,2012-05-28,0.26933912300294577,0
87207,2012-05-28,0.27315243738405576,1
87208,2012-05-28,0.4930989256053081,0
87209,2012-05-28,0.26211440234787325,0
87210,2012-05-28,0.5485990794454513,1
87211,2012-05-28,0.4240299183453121,1
87212,2012-05-28,0.21864817467144343,0
87213,2012-05-28,0.40021744431527195,1
87214,2012-05-28,0.43574947964900707,1
87215,2012-05-28,0.25990132831045765,0
87216,2012-05-28,0.2637105509001932,0
87217,2012-05-28,0.24822889244314217,0
87218,2012-05-28,0.2972975958867952,0
87219,2012-05-28,0.3200144772903698,1
87220,2012-05-28,0.20718091955543302,1
87221,2012-05-28,0.24844191954966935,1
87222,2012-05-28,0.43260931605999264,0
87223,2012-05-28,0.3365660783911869,0
87224,2012-05-28,0.45106845253750466,1
87225,2012-05-28,0.39187291781326616,0
87226,2012-05-28,0.33506467472983137,0
87227,2012-05-28,0.539675129989174,1
87228,2012-05-28,0.3102978491222007,0
87229,2012-05-28,0.24299576679025714,1
87230,2012-05-28,0.4157634910734436,0
87231,2012-05-28,0.3296665381275243,1
87232,2012-05-28,0.2797215702368422,0
87233,2012-05-28,0.22273982351354257,0
87234,2012-05-28,0.5192433691472814,1
87235,2012-05-28,0.35727525109282177,0
87236,2012-05-28,0.2479451301473816,0
87237,2012-05-28,0.40919828317934104,0
87238,2012-05-28,0.3748993894413732,0
87239,2012-05-28,0.3707113660848323,0
87240,2012-05-28,0.23109218057855854,0
87241,2012-05-28,0.27802278884648407,0
87242,2012-05-28,0.30948523353392,1
87243,2012-05-28,0.3753435529547761,1
87244,2012-05-28,0.47631081451684787,1
87245,2012-05-28,0.5216706369393375,0
87246,2012-05-28,0.3758724253261249,0
87247,2012-05-28,0.43114109495602637,1
87248,2012-05-28,0.5281505790708253,1
87249,2012-05-28,0.4240495486381057,0
87250,2012-05-28,0.27993829956619387,0
87251,2012-05-28,0.4209699433698658,1
87252,2012-05-28,0.44934804213312673,0
87253,2012-05-28,0.40312320553125913,1
87254,2012-05-29,0.28846072896874003,1
87255,2012-05-29,0.3236891672176508,1
87256,2012-05-29,0.3054660173077975,0
87257,2012-05-29,0.23738656478908327,0
87258,2012-05-29,0.3291957606983713,0
87259,2012-05-29,0.32465766778253186,0
87260,2012-05-29,0.3126563789920796,0
87261,2012-05-29,0.16237633405783228,1
87262,2012-05-29,0.07373303568041317,0
87263,2012-05-29,0.20898015746299234,0
87264,2012-05-29,0.259337715523425,1
87265,2012-05-29,0.38082354824601317,1
87266,2012-05-29,0.28097701276273995,1
87267,2012-05-29,0.3301651121732617,1
87268,2012-05-29,0.2714491996180567,1
87269,2012-05-29,0.4253862382478312,0
87270,2012-05-29,0.40734104841957647,1
87271,2012-05-29,0.21934494837065274,0
87272,2012-05-29,0.34801636659507745,1
87273,2012-05-29,0.3037833450414367,1
87274,2012-05-29,0.45897335759944236,1
87275,2012-05-29,0.3990358274549851,0
87276,2012-05-29,0.3994063541239449,1
87277,2012-05-29,0.3245638458184628,0
87278,2012-05-29,0.4209047495670894,0
87279,2012-05-29,0.37084258262275216,0
87280,2012-05-29,0.19822120905585447,0
87281,2012-05-29,0.32626321277506476,0
87282,2012-05-29,0.32273461721860747,0
87283,2012-05-29,0.41412916465192473,0
87284,2012-05-29,0.36734301265322605,0
87285,2012-05-29,0.35011123364438784,1
87286,2012-05-29,0.2291730754582808,0
87287,2012-05-29,0.28272028416466494,1
87288,2012-05-29,0.33521954441401036,0
87289,2012-05-29,0.3290967865895941,0
87290,2012-05-29,0.3626324967512772,0
87291,2012-05-29,0.2537401486774289,1
87292,2012-05-29,0.325186022938875,1
87293,2012-05-29,0.16989151778786918,0
87294,2012-05-29,0.3731024221699737,0
87295,2012-05-29,0.26850643061622276,1
87296,2012-05-29,0.3880732227165266,0
87297,2012-05-29,0.23063868566782086,0
87298,2012-05-29,0.4545244326524691,0
87299,2012-05-29,0.43295615796228876,1
87300,2012-05-29,0.33312264760782434,0
87301,2012-05-29,0.38377450880851854,1
87302,2012-05-29,0.295994036323203,0
87303,2012-05-29,0.3148355787097445,0
87304,2012-05-29,0.2742138698527448,1
87305,2012-05-29,0.3156148113997051,1
87306,2012-05-29,0.3668900635849255,0
87307,2012-05-29,0.40410857956261576,0
87308,2012-05-29,0.18620756710207412,1
87309,2012-05-29,0.15033714361251801,0
87310,2012-05-29,0.335077873258179,0
87311,2012-05-29,0.2378044019133491,1
87312,2012-05-29,0.3004612401558333,1
87313,2012-05-29,0.30606660663657054,0
87314,2012-05-29,0.35407209840920445,0
87315,2012-05-29,0.4986156733954063,0
87316,2012-05-29,0.34739910429891946,0
87317,2012-05-29,0.3621130343788441,1
87318,2012-05-29,0.3693040549065253,0
87319,2012-05-29,0.3500546276242924,0
87320,2012-05-29,0.2348725574471296,1
87321,2012-05-29,0.2497078383272706,0
87322,2012-05-29,0.5011102220205974,1
87323,2012-05-29,0.2922059454202431,0
87324,2012-05-29,0.24254625448684344,0
87325,2012-05-29,0.10891206017850055,0
87326,2012-05-29,0.38960099785361396,1
87327,2012-05-29,0.49707833608073076,1
87328,2012-05-29,0.42109575202842064,1
87329,2012-05-29,0.36075401803092116,0
87330,2012-05-29,0.3073776320302188,0
87331,2012-05-29,0.3141637457624346,1
87332,2012-05-29,0.2825615686041399,0
87333,2012-05-29,0.37235210220373305,0
87334,2012-05-29,0.3310056839493504,1
87335,2012-05-29,0.382276026072518,1
87336,2012-05-29,0.29248155399826714,1
87337,2012-05-29,0.3727392333111697,1
87338,2012-05-29,0.48154990312678264,0
87339,2012-05-29,0.18750221803749362,0
87340,2012-05-29,0.3518365732706509,0
87341,2012-05-29,0.31622467754255645,1
87342,2012-05-29,0.31898328888954036,1
87343,2012-05-29,0.202411789932588,0
87344,2012-05-29,0.2498724609843409,0
87345,2012-05-29,0.2951336766312516,0
87346,2012-05-29,0.256763430997001,0
87347,2012-05-29,0.290922754568653,1
87348,2012-05-29,0.5562556741351098,0
87349,2012-05-29,0.3475769503079183,0
87350,2012-05-29,0.3272482924878967,1
87351,2012-05-29,0.2619305403712754,0
87352,2012-05-29,0.25932447032773487,0
87353,2012-05-29,0.29845313906038967,0
87354,2012-05-29,0.24235971516277474,0
87355,2012-05-29,0.1312994473112034,0
87356,2012-05-29,0.3477282614218154,0
87357,2012-05-29,0.3360978372649056,1
87358,2012-05-29,0.2867392738575637,0
87359,2012-05-29,0.46608390766810304,0
87360,2012-05-29,0.29574241475470064,0
87361,2012-05-29,0.8825479075270782,1
87362,2012-05-29,0.38814990443818304,1
87363,2012-05-29,0.27567752917452387,0
87364,2012-05-29,0.38942536791396454,1
87365,2012-05-29,0.2174438112839408,0
87366,2012-05-29,0.2744260882314293,1
87367,2012-05-29,0.5733338981539929,1
87368,2012-05-29,0.31005530196724407,0
87369,2012-05-29,0.31377827483223025,0
87370,2012-05-29,0.2225363599339488,0
87371,2012-05-29,0.286311541365833,0
87372,2012-05-29,0.3442789606884195,0
87373,2012-05-29,0.36334520647967145,1
87374,2012-05-29,0.29203251371230976,0
87375,2012-05-29,0.22166982325300982,0
87376,2012-05-29,0.35679782848460423,1
87377,2012-05-29,0.29192028802661796,0
87378,2012-05-29,0.37297581646485917,0
87379,2012-05-29,0.4767663035116588,0
87380,2012-05-29,0.25567295808040225,1
87381,2012-05-29,0.3201744938344358,1
87382,2012-05-29,0.2373412439653124,0
87383,2012-05-29,0.3779741571797455,1
87384,2012-05-29,0.3699808465940174,0
87385,2012-05-29,0.31045771477006756,1
87386,2012-05-29,0.33910003307183656,0
87387,2012-05-29,0.1562958258784611,1
87388,2012-05-29,0.33739787062055704,0
87389,2012-05-29,0.3013966642870086,0
87390,2012-05-29,0.2323444242586317,1
87391,2012-05-29,0.3043669125413152,0
87392,2012-05-29,0.4248232027383812,1
87393,2012-05-29,0.2552009431229481,1
87394,2012-05-29,0.35405413221454934,1
87395,2012-05-29,0.3603103220000288,0
87396,2012-05-29,0.31933134216749387,0
87397,2012-05-29,0.20608871222815023,0
87398,2012-05-29,0.2447281850889106,0
87399,2012-05-29,0.2132307037535387,0
87400,2012-05-29,0.13104375569644947,0
87401,2012-05-29,0.34942412810645446,0
87402,2012-05-29,0.19173454778399365,0
87403,2012-05-29,0.30878847821529154,0
87404,2012-05-29,0.24376355949737405,0
87405,2012-05-29,0.35083502025000574,0
87406,2012-05-29,0.37848465489936367,0
87407,2012-05-29,0.301773840518638,0
87408,2012-05-29,0.3001981781854248,0
87409,2012-05-29,0.387252794616936,0
87410,2012-05-29,0.3082275145958857,0
87411,2012-05-29,0.3881228835467793,0
87412,2012-05-29,0.21903327579096118,0
87413,2012-05-29,0.26106543515941183,0
87414,2012-05-29,0.4553354575516987,0
87415,2012-05-29,0.37837133706288234,1
87416,2012-05-29,0.2785407388308539,1
87417,2012-05-29,0.3745774991274704,0
87418,2012-05-29,0.3254335185201806,1
87419,2012-05-29,0.36685686133861345,1
87420,2012-05-29,0.36828806322213326,1
87421,2012-05-29,0.3841242479258928,1
87422,2012-05-29,0.4792265775474753,1
87423,2012-05-29,0.2957400948702954,1
87424,2012-05-29,0.32780838910338106,0
87425,2012-05-29,0.4411148002317199,0
87426,2012-05-29,0.24553879777144216,1
87427,2012-05-29,0.19588680744896989,0
87428,2012-05-29,0.1568614229391896,0
87429,2012-05-29,0.3184956622822489,0
87430,2012-05-29,0.3157360729787585,0
87431,2012-05-29,0.28463247266615327,1
87432,2012-05-29,0.3227037673790744,1
87433,2012-05-29,0.3736300281473474,0
87434,2012-05-29,0.36880871874713084,0
87435,2012-05-29,0.5746198185901743,0
87436,2012-05-29,0.4563398902192349,0
87437,2012-05-29,0.33899972936713846,0
87438,2012-05-29,0.3457931766403112,1
87439,2012-05-29,0.3280126022679219,0
87440,2012-05-29,0.2558953968778607,0
87441,2012-05-29,0.3187126468624988,0
87442,2012-05-29,0.3958251492475184,0
87443,2012-05-29,0.32982611896955094,0
87444,2012-05-29,0.24113863520342832,1
87445,2012-05-29,0.23897175399357562,1
87446,2012-05-29,0.32799222750661167,0
87447,2012-05-29,0.2688011952710066,0
87448,2012-05-29,0.36341657768719965,1
87449,2012-05-29,0.341069427477803,0
87450,2012-05-29,0.22913027560533272,0
87451,2012-05-29,0.5048285714913916,1
87452,2012-05-29,0.6055817130669059,1
87453,2012-05-29,0.274799656503497,0
87454,2012-05-29,0.3439115166062367,1
87455,2012-05-29,0.20712761630405452,0
87456,2012-05-29,0.25926630360969344,0
87457,2012-05-29,0.3817341693640811,0
87458,2012-05-29,0.29385680957439736,1
87459,2012-05-29,0.20342303597097547,1
87460,2012-05-29,0.45650928481755576,1
87461,2012-05-29,0.32963479123734873,0
87462,2012-05-29,0.47261937809915977,1
87463,2012-05-29,0.38243100448251044,0
87464,2012-05-29,0.3767871317450316,0
87465,2012-05-29,0.32468219019018,0
87466,2012-05-29,0.42574379894941267,1
87467,2012-05-29,0.4153512604618645,0
87468,2012-05-30,0.22418611292580762,0
87469,2012-05-30,0.30304739776480133,0
87470,2012-05-30,0.37362284168289445,1
87471,2012-05-30,0.9756783102041009,0
87472,2012-05-30,0.5546634985180953,0
87473,2012-05-30,0.3296441926861495,0
87474,2012-05-30,0.44926852971616454,1
87475,2012-05-30,0.42552088773819524,1
87476,2012-05-30,0.37533423125810866,0
87477,2012-05-30,0.3313651679587457,0
87478,2012-05-30,0.16966555665481017,1
87479,2012-05-30,0.36862655169607206,1
87480,2012-05-30,0.32853622564191953,0
87481,2012-05-30,0.4213862715826967,1
87482,2012-05-30,0.23966462066776806,0
87483,2012-05-30,0.5083095527381846,1
87484,2012-05-30,0.2198291606279038,0
87485,2012-05-30,0.30032666817543974,0
87486,2012-05-30,0.3386977406226029,1
87487,2012-05-30,0.4856336864281751,1
87488,2012-05-30,0.3097457889184591,0
87489,2012-05-30,0.25990258870320465,0
87490,2012-05-30,0.16932513811004984,0
87491,2012-05-30,0.29544295083222966,0
87492,2012-05-30,0.38082954281030224,0
87493,2012-05-30,0.3506311424416649,1
87494,2012-05-30,0.1816711678952841,0
87495,2012-05-30,0.3646067953163638,1
87496,2012-05-30,0.2103575737230355,1
87497,2012-05-30,0.4122717582549631,1
87498,2012-05-30,0.3172624944952126,0
87499,2012-05-30,0.21123745382706058,0
87500,2012-05-30,0.3557237309564502,1
87501,2012-05-30,0.3157121212385145,1
87502,2012-05-30,0.26698940037771296,0
87503,2012-05-30,0.3323638953529206,0
87504,2012-05-30,0.2443656957552114,0
87505,2012-05-30,0.2578467988466269,0
87506,2012-05-30,0.30777219955556745,1
87507,2012-05-30,0.37766444088470674,0
87508,2012-05-30,0.21511246925512026,0
87509,2012-05-30,0.5444464513341405,1
87510,2012-05-30,0.5014536816742098,0
87511,2012-05-30,0.2313784348480763,0
87512,2012-05-30,0.2678282029779246,1
87513,2012-05-30,0.23110518182790368,0
87514,2012-05-30,0.3293702698066075,0
87515,2012-05-30,0.9927464370790183,1
87516,2012-05-30,0.4663413773566658,0
87517,2012-05-30,0.3484815949363233,0
87518,2012-05-30,0.22077911316892398,1
87519,2012-05-30,0.38201891555033957,0
87520,2012-05-30,0.2578578000879136,0
87521,2012-05-30,0.2849648981451518,0
87522,2012-05-30,0.36724797021772965,0
87523,2012-05-30,0.9745563285614516,0
87524,2012-05-30,0.3873738242436166,0
87525,2012-05-30,0.15966201417331846,0
87526,2012-05-30,0.1557694573156611,0
87527,2012-05-30,0.3137864311804973,0
87528,2012-05-30,0.5449156503550586,0
87529,2012-05-30,0.21312907729200603,1
87530,2012-05-30,0.35928616029434224,0
87531,2012-05-30,0.46095639016267415,0
87532,2012-05-30,0.18657833396752993,0
87533,2012-05-30,0.4745356318864118,1
87534,2012-05-30,0.22941944331090686,0
87535,2012-05-30,0.28497820781386496,0
87536,2012-05-30,0.24229829493295904,1
87537,2012-05-30,0.16660296705728514,1
87538,2012-05-30,0.17788115898052884,0
87539,2012-05-30,0.2601975569577059,0
87540,2012-05-30,0.5390020001215186,1
87541,2012-05-30,0.313354739751017,0
87542,2012-05-30,0.37744826278622934,0
87543,2012-05-30,0.2205765410567303,0
87544,2012-05-30,0.35667969023734697,0
87545,2012-05-30,0.30069615085252543,1
87546,2012-05-31,0.28332201967796017,0
87547,2012-05-31,0.36870143039585934,0
87548,2012-05-31,0.3248943307567831,1
87549,2012-05-31,0.3523980807270556,0
87550,2012-05-31,0.4153962645949051,1
87551,2012-05-31,0.2642790741875224,0
87552,2012-05-31,0.51200207570892,1
87553,2012-05-31,0.4324647174338154,0
87554,2012-05-31,0.4577617715918545,1
87555,2012-05-31,0.397395490377102,0
87556,2012-05-31,0.44867438164011947,1
87557,2012-05-31,0.34473550993538854,1
87558,2012-05-31,0.3325842655198133,1
87559,2012-05-31,0.27600282297522705,1
87560,2012-05-31,0.37739071008905994,1
87561,2012-05-31,0.3487858541901815,0
87562,2012-05-31,0.2982653445076169,0
87563,2012-05-31,0.39014526192251914,0
87564,2012-05-31,0.33936485197179317,0
87565,2012-05-31,0.29605254088583977,0
87566,2012-05-31,0.18223016850575155,0
87567,2012-05-31,0.37544220304022596,1
87568,2012-05-31,0.3295740975972451,1
87569,2012-05-31,0.29357114898174635,0
87570,2012-05-31,0.42877121523429196,0
87571,2012-05-31,0.4751846602894544,0
87572,2012-05-31,0.37589893682035336,1
87573,2012-05-31,0.3784277906419375,1
87574,2012-05-31,0.21557689266672084,0
87575,2012-05-31,0.2230268051053214,1
87576,2012-05-31,0.2813307830037174,1
87577,2012-05-31,0.26705773409513034,1
87578,2012-05-31,0.2776530312156983,0
87579,2012-05-31,0.5939393474761792,1
87580,2012-05-31,0.29375299332933963,0
87581,2012-05-31,0.5712004288645468,1
87582,2012-05-31,0.3969441502016441,1
87583,2012-05-31,0.23747762429505917,1
87584,2012-05-31,0.42080476174423254,0
87585,2012-05-31,0.274120727295519,0
87586,2012-05-31,0.3413435127207788,0
87587,2012-05-31,0.3575848538731906,1
87588,2012-05-31,0.393768327248106,1
87589,2012-05-31,0.33764864055950844,1
87590,2012-05-31,0.5128366320170572,0
87591,2012-05-31,0.3380286574559685,0
87592,2012-05-31,0.24547141904429964,0
87593,2012-05-31,0.27013262235154817,1
87594,2012-05-31,0.9039178226892064,1
87595,2012-05-31,0.3898746693494466,0
87596,2012-05-31,0.4064032949553309,1
87597,2012-05-31,0.34271795470571637,1
87598,2012-05-31,0.2322064168644804,0
87599,2012-05-31,0.4217088677366033,1
87600,2012-05-31,0.3557869795465509,1
87601,2012-05-31,0.25783141127465004,0
87602,2012-05-31,0.27593243213088864,1
87603,2012-05-31,0.4645868056318161,1
87604,2012-05-31,0.4501768125338261,0
87605,2012-05-31,0.34509264861276046,0
87606,2012-05-31,0.24414452182238386,1
87607,2012-05-31,0.3000218216570766,0
87608,2012-05-31,0.29303042148931285,1
87609,2012-05-31,0.26392909767906914,0
87610,2012-05-31,0.3449903797446144,0
87611,2012-05-31,0.4057329206386239,0
87612,2012-05-31,0.20223832589353688,1
87613,2012-05-31,0.3506663472970197,0
87614,2012-05-31,0.2234687477788909,0
87615,2012-05-31,0.24795599131093218,0
87616,2012-05-31,0.29483831596912463,1
87617,2012-05-31,0.48618160930610016,0
87618,2012-05-31,0.2996266307357901,0
87619,2012-05-31,0.25165169708525176,0
87620,2012-05-31,0.3485608255851471,1
87621,2012-05-31,0.3397160878131315,1
87622,2012-05-31,0.28008994555228134,1
87623,2012-05-31,0.26927183363811896,0
87624,2012-05-31,0.29898484204462084,0
87625,2012-05-31,0.23746052963490186,0
87626,2012-05-31,0.331671857823931,0
87627,2012-05-31,0.26895521136093936,0
87628,2012-05-31,0.39491589688348117,0
87629,2012-05-31,0.2680891900756418,0
87630,2012-05-31,0.17088930384656514,0
87631,2012-05-31,0.3025911851035268,0
87632,2012-05-31,0.4043541209882732,1
87633,2012-05-31,0.36082980303099216,1
87634,2012-05-31,0.20740616213029353,0
87635,2012-05-31,0.7185776615889523,0
87636,2012-05-31,0.49192341886481206,0
87637,2012-05-31,0.32130891692129404,0
87638,2012-05-31,0.36907396038619933,0
87639,2012-05-31,0.3876289846649763,1
87640,2012-05-31,0.3012205048676514,0
87641,2012-05-31,0.3259539981166319,0
87642,2012-05-31,0.27006938735965375,0
87643,2012-05-31,0.2210611481974594,0
87644,2012-05-31,0.45585754098955383,1
87645,2012-05-31,0.41118208544907636,0
87646,2012-05-31,0.3429449230866853,1
87647,2012-05-31,0.42678033252933156,0
87648,2012-05-31,0.2626991259660271,0
87649,2012-05-31,0.2765671147541289,0
87650,2012-05-31,0.341821267337151,0
87651,2012-05-31,0.21984769789591566,1
87652,2012-05-31,0.36505755888170643,0
87653,2012-05-31,0.39438705968893323,0
87654,2012-05-31,0.2277172376490229,1
87655,2012-05-31,0.3308712667116066,1
87656,2012-05-31,0.4765611017920063,0
87657,2012-05-31,0.3500011629413486,0
87658,2012-05-31,0.26713047889166625,0
87659,2012-05-31,0.18302267287998072,1
87660,2012-05-31,0.358521423733567,0
87661,2012-05-31,0.48221300655144683,0
87662,2012-06-01,0.30662110572094925,0
87663,2012-06-01,0.4313427504256651,1
87664,2012-06-01,0.43622499282841876,0
87665,2012-06-01,0.28213527551348877,0
87666,2012-06-01,0.3227382989240527,0
87667,2012-06-01,0.7490843673349885,0
87668,2012-06-01,0.32489717538757507,0
87669,2012-06-01,0.5384092410156749,1
87670,2012-06-01,0.38556146351796805,0
87671,2012-06-01,0.26803916457659466,0
87672,2012-06-01,0.19155532938785247,0
87673,2012-06-01,0.23492339648829955,0
87674,2012-06-01,0.32978256508086495,0
87675,2012-06-01,0.3555280166801031,0
87676,2012-06-01,0.4547811989741033,0
87677,2012-06-01,0.23965338860886007,0
87678,2012-06-01,0.46764644240379594,0
87679,2012-06-01,0.3635464871307989,0
87680,2012-06-01,0.4651762713409615,1
87681,2012-06-01,0.190294602311118,1
87682,2012-06-01,0.2750730931811607,1
87683,2012-06-01,0.34373875688571165,0
87684,2012-06-01,0.5018546875718766,0
87685,2012-06-01,0.36200848190753143,0
87686,2012-06-01,0.530582890441476,1
87687,2012-06-01,0.34464430210088637,0
87688,2012-06-01,0.2908968897294586,0
87689,2012-06-01,0.3454019318827901,0
87690,2012-06-01,0.43420415175856203,1
87691,2012-06-01,0.3339127164576279,0
87692,2012-06-01,0.3994606545784901,1
87693,2012-06-01,0.31338182317978286,0
87694,2012-06-01,0.4064277389101846,0
87695,2012-06-01,0.8404673493448984,0
87696,2012-06-01,0.24657660987494978,0
87697,2012-06-01,0.4142851972150449,0
87698,2012-06-01,0.41221577939124787,0
87699,2012-06-01,0.30593977126082544,0
87700,2012-06-01,0.368346185607967,0
87701,2012-06-01,0.51157830692308,0
87702,2012-06-01,0.3964683916968296,1
87703,2012-06-01,0.4803121173426751,1
87704,2012-06-01,0.19628448787695538,0
87705,2012-06-01,0.2385232804886424,0
87706,2012-06-01,0.4468832882916252,1
87707,2012-06-01,0.3616907735692978,1
87708,2012-06-01,0.3845773171926827,0
87709,2012-06-01,0.9192583014979351,1
87710,2012-06-01,0.274162206026283,0
87711,2012-06-01,0.2906717683130141,1
87712,2012-06-01,0.2426145592434137,0
87713,2012-06-01,0.3368510388248093,1
87714,2012-06-01,0.36046665192973676,1
87715,2012-06-01,0.2761824783433352,0
87716,2012-06-01,0.2863657372050722,0
87717,2012-06-01,0.3682695932616409,1
87718,2012-06-01,0.5107092903037832,0
87719,2012-06-01,0.3266792476348632,0
87720,2012-06-01,0.4094155462858108,0
87721,2012-06-01,0.3113492532604532,1
87722,2012-06-01,0.4691896579687526,0
87723,2012-06-01,0.2478386364208268,0
87724,2012-06-01,0.2839719778404368,0
87725,2012-06-01,0.29359713660687864,0
87726,2012-06-01,0.4196061554510522,0
87727,2012-06-01,0.367218783015907,0
87728,2012-06-01,0.4305100371071016,0
87729,2012-06-01,0.45956063134441627,1
87730,2012-06-01,0.3308288835266362,1
87731,2012-06-01,0.3154307543640957,1
87732,2012-06-01,0.28272674225169936,1
87733,2012-06-01,0.40408869795550634,0
87734,2012-06-01,0.3902199451077781,0
87735,2012-06-01,0.9325178575689642,0
87736,2012-06-01,0.2612107430584071,1
87737,2012-06-01,0.2395975155773444,1
87738,2012-06-01,0.3931777328396319,1
87739,2012-06-01,0.4068791010870166,1
87740,2012-06-01,0.35806860329869883,0
87741,2012-06-01,0.3214566282609744,0
87742,2012-06-01,0.24829895339603184,0
87743,2012-06-01,0.2663694436258535,0
87744,2012-06-01,0.9999947518684849,1
87745,2012-06-01,0.40606582599779484,1
87746,2012-06-01,0.3560409805645823,1
87747,2012-06-01,0.33896867967144967,0
87748,2012-06-01,0.33295954406725675,0
87749,2012-06-01,0.3558796460864585,1
87750,2012-06-01,0.2712466093440826,0
87751,2012-06-01,0.16568514765612893,0
87752,2012-06-01,0.3015306299000235,0
87753,2012-06-01,0.3194187838842468,1
87754,2012-06-01,0.45255939536165474,1
87755,2012-06-01,0.30971780952524136,0
87756,2012-06-01,0.246126868845161,0
87757,2012-06-01,0.3600836584494858,0
87758,2012-06-01,0.3891162474528948,0
87759,2012-06-01,0.40231054053683607,0
87760,2012-06-01,0.3240327736636877,0
87761,2012-06-01,0.32702255424829113,1
87762,2012-06-01,0.3417039792342205,1
87763,2012-06-01,0.3083279210433788,0
87764,2012-06-01,0.4208363743145386,0
87765,2012-06-01,0.2590453188214654,0
87766,2012-06-01,0.4447401947503176,0
87767,2012-06-01,0.2056407380007214,0
87768,2012-06-01,0.299349253731028,0
87769,2012-06-01,0.5580772902689894,0
87770,2012-06-01,0.3630362777570873,0
87771,2012-06-01,0.4158075219636136,0
87772,2012-06-02,0.3722042444989411,1
87773,2012-06-02,0.29447349045732496,1
87774,2012-06-02,0.4512298581276625,0
87775,2012-06-02,0.38887031688473045,0
87776,2012-06-02,0.44881414083204546,1
87777,2012-06-02,0.3290338057982523,0
87778,2012-06-02,0.39809189390256844,1
87779,2012-06-02,0.2673737263202432,0
87780,2012-06-02,0.5051817127273323,1
87781,2012-06-02,0.3253730149692111,1
87782,2012-06-02,0.28082404653878107,0
87783,2012-06-02,0.30477279328688295,1
87784,2012-06-02,0.4139353852559564,1
87785,2012-06-02,0.21635587682632368,0
87786,2012-06-02,0.31623692591391156,0
87787,2012-06-02,0.27778333342655565,0
87788,2012-06-02,0.3807576214258539,1
87789,2012-06-02,0.2926357513638046,0
87790,2012-06-02,0.5758376518926976,1
87791,2012-06-02,0.28830287594502574,0
87792,2012-06-02,0.4744800313560034,1
87793,2012-06-02,0.29520365032024926,0
87794,2012-06-02,0.38441144804576804,1
87795,2012-06-02,0.24006546051084612,0
87796,2012-06-02,0.4520431456220691,1
87797,2012-06-02,0.4041137540225151,0
87798,2012-06-02,0.3690177901046935,0
87799,2012-06-02,0.31082825519627655,0
87800,2012-06-02,0.26268050820263716,0
87801,2012-06-02,0.4133717346891796,1
87802,2012-06-02,0.2612990368273027,0
87803,2012-06-02,0.3499359141920539,0
87804,2012-06-02,0.30379301171048634,1
87805,2012-06-02,0.3228750823335984,0
87806,2012-06-02,0.4190207580358837,0
87807,2012-06-02,0.44216888340196814,1
87808,2012-06-02,0.3342038434286128,0
87809,2012-06-02,0.35295085889843364,0
87810,2012-06-02,0.27725896126532346,0
87811,2012-06-02,0.3015857237896717,0
87812,2012-06-02,0.16425398367423366,1
87813,2012-06-02,0.3795075754416903,1
87814,2012-06-02,0.28936946941395036,0
87815,2012-06-02,0.37638799983628096,0
87816,2012-06-02,0.402977743964054,0
87817,2012-06-02,0.28207838178079575,1
87818,2012-06-02,0.352882314259412,0
87819,2012-06-02,0.6453404399797884,0
87820,2012-06-02,0.21565156596937562,0
87821,2012-06-02,0.37316863841648523,1
87822,2012-06-02,0.25814803201925146,0
87823,2012-06-02,0.331632209452515,1
87824,2012-06-02,0.273525809985689,0
87825,2012-06-02,0.4697163915393965,0
87826,2012-06-02,0.3534604643957682,0
87827,2012-06-02,0.2677499478531811,0
87828,2012-06-02,0.3041169744677442,1
87829,2012-06-02,0.5089511095156529,0
87830,2012-06-02,0.16321236051551896,0
87831,2012-06-02,0.3024993344144646,0
87832,2012-06-02,0.2434274577792117,1
87833,2012-06-02,0.39377079595294273,1
87834,2012-06-02,0.31243650150417146,0
87835,2012-06-02,0.2799786752108488,1
87836,2012-06-02,0.362058447667226,0
87837,2012-06-02,0.25028341121875014,0
87838,2012-06-02,0.42299442023656614,1
87839,2012-06-02,0.8125894141121325,0
87840,2012-06-02,0.2431347014529083,0
87841,2012-06-02,0.35236523219476096,1
87842,2012-06-02,0.3331773841410716,1
87843,2012-06-02,0.23956233867571408,0
87844,2012-06-02,0.2863078976306019,0
87845,2012-06-02,0.33586190751782047,1
87846,2012-06-02,0.7844406502607906,0
87847,2012-06-02,0.1606115116951853,0
87848,2012-06-02,0.2723980676779483,0
87849,2012-06-02,0.42198664398333047,0
87850,2012-06-02,0.2559365861873195,0
87851,2012-06-02,0.46221934744642224,0
87852,2012-06-02,0.4970979493191593,0
87853,2012-06-02,0.44392816534447593,1
87854,2012-06-02,0.25244335530040835,0
87855,2012-06-02,0.23933647180130135,0
87856,2012-06-02,0.26883469398651344,1
87857,2012-06-02,0.3476816565802603,1
87858,2012-06-02,0.23227702262740524,1
87859,2012-06-02,0.2540991632090711,0
87860,2012-06-03,0.4785218529761594,1
87861,2012-06-03,0.46182473000431834,1
87862,2012-06-03,0.4984559613955554,0
87863,2012-06-03,0.2665088111953126,1
87864,2012-06-03,0.2717630429119265,0
87865,2012-06-03,0.388841699998971,1
87866,2012-06-03,0.4776523337249263,0
87867,2012-06-03,0.19551630695624098,0
87868,2012-06-03,0.26873146549434834,1
87869,2012-06-03,0.2720968549241072,0
87870,2012-06-03,0.33353079512043937,1
87871,2012-06-03,0.41416450308588776,1
87872,2012-06-03,0.2082186216668113,0
87873,2012-06-03,0.2917888249109253,0
87874,2012-06-03,0.41240964815570297,0
87875,2012-06-03,0.5067952806290292,0
87876,2012-06-03,0.28086426984346413,1
87877,2012-06-03,0.2678697945914026,1
87878,2012-06-03,0.2849442772902615,0
87879,2012-06-03,0.24051311472889123,0
87880,2012-06-03,0.25859188269278394,1
87881,2012-06-03,0.2707269426264188,0
87882,2012-06-03,0.3668548362858579,0
87883,2012-06-03,0.4905466509938076,0
87884,2012-06-03,0.21906078287683659,0
87885,2012-06-03,0.15769187354931424,1
87886,2012-06-03,0.251123857256858,0
87887,2012-06-03,0.24248855329569713,0
87888,2012-06-03,0.2904464134741771,1
87889,2012-06-03,0.40379867150982207,1
87890,2012-06-03,0.21795844774045145,0
87891,2012-06-03,0.39768617110965304,0
87892,2012-06-03,0.39377188265562085,0
87893,2012-06-03,0.2027978478142839,0
87894,2012-06-03,0.25727820951697716,1
87895,2012-06-03,0.3214799734695182,0
87896,2012-06-03,0.2729424473397185,0
87897,2012-06-03,0.34402786279464026,0
87898,2012-06-03,0.2802733719540514,0
87899,2012-06-03,0.22145217575848092,0
87900,2012-06-03,0.495967257973678,1
87901,2012-06-03,0.3212236498650074,1
87902,2012-06-03,0.2730912297588186,0
87903,2012-06-03,0.23130362406798377,0
87904,2012-06-03,0.3339219463672499,1
87905,2012-06-03,0.36539724784960387,1
87906,2012-06-03,0.3022931161236377,1
87907,2012-06-03,0.35086858678238153,1
87908,2012-06-03,0.49768921354759654,0
87909,2012-06-03,0.5255121765427696,1
87910,2012-06-03,0.29860477142195085,0
87911,2012-06-03,0.4829658127987585,1
87912,2012-06-03,0.28434482569600245,0
87913,2012-06-03,0.30460292332846456,1
87914,2012-06-03,0.3952170957545184,0
87915,2012-06-03,0.24155469097345006,0
87916,2012-06-03,0.2878187183520091,0
87917,2012-06-03,0.32799853964878517,1
87918,2012-06-03,0.22437517012030647,1
87919,2012-06-03,0.1413257112866115,0
87920,2012-06-03,0.4173371976990222,0
87921,2012-06-03,0.34767535678947326,0
87922,2012-06-03,0.2511775589784919,0
87923,2012-06-03,0.43220982527128216,1
87924,2012-06-03,0.33613908656928077,1
87925,2012-06-03,0.40846549829353873,1
87926,2012-06-03,0.3953828142046413,1
87927,2012-06-03,0.2917935352404785,0
87928,2012-06-03,0.3273983113929902,1
87929,2012-06-03,0.24070490467055794,0
87930,2012-06-03,0.2881027764331607,0
87931,2012-06-03,0.30397608223627104,1
87932,2012-06-03,0.24636477177589922,0
87933,2012-06-03,0.20381978848534701,1
87934,2012-06-03,0.28583093858273356,0
87935,2012-06-03,0.15236753460204303,0
87936,2012-06-03,0.2632407755383061,0
87937,2012-06-03,0.5225476828189659,1
87938,2012-06-03,0.33563597121102445,1
87939,2012-06-03,0.19050821632228215,1
87940,2012-06-03,0.6263845149441093,0
87941,2012-06-03,0.5538091271412351,0
87942,2012-06-03,0.37662759487002,0
87943,2012-06-03,0.20553814763984463,0
87944,2012-06-03,0.38593698912190366,0
87945,2012-06-03,0.2770930050710312,0
87946,2012-06-03,0.3003624415483442,0
87947,2012-06-03,0.3443521868813952,0
87948,2012-06-03,0.2882458543088154,0
87949,2012-06-03,0.17342248138739913,0
87950,2012-06-03,0.19452053823930746,0
87951,2012-06-03,0.283711688230231,0
87952,2012-06-03,0.3154525461676067,0
87953,2012-06-03,0.3777789980671293,1
87954,2012-06-03,0.3341812928322985,1
87955,2012-06-03,0.22610262268447112,1
87956,2012-06-03,0.23147701766890771,1
87957,2012-06-03,0.34408025371831974,0
87958,2012-06-03,0.4432282337615634,0
87959,2012-06-03,0.28538989092122297,0
87960,2012-06-03,0.22933083177824462,0
87961,2012-06-03,0.23281472163511377,0
87962,2012-06-03,0.45688631356830645,0
87963,2012-06-03,0.3623770702237499,1
87964,2012-06-03,0.476151602558783,0
87965,2012-06-03,0.31438589164234026,0
87966,2012-06-03,0.40530997787108525,1
87967,2012-06-03,0.1448197498865592,0
87968,2012-06-03,0.29206653047900855,0
87969,2012-06-03,0.36319863194031304,1
87970,2012-06-03,0.39852238042391147,0
87971,2012-06-03,0.3245758970599464,0
87972,2012-06-03,0.19446246730873917,0
87973,2012-06-03,0.3251516669508876,0
87974,2012-06-03,0.15050490816136983,0
87975,2012-06-03,0.31750998482383785,1
87976,2012-06-03,0.37712722933419834,1
87977,2012-06-03,0.3556405500741629,1
87978,2012-06-03,0.2775814946190015,0
87979,2012-06-03,0.3472325213544129,0
87980,2012-06-03,0.4820343439243725,0
87981,2012-06-03,0.1875418044379437,1
87982,2012-06-03,0.2706914746907519,0
87983,2012-06-03,0.23288510990766925,0
87984,2012-06-03,0.28583396457368987,0
87985,2012-06-03,0.20391871532810835,0
87986,2012-06-03,0.4421278434116363,1
87987,2012-06-03,0.24266856471236722,1
87988,2012-06-03,0.327688932610821,0
87989,2012-06-03,0.2546192871887344,1
87990,2012-06-03,0.39653457293573374,0
87991,2012-06-03,0.4737785790854024,1
87992,2012-06-03,0.3715896815071668,0
87993,2012-06-03,0.5223305868602898,0
87994,2012-06-03,0.30106060008839514,0
87995,2012-06-03,0.2551801451195882,1
87996,2012-06-03,0.36274996727498404,0
87997,2012-06-03,0.5068890035043955,1
87998,2012-06-03,0.22876953540850642,1
87999,2012-06-03,0.2537704691595431,0
88000,2012-06-03,0.2917278492558159,0
88001,2012-06-03,0.29759145747482296,0
88002,2012-06-03,0.20006675599884743,1
88003,2012-06-03,0.4032760250364936,1
88004,2012-06-03,0.39252379457497466,1
88005,2012-06-03,0.36665651898641904,0
88006,2012-06-03,0.2972693618458983,0
88007,2012-06-03,0.3450238763232793,0
88008,2012-06-03,0.36586871161873086,0
88009,2012-06-03,0.3242008236462132,1
88010,2012-06-03,0.28784150247665746,1
88011,2012-06-03,0.20823273323998284,0
88012,2012-06-03,0.2524376597630256,0
88013,2012-06-03,0.26282236166972506,1
88014,2012-06-03,0.20538994205200992,1
88015,2012-06-03,0.29844726346288136,1
88016,2012-06-03,0.3118096082103681,0
88017,2012-06-03,0.26850311409635724,1
88018,2012-06-03,0.4267924896117341,1
88019,2012-06-03,0.04403288265210993,0
88020,2012-06-03,0.4111453830960274,0
88021,2012-06-03,0.31643681128877593,0
88022,2012-06-03,0.43072473165826064,1
88023,2012-06-03,0.5541831460174945,1
88024,2012-06-03,0.264464401089142,0
88025,2012-06-03,0.3409393479003454,0
88026,2012-06-03,0.4160522287372793,1
88027,2012-06-03,0.35721109893673525,0
88028,2012-06-03,0.22453046291950265,0
88029,2012-06-03,0.46061429887308347,0
88030,2012-06-03,0.3630193939645807,0
88031,2012-06-03,0.11608650071131754,0
88032,2012-06-03,0.1943405929780292,0
88033,2012-06-03,0.2977991320363234,0
88034,2012-06-03,0.4043985708273123,0
88035,2012-06-03,0.33320054597162424,0
88036,2012-06-03,0.326984026899364,0
88037,2012-06-03,0.2972817422329236,0
88038,2012-06-03,0.35413564435921424,1
88039,2012-06-03,0.17532843232458187,0
88040,2012-06-03,0.4723652264468563,0
88041,2012-06-03,0.3479585316577443,1
88042,2012-06-03,0.3073634795398165,1
88043,2012-06-03,0.35537633573429406,1
88044,2012-06-03,0.5445531805147886,1
88045,2012-06-03,0.38141707016827325,0
88046,2012-06-03,0.39134287223295855,0
88047,2012-06-03,0.42172987364174874,0
88048,2012-06-03,0.314352115889459,0
88049,2012-06-03,0.25555238752652215,1
88050,2012-06-03,0.26138700486573513,0
88051,2012-06-03,0.3787828625780613,0
88052,2012-06-03,0.4076949310980699,1
88053,2012-06-03,0.4737962040165531,1
88054,2012-06-03,0.2960218562286042,0
88055,2012-06-03,0.3178916059677436,1
88056,2012-06-03,0.29817249189570133,0
88057,2012-06-03,0.22476299623197735,0
88058,2012-06-03,0.23482702259391058,0
88059,2012-06-03,0.42563135237709104,1
88060,2012-06-03,0.29529023313980846,0
88061,2012-06-03,1.9757262821789662e-05,0
88062,2012-06-03,0.2926003579519017,0
88063,2012-06-03,0.3120067453847952,0
88064,2012-06-03,0.29933335691389557,0
88065,2012-06-03,0.24393242328250803,0
88066,2012-06-03,0.2774215991811909,1
88067,2012-06-03,0.21754273754563055,0
88068,2012-06-03,0.23358998889768748,0
88069,2012-06-03,0.3592357626215112,1
88070,2012-06-03,0.30095038213660275,0
88071,2012-06-03,0.2335600632123534,1
88072,2012-06-03,0.3250380345767271,1
88073,2012-06-03,0.385961057360278,1
88074,2012-06-03,0.3899931739802512,0
88075,2012-06-03,0.34852851701857684,1
88076,2012-06-03,0.35969041745358465,0
88077,2012-06-03,0.42860135574186076,1
88078,2012-06-03,0.25277574154552035,0
88079,2012-06-03,3.1255607394440535e-05,0
88080,2012-06-03,0.494598850559533,0
88081,2012-06-03,0.28877029773138546,1
88082,2012-06-03,0.3138332762910473,1
88083,2012-06-03,0.31748114628690527,1
88084,2012-06-04,0.405104895111729,0
88085,2012-06-04,0.1948975399397179,0
88086,2012-06-04,0.26453792247822583,0
88087,2012-06-04,0.2021309415782581,0
88088,2012-06-04,0.2437846904889353,0
88089,2012-06-04,0.2053248085747029,0
88090,2012-06-04,0.2757329105366763,1
88091,2012-06-04,0.4505266240288826,1
88092,2012-06-04,0.3149166013250714,0
88093,2012-06-04,0.4080614725430857,1
88094,2012-06-04,0.48193452519696606,1
88095,2012-06-04,0.4339703005672819,1
88096,2012-06-04,0.40086938587202253,1
88097,2012-06-04,0.4891203830831492,1
88098,2012-06-04,0.3215257395148815,0
88099,2012-06-04,0.3668818491069852,1
88100,2012-06-04,0.2701110290832922,0
88101,2012-06-04,0.36360471038089465,0
88102,2012-06-04,0.33155089987794206,1
88103,2012-06-04,0.38149912523365576,1
88104,2012-06-04,0.34201620527465426,0
88105,2012-06-04,0.18205153414996986,0
88106,2012-06-04,0.3084151482322451,1
88107,2012-06-04,0.40058957487398844,1
88108,2012-06-04,0.31639352321307523,0
88109,2012-06-04,0.2671822360383111,1
88110,2012-06-04,0.37861833501418246,1
88111,2012-06-04,0.3783304725409637,0
88112,2012-06-04,0.32850040334544284,1
88113,2012-06-04,0.2613845221104085,1
88114,2012-06-04,0.1734500188425348,1
88115,2012-06-04,0.3016373427476891,1
88116,2012-06-04,0.2110874938822991,1
88117,2012-06-04,0.512681162910396,1
88118,2012-06-04,0.33944271350135585,1
88119,2012-06-04,0.2465352846798223,0
88120,2012-06-04,0.31120366322156057,1
88121,2012-06-04,0.25416936364796433,1
88122,2012-06-04,0.2510779984940517,0
88123,2012-06-04,0.37557025040539027,1
88124,2012-06-04,0.20852210544027927,0
88125,2012-06-04,0.47429740996119923,1
88126,2012-06-04,0.3101852863151281,1
88127,2012-06-04,0.4068663026567373,1
88128,2012-06-04,0.32214933140072755,1
88129,2012-06-04,0.3115973548574514,0
88130,2012-06-04,0.3239190021489423,1
88131,2012-06-04,0.3706495470500432,1
88132,2012-06-04,0.2743101166774881,1
88133,2012-06-04,0.3233528505128245,0
88134,2012-06-04,0.3315592924819691,0
88135,2012-06-04,0.2128369332928929,1
88136,2012-06-04,0.45535983949508035,0
88137,2012-06-04,0.3926487516807378,0
88138,2012-06-04,0.32196515953114063,0
88139,2012-06-04,0.16777122023885954,0
88140,2012-06-04,0.3763814636504377,1
88141,2012-06-04,0.47364657654051934,0
88142,2012-06-04,0.43790450129040126,1
88143,2012-06-04,0.3170578152267097,0
88144,2012-06-04,0.24532039471798198,1
88145,2012-06-04,0.22167730030951827,0
88146,2012-06-04,0.460664468587783,1
88147,2012-06-04,0.36507888926384496,1
88148,2012-06-04,0.43137432439999995,0
88149,2012-06-04,0.32721070245781997,0
88150,2012-06-04,0.28381920111505926,0
88151,2012-06-04,0.3518750474041755,1
88152,2012-06-04,0.2566881888140257,0
88153,2012-06-04,0.3177399072909311,1
88154,2012-06-04,0.43334650023328425,0
88155,2012-06-04,0.1706274502549627,0
88156,2012-06-04,0.1771446256775132,1
88157,2012-06-04,0.36461181967207884,0
88158,2012-06-04,0.2744037450385172,0
88159,2012-06-04,0.30227240625801804,0
88160,2012-06-04,0.2621388099024203,1
88161,2012-06-04,0.3045299089095476,1
88162,2012-06-04,0.4226379886597143,1
88163,2012-06-04,0.29544094595094833,0
88164,2012-06-04,0.3260288699804339,0
88165,2012-06-04,0.20329556492146908,0
88166,2012-06-04,0.2287636100409501,0
88167,2012-06-04,0.39589643513996864,1
88168,2012-06-04,0.30983270140653524,0
88169,2012-06-04,0.32676716770329495,0
88170,2012-06-04,0.4308202652788055,1
88171,2012-06-04,0.24726186259400862,1
88172,2012-06-04,0.2722384540725951,1
88173,2012-06-04,0.24582282886807186,1
88174,2012-06-04,0.2513461572042569,0
88175,2012-06-04,0.29936208266203446,1
88176,2012-06-04,0.22417270389244756,0
88177,2012-06-04,0.27043336181750216,0
88178,2012-06-04,0.345136370751372,1
88179,2012-06-04,0.47720683125852703,1
88180,2012-06-04,0.3841734651905305,0
88181,2012-06-04,0.36599226292709863,1
88182,2012-06-04,0.3260251808458896,1
88183,2012-06-04,0.22924971252745605,0
88184,2012-06-04,0.2206211762031021,1
88185,2012-06-04,0.3553437513608641,0
88186,2012-06-04,0.28172121367359637,0
88187,2012-06-04,0.2724417517241007,0
88188,2012-06-04,0.24347428497960286,0
88189,2012-06-04,0.31601208533321035,0
88190,2012-06-04,0.18137657527906634,0
88191,2012-06-04,0.4525778856493495,1
88192,2012-06-04,0.2307860405518554,1
88193,2012-06-04,0.2693170132546451,1
88194,2012-06-04,0.38747485788446595,0
88195,2012-06-04,0.2672707411277363,0
88196,2012-06-04,0.3262793880504671,0
88197,2012-06-04,0.37152640955368704,1
88198,2012-06-04,0.23186549146691274,0
88199,2012-06-04,0.2508565557571851,1
88200,2012-06-04,0.22143451555802707,0
88201,2012-06-04,0.2231731573484692,0
88202,2012-06-04,0.2104380599481798,0
88203,2012-06-04,0.38328575333628384,0
88204,2012-06-04,0.43794803192975773,1
88205,2012-06-04,0.3721264756230653,0
88206,2012-06-04,0.19781669195410634,1
88207,2012-06-04,0.22840820898395428,0
88208,2012-06-04,0.36114132275733296,1
88209,2012-06-04,0.16133410453070576,0
88210,2012-06-04,0.3312643546133837,0
88211,2012-06-04,0.33278592919951455,0
88212,2012-06-04,0.29615716126598435,0
88213,2012-06-04,0.27168710690902353,0
88214,2012-06-04,0.24616131846211722,1
88215,2012-06-04,0.40102130543442827,1
88216,2012-06-04,0.3855373058739245,0
88217,2012-06-04,0.30719237257279763,1
88218,2012-06-04,0.25779837994856897,0
88219,2012-06-04,0.393841067465781,0
88220,2012-06-04,0.3619258327312846,0
88221,2012-06-04,0.34488062974996386,1
88222,2012-06-04,0.3162445121097819,0
88223,2012-06-04,0.279213630148739,1
88224,2012-06-04,0.2638671061435008,0
88225,2012-06-04,0.33506760769923466,1
88226,2012-06-04,0.44189336209624314,0
88227,2012-06-04,0.3171271181188836,0
88228,2012-06-04,0.3971166550247502,1
88229,2012-06-04,0.1464257553249091,1
88230,2012-06-04,0.2471714459908014,1
88231,2012-06-04,0.3756728688708383,0
88232,2012-06-04,0.3213559665674174,0
88233,2012-06-04,0.2927336085859332,1
88234,2012-06-04,0.27672892709749863,0
88235,2012-06-04,0.3739307736725809,0
88236,2012-06-04,0.28813891817345855,0
88237,2012-06-04,0.22758513326638902,0
88238,2012-06-04,0.33117296444690636,1
88239,2012-06-04,0.24921853107803243,0
88240,2012-06-04,0.17935610421215634,0
88241,2012-06-04,0.2766726992578749,1
88242,2012-06-04,0.8520176569980416,0
88243,2012-06-04,0.30972187389679295,0
88244,2012-06-04,0.9888453692354073,1
88245,2012-06-04,0.3277071389821937,1
88246,2012-06-04,0.4913651360115657,1
88247,2012-06-04,0.3271126990699039,0
88248,2012-06-04,0.23612633016387943,0
88249,2012-06-04,0.22116907342021064,0
88250,2012-06-04,0.39454158381956916,1
88251,2012-06-04,0.26408543394046285,1
88252,2012-06-04,0.3890387421723929,0
88253,2012-06-04,0.38031966492146657,0
88254,2012-06-04,0.31698241928414855,0
88255,2012-06-04,0.5080145427523001,0
88256,2012-06-04,0.4552622003074037,1
88257,2012-06-04,0.4823167264908545,1
88258,2012-06-04,0.382242729759446,1
88259,2012-06-04,0.13823513690172545,0
88260,2012-06-04,0.3930894674523525,0
88261,2012-06-04,0.26499786111257845,1
88262,2012-06-04,0.24661814804254567,1
88263,2012-06-04,0.30787623221116533,0
88264,2012-06-04,0.2502632999425397,0
88265,2012-06-04,0.3444893503424169,1
88266,2012-06-04,0.14141608648079615,1
88267,2012-06-04,0.19136360770828295,1
88268,2012-06-04,0.3820384100898183,1
88269,2012-06-04,0.2580024632726758,1
88270,2012-06-04,0.2692679842451396,0
88271,2012-06-04,0.25070375563963426,0
88272,2012-06-04,0.7436012000178446,0
88273,2012-06-04,0.1949551577817276,0
88274,2012-06-04,0.2593863074712589,1
88275,2012-06-04,0.38901944208712425,0
88276,2012-06-04,0.2401034747145038,0
88277,2012-06-04,0.35599931918771005,1
88278,2012-06-04,0.45786041577610587,0
88279,2012-06-04,0.3001385643258658,1
88280,2012-06-04,0.1906711056958137,0
88281,2012-06-04,0.33055483226409904,1
88282,2012-06-04,0.30921213951399207,1
88283,2012-06-04,0.29998472484865374,0
88284,2012-06-04,0.2660187129113838,1
88285,2012-06-04,0.4630292020192305,1
88286,2012-06-04,0.27251126788660396,0
88287,2012-06-04,0.36406946052821143,0
88288,2012-06-04,0.25763349581497846,1
88289,2012-06-04,0.2144875518344584,0
88290,2012-06-04,0.3864732740674052,1
88291,2012-06-04,0.32888649004405207,1
88292,2012-06-04,0.13843691115005108,0
88293,2012-06-04,0.46863821431480296,0
88294,2012-06-04,0.1751313731359641,0
88295,2012-06-04,0.33281186882235314,1
88296,2012-06-04,0.3200912201556448,1
88297,2012-06-04,0.3058201133396788,1
88298,2012-06-04,0.22808388478170458,0
88299,2012-06-04,0.3056412007212117,0
88300,2012-06-04,0.3853311823065766,1
88301,2012-06-04,0.32303331366654475,0
88302,2012-06-04,0.40856625953591563,0
88303,2012-06-04,0.32402810530494075,1
88304,2012-06-04,0.2583700124118864,0
88305,2012-06-04,0.5660132994724358,1
88306,2012-06-04,0.31568679750225803,0
88307,2012-06-04,0.34317913234086717,1
88308,2012-06-04,0.3252430601656799,0
88309,2012-06-04,0.33159306525967924,1
88310,2012-06-04,0.4434928529653225,1
88311,2012-06-04,0.4569527934674488,0
88312,2012-06-04,0.3600771010665959,1
88313,2012-06-04,0.3332833445793588,0
88314,2012-06-04,0.24322530841714457,0
88315,2012-06-04,0.1993531736088055,0
88316,2012-06-04,0.3949714382093099,1
88317,2012-06-04,0.35138798383621705,0
88318,2012-06-04,0.3780525159086269,0
88319,2012-06-04,0.42590922630151534,1
88320,2012-06-04,0.44786634589503355,1
88321,2012-06-04,0.24776030971465834,0
88322,2012-06-04,0.30264413435340265,0
88323,2012-06-04,0.4089413277330452,0
88324,2012-06-04,0.3951855289855998,0
88325,2012-06-04,0.3810676926760356,0
88326,2012-06-04,0.5112067073923913,1
88327,2012-06-04,0.4215948710829356,1
88328,2012-06-04,0.2674080864282495,0
88329,2012-06-04,0.29437931655523686,0
88330,2012-06-04,0.4096626857649003,1
88331,2012-06-04,0.3188367777364493,0
88332,2012-06-04,0.4456856929869521,0
88333,2012-06-04,0.19341967608989272,1
88334,2012-06-04,0.18849637997017052,0
88335,2012-06-04,0.3631419285451443,0
88336,2012-06-04,0.24762326947813135,1
88337,2012-06-04,0.23055875845335916,0
88338,2012-06-04,0.4908207672231119,1
88339,2012-06-04,0.3545040221696806,1
88340,2012-06-04,0.4061463282816606,0
88341,2012-06-04,0.34229046194253826,1
88342,2012-06-04,0.2880501751423998,0
88343,2012-06-04,0.31816124634974347,0
88344,2012-06-04,0.4471255355650264,1
88345,2012-06-04,0.31701290823449874,1
88346,2012-06-04,0.8738969068083945,1
88347,2012-06-04,0.3859089205808818,1
88348,2012-06-04,0.3561216622912642,0
88349,2012-06-04,0.26820783228384837,0
88350,2012-06-04,0.32040824833648857,1
88351,2012-06-04,0.2775002566199574,0
88352,2012-06-04,0.47669508901343216,1
88353,2012-06-04,0.25796100853920495,1
88354,2012-06-04,0.3338938078447815,0
88355,2012-06-04,0.3255031354210938,1
88356,2012-06-04,0.3454733133158225,0
88357,2012-06-04,0.2963507259703334,0
88358,2012-06-04,0.5274806709567608,0
88359,2012-06-04,0.20431765659047055,1
88360,2012-06-04,0.3391973842168479,1
88361,2012-06-04,0.5017452552298843,1
88362,2012-06-04,0.36312712511684875,1
88363,2012-06-04,0.25023015551672995,0
88364,2012-06-04,0.2747442456431167,0
88365,2012-06-04,0.49643723263839534,0
88366,2012-06-04,0.3097546721744271,1
88367,2012-06-04,0.29278217058399686,0
88368,2012-06-04,0.2888774000886233,0
88369,2012-06-04,0.2932186382681211,0
88370,2012-06-04,0.2578057616926832,1
88371,2012-06-04,0.4700225479947839,1
88372,2012-06-04,0.2860869015368023,0
88373,2012-06-04,0.1381178347736966,1
88374,2012-06-04,0.33163529333250136,0
88375,2012-06-04,0.4016242859802411,0
88376,2012-06-04,0.25033892018280635,1
88377,2012-06-04,0.3483273446812114,1
88378,2012-06-04,0.18824690762772928,1
88379,2012-06-04,0.4230768528382967,1
88380,2012-06-04,0.32659976033511556,0
88381,2012-06-04,0.2987647779553399,0
88382,2012-06-04,0.33153273439902337,0
88383,2012-06-04,0.33622871360655326,0
88384,2012-06-04,0.36036607934867815,1
88385,2012-06-04,0.2907903609772732,1
88386,2012-06-04,0.27705829319565567,0
88387,2012-06-04,0.17950953901753136,0
88388,2012-06-04,0.21157001653167626,0
88389,2012-06-04,0.4693019631732862,0
88390,2012-06-04,0.3292603402345439,0
88391,2012-06-04,0.3461680286724241,0
88392,2012-06-04,0.3733710563779315,0
88393,2012-06-04,0.3405640685141434,0
88394,2012-06-04,0.2114731321706387,0
88395,2012-06-04,0.2326892434996975,0
88396,2012-06-04,0.32862448473129685,0
88397,2012-06-04,0.38407191001037305,0
88398,2012-06-04,0.34904616908338393,0
88399,2012-06-04,0.2957391015161887,0
88400,2012-06-04,0.2687044187270338,0
88401,2012-06-04,0.38935301765504005,0
88402,2012-06-04,0.4049690454773782,0
88403,2012-06-04,0.3557950114748324,0
88404,2012-06-04,0.28778741075507663,0
88405,2012-06-04,0.3623559166349201,0
88406,2012-06-04,0.15139993135956115,0
88407,2012-06-04,0.4001677484444912,0
88408,2012-06-04,0.5574511704911128,0
88409,2012-06-04,0.33216548819473085,0
88410,2012-06-04,0.28481139976294917,0
88411,2012-06-04,0.3555868409391897,0
88412,2012-06-04,0.30050588899757424,1
88413,2012-06-04,0.314240155955459,1
88414,2012-06-04,0.43473017131418584,0
88415,2012-06-04,0.24266009180982034,0
88416,2012-06-04,0.31832986945707675,0
88417,2012-06-04,0.25582343833015486,0
88418,2012-06-04,0.44420462526237037,0
88419,2012-06-04,0.40561110994672217,1
88420,2012-06-04,0.2567449488916393,0
88421,2012-06-04,0.21572411500654234,0
88422,2012-06-04,0.3122203217244495,1
88423,2012-06-04,0.34733857389130135,0
88424,2012-06-04,0.31565748738290306,0
88425,2012-06-04,0.3137551711778201,0
88426,2012-06-04,0.3123490160527486,0
88427,2012-06-04,0.3677237902418567,1
88428,2012-06-04,0.4071003332620305,1
88429,2012-06-04,0.28260901418993567,0
88430,2012-06-04,0.3925099643331253,0
88431,2012-06-04,0.31096143500321066,1
88432,2012-06-04,0.33688392453483534,0
88433,2012-06-04,0.29040528194655196,0
88434,2012-06-04,0.4576954865823996,0
88435,2012-06-04,0.42332617917588355,1
88436,2012-06-05,0.9905393940933208,0
88437,2012-06-05,0.6328055528253241,0
88438,2012-06-05,0.4695489418075703,0
88439,2012-06-05,0.3804347252075602,0
88440,2012-06-05,0.2688015092352756,0
88441,2012-06-05,0.3551910395191867,0
88442,2012-06-05,0.19947192893168192,1
88443,2012-06-05,0.21015065571865568,0
88444,2012-06-05,0.3687174871082336,0
88445,2012-06-05,0.2823501352278675,0
88446,2012-06-05,0.24830000365081423,0
88447,2012-06-05,0.5252514537431154,0
88448,2012-06-06,0.2552171093430404,0
88449,2012-06-06,0.35513424473060873,0
88450,2012-06-06,0.2137463391245504,1
88451,2012-06-06,0.26230962233349014,1
88452,2012-06-06,0.24281969035668016,0
88453,2012-06-06,0.3367620238472307,1
88454,2012-06-06,0.3853537151487967,0
88455,2012-06-06,0.321802641040796,0
88456,2012-06-06,0.269674462389895,0
88457,2012-06-06,0.2476840389678397,0
88458,2012-06-06,0.39631421767065117,0
88459,2012-06-06,0.2145906710255064,0
88460,2012-06-06,0.46133089417944023,1
88461,2012-06-06,0.5595494289791455,1
88462,2012-06-06,0.013380385961924205,0
88463,2012-06-06,0.2085597842191188,0
88464,2012-06-06,0.48700911282053394,1
88465,2012-06-06,0.25750568945840974,0
88466,2012-06-06,0.3362967518251346,0
88467,2012-06-06,0.3361240237421556,0
88468,2012-06-06,0.4158825991428565,1
88469,2012-06-06,0.14144337614424524,0
88470,2012-06-06,0.2564194825315033,1
88471,2012-06-06,0.2580253554235931,1
88472,2012-06-06,0.32655526701047344,1
88473,2012-06-06,0.47950214196524343,0
88474,2012-06-06,0.20431390528906096,1
88475,2012-06-06,0.4014410878628582,1
88476,2012-06-06,0.6813504475605339,1
88477,2012-06-06,0.3001932962620227,0
88478,2012-06-06,0.545620651373164,1
88479,2012-06-06,0.3561702324969475,0
88480,2012-06-06,0.272339865012335,1
88481,2012-06-06,0.33378843488604665,0
88482,2012-06-06,0.45715324805735935,1
88483,2012-06-06,0.24316639452770628,0
88484,2012-06-06,0.3771126553215158,0
88485,2012-06-06,0.21323829366823224,0
88486,2012-06-06,0.2630207623779879,0
88487,2012-06-06,0.37079203728143834,0
88488,2012-06-06,0.30435337610073515,0
88489,2012-06-06,0.25364083666778797,1
88490,2012-06-06,0.34851620885614704,0
88491,2012-06-06,0.3991037775938572,1
88492,2012-06-06,0.27597341090086874,1
88493,2012-06-06,0.22844606622290264,0
88494,2012-06-06,0.3350570526032162,0
88495,2012-06-06,0.41158725157302345,1
88496,2012-06-06,0.37122369076519945,1
88497,2012-06-06,0.20673436245003787,1
88498,2012-06-06,0.2913105338762087,0
88499,2012-06-06,0.34186117999225213,1
88500,2012-06-06,0.2785239440519419,0
88501,2012-06-06,0.2575321389669339,1
88502,2012-06-06,0.933026229382422,0
88503,2012-06-06,0.2502880351262778,0
88504,2012-06-06,0.4953719841098348,0
88505,2012-06-06,0.20187232587856468,0
88506,2012-06-06,0.9980453140828229,0
88507,2012-06-06,0.4318881514354716,0
88508,2012-06-06,0.49282253418221716,0
88509,2012-06-06,0.26232719630163404,0
88510,2012-06-06,0.25699279347204396,0
88511,2012-06-06,0.10396340017785641,1
88512,2012-06-06,0.2534291300695586,1
88513,2012-06-06,0.5270148036768928,1
88514,2012-06-06,0.2717880703552332,0
88515,2012-06-06,0.3084739775255754,0
88516,2012-06-06,0.484853486009597,1
88517,2012-06-06,0.41443374164421115,1
88518,2012-06-06,0.237725494352902,1
88519,2012-06-06,0.20858804474217388,1
88520,2012-06-06,0.3004920008167866,0
88521,2012-06-06,0.31781219377851594,1
88522,2012-06-06,0.34940156046182125,0
88523,2012-06-06,0.2880128183251169,1
88524,2012-06-06,0.3761496811949507,1
88525,2012-06-06,0.39929770174728896,1
88526,2012-06-06,0.4500686186300747,0
88527,2012-06-06,0.23115908024551896,1
88528,2012-06-06,0.3643015103755291,1
88529,2012-06-06,0.32061163770925394,0
88530,2012-06-06,0.2703435914442687,0
88531,2012-06-06,0.32527236898783046,1
88532,2012-06-06,0.2875568497683778,1
88533,2012-06-06,0.21845406913008591,0
88534,2012-06-06,0.1854314990526572,0
88535,2012-06-06,0.3572582659451121,0
88536,2012-06-06,0.3069852848517339,1
88537,2012-06-06,0.40259305581578997,1
88538,2012-06-06,0.25643702816696423,1
88539,2012-06-06,0.3827503840061186,0
88540,2012-06-06,0.3127786781683666,0
88541,2012-06-06,0.2056591849672735,0
88542,2012-06-06,0.29362445664899645,0
88543,2012-06-06,0.5121539766829777,0
88544,2012-06-06,0.2929807548551023,0
88545,2012-06-06,0.3134284664540297,1
88546,2012-06-06,0.37735494353052457,1
88547,2012-06-06,0.2501419786836873,0
88548,2012-06-07,0.2695876439484845,1
88549,2012-06-07,0.16062948705112443,0
88550,2012-06-07,0.22921385183380652,1
88551,2012-06-07,0.9623363295243014,1
88552,2012-06-07,0.2921619238319594,1
88553,2012-06-07,0.21351079940431952,1
88554,2012-06-07,0.3189534140530494,1
88555,2012-06-07,0.21369966360009388,0
88556,2012-06-07,0.39105965489390276,0
88557,2012-06-07,0.4246367164237041,0
88558,2012-06-07,0.2336695187653297,0
88559,2012-06-07,0.5143193289220611,1
88560,2012-06-07,0.2822687643122432,1
88561,2012-06-07,0.3756241717571041,0
88562,2012-06-07,0.3727391477366505,1
88563,2012-06-07,0.2598020423576748,1
88564,2012-06-07,0.29293915062987713,0
88565,2012-06-07,0.3538896152386919,1
88566,2012-06-07,0.28539424129236135,1
88567,2012-06-07,0.42422668753734144,1
88568,2012-06-07,0.36705288690821014,0
88569,2012-06-07,0.23045612828256276,0
88570,2012-06-07,0.3004018311569619,1
88571,2012-06-07,0.3136916075492619,0
88572,2012-06-07,0.3693555005632308,1
88573,2012-06-07,0.2351169329077523,0
88574,2012-06-07,0.3876097208842367,0
88575,2012-06-07,0.2588460635780995,0
88576,2012-06-07,0.30588830873436346,0
88577,2012-06-07,0.3233512053608735,0
88578,2012-06-07,0.23056188728421587,0
88579,2012-06-07,0.2018708439929544,0
88580,2012-06-07,0.3427371165805678,0
88581,2012-06-07,0.20173983263323758,0
88582,2012-06-07,0.37542139080263853,0
88583,2012-06-07,0.3265928853348841,0
88584,2012-06-07,0.21264470387884798,0
88585,2012-06-07,0.4188121300858955,1
88586,2012-06-07,0.2922246917153947,0
88587,2012-06-07,0.30595382081699785,0
88588,2012-06-07,0.37408847281969143,1
88589,2012-06-07,0.5298419634443968,0
88590,2012-06-07,0.4573673659676596,1
88591,2012-06-07,0.3494608423214165,0
88592,2012-06-07,0.24156509328582954,0
88593,2012-06-07,0.19078355693020058,1
88594,2012-06-07,0.3365082721630729,0
88595,2012-06-07,0.3957794051687015,1
88596,2012-06-07,0.4766100447702814,1
88597,2012-06-07,0.4149526801382827,1
88598,2012-06-07,0.28215984701000274,0
88599,2012-06-07,0.35176404948610834,0
88600,2012-06-07,0.23066571662114776,0
88601,2012-06-07,0.17790501092801267,0
88602,2012-06-07,0.2247964087550744,0
88603,2012-06-07,0.41566767926518994,0
88604,2012-06-07,0.30461896517411796,0
88605,2012-06-07,0.3779133393807747,0
88606,2012-06-07,0.300116869724803,1
88607,2012-06-07,0.2545289742188989,1
88608,2012-06-07,0.3082150181042965,0
88609,2012-06-07,0.31542774713529276,0
88610,2012-06-07,0.2908385521303364,1
88611,2012-06-07,0.23337029850310675,0
88612,2012-06-07,0.25315331103759775,0
88613,2012-06-07,0.3752181804545533,1
88614,2012-06-07,0.3369608664847653,1
88615,2012-06-07,0.32993882173111355,1
88616,2012-06-07,0.3799419567950672,0
88617,2012-06-07,0.16026075624347122,0
88618,2012-06-07,0.48627376585629994,0
88619,2012-06-07,0.38176043054187814,0
88620,2012-06-07,0.5360455832388165,0
88621,2012-06-07,0.4313084214457124,1
88622,2012-06-07,0.3709731445658313,0
88623,2012-06-07,0.3792194601603158,1
88624,2012-06-07,0.26002363284161295,1
88625,2012-06-07,0.38709806282942943,0
88626,2012-06-07,0.24506765581768578,1
88627,2012-06-07,0.2259746614141478,1
88628,2012-06-07,0.10387593179256278,0
88629,2012-06-07,0.31372772032630486,1
88630,2012-06-07,0.3537219988214715,0
88631,2012-06-07,0.28320381340120876,0
88632,2012-06-07,0.2948116748174031,0
88633,2012-06-07,0.2672539173911988,0
88634,2012-06-07,0.21987012118097723,0
88635,2012-06-07,0.3493784205546783,0
88636,2012-06-07,0.3709238249464586,1
88637,2012-06-07,0.5253241725497179,0
88638,2012-06-07,0.2785205559128931,0
88639,2012-06-07,0.3802777457317143,0
88640,2012-06-07,0.43713038653718994,1
88641,2012-06-07,0.13378148941687779,1
88642,2012-06-07,0.29010001006535135,0
88643,2012-06-07,0.4677807394772173,1
88644,2012-06-07,0.31129157107488803,1
88645,2012-06-07,0.2593139539999974,1
88646,2012-06-07,0.3495524052773923,0
88647,2012-06-07,0.27437877214554385,1
88648,2012-06-07,0.32638747062185985,0
88649,2012-06-07,0.3114235871174178,0
88650,2012-06-07,0.24525087623257388,1
88651,2012-06-07,0.25113788941064297,0
88652,2012-06-08,0.43937436353058984,0
88653,2012-06-08,0.31046081879694726,0
88654,2012-06-08,0.24340540164635874,1
88655,2012-06-08,0.3928405492655398,0
88656,2012-06-08,0.35777586747219015,0
88657,2012-06-08,0.36833410092666125,0
88658,2012-06-08,0.5265273194684856,1
88659,2012-06-08,0.3937936919108769,1
88660,2012-06-08,0.2818390934890976,0
88661,2012-06-08,0.3530150570235941,1
88662,2012-06-08,0.3051907473603887,0
88663,2012-06-08,0.24693927821392522,1
88664,2012-06-08,0.3015235081210994,0
88665,2012-06-08,0.29093468581602994,1
88666,2012-06-08,0.5118238308019918,1
88667,2012-06-08,0.2631281500317398,0
88668,2012-06-08,0.4421444136482437,0
88669,2012-06-08,0.4757873039093378,1
88670,2012-06-08,0.3833244073914983,1
88671,2012-06-08,0.2578509418980351,0
88672,2012-06-08,0.3319355905853106,0
88673,2012-06-08,0.34486444274452316,1
88674,2012-06-08,0.35669361738168043,0
88675,2012-06-08,0.25676966390735856,0
88676,2012-06-08,0.36682938313631486,0
88677,2012-06-08,0.41777886977068657,0
88678,2012-06-08,0.3727960128137505,0
88679,2012-06-08,0.319439391060649,0
88680,2012-06-08,0.20820384371824996,1
88681,2012-06-08,0.26883086346753987,0
88682,2012-06-08,0.3390079447730581,0
88683,2012-06-08,0.28150597254023696,1
88684,2012-06-08,0.5694367867020261,0
88685,2012-06-08,0.26827035568416446,0
88686,2012-06-08,0.4102264042710886,1
88687,2012-06-08,0.23552873001806224,0
88688,2012-06-08,0.22674941968391762,0
88689,2012-06-08,0.9349065361170965,1
88690,2012-06-08,0.3106149454571042,0
88691,2012-06-08,0.19229125637741734,0
88692,2012-06-08,0.49922030880431567,1
88693,2012-06-08,0.3219476976560622,0
88694,2012-06-08,0.27712267732072143,0
88695,2012-06-08,0.1641307471045502,1
88696,2012-06-08,0.3812017892027834,1
88697,2012-06-08,0.24548466349892414,0
88698,2012-06-08,0.2926047573649758,0
88699,2012-06-08,0.30710937066370503,0
88700,2012-06-08,0.3208425401113294,0
88701,2012-06-08,0.33538095417387204,0
88702,2012-06-08,0.21018792385659263,0
88703,2012-06-08,0.3860335796860989,1
88704,2012-06-08,0.38786295663777365,0
88705,2012-06-08,0.3195651672700673,1
88706,2012-06-08,0.46216551546152634,1
88707,2012-06-08,0.3051066769677764,0
88708,2012-06-08,0.3083455796242987,0
88709,2012-06-08,0.18329132340478452,1
88710,2012-06-08,0.3214977113862759,0
88711,2012-06-08,0.35594367262642346,1
88712,2012-06-08,0.24220424952615535,1
88713,2012-06-08,0.35764699379548026,0
88714,2012-06-08,0.3001654966513251,0
88715,2012-06-08,0.4220446540326461,1
88716,2012-06-08,0.36933346825763697,1
88717,2012-06-08,0.4096112392781085,1
88718,2012-06-08,0.9677947501393591,0
88719,2012-06-08,0.1905911793927084,1
88720,2012-06-08,0.397243139198226,1
88721,2012-06-08,0.11732944768103556,0
88722,2012-06-08,0.30515954757523,0
88723,2012-06-08,0.22394165632153,0
88724,2012-06-08,0.3714515323223467,0
88725,2012-06-08,0.40805145255491854,0
88726,2012-06-08,0.2639852801807422,0
88727,2012-06-08,0.2554591050574699,1
88728,2012-06-08,0.3549572681467934,0
88729,2012-06-08,0.3625883801611707,0
88730,2012-06-08,0.36815924125963184,1
88731,2012-06-08,0.3093253267967546,0
88732,2012-06-08,0.24828985828500963,1
88733,2012-06-08,0.22392466455270074,0
88734,2012-06-08,0.2929951618822747,0
88735,2012-06-08,0.5162928823472227,1
88736,2012-06-08,0.28225435801052445,0
88737,2012-06-08,0.3141668881077707,0
88738,2012-06-08,0.32641397598138167,0
88739,2012-06-08,0.2205516277379685,0
88740,2012-06-08,0.34840036264754043,0
88741,2012-06-08,0.21285384909760335,1
88742,2012-06-08,0.34512265098954387,1
88743,2012-06-08,0.3699199665466404,0
88744,2012-06-08,0.3382248804422252,1
88745,2012-06-08,0.3140518439003154,1
88746,2012-06-08,0.3843466564562544,1
88747,2012-06-08,0.39829290724015504,1
88748,2012-06-08,0.29194039195477095,1
88749,2012-06-08,0.257078699547729,0
88750,2012-06-08,0.23265241146609503,0
88751,2012-06-08,0.42096706430748715,0
88752,2012-06-08,0.22268668821903603,0
88753,2012-06-08,0.4144051719703659,1
88754,2012-06-08,0.3122998131596664,0
88755,2012-06-08,0.28937372678740636,0
88756,2012-06-08,0.5124016300524001,0
88757,2012-06-08,0.2817913000153139,0
88758,2012-06-08,0.3244621613809665,1
88759,2012-06-08,0.5648119231070349,1
88760,2012-06-08,0.23764699706277015,0
88761,2012-06-08,0.38379556783986757,1
88762,2012-06-08,0.2655075893583217,1
88763,2012-06-08,0.31894175123274465,0
88764,2012-06-08,0.4931821951414124,0
88765,2012-06-08,0.41822275946591025,0
88766,2012-06-08,0.3581324018414398,1
88767,2012-06-08,0.3041340610820818,0
88768,2012-06-08,0.3140644543255451,1
88769,2012-06-08,0.3768864923153024,0
88770,2012-06-08,0.3536293738476094,0
88771,2012-06-08,0.29688981380869034,0
88772,2012-06-08,0.2503924072722851,0
88773,2012-06-08,0.259490467195886,0
88774,2012-06-08,0.26034268376062836,0
88775,2012-06-08,0.2826102397845989,0
88776,2012-06-08,0.3593636180712398,1
88777,2012-06-08,0.25531845218005156,0
88778,2012-06-08,0.33784168805488973,0
88779,2012-06-08,0.3544695536046211,0
88780,2012-06-08,0.4142162670103581,0
88781,2012-06-08,0.30435138988591814,0
88782,2012-06-08,0.2607541482103716,0
88783,2012-06-08,0.35943413727589313,1
88784,2012-06-08,0.4544605142815037,0
88785,2012-06-09,0.2813210715125602,0
88786,2012-06-09,0.3016502468950683,1
88787,2012-06-09,0.2938420214661045,0
88788,2012-06-09,0.5214254343128001,0
88789,2012-06-09,0.4750789652998686,0
88790,2012-06-10,0.4999309106056584,0
88791,2012-06-10,0.3616093485804816,0
88792,2012-06-10,0.2437202798801514,1
88793,2012-06-10,0.29755829368494424,0
88794,2012-06-10,0.2805953527317559,0
88795,2012-06-10,0.4043823871742655,0
88796,2012-06-10,0.3124297525071726,1
88797,2012-06-10,0.2996851919378572,0
88798,2012-06-10,0.2885160781045718,0
88799,2012-06-10,0.29890118198793897,0
88800,2012-06-10,0.3803918050500655,0
88801,2012-06-10,0.4054920571357868,1
88802,2012-06-10,0.3565119262952318,1
88803,2012-06-10,0.31201137818264446,0
88804,2012-06-10,0.2942134026392741,0
88805,2012-06-10,0.3143989120354977,1
88806,2012-06-10,0.28259922125190357,0
88807,2012-06-10,0.19112165344160822,0
88808,2012-06-10,0.4420854239128606,1
88809,2012-06-10,0.31848386630851266,0
88810,2012-06-10,0.2813440667774703,0
88811,2012-06-10,0.34065833111148847,1
88812,2012-06-10,0.3373628102372475,0
88813,2012-06-10,0.3007948864042367,1
88814,2012-06-10,0.18227523264423118,0
88815,2012-06-10,0.23284221362826413,0
88816,2012-06-10,0.3803281386494173,0
88817,2012-06-10,0.4166213903913074,0
88818,2012-06-10,0.22481430709466305,0
88819,2012-06-10,0.3851176746756046,1
88820,2012-06-10,0.3456472916298336,0
88821,2012-06-10,0.18078150869893558,0
88822,2012-06-10,0.40612686292547423,1
88823,2012-06-10,0.5016112156703739,0
88824,2012-06-10,0.18064518546611058,1
88825,2012-06-10,0.25951895366918043,0
88826,2012-06-10,0.3878977455638932,0
88827,2012-06-10,0.4835863757172666,0
88828,2012-06-10,0.30284078242168705,0
88829,2012-06-10,0.40307100318169875,1
88830,2012-06-10,0.4338757448535953,0
88831,2012-06-10,0.3058321600234688,0
88832,2012-06-10,0.3881813158521702,0
88833,2012-06-10,0.27303162692676614,0
88834,2012-06-10,0.25581215347663283,1
88835,2012-06-10,0.24498723193953484,0
88836,2012-06-10,0.2586001856057352,0
88837,2012-06-10,0.37963167967916833,0
88838,2012-06-10,0.3158414442224074,1
88839,2012-06-10,0.29636311894678935,0
88840,2012-06-10,0.3718545105361477,0
88841,2012-06-10,0.24249360559647443,1
88842,2012-06-10,0.2184189805115796,1
88843,2012-06-10,0.1998636977148403,0
88844,2012-06-10,0.42770131737438843,1
88845,2012-06-10,0.525280413230215,0
88846,2012-06-10,0.3046862315225816,1
88847,2012-06-10,0.36854134935827026,1
88848,2012-06-10,0.31739514279115716,1
88849,2012-06-10,0.302613710870781,1
88850,2012-06-10,0.301424428074067,0
88851,2012-06-10,0.2866835148799451,0
88852,2012-06-10,0.27716115140384184,0
88853,2012-06-10,0.2133826528283166,0
88854,2012-06-10,0.2940732484115755,0
88855,2012-06-10,0.3919051721620957,1
88856,2012-06-10,0.09329589935150838,0
88857,2012-06-10,0.3411016432427644,0
88858,2012-06-10,0.37144182359743205,0
88859,2012-06-10,0.30457468648644165,1
88860,2012-06-10,0.2590753228362098,0
88861,2012-06-10,0.21360771288922453,1
88862,2012-06-10,0.2602208867682501,1
88863,2012-06-10,0.3350969876613962,0
88864,2012-06-10,0.33603963614953747,1
88865,2012-06-10,0.44889523441082974,1
88866,2012-06-10,0.25478049151235455,1
88867,2012-06-10,0.3393192729057355,0
88868,2012-06-10,0.3785135087029159,1
88869,2012-06-10,0.2706434219886977,1
88870,2012-06-10,0.3413470397993907,1
88871,2012-06-10,0.1673706251188791,1
88872,2012-06-10,0.3767108694399371,0
88873,2012-06-10,0.3064465798726327,0
88874,2012-06-10,0.1859269756398768,1
88875,2012-06-10,0.27170333718923295,1
88876,2012-06-10,0.3239528851829382,1
88877,2012-06-10,0.38677634857732146,0
88878,2012-06-10,0.19248891824224276,0
88879,2012-06-10,0.41777381951249626,1
88880,2012-06-10,0.32151488585528387,0
88881,2012-06-10,0.27811973107000026,0
88882,2012-06-10,0.21014863858088853,0
88883,2012-06-10,0.18826050791887547,1
88884,2012-06-10,0.2851253810443113,0
88885,2012-06-10,0.3971813375719424,0
88886,2012-06-10,0.160527966060128,0
88887,2012-06-10,0.3749310557245753,1
88888,2012-06-10,0.2313126047812658,1
88889,2012-06-10,0.28384075913781553,1
88890,2012-06-10,0.2949272622242777,0
88891,2012-06-10,0.3107163860767868,0
88892,2012-06-10,0.20777200319624373,1
88893,2012-06-10,0.37688411064001004,0
88894,2012-06-10,0.5394148676255452,1
88895,2012-06-10,0.47586536966463233,0
88896,2012-06-10,0.27542369891819496,1
88897,2012-06-10,0.2603478942179481,0
88898,2012-06-10,0.2784177551673989,1
88899,2012-06-10,0.2711013776572276,0
88900,2012-06-10,0.2372053864081733,0
88901,2012-06-10,0.3060463416859789,0
88902,2012-06-10,0.12673018783837814,0
88903,2012-06-10,0.163037979260715,0
88904,2012-06-10,0.35695858414760734,1
88905,2012-06-10,0.30127950136009857,0
88906,2012-06-10,0.189596943579186,0
88907,2012-06-10,0.32799989119391515,1
88908,2012-06-10,0.35511917377107993,1
88909,2012-06-10,0.32524277589964956,0
88910,2012-06-10,0.1971741869557563,0
88911,2012-06-10,0.2782249657767064,0
88912,2012-06-10,0.5280843756718959,1
88913,2012-06-10,0.3869472608827853,0
88914,2012-06-10,0.263940006725202,0
88915,2012-06-10,0.2626931575656866,0
88916,2012-06-10,0.3284691709486939,0
88917,2012-06-10,0.41665259777706987,1
88918,2012-06-10,0.361851063362291,1
88919,2012-06-10,0.24783176973149587,0
88920,2012-06-10,0.3713060090044629,0
88921,2012-06-10,0.2398915468502934,1
88922,2012-06-10,0.4846726310384131,1
88923,2012-06-10,0.6003756412352561,1
88924,2012-06-10,0.4572853216660512,1
88925,2012-06-10,0.29855969483196,0
88926,2012-06-10,0.2868118697824653,0
88927,2012-06-10,0.42343846990233397,0
88928,2012-06-10,0.3689852074196005,0
88929,2012-06-10,0.19190285596258083,1
88930,2012-06-10,0.1911887696772459,0
88931,2012-06-10,0.36210339630177985,0
88932,2012-06-10,0.6078290593107338,1
88933,2012-06-10,0.41752081329090746,1
88934,2012-06-10,0.2525798050650493,0
88935,2012-06-10,0.23620468925116525,1
88936,2012-06-10,0.1867202992901204,0
88937,2012-06-10,0.29138366772415747,0
88938,2012-06-10,0.2782968423114199,1
88939,2012-06-10,0.3187841707379389,0
88940,2012-06-10,0.4197892691654268,1
88941,2012-06-10,0.3147041172703159,0
88942,2012-06-10,0.2784515325742455,0
88943,2012-06-10,0.48764149697698317,1
88944,2012-06-10,0.32780261063961164,1
88945,2012-06-10,0.3100191504420009,1
88946,2012-06-10,0.3666100839905306,0
88947,2012-06-10,0.13730087455658677,0
88948,2012-06-10,0.2810337803122862,1
88949,2012-06-10,0.5285693223844643,1
88950,2012-06-10,0.40977769345370607,1
88951,2012-06-10,0.35637447539030775,0
88952,2012-06-10,0.3414461931228233,1
88953,2012-06-10,0.23721596669546258,1
88954,2012-06-10,0.47586356789137657,1
88955,2012-06-10,0.47176851747056026,0
88956,2012-06-10,0.4787466872245691,1
88957,2012-06-10,0.30473095612036316,0
88958,2012-06-10,0.2570354729466826,0
88959,2012-06-10,0.3860187654455324,1
88960,2012-06-10,0.4032952598086204,1
88961,2012-06-10,0.3452926954969026,1
88962,2012-06-10,0.3913297137654818,1
88963,2012-06-10,0.4174519793541074,0
88964,2012-06-10,0.2809607730498362,0
88965,2012-06-10,0.32540509362653053,1
88966,2012-06-10,0.23151644258119972,0
88967,2012-06-10,0.34722757279126293,1
88968,2012-06-10,0.214060669231172,0
88969,2012-06-10,0.4509191188726747,0
88970,2012-06-10,0.2779030536978672,1
88971,2012-06-10,0.45194626020062867,0
88972,2012-06-10,0.27768249421785435,1
88973,2012-06-10,0.35680022644707665,0
88974,2012-06-10,0.2838756466301886,0
88975,2012-06-10,0.2881459388886215,1
88976,2012-06-10,0.2959499619775847,0
88977,2012-06-10,0.3805767546764915,0
88978,2012-06-10,0.31045237671725634,1
88979,2012-06-10,0.2186417345590637,0
88980,2012-06-10,0.3333728953743457,0
88981,2012-06-10,0.3060521718802763,0
88982,2012-06-10,0.32383723794808933,0
88983,2012-06-10,0.38108983849554146,1
88984,2012-06-10,0.3231222454615207,1
88985,2012-06-10,0.24461781709924502,0
88986,2012-06-10,0.26308812436955603,0
88987,2012-06-10,0.364285038648406,1
88988,2012-06-10,0.3882051440138923,1
88989,2012-06-11,0.3770206230295474,0
88990,2012-06-11,0.4294684347428885,0
88991,2012-06-11,0.4422005935752776,0
88992,2012-06-11,0.26188591546033824,0
88993,2012-06-11,0.40444101024412443,0
88994,2012-06-11,0.5547155820118164,1
88995,2012-06-11,0.4005123514180557,1
88996,2012-06-11,0.2328333609574995,1
88997,2012-06-11,0.43986792961980004,1
88998,2012-06-11,0.2602484645543225,0
88999,2012-06-11,0.23884219432380813,0
89000,2012-06-11,0.21948411229927978,0
89001,2012-06-11,0.20656354122635087,0
89002,2012-06-11,0.4867923561007498,0
89003,2012-06-11,0.26529152570600817,0
89004,2012-06-11,0.37874764983068976,0
89005,2012-06-11,0.311224101532349,1
89006,2012-06-11,0.1890520651919932,0
89007,2012-06-11,0.34220915225481535,1
89008,2012-06-11,0.3134061179689272,0
89009,2012-06-11,0.3355271592340288,0
89010,2012-06-11,0.2947860058205408,1
89011,2012-06-11,0.2663729672850909,0
89012,2012-06-11,0.4357184682693794,1
89013,2012-06-11,0.3704189513644292,1
89014,2012-06-11,0.2577671943164113,0
89015,2012-06-11,0.39418037192665745,1
89016,2012-06-11,0.6023734302232534,0
89017,2012-06-11,0.34271768103302125,0
89018,2012-06-11,0.36689238667023366,0
89019,2012-06-11,0.443346698584276,0
89020,2012-06-11,0.30929254558478786,0
89021,2012-06-11,0.33271120224292067,0
89022,2012-06-11,0.36630653961157783,0
89023,2012-06-11,0.3852534770278546,0
89024,2012-06-11,0.3632061260880588,0
89025,2012-06-11,0.2833044392221729,0
89026,2012-06-11,0.2687731367963347,0
89027,2012-06-11,0.5267812909978861,0
89028,2012-06-11,0.4862307095006267,0
89029,2012-06-11,0.3456598692714377,0
89030,2012-06-11,0.3777039227377329,1
89031,2012-06-11,0.32653045381428475,0
89032,2012-06-11,0.4198648428702677,0
89033,2012-06-11,0.3762055351881935,0
89034,2012-06-11,0.3391902444928288,1
89035,2012-06-11,0.23577205343395136,1
89036,2012-06-11,0.24261663715832177,0
89037,2012-06-11,0.22036206407103193,1
89038,2012-06-11,0.2897754662277184,1
89039,2012-06-11,0.3443067668719335,0
89040,2012-06-11,0.35827813002289527,1
89041,2012-06-11,0.3174091978212422,0
89042,2012-06-11,0.2501997915315766,1
89043,2012-06-11,0.38762734850429986,0
89044,2012-06-11,0.17147393222162619,1
89045,2012-06-11,0.254765042216798,0
89046,2012-06-11,0.4385520535455084,0
89047,2012-06-11,0.377632425284678,1
89048,2012-06-11,0.2666007354913252,1
89049,2012-06-11,0.43963016908406116,1
89050,2012-06-11,0.7027483369687779,1
89051,2012-06-11,0.3807839307601437,1
89052,2012-06-11,0.2301090739082486,1
89053,2012-06-11,0.24408741358304187,0
89054,2012-06-11,0.2909611528919768,0
89055,2012-06-11,0.3017275439999101,1
89056,2012-06-11,0.4328703227862882,1
89057,2012-06-11,0.3089091714652192,1
89058,2012-06-11,0.41750441747434386,1
89059,2012-06-11,0.29486704507934264,1
89060,2012-06-11,0.30667715951061886,0
89061,2012-06-11,0.37867586036132983,1
89062,2012-06-11,0.33121434611798223,1
89063,2012-06-11,0.5154231800786386,1
89064,2012-06-11,0.22253362611922645,1
89065,2012-06-11,0.25566924901019206,0
89066,2012-06-11,0.49608659683256084,0
89067,2012-06-11,0.23273488682659185,1
89068,2012-06-11,0.3310121042258226,1
89069,2012-06-11,0.3034043184319797,0
89070,2012-06-11,0.45946782375602246,1
89071,2012-06-11,0.2710084627364111,0
89072,2012-06-11,0.3766940766731567,1
89073,2012-06-11,0.3372997497854463,0
89074,2012-06-11,0.2407485389437143,1
89075,2012-06-11,0.30398504877532967,0
89076,2012-06-11,0.3724657679731322,1
89077,2012-06-11,0.5415266627070426,0
89078,2012-06-11,0.3333696249726313,1
89079,2012-06-11,0.26768889316933925,1
89080,2012-06-11,0.2816302421139636,1
89081,2012-06-11,0.34758949756355645,1
89082,2012-06-11,0.23956594635986767,0
89083,2012-06-11,0.3309841864805928,0
89084,2012-06-11,0.4779934440835541,1
89085,2012-06-11,0.4144357041201058,1
89086,2012-06-11,0.304799878131665,0
89087,2012-06-11,0.3761808508240745,1
89088,2012-06-11,0.2205658141789087,0
89089,2012-06-11,0.3202853677698992,0
89090,2012-06-11,0.17201794876089163,0
89091,2012-06-11,0.27550539749571956,0
89092,2012-06-11,0.29207627805728653,1
89093,2012-06-11,0.24578231020486718,1
89094,2012-06-11,0.4876940651507836,0
89095,2012-06-11,0.2882121483867646,1
89096,2012-06-11,0.28875278562198253,1
89097,2012-06-11,0.2245493534788114,0
89098,2012-06-11,0.22945574592294424,0
89099,2012-06-11,0.2590280721423588,0
89100,2012-06-11,0.4962899525760792,1
89101,2012-06-11,0.33225118496137274,0
89102,2012-06-11,0.3044463361149426,1
89103,2012-06-11,0.41390410886264845,0
89104,2012-06-11,0.3528808585681504,0
89105,2012-06-11,0.30038376333439354,1
89106,2012-06-11,0.23096337267150713,1
89107,2012-06-11,0.4098609774840666,1
89108,2012-06-11,0.3463538229199198,1
89109,2012-06-11,0.3730338952923289,0
89110,2012-06-11,0.2481990109657885,0
89111,2012-06-11,0.479092267298167,0
89112,2012-06-11,0.2416163991882739,0
89113,2012-06-11,0.34059166113774925,1
89114,2012-06-11,0.40200434355005554,0
89115,2012-06-11,0.3837639679504254,1
89116,2012-06-11,0.39521961496458796,1
89117,2012-06-11,0.194388858773683,0
89118,2012-06-11,0.32316007113763734,1
89119,2012-06-11,0.3824628837455312,0
89120,2012-06-11,0.37700398218984094,0
89121,2012-06-11,0.40965580528595963,1
89122,2012-06-11,0.3280274271654676,0
89123,2012-06-11,0.3835522099905665,0
89124,2012-06-11,0.6578075875527197,0
89125,2012-06-11,0.33012581817638953,1
89126,2012-06-11,0.3587279784082684,0
89127,2012-06-11,0.2750166731535794,0
89128,2012-06-11,0.30558317139130803,0
89129,2012-06-11,0.4165049185164419,1
89130,2012-06-11,0.3396236319925498,0
89131,2012-06-11,0.3954334810811049,0
89132,2012-06-11,0.3335546530691559,1
89133,2012-06-11,0.19027796301993932,0
89134,2012-06-11,0.3118098147909548,0
89135,2012-06-11,0.250003031441561,0
89136,2012-06-11,0.30038427097292064,1
89137,2012-06-11,0.5161395702133209,0
89138,2012-06-11,0.36420046173080084,0
89139,2012-06-11,0.22391006642363467,0
89140,2012-06-11,0.49096316247994426,1
89141,2012-06-11,0.3599128765424996,0
89142,2012-06-11,0.23239045302529662,1
89143,2012-06-11,0.33392131823720017,0
89144,2012-06-11,0.13914735650463186,0
89145,2012-06-11,0.36292337360159505,1
89146,2012-06-11,0.2500668658838739,1
89147,2012-06-11,0.3780778271389127,1
89148,2012-06-11,0.40541704858777955,1
89149,2012-06-11,0.4571547882517103,1
89150,2012-06-11,0.3640417834037931,1
89151,2012-06-11,0.4363033530216866,1
89152,2012-06-11,0.21368978608969633,0
89153,2012-06-11,0.3061332987868648,0
89154,2012-06-12,0.3703509656025341,1
89155,2012-06-12,0.3746417309361548,1
89156,2012-06-12,0.3849807314615602,0
89157,2012-06-12,0.358315999138648,1
89158,2012-06-12,0.23795197893890627,0
89159,2012-06-12,0.0125667210477156,0
89160,2012-06-12,0.19128298858428633,1
89161,2012-06-12,0.3353184996253936,0
89162,2012-06-12,0.3071020456088283,0
89163,2012-06-12,0.4764276080159121,0
89164,2012-06-12,0.2927660248293968,0
89165,2012-06-12,0.3364839470287028,0
89166,2012-06-12,0.4204488932053982,1
89167,2012-06-12,0.2705583993486317,1
89168,2012-06-12,0.4014249252137128,0
89169,2012-06-12,0.3414107042044866,0
89170,2012-06-12,0.34958698822845713,1
89171,2012-06-12,0.3604409282795302,0
89172,2012-06-12,0.41495192128536973,1
89173,2012-06-12,0.3356071703199309,1
89174,2012-06-12,0.33337611081588964,0
89175,2012-06-12,0.42271195543344114,0
89176,2012-06-12,0.25032709042487533,1
89177,2012-06-12,0.30188803679041687,0
89178,2012-06-12,0.31620215367348486,1
89179,2012-06-12,0.3235360814110183,0
89180,2012-06-12,0.2997316264081247,0
89181,2012-06-12,0.34380874326463945,0
89182,2012-06-12,0.1881124589351125,1
89183,2012-06-12,0.24579213478300066,1
89184,2012-06-12,0.4164471617332148,0
89185,2012-06-12,0.34888459371903574,1
89186,2012-06-12,0.3136590940954883,0
89187,2012-06-12,0.4705406346436418,1
89188,2012-06-12,0.41187300645394764,1
89189,2012-06-12,0.40147780116278625,1
89190,2012-06-12,0.3423727549780465,1
89191,2012-06-12,0.2154062479591303,0
89192,2012-06-12,0.46270732953375754,1
89193,2012-06-12,0.24997140449374747,0
89194,2012-06-12,0.3048906932935345,1
89195,2012-06-12,0.23996319589104279,1
89196,2012-06-12,0.2513837252523783,0
89197,2012-06-12,0.44576404883501247,0
89198,2012-06-12,0.33465281045760653,0
89199,2012-06-12,0.26781285833965335,0
89200,2012-06-12,0.3507612273729071,0
89201,2012-06-12,0.33706342655915555,1
89202,2012-06-12,0.38554424327654535,1
89203,2012-06-12,0.2292140944123864,0
89204,2012-06-12,0.3153948136379041,1
89205,2012-06-12,0.3531548184777908,0
89206,2012-06-12,0.4400614900716739,0
89207,2012-06-12,0.3103764208789512,0
89208,2012-06-12,0.2775268691087077,0
89209,2012-06-12,0.450601707490134,1
89210,2012-06-12,0.24599700491347995,0
89211,2012-06-12,0.32366920559894646,1
89212,2012-06-12,0.4048661197949875,0
89213,2012-06-12,0.34029774675200464,0
89214,2012-06-12,0.1976306737355028,1
89215,2012-06-12,0.2661945195235499,1
89216,2012-06-12,0.30048942188376176,0
89217,2012-06-12,0.34248258641271806,0
89218,2012-06-12,0.15199968116277343,1
89219,2012-06-12,0.336100034146247,0
89220,2012-06-12,0.23588982721126767,0
89221,2012-06-12,0.40604386813018495,1
89222,2012-06-12,0.15783705164700232,0
89223,2012-06-12,0.24553091391808698,0
89224,2012-06-12,0.3350688713274776,1
89225,2012-06-12,0.3058156019555526,1
89226,2012-06-12,0.18361664589427215,0
89227,2012-06-12,0.290921777016671,0
89228,2012-06-12,0.26508198306733544,0
89229,2012-06-12,0.28879685891604134,1
89230,2012-06-12,0.18170138255580806,0
89231,2012-06-12,0.2953935013665101,0
89232,2012-06-12,0.37619952004321516,0
89233,2012-06-12,0.3005537288731069,1
89234,2012-06-12,0.33434085639055583,0
89235,2012-06-12,0.4853652944792459,0
89236,2012-06-12,0.3377378861607569,1
89237,2012-06-12,0.1775380626177223,0
89238,2012-06-12,0.4419962652608655,0
89239,2012-06-12,0.38482635047055985,1
89240,2012-06-12,0.3030057426066852,0
89241,2012-06-12,0.343272407435848,1
89242,2012-06-12,0.3542415718538055,1
89243,2012-06-12,0.406571365044127,0
89244,2012-06-12,0.2604411322551462,0
89245,2012-06-12,0.4154681813706454,0
89246,2012-06-12,0.293245405532052,1
89247,2012-06-12,0.30244502093006037,0
89248,2012-06-12,0.2706490281756831,1
89249,2012-06-12,0.35273228843525584,0
89250,2012-06-12,0.3802655846966376,0
89251,2012-06-12,0.8360867019487174,0
89252,2012-06-12,0.4454394737379332,1
89253,2012-06-12,0.3178671132259177,0
89254,2012-06-12,0.20101859334221445,1
89255,2012-06-12,0.25110469740696195,0
89256,2012-06-12,0.34803261719332723,1
89257,2012-06-12,0.30679191043745346,0
89258,2012-06-12,0.30491298803214606,0
89259,2012-06-12,0.2498573831258468,0
89260,2012-06-12,0.47874272323494316,1
89261,2012-06-12,0.27835758637687985,0
89262,2012-06-12,0.2945307463497307,0
89263,2012-06-12,0.24731126778421966,1
89264,2012-06-12,0.2592644239366608,0
89265,2012-06-12,0.198630686861536,1
89266,2012-06-12,0.2920692515008733,0
89267,2012-06-12,0.39435870874483187,1
89268,2012-06-12,0.30919094805235237,1
89269,2012-06-12,0.2137945258025945,1
89270,2012-06-12,0.23897627569323793,0
89271,2012-06-12,0.3870082673179277,1
89272,2012-06-12,0.309285807539295,1
89273,2012-06-12,0.29731127900392673,0
89274,2012-06-12,0.4274541792519468,0
89275,2012-06-12,0.3484199786028309,1
89276,2012-06-12,0.33342394560106386,0
89277,2012-06-12,0.45219391088092153,1
89278,2012-06-12,0.5177478268907973,0
89279,2012-06-12,0.3342479004199488,0
89280,2012-06-12,0.2879336237546064,0
89281,2012-06-12,0.2830008176946875,0
89282,2012-06-12,0.3085566545030466,0
89283,2012-06-12,0.18044331054410634,0
89284,2012-06-12,0.30844453489901197,0
89285,2012-06-12,0.2988225430376429,0
89286,2012-06-12,0.24674024735115194,0
89287,2012-06-12,0.31201673832268706,0
89288,2012-06-12,0.3085036102115877,1
89289,2012-06-12,0.3334973877819816,0
89290,2012-06-12,0.33625197294126746,0
89291,2012-06-12,0.40939807029597036,0
89292,2012-06-12,0.3583434776761923,1
89293,2012-06-12,0.19596024966957754,1
89294,2012-06-12,0.32575095440067414,0
89295,2012-06-12,0.30573669901256983,1
89296,2012-06-12,0.3415846761714087,0
89297,2012-06-12,0.4708757780800394,1
89298,2012-06-12,0.25721068914122786,1
89299,2012-06-12,0.24420526165816805,0
89300,2012-06-12,0.3859474158217856,1
89301,2012-06-12,0.199110572594273,0
89302,2012-06-12,0.3008857146056499,1
89303,2012-06-12,0.31893077245024964,0
89304,2012-06-12,0.40582723243486507,1
89305,2012-06-12,0.2522658785115402,0
89306,2012-06-12,0.2672928900135641,0
89307,2012-06-12,0.31085918707679744,0
89308,2012-06-12,0.2262330754968605,0
89309,2012-06-12,0.35291759551497975,1
89310,2012-06-12,0.3261776094278538,0
89311,2012-06-12,0.5097671026175047,1
89312,2012-06-12,0.34118558066845533,0
89313,2012-06-12,0.291331192050805,0
89314,2012-06-12,0.2501126802027202,0
89315,2012-06-12,0.31928662384109296,1
89316,2012-06-12,0.4068951379669046,1
89317,2012-06-12,0.41237751023093,1
89318,2012-06-12,0.2865582332561779,1
89319,2012-06-12,0.4135176476621727,1
89320,2012-06-12,0.3003426876937999,1
89321,2012-06-12,0.4094999577429739,0
89322,2012-06-12,0.5137604211293698,0
89323,2012-06-12,0.19428509286639029,0
89324,2012-06-12,0.3254289165855795,0
89325,2012-06-12,0.5069816434886761,1
89326,2012-06-12,0.20616368471968602,0
89327,2012-06-12,0.1967508303777227,0
89328,2012-06-12,0.3262949999713145,0
89329,2012-06-12,0.3309349568605181,0
89330,2012-06-12,0.3808228439510849,1
89331,2012-06-12,0.17947890658794605,0
89332,2012-06-12,0.2870319420763216,0
89333,2012-06-12,0.2932149738603541,0
89334,2012-06-12,0.2831868699901751,0
89335,2012-06-12,0.3853087877514862,1
89336,2012-06-12,0.6154287593316552,0
89337,2012-06-12,0.37335680515213227,1
89338,2012-06-12,0.2557419618396313,0
89339,2012-06-12,0.39614234028692935,1
89340,2012-06-12,0.3792386733000229,0
89341,2012-06-12,0.3135409599628075,0
89342,2012-06-12,0.5660409095910944,1
89343,2012-06-12,0.4276996641269765,0
89344,2012-06-12,0.25944598062654833,0
89345,2012-06-12,0.36999709457099034,1
89346,2012-06-12,0.46033822040619926,1
89347,2012-06-12,0.45948388822061564,0
89348,2012-06-12,0.333354054373683,1
89349,2012-06-12,0.31226106673920656,0
89350,2012-06-12,0.21763268254962426,1
89351,2012-06-12,0.23171735363855472,0
89352,2012-06-12,0.3323991323700822,1
89353,2012-06-12,0.27368745737577943,0
89354,2012-06-12,0.31704198819338797,0
89355,2012-06-12,0.39131846005464677,0
89356,2012-06-12,0.3448742055310398,0
89357,2012-06-12,0.2288982674167592,0
89358,2012-06-12,0.415313794397649,1
89359,2012-06-12,0.29192074155251424,0
89360,2012-06-12,0.22594637186671304,1
89361,2012-06-12,0.25947373100192345,0
89362,2012-06-12,0.3299288086344904,0
89363,2012-06-12,0.41440513044603966,1
89364,2012-06-12,0.35793611756477534,1
89365,2012-06-12,0.3140812458542434,1
89366,2012-06-12,0.25535970978053707,1
89367,2012-06-12,0.3227332574558377,1
89368,2012-06-12,0.229045016232706,1
89369,2012-06-12,0.16508283826404413,0
89370,2012-06-12,0.3037770443793394,0
89371,2012-06-12,0.3137858957592842,0
89372,2012-06-12,0.3324523077572452,0
89373,2012-06-12,0.20481642133070205,1
89374,2012-06-12,0.1828312682542151,0
89375,2012-06-12,0.34684453696560896,0
89376,2012-06-12,0.38334319296630187,1
89377,2012-06-12,0.3478641909895092,0
89378,2012-06-12,0.35986286830581604,1
89379,2012-06-12,0.3645214754856143,1
89380,2012-06-12,0.26477008488688986,0
89381,2012-06-12,0.2400375919755489,1
89382,2012-06-12,0.4864133275725792,0
89383,2012-06-12,0.32122857091945395,1
89384,2012-06-12,0.3593263814012838,0
89385,2012-06-12,0.3502829792444957,1
89386,2012-06-12,0.35657117239880576,0
89387,2012-06-12,0.5202463571287872,0
89388,2012-06-12,0.1743423700229312,0
89389,2012-06-12,0.08150956830868733,0
89390,2012-06-12,0.39884577944804034,0
89391,2012-06-12,0.2475729154867597,0
89392,2012-06-12,0.315802056428103,1
89393,2012-06-12,0.39218749586104334,1
89394,2012-06-12,0.3572217373443303,0
89395,2012-06-12,0.16468651428226472,0
89396,2012-06-12,0.40812615334316166,0
89397,2012-06-12,0.3098717271385514,1
89398,2012-06-12,0.18377994373807005,1
89399,2012-06-12,0.36903485136058595,1
89400,2012-06-12,0.23388995128979667,1
89401,2012-06-12,0.9126933932120166,1
89402,2012-06-12,0.2150878703707154,0
89403,2012-06-12,0.29679304255212813,0
89404,2012-06-12,0.2947662291372454,0
89405,2012-06-12,0.33350258017543566,1
89406,2012-06-12,0.246755938703695,0
89407,2012-06-12,0.3947919350201314,0
89408,2012-06-12,0.26591265880343545,0
89409,2012-06-12,0.2814979434795304,1
89410,2012-06-12,0.2417264856314316,0
89411,2012-06-12,0.25075374896652214,0
89412,2012-06-12,0.3982549179494303,1
89413,2012-06-12,0.33313369492818085,0
89414,2012-06-12,0.4084615831077213,0
89415,2012-06-12,0.2678442572834893,0
89416,2012-06-12,0.21747580307009665,0
89417,2012-06-12,0.4946632452727408,0
89418,2012-06-12,0.47202797857914386,1
89419,2012-06-12,0.411128226277385,1
89420,2012-06-12,0.2588561187757427,0
89421,2012-06-12,0.27921130064834193,1
89422,2012-06-12,0.3843684810079629,1
89423,2012-06-12,0.413662704730954,0
89424,2012-06-12,0.2606129752961708,0
89425,2012-06-12,0.36072022079974236,0
89426,2012-06-12,0.4944571086361177,1
89427,2012-06-12,0.30725928060441493,0
89428,2012-06-12,0.2718230411724384,0
89429,2012-06-12,0.2537810213340681,0
89430,2012-06-12,0.34880228643819755,0
89431,2012-06-12,0.2424119016365186,0
89432,2012-06-12,0.360987049729425,0
89433,2012-06-12,0.2669012527188497,0
89434,2012-06-12,0.3608285990642479,1
89435,2012-06-12,0.28977693906223795,0
89436,2012-06-12,0.2775704587522739,0
89437,2012-06-12,0.32176703979633003,0
89438,2012-06-12,0.3340635918640486,1
89439,2012-06-12,0.6872344265272751,1
89440,2012-06-12,0.2914384725068225,0
89441,2012-06-12,0.3733333319981235,1
89442,2012-06-12,0.39118911723140193,0
89443,2012-06-12,0.37289198991263295,0
89444,2012-06-12,7.034509777982427e-05,0
89445,2012-06-12,0.25761368268834656,0
89446,2012-06-12,0.7253501628231406,1
89447,2012-06-12,0.3624084523647264,1
89448,2012-06-12,0.22731450208607962,1
89449,2012-06-12,0.33920849114257623,1
89450,2012-06-12,0.34541877778862407,0
89451,2012-06-12,0.9604534414005276,1
89452,2012-06-12,0.31259287628392474,1
89453,2012-06-12,0.30170854667915564,0
89454,2012-06-12,0.3930589632804307,0
89455,2012-06-12,0.4380757579601278,1
89456,2012-06-12,0.3584190795456726,0
89457,2012-06-12,0.43379680727082787,0
89458,2012-06-12,0.6497782465652667,1
89459,2012-06-12,0.41332141656154153,0
89460,2012-06-12,0.25754682722896655,0
89461,2012-06-12,0.2812027122620936,0
89462,2012-06-13,0.38703072750501993,1
89463,2012-06-13,0.43519338974964855,1
89464,2012-06-13,0.5074759946003916,1
89465,2012-06-13,0.301646327547716,1
89466,2012-06-13,0.43373477868293553,0
89467,2012-06-13,0.2627711962921395,1
89468,2012-06-13,0.4398568978391449,0
89469,2012-06-13,0.4296612821924228,1
89470,2012-06-13,0.46516536741175807,1
89471,2012-06-13,0.3035470827330749,0
89472,2012-06-13,0.2920100353890251,0
89473,2012-06-13,0.2540648386393329,0
89474,2012-06-13,0.42269146249367684,0
89475,2012-06-13,0.29651286939199156,0
89476,2012-06-13,0.29460774772159254,0
89477,2012-06-13,0.4369887830616749,0
89478,2012-06-13,0.38395794657660187,1
89479,2012-06-13,0.2929036917024142,0
89480,2012-06-13,0.40393800703907284,0
89481,2012-06-13,0.7049449642289433,0
89482,2012-06-13,0.402758916922883,1
89483,2012-06-13,0.3091407352754329,0
89484,2012-06-13,0.25897552175598854,0
89485,2012-06-13,0.35211074318776187,0
89486,2012-06-13,0.30738082962153235,1
89487,2012-06-13,0.21581672459423923,0
89488,2012-06-13,0.45579149337001784,0
89489,2012-06-13,0.316773195485504,0
89490,2012-06-13,0.37758624403909224,1
89491,2012-06-13,0.9920630364213002,1
89492,2012-06-13,0.3628375815286426,1
89493,2012-06-13,0.23826430354466366,0
89494,2012-06-13,0.41769186289943094,1
89495,2012-06-13,0.24317508520565834,0
89496,2012-06-13,0.3719422197274757,0
89497,2012-06-13,0.4711210422393671,1
89498,2012-06-13,0.3491533144988169,1
89499,2012-06-13,0.47334357283317313,0
89500,2012-06-13,0.34178808550712836,1
89501,2012-06-13,0.4188748262015586,0
89502,2012-06-13,0.45704158449901583,1
89503,2012-06-13,0.28017723766026637,0
89504,2012-06-13,0.35767860386297534,0
89505,2012-06-13,0.315058862711613,0
89506,2012-06-13,0.18224859607823451,0
89507,2012-06-13,0.34066700368112524,1
89508,2012-06-13,0.18057001408854884,0
89509,2012-06-13,0.28430751770402585,0
89510,2012-06-13,0.48345766674403085,0
89511,2012-06-13,0.2975041187473485,1
89512,2012-06-13,0.3417166284063837,0
89513,2012-06-13,0.3072022981206641,0
89514,2012-06-13,0.3379743577721151,0
89515,2012-06-13,0.30995687688268886,0
89516,2012-06-13,0.24983634088755252,0
89517,2012-06-13,0.287377327882141,1
89518,2012-06-13,0.5388602296696196,1
89519,2012-06-13,0.45696842098641866,1
89520,2012-06-13,0.4117216961052729,1
89521,2012-06-13,0.37969517209114817,0
89522,2012-06-13,0.2987337659601273,0
89523,2012-06-13,0.3038662961806099,1
89524,2012-06-13,0.411758544013402,0
89525,2012-06-13,0.30623012972521857,0
89526,2012-06-13,0.32887699391815545,1
89527,2012-06-13,0.25559044619192073,1
89528,2012-06-13,0.41684723708760535,0
89529,2012-06-13,0.47583278838973875,0
89530,2012-06-13,0.2637226079683999,1
89531,2012-06-13,0.2567479693008004,0
89532,2012-06-13,0.39681635391826536,0
89533,2012-06-13,0.28195045883639125,1
89534,2012-06-13,0.1893406804910037,1
89535,2012-06-13,0.18777896410787379,0
89536,2012-06-13,0.36453686734904917,1
89537,2012-06-13,0.4330656623625325,1
89538,2012-06-13,0.29491326824015807,0
89539,2012-06-13,0.6014596589176333,0
89540,2012-06-13,0.22093541325883082,0
89541,2012-06-13,0.3899353098813259,0
89542,2012-06-13,0.23969001054747308,0
89543,2012-06-13,0.33582050428920757,0
89544,2012-06-13,0.4403422272136578,1
89545,2012-06-13,0.27888564251982917,0
89546,2012-06-13,0.4181668396756563,0
89547,2012-06-13,0.3214339790728506,0
89548,2012-06-13,0.21614649316655685,0
89549,2012-06-13,0.32713920416969267,1
89550,2012-06-13,0.41729317351411976,0
89551,2012-06-13,0.3771909017907887,0
89552,2012-06-13,0.25228449163233024,0
89553,2012-06-13,0.2687009712827869,0
89554,2012-06-13,0.5127050229383486,1
89555,2012-06-13,0.37686977222645507,1
89556,2012-06-13,0.2766960833957861,1
89557,2012-06-13,0.33926729823424884,1
89558,2012-06-13,0.2924415609077292,1
89559,2012-06-13,0.3081117548272543,0
89560,2012-06-13,0.17861979923269206,0
89561,2012-06-13,0.32841028264417627,1
89562,2012-06-13,0.25516004320553504,1
89563,2012-06-13,0.32627373557209194,0
89564,2012-06-13,0.4853345461502674,0
89565,2012-06-13,0.30877455800487585,1
89566,2012-06-13,0.25063949583913697,0
89567,2012-06-13,0.2768031242182844,1
89568,2012-06-13,0.4553786331744638,1
89569,2012-06-13,0.31271296503423474,0
89570,2012-06-13,0.2958049592836367,1
89571,2012-06-13,0.42310393098333565,1
89572,2012-06-13,0.24998463936099583,1
89573,2012-06-13,0.1478352873441757,1
89574,2012-06-13,0.40508619779347604,0
89575,2012-06-13,0.10123566006150711,0
89576,2012-06-13,0.3531682864564991,0
89577,2012-06-13,0.30000201153604905,0
89578,2012-06-13,0.4067031139999609,0
89579,2012-06-13,0.3641470940462647,0
89580,2012-06-13,0.2519456831102141,0
89581,2012-06-13,0.4439144582409313,1
89582,2012-06-13,0.41093974673538636,1
89583,2012-06-13,0.2937092411962328,0
89584,2012-06-13,0.2485738020842104,0
89585,2012-06-13,0.2803173164648954,1
89586,2012-06-13,0.4438758219701467,0
89587,2012-06-13,0.2593992679991562,0
89588,2012-06-13,0.406767165584216,1
89589,2012-06-13,0.33422876180872385,0
89590,2012-06-13,0.5651172759936529,1
89591,2012-06-13,0.3028221908799562,1
89592,2012-06-13,0.2575070397084689,0
89593,2012-06-13,0.2876177991861513,0
89594,2012-06-13,0.30301750469507555,0
89595,2012-06-13,0.3189304726388997,0
89596,2012-06-13,0.3212683245490126,0
89597,2012-06-13,0.1547075772835628,1
89598,2012-06-13,0.30405368111025133,0
89599,2012-06-13,0.3249281710980919,1
89600,2012-06-13,0.428979676020246,1
89601,2012-06-13,0.24336816178954754,0
89602,2012-06-13,0.3447840602649671,0
89603,2012-06-13,0.3972541406911202,0
89604,2012-06-13,0.3272714041546661,0
89605,2012-06-13,0.34402428100824567,0
89606,2012-06-14,0.1872745125411132,1
89607,2012-06-14,0.28383757870012466,0
89608,2012-06-14,0.25455035399178716,1
89609,2012-06-14,0.34240181157097865,0
89610,2012-06-14,0.3208251834521949,0
89611,2012-06-14,0.32728386253703173,0
89612,2012-06-14,0.32191548638141676,0
89613,2012-06-14,0.31498263113419717,1
89614,2012-06-14,0.25426377396573474,0
89615,2012-06-14,0.5846867724506121,1
89616,2012-06-14,0.2670929270247017,1
89617,2012-06-14,0.38035526408404496,1
89618,2012-06-14,0.29484450829055353,0
89619,2012-06-14,0.2485187131873579,1
89620,2012-06-14,0.36781557271338916,0
89621,2012-06-14,0.24193540972222013,0
89622,2012-06-14,0.276892350544392,0
89623,2012-06-14,0.2721987385535736,0
89624,2012-06-14,0.38709339440136153,0
89625,2012-06-14,0.36523394327253367,0
89626,2012-06-14,0.004639417628497985,0
89627,2012-06-14,0.1393368796517729,1
89628,2012-06-14,0.31507861811840193,1
89629,2012-06-14,0.4739684984739534,1
89630,2012-06-14,0.2991037789143044,1
89631,2012-06-14,0.2833249206804624,0
89632,2012-06-14,0.39063087817198133,1
89633,2012-06-14,0.3517548075756189,1
89634,2012-06-14,0.3969299064542263,1
89635,2012-06-14,0.33069527595830983,0
89636,2012-06-14,0.3236684174258597,1
89637,2012-06-14,0.40032008207429326,0
89638,2012-06-14,0.32763087150753784,0
89639,2012-06-14,0.6512675184126311,0
89640,2012-06-14,0.37343471004134043,0
89641,2012-06-14,0.24416589133617458,1
89642,2012-06-14,0.34270002670369415,0
89643,2012-06-14,0.3754785317760909,1
89644,2012-06-14,0.4147018018586406,1
89645,2012-06-14,0.30987599886573136,0
89646,2012-06-14,0.34531447653441444,1
89647,2012-06-14,0.3003340543618425,1
89648,2012-06-14,0.3378960315967068,0
89649,2012-06-14,0.32046710337442996,1
89650,2012-06-14,0.2973261447560605,1
89651,2012-06-14,0.27053513145161967,0
89652,2012-06-14,0.2232967875083604,0
89653,2012-06-14,0.3985851441255233,0
89654,2012-06-14,0.3479674630271747,0
89655,2012-06-14,0.3510139906176283,0
89656,2012-06-14,0.2740064696086623,1
89657,2012-06-14,0.9740377773167054,1
89658,2012-06-14,0.3881762754080861,1
89659,2012-06-14,0.31471633299709934,1
89660,2012-06-14,0.3205847396604409,1
89661,2012-06-14,0.2686192931346332,0
89662,2012-06-14,0.2760250732660587,0
89663,2012-06-15,0.226929797417177,0
89664,2012-06-15,0.4113845170442641,1
89665,2012-06-15,0.2108858821390811,1
89666,2012-06-15,0.4222392119444341,0
89667,2012-06-15,0.30955207475034474,0
89668,2012-06-15,0.22534510496854687,0
89669,2012-06-15,0.3091117799290064,1
89670,2012-06-15,0.3371697257900634,1
89671,2012-06-15,0.24720012329848137,0
89672,2012-06-15,0.41412322788723965,1
89673,2012-06-15,0.36068486739236333,0
89674,2012-06-15,0.2654053217904631,0
89675,2012-06-15,0.3307754415797553,0
89676,2012-06-15,0.21751995741385272,0
89677,2012-06-15,0.13893392807895485,0
89678,2012-06-15,0.33121293763387333,0
89679,2012-06-15,0.40939511916955557,0
89680,2012-06-15,0.33855338283639264,0
89681,2012-06-15,0.3673352565172305,1
89682,2012-06-15,0.23039403753162122,1
89683,2012-06-15,0.37353605387003774,0
89684,2012-06-15,0.4713277919744436,1
89685,2012-06-15,0.31855539892494217,1
89686,2012-06-15,0.4319013288097911,1
89687,2012-06-15,0.4406018504916,0
89688,2012-06-15,0.23526510306068982,1
89689,2012-06-15,0.3674879831564484,1
89690,2012-06-15,0.383765439821173,0
89691,2012-06-15,0.28188955955288764,0
89692,2012-06-15,0.5204720710946854,1
89693,2012-06-15,0.31021754339163166,0
89694,2012-06-15,0.26282635410849864,0
89695,2012-06-15,0.28931486621690267,0
89696,2012-06-15,0.2715519396377328,0
89697,2012-06-15,0.31352991995761914,0
89698,2012-06-15,0.3572460369997622,0
89699,2012-06-15,0.2094346576693403,1
89700,2012-06-15,0.3863963253242544,1
89701,2012-06-15,0.3790109970585909,0
89702,2012-06-15,0.45685809439047637,0
89703,2012-06-15,0.2624026672080486,1
89704,2012-06-15,0.9639038409421004,1
89705,2012-06-15,0.3496060851137085,1
89706,2012-06-15,0.46624139410888366,0
89707,2012-06-15,0.35060475397752744,1
89708,2012-06-15,0.29438668186213385,0
89709,2012-06-15,0.258877041415418,1
89710,2012-06-15,0.2970510828561842,0
89711,2012-06-15,0.2861660849945419,1
89712,2012-06-15,0.36846025135028965,0
89713,2012-06-15,0.2849067355359436,1
89714,2012-06-15,0.33967370125442525,1
89715,2012-06-15,0.3577070504063165,0
89716,2012-06-16,0.39208462636233854,1
89717,2012-06-16,0.24746447870347452,0
89718,2012-06-16,0.4300857553229129,0
89719,2012-06-16,0.30801378130384116,0
89720,2012-06-16,0.38913312765328134,1
89721,2012-06-16,0.3233963606944997,1
89722,2012-06-16,0.38051859004821437,0
89723,2012-06-16,0.23752040871208163,0
89724,2012-06-16,0.23663790615908428,0
89725,2012-06-16,0.4210902213883658,0
89726,2012-06-16,0.32172245950325107,1
89727,2012-06-16,0.2861950176398248,0
89728,2012-06-16,0.5238160224962081,1
89729,2012-06-16,0.29860420277116706,0
89730,2012-06-16,0.4069323468751173,0
89731,2012-06-16,0.20452347903121035,1
89732,2012-06-16,0.3384265522587178,0
89733,2012-06-16,0.4724202562853004,0
89734,2012-06-16,0.39293245720048114,1
89735,2012-06-16,0.3008821669879125,0
89736,2012-06-16,0.2010367765213653,0
89737,2012-06-16,0.2573250741342229,1
89738,2012-06-16,0.2577009508158903,0
89739,2012-06-16,0.4529200674875449,0
89740,2012-06-16,0.4066826977618485,1
89741,2012-06-16,0.39310737042788035,0
89742,2012-06-16,0.34527210728361135,0
89743,2012-06-16,0.2754191113904341,1
89744,2012-06-16,0.48530011872439416,1
89745,2012-06-16,0.24032976129359024,0
89746,2012-06-16,0.3830801738176034,0
89747,2012-06-16,0.34403557290862613,0
89748,2012-06-16,0.2744905775723172,0
89749,2012-06-16,0.22600305073063987,0
89750,2012-06-16,0.16525525648162626,1
89751,2012-06-16,0.3431179127482779,0
89752,2012-06-16,0.2458860521864003,0
89753,2012-06-16,0.341335611136454,0
89754,2012-06-16,0.3621190277541702,0
89755,2012-06-16,0.23870834294509832,0
89756,2012-06-16,0.24998195529510503,0
89757,2012-06-16,0.4174954352202943,0
89758,2012-06-16,0.1637632990596352,0
89759,2012-06-16,0.41061400570108264,1
89760,2012-06-16,0.5131314180274531,1
89761,2012-06-16,0.36303890474462214,1
89762,2012-06-16,0.38288456629597106,1
89763,2012-06-16,0.2804045137554625,0
89764,2012-06-16,0.3995941684726602,1
89765,2012-06-16,0.3329511141180639,0
89766,2012-06-16,0.3342829326695897,0
89767,2012-06-16,0.36858979448152956,0
89768,2012-06-16,0.2875014807409835,0
89769,2012-06-16,0.39770043977240904,1
89770,2012-06-16,0.27331898090477647,0
89771,2012-06-16,0.2450024657565331,0
89772,2012-06-16,0.4194952038842116,1
89773,2012-06-16,0.3184423550099901,0
89774,2012-06-16,0.4212845469027166,0
89775,2012-06-16,0.2768021698834265,0
89776,2012-06-16,0.4845932193566484,0
89777,2012-06-16,0.29429815802104037,1
89778,2012-06-16,0.43598635912831596,1
89779,2012-06-16,0.20722219738406314,0
89780,2012-06-16,0.20027131761934977,0
89781,2012-06-16,0.3179234313439055,0
89782,2012-06-16,0.9999800376921797,1
89783,2012-06-16,0.3277643970721375,0
89784,2012-06-16,0.45946597683753376,1
89785,2012-06-16,0.31078595469636927,1
89786,2012-06-16,0.2943625928836322,0
89787,2012-06-16,0.08496381624524246,0
89788,2012-06-16,0.3299183228265408,1
89789,2012-06-16,0.3060338836777216,0
89790,2012-06-16,0.24616189859268078,0
89791,2012-06-16,0.20863643222359377,0
89792,2012-06-16,0.3189568307612572,0
89793,2012-06-16,0.26691971788650576,0
89794,2012-06-16,0.1793190100215759,1
89795,2012-06-16,0.3107622897794304,0
89796,2012-06-16,0.3213126237269672,1
89797,2012-06-16,0.2203304384815872,0
89798,2012-06-16,0.2739764643875902,0
89799,2012-06-16,0.23427023289646554,0
89800,2012-06-16,0.23771189335809678,0
89801,2012-06-16,0.35413877634484153,0
89802,2012-06-16,0.48434294588510196,1
89803,2012-06-16,0.41392822623556735,1
89804,2012-06-16,0.9412476446009971,1
89805,2012-06-16,0.2483517495001221,0
89806,2012-06-16,0.16573188206254746,0
89807,2012-06-16,0.6492998551737109,1
89808,2012-06-16,0.3099438501046227,0
89809,2012-06-16,0.5502331602461346,1
89810,2012-06-16,0.3478041142039555,0
89811,2012-06-16,0.4418341624939453,1
89812,2012-06-16,0.4041859619576738,0
89813,2012-06-16,0.4461326601202745,0
89814,2012-06-16,0.2597235914968064,0
89815,2012-06-16,0.3145163448032875,0
89816,2012-06-16,0.24210221165190515,1
89817,2012-06-16,0.407174984872581,1
89818,2012-06-16,0.37930354243340403,0
89819,2012-06-16,0.2979749759625595,1
89820,2012-06-16,0.4689286272928505,1
89821,2012-06-17,0.4196022011044774,0
89822,2012-06-17,0.32577065131899713,0
89823,2012-06-17,0.39901319924366857,1
89824,2012-06-17,0.3904966838627232,0
89825,2012-06-17,0.3853148174906054,1
89826,2012-06-17,0.38437685706224645,1
89827,2012-06-17,0.26515844540508293,0
89828,2012-06-17,0.30767168102667614,1
89829,2012-06-17,0.4054853396668064,0
89830,2012-06-17,0.28377718071746666,0
89831,2012-06-17,0.3759020391246668,1
89832,2012-06-17,0.42822216791498674,0
89833,2012-06-17,0.30841728844267335,0
89834,2012-06-17,0.29296547143320933,0
89835,2012-06-17,0.17301426049515703,0
89836,2012-06-17,0.45634542308716103,1
89837,2012-06-17,0.38509776204804064,0
89838,2012-06-17,0.3729307763925163,0
89839,2012-06-17,0.313131476606833,0
89840,2012-06-17,0.32964736996499,1
89841,2012-06-17,0.35914219777311196,0
89842,2012-06-17,0.31038959267342764,0
89843,2012-06-17,0.48454049020435125,0
89844,2012-06-17,0.2667867121988019,0
89845,2012-06-17,0.4733680614618369,0
89846,2012-06-17,0.4350366444786868,0
89847,2012-06-17,0.4720184197455634,0
89848,2012-06-17,0.31404195275788777,1
89849,2012-06-17,0.2903400034421057,0
89850,2012-06-17,0.3289457287805622,0
89851,2012-06-17,0.22572425086135214,1
89852,2012-06-17,0.32997568841108954,0
89853,2012-06-17,0.3697289465295151,0
89854,2012-06-17,0.3630351807335283,1
89855,2012-06-17,0.2961717970256755,0
89856,2012-06-17,0.5005230854123733,1
89857,2012-06-17,0.3545709447032185,0
89858,2012-06-17,0.33297302852085375,0
89859,2012-06-17,0.20484439969232082,0
89860,2012-06-17,0.2149993543430156,0
89861,2012-06-17,0.3213069670195815,0
89862,2012-06-17,0.4638060742590407,1
89863,2012-06-17,0.37312223313188,1
89864,2012-06-17,0.3810738736742395,1
89865,2012-06-17,0.1657878036435107,0
89866,2012-06-17,0.26754670625845356,0
89867,2012-06-17,0.483532150892136,0
89868,2012-06-17,0.866866984517056,0
89869,2012-06-17,0.3871735059906313,0
89870,2012-06-17,0.289819849705727,0
89871,2012-06-17,0.23274302484849593,0
89872,2012-06-17,0.34620930709268827,1
89873,2012-06-17,0.24623363022609931,0
89874,2012-06-17,0.17408155393726069,1
89875,2012-06-17,0.24536883446249488,0
89876,2012-06-17,0.36945334517940714,1
89877,2012-06-17,0.38775266408846243,1
89878,2012-06-17,0.40251327080579374,1
89879,2012-06-17,0.23221094227073796,1
89880,2012-06-17,0.2912189707097877,0
89881,2012-06-17,0.33489306300322835,1
89882,2012-06-17,0.21135874763100387,0
89883,2012-06-17,0.2429499957790974,0
89884,2012-06-17,0.31322031846837745,0
89885,2012-06-17,0.36458742427304064,0
89886,2012-06-17,0.39131150126074293,1
89887,2012-06-17,0.3234910000853352,1
89888,2012-06-17,0.3240809327499126,0
89889,2012-06-17,0.295944363879528,1
89890,2012-06-17,0.2651278803265077,0
89891,2012-06-17,0.40002814867656594,0
89892,2012-06-17,0.4202388128269978,0
89893,2012-06-17,0.3159808842025565,1
89894,2012-06-17,0.4537941643419567,1
89895,2012-06-17,0.2308950714091642,0
89896,2012-06-17,0.29835934603717146,1
89897,2012-06-17,0.3347669000611956,0
89898,2012-06-17,0.2754788356747851,0
89899,2012-06-17,0.504975646648017,0
89900,2012-06-17,0.463165638931008,0
89901,2012-06-17,0.3063520338340701,0
89902,2012-06-17,0.3244920653849869,0
89903,2012-06-17,0.2335198715319372,0
89904,2012-06-17,0.5179255952507149,0
89905,2012-06-17,0.37283795597792907,0
89906,2012-06-17,0.26177198244373745,1
89907,2012-06-17,0.16116529223341736,0
89908,2012-06-17,0.34926654551186315,0
89909,2012-06-17,0.3512808168634314,0
89910,2012-06-17,0.42834223491269324,1
89911,2012-06-17,0.20642871940249907,1
89912,2012-06-17,0.3257624988533068,1
89913,2012-06-17,0.26196066606060375,0
89914,2012-06-17,0.36320618404126326,0
89915,2012-06-17,0.3153425059459331,1
89916,2012-06-17,0.3309464057437432,1
89917,2012-06-17,0.23466293476755462,0
89918,2012-06-17,0.3895232155231015,1
89919,2012-06-17,0.3717621020704873,1
89920,2012-06-17,0.35836600918009187,0
89921,2012-06-17,0.729147411747241,1
89922,2012-06-17,0.34691041216769886,1
89923,2012-06-17,0.43627840708516463,1
89924,2012-06-17,0.39880462570941044,0
89925,2012-06-17,0.5034287560341429,0
89926,2012-06-17,0.3998495113549851,0
89927,2012-06-17,0.2660535823215442,0
89928,2012-06-17,0.5247274858888799,1
89929,2012-06-17,0.24250765278696954,1
89930,2012-06-17,0.30286998972609563,0
89931,2012-06-17,0.33977409953534476,0
89932,2012-06-17,0.3223317068685055,1
89933,2012-06-17,0.5703928314334012,0
89934,2012-06-17,0.24456875438003542,1
89935,2012-06-17,0.4100216059481185,0
89936,2012-06-17,0.30097481423959316,0
89937,2012-06-17,0.2731315676627205,0
89938,2012-06-17,0.30569117554842185,0
89939,2012-06-17,0.2995679604940411,0
89940,2012-06-17,0.16134174936804854,1
89941,2012-06-17,0.37286726823757216,0
89942,2012-06-17,0.4196776573115365,0
89943,2012-06-17,0.3369749200457462,1
89944,2012-06-17,0.3723805273157901,1
89945,2012-06-17,0.3303112861498934,0
89946,2012-06-17,0.4077865673209118,0
89947,2012-06-17,0.19472269310072243,1
89948,2012-06-17,0.21648458449636626,0
89949,2012-06-17,0.26145238870943927,0
89950,2012-06-17,0.27233681032269463,0
89951,2012-06-17,0.3106371364986751,0
89952,2012-06-17,0.27017057414033496,1
89953,2012-06-17,0.2870685348752109,0
89954,2012-06-17,0.2708096087950978,0
89955,2012-06-17,0.3720212250401931,1
89956,2012-06-17,0.25354490242955696,0
89957,2012-06-17,0.34531354911728157,0
89958,2012-06-17,0.46898783082353884,1
89959,2012-06-17,0.377957897477718,0
89960,2012-06-17,0.25605623054194604,1
89961,2012-06-17,0.24092791684850354,0
89962,2012-06-17,0.2284958862958541,0
89963,2012-06-17,0.30921280468614704,0
89964,2012-06-17,0.3223119084089206,1
89965,2012-06-17,0.38777401402012834,1
89966,2012-06-17,0.36194237568124593,1
89967,2012-06-17,0.5001460361132722,0
89968,2012-06-17,0.2568370561723185,1
89969,2012-06-17,0.5199672085992522,1
89970,2012-06-17,0.28180118619849603,0
89971,2012-06-17,0.3990295092716603,0
89972,2012-06-17,0.31482180385421793,0
89973,2012-06-17,0.27804149904211484,0
89974,2012-06-17,0.32369642624452954,0
89975,2012-06-17,0.3274546421469666,1
89976,2012-06-17,0.27365748203216805,0
89977,2012-06-17,0.17281819574762267,0
89978,2012-06-17,0.27275045201960185,0
89979,2012-06-17,0.21251942563624734,0
89980,2012-06-17,0.31606697565043196,0
89981,2012-06-17,0.24974118991176722,0
89982,2012-06-17,0.25573960048566013,1
89983,2012-06-17,0.3191626457482919,1
89984,2012-06-17,0.41500359055186054,0
89985,2012-06-17,0.20145314909101386,0
89986,2012-06-17,0.35644232253002683,1
89987,2012-06-17,0.28913469017698046,1
89988,2012-06-17,0.32432212269278166,0
89989,2012-06-17,0.41680845322428456,1
89990,2012-06-17,0.2774819198978295,0
89991,2012-06-17,0.4689461290666255,1
89992,2012-06-17,0.27406483780955665,0
89993,2012-06-17,0.25980861064488325,0
89994,2012-06-17,0.43117091098692395,1
89995,2012-06-17,0.3486220959452315,1
89996,2012-06-17,0.19138366132294543,0
89997,2012-06-17,0.2581123628579226,0
89998,2012-06-17,0.3028993131532394,0
89999,2012-06-17,0.3876588012686049,1
90000,2012-06-17,0.36232943759028297,1
90001,2012-06-17,0.2985560581084068,0
90002,2012-06-17,0.3255100361760254,1
90003,2012-06-17,0.5317233056045086,1
90004,2012-06-17,0.2279937220783884,1
90005,2012-06-17,0.2282269916302725,0
90006,2012-06-17,0.3351562531073122,1
90007,2012-06-17,0.2400606000067872,0
90008,2012-06-17,0.2950572110317247,0
90009,2012-06-17,0.25786129940601876,0
90010,2012-06-17,0.2693364232158248,0
90011,2012-06-17,0.3067530450346503,1
90012,2012-06-17,0.3058839108798967,1
90013,2012-06-17,0.2998219648644202,1
90014,2012-06-17,0.20333084440264862,0
90015,2012-06-17,0.439425005839157,1
90016,2012-06-17,0.3233708084916428,0
90017,2012-06-17,0.3386903007646288,0
90018,2012-06-17,0.40970154966886424,0
90019,2012-06-17,0.2778636992554844,0
90020,2012-06-17,0.2737460282422931,0
90021,2012-06-17,0.4241762991040439,0
90022,2012-06-17,0.3179683966559284,0
90023,2012-06-17,0.4650821003701513,1
90024,2012-06-17,0.3644281445746526,0
90025,2012-06-17,0.1498917667932956,0
90026,2012-06-17,0.21367687406434777,1
90027,2012-06-17,0.2883762570021363,1
90028,2012-06-17,0.2769523904769415,0
90029,2012-06-17,0.3063711965009143,0
90030,2012-06-17,0.2799625571240286,0
90031,2012-06-17,0.280337423277427,0
90032,2012-06-17,0.3037969360166647,0
90033,2012-06-17,0.34284653144252836,1
90034,2012-06-17,0.25538711796905167,0
90035,2012-06-17,0.4338202847249566,0
90036,2012-06-17,0.2402882212553687,0
90037,2012-06-17,0.40825698902026986,0
90038,2012-06-17,0.25454042198758414,0
90039,2012-06-17,0.5487553182245001,1
90040,2012-06-17,0.3858297583008006,0
90041,2012-06-17,0.40869441653431493,1
90042,2012-06-17,0.2616187810834436,1
90043,2012-06-17,0.3270182607668982,0
90044,2012-06-17,0.24095996979349113,1
90045,2012-06-17,0.24252224474329412,0
90046,2012-06-17,0.35101990710954156,0
90047,2012-06-17,0.3795692331991324,0
90048,2012-06-18,0.21045037574940584,0
90049,2012-06-18,0.3803050188812442,0
90050,2012-06-18,0.400958536864355,1
90051,2012-06-18,0.4306009144577963,1
90052,2012-06-18,0.23883776115216362,1
90053,2012-06-18,0.3089901788608378,0
90054,2012-06-18,0.30667516430051606,0
90055,2012-06-18,0.38705122698485944,1
90056,2012-06-18,0.33829335050528386,0
90057,2012-06-18,0.4804122000697916,0
90058,2012-06-18,0.6574385800548763,0
90059,2012-06-18,0.20891295619525405,0
90060,2012-06-18,0.4504493208710364,1
90061,2012-06-18,0.4214715067405986,0
90062,2012-06-18,0.20203868581357323,0
90063,2012-06-18,0.3174736703024221,1
90064,2012-06-18,0.17766700615692854,0
90065,2012-06-18,0.2795502083135734,0
90066,2012-06-18,0.36911073987329707,1
90067,2012-06-18,0.3175585590394145,1
90068,2012-06-18,0.22346144209356988,1
90069,2012-06-18,0.28264494645588517,0
90070,2012-06-18,0.1846298231500791,1
90071,2012-06-18,0.3211768452296736,0
90072,2012-06-18,0.3466069318031922,0
90073,2012-06-18,0.2866464060639847,1
90074,2012-06-18,0.19227483831606818,0
90075,2012-06-18,0.2841327275882469,1
90076,2012-06-18,0.20424673446005237,0
90077,2012-06-18,0.19795602044335686,1
90078,2012-06-18,0.3838148363315694,0
90079,2012-06-18,0.17093031366985076,1
90080,2012-06-18,0.16974341909352317,0
90081,2012-06-18,0.16954238083699122,0
90082,2012-06-18,0.36108328007772994,0
90083,2012-06-18,0.3026703757052007,1
90084,2012-06-18,0.1633978998960941,1
90085,2012-06-18,0.4260967850321749,1
90086,2012-06-18,0.19722505742388666,0
90087,2012-06-18,0.43041074795742745,0
90088,2012-06-18,0.2860885045065994,0
90089,2012-06-18,0.19702615153955816,1
90090,2012-06-18,0.40362143187281035,0
90091,2012-06-18,0.18918989319797808,0
90092,2012-06-18,0.3578621099442305,0
90093,2012-06-18,0.28177409305014595,0
90094,2012-06-18,0.46361671191833287,0
90095,2012-06-18,0.42941026529623333,0
90096,2012-06-18,0.3369618823260821,0
90097,2012-06-18,0.44874638873726297,1
90098,2012-06-18,0.45540318046272527,1
90099,2012-06-18,0.34382070121008196,0
90100,2012-06-18,0.2760295684940367,0
90101,2012-06-18,0.326508976071538,0
90102,2012-06-18,0.3775257263394263,1
90103,2012-06-18,0.33239980619102377,0
90104,2012-06-18,0.3912257045057726,0
90105,2012-06-18,0.3242890648367941,1
90106,2012-06-18,0.2997411524430892,0
90107,2012-06-18,0.4136630009264182,1
90108,2012-06-18,0.4063410859790443,0
90109,2012-06-18,0.35799496247360196,0
90110,2012-06-18,0.27696346358118273,1
90111,2012-06-18,0.27982924323709607,0
90112,2012-06-18,0.29376865111744693,0
90113,2012-06-18,0.3492420303569192,0
90114,2012-06-18,0.40230817756932336,1
90115,2012-06-18,0.5020339536772597,1
90116,2012-06-18,0.3419223613572025,1
90117,2012-06-18,0.21710605567962113,0
90118,2012-06-18,0.356460441045007,0
90119,2012-06-18,0.3786875844389928,1
90120,2012-06-18,0.24081398604423682,0
90121,2012-06-18,0.28782096445984007,1
90122,2012-06-18,0.26712212499917654,1
90123,2012-06-18,0.3433918858422094,0
90124,2012-06-18,0.4991050337546708,1
90125,2012-06-18,0.19521958790115682,1
90126,2012-06-18,0.3388617218189289,0
90127,2012-06-18,0.386491804886146,0
90128,2012-06-18,0.37247124556867095,0
90129,2012-06-18,0.23863402406712225,0
90130,2012-06-18,0.2764708109411085,0
90131,2012-06-18,0.34526084559821024,1
90132,2012-06-18,0.3756379293567812,1
90133,2012-06-18,0.17901946353148582,0
90134,2012-06-18,0.41661440135669364,1
90135,2012-06-18,0.34731861488562676,0
90136,2012-06-18,0.42654434610047665,0
90137,2012-06-18,0.3373749696927002,0
90138,2012-06-18,0.3250872248323482,0
90139,2012-06-18,0.39809715003369217,1
90140,2012-06-18,0.16145856290511185,1
90141,2012-06-18,0.35342247614810046,0
90142,2012-06-18,0.1880209205590595,1
90143,2012-06-18,0.4032414662856102,0
90144,2012-06-18,0.36269407639648493,1
90145,2012-06-18,0.22261189141777735,1
90146,2012-06-18,0.3075681949213259,0
90147,2012-06-18,0.32073951743872803,1
90148,2012-06-18,0.2621168041980977,0
90149,2012-06-18,0.2916292030264211,0
90150,2012-06-18,0.26401956463278586,1
90151,2012-06-18,0.3567143674733418,1
90152,2012-06-18,0.1755763437567013,1
90153,2012-06-18,0.29344481553990975,1
90154,2012-06-18,0.364611887451133,0
90155,2012-06-18,0.3316752403218056,1
90156,2012-06-18,0.33424441454978615,1
90157,2012-06-18,0.35558039540422887,0
90158,2012-06-18,0.30300275758899653,0
90159,2012-06-18,0.8998931289912985,0
90160,2012-06-18,0.4166844413019247,1
90161,2012-06-18,0.1685882018897162,0
90162,2012-06-18,0.3036609787764919,0
90163,2012-06-18,0.16708831001852087,0
90164,2012-06-18,0.42503176320017977,0
90165,2012-06-18,0.3191851361651219,0
90166,2012-06-18,0.3122072736042538,0
90167,2012-06-18,0.19917965992090078,1
90168,2012-06-18,0.2686310627270597,0
90169,2012-06-18,0.2260086605192948,1
90170,2012-06-18,0.30349508705765754,0
90171,2012-06-18,0.2792845106543766,0
90172,2012-06-18,0.232318205224119,0
90173,2012-06-18,0.1848837899311611,0
90174,2012-06-18,0.37426050983988207,0
90175,2012-06-18,0.23781775007152953,1
90176,2012-06-18,0.2995614113085816,0
90177,2012-06-18,0.27585947883066586,0
90178,2012-06-18,0.30964990737247855,0
90179,2012-06-18,0.26673985656759397,1
90180,2012-06-18,0.3287688177616387,1
90181,2012-06-18,0.3466808688002658,1
90182,2012-06-18,0.4423692063900495,1
90183,2012-06-18,0.3058861041158821,0
90184,2012-06-18,0.4742759925230301,1
90185,2012-06-18,0.266799905076296,0
90186,2012-06-18,0.45700429387480707,1
90187,2012-06-18,0.28286236236033946,0
90188,2012-06-18,0.25987664115265036,0
90189,2012-06-18,0.22531843190882883,0
90190,2012-06-18,0.34185318484933785,1
90191,2012-06-18,0.34905297073218056,1
90192,2012-06-18,0.42012361540559867,1
90193,2012-06-18,0.1753988779677184,1
90194,2012-06-18,0.4547569181667143,1
90195,2012-06-18,0.271330117253203,0
90196,2012-06-18,0.27715984936449656,0
90197,2012-06-18,0.3165485482151917,0
90198,2012-06-18,0.2919803174300184,0
90199,2012-06-18,0.3168841699216968,1
90200,2012-06-18,0.3732073861592179,1
90201,2012-06-18,0.29288749818429405,1
90202,2012-06-18,0.5815817366075984,1
90203,2012-06-18,0.41060574040186126,0
90204,2012-06-18,0.26252239246851483,1
90205,2012-06-18,0.16067882095737335,0
90206,2012-06-18,0.30992857090003484,1
90207,2012-06-18,0.4125252065905328,1
90208,2012-06-18,0.3449068525223126,0
90209,2012-06-18,0.3242329414556201,0
90210,2012-06-18,0.2537436396714236,0
90211,2012-06-18,0.2588324383725734,0
90212,2012-06-18,0.5496904901351796,1
90213,2012-06-18,0.2852066928034855,0
90214,2012-06-18,0.3061246286828509,0
90215,2012-06-18,0.35198933049579345,1
90216,2012-06-18,0.3435308611896389,1
90217,2012-06-18,0.29160974600562767,1
90218,2012-06-18,0.338986078234148,1
90219,2012-06-18,0.36399747902116686,0
90220,2012-06-18,0.296290539053859,1
90221,2012-06-18,0.40757757811337864,1
90222,2012-06-18,0.40513502421791087,0
90223,2012-06-18,0.5492813137550743,0
90224,2012-06-18,0.2865004018961246,0
90225,2012-06-18,0.2823171360171327,0
90226,2012-06-18,0.32452462705647084,1
90227,2012-06-18,0.25305877656924025,0
90228,2012-06-18,0.3034105756470781,0
90229,2012-06-18,0.2651728102282621,0
90230,2012-06-18,0.24842581469704725,0
90231,2012-06-18,0.3802931747354779,0
90232,2012-06-18,0.34302173070327036,1
90233,2012-06-18,0.16381697429564343,1
90234,2012-06-18,0.26682656557597995,0
90235,2012-06-18,0.30115317561931476,0
90236,2012-06-18,0.4152603648453832,0
90237,2012-06-18,0.3047253162722667,0
90238,2012-06-18,0.40091984611098647,1
90239,2012-06-18,0.4539850716893918,1
90240,2012-06-18,0.4766738208570849,1
90241,2012-06-18,0.30426493461033144,0
90242,2012-06-18,0.2987939307129141,0
90243,2012-06-18,0.17800193805143344,1
90244,2012-06-18,0.241670486603205,0
90245,2012-06-18,0.1767291552092566,1
90246,2012-06-18,0.44365017353234315,1
90247,2012-06-18,0.35420130518422305,0
90248,2012-06-18,0.35899267516518363,0
90249,2012-06-18,0.17240755136406732,1
90250,2012-06-18,0.2896577545760546,0
90251,2012-06-18,0.24165097229299776,0
90252,2012-06-18,0.41728844598138576,0
90253,2012-06-18,0.3788223569124155,0
90254,2012-06-18,0.30278834537488075,0
90255,2012-06-18,0.224602924559545,0
90256,2012-06-18,0.2541475329194982,0
90257,2012-06-18,0.30010353411898816,1
90258,2012-06-19,0.27344732683856304,0
90259,2012-06-19,0.3938803049593886,1
90260,2012-06-19,0.2640076256737219,0
90261,2012-06-19,0.23099769548085974,0
90262,2012-06-19,0.22049490553858683,0
90263,2012-06-19,0.8792518892594173,1
90264,2012-06-19,0.33427165446422963,1
90265,2012-06-19,0.34294596174052283,0
90266,2012-06-19,0.2610677348864914,0
90267,2012-06-19,0.5423173272842764,1
90268,2012-06-19,0.24253211330283858,0
90269,2012-06-19,0.2391257975830761,0
90270,2012-06-19,0.4845941725477211,0
90271,2012-06-19,0.3283233053997584,0
90272,2012-06-19,0.18296898370003903,0
90273,2012-06-19,0.4331838336923649,1
90274,2012-06-19,0.35045486065943404,1
90275,2012-06-19,0.5200128293185405,1
90276,2012-06-19,0.345089550634075,1
90277,2012-06-19,0.41776943262660154,1
90278,2012-06-19,0.3268249321578343,1
90279,2012-06-19,0.5603740540722123,0
90280,2012-06-19,0.2998643904647277,0
90281,2012-06-19,0.443612538050854,0
90282,2012-06-19,0.4763873623094383,0
90283,2012-06-19,0.23597629345790141,0
90284,2012-06-19,0.2809207732796247,0
90285,2012-06-19,0.24194362391027935,1
90286,2012-06-19,0.37699269236764416,0
90287,2012-06-19,0.33206934743054106,1
90288,2012-06-19,0.2666018377877159,0
90289,2012-06-19,0.13964234679011037,0
90290,2012-06-19,0.5100124868768052,1
90291,2012-06-19,0.2819856137680075,1
90292,2012-06-19,0.2231549328131547,1
90293,2012-06-19,0.437124231716477,0
90294,2012-06-19,0.37174207841795465,1
90295,2012-06-19,0.49460068955775444,1
90296,2012-06-19,0.2914412861805482,1
90297,2012-06-19,0.3340591159915433,0
90298,2012-06-19,0.34732788417438176,1
90299,2012-06-19,0.31229007195797354,0
90300,2012-06-19,0.3329086045917799,1
90301,2012-06-19,0.38692319825167965,1
90302,2012-06-19,0.23873725483237382,0
90303,2012-06-19,0.41191981317693743,0
90304,2012-06-19,0.3786077099757064,0
90305,2012-06-19,0.3133510485852905,0
90306,2012-06-19,0.3142625456418889,0
90307,2012-06-19,0.20952193381072107,0
90308,2012-06-19,0.3344759522235709,1
90309,2012-06-19,0.28461184776372384,1
90310,2012-06-19,0.29687215205078993,0
90311,2012-06-19,0.3941663939634156,1
90312,2012-06-19,0.1745271141990442,0
90313,2012-06-19,0.2770033506125682,0
90314,2012-06-19,0.35481470258915504,0
90315,2012-06-19,0.22194620587881606,0
90316,2012-06-19,0.44149881628822446,1
90317,2012-06-19,0.26576329588465736,0
90318,2012-06-19,0.2416219536309747,0
90319,2012-06-19,0.23421535420449474,0
90320,2012-06-19,0.26940066739116975,1
90321,2012-06-19,0.4899037649748091,1
90322,2012-06-19,0.2857794769861543,1
90323,2012-06-19,0.056095472556379485,1
90324,2012-06-19,0.27384602966305405,1
90325,2012-06-19,0.4168236700593282,1
90326,2012-06-19,0.3114253774677922,0
90327,2012-06-19,0.3378771023067449,0
90328,2012-06-19,0.4103796922836642,0
90329,2012-06-19,0.29404643030234545,0
90330,2012-06-19,0.33618156091679446,0
90331,2012-06-19,0.4018118485991436,0
90332,2012-06-19,0.46864296986906573,1
90333,2012-06-19,0.3565347634835478,1
90334,2012-06-19,0.5434031127855697,0
90335,2012-06-19,0.20885998902322991,0
90336,2012-06-19,0.3732479997858796,1
90337,2012-06-19,0.4239708862334782,0
90338,2012-06-19,0.2654403767055098,1
90339,2012-06-19,0.40946631439274195,1
90340,2012-06-19,0.28477845056373746,0
90341,2012-06-19,0.2609104812888796,0
90342,2012-06-19,0.31138140782187845,1
90343,2012-06-19,0.30781057686656393,1
90344,2012-06-19,0.2216743503898904,0
90345,2012-06-19,0.31891305353093813,0
90346,2012-06-19,0.14466137783273425,0
90347,2012-06-19,0.2563011446540345,0
90348,2012-06-19,0.3034023335416475,0
90349,2012-06-19,0.4798227784152759,0
90350,2012-06-19,0.4505499190987734,1
90351,2012-06-19,0.3841262263792833,0
90352,2012-06-19,0.3391053055441269,0
90353,2012-06-19,0.4636048177773247,1
90354,2012-06-19,0.34725164149359233,1
90355,2012-06-19,0.35891143305253104,1
90356,2012-06-19,0.29434460010585106,1
90357,2012-06-19,0.35600026392987655,0
90358,2012-06-19,0.45473647809290535,0
90359,2012-06-19,0.5164535676446396,0
90360,2012-06-19,0.23009949852380868,1
90361,2012-06-19,0.3876784251843145,0
90362,2012-06-19,0.2719012903032296,0
90363,2012-06-19,0.36603363958455754,1
90364,2012-06-19,0.28131394414028993,0
90365,2012-06-19,0.18615268960228637,0
90366,2012-06-19,0.40077721273744354,1
90367,2012-06-19,0.3656455644758494,0
90368,2012-06-19,0.36610405377280186,0
90369,2012-06-19,0.44817585170859997,1
90370,2012-06-19,0.2390803569060018,0
90371,2012-06-19,0.2849124862661791,0
90372,2012-06-19,0.7214468456005344,0
90373,2012-06-19,0.4086724516201602,0
90374,2012-06-19,0.3467251087666871,1
90375,2012-06-19,0.2787441268264832,0
90376,2012-06-19,0.26613965368225684,0
90377,2012-06-19,0.21372786652566153,0
90378,2012-06-19,0.4275030516821496,0
90379,2012-06-19,0.417207630901367,0
90380,2012-06-19,0.180936370245494,0
90381,2012-06-19,0.2419667069275711,0
90382,2012-06-19,0.5403573215344607,1
90383,2012-06-19,0.27530125900475305,0
90384,2012-06-19,0.3485829973215301,1
90385,2012-06-19,0.4139004175013314,0
90386,2012-06-19,0.3669355622087132,1
90387,2012-06-19,0.32351706484033904,0
90388,2012-06-19,0.3616930119684335,0
90389,2012-06-19,0.3685828308595732,0
90390,2012-06-19,0.2375924683598224,0
90391,2012-06-19,0.2744217081833912,0
90392,2012-06-19,0.29491498568479985,1
90393,2012-06-19,0.4495387234649161,0
90394,2012-06-19,0.27062126449345686,1
90395,2012-06-19,0.42296948445189153,1
90396,2012-06-19,0.40390758808696753,1
90397,2012-06-19,0.20129981346034537,0
90398,2012-06-19,0.2298398263368057,0
90399,2012-06-19,0.3099317420482024,1
90400,2012-06-19,0.19653540139642697,0
90401,2012-06-19,0.252789563918683,0
90402,2012-06-19,0.31531524234530256,1
90403,2012-06-19,0.44663479988865695,1
90404,2012-06-19,0.31911101938020575,0
90405,2012-06-19,0.9393944850092084,1
90406,2012-06-19,0.44136239314224596,1
90407,2012-06-19,0.305352136461161,0
90408,2012-06-19,0.3497125596096617,0
90409,2012-06-19,0.5243399454020704,1
90410,2012-06-19,0.3071091851346496,0
90411,2012-06-19,0.21233085360912782,1
90412,2012-06-19,0.3187972171256672,0
90413,2012-06-19,0.399006208660335,0
90414,2012-06-19,0.45677350221452573,0
90415,2012-06-19,0.4293752890025723,0
90416,2012-06-19,0.3623305453963096,0
90417,2012-06-19,0.16180282753216563,0
90418,2012-06-19,0.35992484468572056,0
90419,2012-06-19,0.27953213525321985,0
90420,2012-06-20,0.32125977867101685,0
90421,2012-06-20,0.32851726281775623,0
90422,2012-06-20,0.3836251208175275,0
90423,2012-06-20,0.5019369352232931,1
90424,2012-06-20,0.1893609793675702,1
90425,2012-06-20,0.47153122433880096,1
90426,2012-06-20,0.27896747857837284,0
90427,2012-06-20,0.4480590169528931,1
90428,2012-06-20,0.2636849797396169,0
90429,2012-06-20,0.4100650524819918,1
90430,2012-06-20,0.3601261806310028,0
90431,2012-06-20,0.23340653749917287,0
90432,2012-06-20,0.3664615860363569,1
90433,2012-06-20,0.2910119027234373,0
90434,2012-06-20,0.19555862144597635,0
90435,2012-06-20,0.3781260931976454,0
90436,2012-06-20,0.4537082741042285,1
90437,2012-06-20,0.3378946783125304,0
90438,2012-06-20,0.31606085459067745,1
90439,2012-06-20,0.32157608869659426,1
90440,2012-06-20,0.37337785961048925,0
90441,2012-06-20,0.4165520829936995,1
90442,2012-06-20,0.26578714769738787,0
90443,2012-06-20,0.5648246426751556,1
90444,2012-06-20,0.27545384775270865,1
90445,2012-06-20,0.33326235485425376,1
90446,2012-06-20,0.3505834125479633,0
90447,2012-06-20,0.2642388687523409,1
90448,2012-06-20,0.5014193104672546,1
90449,2012-06-20,0.3319519052702815,1
90450,2012-06-20,0.17301175420621775,0
90451,2012-06-20,0.41050353192837324,0
90452,2012-06-20,0.2032882516924161,0
90453,2012-06-20,0.3357998181282577,1
90454,2012-06-20,0.33311773094143904,1
90455,2012-06-20,0.27703774169697626,0
90456,2012-06-20,0.2814209371127363,0
90457,2012-06-20,0.22498343779974406,0
90458,2012-06-20,0.26578694868449454,1
90459,2012-06-20,0.3782691976290337,0
90460,2012-06-20,0.35070283113585216,0
90461,2012-06-20,0.3811079261117193,0
90462,2012-06-20,0.29708322153717587,0
90463,2012-06-20,0.29241987498482,0
90464,2012-06-20,0.32155593812524,1
90465,2012-06-20,0.4466208857453442,1
90466,2012-06-20,0.33916026169774066,1
90467,2012-06-20,0.29269834677803425,0
90468,2012-06-20,0.27157289615479535,0
90469,2012-06-20,0.23937523220490411,0
90470,2012-06-20,0.34273424031667077,1
90471,2012-06-20,0.18954156649013193,0
90472,2012-06-20,0.24660888764361463,0
90473,2012-06-20,0.2454974146995554,0
90474,2012-06-20,0.32141768114858177,0
90475,2012-06-20,0.24794574539649092,0
90476,2012-06-20,0.3634698727480908,0
90477,2012-06-20,0.4978946032959751,1
90478,2012-06-20,0.24976046626565368,0
90479,2012-06-20,0.3179161114733332,0
90480,2012-06-20,0.4081231232390596,0
90481,2012-06-20,0.19325123466864574,0
90482,2012-06-20,0.3416321809773407,0
90483,2012-06-20,0.269539325213981,0
90484,2012-06-20,0.30334361861763287,1
90485,2012-06-20,0.4163242158284383,1
90486,2012-06-20,0.2736980440158779,0
90487,2012-06-20,0.2675091407422046,0
90488,2012-06-20,0.34809963926496396,0
90489,2012-06-20,0.32928902223097944,0
90490,2012-06-20,0.2144609746014468,0
90491,2012-06-20,0.2123681631806583,1
90492,2012-06-20,0.2940791105104079,0
90493,2012-06-20,0.2830439427879458,0
90494,2012-06-20,0.3096006304429667,1
90495,2012-06-20,0.29876335995969217,1
90496,2012-06-20,0.2845407170374768,1
90497,2012-06-20,0.45678550591235145,1
90498,2012-06-20,0.23549940988115892,0
90499,2012-06-20,0.4483121887157658,1
90500,2012-06-20,0.3518042763153355,0
90501,2012-06-20,0.3918884660719334,1
90502,2012-06-20,0.38722307946776313,1
90503,2012-06-20,0.3180415381694193,0
90504,2012-06-20,0.3843328078923863,0
90505,2012-06-20,0.22195945098304862,0
90506,2012-06-20,0.38043823790358433,0
90507,2012-06-20,0.3904627711237474,1
90508,2012-06-20,0.37312206742668513,0
90509,2012-06-20,0.8588469853255496,0
90510,2012-06-20,0.41152111037991834,1
90511,2012-06-20,0.3150764624968693,0
90512,2012-06-20,0.2615296848387657,0
90513,2012-06-20,0.33954861798698854,0
90514,2012-06-20,0.19625944789021946,1
90515,2012-06-20,0.27626220706664184,0
90516,2012-06-20,0.3610877838872693,1
90517,2012-06-20,0.4473564916857518,1
90518,2012-06-20,0.13924984292708,0
90519,2012-06-20,0.24781742203076176,1
90520,2012-06-20,0.3011070020954902,1
90521,2012-06-20,0.2430409762540114,0
90522,2012-06-20,0.28513232507720965,1
90523,2012-06-20,0.34395406128120265,0
90524,2012-06-20,0.3121832917747532,1
90525,2012-06-20,0.3246626701103139,0
90526,2012-06-20,0.19153338186522212,0
90527,2012-06-20,0.33166880197255544,0
90528,2012-06-20,0.3973495821593282,1
90529,2012-06-20,0.31591521722968796,0
90530,2012-06-20,0.2634502170315065,1
90531,2012-06-20,0.32501550256576567,0
90532,2012-06-20,0.33287686169837055,0
90533,2012-06-20,0.3601468722777274,0
90534,2012-06-20,0.2879293800038187,0
90535,2012-06-20,0.25620651536852557,1
90536,2012-06-20,0.23009853859786475,1
90537,2012-06-20,0.3172768281447497,1
90538,2012-06-20,0.5373560702669705,0
90539,2012-06-20,0.23507942211333038,1
90540,2012-06-20,0.4854027972766982,1
90541,2012-06-20,0.34485441593808003,0
90542,2012-06-20,0.34111456218027875,1
90543,2012-06-20,0.198959134970259,1
90544,2012-06-20,0.3273170666449514,1
90545,2012-06-20,0.23618076656757875,0
90546,2012-06-21,0.28824613971802415,1
90547,2012-06-21,0.3514799370709887,1
90548,2012-06-21,0.35378951817850357,1
90549,2012-06-21,0.4919727393906733,1
90550,2012-06-21,0.5499062663312383,1
90551,2012-06-21,0.35141395384293994,0
90552,2012-06-21,0.37086845585286327,1
90553,2012-06-21,0.2720827150102973,1
90554,2012-06-21,0.422729428183253,0
90555,2012-06-21,0.32840832518910906,1
90556,2012-06-21,0.29740227270180963,0
90557,2012-06-21,0.19550658121076836,0
90558,2012-06-21,0.26162464369167676,1
90559,2012-06-21,0.27891057015844756,0
90560,2012-06-21,0.4317182484352283,0
90561,2012-06-21,0.4170895167778195,0
90562,2012-06-21,0.3231108074260244,1
90563,2012-06-21,0.2350624283795217,0
90564,2012-06-21,0.3981959097746171,0
90565,2012-06-21,0.2473282936632463,0
90566,2012-06-21,0.4171473772566581,1
90567,2012-06-21,0.328717247551247,0
90568,2012-06-21,0.39001974685188157,0
90569,2012-06-21,0.5605050441077742,1
90570,2012-06-21,0.34536801352531676,0
90571,2012-06-21,0.4723372225165568,1
90572,2012-06-21,0.25421289415996523,0
90573,2012-06-21,0.45575453007852845,0
90574,2012-06-21,0.3143721585623194,0
90575,2012-06-21,0.4308374255822739,0
90576,2012-06-21,0.4221479510757191,1
90577,2012-06-21,0.3341234793149555,0
90578,2012-06-21,0.44316013234605456,0
90579,2012-06-21,0.4757514612530026,1
90580,2012-06-21,0.5337336190263369,1
90581,2012-06-21,0.4656635109307652,1
90582,2012-06-21,0.2672104776197166,0
90583,2012-06-21,0.23187173261361807,0
90584,2012-06-21,0.9222847475256692,1
90585,2012-06-21,0.14341805601232557,1
90586,2012-06-21,0.32325633705095497,0
90587,2012-06-21,0.34719537323508437,1
90588,2012-06-21,0.3230799519707281,1
90589,2012-06-21,0.39060580924992105,1
90590,2012-06-21,0.28026858126231813,0
90591,2012-06-21,0.26892477142919086,1
90592,2012-06-21,0.5863653066146394,1
90593,2012-06-21,0.25130850861594517,0
90594,2012-06-21,0.28458871796130714,0
90595,2012-06-21,0.32817172064220995,0
90596,2012-06-21,0.3626349543258706,1
90597,2012-06-21,0.3908537212984102,1
90598,2012-06-21,0.2863172726293108,1
90599,2012-06-21,0.2751990439158537,0
90600,2012-06-21,0.4729267484980556,1
90601,2012-06-21,0.4891852872560838,1
90602,2012-06-21,0.21831638088280908,1
90603,2012-06-21,0.5027449573292898,1
90604,2012-06-21,0.5211404336224972,1
90605,2012-06-21,0.37530557078146126,1
90606,2012-06-21,0.24898213484681475,1
90607,2012-06-21,0.23951765281414755,0
90608,2012-06-21,0.33579699992446843,0
90609,2012-06-21,0.3727281245948789,0
90610,2012-06-21,0.3403434027828688,0
90611,2012-06-21,0.2783872420300527,1
90612,2012-06-21,0.20394298119676943,0
90613,2012-06-21,0.40999288948137846,0
90614,2012-06-21,0.3405280627412179,0
90615,2012-06-21,0.38628223062497935,1
90616,2012-06-21,0.3703679591663856,0
90617,2012-06-21,0.2565888278422485,0
90618,2012-06-21,0.41066303326484266,1
90619,2012-06-21,0.447011842530401,1
90620,2012-06-21,0.2706394341446878,1
90621,2012-06-21,0.30727490939050184,1
90622,2012-06-21,0.3473777335905909,0
90623,2012-06-21,0.1614929441565689,0
90624,2012-06-21,0.41319267023473744,0
90625,2012-06-21,0.2524915343111614,0
90626,2012-06-21,0.5405662701385462,0
90627,2012-06-21,0.318758659879855,0
90628,2012-06-21,0.20591519960511326,0
90629,2012-06-21,0.17636718999219936,0
90630,2012-06-21,0.26769048297545517,1
90631,2012-06-21,0.4734114713964899,0
90632,2012-06-21,0.3064794180377088,0
90633,2012-06-21,0.2941734114142439,0
90634,2012-06-21,0.26547301213149993,1
90635,2012-06-21,0.4828959329102844,1
90636,2012-06-21,0.28012160939997616,1
90637,2012-06-21,0.5239860505005164,0
90638,2012-06-21,0.3099463507544214,1
90639,2012-06-21,0.3655453865752753,1
90640,2012-06-21,0.3506722895534122,1
90641,2012-06-21,0.2667612155743551,0
90642,2012-06-21,0.15299933987982664,1
90643,2012-06-21,0.3510408195285027,1
90644,2012-06-21,0.4163028510444868,0
90645,2012-06-21,0.25839201554269003,0
90646,2012-06-22,0.331528364710558,0
90647,2012-06-22,0.26420323396686485,0
90648,2012-06-22,0.2987466330339037,1
90649,2012-06-22,0.3591220050603715,0
90650,2012-06-22,0.4044743737930349,1
90651,2012-06-22,0.4239479201298282,0
90652,2012-06-22,0.3354386130896783,1
90653,2012-06-22,0.2541051983475481,0
90654,2012-06-22,0.41953669121588516,0
90655,2012-06-22,0.38486356039678155,0
90656,2012-06-22,0.3098454492472049,0
90657,2012-06-22,0.23160358641297282,0
90658,2012-06-22,0.33572751577068505,0
90659,2012-06-22,0.383281888103163,1
90660,2012-06-22,0.259647480154703,1
90661,2012-06-22,0.39877492842554835,0
90662,2012-06-22,0.2866461458168876,0
90663,2012-06-22,0.1303211331935623,0
90664,2012-06-22,0.4953791915537773,0
90665,2012-06-22,0.31971606074440506,1
90666,2012-06-22,0.24774005924927062,0
90667,2012-06-22,0.3442753397621495,0
90668,2012-06-22,0.49188981233503654,0
90669,2012-06-22,0.42325807923975217,0
90670,2012-06-22,0.3242658613588086,0
90671,2012-06-22,0.23830283958964318,1
90672,2012-06-22,0.4549584339372925,0
90673,2012-06-22,0.21696425812873446,1
90674,2012-06-22,0.35976594287812597,1
90675,2012-06-22,0.2653497118036081,0
90676,2012-06-22,0.35366179993913505,1
90677,2012-06-22,0.29149405677928625,0
90678,2012-06-22,0.5357051018742426,1
90679,2012-06-22,0.4297461839922265,1
90680,2012-06-22,0.4651978700093722,1
90681,2012-06-22,0.4438591508059814,0
90682,2012-06-22,0.5201250870728173,1
90683,2012-06-22,0.23933953308103656,1
90684,2012-06-22,0.35581202251645444,0
90685,2012-06-22,0.28546982490236045,0
90686,2012-06-22,0.29999458051958605,0
90687,2012-06-22,0.3979934836786353,0
90688,2012-06-22,0.3272982288873247,1
90689,2012-06-22,0.22149488312422294,0
90690,2012-06-22,0.21466266349172908,0
90691,2012-06-22,0.31568673456372176,1
90692,2012-06-22,0.5306959160689226,1
90693,2012-06-22,0.26622166960005506,0
90694,2012-06-22,0.40847604631957246,0
90695,2012-06-22,0.2836299927506404,0
90696,2012-06-22,0.6195428790146695,1
90697,2012-06-22,0.6289546614476413,1
90698,2012-06-22,0.32631057848161565,0
90699,2012-06-22,0.2885153833601937,0
90700,2012-06-22,0.36605094374883856,0
90701,2012-06-22,0.27771862338656333,0
90702,2012-06-22,0.2090327089029325,0
90703,2012-06-22,0.2536973796598716,0
90704,2012-06-22,0.21506937749910823,0
90705,2012-06-22,0.7254963957508425,1
90706,2012-06-22,0.4103204822010788,1
90707,2012-06-22,0.2718428797573868,1
90708,2012-06-22,0.2645269387747854,0
90709,2012-06-22,0.18892092536512953,0
90710,2012-06-22,0.43364287949066027,1
90711,2012-06-22,0.41887470052323433,1
90712,2012-06-22,0.42628198288121655,1
90713,2012-06-22,0.36706283777932197,0
90714,2012-06-22,0.32328424359106683,0
90715,2012-06-22,0.27630548175155445,1
90716,2012-06-22,0.2552482614008505,0
90717,2012-06-22,0.18411097399314796,0
90718,2012-06-22,0.2850981795584469,0
90719,2012-06-22,0.5068918215407626,0
90720,2012-06-22,0.3639310050607567,0
90721,2012-06-23,0.20478058090695866,1
90722,2012-06-23,0.3654128572485391,1
90723,2012-06-23,0.3283810507859676,0
90724,2012-06-23,0.4915516878634865,1
90725,2012-06-23,0.32964172619270793,0
90726,2012-06-23,0.23332062295704883,0
90727,2012-06-23,0.2242462728508439,0
90728,2012-06-23,0.29521777144335565,0
90729,2012-06-23,0.43769762078773766,0
90730,2012-06-23,0.31058645761425824,0
90731,2012-06-23,0.3719895442317188,0
90732,2012-06-23,0.3388842955974621,0
90733,2012-06-23,0.3587621999154059,0
90734,2012-06-23,0.3111027185987824,1
90735,2012-06-23,0.209651609883264,0
90736,2012-06-23,0.3874487057749324,0
90737,2012-06-23,0.37257221857197903,1
90738,2012-06-23,0.2543545611124073,1
90739,2012-06-23,0.28807478552800947,1
90740,2012-06-23,0.24401998837779754,0
90741,2012-06-23,0.4344384455221977,0
90742,2012-06-23,0.3755655896183312,1
90743,2012-06-23,0.3815805309723601,0
90744,2012-06-23,0.4217950463541081,0
90745,2012-06-23,0.30629623116243254,1
90746,2012-06-23,0.33317600006143905,0
90747,2012-06-23,0.801969148062435,1
90748,2012-06-23,0.29743815575717714,1
90749,2012-06-23,0.1482552166278327,0
90750,2012-06-23,0.417274234497551,0
90751,2012-06-23,0.2701958912167025,1
90752,2012-06-23,0.4258457551373791,1
90753,2012-06-23,0.550480821587327,1
90754,2012-06-23,0.25045310604044224,0
90755,2012-06-23,0.33877533669375876,0
90756,2012-06-23,0.414646805036509,1
90757,2012-06-23,0.9192126601612335,0
90758,2012-06-23,0.4033124140503418,0
90759,2012-06-23,0.32568232648275913,0
90760,2012-06-23,0.26278908908183285,1
90761,2012-06-23,0.33196946808007183,0
90762,2012-06-23,0.5019287322694281,0
90763,2012-06-23,0.19043274835397467,0
90764,2012-06-23,0.339532877684681,0
90765,2012-06-23,0.6008417287601402,1
90766,2012-06-23,0.36788423001756776,0
90767,2012-06-23,0.18480209379104612,1
90768,2012-06-23,0.27954339402673817,0
90769,2012-06-23,0.3560673315612201,1
90770,2012-06-23,0.2932566082571712,0
90771,2012-06-23,0.15259043066523462,1
90772,2012-06-23,0.24630181043385185,1
90773,2012-06-23,0.48082780780409845,0
90774,2012-06-24,0.2839415036140581,0
90775,2012-06-24,0.2937121799729254,1
90776,2012-06-24,0.31950110718322794,0
90777,2012-06-24,0.501896708326717,0
90778,2012-06-24,0.297609198453235,0
90779,2012-06-24,0.3470375572922003,1
90780,2012-06-24,0.45719126138203575,1
90781,2012-06-24,0.5298754524547646,1
90782,2012-06-24,0.31218041732824625,1
90783,2012-06-24,0.3663014334480273,0
90784,2012-06-24,0.2128296960924032,0
90785,2012-06-24,0.3701029603186112,0
90786,2012-06-24,0.23896250706983582,0
90787,2012-06-24,0.2583820094287605,0
90788,2012-06-24,0.3064594746646082,0
90789,2012-06-24,0.34632635308285215,0
90790,2012-06-24,0.2957725915363766,0
90791,2012-06-24,0.43681015305623055,1
90792,2012-06-24,0.29353417896507633,1
90793,2012-06-24,0.262321806269399,0
90794,2012-06-24,0.30147192860338834,1
90795,2012-06-24,0.3279418144826288,0
90796,2012-06-24,0.3276165177437319,0
90797,2012-06-24,0.29581442146671194,1
90798,2012-06-24,0.3606087536116911,0
90799,2012-06-24,0.3166644852698688,0
90800,2012-06-24,0.29766465643866225,1
90801,2012-06-24,0.31493745530886963,1
90802,2012-06-24,0.4794502554557777,0
90803,2012-06-24,0.3190342224222451,1
90804,2012-06-24,0.3243442901437862,0
90805,2012-06-24,0.3279796841681309,0
90806,2012-06-24,0.32708052439926555,0
90807,2012-06-24,0.14976800403998733,0
90808,2012-06-24,0.30407366431748034,0
90809,2012-06-24,0.3846548000318897,1
90810,2012-06-24,0.31426224316847307,0
90811,2012-06-24,0.1671609534024015,0
90812,2012-06-24,0.2668981515017963,0
90813,2012-06-24,0.26329832017590077,0
90814,2012-06-24,0.16641547002027035,1
90815,2012-06-24,0.3435147542738558,0
90816,2012-06-24,0.48484792268981525,1
90817,2012-06-24,0.45124872847597164,0
90818,2012-06-24,0.30815901258551953,1
90819,2012-06-24,0.3022046595362259,0
90820,2012-06-24,0.18750288843774562,0
90821,2012-06-24,0.3379292288212737,0
90822,2012-06-24,0.45050902827505274,1
90823,2012-06-24,0.2526586127335935,1
90824,2012-06-24,0.2931295376940505,1
90825,2012-06-24,0.27930403164946965,0
90826,2012-06-24,0.29306793782978147,0
90827,2012-06-24,0.3906512156008555,1
90828,2012-06-24,0.21063709685329934,0
90829,2012-06-24,0.2999338069273286,0
90830,2012-06-24,0.28070330178138236,0
90831,2012-06-24,0.4032083290682568,1
90832,2012-06-24,0.35386622247439703,0
90833,2012-06-24,0.15886644436558034,0
90834,2012-06-24,0.38094080680080117,1
90835,2012-06-24,0.2884148280487194,0
90836,2012-06-24,0.4033509904903236,1
90837,2012-06-24,0.3637047717272533,0
90838,2012-06-24,0.20145970806243577,0
90839,2012-06-24,0.45178406974263663,0
90840,2012-06-24,0.2637941937230774,1
90841,2012-06-24,0.3657481254659711,0
90842,2012-06-24,0.3229858118556457,0
90843,2012-06-24,0.35196783048982566,1
90844,2012-06-24,0.23455211942776086,1
90845,2012-06-24,0.28004514740238695,0
90846,2012-06-24,0.4677724959144313,1
90847,2012-06-24,0.33471963879525196,0
90848,2012-06-24,0.47015447988525005,0
90849,2012-06-24,0.2764968226171852,0
90850,2012-06-24,0.24470220022688866,1
90851,2012-06-24,0.3550927613478109,0
90852,2012-06-24,0.5355900571850671,0
90853,2012-06-24,0.36882597284817015,0
90854,2012-06-24,0.35164238932419106,0
90855,2012-06-24,0.46899700403977784,0
90856,2012-06-24,0.33388030913002154,0
90857,2012-06-24,0.3183908219660955,0
90858,2012-06-24,0.2840677196156425,1
90859,2012-06-24,0.28413811488597523,1
90860,2012-06-24,0.3151603530529146,0
90861,2012-06-24,0.22697437984528157,0
90862,2012-06-24,0.396674492556818,0
90863,2012-06-24,0.20682229720199372,0
90864,2012-06-24,0.36102191402529404,1
90865,2012-06-24,0.19545479091951337,1
90866,2012-06-24,0.35488771734915664,0
90867,2012-06-24,0.28107385323081713,1
90868,2012-06-24,0.3821287256669925,0
90869,2012-06-24,0.3534014717396561,0
90870,2012-06-24,0.5521231695601629,1
90871,2012-06-24,0.5006265194028955,1
90872,2012-06-24,0.4373173052326064,1
90873,2012-06-24,0.27310916899814436,0
90874,2012-06-24,0.228267999302659,0
90875,2012-06-24,0.40223745540206973,1
90876,2012-06-24,0.3774724052921408,1
90877,2012-06-24,0.6633021470147834,1
90878,2012-06-24,0.2366976832747131,1
90879,2012-06-24,0.4283301922812913,0
90880,2012-06-24,0.37552141590208443,1
90881,2012-06-24,0.36321238835330405,1
90882,2012-06-24,0.36820883893531375,0
90883,2012-06-24,0.28379097384692514,0
90884,2012-06-24,0.33291957339054384,0
90885,2012-06-24,0.3687632391854808,0
90886,2012-06-24,0.24065956769649274,0
90887,2012-06-24,0.3250407471247278,0
90888,2012-06-24,0.3338586688640115,0
90889,2012-06-24,0.25792898621537447,1
90890,2012-06-24,0.38360186603076063,1
90891,2012-06-24,0.2766369536319262,0
90892,2012-06-24,0.34756588331369187,1
90893,2012-06-24,0.49576754214759494,1
90894,2012-06-24,0.26796870329605305,0
90895,2012-06-24,0.5721082771821582,1
90896,2012-06-24,0.3665771687887645,0
90897,2012-06-24,0.23554195043617784,0
90898,2012-06-24,0.306763025871317,0
90899,2012-06-24,0.32062883501370115,0
90900,2012-06-24,0.35968633042815346,0
90901,2012-06-24,0.337450729143419,0
90902,2012-06-24,0.2889346912415474,0
90903,2012-06-24,0.2380834020648342,0
90904,2012-06-24,0.36745281218038706,0
90905,2012-06-24,0.24721249126038047,0
90906,2012-06-24,0.34421492932685716,1
90907,2012-06-24,0.22008276446368605,0
90908,2012-06-24,0.3754724388135163,0
90909,2012-06-24,0.46966408392038905,1
90910,2012-06-24,0.2749463347657007,1
90911,2012-06-24,0.1256832134274443,0
90912,2012-06-24,0.3669114029136117,0
90913,2012-06-24,0.3260957023760828,1
90914,2012-06-24,0.27298154486061504,1
90915,2012-06-24,0.45520961560817375,1
90916,2012-06-24,0.12889034271967592,0
90917,2012-06-24,0.3419834802068243,0
90918,2012-06-24,0.23048118846756452,0
90919,2012-06-24,0.40117754267196887,0
90920,2012-06-24,0.31465746469046685,0
90921,2012-06-24,0.24315654662724676,0
90922,2012-06-24,0.3000028061403218,1
90923,2012-06-24,0.30278379856975185,1
90924,2012-06-24,0.23113760056858473,1
90925,2012-06-24,0.2956562302355594,0
90926,2012-06-24,0.33291938527246684,0
90927,2012-06-24,0.28897213542554984,1
90928,2012-06-24,0.3419805241470739,0
90929,2012-06-24,0.5110259063322674,1
90930,2012-06-24,0.3529676009989062,1
90931,2012-06-24,0.4501809454189977,1
90932,2012-06-24,0.24627387014836702,0
90933,2012-06-24,0.2721719959558563,0
90934,2012-06-24,0.316227068828869,1
90935,2012-06-24,0.35461466527430135,1
90936,2012-06-24,0.32488002298509644,0
90937,2012-06-24,0.33103076869088194,0
90938,2012-06-24,0.3053333582287606,0
90939,2012-06-24,0.24013065609396156,1
90940,2012-06-24,0.38498201347602384,1
90941,2012-06-24,0.36125834822326247,0
90942,2012-06-24,0.2538191756964927,0
90943,2012-06-24,0.3046213232914926,0
90944,2012-06-24,0.40584717598273196,0
90945,2012-06-24,0.2531710768529838,0
90946,2012-06-24,0.2596085984566405,0
90947,2012-06-24,0.4466266754387565,0
90948,2012-06-24,0.3386082454161487,1
90949,2012-06-24,0.44671921588654157,0
90950,2012-06-24,0.3604489138740115,0
90951,2012-06-24,0.3099136510037203,0
90952,2012-06-24,0.2008248054502293,0
90953,2012-06-24,0.4447185449055926,1
90954,2012-06-24,0.39833324116179786,1
90955,2012-06-24,0.26332861177819883,1
90956,2012-06-24,0.2948430911147967,0
90957,2012-06-24,0.21732928974688856,0
90958,2012-06-24,0.2991812363013637,0
90959,2012-06-24,0.19742847800274538,0
90960,2012-06-24,0.3195367732747198,1
90961,2012-06-24,0.3274359413500246,1
90962,2012-06-24,0.3680853331217316,0
90963,2012-06-24,0.39207374362390257,0
90964,2012-06-24,0.2662264139361103,0
90965,2012-06-24,0.36243050842788865,0
90966,2012-06-24,0.3406696424521034,1
90967,2012-06-24,0.5716479713843668,0
90968,2012-06-24,0.2929879537430301,1
90969,2012-06-24,0.3815202333568694,0
90970,2012-06-24,0.31675769912405605,0
90971,2012-06-24,0.23821175308443188,0
90972,2012-06-24,0.40893430918666984,1
90973,2012-06-24,0.283228233583068,0
90974,2012-06-24,0.2507559839933272,1
90975,2012-06-24,0.36729973325996834,0
90976,2012-06-24,0.2168935708771774,1
90977,2012-06-24,0.3388271380225305,0
90978,2012-06-24,0.21179477902321672,0
90979,2012-06-24,0.3297209244783533,0
90980,2012-06-24,0.6425614290010968,1
90981,2012-06-24,0.2502476663216294,0
90982,2012-06-24,0.42049791381253976,1
90983,2012-06-24,0.41291069092453936,1
90984,2012-06-24,0.3136320222440903,1
90985,2012-06-24,0.27983399993597186,1
90986,2012-06-24,0.28022755448761205,0
90987,2012-06-24,0.4047142302644825,0
90988,2012-06-24,0.3672819357509506,0
90989,2012-06-24,0.2885365143845347,1
90990,2012-06-24,0.30601805834445195,1
90991,2012-06-24,0.3240357781577987,0
90992,2012-06-24,0.2680080397869556,0
90993,2012-06-24,0.3803527673230831,0
90994,2012-06-24,0.5843414214685789,0
90995,2012-06-24,0.3321738630063296,0
90996,2012-06-24,0.21352068855868975,1
90997,2012-06-24,0.30890742897418355,0
90998,2012-06-24,0.39287042719555754,0
90999,2012-06-24,0.4603837096730362,1
91000,2012-06-24,0.35639407765387304,1
91001,2012-06-24,0.4057265067903867,0
91002,2012-06-24,0.5538602052473903,0
91003,2012-06-24,0.3067038235017851,0
91004,2012-06-24,0.34813752614969834,1
91005,2012-06-24,0.34656392231208644,0
91006,2012-06-24,0.32397932669834467,1
91007,2012-06-24,0.5246380715347563,1
91008,2012-06-24,0.2403535847439838,0
91009,2012-06-24,0.4548385674199937,1
91010,2012-06-24,0.446056020040382,0
91011,2012-06-24,0.3461865054215669,0
91012,2012-06-24,0.3329316785846616,0
91013,2012-06-24,0.4123475193712127,0
91014,2012-06-24,0.40712631934982535,1
91015,2012-06-24,0.2897599238836435,0
91016,2012-06-24,0.24768758561847115,0
91017,2012-06-24,0.217246904929802,0
91018,2012-06-24,0.31309904211619727,0
91019,2012-06-24,0.35684210950617784,0
91020,2012-06-24,0.4758596259121966,0
91021,2012-06-24,0.26421796437354783,0
91022,2012-06-24,0.2653925090409695,0
91023,2012-06-24,0.2899920362525331,0
91024,2012-06-24,0.4304310400712565,0
91025,2012-06-24,0.2631771862725195,0
91026,2012-06-24,0.37271278525102747,0
91027,2012-06-24,0.17566949764872453,0
91028,2012-06-24,0.3252351609408476,0
91029,2012-06-24,0.2877953106724073,1
91030,2012-06-24,0.5275080255207393,0
91031,2012-06-24,0.3887561347260259,0
91032,2012-06-24,0.19995688797989156,0
91033,2012-06-24,0.27702864554580847,1
91034,2012-06-24,0.37608237243870196,0
91035,2012-06-24,0.2181506133622742,0
91036,2012-06-24,0.4549601402818949,0
91037,2012-06-24,0.316262039531742,1
91038,2012-06-24,0.252182913530805,0
91039,2012-06-24,0.22910458571683712,0
91040,2012-06-24,0.2413812047595479,1
91041,2012-06-24,0.28305003434248555,0
91042,2012-06-24,0.3104827243345285,0
91043,2012-06-24,0.2764290361437516,0
91044,2012-06-24,0.24804684661047566,0
91045,2012-06-24,0.29153137841809895,0
91046,2012-06-24,0.3055579176658699,0
91047,2012-06-24,0.33184918981448847,0
91048,2012-06-24,0.5171849984279595,0
91049,2012-06-24,0.32135667673348733,1
91050,2012-06-24,0.4363893886968909,0
91051,2012-06-24,0.34303749405877615,0
91052,2012-06-24,0.37793819770592046,1
91053,2012-06-24,0.39709212267581573,0
91054,2012-06-24,0.16898054982120106,1
91055,2012-06-24,0.251164673248198,0
91056,2012-06-24,0.39817502170026675,0
91057,2012-06-24,0.3157477701965436,1
91058,2012-06-24,0.438923421830335,0
91059,2012-06-24,0.29060349118303397,0
91060,2012-06-24,0.4095155563418662,1
91061,2012-06-24,0.35513199939986,0
91062,2012-06-24,0.3056948403005551,0
91063,2012-06-24,0.2909666153544392,0
91064,2012-06-24,0.4565134426651555,1
91065,2012-06-24,0.290876611530068,1
91066,2012-06-24,0.4096256656771722,0
91067,2012-06-24,0.32755999936054164,0
91068,2012-06-24,0.27771013380776977,0
91069,2012-06-24,0.22457474841976885,0
91070,2012-06-24,0.36540560707392955,1
91071,2012-06-24,0.35164330579287784,0
91072,2012-06-24,0.33627518689358943,1
91073,2012-06-24,0.32922923009626925,1
91074,2012-06-24,0.2538604533311354,1
91075,2012-06-24,0.2937317191383219,0
91076,2012-06-24,0.3996939887136584,1
91077,2012-06-24,0.21376853383099928,1
91078,2012-06-24,0.37403444921321377,0
91079,2012-06-24,0.2535607310702703,0
91080,2012-06-24,0.3712815890309028,0
91081,2012-06-24,0.21458348897856824,1
91082,2012-06-24,0.24964482588809045,0
91083,2012-06-24,0.3116086211484117,0
91084,2012-06-24,0.2768506640305035,0
91085,2012-06-24,0.2123100879637738,0
91086,2012-06-24,0.3389301061785685,0
91087,2012-06-24,0.18787247233070503,0
91088,2012-06-24,0.3006724001262806,1
91089,2012-06-24,0.33489738373992295,0
91090,2012-06-24,0.3567317350228858,0
91091,2012-06-24,0.2242941962873302,0
91092,2012-06-24,0.4226288515520143,1
91093,2012-06-24,0.28793180229437326,1
91094,2012-06-24,0.423841527974107,1
91095,2012-06-24,0.1677399237257225,1
91096,2012-06-24,0.36318504229427556,0
91097,2012-06-24,0.1703438890822899,0
91098,2012-06-24,0.4690828032815134,1
91099,2012-06-24,0.26193440777290117,0
91100,2012-06-24,0.37340577665019603,0
91101,2012-06-24,0.2992643618381499,0
91102,2012-06-24,0.28650156374617625,0
91103,2012-06-24,0.35706271378620197,1
91104,2012-06-24,0.3317437635310729,0
91105,2012-06-24,0.20218951704291183,0
91106,2012-06-24,0.17508776698725398,0
91107,2012-06-24,0.2598396725279641,0
91108,2012-06-24,0.35915551521637123,1
91109,2012-06-24,0.3720007127989609,1
91110,2012-06-24,0.5067316624633449,1
91111,2012-06-24,0.21657645984118915,0
91112,2012-06-24,0.3694509736163631,1
91113,2012-06-24,0.2705688661806256,0
91114,2012-06-24,0.17816776612764385,1
91115,2012-06-24,0.3044646367547359,1
91116,2012-06-24,0.28307195763024434,0
91117,2012-06-24,0.24927974279300005,0
91118,2012-06-24,0.3047598837203267,1
91119,2012-06-24,0.5027258900447664,1
91120,2012-06-24,0.22250970210241766,0
91121,2012-06-24,0.2750427164729471,0
91122,2012-06-24,0.20857810716939362,0
91123,2012-06-24,0.2571600659399506,0
91124,2012-06-24,0.3012912920397048,0
91125,2012-06-24,0.5509745660433213,1
91126,2012-06-24,0.28699711191681887,0
91127,2012-06-24,0.36633563862675855,1
91128,2012-06-24,0.349233766126255,0
91129,2012-06-24,0.24726060833249755,0
91130,2012-06-24,0.24230999909021372,1
91131,2012-06-24,0.19448485067292723,0
91132,2012-06-24,0.3347471077200555,0
91133,2012-06-24,0.6040363479108559,1
91134,2012-06-24,0.30659487530589347,0
91135,2012-06-24,0.1888829940800115,1
91136,2012-06-24,0.32746320973547094,1
91137,2012-06-24,0.19430573094433112,0
91138,2012-06-24,0.3848456928231087,0
91139,2012-06-24,0.474261556392685,1
91140,2012-06-24,0.2147857893727445,1
91141,2012-06-24,0.3727113565465819,1
91142,2012-06-24,0.28629650871435286,1
91143,2012-06-24,0.22542829440082449,0
91144,2012-06-24,0.3534961756874021,0
91145,2012-06-24,0.43495685976528864,1
91146,2012-06-24,0.32958760250590413,1
91147,2012-06-24,0.1767449492284666,0
91148,2012-06-24,0.4741237519717629,1
91149,2012-06-24,0.22639281089350657,0
91150,2012-06-24,0.4445420961956305,1
91151,2012-06-24,0.2791146068439169,0
91152,2012-06-24,0.29654087327866907,0
91153,2012-06-24,0.26755813640496545,1
91154,2012-06-24,0.3074136456131794,0
91155,2012-06-24,0.4440571949387801,0
91156,2012-06-24,0.33515066487351214,0
91157,2012-06-24,0.3687586047202956,1
91158,2012-06-24,0.14601792696214397,0
91159,2012-06-24,0.2812024168828504,0
91160,2012-06-24,0.2830929031624517,0
91161,2012-06-24,0.2138387918006649,1
91162,2012-06-24,0.2515397746355715,1
91163,2012-06-24,0.4266571039672393,1
91164,2012-06-24,0.4304658096751271,1
91165,2012-06-24,0.21402363205828925,0
91166,2012-06-24,0.35349415016753427,0
91167,2012-06-24,0.3079827125851781,1
91168,2012-06-24,0.22875133996614713,0
91169,2012-06-24,0.31915817376017236,0
91170,2012-06-24,0.3407112209594344,0
91171,2012-06-24,0.35543196724437753,1
91172,2012-06-24,0.36276953167405024,1
91173,2012-06-24,0.13890290615614706,0
91174,2012-06-24,0.2883239328592177,1
91175,2012-06-24,0.3494541135039586,0
91176,2012-06-24,0.29313457661429276,0
91177,2012-06-24,0.3377003734180068,1
91178,2012-06-24,0.40011837332359074,1
91179,2012-06-24,0.2919016518584074,1
91180,2012-06-24,0.3271354008067085,1
91181,2012-06-24,0.5061062240491019,1
91182,2012-06-24,0.3172933890988209,1
91183,2012-06-24,0.3312142842525449,1
91184,2012-06-24,0.27755423250387495,1
91185,2012-06-24,0.31094002813750676,1
91186,2012-06-24,0.2867124791436498,1
91187,2012-06-24,0.2589645949185419,0
91188,2012-06-24,0.308479945939931,0
91189,2012-06-24,0.3753452987780981,1
91190,2012-06-24,0.26906601859977936,0
91191,2012-06-24,0.31183685862548904,0
91192,2012-06-24,0.2855102502025038,0
91193,2012-06-24,0.2557590805722718,1
91194,2012-06-24,0.27148002793031367,0
91195,2012-06-24,0.42848412905142663,1
91196,2012-06-24,0.48308382576520836,0
91197,2012-06-24,0.2188411522853496,1
91198,2012-06-24,0.3183319013750863,1
91199,2012-06-24,0.420014223704537,1
91200,2012-06-24,0.2147688825713261,0
91201,2012-06-24,0.26386853703864016,0
91202,2012-06-24,0.478251700983633,1
91203,2012-06-24,0.315145292330996,1
91204,2012-06-24,0.4007726623039184,1
91205,2012-06-24,0.3960864448268467,1
91206,2012-06-24,0.19042247025876963,1
91207,2012-06-24,0.2894015761752988,0
91208,2012-06-24,0.32003187855589194,0
91209,2012-06-24,0.32590216739808786,0
91210,2012-06-24,0.27208104535589656,1
91211,2012-06-24,0.2739634688738335,0
91212,2012-06-24,0.3994740521697421,0
91213,2012-06-24,0.40477152682826456,1
91214,2012-06-24,0.2855008606027014,1
91215,2012-06-24,0.28473875431696233,1
91216,2012-06-24,0.3106609624245515,0
91217,2012-06-24,0.3310615608857753,0
91218,2012-06-24,0.3930579824470073,0
91219,2012-06-24,0.18390201891123353,1
91220,2012-06-24,0.26953872672965973,0
91221,2012-06-24,0.34568934361965875,0
91222,2012-06-24,0.1949487867523361,1
91223,2012-06-24,0.3159342698846953,1
91224,2012-06-24,0.28446490309182004,0
91225,2012-06-24,0.3948590792261719,1
91226,2012-06-24,0.40072599304110257,1
91227,2012-06-24,0.39283754687597455,0
91228,2012-06-24,0.21255876984184557,0
91229,2012-06-24,0.49761393483063426,0
91230,2012-06-24,0.2398987091379535,0
91231,2012-06-24,0.43774285194320206,0
91232,2012-06-24,0.33389884564244443,0
91233,2012-06-24,0.34456431722295106,0
91234,2012-06-24,0.24696661583720725,0
91235,2012-06-24,0.30712390724453187,0
91236,2012-06-24,0.2758943497510056,0
91237,2012-06-24,0.28333289670790907,0
91238,2012-06-24,0.39585713448169874,1
91239,2012-06-24,0.32191988252885917,0
91240,2012-06-24,0.3430051721127637,0
91241,2012-06-24,0.30921379189746845,0
91242,2012-06-24,0.3550759070395712,1
91243,2012-06-24,0.29645402421456274,1
91244,2012-06-24,0.3619072673964042,1
91245,2012-06-24,0.3079305702319762,0
91246,2012-06-24,0.2297778013430537,0
91247,2012-06-24,0.3386559874915553,1
91248,2012-06-24,0.2981009235930432,0
91249,2012-06-24,0.3476069855556685,1
91250,2012-06-24,0.2142000106815572,0
91251,2012-06-24,0.21443866297406278,0
91252,2012-06-24,0.3535458250246252,1
91253,2012-06-24,0.3110178637636082,0
91254,2012-06-24,0.24121252081670208,0
91255,2012-06-24,0.3299414102041607,1
91256,2012-06-24,0.30937677622608545,0
91257,2012-06-24,0.2664738227026111,0
91258,2012-06-24,0.23648375986440587,1
91259,2012-06-24,0.25813532074248907,0
91260,2012-06-24,0.4007567160301481,0
91261,2012-06-24,0.16908999332249602,0
91262,2012-06-24,0.2609197860623412,0
91263,2012-06-24,0.2721962483777022,0
91264,2012-06-24,0.3326161753365115,0
91265,2012-06-24,0.18909935814547463,0
91266,2012-06-24,0.39792927783732335,1
91267,2012-06-24,0.2737704533404043,1
91268,2012-06-24,0.20259748032688638,1
91269,2012-06-25,0.26939553862533805,0
91270,2012-06-25,0.24853694919243766,0
91271,2012-06-25,0.1981447077149558,0
91272,2012-06-25,0.3590794689342235,0
91273,2012-06-25,0.20125244626814456,0
91274,2012-06-25,0.2308899917721283,0
91275,2012-06-25,0.25092940515796325,1
91276,2012-06-25,0.22004598037601708,1
91277,2012-06-25,0.3206875423428785,0
91278,2012-06-25,0.3415957654027177,0
91279,2012-06-25,0.20352203263886917,0
91280,2012-06-25,0.3114908558625421,1
91281,2012-06-25,0.2570697702079652,1
91282,2012-06-25,0.2593634997332431,0
91283,2012-06-25,0.4064816580567602,1
91284,2012-06-25,0.3982387896621395,0
91285,2012-06-25,0.40246897788465014,1
91286,2012-06-25,0.32700049073986187,0
91287,2012-06-25,0.3065146641743148,0
91288,2012-06-25,0.3439824099194086,0
91289,2012-06-25,0.3488199027074575,1
91290,2012-06-25,0.3422960553203594,0
91291,2012-06-25,0.5114320576946457,0
91292,2012-06-25,0.2493315395630501,0
91293,2012-06-25,0.38636679468347573,1
91294,2012-06-25,0.38582020135434736,0
91295,2012-06-25,0.30534384530406133,0
91296,2012-06-25,0.26864692538951696,1
91297,2012-06-25,0.23117601759786752,0
91298,2012-06-25,0.5209352373011011,0
91299,2012-06-25,0.306337470680112,1
91300,2012-06-25,0.3985975309031982,0
91301,2012-06-25,0.5388370653933103,1
91302,2012-06-25,0.2518355978713044,1
91303,2012-06-25,0.36333360137688697,0
91304,2012-06-25,0.2745759573310098,0
91305,2012-06-25,0.40096820449717185,0
91306,2012-06-25,0.25172633863252813,0
91307,2012-06-25,0.4639425115168761,0
91308,2012-06-25,0.3365630821028274,0
91309,2012-06-25,0.36107511358750594,0
91310,2012-06-25,0.40854224965137403,0
91311,2012-06-25,0.3075984536198681,0
91312,2012-06-25,0.28049644631287635,0
91313,2012-06-25,0.2749757771191727,0
91314,2012-06-25,0.46225159058070264,0
91315,2012-06-25,0.36966219596450767,0
91316,2012-06-25,0.35340860476095676,1
91317,2012-06-25,0.25884861237884654,0
91318,2012-06-25,0.21251025777957191,1
91319,2012-06-25,0.29627018947389944,0
91320,2012-06-25,0.2263247469105005,1
91321,2012-06-25,0.26441656550681314,1
91322,2012-06-25,0.1657880782545924,1
91323,2012-06-25,0.2640874853370285,0
91324,2012-06-25,0.40460231486749354,0
91325,2012-06-25,0.29688874228016154,0
91326,2012-06-25,0.3640806880533265,1
91327,2012-06-25,0.4231976147177019,1
91328,2012-06-25,0.4263984933193471,0
91329,2012-06-25,0.2659668503225365,0
91330,2012-06-25,0.25969581088286564,1
91331,2012-06-25,0.33639446739179746,1
91332,2012-06-25,0.36505729695182565,0
91333,2012-06-25,0.39722861986289154,1
91334,2012-06-25,0.3557955992928689,0
91335,2012-06-25,0.22922602047787297,0
91336,2012-06-25,0.3082156697307519,1
91337,2012-06-25,0.29378608018491587,0
91338,2012-06-25,0.24105612455466674,0
91339,2012-06-25,0.39346661207814865,0
91340,2012-06-25,0.4283559188364922,0
91341,2012-06-25,0.27953438002506675,0
91342,2012-06-25,0.4219676018338902,1
91343,2012-06-25,0.2623250966793222,1
91344,2012-06-25,0.3198407482299101,1
91345,2012-06-25,0.23953575893867424,0
91346,2012-06-25,0.281899018122483,0
91347,2012-06-25,0.5461921084114968,1
91348,2012-06-25,0.3086960965126801,0
91349,2012-06-25,0.16495345769067812,0
91350,2012-06-25,0.22339794929616782,0
91351,2012-06-25,0.385409118243158,1
91352,2012-06-25,0.20451167384324057,0
91353,2012-06-25,0.2695771173926054,0
91354,2012-06-25,0.261025903460332,0
91355,2012-06-25,0.3265788011350694,0
91356,2012-06-25,0.2504855832958233,0
91357,2012-06-25,0.28081407599993125,0
91358,2012-06-25,0.18037373171693039,0
91359,2012-06-25,0.33052916118167497,1
91360,2012-06-25,0.24003006288077253,1
91361,2012-06-25,0.32010175456663,0
91362,2012-06-25,0.2326817413306514,0
91363,2012-06-25,0.4225068590349696,1
91364,2012-06-25,0.33639361862213646,1
91365,2012-06-25,0.29522470550041663,0
91366,2012-06-25,0.5176081077470186,1
91367,2012-06-25,0.2219350841604291,0
91368,2012-06-25,0.506142517625411,0
91369,2012-06-25,0.28203816528853104,0
91370,2012-06-25,0.27314198285455366,0
91371,2012-06-25,0.3812873383979354,0
91372,2012-06-25,0.2352195126348794,0
91373,2012-06-25,0.31551323411906396,0
91374,2012-06-25,0.2651543872564821,1
91375,2012-06-25,0.24676570530618347,0
91376,2012-06-25,0.22008448447190912,0
91377,2012-06-25,0.21239780984328574,0
91378,2012-06-25,0.31517605020308365,0
91379,2012-06-25,0.3130807380333697,1
91380,2012-06-25,0.31617335000084795,1
91381,2012-06-25,0.26281737852538195,1
91382,2012-06-25,0.2909013672710687,0
91383,2012-06-25,0.32511002013031526,1
91384,2012-06-25,0.2687558176008556,0
91385,2012-06-25,0.24216697419205627,0
91386,2012-06-25,0.26221553129753083,1
91387,2012-06-25,0.3153501477387387,0
91388,2012-06-25,0.3593954370734612,1
91389,2012-06-25,0.21043571399343083,0
91390,2012-06-25,0.3791929959983061,0
91391,2012-06-25,0.4500955175733204,0
91392,2012-06-25,0.33974456199395403,1
91393,2012-06-25,0.24391934327591425,0
91394,2012-06-25,0.19119098629275963,0
91395,2012-06-25,0.26184531901269736,0
91396,2012-06-25,0.3825473687105721,0
91397,2012-06-25,0.3011453321236616,0
91398,2012-06-25,0.24399864852489758,0
91399,2012-06-25,0.4640583691462619,1
91400,2012-06-25,0.2783834656424407,0
91401,2012-06-25,0.3697905459993164,1
91402,2012-06-25,0.27826626571033697,1
91403,2012-06-25,0.24625375583201667,0
91404,2012-06-25,0.2442074145745824,0
91405,2012-06-25,0.992625932575224,0
91406,2012-06-25,0.4291986901866565,0
91407,2012-06-25,0.2666855290426193,0
91408,2012-06-25,0.3506764540903278,0
91409,2012-06-25,0.16281882099772996,0
91410,2012-06-25,0.2092216999777248,1
91411,2012-06-25,0.1398583275390746,1
91412,2012-06-25,0.33785411534508325,1
91413,2012-06-25,0.3311630855628472,0
91414,2012-06-25,0.36421840441704323,1
91415,2012-06-25,0.38616076771865915,0
91416,2012-06-25,0.23063470260369132,0
91417,2012-06-25,0.4566554005714643,0
91418,2012-06-25,0.3365940827286287,0
91419,2012-06-25,0.16830975318224145,0
91420,2012-06-25,0.3315322653284951,0
91421,2012-06-25,0.30670223354996645,0
91422,2012-06-25,0.21545142037015017,0
91423,2012-06-25,0.34835909854567093,0
91424,2012-06-25,0.23103810545313017,1
91425,2012-06-25,0.22438272482867933,0
91426,2012-06-25,0.3209170590392327,0
91427,2012-06-25,0.28950101689431507,1
91428,2012-06-25,0.31771412739203275,0
91429,2012-06-25,0.38846438225067237,0
91430,2012-06-25,0.3643995960344461,0
91431,2012-06-25,0.227581702424805,0
91432,2012-06-25,0.35177932946330487,0
91433,2012-06-25,0.2477266356658501,0
91434,2012-06-25,0.08294154576500566,0
91435,2012-06-25,0.2996890265840688,0
91436,2012-06-25,0.22353802152287236,0
91437,2012-06-25,0.4472547220909891,1
91438,2012-06-25,0.3086553967172072,0
91439,2012-06-25,0.27024629591898475,0
91440,2012-06-25,0.22578882139089185,0
91441,2012-06-25,0.29442376657940406,0
91442,2012-06-25,0.3040156203746915,0
91443,2012-06-25,0.3628062101397492,0
91444,2012-06-25,0.3264533905942778,0
91445,2012-06-25,0.3746173299540118,0
91446,2012-06-25,0.41534362538010056,0
91447,2012-06-25,0.42308842940088026,1
91448,2012-06-25,0.3844569701368741,0
91449,2012-06-25,0.21990264503802764,1
91450,2012-06-25,0.32749687862827986,0
91451,2012-06-25,0.43304284463091985,1
91452,2012-06-25,0.27358570598582255,0
91453,2012-06-25,0.2317853339567334,0
91454,2012-06-25,0.44480952923578687,1
91455,2012-06-25,0.35933776459745476,0
91456,2012-06-25,0.35426518196671447,0
91457,2012-06-25,0.27935809277313056,0
91458,2012-06-25,0.3249755189076726,0
91459,2012-06-25,0.29273854168549684,0
91460,2012-06-25,0.9299336875762136,1
91461,2012-06-25,0.47654095000966235,1
91462,2012-06-25,0.3779159506507179,0
91463,2012-06-25,0.29781500927275883,1
91464,2012-06-25,0.41194302775958985,0
91465,2012-06-25,0.19004621056192836,0
91466,2012-06-25,0.31349846654834096,0
91467,2012-06-25,0.30730791714102657,1
91468,2012-06-25,0.2587349897846921,0
91469,2012-06-25,0.3437060627728948,0
91470,2012-06-25,0.4389936850186478,1
91471,2012-06-25,0.28922253420021105,0
91472,2012-06-25,0.6399353878674303,1
91473,2012-06-25,0.27529771848533713,0
91474,2012-06-25,0.29121469279464185,0
91475,2012-06-25,0.4474320120711552,0
91476,2012-06-25,0.2708578921179304,1
91477,2012-06-25,0.2710275208011673,0
91478,2012-06-25,0.3798575927547546,1
91479,2012-06-25,0.1759988016971531,0
91480,2012-06-25,0.35279096726613723,1
91481,2012-06-25,0.36310961526465907,1
91482,2012-06-25,0.23466276970166647,0
91483,2012-06-25,0.3198170938508183,0
91484,2012-06-25,0.43710415712945405,0
91485,2012-06-25,0.23467130174642453,0
91486,2012-06-25,0.3400430539346047,0
91487,2012-06-25,0.22441738038714884,0
91488,2012-06-25,0.3685441927669871,0
91489,2012-06-25,0.3012457256494382,1
91490,2012-06-25,0.304955143895699,0
91491,2012-06-25,0.316394264980093,1
91492,2012-06-25,0.25685078163770997,1
91493,2012-06-25,0.26193109601250514,0
91494,2012-06-25,0.3204248048631345,1
91495,2012-06-25,0.2908118771962475,1
91496,2012-06-25,0.15804043568509676,0
91497,2012-06-25,0.4764478282752597,1
91498,2012-06-25,0.18192945869165986,1
91499,2012-06-25,0.36883964491390475,0
91500,2012-06-25,0.3091018014605456,0
91501,2012-06-25,0.2405198498783876,0
91502,2012-06-25,0.28130704866953715,0
91503,2012-06-25,0.9247907557272255,1
91504,2012-06-25,0.3568634361642955,0
91505,2012-06-25,0.2512793599893402,0
91506,2012-06-25,0.31772832542556656,0
91507,2012-06-25,0.3440923075052181,1
91508,2012-06-25,0.27125776908253746,0
91509,2012-06-25,0.19705263176338242,0
91510,2012-06-25,0.42957118753326906,0
91511,2012-06-25,0.34175234240897523,0
91512,2012-06-25,0.4300395842303838,1
91513,2012-06-25,0.3453204825610865,1
91514,2012-06-25,0.20426176552910558,0
91515,2012-06-25,0.2052701290844735,1
91516,2012-06-25,0.17721448562243755,0
91517,2012-06-25,0.2079087095352589,0
91518,2012-06-25,0.25875609299200286,0
91519,2012-06-25,0.24716998527233472,0
91520,2012-06-25,0.3788880677203948,1
91521,2012-06-25,0.3157340214046017,0
91522,2012-06-25,0.32268605720571775,0
91523,2012-06-25,0.3846606061782105,1
91524,2012-06-25,0.4526850093044521,0
91525,2012-06-25,0.3326978095531507,0
91526,2012-06-25,0.3108845588994296,0
91527,2012-06-25,0.5031527696590066,0
91528,2012-06-25,0.2987106378934441,0
91529,2012-06-25,0.2991820186277971,0
91530,2012-06-25,0.35633742013313907,0
91531,2012-06-25,0.22262032980705057,1
91532,2012-06-25,0.2706729557873871,0
91533,2012-06-25,0.231231479412463,0
91534,2012-06-25,0.3151660684574014,0
91535,2012-06-25,0.4025278015785592,1
91536,2012-06-25,0.3473673490451807,0
91537,2012-06-25,0.3099980100501258,0
91538,2012-06-25,0.23177959477921328,0
91539,2012-06-25,0.37192693197951765,1
91540,2012-06-25,0.36732497733147906,0
91541,2012-06-25,0.3297431888873286,1
91542,2012-06-25,0.2580498441524223,0
91543,2012-06-25,0.2967140091877346,0
91544,2012-06-25,0.4163344928800569,1
91545,2012-06-25,0.38158955756784446,0
91546,2012-06-25,0.24589296719830017,1
91547,2012-06-25,0.37151370504621783,1
91548,2012-06-25,0.20564721775387568,0
91549,2012-06-25,0.15144956022726222,0
91550,2012-06-25,0.3132252654567,0
91551,2012-06-25,0.36085032377423404,0
91552,2012-06-25,0.3229953841577537,0
91553,2012-06-25,0.42329474558471497,0
91554,2012-06-25,0.4390378744590699,0
91555,2012-06-25,0.3299754694029679,0
91556,2012-06-25,0.20530668996767246,0
91557,2012-06-25,0.2944149531768843,1
91558,2012-06-25,0.20987875626840483,0
91559,2012-06-25,0.35839475793956255,0
91560,2012-06-25,0.27453731552446625,0
91561,2012-06-25,0.42144054387020424,1
91562,2012-06-25,0.33696646946664405,1
91563,2012-06-25,0.27584913218956336,1
91564,2012-06-25,0.34975628369544903,1
91565,2012-06-25,0.22237161595835694,1
91566,2012-06-25,0.4030373701737998,1
91567,2012-06-25,0.3176222296570827,1
91568,2012-06-25,0.3806586506731552,0
91569,2012-06-25,0.26529950011200765,0
91570,2012-06-25,0.2796840069775953,1
91571,2012-06-25,0.42656778921239813,1
91572,2012-06-25,0.3715418368888777,0
91573,2012-06-25,0.4002564481739177,1
91574,2012-06-25,0.4311413841086943,0
91575,2012-06-25,0.30616723677549235,0
91576,2012-06-25,0.3846803027769816,0
91577,2012-06-25,0.36225997301219753,1
91578,2012-06-25,0.3365997567830543,1
91579,2012-06-25,0.21559176583801867,1
91580,2012-06-25,0.22889186368481765,1
91581,2012-06-25,0.38070921832293664,1
91582,2012-06-25,0.2762087913464077,0
91583,2012-06-25,0.34998514446476364,1
91584,2012-06-25,0.42407830684531944,1
91585,2012-06-25,0.28699282908355545,0
91586,2012-06-25,0.3665872011866024,0
91587,2012-06-25,0.32978717286606574,0
91588,2012-06-25,0.21300871384063666,1
91589,2012-06-25,0.3761489997738134,0
91590,2012-06-25,0.3237790403850172,1
91591,2012-06-25,0.27309878344552696,0
91592,2012-06-25,0.47822462736398885,0
91593,2012-06-25,0.35336584152152656,1
91594,2012-06-25,0.49042069949598033,1
91595,2012-06-25,0.2569224241225694,0
91596,2012-06-25,0.4814972798310696,1
91597,2012-06-25,0.17259405075691842,1
91598,2012-06-25,0.3349072531110629,1
91599,2012-06-25,0.2649508043893429,0
91600,2012-06-25,0.4075586669676528,0
91601,2012-06-25,0.3124599390539316,1
91602,2012-06-25,0.2625972501008485,0
91603,2012-06-25,0.38312558626776966,1
91604,2012-06-25,0.4512333536981051,0
91605,2012-06-25,0.21396196538301468,1
91606,2012-06-25,0.35422747431975554,0
91607,2012-06-26,0.27323096883923265,0
91608,2012-06-26,0.4205600534746209,0
91609,2012-06-26,0.32021415263921904,0
91610,2012-06-26,0.34668852634566943,0
91611,2012-06-26,0.32212902327370724,0
91612,2012-06-26,0.27362776449261245,0
91613,2012-06-26,0.43459236192686446,1
91614,2012-06-26,0.29162763148637294,0
91615,2012-06-26,0.4082311697964569,1
91616,2012-06-26,0.2707534065232854,1
91617,2012-06-26,0.20051350958331918,0
91618,2012-06-26,0.43856208303132277,0
91619,2012-06-26,0.315137193913845,1
91620,2012-06-26,0.305703053862539,0
91621,2012-06-26,0.45082635863129333,0
91622,2012-06-26,0.3980459518498685,0
91623,2012-06-26,0.2808774877788686,0
91624,2012-06-26,0.5498293787288675,0
91625,2012-06-26,0.29045765898201803,1
91626,2012-06-26,0.7055484021256686,1
91627,2012-06-26,0.22392125847520072,0
91628,2012-06-26,0.4663861681731591,1
91629,2012-06-26,0.3284983232900622,0
91630,2012-06-26,0.17463077583992287,1
91631,2012-06-26,0.17229062649263338,0
91632,2012-06-26,0.2131654285933416,1
91633,2012-06-26,0.36551421527667843,0
91634,2012-06-26,0.35442655454825683,1
91635,2012-06-26,0.2911245186799959,0
91636,2012-06-26,0.2718928770303734,0
91637,2012-06-26,0.5643640161693697,1
91638,2012-06-26,0.28437118203248657,1
91639,2012-06-26,0.2799087683182733,0
91640,2012-06-26,0.27268322119958904,0
91641,2012-06-26,0.2880225940996425,1
91642,2012-06-26,0.25281317707230594,0
91643,2012-06-26,0.3206446575138004,0
91644,2012-06-26,0.1837891985228133,0
91645,2012-06-26,0.31102699905989795,0
91646,2012-06-26,0.3717706562836346,1
91647,2012-06-26,0.3037888621950274,0
91648,2012-06-26,0.3298478669883378,0
91649,2012-06-26,0.2997594750020081,1
91650,2012-06-26,0.4386756674422581,1
91651,2012-06-26,0.3968429878191777,1
91652,2012-06-26,0.2679750812446625,0
91653,2012-06-26,0.3483429416016635,1
91654,2012-06-26,0.23903880663986327,1
91655,2012-06-26,0.3951320310258483,0
91656,2012-06-26,0.2593961976987868,0
91657,2012-06-26,0.31610431307761233,0
91658,2012-06-26,0.216512074739752,1
91659,2012-06-26,0.3544372067768437,0
91660,2012-06-26,0.3617428672324797,1
91661,2012-06-26,0.2447268770400224,0
91662,2012-06-26,0.2806485869539533,0
91663,2012-06-26,0.2835056552625771,0
91664,2012-06-26,0.3210765276371919,0
91665,2012-06-26,0.3038327555786478,0
91666,2012-06-26,0.25290136043211164,0
91667,2012-06-26,0.27071254720499793,0
91668,2012-06-26,0.20404634620947498,0
91669,2012-06-26,0.28190989653026527,0
91670,2012-06-26,0.31650438257421437,0
91671,2012-06-26,0.4408468143464558,1
91672,2012-06-26,0.4312997987925293,1
91673,2012-06-26,0.16002035468193973,0
91674,2012-06-26,0.21411189543217385,0
91675,2012-06-26,0.254017217534348,0
91676,2012-06-26,0.2646360114869304,1
91677,2012-06-26,0.3923072318306502,1
91678,2012-06-26,0.1875932784541218,0
91679,2012-06-26,0.2738955492122844,0
91680,2012-06-26,0.3327543687699419,1
91681,2012-06-26,0.365276510024847,0
91682,2012-06-26,0.43380120921244497,1
91683,2012-06-26,0.3270182764551714,0
91684,2012-06-26,0.595802602265865,0
91685,2012-06-26,0.39910783623589247,0
91686,2012-06-26,0.2151696168700764,0
91687,2012-06-26,0.3539558352967935,0
91688,2012-06-26,0.43151145338574987,1
91689,2012-06-26,0.27768204374722166,0
91690,2012-06-26,0.2978054930747163,0
91691,2012-06-26,0.32111198314148676,1
91692,2012-06-26,0.44552823393695645,0
91693,2012-06-26,0.3203377043922917,0
91694,2012-06-26,0.291085814039645,0
91695,2012-06-26,0.4352639438814137,0
91696,2012-06-26,0.3807976032494211,1
91697,2012-06-26,0.4266266469332591,1
91698,2012-06-26,0.3066135664903977,1
91699,2012-06-26,0.32535824746288705,1
91700,2012-06-26,0.3693669106071962,1
91701,2012-06-26,0.27815511935385356,1
91702,2012-06-26,0.5942736465226522,1
91703,2012-06-26,0.36096022079026363,0
91704,2012-06-26,0.38682001731943555,1
91705,2012-06-26,0.25570292510220893,0
91706,2012-06-26,0.31050109623237254,0
91707,2012-06-26,0.20171647206654855,0
91708,2012-06-26,0.32257887006904257,0
91709,2012-06-26,0.3506657852300586,1
91710,2012-06-26,0.3003615863974935,1
91711,2012-06-26,0.3221466372956315,1
91712,2012-06-26,0.34779042304827923,1
91713,2012-06-26,0.39818114596222143,0
91714,2012-06-26,0.3562165689189329,1
91715,2012-06-26,0.23849445632771157,0
91716,2012-06-26,0.31351725461965946,0
91717,2012-06-26,0.4495105840324753,1
91718,2012-06-26,0.23653445161849762,0
91719,2012-06-26,0.38962461890207395,0
91720,2012-06-26,0.2832629526864385,0
91721,2012-06-26,0.3044232021226198,1
91722,2012-06-26,0.36222292786887017,1
91723,2012-06-26,0.17268874970695847,1
91724,2012-06-26,0.3987115107666609,1
91725,2012-06-26,0.3662426328912634,1
91726,2012-06-26,0.2911883508217194,1
91727,2012-06-26,0.5183770532609232,0
91728,2012-06-26,0.3321624713199872,0
91729,2012-06-26,0.3700429598721564,0
91730,2012-06-26,0.3709067841175615,1
91731,2012-06-26,0.28483753640215786,0
91732,2012-06-26,0.27027382836879427,0
91733,2012-06-27,0.2610430619748358,0
91734,2012-06-27,0.4966123377962568,1
91735,2012-06-27,0.33850145345715854,1
91736,2012-06-27,0.3113248395384326,1
91737,2012-06-27,0.31021893060177813,0
91738,2012-06-27,0.32713891412279245,1
91739,2012-06-27,0.2817085208992813,1
91740,2012-06-27,0.26531437598476937,0
91741,2012-06-27,0.26270296408075666,0
91742,2012-06-27,0.35423746140273943,0
91743,2012-06-27,0.3177105689091024,0
91744,2012-06-27,0.2549607834851235,0
91745,2012-06-27,0.186253889376638,1
91746,2012-06-27,0.3412365027905655,0
91747,2012-06-27,0.34655354594640153,1
91748,2012-06-27,0.496002407598325,0
91749,2012-06-27,0.3460866805877393,0
91750,2012-06-27,0.3404306804072554,0
91751,2012-06-27,0.5137357581677944,1
91752,2012-06-27,0.39087551568588574,1
91753,2012-06-27,0.2285271651925293,1
91754,2012-06-27,0.45060131586630164,1
91755,2012-06-27,0.3327590913408435,0
91756,2012-06-27,0.3528798916840351,0
91757,2012-06-27,0.3129084159836192,0
91758,2012-06-27,0.2290645945421109,0
91759,2012-06-27,0.519117623819973,0
91760,2012-06-27,0.4290415842295266,0
91761,2012-06-27,0.2566132249553094,0
91762,2012-06-27,0.3951011427214508,0
91763,2012-06-27,0.20054986733059524,0
91764,2012-06-27,0.32943884545396285,1
91765,2012-06-27,0.2550405669322609,0
91766,2012-06-27,0.3385205100391459,0
91767,2012-06-27,0.4221279083282452,1
91768,2012-06-27,0.4599280639652233,1
91769,2012-06-27,0.35627496757939053,0
91770,2012-06-27,0.31678791541595025,1
91771,2012-06-27,0.3937130983606768,0
91772,2012-06-27,0.2846614392876268,1
91773,2012-06-27,0.35579616187661367,1
91774,2012-06-27,0.4148872763619642,1
91775,2012-06-27,0.35110569396926394,0
91776,2012-06-27,0.30993388853918097,0
91777,2012-06-27,0.2021955506509453,0
91778,2012-06-27,0.32149978763153375,0
91779,2012-06-27,0.3024882119867943,0
91780,2012-06-27,0.213498347577002,0
91781,2012-06-27,0.24731774536421824,0
91782,2012-06-27,0.25407690514630055,0
91783,2012-06-27,0.22144304700769563,0
91784,2012-06-27,0.351800112326113,0
91785,2012-06-27,0.4046263245472907,0
91786,2012-06-27,0.30583245232124795,0
91787,2012-06-27,0.29163056884724753,1
91788,2012-06-27,0.2372339408698215,0
91789,2012-06-27,0.3703115219643338,0
91790,2012-06-27,0.29250849639093646,0
91791,2012-06-27,0.25785054920389777,1
91792,2012-06-27,0.28748255763413744,0
91793,2012-06-27,0.2586609276760773,0
91794,2012-06-27,0.3213709236246648,1
91795,2012-06-27,0.34300686631280225,0
91796,2012-06-27,0.3288731714394847,0
91797,2012-06-27,0.1421580090256405,1
91798,2012-06-27,0.2529194847099902,0
91799,2012-06-27,0.5334594409231207,1
91800,2012-06-27,0.34083556517221775,0
91801,2012-06-27,0.22841795633100181,1
91802,2012-06-27,0.49325327567715876,0
91803,2012-06-27,0.19561669509743046,0
91804,2012-06-27,0.2884798313684444,1
91805,2012-06-27,0.36983178035197123,1
91806,2012-06-27,0.31968253109604083,0
91807,2012-06-27,0.24641803625744113,0
91808,2012-06-27,0.5967507764518811,1
91809,2012-06-27,0.3284118072739796,1
91810,2012-06-27,0.343093181249419,0
91811,2012-06-27,0.3239255333289913,1
91812,2012-06-27,0.26162692025656575,0
91813,2012-06-27,0.2653488537462958,1
91814,2012-06-27,0.2248893504131132,1
91815,2012-06-27,0.33417961542324903,0
91816,2012-06-27,0.2738387560482604,0
91817,2012-06-27,0.35859378073248727,1
91818,2012-06-27,0.35927932244430055,0
91819,2012-06-27,0.3011581336418018,1
91820,2012-06-27,0.19189641761948742,1
91821,2012-06-27,0.4839669211056071,0
91822,2012-06-27,0.3867285197544808,0
91823,2012-06-27,0.2524467151763445,0
91824,2012-06-27,0.31641935308225416,0
91825,2012-06-27,0.33809885044794186,1
91826,2012-06-27,0.2106283337463884,0
91827,2012-06-27,0.3236368246563776,1
91828,2012-06-27,0.2807601810593076,0
91829,2012-06-27,0.34167720765791054,1
91830,2012-06-27,0.359103097773987,0
91831,2012-06-27,0.27032624633897306,0
91832,2012-06-27,0.22538390717859336,0
91833,2012-06-27,0.31355775089603505,0
91834,2012-06-27,0.18343529032033926,0
91835,2012-06-27,0.1409120072521718,1
91836,2012-06-27,0.2698216417032172,0
91837,2012-06-27,0.38262607775578855,1
91838,2012-06-27,0.5079607013612941,1
91839,2012-06-27,0.3824431101029086,0
91840,2012-06-27,0.385752011458741,0
91841,2012-06-27,0.25888902373691075,0
91842,2012-06-27,0.304121188505285,1
91843,2012-06-27,0.298535753011735,1
91844,2012-06-27,0.3101135363611657,0
91845,2012-06-27,0.2486434436636059,0
91846,2012-06-27,0.2790089105424272,1
91847,2012-06-27,0.39835920798472924,1
91848,2012-06-27,0.32058698931692287,0
91849,2012-06-27,0.32541253060914166,0
91850,2012-06-27,0.2062755645270489,0
91851,2012-06-27,0.258463527393583,0
91852,2012-06-27,0.2975034491937043,0
91853,2012-06-27,0.45861519041398213,1
91854,2012-06-27,0.36796857201124983,1
91855,2012-06-27,0.25207374317952697,0
91856,2012-06-27,0.4937876218253352,0
91857,2012-06-27,0.3638015341349931,0
91858,2012-06-27,0.1323773058039823,0
91859,2012-06-27,0.37230667652007343,0
91860,2012-06-27,0.2514218815126699,0
91861,2012-06-27,0.1751513253427862,0
91862,2012-06-27,0.391189702371668,1
91863,2012-06-27,0.2252665431637766,0
91864,2012-06-27,0.33538640408880693,0
91865,2012-06-27,0.3383651739826888,1
91866,2012-06-27,0.4093495352079272,1
91867,2012-06-27,0.3871113992229314,1
91868,2012-06-27,0.3646596295179686,0
91869,2012-06-27,0.4445860693244192,1
91870,2012-06-27,0.3842748207123246,1
91871,2012-06-27,0.332475800808437,0
91872,2012-06-27,0.24078064178380917,0
91873,2012-06-27,0.272402070443764,0
91874,2012-06-27,0.3184603975834862,0
91875,2012-06-27,0.3040665884942995,0
91876,2012-06-27,0.3141560165273411,0
91877,2012-06-27,0.2838365203872515,1
91878,2012-06-27,0.32464754418070313,1
91879,2012-06-28,0.26865519086140416,1
91880,2012-06-28,0.2857958047615199,1
91881,2012-06-28,0.4118250058032062,0
91882,2012-06-28,0.2694280524360151,0
91883,2012-06-28,0.3568721005833771,1
91884,2012-06-28,0.3233610128764388,0
91885,2012-06-28,0.2160927598208241,0
91886,2012-06-28,0.29976214352382474,0
91887,2012-06-28,0.20554601285941326,0
91888,2012-06-28,0.23969725438268832,0
91889,2012-06-28,0.41809828592973786,0
91890,2012-06-28,0.29032142290984175,1
91891,2012-06-28,0.23823922063611533,0
91892,2012-06-28,0.2564744222115805,0
91893,2012-06-28,0.24891205568309163,0
91894,2012-06-28,0.24698919944934208,0
91895,2012-06-28,0.3733919015249427,0
91896,2012-06-28,0.4048697313488123,1
91897,2012-06-28,0.2335694688826619,0
91898,2012-06-28,0.919649600851106,1
91899,2012-06-28,0.2904920546073553,0
91900,2012-06-28,0.43190753919671115,1
91901,2012-06-28,0.13157069665787083,1
91902,2012-06-28,0.34386949185100496,1
91903,2012-06-28,0.308758437795404,0
91904,2012-06-28,0.3286764665186728,0
91905,2012-06-28,0.3320138978066924,1
91906,2012-06-28,0.26509541764263017,0
91907,2012-06-28,0.5414040653759893,0
91908,2012-06-28,0.44403450221554774,1
91909,2012-06-28,0.2002016710640007,0
91910,2012-06-28,0.30994576997288664,0
91911,2012-06-28,0.23103232784990005,0
91912,2012-06-28,0.21492789153347058,1
91913,2012-06-28,0.3549933401632998,1
91914,2012-06-28,0.33857751857708124,0
91915,2012-06-28,0.3607611503632572,1
91916,2012-06-28,0.36011607774045606,1
91917,2012-06-28,0.49574695531042234,1
91918,2012-06-28,0.3635044632746045,1
91919,2012-06-28,0.39048905272495155,1
91920,2012-06-28,0.45860341656283365,0
91921,2012-06-28,0.2921626543590774,0
91922,2012-06-28,0.29159125299613037,0
91923,2012-06-28,0.46979546468393435,1
91924,2012-06-28,0.23803892821768263,0
91925,2012-06-28,0.9392442072411594,1
91926,2012-06-28,0.3487104172816748,0
91927,2012-06-28,0.39134214487520874,1
91928,2012-06-28,0.38950793108257065,1
91929,2012-06-28,0.20182889835660262,0
91930,2012-06-28,0.2912469787029634,1
91931,2012-06-28,0.2618381699792187,0
91932,2012-06-28,0.28115013518230325,1
91933,2012-06-28,0.24407731917448058,0
91934,2012-06-28,0.38515822424823837,0
91935,2012-06-28,0.3347131004229231,0
91936,2012-06-28,0.35618742488493205,1
91937,2012-06-28,0.20338142211493224,0
91938,2012-06-28,0.037394805811642735,0
91939,2012-06-28,0.20876824347677728,0
91940,2012-06-28,0.37866989539280027,0
91941,2012-06-28,0.15904285584968658,1
91942,2012-06-28,0.37601327807477697,0
91943,2012-06-28,0.3738538362277414,1
91944,2012-06-28,0.3597936374582543,0
91945,2012-06-28,0.33217114119022273,0
91946,2012-06-28,0.2635657506487027,0
91947,2012-06-29,0.4549461643834733,0
91948,2012-06-29,0.31531581339823916,0
91949,2012-06-29,0.4628644813726303,0
91950,2012-06-29,0.31601226807471794,0
91951,2012-06-29,0.2236203020970517,1
91952,2012-06-29,0.38706371087726077,1
91953,2012-06-29,0.7307319232468831,1
91954,2012-06-29,0.41069005755434124,1
91955,2012-06-29,0.21628779610301255,0
91956,2012-06-29,0.35321659947840245,0
91957,2012-06-29,0.24135708054605753,0
91958,2012-06-29,0.261043751195394,0
91959,2012-06-29,0.3254867097976731,1
91960,2012-06-29,0.2878740441773202,0
91961,2012-06-29,0.31752071123938713,0
91962,2012-06-29,0.19053668400314197,0
91963,2012-06-29,0.3188989662271843,1
91964,2012-06-29,0.3599555333126517,0
91965,2012-06-29,0.2665032844942995,1
91966,2012-06-29,0.27681523218487325,0
91967,2012-06-29,0.34687132324593384,1
91968,2012-06-29,0.24823844146630372,1
91969,2012-06-29,0.383480207670088,1
91970,2012-06-29,0.35323764548858366,0
91971,2012-06-29,0.25077827395986196,0
91972,2012-06-29,0.2953385991777542,0
91973,2012-06-29,0.255892291778714,0
91974,2012-06-29,0.24841749877253616,0
91975,2012-06-29,0.22991695740081833,0
91976,2012-06-29,0.2783960421335287,1
91977,2012-06-29,0.33168884488935274,1
91978,2012-06-29,0.13718155245799482,0
91979,2012-06-29,0.35531289702974195,1
91980,2012-06-29,0.27238471286993016,1
91981,2012-06-29,0.13143961885209116,0
91982,2012-06-29,0.1957962722594005,1
91983,2012-06-29,0.36617328435043656,0
91984,2012-06-29,0.32225423630394023,1
91985,2012-06-29,0.4330322316037115,0
91986,2012-06-29,0.31760510966057376,1
91987,2012-06-29,0.3082471617819139,0
91988,2012-06-29,0.4667784089680313,1
91989,2012-06-29,0.3814565552065765,0
91990,2012-06-29,0.2986165264576532,0
91991,2012-06-29,0.2780113925478328,0
91992,2012-06-29,0.431271989041172,1
91993,2012-06-29,0.3259109362944811,1
91994,2012-06-29,0.2251796156569794,0
91995,2012-06-29,0.25993977132179374,0
91996,2012-06-29,0.419548598852984,0
91997,2012-06-29,0.2256601621490692,0
91998,2012-06-29,0.2846124133186562,1
91999,2012-06-29,0.2993191706938835,1
92000,2012-06-29,0.27683707887894543,0
92001,2012-06-30,0.32267504086764864,1
92002,2012-06-30,0.2537674504006807,0
92003,2012-06-30,0.3447641002899263,0
92004,2012-06-30,0.3134224798977335,1
92005,2012-06-30,0.2999562877653295,0
92006,2012-06-30,0.13180957244961503,0
92007,2012-06-30,0.2370388642561344,0
92008,2012-06-30,0.34730435571792945,0
92009,2012-06-30,0.3975680683097193,0
92010,2012-06-30,0.20496262977149823,0
92011,2012-06-30,0.3748643818354612,1
92012,2012-06-30,0.4524339387677474,1
92013,2012-06-30,0.28136452303379494,1
92014,2012-06-30,0.40955785702657904,0
92015,2012-06-30,0.35315031122080176,0
92016,2012-06-30,0.2946738646377171,0
92017,2012-06-30,0.3635989068623817,1
92018,2012-06-30,0.97963631383598,0
92019,2012-06-30,0.2973518691757395,1
92020,2012-06-30,0.23653206817409464,0
92021,2012-06-30,0.2496951530784526,1
92022,2012-06-30,0.40706907928943054,0
92023,2012-06-30,0.4174074756455483,1
92024,2012-06-30,0.3545305582511782,1
92025,2012-06-30,0.2092533489813971,1
92026,2012-06-30,0.5815687808515523,1
92027,2012-06-30,0.25566011212293177,0
92028,2012-06-30,0.30787161588431744,0
92029,2012-06-30,0.24108642664914606,0
92030,2012-06-30,0.38753739525109143,1
92031,2012-06-30,0.2928457553566762,1
92032,2012-06-30,0.46419303594950234,1
92033,2012-06-30,0.4152570867455189,0
92034,2012-06-30,0.44210464012732387,0
92035,2012-06-30,0.4101599960071042,1
92036,2012-06-30,0.31481835838290034,0
92037,2012-06-30,0.40959255271399336,0
92038,2012-06-30,0.3511933286205944,0
92039,2012-06-30,0.27612419489015644,1
92040,2012-06-30,0.39048866395892695,1
92041,2012-06-30,0.25064268321612465,0
92042,2012-06-30,0.2738201204700293,1
92043,2012-06-30,0.299050807454722,1
92044,2012-06-30,0.28795113511562576,0
92045,2012-06-30,0.4584036609188235,1
92046,2012-06-30,0.2648171258329099,1
92047,2012-06-30,0.35987549965194904,0
92048,2012-06-30,0.49343701162618936,1
92049,2012-06-30,0.3342828348664361,0
92050,2012-06-30,0.19774687115940115,0
92051,2012-06-30,0.3594024515407333,0
92052,2012-06-30,0.2649764472676942,0
92053,2012-06-30,0.2902892077383052,0
92054,2012-06-30,0.1445821924523791,0
92055,2012-06-30,0.2289747475347613,0
92056,2012-06-30,0.31933187399460955,1
92057,2012-06-30,0.29411751612846065,0
92058,2012-06-30,0.23665716387489247,0
92059,2012-06-30,0.3171601220257486,1
92060,2012-06-30,0.40700623627292437,0
92061,2012-06-30,0.2612876244987784,1
92062,2012-06-30,0.2140313114418201,1
92063,2012-06-30,0.22457081138791796,0
92064,2012-06-30,0.3318114986734038,0
92065,2012-06-30,0.19863094881813192,0
92066,2012-06-30,0.27446493816453854,0
92067,2012-06-30,0.4021381716411332,1
92068,2012-06-30,0.3359490490507788,1
92069,2012-06-30,0.3516039859082093,1
92070,2012-06-30,0.20287753952017515,0
92071,2012-06-30,0.387957128403939,1
92072,2012-06-30,0.268759601651141,0
92073,2012-06-30,0.320433923243237,1
92074,2012-06-30,0.19170564796073913,0
92075,2012-06-30,0.2900322261421034,0
92076,2012-06-30,0.5508158748873749,0
92077,2012-06-30,0.3958628331067425,0
92078,2012-06-30,0.37962010909310295,1
92079,2012-06-30,0.27325643386969223,0
92080,2012-06-30,0.2620439632979744,0
92081,2012-06-30,0.2747092591285271,1
92082,2012-06-30,0.3651382483535714,0
92083,2012-06-30,0.46195374781257176,1
92084,2012-06-30,0.3184194154866324,1
92085,2012-06-30,0.34018542948296365,0
92086,2012-06-30,0.2053696116227227,0
92087,2012-06-30,0.17123281778645083,1
92088,2012-06-30,0.42888896029721524,0
92089,2012-06-30,0.2740895177298988,1
92090,2012-06-30,0.3318911956117651,0
92091,2012-06-30,0.2629818818976094,0
92092,2012-06-30,0.37210428514714905,0
92093,2012-06-30,0.3764576651782586,0
92094,2012-06-30,0.2528820131647823,0
92095,2012-06-30,0.32502891658703004,0
92096,2012-06-30,0.33643631518784506,0
92097,2012-06-30,0.2771007118536768,1
92098,2012-06-30,0.3285511467790168,0
92099,2012-06-30,0.2625441100405523,0
92100,2012-06-30,0.2686766249463681,1
92101,2012-06-30,0.12164985488559205,0
92102,2012-06-30,0.2751150617825463,1
92103,2012-06-30,0.347281292813258,0
92104,2012-06-30,0.21994943671300538,0
92105,2012-06-30,0.31943850290828507,0
92106,2012-06-30,0.2576878405377589,0
92107,2012-06-30,0.27193885773891324,1
92108,2012-06-30,0.524619980313331,1
92109,2012-06-30,0.26673818014777684,0
92110,2012-06-30,0.20891708353895616,0
92111,2012-06-30,0.31347734463029214,1
92112,2012-06-30,0.26409544212106606,0
92113,2012-06-30,0.27496940857339497,0
92114,2012-06-30,0.4237760021096179,0
92115,2012-06-30,0.4170799686246175,1
92116,2012-06-30,0.41839199600169047,1
92117,2012-06-30,0.36434306461163857,1
92118,2012-06-30,0.22567562445200337,1
92119,2012-06-30,0.20280185827135325,0
92120,2012-06-30,0.27283701081177164,0
92121,2012-06-30,0.30005578797064186,1
92122,2012-06-30,0.19662718473156582,0
92123,2012-06-30,0.1860169555103062,0
92124,2012-06-30,0.32967236861806076,1
92125,2012-06-30,0.4632730085213394,0
92126,2012-06-30,0.35642742990763454,1
92127,2012-06-30,0.2173380744477007,0
92128,2012-06-30,0.30470734141729056,0
92129,2012-06-30,0.4202752327337462,0
92130,2012-06-30,0.27821939446695354,0
92131,2012-06-30,0.47901202777613855,0
92132,2012-06-30,0.41836256778890457,0
92133,2012-06-30,0.27479867659674473,0
92134,2012-06-30,0.37562081817518495,0
92135,2012-06-30,0.24130392802595843,0
92136,2012-06-30,0.40369528185515463,0
92137,2012-06-30,0.2687283588690597,0
92138,2012-06-30,0.43067392086123674,1
92139,2012-06-30,0.38846997340812045,0
92140,2012-06-30,0.31190105213437014,0
92141,2012-06-30,0.03507869587878351,1
92142,2012-06-30,0.3479726464386592,1
92143,2012-06-30,0.44121576217777436,0
92144,2012-06-30,0.3667074097804286,1
92145,2012-06-30,0.4319150829719348,1
92146,2012-06-30,0.2810903288340937,0
92147,2012-06-30,0.2789731785780405,0
92148,2012-06-30,0.2476917326194824,0
92149,2012-06-30,0.2315776812214994,0
92150,2012-06-30,0.41355825689417464,1
92151,2012-06-30,0.2841605270085325,0
92152,2012-06-30,0.29163388856895167,0
92153,2012-06-30,0.42050884108365194,0
92154,2012-06-30,0.4444318455042626,0
92155,2012-06-30,0.4956369187678155,1
92156,2012-06-30,0.2943836412493787,1
92157,2012-06-30,0.44351585224822543,0
92158,2012-06-30,0.18307089758786785,0
92159,2012-06-30,0.3029709631920572,0
92160,2012-06-30,0.4668345449938928,1
92161,2012-06-30,0.35881624662167505,1
92162,2012-06-30,0.22988278489675598,0
92163,2012-06-30,0.2629574846511922,0
92164,2012-06-30,0.21541012855266672,1
92165,2012-06-30,0.3110124724293518,0
92166,2012-06-30,0.35821643057040475,0
92167,2012-06-30,0.32583646914569386,0
92168,2012-06-30,0.39876188556724973,1
92169,2012-06-30,0.2666520826444862,0
92170,2012-06-30,0.21071967072991177,1
92171,2012-06-30,0.43716972299122575,1
92172,2012-06-30,0.5877186962388942,0
92173,2012-06-30,0.6456390132135406,1
92174,2012-06-30,0.3006624918484037,0
92175,2012-06-30,0.4497684273429556,1
92176,2012-06-30,0.4399475730092907,0
92177,2012-06-30,0.32477976009300136,0
92178,2012-06-30,0.20501258710120673,0
92179,2012-06-30,0.22550912297623474,0
92180,2012-06-30,0.3126837360081011,0
92181,2012-06-30,0.30483657089344507,1
92182,2012-06-30,0.2831302801008143,1
92183,2012-06-30,0.21410708025111885,0
92184,2012-06-30,0.25871805740878717,0
92185,2012-06-30,0.3130748138428495,0
92186,2012-06-30,0.416474461561865,1
92187,2012-06-30,0.3566267182430052,0
92188,2012-06-30,0.3642383756719707,1
92189,2012-06-30,0.28876031234619665,1
92190,2012-06-30,0.36753074198035246,0
92191,2012-06-30,0.31046357124017065,1
92192,2012-06-30,0.15923673685787829,0
92193,2012-06-30,0.23036746377070688,0
92194,2012-06-30,0.4259178530568645,1
92195,2012-06-30,0.2888127829984205,1
92196,2012-06-30,0.29415626138980366,0
92197,2012-06-30,0.4068454746972862,0
92198,2012-06-30,0.4641766249920945,1
92199,2012-06-30,0.41305459654656834,0
92200,2012-06-30,0.2967273217945283,1
92201,2012-06-30,0.2737446140561351,0
92202,2012-06-30,0.22130664838327915,0
92203,2012-06-30,0.5101906661437111,1
92204,2012-06-30,0.46665111529967696,1
92205,2012-06-30,0.2607797334930188,0
92206,2012-06-30,0.30925046832143693,0
92207,2012-06-30,0.3358405170215962,0
92208,2012-06-30,0.32149005949827664,0
92209,2012-06-30,0.2661320058216321,0
92210,2012-06-30,0.2524470829477955,0
92211,2012-06-30,0.23236452893073,0
92212,2012-06-30,0.6226297940197136,1
92213,2012-06-30,0.31810230417987406,0
92214,2012-06-30,0.3243601606349298,0
92215,2012-06-30,0.18839556916764327,1
92216,2012-06-30,0.5242468002448087,0
92217,2012-06-30,0.31418805941023104,0
92218,2012-06-30,0.36209875167653827,0
92219,2012-06-30,0.36848822072791276,1
92220,2012-06-30,0.3382515251461882,0
92221,2012-06-30,0.2640854690852651,0
92222,2012-06-30,0.30459513889914336,0
92223,2012-06-30,0.27006711689473706,1
92224,2012-06-30,0.3529452108506843,0
92225,2012-06-30,0.35183820927946563,1
92226,2012-06-30,0.34581111267100845,0
92227,2012-06-30,0.25558785549471996,0
92228,2012-06-30,0.298688214897652,0
92229,2012-06-30,0.3039658789670796,0
92230,2012-06-30,0.3436292820084067,1
92231,2012-06-30,0.2591775351491797,0
92232,2012-06-30,0.3459139670221912,1
92233,2012-06-30,0.30091468431342355,0
92234,2012-06-30,0.30543385581258214,0
92235,2012-06-30,0.3123890329448926,0
92236,2012-06-30,0.19879858920797658,0
92237,2012-07-01,0.24367691318409015,0
92238,2012-07-01,0.2814183420009654,0
92239,2012-07-01,0.3857158199732214,0
92240,2012-07-01,0.23754612891364812,0
92241,2012-07-01,0.3650615937608802,0
92242,2012-07-01,0.26396232438798023,0
92243,2012-07-01,0.32778694720061385,1
92244,2012-07-01,0.2814013368478992,0
92245,2012-07-01,0.3507943039131517,0
92246,2012-07-01,0.3621690276155329,0
92247,2012-07-01,0.3751668107780792,1
92248,2012-07-01,0.31535533920379616,1
92249,2012-07-01,0.3960977527386918,0
92250,2012-07-01,0.29830486551020874,0
92251,2012-07-01,0.2903671951188703,1
92252,2012-07-01,0.19876848756232512,0
92253,2012-07-01,0.2774741742680737,1
92254,2012-07-01,0.19627125698719627,0
92255,2012-07-01,0.30633791493034745,1
92256,2012-07-01,0.2469713777507166,1
92257,2012-07-01,0.32482777756861864,0
92258,2012-07-01,0.2802577546643952,0
92259,2012-07-01,0.4543218458928057,1
92260,2012-07-01,0.37782287244835555,0
92261,2012-07-01,0.24426183210042365,0
92262,2012-07-01,0.3535506065596812,0
92263,2012-07-01,0.46172795739069905,0
92264,2012-07-01,0.3873051627870286,1
92265,2012-07-01,0.3335435093401153,1
92266,2012-07-01,0.3218059309590905,0
92267,2012-07-01,0.3174765644173708,0
92268,2012-07-01,0.2536604679312708,0
92269,2012-07-01,0.3020820999626655,1
92270,2012-07-01,0.31778996043089514,0
92271,2012-07-01,0.4760167907323039,1
92272,2012-07-01,0.44787003877927767,1
92273,2012-07-01,0.154840246077236,0
92274,2012-07-01,0.4402364531031121,1
92275,2012-07-01,0.3075129136198914,0
92276,2012-07-01,0.3245423517137593,0
92277,2012-07-01,0.30006165825395925,0
92278,2012-07-01,0.26499998956013576,1
92279,2012-07-01,0.35348884713960166,0
92280,2012-07-01,0.22443729454949185,0
92281,2012-07-01,0.44581520392102664,1
92282,2012-07-01,0.3668115369588907,1
92283,2012-07-01,0.37410865280347155,0
92284,2012-07-01,0.3577621539010666,1
92285,2012-07-01,0.33022430843512984,1
92286,2012-07-01,0.2268873308535698,0
92287,2012-07-01,0.4120066003338465,1
92288,2012-07-01,0.3101005341994916,1
92289,2012-07-01,0.31113160654974403,0
92290,2012-07-01,0.3577706934794068,0
92291,2012-07-01,0.36489131920556317,0
92292,2012-07-01,0.21391614936154316,0
92293,2012-07-01,0.3102009483808765,1
92294,2012-07-01,0.29739372389608093,1
92295,2012-07-01,0.4411977589948281,0
92296,2012-07-01,0.20842215242092357,0
92297,2012-07-01,0.22035775960184223,0
92298,2012-07-01,0.40661269129176797,0
92299,2012-07-01,0.35954504110963664,0
92300,2012-07-01,0.3028038032495094,0
92301,2012-07-01,0.3004277041664019,0
92302,2012-07-01,0.23612180024692378,0
92303,2012-07-01,0.34408373624087657,1
92304,2012-07-01,0.2865892502012516,0
92305,2012-07-01,0.39163256302303134,0
92306,2012-07-01,0.30706153631038674,0
92307,2012-07-01,0.39824184211440444,0
92308,2012-07-01,0.30113252667118123,0
92309,2012-07-01,0.3027434680993486,1
92310,2012-07-01,0.23263306360863165,0
92311,2012-07-01,0.26508962325994667,0
92312,2012-07-01,0.4737856545454301,0
92313,2012-07-01,0.37806994097030017,1
92314,2012-07-01,0.20621256260776272,0
92315,2012-07-01,0.25395472233487404,0
92316,2012-07-01,0.23687228857103976,1
92317,2012-07-01,0.1744204722777781,0
92318,2012-07-01,0.2551217913812827,1
92319,2012-07-01,0.4641901796291479,1
92320,2012-07-01,0.32355674904998233,0
92321,2012-07-01,0.3666640498406937,1
92322,2012-07-01,0.3996686753070234,1
92323,2012-07-01,0.17867973076194218,1
92324,2012-07-01,0.4811757616174877,1
92325,2012-07-01,0.34266284289165544,0
92326,2012-07-01,0.3775319692091592,0
92327,2012-07-01,0.293819824458025,1
92328,2012-07-01,0.3418562451274971,0
92329,2012-07-01,0.3121635369790302,1
92330,2012-07-01,0.2799112757555288,0
92331,2012-07-01,0.29839946866044215,0
92332,2012-07-01,0.22566717907774425,0
92333,2012-07-01,0.2157695905805315,0
92334,2012-07-01,0.254992782742102,0
92335,2012-07-01,0.3648115232535821,0
92336,2012-07-01,0.3385324837571792,0
92337,2012-07-01,0.2582811168018924,0
92338,2012-07-01,0.19983842668160479,0
92339,2012-07-01,0.3334119222234801,0
92340,2012-07-01,0.2875307835248919,0
92341,2012-07-01,0.3246766363251581,0
92342,2012-07-01,0.2657713704676582,0
92343,2012-07-01,0.4116022316516362,0
92344,2012-07-01,0.3132135697703156,0
92345,2012-07-01,0.3360405076395035,0
92346,2012-07-01,0.2292571350210559,0
92347,2012-07-01,0.3233338047070172,0
92348,2012-07-01,0.30690199323356476,1
92349,2012-07-01,0.4425628480413066,1
92350,2012-07-01,0.36733282060310607,0
92351,2012-07-01,0.18395781958478033,0
92352,2012-07-01,0.3342285076009717,1
92353,2012-07-01,0.26521265969154273,0
92354,2012-07-01,0.12352754442880327,0
92355,2012-07-01,0.26786033588382674,1
92356,2012-07-01,0.33773652736015325,0
92357,2012-07-01,0.35964870504569535,1
92358,2012-07-01,0.044434255298168364,0
92359,2012-07-01,0.3268092319299085,0
92360,2012-07-01,0.31276867044265344,0
92361,2012-07-01,0.24573113343585898,0
92362,2012-07-01,0.1821945997511047,0
92363,2012-07-01,0.29988783723786167,0
92364,2012-07-01,0.3141994218383753,0
92365,2012-07-01,0.24813578608154194,0
92366,2012-07-01,0.20326253612361364,1
92367,2012-07-01,0.32437163359032467,0
92368,2012-07-01,0.25227294504551107,0
92369,2012-07-01,0.26051930360344067,0
92370,2012-07-01,0.4173237799034272,0
92371,2012-07-01,0.2938760281961162,1
92372,2012-07-01,0.1801719336470012,1
92373,2012-07-01,0.20525320128802046,1
92374,2012-07-01,0.37110236851116407,1
92375,2012-07-01,0.8930434892428545,1
92376,2012-07-01,0.41581637437467295,0
92377,2012-07-01,0.2732791108902183,0
92378,2012-07-01,0.307079809777226,0
92379,2012-07-01,0.33575328313698394,0
92380,2012-07-01,0.31264634577852496,0
92381,2012-07-01,0.22015325938820351,1
92382,2012-07-01,0.3576844606263718,1
92383,2012-07-01,0.4367449185855513,1
92384,2012-07-01,0.41891317873161377,1
92385,2012-07-01,0.3222783424309396,0
92386,2012-07-01,0.22575734109021123,1
92387,2012-07-01,0.16210222500269741,0
92388,2012-07-01,0.26153604451362933,1
92389,2012-07-01,0.21942615310123256,0
92390,2012-07-01,0.2710252095822251,0
92391,2012-07-01,0.2977483567242203,0
92392,2012-07-01,0.2809580664939324,1
92393,2012-07-01,0.27826693687895115,1
92394,2012-07-01,0.2674658614776297,1
92395,2012-07-01,0.26401463300316247,0
92396,2012-07-01,0.34683517741003905,1
92397,2012-07-01,0.2516069667775504,0
92398,2012-07-01,0.2369763562798182,0
92399,2012-07-01,0.25811274912355925,0
92400,2012-07-01,0.16065117488766423,0
92401,2012-07-01,0.31305783824210937,0
92402,2012-07-01,0.2811635127037215,0
92403,2012-07-01,0.2824270602374161,0
92404,2012-07-01,0.26336394189649764,0
92405,2012-07-01,0.26893234452524406,0
92406,2012-07-01,0.26982034771178737,1
92407,2012-07-01,0.3346857692085974,0
92408,2012-07-01,0.21620049190343166,0
92409,2012-07-01,0.3181323055824118,0
92410,2012-07-01,0.4102198898298875,0
92411,2012-07-01,0.324571813754274,0
92412,2012-07-01,0.37443601768986234,1
92413,2012-07-01,0.23607690187548472,0
92414,2012-07-01,0.4056321577053934,0
92415,2012-07-01,0.3658893407896969,1
92416,2012-07-01,0.5378894699471044,0
92417,2012-07-01,0.3961222548851213,0
92418,2012-07-01,0.2660386863659492,1
92419,2012-07-01,0.3569738562924514,1
92420,2012-07-01,0.21144683406421752,0
92421,2012-07-01,0.3552937372799463,0
92422,2012-07-01,0.24076556009440422,0
92423,2012-07-01,0.39671888435699765,1
92424,2012-07-01,0.3748896306854824,0
92425,2012-07-01,0.23213677478137223,0
92426,2012-07-01,0.16995179160944152,0
92427,2012-07-01,0.3329364917269388,0
92428,2012-07-01,0.4448299180593708,0
92429,2012-07-01,0.2741019641047852,0
92430,2012-07-01,0.4069199717606182,0
92431,2012-07-01,0.4145155722044126,0
92432,2012-07-01,0.27685453811703825,0
92433,2012-07-01,0.29516207296773106,1
92434,2012-07-01,0.36116487920682205,0
92435,2012-07-01,0.40563555069294827,1
92436,2012-07-01,0.38509481509329685,1
92437,2012-07-01,0.3883465489959172,0
92438,2012-07-01,0.26391396767558783,0
92439,2012-07-01,0.40037576011088805,0
92440,2012-07-01,0.2275584920902128,0
92441,2012-07-01,0.2770429406741859,1
92442,2012-07-01,0.48711762668715247,1
92443,2012-07-01,0.258492627217693,0
92444,2012-07-01,0.4555665303588823,1
92445,2012-07-01,0.34006930415713954,0
