,date,y_proba,y_true
99079,2012-08-02,0.23079601098692507,0
99080,2012-08-02,0.3948736633696314,1
99081,2012-08-02,0.6294494261091331,1
99082,2012-08-02,0.4135552779083883,0
99083,2012-08-02,0.34779075807359416,0
99084,2012-08-02,0.47148584999666143,0
99085,2012-08-02,0.3630935060564642,0
99086,2012-08-02,0.5791411312428414,0
99087,2012-08-02,0.4020074108368678,1
99088,2012-08-02,0.4233037056691554,1
99089,2012-08-02,0.4358894040185689,0
99090,2012-08-02,0.10472950222310666,0
99091,2012-08-02,0.29905042639393825,0
99092,2012-08-02,0.4574261660462363,0
99093,2012-08-02,0.4291387872443567,1
99094,2012-08-02,0.4994026501398886,1
99095,2012-08-02,0.5548816620757614,0
99096,2012-08-02,0.33060468974870955,0
99097,2012-08-02,0.3658529331105289,0
99098,2012-08-02,0.35614499420136114,0
99099,2012-08-02,0.3439349163772699,1
99100,2012-08-02,0.4603759693194475,1
99101,2012-08-02,0.42892092661084047,0
99102,2012-08-02,0.29907070500912364,0
99103,2012-08-02,0.3561075647532793,0
99104,2012-08-02,0.42335586632090705,1
99105,2012-08-02,0.4380287974882806,0
99106,2012-08-02,0.19875801530381795,0
99107,2012-08-02,0.5054666455108284,1
99108,2012-08-02,0.43488959181765396,0
99109,2012-08-02,0.3033390490945885,1
99110,2012-08-02,0.35055868014929076,0
99111,2012-08-02,0.5102437993747558,1
99112,2012-08-02,0.3802987505055218,0
99113,2012-08-02,0.5608134545088123,0
99114,2012-08-02,0.25694876067411887,0
99115,2012-08-02,0.1883907334678129,0
99116,2012-08-02,0.1700397639664777,1
99117,2012-08-02,0.20212753228954491,0
99118,2012-08-02,0.4305032990199802,1
99119,2012-08-02,0.26381593862333996,0
99120,2012-08-02,0.34398455952493145,0
99121,2012-08-02,0.39538914240411727,0
99122,2012-08-02,0.536023538807033,1
99123,2012-08-02,0.3109269996525633,1
99124,2012-08-02,0.5642376888698425,0
99125,2012-08-02,0.316892299533764,0
99126,2012-08-02,0.4343215669127772,1
99127,2012-08-02,0.37364683336806065,1
99128,2012-08-02,0.44769442479244015,0
99129,2012-08-02,0.3365831684822706,0
99130,2012-08-02,0.16682262500863684,1
99131,2012-08-02,0.16527073237765422,0
99132,2012-08-02,0.29639368256494436,1
99133,2012-08-02,0.11235307137588757,0
99134,2012-08-02,0.6089531302790778,1
99135,2012-08-02,0.2038034603302046,0
99136,2012-08-02,0.2522784721309778,0
99137,2012-08-02,0.46575232792522253,1
99138,2012-08-02,0.2956571514736429,0
99139,2012-08-02,0.294731774299814,0
99140,2012-08-02,0.36416432031705565,0
99141,2012-08-02,0.38018147123077767,1
99142,2012-08-02,0.5143397115351359,1
99143,2012-08-02,0.32524123218259654,1
99144,2012-08-02,0.4631121695468657,1
99145,2012-08-02,0.5417463785140718,1
99146,2012-08-02,0.6599199285807856,1
99147,2012-08-02,0.29432667347974467,0
99148,2012-08-02,0.3004588725829562,1
99149,2012-08-02,0.4318911452141835,1
99150,2012-08-02,0.4519715506890996,0
99151,2012-08-02,0.51288343791057,1
99152,2012-08-02,0.369316623052134,0
99153,2012-08-02,0.22767401505027887,1
99154,2012-08-02,0.556727844745098,1
99155,2012-08-02,0.13185401812941344,0
99156,2012-08-02,0.39147106422356986,0
99157,2012-08-02,0.1462958204386293,0
99158,2012-08-02,0.2045527584419889,0
99159,2012-08-02,0.37922383198769355,0
99160,2012-08-02,0.20511372595721578,1
99161,2012-08-02,0.08418315063855747,0
99162,2012-08-02,0.681601942157812,1
99163,2012-08-02,0.15243103302557195,0
99164,2012-08-02,0.3450599425510874,1
99165,2012-08-02,0.21188896173208993,0
99166,2012-08-02,0.239975143797687,1
99167,2012-08-02,0.2713003262437222,0
99168,2012-08-02,0.3201910700445736,0
99169,2012-08-02,0.3516270054758955,1
99170,2012-08-02,0.27256752603172746,0
99171,2012-08-02,0.3154821385999254,0
99172,2012-08-02,0.3302702069064857,0
99173,2012-08-02,0.2036475943409917,0
99174,2012-08-02,0.4391231049957277,1
99175,2012-08-02,0.2648551934487644,0
99176,2012-08-02,0.3172893599710937,0
99177,2012-08-02,0.5846989690504525,0
99178,2012-08-02,0.10383233276877268,0
99179,2012-08-02,0.5677409608875703,1
99180,2012-08-02,0.14796164680647125,0
99181,2012-08-02,0.3727425486951208,0
99182,2012-08-02,0.27275447832486815,1
99183,2012-08-02,0.34065523004418113,0
99184,2012-08-02,0.6319252741168445,0
99185,2012-08-02,0.26622610847057837,0
99186,2012-08-02,0.1712850115861733,0
99187,2012-08-02,0.15218701796052608,0
99188,2012-08-02,0.49071229210124856,1
99189,2012-08-02,0.34561363057769773,1
99190,2012-08-02,0.3644300922935567,1
99191,2012-08-02,0.21352565914249788,0
99192,2012-08-02,0.4333734178571392,0
99193,2012-08-02,0.5659937540611549,0
99194,2012-08-02,0.39675524264959044,1
99195,2012-08-02,0.463702742837733,0
99196,2012-08-02,0.3275027297509817,0
99197,2012-08-03,0.3880543724637246,0
99198,2012-08-03,0.3584518295335116,1
99199,2012-08-03,0.3826441546298451,0
99200,2012-08-03,0.5882970121000737,1
99201,2012-08-03,0.4520332203056728,1
99202,2012-08-03,0.3170865461324858,0
99203,2012-08-03,0.40696177643728115,1
99204,2012-08-03,0.20854741254388878,0
99205,2012-08-03,0.5323014381746154,1
99206,2012-08-03,0.2383387745920616,0
99207,2012-08-03,0.3918483891260458,1
99208,2012-08-03,0.32368216000415095,0
99209,2012-08-03,0.2268256255634827,1
99210,2012-08-03,0.39424868942035984,1
99211,2012-08-03,0.3970113431667825,0
99212,2012-08-03,0.37299684277102796,0
99213,2012-08-03,0.4533195578382943,1
99214,2012-08-03,0.32580752628628057,0
99215,2012-08-03,0.3592797320596453,0
99216,2012-08-03,0.41186348419718577,1
99217,2012-08-03,0.4037259473635557,0
99218,2012-08-03,0.4357021953718532,0
99219,2012-08-03,0.29097594914223346,0
99220,2012-08-03,0.4953890995693732,0
99221,2012-08-03,0.3555916503879213,1
99222,2012-08-03,0.23086322476312124,0
99223,2012-08-03,0.30719537390572216,0
99224,2012-08-03,0.34932349313242433,0
99225,2012-08-03,0.2080577854729759,1
99226,2012-08-03,0.27777411007289604,1
99227,2012-08-03,0.1212554936233306,0
99228,2012-08-03,0.3468249330865001,1
99229,2012-08-03,0.479449939085194,1
99230,2012-08-03,0.16299557854586988,0
99231,2012-08-03,0.12874161297192763,0
99232,2012-08-03,0.4823652706558186,1
99233,2012-08-03,0.3903559007873847,0
99234,2012-08-03,0.3635695306237985,0
99235,2012-08-03,0.35044050113394776,0
99236,2012-08-03,0.11705178324859575,0
99237,2012-08-03,0.2851007879306907,0
99238,2012-08-03,0.240694356964323,1
99239,2012-08-03,0.5484177158608192,1
99240,2012-08-03,0.3788814941280701,0
99241,2012-08-03,0.13168780521979187,0
99242,2012-08-03,0.23527390947341184,0
99243,2012-08-03,0.28702078314734,0
99244,2012-08-03,0.45941200615332917,0
99245,2012-08-03,0.24400525819795685,1
99246,2012-08-03,0.2024981640870653,0
99247,2012-08-03,0.22600421483239494,0
99248,2012-08-03,0.23117352939616218,0
99249,2012-08-03,0.2787517957330229,0
99250,2012-08-03,0.24420806498218164,1
99251,2012-08-03,0.3726835026619002,1
99252,2012-08-03,0.17007852893015485,0
99253,2012-08-03,0.43397081847327007,0
99254,2012-08-03,0.3917023106783558,0
99255,2012-08-03,0.43846882608131893,0
99256,2012-08-03,0.3226880668694477,1
99257,2012-08-03,0.1722839854167543,0
99258,2012-08-03,0.4118210310245688,0
99259,2012-08-03,0.2770044822599597,0
99260,2012-08-03,0.24945669130021797,0
99261,2012-08-03,0.2412764851449032,0
99262,2012-08-03,0.3965276404736727,0
99263,2012-08-03,0.4463401597498315,0
99264,2012-08-03,0.4194965751200096,1
99265,2012-08-03,0.5310714996885542,1
99266,2012-08-03,0.131694755707667,0
99267,2012-08-03,0.5418377962781851,1
99268,2012-08-03,0.4950728204754795,0
99269,2012-08-03,0.28193861898495215,0
99270,2012-08-03,0.14430271880432138,0
99271,2012-08-03,0.5531398360436433,1
99272,2012-08-03,0.39470010371330083,0
99273,2012-08-03,0.1389539445879554,0
99274,2012-08-03,0.24355416179172462,0
99275,2012-08-03,0.2985315904273126,0
99276,2012-08-03,0.36844520889452587,0
99277,2012-08-03,0.28936789656402895,0
99278,2012-08-03,0.5180476804556082,0
99279,2012-08-03,0.4353304149002736,1
99280,2012-08-03,0.20980772052060256,0
99281,2012-08-03,0.4995295382279849,1
99282,2012-08-03,0.1209697770851508,0
99283,2012-08-03,0.32913501299484715,0
99284,2012-08-03,0.3090463979717793,0
99285,2012-08-03,0.19759795654412096,0
99286,2012-08-03,0.5243845981455959,1
99287,2012-08-03,0.36895365033464644,0
99288,2012-08-03,0.3283154023775165,0
99289,2012-08-03,0.19808745972681616,0
99290,2012-08-03,0.4002395884757539,1
99291,2012-08-03,0.43851342104763696,0
99292,2012-08-03,0.3589404977611808,1
99293,2012-08-03,0.3270982366357727,0
99294,2012-08-03,0.10450259599556443,0
99295,2012-08-03,0.2683851513372685,1
99296,2012-08-03,0.4547303960936961,1
99297,2012-08-03,0.48829913654571155,1
99298,2012-08-03,0.2912600877482585,1
99299,2012-08-03,0.5972245594254171,1
99300,2012-08-04,0.27956720936846785,0
99301,2012-08-04,0.42550834295316825,0
99302,2012-08-04,0.4762505512277073,0
99303,2012-08-04,0.3122035042886473,1
99304,2012-08-04,0.12812187642820605,0
99305,2012-08-04,0.2749136402772301,1
99306,2012-08-04,0.3625739217682778,0
99307,2012-08-04,0.24661319485574335,0
99308,2012-08-04,0.31865127176684416,1
99309,2012-08-04,0.5103329033274195,0
99310,2012-08-04,0.18171893937095562,0
99311,2012-08-04,0.3896780470593592,0
99312,2012-08-04,0.39568121028712927,0
99313,2012-08-04,0.38037704959451873,1
99314,2012-08-04,0.7418632476438988,1
99315,2012-08-04,0.43481997328742844,1
99316,2012-08-04,0.2115679860637193,1
99317,2012-08-04,0.38667204766983204,0
99318,2012-08-04,0.2670804967472797,0
99319,2012-08-04,0.34255792709176625,0
99320,2012-08-04,0.33290562530495243,1
99321,2012-08-04,0.20755456433370675,0
99322,2012-08-04,0.15814857867915896,0
99323,2012-08-04,0.5328489153292523,1
99324,2012-08-04,0.4812257575030031,1
99325,2012-08-04,0.5140424004232559,1
99326,2012-08-04,0.3856898214087893,1
99327,2012-08-04,0.25902192107573535,0
99328,2012-08-04,0.3305436803078908,0
99329,2012-08-04,0.31743972494847483,0
99330,2012-08-04,0.36905163046566425,0
99331,2012-08-04,0.23744129458127192,1
99332,2012-08-04,0.2338571762153713,0
99333,2012-08-04,0.299746966815153,0
99334,2012-08-04,0.20863081998860378,0
99335,2012-08-04,0.38529042896880944,0
99336,2012-08-04,0.3118861425804577,1
99337,2012-08-04,0.5521339621530711,1
99338,2012-08-04,0.2217065327353572,0
99339,2012-08-04,0.42738434670068565,1
99340,2012-08-04,0.21989668327959333,1
99341,2012-08-04,0.21790429813134785,0
99342,2012-08-04,0.405512918385781,1
99343,2012-08-04,0.3322558975915605,0
99344,2012-08-04,0.47122575294136376,1
99345,2012-08-04,0.20581766279664027,0
99346,2012-08-04,0.23706888348461483,1
99347,2012-08-04,0.5165757706281301,0
99348,2012-08-04,0.24872736462422082,1
99349,2012-08-04,0.4997982200389363,1
99350,2012-08-04,0.34150291473863453,1
99351,2012-08-04,0.5794229070176411,1
99352,2012-08-04,0.406182400187788,0
99353,2012-08-04,0.34641507044364145,0
99354,2012-08-04,0.469353429794939,1
99355,2012-08-04,0.7310102422360475,0
99356,2012-08-04,0.1858451692945076,0
99357,2012-08-04,0.2051208340172231,0
99358,2012-08-04,0.43200340765304057,0
99359,2012-08-04,0.4220509977560165,0
99360,2012-08-04,0.44063446683557267,0
99361,2012-08-04,0.23714372529652808,0
99362,2012-08-04,0.33301154808172284,1
99363,2012-08-04,0.49040677490294043,0
99364,2012-08-04,0.3528095228132911,0
99365,2012-08-04,0.4931152208221844,0
99366,2012-08-04,0.1462023817530465,0
99367,2012-08-04,0.4115822985468626,1
99368,2012-08-04,0.14565989166152163,0
99369,2012-08-04,0.4039918451123305,0
99370,2012-08-04,0.539640540842901,1
99371,2012-08-04,0.3569392675477563,1
99372,2012-08-04,0.5452391018466775,1
99373,2012-08-04,0.27748752592414005,0
99374,2012-08-04,0.26140880878755723,0
99375,2012-08-04,0.4384132051584818,1
99376,2012-08-04,0.3580399842515037,0
99377,2012-08-04,0.4468089332096814,0
99378,2012-08-04,0.34671099427368207,0
99379,2012-08-04,0.642339891282363,1
99380,2012-08-04,0.4060832824327191,1
99381,2012-08-04,0.3180748150218938,1
99382,2012-08-04,0.24557464082504923,1
99383,2012-08-04,0.45695497538298774,1
99384,2012-08-04,0.2807233673956816,0
99385,2012-08-04,0.33491432269076743,1
99386,2012-08-04,0.17409058070953057,0
99387,2012-08-04,0.3023523446065479,1
99388,2012-08-04,0.16780158649267712,0
99389,2012-08-04,0.6131551615644861,1
99390,2012-08-04,0.3805566889658247,1
99391,2012-08-04,0.4691946593621769,0
99392,2012-08-04,0.2526867631592178,1
99393,2012-08-04,0.15004016587552574,0
99394,2012-08-04,0.20363946739188088,0
99395,2012-08-04,0.29106343333798174,0
99396,2012-08-04,0.3675606992823187,1
99397,2012-08-04,0.3150560672165117,1
99398,2012-08-04,0.3690003265214616,0
99399,2012-08-04,0.17226620665502448,0
99400,2012-08-04,0.2436676789239349,0
99401,2012-08-04,0.5968388389744674,1
99402,2012-08-04,0.45509154326439927,1
99403,2012-08-04,0.3932079733456374,1
99404,2012-08-04,0.42901180196022864,1
99405,2012-08-04,0.49725367481606714,1
99406,2012-08-04,0.13770766179057836,0
99407,2012-08-04,0.3003715357179807,0
99408,2012-08-04,0.5613199959715166,1
99409,2012-08-04,0.326430775397436,0
99410,2012-08-04,0.48920558175937234,1
99411,2012-08-04,0.3751922856053037,1
99412,2012-08-04,0.18373621816908142,0
99413,2012-08-04,0.4213321939155662,0
99414,2012-08-04,0.27267683874883836,0
99415,2012-08-04,0.38435472214996486,1
99416,2012-08-04,0.10337492201511544,0
99417,2012-08-04,0.46714416812920473,0
99418,2012-08-04,0.3395739086995623,0
99419,2012-08-04,0.1986775368327084,0
99420,2012-08-04,0.20481913514406738,1
99421,2012-08-04,0.2197265516236851,0
99422,2012-08-04,0.22392698298853955,1
99423,2012-08-04,0.20608765622901487,0
99424,2012-08-04,0.17051763097555284,1
99425,2012-08-04,0.4512348661413101,1
99426,2012-08-04,0.42099746913269126,0
99427,2012-08-04,0.43697121976325415,1
99428,2012-08-04,0.3289733813152246,0
99429,2012-08-04,0.4262988004304813,1
99430,2012-08-04,0.12701879706533467,0
99431,2012-08-04,0.3097816508067233,0
99432,2012-08-04,0.09960584897039494,0
99433,2012-08-04,0.5507514743361703,1
99434,2012-08-04,0.3980245766863673,1
99435,2012-08-04,0.46587847116766434,1
99436,2012-08-04,0.3105288972829403,1
99437,2012-08-04,0.1461175293670169,0
99438,2012-08-04,0.4216096166380275,0
99439,2012-08-04,0.09646243193689251,0
99440,2012-08-04,0.178029013329064,0
99441,2012-08-04,0.1883331785776233,0
99442,2012-08-04,0.3364496882493675,0
99443,2012-08-04,0.32633700547907535,1
99444,2012-08-04,0.27096695339098065,1
99445,2012-08-04,0.22756641288927665,0
99446,2012-08-04,0.3195817228829296,0
99447,2012-08-04,0.23278042035935662,1
99448,2012-08-04,0.18932590531312715,0
99449,2012-08-04,0.5668341095776009,0
99450,2012-08-04,0.4469442721655997,0
99451,2012-08-04,0.4019683147315559,1
99452,2012-08-04,0.1974337950679172,0
99453,2012-08-04,0.28569409736026646,0
99454,2012-08-04,0.3855344443475245,1
99455,2012-08-04,0.5653669171752331,1
99456,2012-08-04,0.28983797552696505,0
99457,2012-08-04,0.13330256856647354,0
99458,2012-08-04,0.29504096807157365,0
99459,2012-08-04,0.22878027797710376,1
99460,2012-08-04,0.6461739020528071,1
99461,2012-08-04,0.43870664284970134,1
99462,2012-08-04,0.3197392459762444,0
99463,2012-08-04,0.2942056719682032,0
99464,2012-08-04,0.24410170566844108,0
99465,2012-08-04,0.35789132794941303,0
99466,2012-08-05,0.15968194834673444,0
99467,2012-08-05,0.43958525204670706,0
99468,2012-08-05,0.6307976496523294,1
99469,2012-08-05,0.3488694952282473,0
99470,2012-08-05,0.22140222534971893,0
99471,2012-08-05,0.35980380856106026,1
99472,2012-08-05,0.34965001499169496,1
99473,2012-08-05,0.3635110606801003,1
99474,2012-08-05,0.37423409580784395,1
99475,2012-08-05,0.3716824173183367,0
99476,2012-08-05,0.13597076440955358,0
99477,2012-08-05,0.1459703131848512,0
99478,2012-08-05,0.28321736106588996,0
99479,2012-08-05,0.34555932853736104,1
99480,2012-08-05,0.13330352780203464,0
99481,2012-08-05,0.4814477570785887,1
99482,2012-08-05,0.2129095081102778,0
99483,2012-08-05,0.3163040315528786,1
99484,2012-08-05,0.12233507409861968,0
99485,2012-08-05,0.4296710641505391,0
99486,2012-08-05,0.4210074167615869,0
99487,2012-08-05,0.3223647329820572,0
99488,2012-08-05,0.33349125223384707,1
99489,2012-08-05,0.5850935845737306,1
99490,2012-08-05,0.4364257679514362,1
99491,2012-08-05,0.6551727260042791,1
99492,2012-08-05,0.4137234124394234,0
99493,2012-08-05,0.3361958099160395,0
99494,2012-08-05,0.19747792959888463,0
99495,2012-08-05,0.4911043381414759,1
99496,2012-08-05,0.07087159696552925,0
99497,2012-08-05,0.38781118272675186,0
99498,2012-08-05,0.1734284963480164,0
99499,2012-08-05,0.1273864568016391,0
99500,2012-08-05,0.3894555606356896,1
99501,2012-08-05,0.300670366029913,0
99502,2012-08-05,0.4330627850527667,0
99503,2012-08-05,0.2989733768999579,0
99504,2012-08-05,0.45206948094626864,0
99505,2012-08-05,0.23383725833270846,0
99506,2012-08-05,0.658501393519112,0
99507,2012-08-05,0.4202059842959461,1
99508,2012-08-05,0.2503632554766657,0
99509,2012-08-05,0.5089338958268119,0
99510,2012-08-05,0.33123146696625116,0
99511,2012-08-05,0.4621960838230024,1
99512,2012-08-05,0.538271613360461,1
99513,2012-08-05,0.2173859230270961,0
99514,2012-08-05,0.5148172412263459,1
99515,2012-08-05,0.5182722823852598,0
99516,2012-08-05,0.3453072608569309,1
99517,2012-08-05,0.3549442241142386,0
99518,2012-08-05,0.3209146712583046,0
99519,2012-08-05,0.3273569223328007,0
99520,2012-08-05,0.4848910698713296,0
99521,2012-08-05,0.3888346761155247,1
99522,2012-08-05,0.36426713197814603,1
99523,2012-08-05,0.36372894167238584,1
99524,2012-08-05,0.29851163671046793,0
99525,2012-08-05,0.18357454695436048,0
99526,2012-08-05,0.13302617043686515,0
99527,2012-08-05,0.40184461827254986,1
99528,2012-08-05,0.13790073456653323,0
99529,2012-08-05,0.2918304333833713,1
99530,2012-08-05,0.2788125759778579,1
99531,2012-08-05,0.3847376084035015,0
99532,2012-08-05,0.47046232932161214,1
99533,2012-08-05,0.388431502004376,1
99534,2012-08-05,0.2634769018665382,0
99535,2012-08-05,0.2786987910902069,0
99536,2012-08-05,0.3120663617566297,0
99537,2012-08-05,0.451997546975878,0
99538,2012-08-05,0.2735818192824246,0
99539,2012-08-05,0.4319190977612952,1
99540,2012-08-05,0.13532997609632652,0
99541,2012-08-05,0.24637056475105612,0
99542,2012-08-05,0.2934815200920349,0
99543,2012-08-05,0.3455500662111362,0
99544,2012-08-05,0.3392262791726138,0
99545,2012-08-05,0.4786980487044736,0
99546,2012-08-05,0.5129668655397714,0
99547,2012-08-05,0.1385470461279697,0
99548,2012-08-05,0.37288166042725945,0
99549,2012-08-05,0.4229783985629628,1
99550,2012-08-05,0.226681448554513,1
99551,2012-08-05,0.28711610813866156,1
99552,2012-08-05,0.4056932288707843,0
99553,2012-08-05,0.1938814283214817,0
99554,2012-08-05,0.40192250288465187,1
99555,2012-08-05,0.2602170000154412,0
99556,2012-08-05,0.28154309366696373,0
99557,2012-08-05,0.5147036488340003,1
99558,2012-08-05,0.21069848139479816,0
99559,2012-08-05,0.4940683366339194,1
99560,2012-08-05,0.18293820582434864,0
99561,2012-08-05,0.4371796246527869,0
99562,2012-08-05,0.4452103334924994,1
99563,2012-08-05,0.19353324040749706,0
99564,2012-08-05,0.20533495734636376,0
99565,2012-08-05,0.46354610857231304,1
99566,2012-08-05,0.19926412247126746,1
99567,2012-08-05,0.3287020001649836,1
99568,2012-08-05,0.4925741781280231,1
99569,2012-08-05,0.31235588680596166,1
99570,2012-08-05,0.12828604820694414,0
99571,2012-08-05,0.3096395723123325,1
99572,2012-08-05,0.3520824049162346,0
99573,2012-08-05,0.30129049452900913,0
99574,2012-08-05,0.3394446919955673,1
99575,2012-08-05,0.23390863970115638,0
99576,2012-08-05,0.27074814814403136,1
99577,2012-08-05,0.4669533466802721,1
99578,2012-08-05,0.3722484329323823,0
99579,2012-08-05,0.1284632972310945,0
99580,2012-08-05,0.31227910244754564,0
99581,2012-08-05,0.46447799265225015,0
99582,2012-08-05,0.32297572107336026,1
99583,2012-08-05,0.37798676466507264,0
99584,2012-08-05,0.39777903734374104,1
99585,2012-08-05,0.5139511235425223,1
99586,2012-08-05,0.30933698438255053,1
99587,2012-08-05,0.4681735829266926,0
99588,2012-08-05,0.16241559296086736,0
99589,2012-08-05,0.2340622259650135,1
99590,2012-08-05,0.1583437249048372,0
99591,2012-08-05,0.5150738164244337,1
99592,2012-08-05,0.23856701213831846,0
99593,2012-08-05,0.48800391950998906,1
99594,2012-08-05,0.36513324749143633,1
99595,2012-08-05,0.3544942672368668,1
99596,2012-08-05,0.4067430873730431,0
99597,2012-08-05,0.3880806057051887,0
99598,2012-08-05,0.26622683448442847,0
99599,2012-08-05,0.16227535333945403,0
99600,2012-08-05,0.30777608807109064,0
99601,2012-08-05,0.38299660148778797,0
99602,2012-08-05,0.29383751716742623,0
99603,2012-08-05,0.3971458070867492,0
99604,2012-08-05,0.5196709361956486,1
99605,2012-08-05,0.3942067303700423,0
99606,2012-08-05,0.3509159294992648,1
99607,2012-08-05,0.2049244367591016,0
99608,2012-08-05,0.25187802671724024,1
99609,2012-08-05,0.3979106031991523,0
99610,2012-08-05,0.5586992195873547,1
99611,2012-08-05,0.19527841472741758,0
99612,2012-08-05,0.4036391409803467,0
99613,2012-08-05,0.26059059920651145,1
99614,2012-08-05,0.3910835476480589,1
99615,2012-08-05,0.22220970737466347,0
99616,2012-08-05,0.6076530896145751,1
99617,2012-08-05,0.11763849150633639,0
99618,2012-08-05,0.35521932743452495,0
99619,2012-08-05,0.1876273459608613,0
99620,2012-08-05,0.39914187572244464,1
99621,2012-08-05,0.48884123561369947,1
99622,2012-08-05,0.5181749891720482,1
99623,2012-08-05,0.27812217230317005,0
99624,2012-08-05,0.3174547973977129,0
99625,2012-08-05,0.3088058164416388,0
99626,2012-08-05,0.38972492789210206,0
99627,2012-08-05,0.14710720763609952,0
99628,2012-08-05,0.24356758474690532,0
99629,2012-08-05,0.234353092365242,0
99630,2012-08-05,0.3441419192753615,1
99631,2012-08-05,0.27909197538214764,0
99632,2012-08-05,0.20112631623373808,0
99633,2012-08-05,0.24026397102913646,1
99634,2012-08-05,0.30787986199648854,0
99635,2012-08-05,0.5517944267640065,0
99636,2012-08-05,0.4678606405238099,1
99637,2012-08-05,0.33323263888867105,1
99638,2012-08-05,0.5178286034540499,1
99639,2012-08-05,0.3287717654363733,1
99640,2012-08-05,0.4366756035474515,0
99641,2012-08-05,0.20104440680111194,0
99642,2012-08-05,0.27598136828012615,1
99643,2012-08-05,0.19336163616156082,0
99644,2012-08-05,0.3776485991147573,0
99645,2012-08-05,0.1959216589770036,0
99646,2012-08-05,0.45247116887315997,1
99647,2012-08-05,0.27642930760311585,0
99648,2012-08-05,0.24426548808209553,0
99649,2012-08-05,0.49349688021485566,1
99650,2012-08-05,0.2680494808830184,0
99651,2012-08-05,0.333275795623414,1
99652,2012-08-05,0.4206085062647032,0
99653,2012-08-05,0.16419538920488747,1
99654,2012-08-05,0.31845764282283706,0
99655,2012-08-05,0.35352794128247583,0
99656,2012-08-05,0.48953551426820374,0
99657,2012-08-05,0.3755135271063864,1
99658,2012-08-05,0.24593479793646086,0
99659,2012-08-05,0.5377087207983996,1
99660,2012-08-05,0.2981595625799264,0
99661,2012-08-05,0.15468284873442445,0
99662,2012-08-05,0.40931400653726013,0
99663,2012-08-05,0.26307740358728465,1
99664,2012-08-05,0.35621262679562465,0
99665,2012-08-05,0.4243285409031351,0
99666,2012-08-05,0.3115773396286411,0
99667,2012-08-05,0.3577994544590359,0
99668,2012-08-05,0.3004397883842602,0
99669,2012-08-05,0.5165882113089969,0
99670,2012-08-05,0.3236491242958261,1
99671,2012-08-05,0.08277684213888468,0
99672,2012-08-05,0.23491906172051424,0
99673,2012-08-05,0.47474697286082507,0
99674,2012-08-05,0.43389730015174466,1
99675,2012-08-05,0.3117630454216944,0
99676,2012-08-05,0.4940793989867618,1
99677,2012-08-05,0.3126336608839209,0
99678,2012-08-05,0.41767738472434357,0
99679,2012-08-05,0.41299046557518876,1
99680,2012-08-05,0.2655870587700125,1
99681,2012-08-05,0.4118058521539518,0
99682,2012-08-05,0.2753921943463926,0
99683,2012-08-05,0.24285988447852402,0
99684,2012-08-05,0.17620883884346797,0
99685,2012-08-05,0.2409711622075066,0
99686,2012-08-05,0.5037401066604077,1
99687,2012-08-05,0.44433214268667875,0
99688,2012-08-05,0.5137731014824348,0
99689,2012-08-05,0.45059927869528277,0
99690,2012-08-05,0.31189771836291846,0
99691,2012-08-05,0.1688689580091537,0
99692,2012-08-05,0.1362842105634114,0
99693,2012-08-05,0.48751199279232044,1
99694,2012-08-05,0.21093634812066075,0
99695,2012-08-05,0.553223834557408,0
99696,2012-08-05,0.2314209192828691,1
99697,2012-08-05,0.6996986364604268,1
99698,2012-08-05,0.2747485718006141,0
99699,2012-08-05,0.5600217183241274,1
99700,2012-08-05,0.33807195480325125,1
99701,2012-08-05,0.3690254348045085,1
99702,2012-08-05,0.47536297429507207,1
99703,2012-08-05,0.34538607124327725,0
99704,2012-08-05,0.4149129298238786,1
99705,2012-08-05,0.30531999294665346,1
99706,2012-08-05,0.3233124836235098,0
99707,2012-08-05,0.20294271518970178,0
99708,2012-08-05,0.5012401654279477,1
99709,2012-08-05,0.35918409819864106,0
99710,2012-08-05,0.3584847427052651,0
99711,2012-08-05,0.4484338958462658,0
99712,2012-08-05,0.18146799691815713,0
99713,2012-08-05,0.43999010966409,1
99714,2012-08-05,0.2637281343999547,0
99715,2012-08-05,0.22260616188217852,0
99716,2012-08-05,0.2025608948231583,1
99717,2012-08-05,0.4641683731241856,0
99718,2012-08-05,0.2513801649262909,0
99719,2012-08-05,0.1902380843680409,0
99720,2012-08-05,0.2112866734215223,0
99721,2012-08-05,0.27694751417707675,0
99722,2012-08-05,0.2698997654382506,0
99723,2012-08-05,0.30595337741952494,0
99724,2012-08-05,0.6882471377433449,1
99725,2012-08-05,0.41729927567748654,0
99726,2012-08-05,0.4989165556623857,0
99727,2012-08-05,0.6947435023680467,1
99728,2012-08-05,0.18881510303626373,0
99729,2012-08-05,0.33104468536435633,0
99730,2012-08-05,0.4690457009326343,1
99731,2012-08-05,0.3711338011662033,1
99732,2012-08-05,0.5940837743669327,1
99733,2012-08-05,0.3050376860032967,0
99734,2012-08-05,0.41086765508716816,0
99735,2012-08-05,0.3367058353385678,1
99736,2012-08-05,0.2597996846890127,0
99737,2012-08-05,0.36584637472480047,1
99738,2012-08-05,0.5042313206388512,0
99739,2012-08-05,0.23336998057670585,0
99740,2012-08-05,0.4048042350819833,0
99741,2012-08-05,0.17366922041748378,0
99742,2012-08-06,0.08401704075223879,0
99743,2012-08-06,0.24178516539667952,0
99744,2012-08-06,0.6888084182725466,1
99745,2012-08-06,0.28252118773498375,0
99746,2012-08-06,0.2886030378583596,1
99747,2012-08-06,0.2399444928678137,0
99748,2012-08-06,0.3355325917733351,0
99749,2012-08-06,0.5356235115823551,1
99750,2012-08-06,0.5128809234857914,0
99751,2012-08-06,0.275555939814137,0
99752,2012-08-06,0.30236953821330886,0
99753,2012-08-06,0.08763308122209645,0
99754,2012-08-06,0.27924952119320645,0
99755,2012-08-06,0.5926973991426316,1
99756,2012-08-06,0.34549934821702905,0
99757,2012-08-06,0.4370416405958297,1
99758,2012-08-06,0.11783102911532098,0
99759,2012-08-06,0.2230385379466872,0
99760,2012-08-06,0.4966472146179112,1
99761,2012-08-06,0.4349211482631184,0
99762,2012-08-06,0.3042011696421363,0
99763,2012-08-06,0.3820080475562428,0
99764,2012-08-06,0.37862728126286355,0
99765,2012-08-06,0.15034890905006004,0
99766,2012-08-06,0.2902613924745777,0
99767,2012-08-06,0.3913768976332888,0
99768,2012-08-06,0.20029916339719506,0
99769,2012-08-06,0.560556588659024,1
99770,2012-08-06,0.34660067746529166,0
99771,2012-08-06,0.24062533633083966,0
99772,2012-08-06,0.2802190915571096,1
99773,2012-08-06,0.6648840346832919,1
99774,2012-08-06,0.15809863043215533,0
99775,2012-08-06,0.08415935190053087,0
99776,2012-08-06,0.6082343153823769,1
99777,2012-08-06,0.3683136990653565,0
99778,2012-08-06,0.1408518904239605,0
99779,2012-08-06,0.29232659601606853,1
99780,2012-08-06,0.18227901466117594,1
99781,2012-08-06,0.6836965852771204,1
99782,2012-08-06,0.322432489081763,0
99783,2012-08-06,0.40692144995088203,1
99784,2012-08-06,0.35258104928794454,0
99785,2012-08-06,0.37513407960358186,0
99786,2012-08-06,0.3989071083161702,1
99787,2012-08-06,0.38919897647617124,0
99788,2012-08-06,0.4621932549879498,0
99789,2012-08-06,0.37959395139864316,1
99790,2012-08-06,0.4017844422389881,1
99791,2012-08-06,0.22880148415210755,1
99792,2012-08-06,0.2762409003224606,0
99793,2012-08-06,0.10229749807549769,0
99794,2012-08-06,0.39677494341661457,1
99795,2012-08-06,0.23452533930400557,1
99796,2012-08-06,0.3932875397725517,0
99797,2012-08-06,0.4113936748774802,0
99798,2012-08-06,0.19299781480725176,0
99799,2012-08-06,0.3171076495790473,0
99800,2012-08-06,0.5244129403606528,0
99801,2012-08-06,0.570096649985842,0
99802,2012-08-06,0.307677948741841,0
99803,2012-08-06,0.34890377853577076,0
99804,2012-08-06,0.5050461061178282,0
99805,2012-08-06,0.24957785752381853,0
99806,2012-08-06,0.24467705247611368,0
99807,2012-08-06,0.3001246417267904,0
99808,2012-08-06,0.0862307756120431,0
99809,2012-08-06,0.6454312828738372,1
99810,2012-08-06,0.6950567554976381,1
99811,2012-08-06,0.40855253223800764,1
99812,2012-08-06,0.41983447986898337,0
99813,2012-08-06,0.3332032048660197,1
99814,2012-08-06,0.4516297250485925,0
99815,2012-08-06,0.5001621462744764,1
99816,2012-08-06,0.4211033534512399,1
99817,2012-08-06,0.44058660271844796,0
99818,2012-08-06,0.3951029640062767,1
99819,2012-08-06,0.39070647097770095,0
99820,2012-08-06,0.3071079591831915,0
99821,2012-08-06,0.1758860144798151,1
99822,2012-08-06,0.38121595947107284,0
99823,2012-08-06,0.4827786315624595,0
99824,2012-08-06,0.5910761784600527,1
99825,2012-08-06,0.420886151191852,1
99826,2012-08-06,0.3565728582169993,0
99827,2012-08-06,0.321324058779216,1
99828,2012-08-06,0.36257076497110186,1
99829,2012-08-06,0.17208954164815451,0
99830,2012-08-06,0.3140830750899229,1
99831,2012-08-06,0.20511271859930202,0
99832,2012-08-06,0.27209908629456697,1
99833,2012-08-06,0.6131978930665308,1
99834,2012-08-06,0.5603264965454479,1
99835,2012-08-06,0.3900245941740611,1
99836,2012-08-06,0.18310173454744938,0
99837,2012-08-06,0.2187116747498487,0
99838,2012-08-06,0.10076588639626258,0
99839,2012-08-06,0.5870675720786024,1
99840,2012-08-06,0.17347772865457048,0
99841,2012-08-06,0.1832440300555422,0
99842,2012-08-06,0.38588786307561174,1
99843,2012-08-06,0.3086244465991722,0
99844,2012-08-06,0.1999463219955522,0
99845,2012-08-06,0.31505400421719393,1
99846,2012-08-06,0.3095213873431709,0
99847,2012-08-06,0.6443229695996183,1
99848,2012-08-06,0.17399170751699158,0
99849,2012-08-06,0.1899089925022919,0
99850,2012-08-06,0.22006412498211045,0
99851,2012-08-06,0.43817354345478193,1
99852,2012-08-06,0.5227306790618195,1
99853,2012-08-06,0.5926094388266638,1
99854,2012-08-06,0.42737864680667936,0
99855,2012-08-06,0.28118875747315336,1
99856,2012-08-06,0.2553961108021065,0
99857,2012-08-06,0.38913596749722623,1
99858,2012-08-06,0.480584311310298,0
99859,2012-08-06,0.5057098373853811,1
99860,2012-08-06,0.2689570526018402,0
99861,2012-08-06,0.20800428189161457,0
99862,2012-08-06,0.21090742466354898,1
99863,2012-08-06,0.5130738640561469,0
99864,2012-08-06,0.4317105706435863,0
99865,2012-08-06,0.2851748438835436,0
99866,2012-08-06,0.46433009537534614,1
99867,2012-08-06,0.34676943546906447,1
99868,2012-08-06,0.32341876306353134,1
99869,2012-08-06,0.11787713320710203,0
99870,2012-08-06,0.3284043229054545,0
99871,2012-08-06,0.3253505103692602,1
99872,2012-08-06,0.2977398360706914,0
99873,2012-08-06,0.32120688567747785,1
99874,2012-08-06,0.237515664635101,0
99875,2012-08-06,0.5861262863355445,1
99876,2012-08-06,0.2312029836180883,0
99877,2012-08-06,0.4576119155051778,1
99878,2012-08-06,0.2686265809854085,0
99879,2012-08-06,0.6808077599564034,1
99880,2012-08-06,0.22754409850682752,0
99881,2012-08-06,0.3987014220839197,0
99882,2012-08-06,0.23551724869124402,1
99883,2012-08-06,0.19634995514504563,0
99884,2012-08-06,0.20156597824887185,0
99885,2012-08-06,0.5809213801351063,0
99886,2012-08-06,0.4724000497391742,1
99887,2012-08-06,0.32431268833254345,0
99888,2012-08-06,0.1902657037070454,0
99889,2012-08-06,0.2238701339212648,1
99890,2012-08-06,0.1965885355598303,0
99891,2012-08-06,0.501015020518519,1
99892,2012-08-06,0.4242749175479827,1
99893,2012-08-06,0.23845810140317472,1
99894,2012-08-06,0.47890970660332893,1
99895,2012-08-06,0.21337218767626723,0
99896,2012-08-06,0.531232809922623,0
99897,2012-08-06,0.5076575201283573,1
99898,2012-08-06,0.3251335865540683,0
99899,2012-08-06,0.3117774019946013,0
99900,2012-08-06,0.25106140443243435,0
99901,2012-08-06,0.4795618274700794,0
99902,2012-08-06,0.337540797246606,1
99903,2012-08-06,0.40230788966559056,1
99904,2012-08-06,0.43160485488446504,1
99905,2012-08-06,0.686638208544494,1
99906,2012-08-06,0.3898218290719532,0
99907,2012-08-06,0.555906502931283,1
99908,2012-08-06,0.2251214614632555,0
99909,2012-08-06,0.4380428460992237,1
99910,2012-08-06,0.5123379709546683,0
99911,2012-08-06,0.21755326174055858,0
99912,2012-08-06,0.28260166938441234,1
99913,2012-08-06,0.3859963867741672,0
99914,2012-08-06,0.4206215199037753,0
99915,2012-08-06,0.24410800911349959,0
99916,2012-08-06,0.2491417713529782,0
99917,2012-08-06,0.5809971382025413,0
99918,2012-08-06,0.6025289675417795,1
99919,2012-08-06,0.3698366711105507,0
99920,2012-08-06,0.17005947898980694,0
99921,2012-08-06,0.3760641590664638,0
99922,2012-08-06,0.2363519229975863,0
99923,2012-08-06,0.3535297760031747,0
99924,2012-08-06,0.21077178287831477,0
99925,2012-08-06,0.1431543823015531,0
99926,2012-08-06,0.28808405603289094,0
99927,2012-08-06,0.1982095939159964,0
99928,2012-08-06,0.17973677182277353,0
99929,2012-08-06,0.11156221009619136,0
99930,2012-08-06,0.47539530787465645,0
99931,2012-08-06,0.3198630196911488,0
99932,2012-08-06,0.23404848693991986,0
99933,2012-08-06,0.3706047868899775,0
99934,2012-08-06,0.3240892087294764,1
99935,2012-08-06,0.48068571556860124,1
99936,2012-08-06,0.052148688210217474,0
99937,2012-08-06,0.3452967812844618,0
99938,2012-08-06,0.20473414790481073,1
99939,2012-08-06,0.1357677227926167,0
99940,2012-08-06,0.35999747349394035,1
99941,2012-08-06,0.6972138824305524,1
99942,2012-08-06,0.537947337622516,1
99943,2012-08-06,0.2798843011288504,0
99944,2012-08-06,0.3282254301618214,0
99945,2012-08-06,0.4483644601452143,0
99946,2012-08-06,0.1626897125249642,0
99947,2012-08-06,0.3305475353599506,0
99948,2012-08-06,0.36216127367919554,1
99949,2012-08-06,0.5315008833802295,1
99950,2012-08-06,0.2260893621016251,0
99951,2012-08-06,0.511518526765141,1
99952,2012-08-06,0.14023385856696052,0
99953,2012-08-06,0.4445092202493099,0
99954,2012-08-06,0.15537251173663266,0
99955,2012-08-06,0.4938203267039822,1
99956,2012-08-06,0.12749207902579032,0
99957,2012-08-06,0.2455551417965566,0
99958,2012-08-06,0.23354117618534442,0
99959,2012-08-06,0.22399158496484198,0
99960,2012-08-06,0.4252498406351682,1
99961,2012-08-06,0.14229597576759018,0
99962,2012-08-06,0.30996750198106277,1
99963,2012-08-06,0.4537967362714378,1
99964,2012-08-06,0.2695210353324818,0
99965,2012-08-06,0.26123123342955334,0
99966,2012-08-06,0.3047634860901898,0
99967,2012-08-06,0.33796569539432175,0
99968,2012-08-06,0.24649040029977942,0
99969,2012-08-06,0.3622693916503195,0
99970,2012-08-06,0.34279883365370584,0
99971,2012-08-06,0.5715059308913423,1
99972,2012-08-06,0.3333632222739067,1
99973,2012-08-06,0.3804147262400812,0
99974,2012-08-06,0.08719753273805114,0
99975,2012-08-06,0.3248136938784061,1
99976,2012-08-06,0.510431736581549,0
99977,2012-08-06,0.3193712696253116,0
99978,2012-08-06,0.5605533743144566,1
99979,2012-08-06,0.33808411347465944,0
99980,2012-08-06,0.2846483661186571,1
99981,2012-08-06,0.46873274900947204,1
99982,2012-08-06,0.28023975721641625,1
99983,2012-08-06,0.5547934950024616,1
99984,2012-08-06,0.30720928782897033,0
99985,2012-08-06,0.14692245714684324,0
99986,2012-08-06,0.21132656009281944,0
99987,2012-08-06,0.49917048935007347,1
99988,2012-08-07,0.34637558526416157,0
99989,2012-08-07,0.20538983080426207,1
99990,2012-08-07,0.29237551325384487,0
99991,2012-08-07,0.46372972500436965,1
99992,2012-08-07,0.27740808031593833,1
99993,2012-08-07,0.4088445993690187,1
99994,2012-08-07,0.5113370769027734,1
99995,2012-08-07,0.32684799953529986,1
99996,2012-08-07,0.2533335310250288,0
99997,2012-08-07,0.2601133601948835,0
99998,2012-08-07,0.541833737400114,1
99999,2012-08-07,0.23638486776937467,0
100000,2012-08-07,0.5921035367312846,1
100001,2012-08-07,0.20832115097283993,0
100002,2012-08-07,0.5558990349334875,1
100003,2012-08-07,0.3414757485310902,1
100004,2012-08-07,0.37098172859199147,0
100005,2012-08-07,0.308263201128103,0
100006,2012-08-07,0.49402088471114225,0
100007,2012-08-07,0.16166755095995616,0
100008,2012-08-07,0.3560928411601388,1
100009,2012-08-07,0.3207711980128893,1
100010,2012-08-07,0.17692927891613353,0
100011,2012-08-07,0.3841286827968782,1
100012,2012-08-07,0.4839760633616711,1
100013,2012-08-07,0.6029304166611964,1
100014,2012-08-07,0.16707387558484918,0
100015,2012-08-07,0.28895753233177873,0
100016,2012-08-07,0.2801415304585514,0
100017,2012-08-07,0.46152958862172105,0
100018,2012-08-07,0.2020394769325916,0
100019,2012-08-07,0.2783858053440642,0
100020,2012-08-07,0.31504343809760404,0
100021,2012-08-07,0.2288479773664373,0
100022,2012-08-07,0.34353798130369595,0
100023,2012-08-07,0.43515545408310297,0
100024,2012-08-07,0.4150264674157189,0
100025,2012-08-07,0.3205798818310922,1
100026,2012-08-07,0.4490184358332881,0
100027,2012-08-07,0.23945120069660317,0
100028,2012-08-07,0.2154374836432262,1
100029,2012-08-07,0.38638227944354436,0
100030,2012-08-07,0.1868434894368178,0
100031,2012-08-07,0.3575759465488641,0
100032,2012-08-07,0.28874657560604966,0
100033,2012-08-07,0.19475257093778334,0
100034,2012-08-07,0.37341111667871574,1
100035,2012-08-07,0.35159563483153305,0
100036,2012-08-07,0.2908398121983961,1
100037,2012-08-07,0.382686292424149,0
100038,2012-08-07,0.15193953204118701,0
100039,2012-08-07,0.221621512383113,1
100040,2012-08-07,0.4481983637832039,1
100041,2012-08-07,0.5704686550280763,0
100042,2012-08-07,0.2662868452036132,0
100043,2012-08-07,0.23216286182109172,0
100044,2012-08-07,0.309557421477477,0
100045,2012-08-07,0.21847390959741028,0
100046,2012-08-07,0.46817671278205114,1
100047,2012-08-07,0.3397151452689678,0
100048,2012-08-07,0.22072267529875375,0
100049,2012-08-07,0.41175349277827505,0
100050,2012-08-07,0.24784132750892301,0
100051,2012-08-07,0.34992779987553085,0
100052,2012-08-07,0.4021949771582053,0
100053,2012-08-07,0.3727465817791592,0
100054,2012-08-07,0.6154402003457013,0
100055,2012-08-07,0.43076067950775804,0
100056,2012-08-07,0.32621179582745047,0
100057,2012-08-07,0.46981293654324363,1
100058,2012-08-07,0.34866888964551057,1
100059,2012-08-07,0.37531511554243013,1
100060,2012-08-07,0.4300969948592595,1
100061,2012-08-07,0.3064583122663252,0
100062,2012-08-07,0.18860081363104636,0
100063,2012-08-07,0.3464703109211581,0
100064,2012-08-07,0.4841205440170516,1
100065,2012-08-07,0.5941515177774622,1
100066,2012-08-07,0.3602886418843135,1
100067,2012-08-07,0.3572659332599961,1
100068,2012-08-07,0.2466895612640441,1
100069,2012-08-07,0.15538097292202213,0
100070,2012-08-07,0.2992610619153897,0
100071,2012-08-07,0.28266778735028353,1
100072,2012-08-07,0.5902946314939724,1
100073,2012-08-07,0.34990680655212947,0
100074,2012-08-07,0.41922105614087757,0
100075,2012-08-07,0.34946496008514616,0
100076,2012-08-07,0.5963786407931615,1
100077,2012-08-07,0.1831443229678241,0
100078,2012-08-07,0.2953752027372485,0
100079,2012-08-07,0.38706744385755104,1
100080,2012-08-07,0.4161699751949503,1
100081,2012-08-07,0.4525248175617725,0
100082,2012-08-07,0.3902986494058578,1
100083,2012-08-07,0.42672382562194144,0
100084,2012-08-07,0.22509474552806233,0
100085,2012-08-07,0.3114224688527665,0
100086,2012-08-07,0.30138586791409133,1
100087,2012-08-07,0.37974567782858304,0
100088,2012-08-07,0.4900833197151085,0
100089,2012-08-07,0.4426492424367467,0
100090,2012-08-07,0.3933797294280888,1
100091,2012-08-07,0.28803521201118176,0
100092,2012-08-07,0.36038152004689444,0
100093,2012-08-07,0.41845116938674815,1
100094,2012-08-07,0.36660515474431027,1
100095,2012-08-07,0.5851269099154722,1
100096,2012-08-07,0.2601787349948254,0
100097,2012-08-07,0.2790124320250584,1
100098,2012-08-07,0.12165373846245384,0
100099,2012-08-07,0.10059715208894857,0
100100,2012-08-07,0.12031333744416223,0
100101,2012-08-07,0.17217707818977673,0
100102,2012-08-07,0.2842054524496302,1
100103,2012-08-07,0.5822293794458377,0
100104,2012-08-07,0.31470296443202556,1
100105,2012-08-07,0.3622358408193335,1
100106,2012-08-07,0.2181631329154387,0
100107,2012-08-07,0.6200190088944796,0
100108,2012-08-07,0.26773422504793903,0
100109,2012-08-07,0.24916266094376693,0
100110,2012-08-07,0.29604800419063454,1
100111,2012-08-07,0.5309480569015834,0
100112,2012-08-07,0.41019220822421554,1
100113,2012-08-07,0.23328957913004938,0
100114,2012-08-07,0.6355400843208274,1
100115,2012-08-07,0.3791010330313238,1
100116,2012-08-07,0.31848024927933805,0
100117,2012-08-07,0.49726287392743884,0
100118,2012-08-07,0.13784986784849554,0
100119,2012-08-07,0.25888548279529316,0
100120,2012-08-07,0.30587016101959963,0
100121,2012-08-07,0.2704220252518563,0
100122,2012-08-07,0.6730660453430076,1
100123,2012-08-07,0.39420559678747263,0
100124,2012-08-07,0.44360977812600527,0
100125,2012-08-07,0.32059695642815217,1
100126,2012-08-07,0.4961751515760563,0
100127,2012-08-07,0.452812768692151,0
100128,2012-08-07,0.2397370942161996,0
100129,2012-08-07,0.292092882653778,1
100130,2012-08-07,0.2545580136925377,0
100131,2012-08-07,0.38431558399161936,1
100132,2012-08-07,0.3315986476673841,1
100133,2012-08-07,0.3595873889320368,0
100134,2012-08-07,0.2410540634323628,0
100135,2012-08-07,0.23128853130749633,0
100136,2012-08-07,0.27646125688190865,0
100137,2012-08-07,0.500922252215895,1
100138,2012-08-07,0.2698349200298334,0
100139,2012-08-07,0.6079925890336436,1
100140,2012-08-07,0.5419719029705029,0
100141,2012-08-07,0.22694899312110323,0
100142,2012-08-07,0.31966071660098233,0
100143,2012-08-07,0.4864297893772732,1
100144,2012-08-07,0.2550737853468289,0
100145,2012-08-07,0.5541890422048358,1
100146,2012-08-07,0.20810694490986797,0
100147,2012-08-07,0.3616801817672524,1
100148,2012-08-07,0.16443585061859564,0
100149,2012-08-07,0.4314098991561652,0
100150,2012-08-07,0.17805263634027332,0
100151,2012-08-07,0.36072232188410513,1
100152,2012-08-07,0.33330339231337236,1
100153,2012-08-07,0.40097905246333,1
100154,2012-08-07,0.3986412409237634,0
100155,2012-08-07,0.44706980572462285,0
100156,2012-08-07,0.3518732267757722,0
100157,2012-08-07,0.4921602317027953,0
100158,2012-08-07,0.34778430713411196,0
100159,2012-08-07,0.260219509553002,0
100160,2012-08-07,0.4284381969005127,0
100161,2012-08-07,0.5437455480285861,0
100162,2012-08-07,0.19756656413442564,0
100163,2012-08-07,0.6917135554217473,1
100164,2012-08-07,0.6680839432916932,1
100165,2012-08-07,0.49747703041453467,0
100166,2012-08-07,0.21191754001469187,0
100167,2012-08-07,0.29316447615323765,0
100168,2012-08-07,0.17411151067833985,0
100169,2012-08-07,0.12240544872620866,1
100170,2012-08-07,0.2577648007017739,0
100171,2012-08-07,0.2834649200059731,1
100172,2012-08-07,0.4116480533823845,1
100173,2012-08-07,0.16165245466641298,0
100174,2012-08-07,0.33348663874692364,1
100175,2012-08-07,0.2945033972478976,0
100176,2012-08-07,0.6204883945824944,1
100177,2012-08-07,0.1358213770426712,0
100178,2012-08-07,0.23125863749934017,0
100179,2012-08-07,0.2980835724281823,1
100180,2012-08-07,0.27345610244767177,0
100181,2012-08-07,0.25748354468965345,1
100182,2012-08-07,0.39284031407661885,0
100183,2012-08-07,0.3134568861130484,1
100184,2012-08-07,0.4326653667651048,0
100185,2012-08-07,0.24800984701438789,0
100186,2012-08-07,0.40002068970578164,0
100187,2012-08-07,0.44525306932069464,1
100188,2012-08-07,0.15697763727214195,0
100189,2012-08-07,0.27642757742416746,0
100190,2012-08-07,0.35553144131750997,1
100191,2012-08-07,0.3702900569506845,0
100192,2012-08-07,0.43041277332668265,1
100193,2012-08-07,0.28287259763548167,1
100194,2012-08-07,0.4702548020949435,1
100195,2012-08-07,0.38549909415475014,0
100196,2012-08-08,0.35249242790091495,1
100197,2012-08-08,0.5776354303520749,1
100198,2012-08-08,0.3810526205592186,0
100199,2012-08-08,0.4049669347622336,0
100200,2012-08-08,0.19969517955206903,0
100201,2012-08-08,0.5125723810010177,0
100202,2012-08-08,0.3955875152361109,0
100203,2012-08-08,0.31756388011244907,0
100204,2012-08-08,0.1564567739176613,0
100205,2012-08-08,0.3665504981251991,1
100206,2012-08-08,0.5426630936666668,0
100207,2012-08-08,0.42974631412012293,1
100208,2012-08-08,0.651806295268978,1
100209,2012-08-08,0.41572941976428013,0
100210,2012-08-08,0.6648881147986123,1
100211,2012-08-08,0.2699275887764838,0
100212,2012-08-08,0.4826390769583177,0
100213,2012-08-08,0.41256769656239206,1
100214,2012-08-08,0.5689423763380422,1
100215,2012-08-08,0.34409531000785104,0
100216,2012-08-08,0.43970525220156226,1
100217,2012-08-08,0.25631542444054556,0
100218,2012-08-08,0.20279713546850625,0
100219,2012-08-08,0.4634785558486406,1
100220,2012-08-08,0.4268241819514131,0
100221,2012-08-08,0.5500074916280828,1
100222,2012-08-08,0.5017895238874928,1
100223,2012-08-08,0.4011417054538552,0
100224,2012-08-08,0.4034231487108443,0
100225,2012-08-08,0.666137659247557,0
100226,2012-08-08,0.23947627523752427,0
100227,2012-08-08,0.12158444432168253,0
100228,2012-08-08,0.363577142570244,1
100229,2012-08-08,0.5864537524110982,1
100230,2012-08-08,0.4499368243570148,0
100231,2012-08-08,0.48252149605228023,1
100232,2012-08-08,0.3005252087761367,0
100233,2012-08-08,0.29673222998269266,1
100234,2012-08-08,0.37988917117840926,1
100235,2012-08-08,0.5314818097275961,1
100236,2012-08-08,0.20662590202083755,0
100237,2012-08-08,0.47116426604995626,0
100238,2012-08-08,0.13944473124692464,0
100239,2012-08-08,0.1891293988150656,1
100240,2012-08-08,0.3371173921044574,0
100241,2012-08-08,0.24029271175481784,0
100242,2012-08-08,0.38123726140624153,1
100243,2012-08-08,0.6332654998398177,1
100244,2012-08-08,0.2685900916882314,0
100245,2012-08-08,0.1604030226273791,1
100246,2012-08-08,0.3595409281210467,1
100247,2012-08-08,0.6050450553705642,0
100248,2012-08-08,0.12681928200322756,0
100249,2012-08-08,0.48475420072658154,1
100250,2012-08-08,0.4608325183433215,1
100251,2012-08-08,0.5079842996787145,1
100252,2012-08-08,0.3185082920135389,1
100253,2012-08-08,0.41351018727986505,1
100254,2012-08-08,0.3582543139293443,0
100255,2012-08-08,0.23419172198163574,0
100256,2012-08-08,0.35818395918686163,1
100257,2012-08-08,0.29791417444294227,1
100258,2012-08-08,0.35947843016356223,1
100259,2012-08-08,0.2583232921608758,0
100260,2012-08-08,0.16316043956332363,0
100261,2012-08-08,0.3229409449278828,1
100262,2012-08-08,0.4605185685263826,1
100263,2012-08-08,0.34973717855338143,0
100264,2012-08-08,0.4218318900942791,1
100265,2012-08-08,0.14578383566661218,0
100266,2012-08-08,0.1569639617722816,0
100267,2012-08-08,0.5398707149388748,0
100268,2012-08-08,0.6395049188437723,1
100269,2012-08-08,0.4630637681373304,1
100270,2012-08-08,0.3607996278958301,0
100271,2012-08-08,0.4604775286346706,1
100272,2012-08-08,0.4748482382085805,1
100273,2012-08-08,0.3690949507745219,0
100274,2012-08-08,0.4832074763638493,0
100275,2012-08-08,0.349020798298851,1
100276,2012-08-08,0.2267540685994116,0
100277,2012-08-08,0.34700704987720227,0
100278,2012-08-08,0.42249153566122616,0
100279,2012-08-08,0.5326528929522552,0
100280,2012-08-08,0.4253700046221395,0
100281,2012-08-08,0.4200401298138391,0
100282,2012-08-08,0.5318569877399503,0
100283,2012-08-08,0.37966254865747984,0
100284,2012-08-08,0.5074076779912664,0
100285,2012-08-08,0.307752649727191,1
100286,2012-08-08,0.12564988455015413,0
100287,2012-08-08,0.33598434186206816,1
100288,2012-08-08,0.1565121058434031,0
100289,2012-08-08,0.5133252058244154,1
100290,2012-08-08,0.45044412528681654,0
100291,2012-08-08,0.25810185009802905,1
100292,2012-08-08,0.3962466546671988,0
100293,2012-08-08,0.2365735767798163,0
100294,2012-08-08,0.43725652382439845,0
100295,2012-08-08,0.3091056535249362,0
100296,2012-08-08,0.2569932179861909,0
100297,2012-08-08,0.31358652948110444,0
100298,2012-08-08,0.23189095219892428,0
100299,2012-08-08,0.16774571028293186,0
100300,2012-08-08,0.3615436553903334,0
100301,2012-08-08,0.3772832211199233,0
100302,2012-08-08,0.40934775186241573,0
100303,2012-08-08,0.15632783883257634,0
100304,2012-08-08,0.3318032029153851,0
100305,2012-08-08,0.21511534030572774,0
100306,2012-08-08,0.7071338696619871,1
100307,2012-08-08,0.18436077175917676,0
100308,2012-08-08,0.3921878858443824,0
100309,2012-08-08,0.25766565185143836,0
100310,2012-08-08,0.31690741791858706,0
100311,2012-08-08,0.5874006125045195,1
100312,2012-08-08,0.24950076966542112,1
100313,2012-08-08,0.4390521330561375,1
100314,2012-08-08,0.1864262611992617,0
100315,2012-08-08,0.5323492062367677,1
100316,2012-08-08,0.15662909754475185,0
100317,2012-08-08,0.5661717396976377,1
100318,2012-08-08,0.3317715911713651,0
100319,2012-08-08,0.20927145397893823,0
100320,2012-08-08,0.3110498732426193,0
100321,2012-08-08,0.31459183616444364,1
100322,2012-08-08,0.37593045922786794,1
100323,2012-08-08,0.2922791288726287,0
100324,2012-08-08,0.49165476365141175,1
100325,2012-08-08,0.3651344765704155,0
100326,2012-08-08,0.608365648891291,0
100327,2012-08-08,0.4250427304443754,1
100328,2012-08-08,0.23722396064009849,0
100329,2012-08-08,0.30796390049009564,0
100330,2012-08-08,0.351561676583934,0
100331,2012-08-08,0.3240364223306083,0
100332,2012-08-08,0.1431017684635936,0
100333,2012-08-08,0.4249233534816904,1
100334,2012-08-08,0.5037942284513682,1
100335,2012-08-08,0.11013758769678984,0
100336,2012-08-08,0.44998585439807454,0
100337,2012-08-08,0.48180742728493503,1
100338,2012-08-08,0.5661508137038758,1
100339,2012-08-08,0.16391057427645683,0
100340,2012-08-08,0.3650443160944603,0
100341,2012-08-08,0.4607599265709239,1
100342,2012-08-08,0.29856974033681327,0
100343,2012-08-08,0.40459354879508636,0
100344,2012-08-08,0.38664319765738564,0
100345,2012-08-08,0.4570389877667562,1
100346,2012-08-08,0.6130034822379693,0
100347,2012-08-08,0.2497940791199779,1
100348,2012-08-08,0.4108037508219909,0
100349,2012-08-08,0.2673403838007711,0
100350,2012-08-08,0.6841273684094018,1
100351,2012-08-08,0.3722274890580938,0
100352,2012-08-08,0.20611325007471323,0
100353,2012-08-08,0.19894640502043573,1
100354,2012-08-08,0.49845821154476583,1
100355,2012-08-08,0.2173266688039957,0
100356,2012-08-08,0.3494588949317408,0
100357,2012-08-08,0.40610594749990564,1
100358,2012-08-08,0.4425607555775371,1
100359,2012-08-08,0.24832994715609627,0
100360,2012-08-08,0.4924539253171819,0
100361,2012-08-08,0.20423736063859116,0
100362,2012-08-08,0.5290115136671091,1
100363,2012-08-08,0.4345148012770511,0
100364,2012-08-08,0.15516867052738506,0
100365,2012-08-08,0.60940045698977,0
100366,2012-08-08,0.14877119127545357,0
100367,2012-08-08,0.2895506253269791,1
100368,2012-08-08,0.34691943996219826,0
100369,2012-08-08,0.47766454868847075,1
100370,2012-08-08,0.2873770975447178,1
100371,2012-08-08,0.21776955340789353,0
100372,2012-08-08,0.22912273463973212,1
100373,2012-08-08,0.5126646158397865,0
100374,2012-08-08,0.4483991291734521,1
100375,2012-08-08,0.2969248145906774,1
100376,2012-08-08,0.2973939580133508,0
100377,2012-08-08,0.3763778014555847,0
100378,2012-08-08,0.4666003039095409,1
100379,2012-08-08,0.34189821631877,0
100380,2012-08-08,0.1726821971948966,0
100381,2012-08-08,0.18445934204240094,0
100382,2012-08-08,0.26029830655550645,0
100383,2012-08-08,0.38973013823029906,0
100384,2012-08-08,0.4091271389063814,0
100385,2012-08-08,0.3591809083726871,0
100386,2012-08-08,0.1887669213847663,0
100387,2012-08-08,0.21530006660907489,0
100388,2012-08-08,0.6302467836509328,1
100389,2012-08-08,0.4894834266763564,1
100390,2012-08-08,0.507436069918431,1
100391,2012-08-08,0.4568173460180414,0
100392,2012-08-08,0.3463966173462869,0
100393,2012-08-08,0.21689456305782667,0
100394,2012-08-08,0.24208455517957067,0
100395,2012-08-08,0.36879568964760157,1
100396,2012-08-08,0.3124077637976402,1
100397,2012-08-08,0.27128684502766937,0
100398,2012-08-08,0.17804016255999702,1
100399,2012-08-08,0.16475003338611413,0
100400,2012-08-08,0.22207842832143243,0
100401,2012-08-08,0.3965665493734247,0
100402,2012-08-08,0.2725132369294395,0
100403,2012-08-08,0.2236210927664155,0
100404,2012-08-08,0.23287240247791283,0
100405,2012-08-08,0.6023203975346959,0
100406,2012-08-08,0.19098154146503357,0
100407,2012-08-08,0.2811543992186189,0
100408,2012-08-08,0.32498940900636547,0
100409,2012-08-08,0.4811589958594981,1
100410,2012-08-08,0.32719243650836133,0
100411,2012-08-08,0.5593562573911965,1
100412,2012-08-08,0.2473893754854623,0
100413,2012-08-08,0.33676744827544874,0
100414,2012-08-08,0.21837194978311053,0
100415,2012-08-08,0.43478590279397905,1
100416,2012-08-08,0.30458946402313863,0
100417,2012-08-08,0.2213585667900545,0
100418,2012-08-08,0.14757879348619074,1
100419,2012-08-08,0.2805665468153098,0
100420,2012-08-08,0.3814170723478098,1
100421,2012-08-08,0.3630710554530793,0
100422,2012-08-08,0.22917590518399486,0
100423,2012-08-08,0.21871555061267095,0
100424,2012-08-08,0.25665443161056756,0
100425,2012-08-08,0.6301637692877561,0
100426,2012-08-08,0.4552103464343993,1
100427,2012-08-08,0.3258771137211244,1
100428,2012-08-08,0.48817700144930515,0
100429,2012-08-09,0.48580200207671714,1
100430,2012-08-09,0.24930344627683734,0
100431,2012-08-09,0.2660156849339354,0
100432,2012-08-09,0.389587988736687,1
100433,2012-08-09,0.41987996871341676,1
100434,2012-08-09,0.4577246538269062,1
100435,2012-08-09,0.1575912197838843,0
100436,2012-08-09,0.4463201649115936,0
100437,2012-08-09,0.504652932282374,0
100438,2012-08-09,0.44058115520272334,0
100439,2012-08-09,0.346882273730616,1
100440,2012-08-09,0.5148270615650494,0
100441,2012-08-09,0.38969052026237516,1
100442,2012-08-09,0.40388409969602174,1
100443,2012-08-09,0.35398171545930845,0
100444,2012-08-09,0.5549819151791662,1
100445,2012-08-09,0.4314328368294457,1
100446,2012-08-09,0.3039753774819078,1
100447,2012-08-09,0.5129430989357593,0
100448,2012-08-09,0.2206580957824063,0
100449,2012-08-09,0.08694971699225053,0
100450,2012-08-09,0.38935713005590733,0
100451,2012-08-09,0.21795747281984162,0
100452,2012-08-09,0.4306237004285366,1
100453,2012-08-09,0.24017945119006018,0
100454,2012-08-09,0.3181949154251388,0
100455,2012-08-09,0.31580654532962027,0
100456,2012-08-09,0.21474553886373654,0
100457,2012-08-09,0.31272316484047774,1
100458,2012-08-09,0.2993493878794424,0
100459,2012-08-09,0.41258193945254323,0
100460,2012-08-09,0.4221570933306104,0
100461,2012-08-09,0.5221939954731716,1
100462,2012-08-09,0.29584322504064836,1
100463,2012-08-09,0.5373124729464347,1
100464,2012-08-09,0.45327691209123133,1
100465,2012-08-09,0.15899089215605341,0
100466,2012-08-09,0.4215843016958747,0
100467,2012-08-09,0.1781574685425795,0
100468,2012-08-09,0.529998080767043,1
100469,2012-08-09,0.6468220193656322,1
100470,2012-08-09,0.2604522086772083,0
100471,2012-08-09,0.2505149712811063,0
100472,2012-08-09,0.2760375453320126,1
100473,2012-08-09,0.5640552189971112,0
100474,2012-08-09,0.34452329315850727,1
100475,2012-08-09,0.3419444094280039,1
100476,2012-08-09,0.38645342339966066,0
100477,2012-08-09,0.13119626598172981,0
100478,2012-08-09,0.4055981776997003,0
100479,2012-08-09,0.28071434542209295,0
100480,2012-08-09,0.29603070417168675,1
100481,2012-08-09,0.08035411497118147,0
100482,2012-08-09,0.2676259683620314,0
100483,2012-08-09,0.18377553117888729,1
100484,2012-08-09,0.2805972284946557,0
100485,2012-08-09,0.35358201969130304,1
100486,2012-08-09,0.2906394290398499,0
100487,2012-08-09,0.16653106414285268,0
100488,2012-08-09,0.2822970660246289,0
100489,2012-08-09,0.17472708620538702,0
100490,2012-08-09,0.3975295639574743,0
100491,2012-08-09,0.38236173734069967,0
100492,2012-08-09,0.3009602355661346,0
100493,2012-08-09,0.1691471829643372,1
100494,2012-08-09,0.3721381437665619,1
100495,2012-08-09,0.131916148930937,0
100496,2012-08-09,0.42441023903804365,0
100497,2012-08-09,0.3391359143806419,0
100498,2012-08-09,0.3262483173651949,1
100499,2012-08-09,0.5985024534464652,0
100500,2012-08-10,0.4289657706242363,0
100501,2012-08-10,0.41374900657516894,1
100502,2012-08-10,0.40876583977494263,0
100503,2012-08-10,0.33549029689070964,0
100504,2012-08-10,0.4115531767882831,0
100505,2012-08-10,0.13308734931257427,1
100506,2012-08-10,0.3678399445864186,0
100507,2012-08-10,0.29883830868597655,1
100508,2012-08-10,0.3632760714214002,0
100509,2012-08-10,0.3517817534768887,1
100510,2012-08-10,0.609952810904573,0
100511,2012-08-10,0.6688100862451771,1
100512,2012-08-10,0.45988843374342575,1
100513,2012-08-10,0.3219605675839377,0
100514,2012-08-10,0.32800730617106644,0
100515,2012-08-10,0.4346596984019469,1
100516,2012-08-10,0.44907654414491416,1
100517,2012-08-10,0.30591199139970743,0
100518,2012-08-10,0.6105582763487777,1
100519,2012-08-10,0.21765211467729143,0
100520,2012-08-10,0.438472431841433,1
100521,2012-08-10,0.5992209085466713,1
100522,2012-08-10,0.20792475058429294,1
100523,2012-08-10,0.3480540630667934,1
100524,2012-08-10,0.6516567625976772,1
100525,2012-08-10,0.2929470996351064,0
100526,2012-08-10,0.49668261432855315,1
100527,2012-08-10,0.23911993002673246,0
100528,2012-08-10,0.12554737652320014,0
100529,2012-08-10,0.47261314343277944,1
100530,2012-08-10,0.3381411399800968,1
100531,2012-08-10,0.48040135335814943,0
100532,2012-08-10,0.4257955005799165,0
100533,2012-08-10,0.28001579089884043,1
100534,2012-08-10,0.6356830981113746,1
100535,2012-08-10,0.1458824292665687,0
100536,2012-08-10,0.5087363383190571,1
100537,2012-08-10,0.31798374896099485,1
100538,2012-08-10,0.4805972329924969,1
100539,2012-08-10,0.34816437822532864,0
100540,2012-08-10,0.31831577749787604,0
100541,2012-08-10,0.43506080272416814,0
100542,2012-08-10,0.3618875268114983,0
100543,2012-08-10,0.3503399091115071,0
100544,2012-08-10,0.5528691420454056,0
100545,2012-08-10,0.26811799710914885,0
100546,2012-08-10,0.35425405289521494,1
100547,2012-08-10,0.36524472138828096,0
100548,2012-08-10,0.3083883520279531,0
100549,2012-08-10,0.39734073217982985,1
100550,2012-08-10,0.38295155541079423,1
100551,2012-08-10,0.3655705383732581,0
100552,2012-08-10,0.26422189255288786,0
100553,2012-08-10,0.35130858718763375,0
100554,2012-08-10,0.5207665913657737,0
100555,2012-08-10,0.4297033811109007,0
100556,2012-08-10,0.5495412902321094,1
100557,2012-08-10,0.2827633898570821,0
100558,2012-08-10,0.4018049826541896,0
100559,2012-08-10,0.4783298694752069,1
100560,2012-08-10,0.4378970179380706,1
100561,2012-08-10,0.6263596207401789,0
100562,2012-08-10,0.4414820474804077,1
100563,2012-08-10,0.2397332639054959,0
100564,2012-08-10,0.48858766205038057,1
100565,2012-08-10,0.3118685480657188,1
100566,2012-08-10,0.26224086855248674,0
100567,2012-08-10,0.5089369179865411,0
100568,2012-08-10,0.43959888223822374,0
100569,2012-08-10,0.5169633203001495,0
100570,2012-08-10,0.3253359808765516,1
100571,2012-08-10,0.29702172301588187,0
100572,2012-08-10,0.5201589490347446,1
100573,2012-08-10,0.4230597584061212,1
100574,2012-08-10,0.4020485551513053,0
100575,2012-08-10,0.4139910563091938,1
100576,2012-08-10,0.4503231852716908,0
100577,2012-08-10,0.29225217141531645,0
100578,2012-08-10,0.4974501319273398,1
100579,2012-08-10,0.3845684825993894,1
100580,2012-08-10,0.38026850092738995,0
100581,2012-08-10,0.2555135763795508,0
100582,2012-08-10,0.3146291913533801,0
100583,2012-08-10,0.23708758708275202,1
100584,2012-08-10,0.28810248916909226,1
100585,2012-08-10,0.4778415463116996,1
100586,2012-08-10,0.2587608156394281,0
100587,2012-08-10,0.3177487340874097,1
100588,2012-08-10,0.3323478876011363,1
100589,2012-08-10,0.10632774168446911,1
100590,2012-08-10,0.35537046608157197,0
100591,2012-08-10,0.1457530525439371,0
100592,2012-08-10,0.23518300642667542,1
100593,2012-08-10,0.2954310081294419,0
100594,2012-08-10,0.4282433671824907,0
100595,2012-08-10,0.2758575555562321,0
100596,2012-08-10,0.2906631752907604,0
100597,2012-08-10,0.762247773844482,0
100598,2012-08-10,0.2533911145582526,0
100599,2012-08-10,0.44425006668980077,0
100600,2012-08-10,0.3019957489862983,0
100601,2012-08-10,0.20649183424545642,1
100602,2012-08-10,0.33587804979448393,0
100603,2012-08-10,0.3859337497888398,1
100604,2012-08-10,0.3235455322739704,1
100605,2012-08-10,0.26525410995657656,0
100606,2012-08-10,0.2310245781729855,0
100607,2012-08-10,0.4569252316590333,1
100608,2012-08-10,0.3126741278374067,0
100609,2012-08-10,0.35265962138675744,0
100610,2012-08-10,0.3843230510585496,1
100611,2012-08-10,0.3586205680919873,1
100612,2012-08-10,0.14645686420867313,0
100613,2012-08-10,0.16908124263114163,0
100614,2012-08-10,0.5866376303810439,1
100615,2012-08-10,0.27237711758598293,0
100616,2012-08-10,0.32432691959839755,0
100617,2012-08-10,0.2979025974748951,0
100618,2012-08-10,0.3047699576483101,0
100619,2012-08-10,0.46953305604429973,1
100620,2012-08-10,0.4881599978943858,1
100621,2012-08-10,0.19341811952330593,0
100622,2012-08-10,0.4982869115789958,0
100623,2012-08-10,0.5560568780021348,1
100624,2012-08-10,0.4164914919450423,0
100625,2012-08-10,0.18821115373279743,1
100626,2012-08-10,0.5096535912746352,1
100627,2012-08-10,0.5768739464050874,1
100628,2012-08-10,0.3475946892581217,0
100629,2012-08-10,0.25925954124956074,0
100630,2012-08-10,0.3469354845665571,0
100631,2012-08-10,0.3724110190753651,0
100632,2012-08-10,0.39993428188179153,0
100633,2012-08-10,0.3667131986194578,1
100634,2012-08-10,0.380612018334287,0
100635,2012-08-10,0.4876980236416045,0
100636,2012-08-10,0.36082379222329114,0
100637,2012-08-10,0.24980299313756568,0
100638,2012-08-10,0.34561650070613165,0
100639,2012-08-10,0.4025445741765564,0
100640,2012-08-10,0.16181942859979426,0
100641,2012-08-10,0.17432027373387304,0
100642,2012-08-10,0.43688870723549983,0
100643,2012-08-10,0.3552148003542625,0
100644,2012-08-10,0.45189995578166214,1
100645,2012-08-10,0.13634742981940906,0
100646,2012-08-10,0.17501644354412604,1
100647,2012-08-10,0.30708511022038393,0
100648,2012-08-10,0.66365010887718,0
100649,2012-08-10,0.5260340327954877,0
100650,2012-08-10,0.33367590196708974,1
100651,2012-08-10,0.45272132383815183,0
100652,2012-08-10,0.44152628771720326,1
100653,2012-08-10,0.23729857048919034,0
100654,2012-08-10,0.12335098571768031,0
100655,2012-08-10,0.3364683001429535,0
100656,2012-08-10,0.33089181540486884,0
100657,2012-08-10,0.40863654475454775,0
100658,2012-08-10,0.42815495745504273,1
100659,2012-08-10,0.5172701117946903,1
100660,2012-08-10,0.28822857060653034,0
100661,2012-08-10,0.4879042017169128,1
100662,2012-08-10,0.45462604298967135,1
100663,2012-08-10,0.2975215086513593,0
100664,2012-08-10,0.642818405060478,1
100665,2012-08-10,0.38635913013180245,0
100666,2012-08-10,0.27275540145880056,0
100667,2012-08-10,0.16518634681120084,1
100668,2012-08-10,0.33547761697585937,1
100669,2012-08-10,0.5330137020106004,0
100670,2012-08-10,0.39610574071865023,0
100671,2012-08-10,0.5377586875065731,0
100672,2012-08-10,0.23065192257248276,0
100673,2012-08-10,0.563878901386708,0
100674,2012-08-10,0.5267793085376091,1
100675,2012-08-10,0.32426294191802535,0
100676,2012-08-10,0.31927249736797103,0
100677,2012-08-10,0.19901709777225185,0
100678,2012-08-10,0.27272790819665177,1
100679,2012-08-10,0.3492228785371058,0
100680,2012-08-10,0.23316393308465905,0
100681,2012-08-10,0.2862538653558201,0
100682,2012-08-10,0.38203424865478175,0
100683,2012-08-10,0.5771384050496818,1
100684,2012-08-10,0.3313012719363186,0
100685,2012-08-10,0.21484636738908514,0
100686,2012-08-10,0.24272117406691615,0
100687,2012-08-10,0.17332772370328872,1
100688,2012-08-10,0.40729866288098565,1
100689,2012-08-10,0.43885919964992853,0
100690,2012-08-10,0.2746261036210648,0
100691,2012-08-10,0.32011498518526177,0
100692,2012-08-10,0.43822810682956104,0
100693,2012-08-10,0.3020006695150149,1
100694,2012-08-10,0.5066679950511052,0
100695,2012-08-10,0.14682141350920305,0
100696,2012-08-10,0.30563234803676886,1
100697,2012-08-10,0.3815329671160633,1
100698,2012-08-10,0.14738703140513223,0
100699,2012-08-10,0.2259417487437423,1
100700,2012-08-10,0.39518164937643946,1
100701,2012-08-10,0.24437544677939654,0
100702,2012-08-10,0.3172652758575079,0
100703,2012-08-10,0.5172109718625099,1
100704,2012-08-10,0.2391231623092339,0
100705,2012-08-10,0.5215010205208184,1
100706,2012-08-10,0.44179773907509917,0
100707,2012-08-10,0.3112393414457544,0
100708,2012-08-10,0.34185776786694444,0
100709,2012-08-10,0.3110197256728205,1
100710,2012-08-10,0.29008759239636256,0
100711,2012-08-10,0.414075171353722,0
100712,2012-08-10,0.25809801616992284,0
100713,2012-08-10,0.30417908147304556,0
100714,2012-08-10,0.46659013188073184,0
100715,2012-08-10,0.2900682146864706,0
100716,2012-08-10,0.1855106056615465,0
100717,2012-08-10,0.4782770806842123,1
100718,2012-08-10,0.145392620650123,0
100719,2012-08-10,0.3829625068725157,1
100720,2012-08-10,0.531592189840466,0
100721,2012-08-10,0.6792846783064576,1
100722,2012-08-10,0.18032453648527763,0
100723,2012-08-10,0.21427348782707198,0
100724,2012-08-10,0.4821156869301174,1
100725,2012-08-10,0.37379871179864854,0
100726,2012-08-10,0.28343872407725257,0
100727,2012-08-10,0.23961161281667218,1
100728,2012-08-10,0.4900352311615915,1
100729,2012-08-10,0.41045376067428563,1
100730,2012-08-10,0.20291953919787648,0
100731,2012-08-10,0.1568974319959726,0
100732,2012-08-10,0.4875964437136872,1
100733,2012-08-10,0.4733540924649102,0
100734,2012-08-10,0.2093670048207061,1
100735,2012-08-10,0.31759356527129656,1
100736,2012-08-10,0.7151440118152065,1
100737,2012-08-10,0.3446084131477006,0
100738,2012-08-10,0.40957056092873523,1
100739,2012-08-10,0.2564078745974825,0
100740,2012-08-10,0.19416697463825058,1
100741,2012-08-10,0.41988636023554277,1
100742,2012-08-10,0.391566988056096,0
100743,2012-08-10,0.3301226927437855,0
100744,2012-08-10,0.18877933150355805,0
100745,2012-08-10,0.455348368809471,0
100746,2012-08-10,0.18105938180122985,1
100747,2012-08-10,0.23387740597419943,0
100748,2012-08-10,0.39564900491084487,1
100749,2012-08-10,0.23103695027265506,0
100750,2012-08-10,0.1873157828802482,0
100751,2012-08-10,0.2426110662833556,0
100752,2012-08-10,0.290100168406097,0
100753,2012-08-10,0.125243927330904,0
100754,2012-08-10,0.1724730736539308,1
100755,2012-08-10,0.13336824272203388,0
100756,2012-08-10,0.32382721455935315,0
100757,2012-08-10,0.4972280468454336,1
100758,2012-08-10,0.30011740574781454,1
100759,2012-08-10,0.2675233475180438,0
100760,2012-08-10,0.44303923815560753,0
100761,2012-08-10,0.49088175037592424,0
100762,2012-08-10,0.3495484451299043,0
100763,2012-08-10,0.15665525118890308,1
100764,2012-08-10,0.32959104461207894,1
100765,2012-08-10,0.6167985688464248,1
100766,2012-08-10,0.46868262113880615,1
100767,2012-08-10,0.28607932514234585,1
100768,2012-08-10,0.48721948674073334,0
100769,2012-08-10,0.4857105605565614,0
100770,2012-08-10,0.6989759463888987,1
100771,2012-08-10,0.21300642619219012,0
100772,2012-08-10,0.29456209788986387,0
100773,2012-08-10,0.26945198991326086,0
100774,2012-08-10,0.2253030086871965,0
100775,2012-08-10,0.31590684966150245,0
100776,2012-08-10,0.5656605232605554,1
100777,2012-08-10,0.16684471903384035,0
100778,2012-08-10,0.3259297637862672,1
100779,2012-08-10,0.45933481939577464,0
100780,2012-08-10,0.30822011259945026,0
100781,2012-08-10,0.5779467779368767,1
100782,2012-08-10,0.4891954003293084,0
100783,2012-08-10,0.30645791618648033,0
100784,2012-08-11,0.16027754546652082,0
100785,2012-08-11,0.15978965042902993,0
100786,2012-08-11,0.25066330306600026,0
100787,2012-08-11,0.30723371263687405,1
100788,2012-08-11,0.2482116880638488,0
100789,2012-08-11,0.3620774570740707,1
100790,2012-08-11,0.13470177385447904,0
100791,2012-08-11,0.4861801250684729,1
100792,2012-08-11,0.34942103732628116,0
100793,2012-08-11,0.34501592051863483,0
100794,2012-08-11,0.19940720869974285,0
100795,2012-08-11,0.1830265894537027,0
100796,2012-08-11,0.26652527013289845,0
100797,2012-08-11,0.33723028720046433,0
100798,2012-08-11,0.41572314782676495,1
100799,2012-08-11,0.30212537053346283,0
100800,2012-08-11,0.35672940773819006,0
100801,2012-08-11,0.644691794951963,1
100802,2012-08-11,0.43502744293829776,0
100803,2012-08-11,0.23242404038495612,0
100804,2012-08-11,0.1509544136895011,0
100805,2012-08-11,0.3152710733154673,0
100806,2012-08-11,0.5044103463798915,1
100807,2012-08-11,0.5590964889777226,1
100808,2012-08-11,0.1675109459847697,1
100809,2012-08-11,0.5611595037717956,0
100810,2012-08-11,0.45932646237613906,0
100811,2012-08-11,0.2073247968696066,0
100812,2012-08-11,0.2941101968477988,0
100813,2012-08-11,0.3382895684363064,0
100814,2012-08-11,0.45127598993026435,1
100815,2012-08-11,0.40197507740842325,0
100816,2012-08-11,0.3891804413842894,0
100817,2012-08-11,0.47321221838940225,1
100818,2012-08-11,0.4563575732298651,1
100819,2012-08-11,0.1437454021428138,0
100820,2012-08-11,0.4345868392656289,0
100821,2012-08-11,0.35409860038050245,0
100822,2012-08-11,0.43124631951289855,1
100823,2012-08-11,0.25805576971653316,1
100824,2012-08-11,0.2506926691782962,0
100825,2012-08-11,0.4805567053426559,1
100826,2012-08-11,0.4120146342893956,0
100827,2012-08-11,0.24674429112862417,0
100828,2012-08-11,0.16409927652837894,0
100829,2012-08-11,0.44814445796843555,1
100830,2012-08-11,0.17509232771546326,0
100831,2012-08-11,0.3613784984407535,0
100832,2012-08-11,0.37068458984243463,0
100833,2012-08-11,0.14448510145532711,0
100834,2012-08-11,0.37951199636536986,0
100835,2012-08-11,0.42444774330778434,1
100836,2012-08-11,0.35989487454258573,1
100837,2012-08-11,0.5124717067659389,1
100838,2012-08-11,0.3189451580447703,1
100839,2012-08-11,0.582944634756451,1
100840,2012-08-11,0.16960743747279375,1
100841,2012-08-11,0.3915121700002,0
100842,2012-08-11,0.5955713724531949,1
100843,2012-08-11,0.40753984359328466,0
100844,2012-08-11,0.36768194277598637,1
100845,2012-08-11,0.29002810944938806,1
100846,2012-08-11,0.5103596314915102,0
100847,2012-08-11,0.33955742180567666,0
100848,2012-08-11,0.35079210487829254,0
100849,2012-08-11,0.31154722348647246,1
100850,2012-08-11,0.235352004515033,0
100851,2012-08-11,0.2841459979354996,0
100852,2012-08-11,0.36051918730647414,0
100853,2012-08-11,0.3568938124397632,0
100854,2012-08-11,0.2483593982107624,0
100855,2012-08-11,0.28816670095385033,0
100856,2012-08-11,0.2845912594914313,1
100857,2012-08-11,0.4341754452448713,1
100858,2012-08-11,0.3317464013973829,1
100859,2012-08-11,0.5345891506514333,1
100860,2012-08-11,0.41960713312677134,0
100861,2012-08-11,0.3540380404396367,0
100862,2012-08-11,0.32746453265498304,0
100863,2012-08-11,0.35053722568074036,0
100864,2012-08-11,0.36819517004931357,0
100865,2012-08-11,0.4587609184514336,0
100866,2012-08-11,0.3981680335710729,1
100867,2012-08-11,0.2613284897045958,0
100868,2012-08-11,0.17089525255183688,0
100869,2012-08-11,0.520944234823712,0
100870,2012-08-11,0.40529946332024347,0
100871,2012-08-11,0.3975102585708281,0
100872,2012-08-11,0.45890376338468647,1
100873,2012-08-11,0.26990987769481967,0
100874,2012-08-11,0.3247904578148485,0
100875,2012-08-11,0.586025812556708,1
100876,2012-08-11,0.45191707056624353,1
100877,2012-08-11,0.18919098822401798,0
100878,2012-08-11,0.36072460182016713,1
100879,2012-08-11,0.501447566620583,1
100880,2012-08-11,0.4379635527841884,1
100881,2012-08-11,0.5067568310553652,1
100882,2012-08-11,0.24584657540105595,0
100883,2012-08-11,0.5013115635218389,1
100884,2012-08-11,0.49598666000441294,1
100885,2012-08-11,0.39142643264302024,1
100886,2012-08-11,0.28367730760393367,0
100887,2012-08-11,0.1606266113700297,1
100888,2012-08-11,0.3495828354112217,0
100889,2012-08-11,0.42590686605127726,0
100890,2012-08-11,0.49669915669553727,0
100891,2012-08-11,0.35049310047434934,1
100892,2012-08-11,0.62126661924925,1
100893,2012-08-11,0.28826667546278206,0
100894,2012-08-11,0.2478409978237723,0
100895,2012-08-11,0.42718586713275947,0
100896,2012-08-11,0.6434041519039035,1
100897,2012-08-11,0.16694264745663545,0
100898,2012-08-11,0.18531226145602178,0
100899,2012-08-11,0.2820226014896748,0
100900,2012-08-11,0.3491300633834547,0
100901,2012-08-11,0.29747165896631966,0
100902,2012-08-11,0.477655681742339,1
100903,2012-08-11,0.3383393857858758,0
100904,2012-08-11,0.6272325042959176,1
100905,2012-08-11,0.21839409667100262,0
100906,2012-08-11,0.44283448563310956,1
100907,2012-08-11,0.3744315008224828,1
100908,2012-08-11,0.24807517696625012,1
100909,2012-08-11,0.1637774469102599,0
100910,2012-08-11,0.30661952686389615,1
100911,2012-08-11,0.09883822568028813,0
100912,2012-08-11,0.31683506829649544,0
100913,2012-08-11,0.3181744462889921,1
100914,2012-08-11,0.1734288561528946,0
100915,2012-08-11,0.4354444075008103,0
100916,2012-08-11,0.32149773694262374,0
100917,2012-08-11,0.5663492545684484,1
100918,2012-08-11,0.31384667115453546,0
100919,2012-08-11,0.26090557230413713,0
100920,2012-08-11,0.19160079958599582,0
100921,2012-08-11,0.21138487947371748,0
100922,2012-08-11,0.4325780443526129,1
100923,2012-08-11,0.4283246818939758,0
100924,2012-08-11,0.3943272336090417,1
100925,2012-08-11,0.4975232777640587,0
100926,2012-08-11,0.20646483879616206,0
100927,2012-08-11,0.20383334763945102,0
100928,2012-08-11,0.3261252300859344,0
100929,2012-08-11,0.4384820405904134,0
100930,2012-08-11,0.16238038559889967,1
100931,2012-08-11,0.5083096209002197,1
100932,2012-08-11,0.2767733549659324,1
100933,2012-08-11,0.4133834453340385,1
100934,2012-08-11,0.4696181908093672,1
100935,2012-08-11,0.10401417016672643,0
100936,2012-08-11,0.5605606393245435,1
100937,2012-08-11,0.42001839919163453,0
100938,2012-08-11,0.36802771906980086,1
100939,2012-08-11,0.2348143466087796,1
100940,2012-08-11,0.2711997784661959,0
100941,2012-08-11,0.19240673954010415,0
100942,2012-08-11,0.41997207234259276,0
100943,2012-08-11,0.32054625006609627,0
100944,2012-08-11,0.4385408165823825,0
100945,2012-08-11,0.43960481941557344,0
100946,2012-08-11,0.20741103787204498,0
100947,2012-08-11,0.39309047019511023,1
100948,2012-08-11,0.3214377934021543,1
100949,2012-08-11,0.3203595861830664,0
100950,2012-08-11,0.35424908096791125,0
100951,2012-08-11,0.27288576119363217,0
100952,2012-08-11,0.47016255011233865,1
100953,2012-08-11,0.366901133806779,0
100954,2012-08-11,0.3154116001924566,0
100955,2012-08-11,0.3799451394028808,0
100956,2012-08-11,0.33455284168410615,0
100957,2012-08-11,0.282030682997171,0
100958,2012-08-11,0.4738356504274886,0
100959,2012-08-11,0.2636654477466487,1
100960,2012-08-11,0.28718162083975085,0
100961,2012-08-11,0.3417509248965132,1
100962,2012-08-11,0.4214216579585913,1
100963,2012-08-11,0.18288710747600534,0
100964,2012-08-11,0.3918578023458872,0
100965,2012-08-11,0.3773171018074897,1
100966,2012-08-11,0.3587375298356357,1
100967,2012-08-11,0.28707104486812945,0
100968,2012-08-11,0.4402783407727615,0
100969,2012-08-11,0.1979763550905657,1
100970,2012-08-11,0.20713365406518564,0
100971,2012-08-11,0.3613171218911269,0
100972,2012-08-11,0.3148955163525588,0
100973,2012-08-11,0.35639241422648854,0
100974,2012-08-11,0.322456309909211,0
100975,2012-08-11,0.5274831590598349,0
100976,2012-08-11,0.39632590088447034,0
100977,2012-08-11,0.3749501042621352,0
100978,2012-08-11,0.3628820897983772,0
100979,2012-08-11,0.3974247193536327,0
100980,2012-08-11,0.4010720184623485,0
100981,2012-08-11,0.3337097207905241,1
100982,2012-08-11,0.25705936421502895,0
100983,2012-08-11,0.39505955854438496,0
100984,2012-08-11,0.5590926378346607,1
100985,2012-08-11,0.0861582898414876,0
100986,2012-08-11,0.11398464097219495,0
100987,2012-08-11,0.29450716534453636,1
100988,2012-08-11,0.08604034034811672,0
100989,2012-08-11,0.35979760064019495,1
100990,2012-08-11,0.14551764812615373,0
100991,2012-08-11,0.5143974200593465,0
100992,2012-08-11,0.4900930401451688,0
100993,2012-08-11,0.24888166183355395,0
100994,2012-08-11,0.17474466970667257,0
100995,2012-08-11,0.17353523982691435,0
100996,2012-08-11,0.47247648570275613,1
100997,2012-08-11,0.4513830954282985,0
100998,2012-08-11,0.45702217990692956,0
100999,2012-08-11,0.32422253485138014,0
101000,2012-08-11,0.552228284804007,1
101001,2012-08-11,0.16941450127710772,0
101002,2012-08-11,0.4299718390014269,0
101003,2012-08-11,0.24285877902583763,0
101004,2012-08-11,0.2444301085511401,1
101005,2012-08-11,0.07949691974087209,0
101006,2012-08-11,0.4876943949157331,1
101007,2012-08-11,0.2906042808004252,0
101008,2012-08-11,0.3720786248386634,0
101009,2012-08-11,0.2571196707009884,1
101010,2012-08-11,0.31087091749522233,0
101011,2012-08-11,0.22481910468967928,0
101012,2012-08-11,0.30976319021952614,1
101013,2012-08-11,0.17107131128587774,0
101014,2012-08-11,0.5585006397909313,1
101015,2012-08-11,0.21791586991801903,0
101016,2012-08-11,0.1734081464392648,0
101017,2012-08-11,0.3468699499310066,0
101018,2012-08-11,0.38211740918099013,0
101019,2012-08-11,0.41094662574980456,1
101020,2012-08-11,0.3026562141072305,0
101021,2012-08-11,0.48833620114767157,1
101022,2012-08-11,0.22554048164752966,0
101023,2012-08-11,0.3919360534379769,0
101024,2012-08-11,0.3710337981435387,0
101025,2012-08-11,0.4922327149222499,0
101026,2012-08-11,0.22208996772243259,0
101027,2012-08-11,0.3388139966700812,1
101028,2012-08-11,0.4973619442094829,1
101029,2012-08-11,0.4671616113878451,1
101030,2012-08-11,0.25337154048050936,0
101031,2012-08-11,0.19331966045802157,0
101032,2012-08-11,0.455010757117893,1
101033,2012-08-11,0.3919232090046071,0
101034,2012-08-11,0.5373492690783306,1
101035,2012-08-11,0.25690996348142514,0
101036,2012-08-11,0.25933881115604573,1
101037,2012-08-11,0.45274818580599846,0
101038,2012-08-11,0.42115529028334336,1
101039,2012-08-11,0.35135762547196714,0
101040,2012-08-11,0.20309836570491885,0
101041,2012-08-11,0.3177000771241619,1
101042,2012-08-11,0.1401672769347178,0
101043,2012-08-11,0.4794042221118359,0
101044,2012-08-11,0.314577560818776,0
101045,2012-08-11,0.45209253807180516,1
101046,2012-08-11,0.3353970142375239,0
101047,2012-08-11,0.3025191848111952,0
101048,2012-08-11,0.25402714221518236,0
101049,2012-08-11,0.2074027094303752,0
101050,2012-08-11,0.37363306107609373,1
101051,2012-08-11,0.35996769669643197,1
101052,2012-08-11,0.26399381478125494,1
101053,2012-08-11,0.5075879524087392,1
101054,2012-08-11,0.2817429410426601,0
101055,2012-08-11,0.3474432967283728,1
101056,2012-08-11,0.22979952323811348,0
101057,2012-08-11,0.3380550878334697,0
101058,2012-08-11,0.368573944240336,1
101059,2012-08-11,0.6533083544019146,0
101060,2012-08-11,0.2751740039968407,0
101061,2012-08-11,0.29155955017634705,1
101062,2012-08-11,0.2875882644950081,0
101063,2012-08-11,0.336874133234063,0
101064,2012-08-11,0.43316323034021326,0
101065,2012-08-11,0.44818226119860505,1
101066,2012-08-11,0.1452962407933579,0
101067,2012-08-11,0.40420487409645167,1
101068,2012-08-11,0.11658527597201723,0
101069,2012-08-12,0.5187627787869142,1
101070,2012-08-12,0.3356678568675869,1
101071,2012-08-12,0.2854964753303916,0
101072,2012-08-12,0.31774025214161805,1
101073,2012-08-12,0.39994229802239056,1
101074,2012-08-12,0.23198837140481043,0
101075,2012-08-12,0.4271969044856513,0
101076,2012-08-12,0.2959725532534261,0
101077,2012-08-12,0.21403736445495003,0
101078,2012-08-12,0.17642996439088562,0
101079,2012-08-12,0.38250693394763957,0
101080,2012-08-12,0.248115739724628,1
101081,2012-08-12,0.29304100279930856,0
101082,2012-08-12,0.3726110128380973,0
101083,2012-08-12,0.42103247121454074,0
101084,2012-08-12,0.3893811993853527,0
101085,2012-08-12,0.14978207153963746,0
101086,2012-08-12,0.27619589659974275,0
101087,2012-08-12,0.38033637370547346,0
101088,2012-08-12,0.5501527213641938,1
101089,2012-08-12,0.45041590713679264,1
101090,2012-08-12,0.3721077128877668,0
101091,2012-08-12,0.5252594574361708,0
101092,2012-08-12,0.32746819350419687,0
101093,2012-08-12,0.28975023092795665,1
101094,2012-08-12,0.2906006152699566,0
101095,2012-08-12,0.32865962940130483,0
101096,2012-08-12,0.28612628283596553,0
101097,2012-08-12,0.3412041770658164,0
101098,2012-08-12,0.3393995507486505,0
101099,2012-08-12,0.43544177522791133,1
101100,2012-08-12,0.3949752682604687,0
101101,2012-08-12,0.3986699208302418,1
101102,2012-08-12,0.4098676251355458,1
101103,2012-08-12,0.5706363958198692,1
101104,2012-08-12,0.42534326422178764,1
101105,2012-08-12,0.318714294552341,0
101106,2012-08-12,0.2718730542638646,0
101107,2012-08-12,0.18678138557866938,0
101108,2012-08-12,0.5644253775383234,1
101109,2012-08-12,0.2157756917827925,0
101110,2012-08-12,0.5151454289778912,1
101111,2012-08-12,0.30931831445263225,0
101112,2012-08-12,0.20149433098287348,1
101113,2012-08-12,0.5225077088832396,0
101114,2012-08-12,0.3471084817196006,1
101115,2012-08-12,0.3178906446340686,0
101116,2012-08-12,0.6557387238405125,0
101117,2012-08-12,0.1633039809749221,0
101118,2012-08-12,0.2290472851087889,0
101119,2012-08-12,0.32475820389804344,0
101120,2012-08-12,0.22702831585110117,1
101121,2012-08-12,0.18007792791344124,0
101122,2012-08-12,0.3314466946411203,0
101123,2012-08-12,0.7303709925780587,1
101124,2012-08-12,0.4288129198338488,0
101125,2012-08-12,0.2203021068959422,0
101126,2012-08-12,0.4296924995250319,1
101127,2012-08-12,0.3760185079633499,1
101128,2012-08-12,0.37665233726942354,0
101129,2012-08-12,0.4311617146851743,1
101130,2012-08-12,0.3172993190944293,0
101131,2012-08-12,0.38599576312635764,1
101132,2012-08-12,0.32549444753002443,0
101133,2012-08-12,0.51572761471322,1
101134,2012-08-12,0.2297585684258884,1
101135,2012-08-12,0.4949240333158738,0
101136,2012-08-12,0.3744410343291143,0
101137,2012-08-12,0.2988754355688487,0
101138,2012-08-12,0.30307583049396436,1
101139,2012-08-12,0.26537723663484747,0
101140,2012-08-12,0.39492246214211857,1
101141,2012-08-12,0.26097580841590967,1
101142,2012-08-12,0.45837339769926727,0
101143,2012-08-12,0.3248859848533528,1
101144,2012-08-12,0.3897637138362227,1
101145,2012-08-12,0.4443468873153863,0
101146,2012-08-12,0.43993296662020365,0
101147,2012-08-12,0.22738616997625888,0
101148,2012-08-12,0.6271450142395812,1
101149,2012-08-12,0.16290253449657935,0
101150,2012-08-12,0.26031515780762143,0
101151,2012-08-12,0.2959199421750251,0
101152,2012-08-12,0.2873192486282072,1
101153,2012-08-12,0.39119509219630605,1
101154,2012-08-12,0.266860121019658,0
101155,2012-08-12,0.11462358155471493,0
101156,2012-08-12,0.32834572338820406,0
101157,2012-08-12,0.4307117044621162,0
101158,2012-08-12,0.18108092398995512,0
101159,2012-08-12,0.12152994091303047,1
101160,2012-08-12,0.22550838978306198,0
101161,2012-08-12,0.18162192730719082,0
101162,2012-08-12,0.37993050452368393,1
101163,2012-08-12,0.3695908441674142,1
101164,2012-08-12,0.5612817891996664,1
101165,2012-08-12,0.1229799895733198,1
101166,2012-08-12,0.16775242862370576,0
101167,2012-08-12,0.48413310622662553,1
101168,2012-08-12,0.4075302020501039,0
101169,2012-08-12,0.46416693919847607,0
101170,2012-08-12,0.19215639658162934,0
101171,2012-08-12,0.16207323929737602,0
101172,2012-08-12,0.2855367698910701,0
101173,2012-08-12,0.19554758330009522,0
101174,2012-08-12,0.30145355035973836,0
101175,2012-08-12,0.48684936488090225,1
101176,2012-08-12,0.3086569343539819,1
101177,2012-08-12,0.34579708453181096,1
101178,2012-08-12,0.354471332790459,0
101179,2012-08-12,0.32706383415088075,1
101180,2012-08-12,0.3198875068895657,1
101181,2012-08-12,0.3420845863148729,0
101182,2012-08-12,0.4264966186674619,1
101183,2012-08-12,0.1829983384800276,1
101184,2012-08-12,0.2885115380298588,0
101185,2012-08-12,0.40273064562463234,1
101186,2012-08-12,0.1105815762915922,0
101187,2012-08-12,0.5161496316318309,1
101188,2012-08-12,0.4963439050507112,1
101189,2012-08-12,0.12282246413393964,0
101190,2012-08-12,0.21587497897067326,0
101191,2012-08-12,0.2949954288916188,1
101192,2012-08-12,0.37270853008874444,0
101193,2012-08-12,0.47128781821717997,0
101194,2012-08-12,0.30950412320416254,1
101195,2012-08-12,0.5589919361827969,1
101196,2012-08-12,0.7254316964489724,1
101197,2012-08-12,0.3691508244044322,0
101198,2012-08-12,0.27472402550627517,0
101199,2012-08-12,0.30694036799594576,0
101200,2012-08-12,0.2206522732043352,0
101201,2012-08-12,0.41698625204737,1
101202,2012-08-12,0.34079671774901976,1
101203,2012-08-12,0.3048050092797537,1
101204,2012-08-12,0.2590601575891934,0
101205,2012-08-12,0.3232833202971626,1
101206,2012-08-12,0.45215824124217163,0
101207,2012-08-12,0.5956028973681614,1
101208,2012-08-12,0.314857417035529,0
101209,2012-08-12,0.5720134126137097,1
101210,2012-08-12,0.43263651397347686,0
101211,2012-08-12,0.2358047896485148,0
101212,2012-08-12,0.3595585234861047,1
101213,2012-08-12,0.27204816640744245,0
101214,2012-08-12,0.5810203896428983,1
101215,2012-08-12,0.3151884776062816,1
101216,2012-08-12,0.12901660625284855,0
101217,2012-08-12,0.34359347871013246,1
101218,2012-08-12,0.3524586511282414,0
101219,2012-08-12,0.4452943061136801,1
101220,2012-08-12,0.4351839529429623,0
101221,2012-08-12,0.4182324927933238,1
101222,2012-08-12,0.5365029032262294,1
101223,2012-08-12,0.42556840790967265,1
101224,2012-08-12,0.1231663201515902,0
101225,2012-08-12,0.5737570220803547,0
101226,2012-08-12,0.5382487540735399,1
101227,2012-08-12,0.2420195353974164,0
101228,2012-08-12,0.2424052559961462,0
101229,2012-08-12,0.4827737186281216,1
101230,2012-08-12,0.2918493563288668,0
101231,2012-08-12,0.3989728680866107,1
101232,2012-08-12,0.1991491936988355,0
101233,2012-08-12,0.32280024496134296,0
101234,2012-08-12,0.48769680117198744,1
101235,2012-08-12,0.49991942976000686,1
101236,2012-08-12,0.606138260205428,0
101237,2012-08-12,0.3380114148248675,0
101238,2012-08-12,0.523102840493174,1
101239,2012-08-12,0.26877582394231436,1
101240,2012-08-12,0.40584198353236317,1
101241,2012-08-12,0.5470877926468339,0
101242,2012-08-12,0.38104955900950516,1
101243,2012-08-12,0.3013135562875875,0
101244,2012-08-12,0.17153572600395206,1
101245,2012-08-12,0.4606893399381519,0
101246,2012-08-12,0.3158329157735759,0
101247,2012-08-12,0.25375835274923414,1
101248,2012-08-12,0.3267145205559244,1
101249,2012-08-12,0.3622229339467583,0
101250,2012-08-12,0.1815558947028466,1
101251,2012-08-12,0.13369500292941067,0
101252,2012-08-12,0.23944120472955147,0
101253,2012-08-12,0.3458952999201965,1
101254,2012-08-12,0.362124110969038,0
101255,2012-08-12,0.19505687144258538,1
101256,2012-08-12,0.2875599842690056,0
101257,2012-08-12,0.514314397121534,1
101258,2012-08-12,0.16343766663719253,0
101259,2012-08-12,0.4124388223794504,1
101260,2012-08-12,0.19210814078624672,0
101261,2012-08-12,0.417372438121166,1
101262,2012-08-12,0.21555668713530798,0
101263,2012-08-12,0.1918770120602769,1
101264,2012-08-12,0.37471479306103694,1
101265,2012-08-12,0.3462006356728053,1
101266,2012-08-12,0.1773286470467076,0
101267,2012-08-12,0.46524434759208017,1
101268,2012-08-12,0.22966664112432986,0
101269,2012-08-12,0.6911197649303377,1
101270,2012-08-12,0.4569199191339901,0
101271,2012-08-12,0.41601195146653147,1
101272,2012-08-12,0.4071003247598095,1
101273,2012-08-12,0.37268960242314497,0
101274,2012-08-12,0.2474276115868845,0
101275,2012-08-12,0.29221549111417267,0
101276,2012-08-12,0.2831425518791709,0
101277,2012-08-12,0.328669883681637,0
101278,2012-08-12,0.3420549404160814,0
101279,2012-08-12,0.3998242809511869,0
101280,2012-08-12,0.2073099461364479,0
101281,2012-08-12,0.39077606081227884,0
101282,2012-08-12,0.2609794526213224,0
101283,2012-08-12,0.31680546845218627,1
101284,2012-08-12,0.14602592159989405,1
101285,2012-08-12,0.42968099758319955,1
101286,2012-08-12,0.1958542805042217,0
101287,2012-08-12,0.3418252917817435,1
101288,2012-08-12,0.3519429853611024,1
101289,2012-08-12,0.2888747971924037,0
101290,2012-08-12,0.15277881360041715,0
101291,2012-08-12,0.18688101028815307,1
101292,2012-08-12,0.21095366558621562,0
101293,2012-08-12,0.5192093974727717,0
101294,2012-08-12,0.3191339982956307,0
101295,2012-08-12,0.4264658483301676,1
101296,2012-08-12,0.31845492342520326,1
101297,2012-08-12,0.4790940048485619,0
101298,2012-08-12,0.4483145388430123,0
101299,2012-08-12,0.2735114273956996,0
101300,2012-08-12,0.2721833021469826,0
101301,2012-08-12,0.40315926109742795,1
101302,2012-08-12,0.353378751025012,0
101303,2012-08-12,0.23030032408722367,0
101304,2012-08-12,0.10733070647710519,0
101305,2012-08-12,0.32246197208254923,0
101306,2012-08-12,0.13977064167666298,1
101307,2012-08-12,0.25273610473631464,1
101308,2012-08-12,0.30797613214286446,0
101309,2012-08-12,0.37936945661205596,1
101310,2012-08-12,0.3360067718919239,0
101311,2012-08-12,0.21601083824936923,0
101312,2012-08-12,0.38131559061665443,0
101313,2012-08-12,0.5745422908070287,0
101314,2012-08-12,0.35138208987764047,0
101315,2012-08-12,0.3144095529350533,0
101316,2012-08-12,0.4425555511369807,0
101317,2012-08-12,0.4482009599950943,1
101318,2012-08-12,0.22520567343650716,0
101319,2012-08-12,0.1972212369996941,0
101320,2012-08-12,0.3779499886447136,0
101321,2012-08-12,0.17630267917540765,0
101322,2012-08-12,0.6189704608452103,0
101323,2012-08-12,0.3465715671557164,0
101324,2012-08-12,0.4675122132140154,1
101325,2012-08-12,0.662006228775231,1
101326,2012-08-12,0.28549009170651757,0
101327,2012-08-12,0.3834465696310651,1
101328,2012-08-12,0.19089140528074874,0
101329,2012-08-12,0.3122501770759607,0
101330,2012-08-12,0.43085181984267934,0
101331,2012-08-12,0.3299138054307296,0
101332,2012-08-12,0.3140235793168301,0
101333,2012-08-12,0.28285343989630074,0
101334,2012-08-12,0.20501451872015888,1
101335,2012-08-12,0.09542185991237341,0
101336,2012-08-12,0.3417831395135204,0
101337,2012-08-12,0.22685960965583477,1
101338,2012-08-12,0.5270552635831486,0
101339,2012-08-12,0.3400250055007821,1
101340,2012-08-12,0.24163374209438984,0
101341,2012-08-12,0.3561545705270141,1
101342,2012-08-12,0.24798127798793773,0
101343,2012-08-12,0.3967123737211425,1
101344,2012-08-12,0.4380349526708865,1
101345,2012-08-12,0.23012586012821157,0
101346,2012-08-12,0.5526157627535642,0
101347,2012-08-12,0.2431460978435474,0
101348,2012-08-12,0.5304014723836984,1
101349,2012-08-12,0.43810924168701093,1
101350,2012-08-12,0.3861346366785097,1
101351,2012-08-12,0.3431688014488571,0
101352,2012-08-12,0.3213041610975757,0
101353,2012-08-12,0.3718554190129024,0
101354,2012-08-12,0.32633921904011515,1
101355,2012-08-12,0.4481375839840937,1
101356,2012-08-12,0.6441320475813307,0
101357,2012-08-12,0.6008122846149921,1
101358,2012-08-12,0.405625549967517,0
101359,2012-08-12,0.23354005330489494,0
101360,2012-08-12,0.33118941515749994,0
101361,2012-08-12,0.3772649098595575,0
101362,2012-08-12,0.598330056373922,1
101363,2012-08-12,0.4265469120414744,1
101364,2012-08-12,0.20160787593423724,0
101365,2012-08-12,0.2901971872229839,1
101366,2012-08-12,0.17193369746826997,0
101367,2012-08-12,0.5942967406877993,1
101368,2012-08-12,0.3402525094967101,0
101369,2012-08-12,0.5739603414651587,1
101370,2012-08-12,0.38921894576993604,1
101371,2012-08-12,0.17006206431916038,0
101372,2012-08-12,0.42831684138872134,1
101373,2012-08-12,0.29648172774868187,0
101374,2012-08-12,0.5132614715250776,0
101375,2012-08-12,0.2415972302019632,0
101376,2012-08-12,0.4180670538278993,0
101377,2012-08-12,0.3386514548804876,1
101378,2012-08-12,0.2902864073146436,1
101379,2012-08-12,0.17322935966928368,0
101380,2012-08-12,0.2681035652445042,0
101381,2012-08-12,0.4411007599898577,1
101382,2012-08-12,0.4059533074377815,0
101383,2012-08-12,0.3120184498043553,1
101384,2012-08-12,0.317589826828194,0
101385,2012-08-12,0.34224348124041837,0
101386,2012-08-12,0.3174402466583376,0
101387,2012-08-12,0.46202369294678985,0
101388,2012-08-12,0.41928202407839726,1
101389,2012-08-12,0.47910544576061265,1
101390,2012-08-12,0.2353358938353087,1
101391,2012-08-12,0.4475828999770717,1
101392,2012-08-12,0.3767391624359942,1
101393,2012-08-12,0.3577691734246852,0
101394,2012-08-12,0.17088855639238906,0
101395,2012-08-12,0.2922299729209252,0
101396,2012-08-12,0.49801763694912143,0
101397,2012-08-12,0.4350130062637102,0
101398,2012-08-12,0.4398888714395938,0
101399,2012-08-12,0.35773030291000313,0
101400,2012-08-12,0.5043203570118548,1
101401,2012-08-12,0.15448417527276656,0
101402,2012-08-12,0.3818407096811849,1
101403,2012-08-12,0.20777365209652743,0
101404,2012-08-12,0.562293984356474,1
101405,2012-08-12,0.17124446015579653,0
101406,2012-08-12,0.37339880131286685,0
101407,2012-08-12,0.30837601553444927,1
101408,2012-08-12,0.34656750060042213,1
101409,2012-08-12,0.35235316450010684,1
101410,2012-08-12,0.4302665863079193,1
101411,2012-08-12,0.46521972803275147,0
101412,2012-08-12,0.21316506153188516,1
101413,2012-08-12,0.362082202244142,0
101414,2012-08-12,0.1723282413414932,0
101415,2012-08-12,0.3964635048173062,1
101416,2012-08-12,0.3710405793408589,0
101417,2012-08-12,0.23650466506587392,0
101418,2012-08-12,0.291629134131352,0
101419,2012-08-12,0.28619585359345334,0
101420,2012-08-12,0.3919143264840523,0
101421,2012-08-12,0.4036386558945436,1
101422,2012-08-12,0.21506181834463578,0
101423,2012-08-12,0.43810346441686904,1
101424,2012-08-12,0.2379621630004863,0
101425,2012-08-12,0.19326074790301143,1
101426,2012-08-12,0.3282944562091004,0
101427,2012-08-12,0.34004305268700885,0
101428,2012-08-12,0.29857271182273487,0
101429,2012-08-12,0.2926459878945188,0
101430,2012-08-12,0.582385712587718,1
101431,2012-08-12,0.3857242030504435,0
101432,2012-08-12,0.4421878370854064,0
101433,2012-08-12,0.30663729792532857,0
101434,2012-08-12,0.4840675082071272,1
101435,2012-08-12,0.3422473767240955,1
101436,2012-08-12,0.3385426599817433,1
101437,2012-08-12,0.15274940678958793,1
101438,2012-08-12,0.16585674787559226,0
101439,2012-08-12,0.1539677380219987,0
101440,2012-08-12,0.2478804447815428,0
101441,2012-08-12,0.2551271412866818,0
101442,2012-08-12,0.4245184701169676,0
101443,2012-08-12,0.27680072042859766,0
101444,2012-08-12,0.320341352024523,0
101445,2012-08-12,0.1750203989318858,0
101446,2012-08-12,0.6338622323105588,0
101447,2012-08-12,0.2388239395145089,0
101448,2012-08-12,0.26348450384413735,0
101449,2012-08-12,0.21073447807214088,0
101450,2012-08-12,0.3576538803393919,1
101451,2012-08-12,0.15678066690758036,0
101452,2012-08-12,0.4979789501009399,0
101453,2012-08-12,0.44059126633125406,1
101454,2012-08-12,0.24341090897314915,0
101455,2012-08-12,0.17969913775848537,0
101456,2012-08-12,0.3477664169824649,0
101457,2012-08-12,0.3087415519432112,0
101458,2012-08-12,0.30400142195904395,1
101459,2012-08-12,0.5499388522036486,0
101460,2012-08-12,0.49526812468112935,0
101461,2012-08-12,0.3413288492064346,0
101462,2012-08-12,0.3314203932468725,1
101463,2012-08-12,0.3324611499146985,0
101464,2012-08-12,0.23823418898859774,1
101465,2012-08-12,0.33295752275746443,0
101466,2012-08-12,0.4215189754032007,1
101467,2012-08-12,0.41850505102231533,0
101468,2012-08-12,0.36715662601908544,1
101469,2012-08-12,0.41537726271109315,0
101470,2012-08-12,0.38671495250398735,0
101471,2012-08-12,0.41214226481087646,0
101472,2012-08-12,0.5782791953093526,1
101473,2012-08-12,0.3997352132481793,0
101474,2012-08-12,0.1565112485980389,0
101475,2012-08-12,0.4064196775495411,0
101476,2012-08-12,0.4848246479086289,1
101477,2012-08-12,0.33466872605508574,0
101478,2012-08-12,0.4900966825096014,0
101479,2012-08-12,0.35246839020952464,1
101480,2012-08-12,0.45736122982280314,0
101481,2012-08-12,0.46096384326846723,0
101482,2012-08-12,0.41468691844501193,0
101483,2012-08-12,0.5652327587765701,0
101484,2012-08-12,0.32034693456635216,1
101485,2012-08-12,0.42317862892398467,0
101486,2012-08-12,0.54470941536984,1
101487,2012-08-12,0.5778686479279813,1
101488,2012-08-12,0.44411658462297493,0
101489,2012-08-12,0.361728019316459,1
101490,2012-08-12,0.4624701480614503,0
101491,2012-08-12,0.3337173278993187,1
101492,2012-08-12,0.3168506775263351,1
101493,2012-08-12,0.31993997686420095,0
101494,2012-08-12,0.40940371595235214,0
101495,2012-08-12,0.35138180110772876,0
101496,2012-08-12,0.2911878652170956,1
101497,2012-08-12,0.5983003065587573,1
101498,2012-08-12,0.21651571834304184,1
101499,2012-08-12,0.14641193123620833,0
101500,2012-08-12,0.23134893846465127,1
101501,2012-08-12,0.4644377745188238,0
101502,2012-08-12,0.37746240452113405,0
101503,2012-08-12,0.17188193701748922,0
101504,2012-08-12,0.25824037507493214,0
101505,2012-08-12,0.3673864623227245,0
101506,2012-08-12,0.16421072850534188,0
101507,2012-08-12,0.31229580309584437,0
101508,2012-08-12,0.22266861746506214,0
101509,2012-08-12,0.2572541359327439,0
101510,2012-08-12,0.4083783970339003,0
101511,2012-08-12,0.13679148175585162,0
101512,2012-08-12,0.29813565029962064,1
101513,2012-08-12,0.30808626995251376,1
101514,2012-08-12,0.45545899980527826,0
101515,2012-08-12,0.3239663823037588,0
101516,2012-08-12,0.29582001885313725,0
101517,2012-08-12,0.2636249990905123,0
101518,2012-08-12,0.28690653417973044,1
101519,2012-08-12,0.12946348390671047,0
101520,2012-08-12,0.3078491858484266,0
101521,2012-08-12,0.33948569120539285,0
101522,2012-08-12,0.3362504170816883,0
101523,2012-08-12,0.39655721833163143,0
101524,2012-08-12,0.2794387312537832,1
101525,2012-08-12,0.5569134669911309,1
101526,2012-08-12,0.3675897697987489,0
101527,2012-08-12,0.3083554308769088,0
101528,2012-08-12,0.590201003978248,1
101529,2012-08-12,0.19108346866947004,0
101530,2012-08-12,0.27912219437790164,0
101531,2012-08-12,0.3714761550514922,0
101532,2012-08-12,0.37597927815421195,0
101533,2012-08-12,0.21146499873956268,0
101534,2012-08-12,0.5262757606113473,0
101535,2012-08-12,0.503091092595215,1
101536,2012-08-12,0.3510810004044887,1
101537,2012-08-12,0.35946422509002246,0
101538,2012-08-12,0.19218755503604523,0
101539,2012-08-12,0.19703069184923627,0
101540,2012-08-12,0.41289855467256387,0
101541,2012-08-12,0.31625216697346953,0
101542,2012-08-12,0.2754154863499076,1
101543,2012-08-12,0.27992308882356626,0
101544,2012-08-12,0.5391587582606913,1
101545,2012-08-12,0.17452894421631762,0
101546,2012-08-12,0.2326672508391355,1
101547,2012-08-12,0.46616250208339477,1
101548,2012-08-12,0.42846232452888616,0
101549,2012-08-12,0.3593611437749397,0
101550,2012-08-12,0.5483417410146507,1
101551,2012-08-12,0.4577175341472064,0
101552,2012-08-12,0.31153123840844743,0
101553,2012-08-12,0.2946396805793175,1
101554,2012-08-12,0.34071651048440826,1
101555,2012-08-12,0.32857212151852005,0
101556,2012-08-12,0.4731849424747017,0
101557,2012-08-12,0.3210547754812147,0
101558,2012-08-12,0.27196427122545475,0
101559,2012-08-12,0.3130222317881384,0
101560,2012-08-12,0.16885151271113705,0
101561,2012-08-12,0.17837157312294782,1
101562,2012-08-12,0.32947039522782373,0
101563,2012-08-12,0.3939140581596722,1
101564,2012-08-12,0.4228615878122325,0
101565,2012-08-12,0.5083182162859472,1
101566,2012-08-12,0.4570261710949666,1
101567,2012-08-12,0.4695869319613231,0
101568,2012-08-12,0.2709915491504852,1
101569,2012-08-12,0.32433277808777716,1
101570,2012-08-12,0.1706819560564457,0
101571,2012-08-12,0.09670358834170655,0
101572,2012-08-12,0.6143597354914604,1
101573,2012-08-12,0.5348130452086537,1
101574,2012-08-12,0.19669158140838944,0
101575,2012-08-12,0.35452658023749656,0
101576,2012-08-12,0.1254698499177963,0
101577,2012-08-12,0.15578497005080996,0
101578,2012-08-12,0.26745158225962223,0
101579,2012-08-12,0.3998603210792059,1
101580,2012-08-12,0.5962092060290889,1
101581,2012-08-12,0.5773486583720395,0
101582,2012-08-12,0.41124272906104337,0
101583,2012-08-12,0.17803473688842084,0
101584,2012-08-12,0.374616989275274,1
101585,2012-08-12,0.1640372748589739,0
101586,2012-08-12,0.38614353196679047,0
101587,2012-08-12,0.3013169129649219,0
101588,2012-08-12,0.38040144988255814,1
101589,2012-08-12,0.3145133106511937,0
101590,2012-08-12,0.21389611141109804,0
101591,2012-08-12,0.557325382405446,1
101592,2012-08-12,0.25767699610735284,0
101593,2012-08-12,0.3447730747107501,1
101594,2012-08-12,0.26976705212209395,0
101595,2012-08-12,0.2331202883685708,0
101596,2012-08-12,0.22354191595706657,0
101597,2012-08-12,0.2103395598209699,0
101598,2012-08-12,0.2988962408108994,0
101599,2012-08-12,0.26686794518339624,0
101600,2012-08-12,0.21677516734225813,0
101601,2012-08-12,0.39169356519304793,1
101602,2012-08-12,0.31729858625871754,1
101603,2012-08-12,0.38679107874507956,1
101604,2012-08-12,0.36773951496688473,1
101605,2012-08-12,0.3465351303155533,0
101606,2012-08-12,0.411209991199891,0
101607,2012-08-12,0.33216002421803426,0
101608,2012-08-12,0.1567824437971727,0
101609,2012-08-12,0.12522638778693496,1
101610,2012-08-12,0.3996046069240633,1
101611,2012-08-12,0.2545733025659504,0
101612,2012-08-12,0.4217437417605312,1
101613,2012-08-12,0.22803212983502186,0
101614,2012-08-12,0.38128999996919727,1
101615,2012-08-12,0.6235983580960838,1
101616,2012-08-12,0.5619302982939632,1
101617,2012-08-12,0.29203954039496366,0
101618,2012-08-12,0.4320659141568317,0
101619,2012-08-12,0.281906762384,1
101620,2012-08-12,0.5025145901481801,0
101621,2012-08-12,0.22402902066022315,0
101622,2012-08-12,0.23155633574308812,0
101623,2012-08-12,0.3386802024471275,0
101624,2012-08-12,0.5763501503159083,0
101625,2012-08-12,0.2110799172969125,0
101626,2012-08-12,0.4652086104203814,0
101627,2012-08-12,0.5292941277457718,0
101628,2012-08-12,0.18506454497837574,0
101629,2012-08-12,0.07915650636282079,0
101630,2012-08-12,0.40834229130994393,1
101631,2012-08-12,0.4049630449947202,1
101632,2012-08-12,0.38938191299958,0
101633,2012-08-12,0.3684190334291567,0
101634,2012-08-12,0.36120506625595394,0
101635,2012-08-12,0.32366987800859653,0
101636,2012-08-12,0.2507153853944005,0
101637,2012-08-12,0.5155407149782353,0
101638,2012-08-12,0.45558357561412105,1
101639,2012-08-12,0.35904386821804873,1
101640,2012-08-12,0.3719391786555997,1
101641,2012-08-12,0.31461970387001287,0
101642,2012-08-12,0.40817861738437444,0
101643,2012-08-12,0.2760149359290938,0
101644,2012-08-12,0.10072828340263774,0
101645,2012-08-12,0.3929746535462975,1
101646,2012-08-12,0.6161454772072514,1
101647,2012-08-12,0.21481434718802772,0
101648,2012-08-12,0.40193399024746734,0
101649,2012-08-12,0.5415171973821359,1
101650,2012-08-12,0.4781501138004619,0
101651,2012-08-12,0.1278440142236465,0
101652,2012-08-12,0.36614976239525615,0
101653,2012-08-12,0.4698080160987885,0
101654,2012-08-12,0.47278018405553096,1
101655,2012-08-12,0.35455449931294897,1
101656,2012-08-12,0.18597125901480294,0
101657,2012-08-12,0.3992023158152371,0
101658,2012-08-12,0.2508992250480367,0
101659,2012-08-12,0.43234547826441955,1
101660,2012-08-12,0.4246627062842739,0
101661,2012-08-12,0.3278874809794277,0
101662,2012-08-12,0.39719870069157176,1
101663,2012-08-12,0.32469818704831294,0
101664,2012-08-12,0.2757248285192627,1
101665,2012-08-12,0.34432105621379583,0
101666,2012-08-12,0.2744919527365891,1
101667,2012-08-12,0.6008674649693905,1
101668,2012-08-12,0.4823106510594204,1
101669,2012-08-12,0.3524932222002789,1
101670,2012-08-12,0.35984150732012327,0
101671,2012-08-12,0.20274026757008642,0
101672,2012-08-12,0.5897411526664488,0
101673,2012-08-12,0.16913594836693885,0
101674,2012-08-12,0.3113437289591353,0
101675,2012-08-12,0.4138446813051213,1
101676,2012-08-12,0.2971138177048455,0
101677,2012-08-12,0.603882149922573,0
101678,2012-08-12,0.262043423673897,0
101679,2012-08-12,0.2748326883360737,0
101680,2012-08-12,0.35218758607514045,1
101681,2012-08-12,0.1823499785634362,0
101682,2012-08-12,0.3286941608450304,0
101683,2012-08-12,0.1509627142844482,0
101684,2012-08-12,0.5611709109999294,1
101685,2012-08-12,0.21121303691712298,0
101686,2012-08-12,0.2390209115946685,1
101687,2012-08-12,0.27613607059459194,0
101688,2012-08-12,0.2704597878841011,0
101689,2012-08-12,0.49713771589196554,0
101690,2012-08-12,0.24819985363012015,0
101691,2012-08-12,0.13127231760802646,0
101692,2012-08-12,0.31682460506983534,0
101693,2012-08-12,0.28458173860235353,0
101694,2012-08-12,0.5667507456822952,1
101695,2012-08-12,0.34874188253593164,0
101696,2012-08-12,0.34469304692712094,0
101697,2012-08-12,0.3339602222808917,1
101698,2012-08-12,0.17698336960000768,0
101699,2012-08-12,0.5128540676150453,1
101700,2012-08-12,0.2535752367713547,1
101701,2012-08-12,0.36323373575980544,0
101702,2012-08-12,0.21801366121252214,1
101703,2012-08-12,0.34740431011246187,0
101704,2012-08-12,0.19633818923066465,0
101705,2012-08-12,0.17767983027024375,1
101706,2012-08-12,0.18427987117748929,0
101707,2012-08-12,0.20777664848165583,0
101708,2012-08-12,0.24291017159162034,0
101709,2012-08-12,0.2111684109444371,0
101710,2012-08-12,0.48556384612436704,0
101711,2012-08-12,0.5293414979516481,0
101712,2012-08-12,0.5393730373238088,0
101713,2012-08-12,0.5723581253130597,1
101714,2012-08-12,0.28729055052858343,1
101715,2012-08-12,0.1952308064616813,0
101716,2012-08-12,0.5363838828016727,1
101717,2012-08-12,0.36186753514811254,0
101718,2012-08-12,0.352507160456174,1
101719,2012-08-12,0.3373484869835582,0
101720,2012-08-12,0.24151772118621692,0
101721,2012-08-12,0.2940341270454755,0
101722,2012-08-12,0.5760444999145908,0
101723,2012-08-12,0.3527511169198101,0
101724,2012-08-12,0.2865660004556122,1
101725,2012-08-12,0.39344461830697713,1
101726,2012-08-12,0.25085861949876587,1
101727,2012-08-12,0.5197762126804194,0
101728,2012-08-12,0.2279677760711328,0
101729,2012-08-12,0.5061074402137387,0
101730,2012-08-12,0.22241272819152758,0
101731,2012-08-12,0.28806942921666345,0
101732,2012-08-12,0.35234679764700727,0
101733,2012-08-12,0.1158206738195205,0
101734,2012-08-12,0.4365461956156601,0
101735,2012-08-12,0.27886585352688126,0
101736,2012-08-12,0.4262322631417724,1
101737,2012-08-12,0.465335623046725,0
101738,2012-08-12,0.23911163088617246,0
101739,2012-08-12,0.2637101754621174,0
101740,2012-08-12,0.31834145834296174,1
101741,2012-08-12,0.44736404091451004,0
101742,2012-08-12,0.7650308360246775,1
101743,2012-08-12,0.4099330194783921,0
101744,2012-08-12,0.4060179744550694,0
101745,2012-08-12,0.3181969390368745,0
101746,2012-08-12,0.3847251654530352,1
101747,2012-08-12,0.14109096975106147,0
101748,2012-08-12,0.3395469964009685,1
101749,2012-08-12,0.34385658189639123,0
101750,2012-08-12,0.19100753032003423,1
101751,2012-08-12,0.46866282733267783,1
101752,2012-08-12,0.22163269278348216,0
101753,2012-08-12,0.3883355071107731,0
101754,2012-08-12,0.23175652780869235,1
101755,2012-08-12,0.31579260887702343,1
101756,2012-08-13,0.47709192160785174,1
101757,2012-08-13,0.5098346368532424,1
101758,2012-08-13,0.3145320083899584,0
101759,2012-08-13,0.27508550050887254,0
101760,2012-08-13,0.30977088496749006,0
101761,2012-08-13,0.2613474024699799,0
101762,2012-08-13,0.6844719651650407,0
101763,2012-08-13,0.3035457225781823,1
101764,2012-08-13,0.5607492716974858,0
101765,2012-08-13,0.2521579858678477,0
101766,2012-08-13,0.3321243190276201,0
101767,2012-08-13,0.3600469847204673,0
101768,2012-08-13,0.15339869128888875,0
101769,2012-08-13,0.351754605963326,0
101770,2012-08-13,0.04934723875952333,0
101771,2012-08-13,0.4865316710866013,1
101772,2012-08-13,0.24335123022424815,1
101773,2012-08-13,0.36446146232109433,0
101774,2012-08-13,0.4958212882835996,0
101775,2012-08-13,0.5850413919766327,1
101776,2012-08-13,0.4470995198154323,1
101777,2012-08-13,0.4918778775534769,1
101778,2012-08-13,0.3252048023086136,0
101779,2012-08-13,0.5138782264359603,1
101780,2012-08-13,0.3569173087795212,0
101781,2012-08-13,0.4290334873329348,1
101782,2012-08-13,0.39279934385570736,1
101783,2012-08-13,0.25150610873493695,1
101784,2012-08-13,0.250018621143307,0
101785,2012-08-13,0.377031937697965,1
101786,2012-08-13,0.39112375965989243,1
101787,2012-08-13,0.4135105927373743,1
101788,2012-08-13,0.2067392355864376,0
101789,2012-08-13,0.15661846452610612,0
101790,2012-08-13,0.3678565972764,0
101791,2012-08-13,0.3253000564433167,1
101792,2012-08-13,0.508067752840227,0
101793,2012-08-13,0.3106557917793417,1
101794,2012-08-13,0.240109328100878,0
101795,2012-08-13,0.16106961266359085,1
101796,2012-08-13,0.3089170948764513,1
101797,2012-08-13,0.20096050492872117,0
101798,2012-08-13,0.2928846525522273,0
101799,2012-08-13,0.28735954925068824,0
101800,2012-08-13,0.3173240377452477,0
101801,2012-08-13,0.5336552636162736,0
101802,2012-08-13,0.44687544001203516,0
101803,2012-08-13,0.23340765930308394,0
101804,2012-08-13,0.5048741518527388,0
101805,2012-08-13,0.3185650075352417,1
101806,2012-08-13,0.1560014304313682,0
101807,2012-08-13,0.5816399888593089,1
101808,2012-08-13,0.5266401103178397,0
101809,2012-08-13,0.32100612403206824,1
101810,2012-08-13,0.6261511071437086,1
101811,2012-08-13,0.2885409412430489,0
101812,2012-08-13,0.47845463024394524,1
101813,2012-08-13,0.3711762666509301,0
101814,2012-08-13,0.3565101928452495,1
101815,2012-08-13,0.22363637159760086,0
101816,2012-08-13,0.2791890636583682,0
101817,2012-08-13,0.394824915889139,0
101818,2012-08-13,0.43738123299674575,0
101819,2012-08-13,0.21189182070945434,0
101820,2012-08-13,0.3088946349880956,1
101821,2012-08-13,0.35471266736778606,1
101822,2012-08-13,0.3626101981923641,0
101823,2012-08-13,0.43523531625570633,0
101824,2012-08-13,0.2614516563581946,0
101825,2012-08-13,0.3682760622077546,1
101826,2012-08-13,0.5702860231398299,1
101827,2012-08-13,0.36234889190177305,0
101828,2012-08-13,0.4424443808281018,0
101829,2012-08-13,0.3586476537243035,0
101830,2012-08-13,0.40524226855556705,1
101831,2012-08-13,0.40683769766464434,0
101832,2012-08-13,0.3903599642926358,1
101833,2012-08-13,0.3515783602493556,0
101834,2012-08-13,0.2698672615418378,1
101835,2012-08-13,0.2615215413724503,0
101836,2012-08-13,0.33452740849184326,0
101837,2012-08-13,0.3249113809702819,0
101838,2012-08-13,0.4917714527111684,0
101839,2012-08-13,0.3583965041393316,1
101840,2012-08-13,0.3057664151547357,1
101841,2012-08-13,0.2106392858966152,0
101842,2012-08-13,0.315444748710329,0
101843,2012-08-13,0.22481120688617326,0
101844,2012-08-13,0.15961703012653003,1
101845,2012-08-13,0.1737831267890753,0
101846,2012-08-13,0.2126377294583717,0
101847,2012-08-13,0.24907243053564898,1
101848,2012-08-13,0.5548698411504369,1
101849,2012-08-13,0.33845393741527485,1
101850,2012-08-13,0.41890686005521094,0
101851,2012-08-13,0.31052771482628866,0
101852,2012-08-13,0.40943184172666,1
101853,2012-08-13,0.31910434538493954,0
101854,2012-08-13,0.4345371867170264,1
101855,2012-08-13,0.2290103046417516,0
101856,2012-08-13,0.36662405478323384,0
101857,2012-08-13,0.17004578526037087,0
101858,2012-08-13,0.30185275419222435,1
101859,2012-08-13,0.34266708020565495,1
101860,2012-08-13,0.3719042325010567,1
101861,2012-08-13,0.24446158994042372,1
101862,2012-08-13,0.5432562895276164,0
101863,2012-08-13,0.264614680878885,0
101864,2012-08-13,0.4050438995095269,1
101865,2012-08-13,0.21881254273114373,0
101866,2012-08-13,0.4026788953638351,1
101867,2012-08-13,0.21966680052350537,0
101868,2012-08-13,0.27158295774305036,1
101869,2012-08-13,0.43815507362159495,0
101870,2012-08-13,0.3341012044243913,0
101871,2012-08-13,0.4500326534898677,0
101872,2012-08-13,0.26695950804099866,0
101873,2012-08-13,0.3499583545116399,1
101874,2012-08-13,0.6162230539383307,1
101875,2012-08-13,0.4049296776339213,1
101876,2012-08-13,0.38732812500199437,0
101877,2012-08-13,0.48230234496908103,0
101878,2012-08-13,0.3330599201861409,0
101879,2012-08-13,0.159390226256868,0
101880,2012-08-13,0.44620174828514814,0
101881,2012-08-13,0.3302864847422721,1
101882,2012-08-13,0.20467544195109103,0
101883,2012-08-13,0.5911609557450472,0
101884,2012-08-13,0.15297749718311784,0
101885,2012-08-13,0.29092312483250354,1
101886,2012-08-13,0.36309753123151706,0
101887,2012-08-13,0.540783671825211,1
101888,2012-08-13,0.2121886590728844,1
101889,2012-08-13,0.28155437686304724,1
101890,2012-08-13,0.45176652515811283,1
101891,2012-08-13,0.39865741470847166,1
101892,2012-08-13,0.5153454946137541,1
101893,2012-08-13,0.2448865987872045,0
101894,2012-08-13,0.41837058561022206,0
101895,2012-08-13,0.384647755503844,1
101896,2012-08-13,0.3318603761662719,1
101897,2012-08-13,0.27987423246105636,0
101898,2012-08-13,0.49762515913936556,0
101899,2012-08-13,0.3786346000497052,1
101900,2012-08-13,0.4581979657133605,0
101901,2012-08-13,0.30370957823513034,1
101902,2012-08-13,0.365028392841126,0
101903,2012-08-13,0.13165640839471057,0
101904,2012-08-13,0.3003174467706785,0
101905,2012-08-13,0.5508778039710817,1
101906,2012-08-13,0.5116628412361385,1
101907,2012-08-13,0.17495694112674076,1
101908,2012-08-13,0.28165362057818294,1
101909,2012-08-13,0.14596420096858,0
101910,2012-08-13,0.2099083153658574,0
101911,2012-08-13,0.7281912248806494,1
101912,2012-08-13,0.3741677517933263,1
101913,2012-08-13,0.4931108547859083,0
101914,2012-08-13,0.17920207809629174,0
101915,2012-08-13,0.2087053774365265,0
101916,2012-08-13,0.1345672070304094,0
101917,2012-08-13,0.26431675345135786,0
101918,2012-08-13,0.47269980741681583,1
101919,2012-08-13,0.2591955403342308,0
101920,2012-08-13,0.3891192251170264,1
101921,2012-08-13,0.37252246909659764,0
101922,2012-08-13,0.365296951781896,0
101923,2012-08-13,0.24905249830083903,1
101924,2012-08-13,0.3705373378442501,1
101925,2012-08-13,0.3584965970361044,0
101926,2012-08-13,0.4002772014805963,0
101927,2012-08-13,0.2791282024334911,0
101928,2012-08-13,0.2144844329366964,1
101929,2012-08-13,0.2893818279100081,0
101930,2012-08-13,0.24754461764597727,0
101931,2012-08-13,0.35094690783741633,1
101932,2012-08-13,0.3198393770650706,0
101933,2012-08-13,0.2014165687535266,0
101934,2012-08-13,0.280866406060621,0
101935,2012-08-13,0.2678818903254048,0
101936,2012-08-13,0.17512852619887426,1
101937,2012-08-13,0.13859469059910162,0
101938,2012-08-13,0.37860414550413746,0
101939,2012-08-13,0.37551813862580496,1
101940,2012-08-13,0.6045877132705139,1
101941,2012-08-13,0.25524872376267027,0
101942,2012-08-13,0.40767089323921024,1
101943,2012-08-13,0.2998660318284912,0
101944,2012-08-13,0.19379630005346782,0
101945,2012-08-13,0.28887816362950586,0
101946,2012-08-13,0.7014222778299849,1
101947,2012-08-13,0.4530773668185536,1
101948,2012-08-13,0.2741904273638686,0
101949,2012-08-13,0.32396398780640334,1
101950,2012-08-13,0.336894492839648,0
101951,2012-08-13,0.49855715669406125,1
101952,2012-08-13,0.20387414094942607,0
101953,2012-08-13,0.3832560848704514,1
101954,2012-08-13,0.23308247750843109,0
101955,2012-08-13,0.3531565336088109,1
101956,2012-08-13,0.1655419485195776,0
101957,2012-08-13,0.6509327933870493,1
101958,2012-08-13,0.39337535938805873,1
101959,2012-08-13,0.14860630269710898,0
101960,2012-08-13,0.28190485067823956,0
101961,2012-08-13,0.32097062057584336,1
101962,2012-08-13,0.2955857348048021,0
101963,2012-08-13,0.3026577904847812,0
101964,2012-08-13,0.4631295502280597,0
101965,2012-08-13,0.5288383462736921,1
101966,2012-08-13,0.36619744791424735,1
101967,2012-08-13,0.2477827161684007,1
101968,2012-08-13,0.2563822076553179,1
101969,2012-08-13,0.35992067580898507,0
101970,2012-08-13,0.34020969508389176,1
101971,2012-08-13,0.37146326803219326,1
101972,2012-08-13,0.40777023074092134,1
101973,2012-08-13,0.3570649626437862,0
101974,2012-08-13,0.1625930807961792,0
101975,2012-08-13,0.40732578345739484,0
101976,2012-08-13,0.26079428659621956,0
101977,2012-08-13,0.21964594860186107,0
101978,2012-08-13,0.2893397766568602,0
101979,2012-08-13,0.5389525260416594,1
101980,2012-08-13,0.22931346137085348,0
101981,2012-08-13,0.39087589051135074,0
101982,2012-08-13,0.08622638037275387,0
101983,2012-08-13,0.42324985576712926,0
101984,2012-08-13,0.43906812498670256,0
101985,2012-08-13,0.6905804030879659,0
101986,2012-08-13,0.22822881128318967,1
101987,2012-08-13,0.5523191947414777,1
101988,2012-08-13,0.35562506582479514,0
101989,2012-08-13,0.155080099666744,1
101990,2012-08-13,0.5283800971444711,0
101991,2012-08-13,0.4534169244102878,0
101992,2012-08-13,0.31683195344776205,0
101993,2012-08-13,0.23271807929891164,1
101994,2012-08-13,0.3628939238293997,0
101995,2012-08-13,0.20810499298783525,0
101996,2012-08-13,0.3348170260813942,0
101997,2012-08-13,0.5346136959089418,0
101998,2012-08-13,0.2797893771798794,0
101999,2012-08-13,0.25871093930478034,0
102000,2012-08-13,0.4217957724760291,0
102001,2012-08-13,0.3895188387162192,1
102002,2012-08-13,0.50211719966481,0
102003,2012-08-13,0.3460596727840108,0
102004,2012-08-13,0.43920595480418606,0
102005,2012-08-13,0.13524209560706607,0
102006,2012-08-13,0.29139654366039075,1
102007,2012-08-13,0.5227337220629256,1
102008,2012-08-13,0.3330448956432198,0
102009,2012-08-13,0.4176825793769855,0
102010,2012-08-13,0.4037597859441202,1
102011,2012-08-13,0.5599769309750402,1
102012,2012-08-13,0.14795911861846492,0
102013,2012-08-13,0.37560719514199503,0
102014,2012-08-13,0.48278516180735936,0
102015,2012-08-13,0.3220036060538789,0
102016,2012-08-13,0.17768699001822824,0
102017,2012-08-13,0.16742985299438373,0
102018,2012-08-13,0.3701977961361213,1
102019,2012-08-13,0.17158069308854393,0
102020,2012-08-13,0.47186715726405226,1
102021,2012-08-13,0.3790553777874075,0
102022,2012-08-13,0.4296602056849774,1
102023,2012-08-13,0.5434737696079185,0
102024,2012-08-13,0.4483632498690908,1
102025,2012-08-13,0.124810460631111,0
102026,2012-08-13,0.3226816681399963,0
102027,2012-08-13,0.2339018892636342,0
102028,2012-08-13,0.18689831962930945,1
102029,2012-08-13,0.25963623365240723,0
102030,2012-08-13,0.45959979722015576,1
102031,2012-08-13,0.3150369504333784,0
102032,2012-08-13,0.29897234253674587,0
102033,2012-08-13,0.5941425417779359,0
102034,2012-08-13,0.2419253315097026,0
102035,2012-08-13,0.44600258321341124,0
102036,2012-08-13,0.5526111399595497,0
102037,2012-08-13,0.37232254571757933,1
102038,2012-08-13,0.3667259983429119,0
102039,2012-08-13,0.39876458980783913,0
102040,2012-08-13,0.4383132960584724,0
102041,2012-08-13,0.25038561198091164,0
102042,2012-08-13,0.5423176497378334,1
102043,2012-08-13,0.09022121754906257,0
102044,2012-08-13,0.42940948913210814,1
102045,2012-08-13,0.4639713833382044,1
102046,2012-08-13,0.36489272279559387,1
102047,2012-08-13,0.42404901662701583,1
102048,2012-08-13,0.4324820925099821,0
102049,2012-08-14,0.165929233078507,1
102050,2012-08-14,0.2834216397270735,0
102051,2012-08-14,0.14069388268738814,0
102052,2012-08-14,0.2693788983647175,0
102053,2012-08-14,0.11207858831236116,0
102054,2012-08-14,0.30803188198260806,1
102055,2012-08-14,0.3698912993398828,0
102056,2012-08-14,0.3116087726430482,1
102057,2012-08-14,0.23831042418916967,0
102058,2012-08-14,0.39012408034894175,0
102059,2012-08-14,0.22916790657492658,0
102060,2012-08-14,0.3176684543932033,0
102061,2012-08-14,0.2266249717592162,0
102062,2012-08-14,0.31498197805794054,0
102063,2012-08-14,0.34633799581407093,0
102064,2012-08-14,0.6829851746898998,1
102065,2012-08-14,0.22063646458776082,0
102066,2012-08-14,0.362750201153962,1
102067,2012-08-14,0.3705100665487003,1
102068,2012-08-14,0.2565064172173772,0
102069,2012-08-14,0.203510502973907,0
102070,2012-08-14,0.3113002387706183,1
102071,2012-08-14,0.32345122228261214,0
102072,2012-08-14,0.377749075054999,0
102073,2012-08-14,0.33386453168745983,0
102074,2012-08-14,0.2831992943153637,0
102075,2012-08-14,0.38051777196801184,1
102076,2012-08-14,0.21621772234923398,0
102077,2012-08-14,0.2038401893656131,0
102078,2012-08-14,0.2740721821342298,1
102079,2012-08-14,0.4393978616397958,0
102080,2012-08-14,0.2763643845301979,0
102081,2012-08-14,0.3878451891595124,0
102082,2012-08-14,0.3366076328510314,1
102083,2012-08-14,0.5088616673256522,0
102084,2012-08-14,0.18670379865118297,0
102085,2012-08-14,0.21879812672181942,0
102086,2012-08-14,0.35996613698204377,0
102087,2012-08-14,0.2275601860902258,0
102088,2012-08-14,0.1251812355784562,0
102089,2012-08-14,0.21630482162711523,0
102090,2012-08-14,0.6105078235084863,1
102091,2012-08-14,0.21163670658954425,0
102092,2012-08-14,0.5508201769235636,1
102093,2012-08-14,0.4174015705094149,1
102094,2012-08-14,0.4326883031300641,1
102095,2012-08-14,0.4782231945508791,1
102096,2012-08-14,0.4766773205318994,1
102097,2012-08-14,0.33616744861632764,0
102098,2012-08-14,0.4177337109229127,1
102099,2012-08-14,0.3432244653689138,0
102100,2012-08-14,0.6310767909987561,0
102101,2012-08-14,0.41085618152769265,0
102102,2012-08-14,0.20521865566436523,0
102103,2012-08-14,0.3908764468309735,0
102104,2012-08-14,0.43449645189393077,0
102105,2012-08-14,0.3752526686013933,0
102106,2012-08-14,0.34356062993026804,1
102107,2012-08-14,0.3363410632157142,0
102108,2012-08-14,0.24192346892240307,0
102109,2012-08-14,0.31205926329072053,0
102110,2012-08-14,0.40302307698806855,0
102111,2012-08-14,0.2793293941134078,0
102112,2012-08-14,0.2842909330510085,0
102113,2012-08-14,0.2872749460931714,0
102114,2012-08-14,0.2915055049331093,0
102115,2012-08-14,0.11378521020460419,0
102116,2012-08-14,0.4035085819200641,0
102117,2012-08-14,0.314131068226491,0
102118,2012-08-14,0.5166446211757992,1
102119,2012-08-14,0.5345516748444323,1
102120,2012-08-14,0.2707238521121832,0
102121,2012-08-14,0.40181017651069056,1
102122,2012-08-14,0.3977640294586043,1
102123,2012-08-14,0.23567553418811107,0
102124,2012-08-14,0.40554144825394445,0
102125,2012-08-14,0.3086349316480844,0
102126,2012-08-14,0.2157514021941858,1
102127,2012-08-14,0.5930408705226878,1
102128,2012-08-14,0.2066215654305138,0
102129,2012-08-14,0.45485132707718123,0
102130,2012-08-14,0.6334425460062534,1
102131,2012-08-14,0.44073917477697055,0
102132,2012-08-14,0.5942447032254594,1
102133,2012-08-14,0.23394640489444077,0
102134,2012-08-14,0.32795369883803815,1
102135,2012-08-14,0.45705932795891835,1
102136,2012-08-14,0.27864627498611616,0
102137,2012-08-14,0.1676343034079109,1
102138,2012-08-14,0.47902092094108184,0
102139,2012-08-14,0.4236904092178148,1
102140,2012-08-14,0.36942126883939175,1
102141,2012-08-14,0.5016213613232217,1
102142,2012-08-14,0.4076121467115454,0
102143,2012-08-14,0.37970263282822064,0
102144,2012-08-14,0.5123576136229651,1
102145,2012-08-14,0.5437388046795182,1
102146,2012-08-14,0.2410605865229912,0
102147,2012-08-14,0.38379631450381446,0
102148,2012-08-14,0.41478723435559334,0
102149,2012-08-14,0.4402976604190834,0
102150,2012-08-14,0.4364658246867285,0
102151,2012-08-14,0.31434138629276154,0
102152,2012-08-14,0.519506235683651,1
102153,2012-08-14,0.5611965898937634,0
102154,2012-08-14,0.33598365508800243,0
102155,2012-08-14,0.306536501802046,1
102156,2012-08-14,0.40541263617970247,0
102157,2012-08-14,0.2542841107685437,0
102158,2012-08-14,0.2651968969773009,1
102159,2012-08-14,0.3060390499839927,0
102160,2012-08-14,0.41279883296078496,0
102161,2012-08-14,0.3436120485016495,1
102162,2012-08-14,0.22007546459714494,0
102163,2012-08-14,0.14099744894455327,0
102164,2012-08-14,0.4483818899807878,0
102165,2012-08-14,0.3360710853583696,1
102166,2012-08-14,0.17858765207395658,0
102167,2012-08-14,0.2871618196045895,1
102168,2012-08-14,0.3534190331252576,1
102169,2012-08-14,0.32860501568295736,0
102170,2012-08-14,0.2512123711537082,0
102171,2012-08-14,0.27398431050077926,0
102172,2012-08-14,0.4594456857217672,0
102173,2012-08-14,0.4400962236929787,0
102174,2012-08-14,0.2672424269982039,0
102175,2012-08-14,0.2699995296170643,0
102176,2012-08-14,0.3156484033737739,0
102177,2012-08-14,0.6023109217078885,1
102178,2012-08-14,0.4396802090043873,0
102179,2012-08-14,0.1888663726609192,0
102180,2012-08-14,0.1896802762125978,0
102181,2012-08-14,0.12416888932697237,0
102182,2012-08-14,0.2628084005313745,1
102183,2012-08-14,0.47063341845770856,1
102184,2012-08-14,0.3026820454077463,0
102185,2012-08-14,0.42745093651797383,0
102186,2012-08-14,0.17403004855613702,0
102187,2012-08-14,0.3005103324731702,0
102188,2012-08-14,0.34110649858802694,0
102189,2012-08-14,0.3396461073980889,1
102190,2012-08-14,0.44999207767691973,1
102191,2012-08-14,0.22264726614481165,0
102192,2012-08-14,0.33818588657030807,0
102193,2012-08-14,0.43442366813387123,0
102194,2012-08-14,0.1589547516127807,0
102195,2012-08-14,0.23808849052499093,0
102196,2012-08-14,0.2228382846148434,0
102197,2012-08-14,0.3081912312854243,0
102198,2012-08-14,0.24959271665311308,0
102199,2012-08-14,0.1182692788972349,0
102200,2012-08-14,0.40401246578879035,0
102201,2012-08-14,0.1458998926540542,0
102202,2012-08-14,0.29343170994810985,1
102203,2012-08-14,0.43306820308669236,0
102204,2012-08-14,0.4319370277529838,1
102205,2012-08-14,0.20628922676248523,1
102206,2012-08-14,0.4689363436002823,1
102207,2012-08-14,0.43585680593717774,1
102208,2012-08-14,0.4760910117382198,1
102209,2012-08-14,0.2475221735464756,0
102210,2012-08-14,0.37039014524154196,1
102211,2012-08-14,0.3360671442323037,0
102212,2012-08-14,0.3795302645226241,0
102213,2012-08-14,0.4514577268115354,0
102214,2012-08-14,0.20439331837735136,0
102215,2012-08-14,0.29248328092080345,1
102216,2012-08-14,0.2500131770115712,0
102217,2012-08-14,0.47909131918242454,1
102218,2012-08-14,0.18240880656714922,0
102219,2012-08-14,0.22652360051634746,0
102220,2012-08-14,0.5548186239247245,1
102221,2012-08-14,0.16569813128892114,0
102222,2012-08-14,0.32536887852764973,0
102223,2012-08-14,0.1351309921800372,0
102224,2012-08-14,0.49132543862769945,1
102225,2012-08-14,0.5001233364330615,1
102226,2012-08-14,0.4532759509860079,1
102227,2012-08-14,0.33853032233133135,1
102228,2012-08-14,0.43831492140505,1
102229,2012-08-14,0.5413864379164527,1
102230,2012-08-14,0.39710154688527877,0
102231,2012-08-14,0.3977945501762278,0
102232,2012-08-14,0.12864811354893538,0
102233,2012-08-14,0.2998569925232886,0
102234,2012-08-14,0.41998843168939115,0
102235,2012-08-14,0.4123883275866097,1
102236,2012-08-14,0.33116420948082315,0
102237,2012-08-14,0.28563479329556934,0
102238,2012-08-14,0.31824178585439383,0
102239,2012-08-14,0.2634984534627707,0
102240,2012-08-14,0.31791008694781075,0
102241,2012-08-14,0.4631201641376594,1
102242,2012-08-14,0.45080687975620615,1
102243,2012-08-14,0.5400779573916864,1
102244,2012-08-14,0.6459894675304421,0
102245,2012-08-14,0.3448188373139481,0
102246,2012-08-14,0.4490973591738436,0
102247,2012-08-14,0.30206293589127625,0
102248,2012-08-14,0.48704577362842366,1
102249,2012-08-14,0.18410990665408544,0
102250,2012-08-14,0.30396643579924826,1
102251,2012-08-14,0.42263000434263304,1
102252,2012-08-14,0.5656032565084232,0
102253,2012-08-14,0.34330166214820557,0
102254,2012-08-14,0.4483242423917316,1
102255,2012-08-14,0.2615317199380888,0
102256,2012-08-14,0.2766250782762819,0
102257,2012-08-14,0.4169039808739558,1
102258,2012-08-14,0.5215693413299113,0
102259,2012-08-14,0.3490766906198416,0
102260,2012-08-14,0.3898243809351139,1
102261,2012-08-14,0.12659603282554813,0
102262,2012-08-14,0.3564450589635905,1
102263,2012-08-14,0.11761404364478659,0
102264,2012-08-14,0.2567415815295599,0
102265,2012-08-14,0.3475767034915523,0
102266,2012-08-14,0.2822585848883981,0
102267,2012-08-14,0.3722773664668976,0
102268,2012-08-14,0.15437940304958367,1
102269,2012-08-14,0.4365302272818857,1
102270,2012-08-14,0.2827230650240441,0
102271,2012-08-14,0.2889463357892099,0
102272,2012-08-14,0.3665791858790727,0
102273,2012-08-14,0.5450989817879561,1
102274,2012-08-14,0.30189447971825806,0
102275,2012-08-14,0.2062177523626772,0
102276,2012-08-14,0.367522400848893,0
102277,2012-08-14,0.33586557618533674,0
102278,2012-08-14,0.2713842619767314,1
102279,2012-08-14,0.46641592179896774,1
102280,2012-08-14,0.5031253653501935,1
102281,2012-08-14,0.15717886402279008,1
102282,2012-08-14,0.4246440938665229,1
102283,2012-08-14,0.10234491108656575,0
102284,2012-08-14,0.29718949881438184,0
102285,2012-08-14,0.24181300411277637,1
102286,2012-08-14,0.3579612119819479,0
102287,2012-08-14,0.43660692298997666,1
102288,2012-08-14,0.4384514460880397,1
102289,2012-08-14,0.14294132247785998,0
102290,2012-08-14,0.24683558296960673,1
102291,2012-08-14,0.3037384182289838,0
102292,2012-08-14,0.20680019012409653,0
102293,2012-08-14,0.5400114987166443,1
102294,2012-08-14,0.5400771623719591,0
102295,2012-08-14,0.37735097909777093,0
102296,2012-08-14,0.6718426084212662,1
102297,2012-08-14,0.27057663224213263,0
102298,2012-08-14,0.6119144879410431,1
102299,2012-08-14,0.39313216782917193,0
102300,2012-08-14,0.2982917244321412,0
102301,2012-08-14,0.5359374728809078,1
102302,2012-08-14,0.4633764728495721,0
102303,2012-08-14,0.4580080655457122,1
102304,2012-08-14,0.3767194913232886,0
102305,2012-08-14,0.3035866446582642,0
102306,2012-08-14,0.38967222054587447,1
102307,2012-08-14,0.27323969914185137,1
102308,2012-08-14,0.5940233605960443,1
102309,2012-08-14,0.434152000163492,0
102310,2012-08-14,0.4154566286566809,0
102311,2012-08-14,0.4101231039348654,0
102312,2012-08-14,0.44648561278583615,0
102313,2012-08-14,0.3602141078525328,0
102314,2012-08-14,0.24283895743874337,0
102315,2012-08-14,0.20355932410300062,0
102316,2012-08-14,0.37385757789913954,0
102317,2012-08-14,0.4911333721703795,0
102318,2012-08-14,0.6545109033380032,1
102319,2012-08-14,0.2604061091675262,1
102320,2012-08-14,0.2682619493350682,0
102321,2012-08-14,0.39544267284807466,0
102322,2012-08-14,0.2742390387092178,1
102323,2012-08-14,0.40017989998830966,1
102324,2012-08-14,0.2609236557074131,1
102325,2012-08-14,0.229793190897071,0
102326,2012-08-14,0.4146340827141598,0
102327,2012-08-14,0.2978404598202284,1
102328,2012-08-14,0.3328880782821374,0
102329,2012-08-14,0.49858065801801726,1
102330,2012-08-14,0.45758347272345345,1
102331,2012-08-14,0.27209433726029625,1
102332,2012-08-14,0.3065091649371772,1
102333,2012-08-14,0.34946196884171277,0
102334,2012-08-14,0.20594623213294147,0
102335,2012-08-14,0.28008149863636866,0
102336,2012-08-14,0.34445141208546226,1
102337,2012-08-14,0.199023732596701,0
102338,2012-08-14,0.3492373801713643,0
102339,2012-08-14,0.3560666179040425,1
102340,2012-08-14,0.3579451946223457,0
102341,2012-08-14,0.3837892223886057,0
102342,2012-08-14,0.14948636962113743,0
102343,2012-08-14,0.41401398027762754,1
102344,2012-08-14,0.4537390077305074,0
102345,2012-08-14,0.5036369496070392,0
102346,2012-08-14,0.32695334707299906,0
102347,2012-08-14,0.1363242495796409,0
102348,2012-08-14,0.5923942944390703,0
102349,2012-08-14,0.3981544696588976,1
102350,2012-08-14,0.36028266327881875,0
102351,2012-08-14,0.25559589831453067,0
102352,2012-08-14,0.13174663772005638,0
102353,2012-08-14,0.4555374887668217,1
102354,2012-08-14,0.31739231735043094,0
102355,2012-08-14,0.6071872840195031,1
102356,2012-08-14,0.451477297617385,0
102357,2012-08-14,0.31038355918320903,0
102358,2012-08-14,0.66395131141034,1
102359,2012-08-14,0.42191801446193633,1
102360,2012-08-14,0.3512806978445134,1
102361,2012-08-14,0.1895330078440827,0
102362,2012-08-14,0.2874241500466165,1
102363,2012-08-14,0.15117363445619417,0
102364,2012-08-14,0.2829909029943822,0
102365,2012-08-14,0.4353082937163158,0
102366,2012-08-14,0.2661666401588965,0
102367,2012-08-14,0.4840981218119876,1
102368,2012-08-14,0.4118791278963597,0
102369,2012-08-14,0.18389903591757015,0
102370,2012-08-14,0.3016863993133595,0
102371,2012-08-14,0.329756403923064,0
102372,2012-08-14,0.1733362997954249,0
102373,2012-08-14,0.571125473025445,0
102374,2012-08-14,0.19630138565570165,0
102375,2012-08-14,0.35915575851373077,1
102376,2012-08-14,0.2663665505524472,0
102377,2012-08-14,0.3721532340716918,0
102378,2012-08-14,0.30910734216870883,0
102379,2012-08-14,0.25953720549924697,0
102380,2012-08-14,0.1196939211588784,0
102381,2012-08-14,0.4776094926841978,1
102382,2012-08-14,0.332108506499904,0
102383,2012-08-14,0.4141976865925173,1
102384,2012-08-14,0.0985537916036851,0
102385,2012-08-14,0.4941742009444808,1
102386,2012-08-14,0.48666676980944984,1
102387,2012-08-14,0.40330570762202245,1
102388,2012-08-14,0.19820296082145383,0
102389,2012-08-14,0.3241823389006841,0
102390,2012-08-14,0.5529374059759354,1
102391,2012-08-14,0.3624440429276906,1
102392,2012-08-14,0.2970795680089197,0
102393,2012-08-14,0.3846656161273578,1
102394,2012-08-14,0.19211689416518843,0
102395,2012-08-14,0.43152456045671017,0
102396,2012-08-14,0.32319845203801123,0
102397,2012-08-14,0.294786173447965,0
102398,2012-08-14,0.21134012678716355,0
102399,2012-08-14,0.5199449742166029,1
102400,2012-08-14,0.25724560470425395,0
102401,2012-08-14,0.49643966812144324,0
102402,2012-08-14,0.3279288807414991,0
102403,2012-08-14,0.3817851165392071,1
102404,2012-08-14,0.18883022750727138,0
102405,2012-08-14,0.0798199681572375,0
102406,2012-08-14,0.2895511019863636,0
102407,2012-08-14,0.2343655014079375,0
102408,2012-08-14,0.29711239594547195,1
102409,2012-08-14,0.17306094640299777,0
102410,2012-08-14,0.5440762287963175,0
102411,2012-08-14,0.5284331109131003,1
102412,2012-08-14,0.10316994263382187,0
102413,2012-08-14,0.3824861511119781,0
102414,2012-08-14,0.3739503319784589,0
102415,2012-08-14,0.33781474646992454,0
102416,2012-08-14,0.44659396172638993,1
102417,2012-08-14,0.3309629817355313,0
102418,2012-08-14,0.4346631905330531,1
102419,2012-08-14,0.5422745473307405,1
102420,2012-08-14,0.3798258079022264,1
102421,2012-08-14,0.13691987329147876,0
102422,2012-08-14,0.14079056056016387,0
102423,2012-08-14,0.3961988366624475,0
102424,2012-08-14,0.22227726042266044,1
102425,2012-08-14,0.45643247969151984,1
102426,2012-08-14,0.21168245565704832,0
102427,2012-08-14,0.19998568417180027,0
102428,2012-08-14,0.3190766089505554,0
102429,2012-08-14,0.3309106494657511,0
102430,2012-08-14,0.14808497734813228,0
102431,2012-08-14,0.6092282996643493,1
102432,2012-08-14,0.4011710949402578,0
102433,2012-08-14,0.3641384238249074,0
102434,2012-08-14,0.23782927116972716,0
102435,2012-08-14,0.36506930924707837,0
102436,2012-08-14,0.4660624413352048,0
102437,2012-08-14,0.25721951451316727,0
102438,2012-08-14,0.31855092544266994,0
102439,2012-08-14,0.32382664052223376,0
102440,2012-08-14,0.3406153015198491,1
102441,2012-08-14,0.24532264014006486,1
102442,2012-08-14,0.31120654829433986,1
102443,2012-08-14,0.2878669843990446,0
102444,2012-08-14,0.4156918464121296,1
102445,2012-08-14,0.516554537786323,1
102446,2012-08-14,0.09329633665681922,0
102447,2012-08-14,0.18623376560201427,0
102448,2012-08-14,0.19185740057006626,0
102449,2012-08-14,0.26840170001037034,0
102450,2012-08-14,0.15157094349259373,0
102451,2012-08-14,0.31588813495308665,1
102452,2012-08-14,0.2100090426170029,0
102453,2012-08-14,0.36376573665091455,0
102454,2012-08-14,0.13580609474466038,0
102455,2012-08-14,0.5777552090420366,1
102456,2012-08-14,0.0837269030745241,0
102457,2012-08-14,0.6031738719420535,0
102458,2012-08-14,0.4387739161996097,1
102459,2012-08-14,0.5823482109275893,1
102460,2012-08-14,0.17528507883653832,0
102461,2012-08-14,0.5512124050104639,1
102462,2012-08-14,0.2717666404767876,0
102463,2012-08-14,0.3309731374170593,1
102464,2012-08-14,0.3451938563237542,0
102465,2012-08-14,0.14424064991265256,0
102466,2012-08-14,0.43474177135737463,1
102467,2012-08-14,0.3508452520366921,0
102468,2012-08-14,0.3956323311604713,0
102469,2012-08-14,0.25578291655329144,0
102470,2012-08-14,0.3178466184494931,0
102471,2012-08-14,0.17057561052631848,0
102472,2012-08-14,0.5389031137271403,1
102473,2012-08-14,0.5005662183293798,1
102474,2012-08-14,0.4618370610538168,0
102475,2012-08-14,0.21034686686256593,1
102476,2012-08-14,0.37657860710336605,1
102477,2012-08-14,0.25736316283455546,1
102478,2012-08-14,0.3432233949645012,0
102479,2012-08-14,0.2781539984448944,1
102480,2012-08-14,0.24011976167840277,0
102481,2012-08-14,0.39870388641772053,0
102482,2012-08-14,0.5502851274490204,1
102483,2012-08-14,0.14405016261205905,0
102484,2012-08-14,0.3529074640505648,0
102485,2012-08-14,0.29126522812378147,1
102486,2012-08-14,0.3069801937563329,0
102487,2012-08-14,0.38706405897658136,0
102488,2012-08-14,0.31340819384504487,0
102489,2012-08-14,0.45651490971751296,1
102490,2012-08-14,0.5562808755492611,1
102491,2012-08-14,0.5881918409464976,1
102492,2012-08-14,0.4180741400638476,0
102493,2012-08-14,0.4794078783741884,0
102494,2012-08-14,0.3643814090399739,1
102495,2012-08-14,0.48194486023313216,0
102496,2012-08-14,0.4524840123127247,0
102497,2012-08-14,0.48111399516664327,1
102498,2012-08-14,0.2714633200006387,0
102499,2012-08-14,0.4791018554308003,0
102500,2012-08-14,0.23717873775738713,0
102501,2012-08-14,0.20914993280204125,0
102502,2012-08-14,0.26862674263327974,0
102503,2012-08-14,0.4615772442256315,1
102504,2012-08-14,0.3424148068922449,1
102505,2012-08-14,0.26408054508847456,0
102506,2012-08-14,0.39495703088438316,1
102507,2012-08-14,0.14263355005275954,0
102508,2012-08-14,0.28432469967626717,1
102509,2012-08-14,0.19471072120621763,0
102510,2012-08-14,0.3900961109905015,1
102511,2012-08-14,0.3493175605257278,0
102512,2012-08-14,0.2208110040207811,0
102513,2012-08-15,0.3769951226136406,1
102514,2012-08-15,0.1825982323207331,1
102515,2012-08-15,0.31541437974467906,0
102516,2012-08-15,0.2429607030028096,1
102517,2012-08-15,0.39344055446003023,0
102518,2012-08-15,0.29447849158997863,0
102519,2012-08-15,0.42856873507264054,1
102520,2012-08-15,0.45700793079344443,1
102521,2012-08-15,0.5465173525688215,0
102522,2012-08-15,0.47945563780024186,0
102523,2012-08-15,0.3255379135442845,0
102524,2012-08-15,0.5716426225661948,1
102525,2012-08-15,0.4668932365411081,0
102526,2012-08-15,0.3768811286959628,0
102527,2012-08-15,0.48480723407944604,1
102528,2012-08-15,0.4113293135541537,0
102529,2012-08-15,0.3295640282681147,0
102530,2012-08-15,0.16060522161726923,0
102531,2012-08-15,0.22210458845322711,1
102532,2012-08-15,0.2085345539117326,0
102533,2012-08-15,0.4775618824778137,1
102534,2012-08-15,0.6843235635963207,1
102535,2012-08-15,0.47155548901961,0
102536,2012-08-15,0.392498678478096,1
102537,2012-08-15,0.251985159091189,0
102538,2012-08-15,0.33652903574646004,0
102539,2012-08-15,0.28796242362528635,0
102540,2012-08-15,0.5576560292029182,0
102541,2012-08-15,0.5114176547542082,0
102542,2012-08-15,0.22378528595181055,0
102543,2012-08-15,0.16025808417649698,0
102544,2012-08-15,0.4144935130605209,0
102545,2012-08-15,0.2853680363106868,0
102546,2012-08-15,0.47622810640156854,0
102547,2012-08-15,0.5661637079642439,1
102548,2012-08-15,0.45146412099368494,1
102549,2012-08-15,0.23578989661326438,0
102550,2012-08-15,0.383872294473394,0
102551,2012-08-15,0.2518541823109387,0
102552,2012-08-15,0.3563153977189211,1
102553,2012-08-15,0.26816200010204055,0
102554,2012-08-15,0.21391890911976966,0
102555,2012-08-15,0.4431376644083342,0
102556,2012-08-15,0.3887908769017002,0
102557,2012-08-15,0.3736595905723966,1
102558,2012-08-15,0.39729711519968575,1
102559,2012-08-15,0.42674654983026883,0
102560,2012-08-15,0.3262215525426135,0
102561,2012-08-15,0.5262574932133981,0
102562,2012-08-15,0.3618267374118538,0
102563,2012-08-15,0.4656008973523171,1
102564,2012-08-15,0.37982825493678407,0
102565,2012-08-15,0.27972128358720266,0
102566,2012-08-15,0.1309120851069614,0
102567,2012-08-15,0.3379976871145915,0
102568,2012-08-15,0.4781412623942592,1
102569,2012-08-15,0.27096375241272525,1
102570,2012-08-15,0.5766907980942648,1
102571,2012-08-15,0.33169330336272784,0
102572,2012-08-15,0.470304609941244,1
102573,2012-08-15,0.4260753184478963,0
102574,2012-08-15,0.5133269238466096,1
102575,2012-08-15,0.320203645059619,1
102576,2012-08-15,0.3453379764358634,1
102577,2012-08-15,0.4040434169608566,1
102578,2012-08-15,0.5147516872306808,1
102579,2012-08-15,0.36922775579548234,0
102580,2012-08-15,0.5561653242271256,0
102581,2012-08-15,0.6549888376942558,0
102582,2012-08-15,0.37499634085096484,0
102583,2012-08-15,0.40218563154681286,1
102584,2012-08-15,0.3287093972365138,0
102585,2012-08-15,0.5787179082096544,1
102586,2012-08-15,0.45056106241775795,0
102587,2012-08-15,0.20750248247764755,0
102588,2012-08-15,0.4708130334945471,0
102589,2012-08-15,0.40379491063995837,0
102590,2012-08-15,0.30999960125897813,0
102591,2012-08-15,0.34146041088196427,0
102592,2012-08-15,0.4601994632739676,1
102593,2012-08-15,0.44996988659977083,0
102594,2012-08-15,0.3319480838325325,0
102595,2012-08-15,0.21844694422509972,0
102596,2012-08-15,0.24609847808844174,0
102597,2012-08-15,0.3711793841757167,0
102598,2012-08-15,0.2516255079143622,1
102599,2012-08-15,0.292732794824752,0
102600,2012-08-15,0.2700877534692424,0
102601,2012-08-15,0.43687360487959165,1
102602,2012-08-15,0.07767163404283282,0
102603,2012-08-15,0.5063819628083892,0
102604,2012-08-15,0.5786013284907282,1
102605,2012-08-15,0.19100698610820924,0
102606,2012-08-15,0.3184738198379197,1
102607,2012-08-15,0.3770105019586955,1
102608,2012-08-15,0.4697414066907215,1
102609,2012-08-15,0.6885292787214982,0
102610,2012-08-15,0.5895023523632771,1
102611,2012-08-15,0.5235437897442017,1
102612,2012-08-15,0.331910104345407,0
102613,2012-08-15,0.3739523672405172,0
102614,2012-08-15,0.37739250170666144,0
102615,2012-08-15,0.43374296937520407,1
102616,2012-08-15,0.42115324217146466,0
102617,2012-08-15,0.2916651784541819,1
102618,2012-08-15,0.4774342944313069,0
102619,2012-08-15,0.24327812998429627,0
102620,2012-08-15,0.29654895278953397,1
102621,2012-08-15,0.4907303154972796,0
102622,2012-08-15,0.49770284723620506,1
102623,2012-08-15,0.3496683178280745,0
102624,2012-08-15,0.35554160888657715,0
102625,2012-08-15,0.32676304453198535,0
102626,2012-08-15,0.37515304375249875,1
102627,2012-08-15,0.3660593947959029,1
102628,2012-08-15,0.47004842423458115,1
102629,2012-08-15,0.3208745706231584,1
102630,2012-08-15,0.10979003169665734,0
102631,2012-08-15,0.34800729132100133,0
102632,2012-08-15,0.09817715012396938,1
102633,2012-08-15,0.32134485426313775,1
102634,2012-08-15,0.3994257667903827,0
102635,2012-08-15,0.3539460651381804,0
102636,2012-08-15,0.3819143551179903,0
102637,2012-08-15,0.40816208785785163,0
102638,2012-08-15,0.25687011894118217,0
102639,2012-08-15,0.4860456146438468,0
102640,2012-08-15,0.3574150948022667,0
102641,2012-08-15,0.25681143086736297,0
102642,2012-08-15,0.38750401870612733,1
102643,2012-08-15,0.3165807592951814,0
102644,2012-08-15,0.40422414972921583,1
102645,2012-08-15,0.28868770565187396,1
102646,2012-08-15,0.33217428942703564,1
102647,2012-08-15,0.41671122079441253,0
102648,2012-08-15,0.5934105713086522,1
102649,2012-08-15,0.524760656548958,1
102650,2012-08-15,0.23049167868231638,0
102651,2012-08-15,0.5574318516220877,0
102652,2012-08-15,0.4007402285779006,1
102653,2012-08-15,0.49074601260395856,1
102654,2012-08-15,0.4369932833962967,1
102655,2012-08-15,0.5063946830279598,1
102656,2012-08-15,0.2760920925729684,1
102657,2012-08-15,0.3858050507167425,0
102658,2012-08-15,0.4594877371447492,1
102659,2012-08-15,0.47598236261291904,0
102660,2012-08-15,0.2793073204907798,0
102661,2012-08-15,0.38449278969497463,0
102662,2012-08-15,0.38909854153563284,1
102663,2012-08-15,0.19256115886689829,0
102664,2012-08-15,0.5612174605122028,1
102665,2012-08-15,0.32365590163862373,0
102666,2012-08-15,0.2293758656194265,0
102667,2012-08-15,0.46274934750819047,1
102668,2012-08-15,0.13804685322168977,0
102669,2012-08-15,0.25490487386850624,0
102670,2012-08-15,0.19726045159595443,0
102671,2012-08-15,0.6362667042736636,0
102672,2012-08-15,0.2531893467690562,1
102673,2012-08-15,0.40805554155676504,0
102674,2012-08-15,0.3812667912340036,1
102675,2012-08-15,0.4614658724688733,1
102676,2012-08-15,0.40303580892817914,0
102677,2012-08-15,0.2162226994571051,1
102678,2012-08-15,0.30806203759685064,0
102679,2012-08-15,0.42917900580660723,1
102680,2012-08-15,0.28850942293966353,0
102681,2012-08-15,0.10933882525203874,0
102682,2012-08-15,0.39359465262946197,0
102683,2012-08-15,0.6403024190437763,0
102684,2012-08-15,0.43926268212849096,0
102685,2012-08-15,0.3011153522345189,0
102686,2012-08-15,0.3968528690237814,1
102687,2012-08-15,0.30808941811066165,1
102688,2012-08-15,0.4590382535815743,1
102689,2012-08-15,0.2913176762947574,1
102690,2012-08-15,0.5041305075834767,0
102691,2012-08-15,0.37645724875807823,1
102692,2012-08-15,0.1954791955342945,0
102693,2012-08-15,0.2472609514821526,0
102694,2012-08-15,0.34646721221925886,0
102695,2012-08-15,0.17732926779362151,0
102696,2012-08-15,0.2078127012048421,0
102697,2012-08-15,0.35522901498342335,0
102698,2012-08-15,0.3059563647438859,1
102699,2012-08-15,0.35352703551256376,0
102700,2012-08-15,0.2919250651048996,1
102701,2012-08-15,0.6197894373958025,1
102702,2012-08-15,0.32141262891086336,1
102703,2012-08-15,0.2133277077414474,0
102704,2012-08-15,0.2893987855265032,0
102705,2012-08-15,0.372964465483799,0
102706,2012-08-15,0.3830166154951604,0
102707,2012-08-15,0.4692123232499515,0
102708,2012-08-15,0.5892113886624345,1
102709,2012-08-15,0.43832264176377334,0
102710,2012-08-15,0.16889779780860512,0
102711,2012-08-15,0.31432376594331524,1
102712,2012-08-15,0.4336501275591951,0
102713,2012-08-15,0.305253956655454,0
102714,2012-08-15,0.6016460385208037,1
102715,2012-08-15,0.31510076648481034,0
102716,2012-08-15,0.22654811733084337,0
102717,2012-08-15,0.4815813280919416,0
102718,2012-08-15,0.2372351826455098,0
102719,2012-08-15,0.17662293232045093,0
102720,2012-08-15,0.5584207792769151,0
102721,2012-08-15,0.22776252159296784,0
102722,2012-08-15,0.2729992159758367,1
102723,2012-08-15,0.19992581769070303,0
102724,2012-08-15,0.3758841857528814,0
102725,2012-08-15,0.6209752617240213,1
102726,2012-08-15,0.2288408481956026,0
102727,2012-08-15,0.5238960331006873,1
102728,2012-08-15,0.13353039568500538,0
102729,2012-08-15,0.49650185134793046,0
102730,2012-08-15,0.3626929808900906,0
102731,2012-08-15,0.31634640195496116,1
102732,2012-08-15,0.34848630128580826,0
102733,2012-08-15,0.29550025906942884,1
102734,2012-08-15,0.4508163197335693,1
102735,2012-08-15,0.4638700312940789,0
102736,2012-08-15,0.23894558457492612,0
102737,2012-08-15,0.2804395470612379,0
102738,2012-08-15,0.39370822396614036,1
102739,2012-08-15,0.373540860411637,1
102740,2012-08-15,0.40725607196192726,1
102741,2012-08-15,0.2517375758328026,0
102742,2012-08-15,0.5553377403230009,0
102743,2012-08-15,0.5179655409719319,0
102744,2012-08-15,0.3782011779180767,0
102745,2012-08-15,0.19937607406559796,0
102746,2012-08-15,0.6418670250283315,1
102747,2012-08-15,0.6576904096264408,1
102748,2012-08-15,0.23020600984940115,0
102749,2012-08-15,0.5175642954543632,1
102750,2012-08-15,0.18717796913497506,1
102751,2012-08-15,0.24896433910417734,1
102752,2012-08-15,0.30825866047730566,0
102753,2012-08-15,0.34591903444573935,0
102754,2012-08-15,0.13501593293635641,0
102755,2012-08-15,0.3407076370787385,0
102756,2012-08-15,0.12394349627516399,0
102757,2012-08-15,0.2208562212188749,1
102758,2012-08-15,0.17230747849181727,0
102759,2012-08-15,0.5193419418165549,0
102760,2012-08-15,0.5841052461498064,0
102761,2012-08-15,0.5216791414993807,1
102762,2012-08-15,0.5959746784685194,1
102763,2012-08-15,0.3570073342222396,1
102764,2012-08-15,0.2233588002650504,0
102765,2012-08-15,0.21847685223915003,0
102766,2012-08-15,0.2633069323428217,0
102767,2012-08-15,0.24261439815894925,1
102768,2012-08-15,0.458569798089045,1
102769,2012-08-15,0.48064957940029557,1
102770,2012-08-15,0.2637603685034055,0
102771,2012-08-15,0.3014487306914322,1
102772,2012-08-15,0.16353769738389803,0
102773,2012-08-15,0.3554481504644113,1
102774,2012-08-15,0.3065378760727613,0
102775,2012-08-15,0.1156323845558746,0
102776,2012-08-15,0.25902640313137,0
102777,2012-08-15,0.18054349633900355,1
102778,2012-08-15,0.29635712222836547,0
102779,2012-08-15,0.38922846708190173,0
102780,2012-08-15,0.39143644855293225,0
102781,2012-08-15,0.3092351038788628,0
102782,2012-08-15,0.2682404373691866,0
102783,2012-08-15,0.29588477728552565,0
102784,2012-08-15,0.1799612391715845,1
102785,2012-08-15,0.3362804005072328,1
102786,2012-08-15,0.24346657449565529,1
102787,2012-08-15,0.3887295565241595,0
102788,2012-08-15,0.6092429908622559,1
102789,2012-08-15,0.3601866718239807,0
102790,2012-08-15,0.49002071799932106,0
102791,2012-08-15,0.4752841112700034,1
102792,2012-08-15,0.45817441344549076,0
102793,2012-08-15,0.32798251896763425,0
102794,2012-08-15,0.15535848859345128,0
102795,2012-08-15,0.19867424331712893,1
102796,2012-08-15,0.46405210438593036,1
102797,2012-08-15,0.4782488088856047,0
102798,2012-08-15,0.4193581478195236,0
102799,2012-08-15,0.3050875737399044,1
102800,2012-08-15,0.5029386501489111,1
102801,2012-08-15,0.30910616321956863,0
102802,2012-08-15,0.32831442512651005,1
102803,2012-08-15,0.36604818947926593,0
102804,2012-08-15,0.2419133281690969,0
102805,2012-08-15,0.20757689389657044,0
102806,2012-08-15,0.19576512340113558,0
102807,2012-08-15,0.3944319358231602,0
102808,2012-08-15,0.33807481612262746,0
102809,2012-08-15,0.28042026221806887,0
102810,2012-08-15,0.4593943661786387,1
102811,2012-08-15,0.4318711789326532,0
102812,2012-08-15,0.4668196619107469,1
102813,2012-08-15,0.3043713253200533,1
102814,2012-08-15,0.31678811113114014,1
102815,2012-08-15,0.2896044690000623,0
102816,2012-08-15,0.23452592261132976,1
102817,2012-08-15,0.3525205725897913,0
102818,2012-08-15,0.3063245598137397,0
102819,2012-08-15,0.24580325290075222,0
102820,2012-08-15,0.11068899139211567,0
102821,2012-08-15,0.3378458477463424,1
102822,2012-08-15,0.5874706183044354,1
102823,2012-08-15,0.526727644856278,0
102824,2012-08-15,0.2180188576485911,1
102825,2012-08-15,0.32324116201620984,1
102826,2012-08-15,0.6213513641339333,1
102827,2012-08-15,0.2886964488753349,0
102828,2012-08-15,0.27345521668895845,0
102829,2012-08-15,0.2780130717716643,0
102830,2012-08-15,0.38477511834130645,1
102831,2012-08-15,0.39655145638755074,1
102832,2012-08-15,0.11992710586126575,1
102833,2012-08-15,0.19675893833020133,0
102834,2012-08-15,0.27021345032386046,1
102835,2012-08-15,0.46106407759975254,1
102836,2012-08-15,0.46929177016488327,1
102837,2012-08-15,0.23693554148170037,0
102838,2012-08-15,0.3819591642386332,1
102839,2012-08-15,0.24728704523559014,0
102840,2012-08-15,0.383288065627889,1
102841,2012-08-15,0.5398833247741726,0
102842,2012-08-15,0.3375936508035803,1
102843,2012-08-15,0.2597127895856362,0
102844,2012-08-15,0.4117396881788938,0
102845,2012-08-15,0.14661794775371648,0
102846,2012-08-15,0.37893500864455204,0
102847,2012-08-15,0.4314504074977639,1
102848,2012-08-15,0.5214082846061423,1
102849,2012-08-15,0.32256614746474893,1
102850,2012-08-15,0.3832848125521897,1
102851,2012-08-15,0.19825834330343162,0
102852,2012-08-15,0.1658207767681801,0
102853,2012-08-15,0.37826380743266164,0
102854,2012-08-15,0.20789244462590312,0
102855,2012-08-15,0.2076022358338313,0
102856,2012-08-15,0.43795119896837553,1
102857,2012-08-15,0.45622518415363644,0
102858,2012-08-15,0.33169662662874505,1
102859,2012-08-15,0.389553684930007,1
102860,2012-08-15,0.5053372172949305,1
102861,2012-08-15,0.5546045952545166,1
102862,2012-08-15,0.26134301322418346,0
102863,2012-08-15,0.31070574083236246,0
102864,2012-08-15,0.22270061516449716,0
102865,2012-08-15,0.4903246028940572,0
102866,2012-08-15,0.3108687288353786,0
102867,2012-08-15,0.1540441966429113,1
102868,2012-08-15,0.49692063729749,0
102869,2012-08-15,0.5067922235633877,1
102870,2012-08-15,0.36495322047555356,0
102871,2012-08-15,0.27126837001336196,0
102872,2012-08-15,0.245848486406042,1
102873,2012-08-16,0.43342066418924213,1
102874,2012-08-16,0.37564507831854077,0
102875,2012-08-16,0.5072653956683301,0
102876,2012-08-16,0.325743488343409,1
102877,2012-08-16,0.3642602873969964,0
102878,2012-08-16,0.3179042823492445,0
102879,2012-08-16,0.3398289841650724,0
102880,2012-08-16,0.5700189920253259,0
102881,2012-08-16,0.1196358285397347,0
102882,2012-08-16,0.3390677353760897,0
102883,2012-08-16,0.23914186308188773,1
102884,2012-08-16,0.2852599842649283,0
102885,2012-08-16,0.4508825703742282,1
102886,2012-08-16,0.2555037587702948,0
102887,2012-08-16,0.2336798262665707,0
102888,2012-08-16,0.21890813532421313,0
102889,2012-08-16,0.15348119566523874,1
102890,2012-08-16,0.24747745670371601,0
102891,2012-08-16,0.2157698161558249,0
102892,2012-08-16,0.37087619372901104,0
102893,2012-08-16,0.25430797158988994,0
102894,2012-08-16,0.20668470264136105,0
102895,2012-08-16,0.301971950090279,0
102896,2012-08-16,0.5323048665294536,0
102897,2012-08-16,0.388806156389255,1
102898,2012-08-16,0.4075742269901789,0
102899,2012-08-16,0.5296856480240131,0
102900,2012-08-16,0.4725941044425245,0
102901,2012-08-16,0.40071094465868856,0
102902,2012-08-16,0.2579435062053176,1
102903,2012-08-16,0.23402533024952032,0
102904,2012-08-16,0.4584005544025634,0
102905,2012-08-16,0.260929705537278,0
102906,2012-08-16,0.40739881438291164,0
102907,2012-08-16,0.16501497346431318,0
102908,2012-08-16,0.45819770649209113,1
102909,2012-08-16,0.38062039517745033,0
102910,2012-08-16,0.6124480525189578,1
102911,2012-08-16,0.3005260350660888,0
102912,2012-08-16,0.12034486399960716,0
102913,2012-08-16,0.3437600108559525,1
102914,2012-08-16,0.28908642823409114,0
102915,2012-08-16,0.16131708781457432,0
102916,2012-08-16,0.19836403443260972,0
102917,2012-08-16,0.4283151289587092,0
102918,2012-08-16,0.2180105359636553,0
102919,2012-08-16,0.4370142398854282,0
102920,2012-08-16,0.3243499576305374,1
102921,2012-08-16,0.2608029243856373,0
102922,2012-08-16,0.23174856658169218,0
102923,2012-08-16,0.4065950632342441,0
102924,2012-08-16,0.09071951308766106,0
102925,2012-08-16,0.26481552217643906,1
102926,2012-08-16,0.20645572881408814,0
102927,2012-08-16,0.36336244042279014,1
102928,2012-08-16,0.20275077312851073,0
102929,2012-08-16,0.47862020370028735,0
102930,2012-08-16,0.1925648740074273,0
102931,2012-08-16,0.21373269703304154,0
102932,2012-08-16,0.28556331692198017,0
102933,2012-08-16,0.38390564095937096,0
102934,2012-08-16,0.3752306599941332,1
102935,2012-08-16,0.3632855076211147,1
102936,2012-08-16,0.4010246672617164,0
102937,2012-08-16,0.42755245145507714,0
102938,2012-08-16,0.4440267902582458,1
102939,2012-08-16,0.08908404123470948,1
102940,2012-08-16,0.4457801314947453,1
102941,2012-08-16,0.319343372276934,0
102942,2012-08-16,0.2619191119825208,0
102943,2012-08-16,0.441427161565083,1
102944,2012-08-16,0.39081976589257555,0
102945,2012-08-16,0.5051383181001307,1
102946,2012-08-16,0.37207566273310627,1
102947,2012-08-16,0.3733946645307842,0
102948,2012-08-16,0.22592657841962016,0
102949,2012-08-16,0.20976482851434877,0
102950,2012-08-16,0.41160277017107405,0
102951,2012-08-16,0.4727441278885183,1
102952,2012-08-16,0.5272458221066415,1
102953,2012-08-16,0.2644173513337248,0
102954,2012-08-16,0.2035284385606201,0
102955,2012-08-16,0.43976907612409966,0
102956,2012-08-16,0.26277703529905705,1
102957,2012-08-16,0.3301699012473827,0
102958,2012-08-16,0.06462404916731677,0
102959,2012-08-16,0.36976680469987405,1
102960,2012-08-16,0.2885230523721175,0
102961,2012-08-16,0.40808750573256136,1
102962,2012-08-16,0.14948902663845828,0
102963,2012-08-16,0.6729826065279866,1
102964,2012-08-16,0.44351218567017686,1
102965,2012-08-16,0.46336013922262476,0
102966,2012-08-16,0.33633805222458585,1
102967,2012-08-16,0.27017711239161957,0
102968,2012-08-16,0.13560801183429333,1
102969,2012-08-16,0.5052566943665232,0
102970,2012-08-16,0.27758412413551026,0
102971,2012-08-16,0.41458804685472883,0
102972,2012-08-16,0.20688083099422766,0
102973,2012-08-16,0.4262579362736561,0
102974,2012-08-16,0.21566229407552406,0
102975,2012-08-16,0.12032500109923926,0
102976,2012-08-16,0.18892653395010875,1
102977,2012-08-16,0.34495445000822234,0
102978,2012-08-16,0.28836221221838804,1
102979,2012-08-16,0.6094491945114241,1
102980,2012-08-16,0.4375309680773211,0
102981,2012-08-16,0.22991696559772948,1
102982,2012-08-16,0.31467375065332237,0
102983,2012-08-16,0.30362735374958666,0
102984,2012-08-16,0.22611734793476748,0
102985,2012-08-16,0.43237518454374835,1
102986,2012-08-16,0.5565290781407866,0
102987,2012-08-16,0.2895519818974406,0
102988,2012-08-16,0.315770575900917,0
102989,2012-08-16,0.3898673090363121,1
102990,2012-08-16,0.4960929796272469,0
102991,2012-08-16,0.28021516403781266,1
102992,2012-08-16,0.5066159915403343,1
102993,2012-08-16,0.5442114722426933,1
102994,2012-08-16,0.3419633010510788,1
102995,2012-08-16,0.2601938465830087,0
102996,2012-08-16,0.22332153154530535,1
102997,2012-08-16,0.5012549940873485,0
102998,2012-08-16,0.4272270726767035,0
102999,2012-08-16,0.11179680327324686,0
103000,2012-08-16,0.41918637950019555,0
103001,2012-08-16,0.21214439585312078,1
103002,2012-08-16,0.25778575242768254,1
103003,2012-08-16,0.329696439594107,0
103004,2012-08-16,0.1989063414567294,0
103005,2012-08-16,0.3559700372234268,0
103006,2012-08-16,0.39435710542173386,0
103007,2012-08-16,0.2336816371284943,0
103008,2012-08-16,0.35877404606861985,0
103009,2012-08-16,0.47322815061351764,1
103010,2012-08-16,0.1297883429086867,0
103011,2012-08-16,0.2758054383239748,0
103012,2012-08-16,0.43700016335512737,1
103013,2012-08-16,0.35890446034758344,0
103014,2012-08-16,0.3079720858156655,0
103015,2012-08-16,0.5305976034795663,1
103016,2012-08-16,0.33643714410828446,0
103017,2012-08-16,0.3546599439123129,1
103018,2012-08-16,0.3858071684498852,0
103019,2012-08-16,0.3187169422489225,0
103020,2012-08-16,0.44691979746731564,1
103021,2012-08-16,0.40317834088411963,0
103022,2012-08-16,0.22067796536430206,1
103023,2012-08-16,0.26464363253726575,0
103024,2012-08-16,0.1744070714174728,0
103025,2012-08-16,0.3405879835510089,1
103026,2012-08-16,0.377514304654387,0
103027,2012-08-16,0.3828647545157633,0
103028,2012-08-16,0.34337060211525133,0
103029,2012-08-16,0.3145789658600863,0
103030,2012-08-16,0.19255589463967543,0
103031,2012-08-16,0.5356254654006488,1
103032,2012-08-16,0.2426079711836457,0
103033,2012-08-16,0.15735845226958003,0
103034,2012-08-16,0.25581666642765666,0
103035,2012-08-16,0.3282266697445087,0
103036,2012-08-16,0.2132535855055726,0
103037,2012-08-16,0.2730045802896496,0
103038,2012-08-16,0.19994664617382818,0
103039,2012-08-16,0.23191006928894742,0
103040,2012-08-16,0.17760374769758847,0
103041,2012-08-16,0.13809445652189692,0
103042,2012-08-16,0.31790322740054355,1
103043,2012-08-16,0.3064571001162004,0
103044,2012-08-16,0.42761035203035513,0
103045,2012-08-16,0.20332795550857094,0
103046,2012-08-16,0.5047448925854121,1
103047,2012-08-16,0.3068869508533512,0
103048,2012-08-16,0.23246597558104268,0
103049,2012-08-16,0.35626298515047367,0
103050,2012-08-16,0.34296566096414777,0
103051,2012-08-16,0.37885768664228076,0
103052,2012-08-16,0.16508635992513454,0
103053,2012-08-16,0.3298225467471167,0
103054,2012-08-16,0.2674200629375188,0
103055,2012-08-16,0.22613873567869514,0
103056,2012-08-16,0.3855972199524432,1
103057,2012-08-16,0.4374468090845695,0
103058,2012-08-16,0.47128752512588623,0
103059,2012-08-16,0.398293138097612,1
103060,2012-08-16,0.4604633511699921,0
103061,2012-08-16,0.26975025375391815,0
103062,2012-08-16,0.4583502975301573,1
103063,2012-08-16,0.24639694548378613,0
103064,2012-08-16,0.22977518087254428,1
103065,2012-08-16,0.2006481665629398,0
103066,2012-08-16,0.23251580728970309,1
103067,2012-08-16,0.4054190925214818,1
103068,2012-08-16,0.2500677543751631,1
103069,2012-08-16,0.35346978959112,1
103070,2012-08-16,0.29799353317116817,0
103071,2012-08-16,0.5011205098549348,1
103072,2012-08-16,0.6064098304478875,0
103073,2012-08-16,0.47420975164499635,1
103074,2012-08-16,0.44580175549702,0
103075,2012-08-16,0.4030825821650436,1
103076,2012-08-16,0.35496092401783236,1
103077,2012-08-16,0.4445305806353694,1
103078,2012-08-16,0.45289644689177044,1
103079,2012-08-16,0.11208806042183445,0
103080,2012-08-16,0.21524486125764128,0
103081,2012-08-16,0.3546469055035895,1
103082,2012-08-16,0.1615117730171482,0
103083,2012-08-16,0.45454644549075374,1
103084,2012-08-16,0.3540569251465533,0
103085,2012-08-16,0.525740159872844,1
103086,2012-08-16,0.22658384513183716,1
103087,2012-08-16,0.5686184059504708,1
103088,2012-08-16,0.30527106125989717,0
103089,2012-08-16,0.21258846165135392,0
103090,2012-08-16,0.2805568206556652,0
103091,2012-08-16,0.5265680701525907,1
103092,2012-08-16,0.35284672193594707,1
103093,2012-08-16,0.34419406715279777,1
103094,2012-08-16,0.32007819782181174,0
103095,2012-08-16,0.2565549028199527,0
103096,2012-08-16,0.5354435880038179,1
103097,2012-08-16,0.23373873591954145,0
103098,2012-08-16,0.3042561638328019,0
103099,2012-08-16,0.17995200468961525,1
103100,2012-08-16,0.374500690325926,0
103101,2012-08-16,0.3078544288048272,0
103102,2012-08-16,0.4001082202741609,1
103103,2012-08-16,0.2541187880085266,0
103104,2012-08-16,0.4246424814030145,1
103105,2012-08-16,0.22671371189879783,0
103106,2012-08-16,0.6095119511856177,1
103107,2012-08-16,0.380914070488307,0
103108,2012-08-16,0.2366097944753601,0
103109,2012-08-16,0.14359578304119447,0
103110,2012-08-16,0.61626454581039,1
103111,2012-08-16,0.23770223447612018,0
103112,2012-08-16,0.30393854338173953,0
103113,2012-08-16,0.2999090753000164,0
103114,2012-08-16,0.4465571766090216,1
103115,2012-08-16,0.4567773228968393,0
103116,2012-08-16,0.32481298978008055,1
103117,2012-08-16,0.5704263332635976,1
103118,2012-08-16,0.3324544342918295,0
103119,2012-08-16,0.5701587951532563,1
103120,2012-08-16,0.27008816592639673,0
103121,2012-08-16,0.43686427599756433,0
103122,2012-08-16,0.2861550735882361,0
103123,2012-08-16,0.4066170454348932,0
103124,2012-08-16,0.20202607743083334,1
103125,2012-08-16,0.3283848514137617,0
103126,2012-08-16,0.37388942359318317,0
103127,2012-08-16,0.47056861284899065,0
103128,2012-08-16,0.22935293484868358,0
103129,2012-08-16,0.5835915330302727,1
103130,2012-08-16,0.37236886332327507,1
103131,2012-08-16,0.3216116588384172,0
103132,2012-08-16,0.17753248709895525,0
103133,2012-08-16,0.19280081689255615,0
103134,2012-08-16,0.37546547500470523,0
103135,2012-08-16,0.32664625664112157,1
103136,2012-08-16,0.2053123821517691,0
103137,2012-08-16,0.36866810810118367,1
103138,2012-08-16,0.3471597368438082,0
103139,2012-08-16,0.44888019722551725,1
103140,2012-08-16,0.21705735940373863,1
103141,2012-08-16,0.5290636894789476,0
103142,2012-08-16,0.10168879098353642,0
103143,2012-08-16,0.4222865708391397,1
103144,2012-08-16,0.22189533879821866,0
103145,2012-08-16,0.34828356325878007,1
103146,2012-08-16,0.25521317164280977,0
103147,2012-08-16,0.41440233715846586,1
103148,2012-08-16,0.40730912165033056,0
103149,2012-08-16,0.2160128899817727,1
103150,2012-08-16,0.7137524773206141,1
103151,2012-08-16,0.18258917209561218,1
103152,2012-08-16,0.2516592001497474,0
103153,2012-08-16,0.42327903920987725,0
103154,2012-08-16,0.32900700476859646,1
103155,2012-08-16,0.3743727273047884,0
103156,2012-08-16,0.32617211432419246,1
103157,2012-08-16,0.39346844212145415,1
103158,2012-08-16,0.6851386911126992,0
103159,2012-08-16,0.2905275372366486,0
103160,2012-08-16,0.4481838369453231,0
103161,2012-08-16,0.2049455723768857,0
103162,2012-08-16,0.26907124518730985,0
103163,2012-08-16,0.4463494168619663,0
103164,2012-08-16,0.46843744554392164,0
103165,2012-08-16,0.13414395885968336,0
103166,2012-08-16,0.4419979973714606,1
103167,2012-08-16,0.2465942728315937,0
103168,2012-08-16,0.44565339478926475,1
103169,2012-08-16,0.24103274022768106,0
103170,2012-08-16,0.3870547927394783,0
103171,2012-08-16,0.4199059818952642,0
103172,2012-08-16,0.3364612865608589,0
103173,2012-08-16,0.35138062058922237,0
103174,2012-08-16,0.4652402365433693,1
103175,2012-08-16,0.30027080149423646,0
103176,2012-08-16,0.3465799818376373,0
103177,2012-08-16,0.31875998050369114,1
103178,2012-08-16,0.4530195832515095,1
103179,2012-08-16,0.5714628288250349,1
103180,2012-08-16,0.3679419293017983,0
103181,2012-08-16,0.2764169693361261,0
103182,2012-08-16,0.23257823841990757,1
103183,2012-08-16,0.2308873431794113,0
103184,2012-08-16,0.27732404657883647,0
103185,2012-08-16,0.3627793600001704,0
103186,2012-08-16,0.2049014445605048,0
103187,2012-08-16,0.4703656477453343,0
103188,2012-08-16,0.4185610499509994,1
103189,2012-08-16,0.4059314656920938,0
103190,2012-08-16,0.3400577843585902,1
103191,2012-08-16,0.5760855855489985,1
103192,2012-08-16,0.20665334934354374,0
103193,2012-08-16,0.17802097619513027,0
103194,2012-08-16,0.6591729635387333,1
103195,2012-08-16,0.40343673299327504,0
103196,2012-08-16,0.3345483596148433,1
103197,2012-08-16,0.2991157380280592,0
103198,2012-08-16,0.4549782149129509,0
103199,2012-08-16,0.39442470362065046,0
103200,2012-08-16,0.1492515446842984,1
103201,2012-08-16,0.46211887787654626,0
103202,2012-08-16,0.3329611706886199,0
103203,2012-08-16,0.36702788264635783,1
103204,2012-08-16,0.570619939888952,0
103205,2012-08-16,0.15888096775656518,0
103206,2012-08-16,0.37797425570105153,1
103207,2012-08-16,0.16361775420552252,0
103208,2012-08-16,0.3879425072286048,1
103209,2012-08-16,0.5249179414085079,1
103210,2012-08-16,0.22241569470559985,0
103211,2012-08-16,0.5574028528695228,1
103212,2012-08-16,0.466840893538108,0
103213,2012-08-16,0.46599082700590466,1
103214,2012-08-16,0.40056505275853177,0
103215,2012-08-16,0.24496846748591783,0
103216,2012-08-16,0.22998528214998107,0
103217,2012-08-16,0.3710330652871238,0
103218,2012-08-16,0.3678221733089026,0
103219,2012-08-16,0.24917647814470184,0
103220,2012-08-16,0.30628950845815256,0
103221,2012-08-16,0.5922442984328686,1
103222,2012-08-16,0.36138522140654983,1
103223,2012-08-16,0.46033186445555574,0
103224,2012-08-16,0.45384311077239964,0
103225,2012-08-16,0.3889428464214257,1
103226,2012-08-16,0.09350603163190697,0
103227,2012-08-16,0.20482702035420394,0
103228,2012-08-16,0.3508396357287594,1
103229,2012-08-16,0.30265760935678226,0
103230,2012-08-16,0.2989518700078606,1
103231,2012-08-16,0.49841107298569937,1
103232,2012-08-16,0.2729288236648383,0
103233,2012-08-16,0.2935279872478523,1
103234,2012-08-16,0.5088982916636348,0
103235,2012-08-16,0.25068715513706596,0
103236,2012-08-16,0.53174204474195,1
103237,2012-08-16,0.3451067532558575,1
103238,2012-08-16,0.06175287460396395,0
103239,2012-08-16,0.41558503470971414,0
103240,2012-08-16,0.1782713334674509,0
103241,2012-08-16,0.36113791377700166,1
103242,2012-08-16,0.38280771965527544,1
103243,2012-08-16,0.315576110038432,0
103244,2012-08-16,0.3144669511261539,0
103245,2012-08-17,0.39935109318042505,0
103246,2012-08-17,0.45751875401449593,1
103247,2012-08-17,0.5674406397882397,1
103248,2012-08-17,0.5237173221016552,0
103249,2012-08-17,0.31906431080346875,1
103250,2012-08-17,0.6317108558954571,1
103251,2012-08-17,0.3740248736366753,1
103252,2012-08-17,0.4782016247419529,0
103253,2012-08-17,0.36428208940479206,0
103254,2012-08-17,0.29093349599253576,0
103255,2012-08-17,0.4381885082441433,1
103256,2012-08-17,0.3157026756938967,0
103257,2012-08-17,0.22721697386208034,0
103258,2012-08-17,0.20360941142263753,0
103259,2012-08-17,0.24294071440907608,0
103260,2012-08-17,0.5210809897869526,0
103261,2012-08-17,0.23109714436473267,1
103262,2012-08-17,0.34742944273340426,0
103263,2012-08-17,0.1463192474495541,0
103264,2012-08-17,0.360633783307988,0
103265,2012-08-17,0.5361015994257361,0
103266,2012-08-17,0.21013869522106157,1
103267,2012-08-17,0.33584491520800897,1
103268,2012-08-17,0.27895508887968906,0
103269,2012-08-17,0.3678327948717027,0
103270,2012-08-17,0.1160162182839171,0
103271,2012-08-17,0.376148641515763,0
103272,2012-08-17,0.33347617357920967,0
103273,2012-08-17,0.4777999765338641,0
103274,2012-08-17,0.2526949705088243,0
103275,2012-08-17,0.3347771256544557,0
103276,2012-08-17,0.5122521501338657,1
103277,2012-08-17,0.31219671377947805,1
103278,2012-08-17,0.1962149930513262,0
103279,2012-08-17,0.23747479436333344,0
103280,2012-08-17,0.3061640632925851,0
103281,2012-08-17,0.45704423857957616,1
103282,2012-08-17,0.40532435772587966,0
103283,2012-08-17,0.2567445123957399,1
103284,2012-08-17,0.1884887299725907,0
103285,2012-08-17,0.2651077384253849,0
103286,2012-08-17,0.3989691941603497,0
103287,2012-08-17,0.23480841243552716,0
103288,2012-08-17,0.1470048778225073,0
103289,2012-08-17,0.3277029051771223,0
103290,2012-08-17,0.39324076012061576,0
103291,2012-08-17,0.47827668723167405,1
103292,2012-08-17,0.5369333919433276,1
103293,2012-08-17,0.42872016275508623,0
103294,2012-08-17,0.3917681762975658,1
103295,2012-08-17,0.36388158701912254,1
103296,2012-08-17,0.4727550809929281,0
103297,2012-08-17,0.47680794711814506,1
103298,2012-08-17,0.41858590971917625,0
103299,2012-08-17,0.32910990322422295,1
103300,2012-08-17,0.37350290588954466,0
103301,2012-08-17,0.37131237108486675,1
103302,2012-08-17,0.32601141290244,0
103303,2012-08-17,0.18138990661169746,0
103304,2012-08-17,0.08472363549018337,0
103305,2012-08-17,0.39347837886785897,0
103306,2012-08-17,0.4115899723603636,0
103307,2012-08-17,0.23106687882573082,0
103308,2012-08-17,0.32818498612763924,0
103309,2012-08-17,0.2551218240901772,0
103310,2012-08-17,0.3317942630422734,0
103311,2012-08-17,0.37202323630480705,0
103312,2012-08-17,0.24140531431911083,0
103313,2012-08-17,0.38865293426684316,0
103314,2012-08-17,0.10919886829528304,0
103315,2012-08-17,0.418244241024266,1
103316,2012-08-17,0.2364301336073043,0
103317,2012-08-17,0.4834723904019056,1
103318,2012-08-17,0.40732144499413747,1
103319,2012-08-17,0.3087179320687344,0
103320,2012-08-17,0.2596497841107602,0
103321,2012-08-17,0.37390849396087095,0
103322,2012-08-17,0.4633659594198228,0
103323,2012-08-17,0.40269288941828313,1
103324,2012-08-17,0.339566502597667,0
103325,2012-08-17,0.3723389316983443,0
103326,2012-08-17,0.39275513165045983,1
103327,2012-08-17,0.45361217652432495,0
103328,2012-08-17,0.5937766537302858,1
103329,2012-08-17,0.4613774847123728,1
103330,2012-08-17,0.616799960593592,0
103331,2012-08-17,0.6355522024018093,0
103332,2012-08-17,0.7142558192797634,1
103333,2012-08-17,0.19536277622508189,1
103334,2012-08-17,0.31575025586393707,0
103335,2012-08-17,0.23413825547920403,0
103336,2012-08-17,0.34011586335855554,1
103337,2012-08-17,0.11354035017184815,0
103338,2012-08-17,0.28294544688224926,1
103339,2012-08-17,0.6307909648290417,1
103340,2012-08-17,0.5458600079350501,1
103341,2012-08-17,0.2725888552024966,0
103342,2012-08-17,0.509423185085569,0
103343,2012-08-17,0.2406889536384248,1
103344,2012-08-17,0.27382976336651027,0
103345,2012-08-17,0.3423380618788967,0
103346,2012-08-17,0.3448216331616918,1
103347,2012-08-17,0.2590004961518919,0
103348,2012-08-17,0.2069131467798043,0
103349,2012-08-17,0.48503152062395644,1
103350,2012-08-17,0.35621024504762105,0
103351,2012-08-17,0.40037033411551987,0
103352,2012-08-17,0.24616696097490437,0
103353,2012-08-17,0.500442867181746,0
103354,2012-08-17,0.39504782824258766,1
103355,2012-08-17,0.44686385010332835,1
103356,2012-08-17,0.25152643535458036,1
103357,2012-08-17,0.24660461481877904,0
103358,2012-08-17,0.24009338848853387,1
103359,2012-08-17,0.2438514716874756,1
103360,2012-08-17,0.44658616716285116,0
103361,2012-08-17,0.455404389832599,1
103362,2012-08-17,0.6760816796374818,1
103363,2012-08-17,0.33590310030973747,1
103364,2012-08-17,0.2663056928656924,0
103365,2012-08-17,0.4701773420545547,1
103366,2012-08-17,0.3483707101014264,0
103367,2012-08-17,0.4281601929380712,1
103368,2012-08-17,0.7066467157269949,0
103369,2012-08-17,0.5986490301412155,1
103370,2012-08-17,0.07398869075818981,0
103371,2012-08-17,0.35405342506970455,0
103372,2012-08-17,0.12318944903920642,0
103373,2012-08-17,0.37518711796423315,1
103374,2012-08-17,0.1357716387122913,1
103375,2012-08-17,0.3365768907211951,1
103376,2012-08-17,0.410721259482673,0
103377,2012-08-17,0.34076039594924706,1
103378,2012-08-17,0.24518682381312978,1
103379,2012-08-17,0.18566147210831013,0
103380,2012-08-17,0.40088863995250473,0
103381,2012-08-17,0.34819652355313657,1
103382,2012-08-17,0.2830518393380908,1
103383,2012-08-17,0.5389390261583568,1
103384,2012-08-17,0.4649718053136762,1
103385,2012-08-17,0.41322617625572866,1
103386,2012-08-18,0.28421568215701437,0
103387,2012-08-18,0.5294176350853239,1
103388,2012-08-18,0.48547303562772315,0
103389,2012-08-18,0.3915843916327608,1
103390,2012-08-18,0.30363982727417876,0
103391,2012-08-18,0.18156661239165595,0
103392,2012-08-18,0.3810074232938854,1
103393,2012-08-18,0.37933203565429485,0
103394,2012-08-18,0.29921492967447916,0
103395,2012-08-18,0.33396345946511274,0
103396,2012-08-18,0.4066276619151964,0
103397,2012-08-18,0.3935303904798425,0
103398,2012-08-18,0.5713298381096283,1
103399,2012-08-18,0.2776533728814776,0
103400,2012-08-18,0.2628142956257251,0
103401,2012-08-18,0.31164396927014654,0
103402,2012-08-18,0.5290849969140233,1
103403,2012-08-18,0.3231855636961113,0
103404,2012-08-18,0.3869642642423971,0
103405,2012-08-18,0.41484029038905307,0
103406,2012-08-18,0.6234334287698561,1
103407,2012-08-18,0.19929803073099145,0
103408,2012-08-18,0.369037511704065,0
103409,2012-08-18,0.27146871347346463,0
103410,2012-08-18,0.39732530909875724,0
103411,2012-08-18,0.6529972373766997,1
103412,2012-08-18,0.32101296908665194,0
103413,2012-08-18,0.3970634478246781,1
103414,2012-08-18,0.3946362540657303,0
103415,2012-08-18,0.2025824847522279,0
103416,2012-08-18,0.3300013678915931,0
103417,2012-08-18,0.35128872787741616,1
103418,2012-08-18,0.5785497169928908,0
103419,2012-08-18,0.27883273974154027,1
103420,2012-08-18,0.18879717430574036,0
103421,2012-08-18,0.4531322464600786,0
103422,2012-08-18,0.29304511827316854,1
103423,2012-08-18,0.46221762016803397,1
103424,2012-08-18,0.3041029289122398,1
103425,2012-08-18,0.34427107734912393,1
103426,2012-08-18,0.48247828947338234,1
103427,2012-08-18,0.17968811351872643,0
103428,2012-08-18,0.22237608349474705,1
103429,2012-08-18,0.2919414007624141,0
103430,2012-08-18,0.44191569183367535,0
103431,2012-08-18,0.19508803751040937,0
103432,2012-08-18,0.5253827283268935,0
103433,2012-08-18,0.38366348671744077,1
103434,2012-08-18,0.3868798882403951,1
103435,2012-08-18,0.34149786567656487,0
103436,2012-08-18,0.28154724216383753,1
103437,2012-08-18,0.17935557505513303,0
103438,2012-08-18,0.304673503284778,0
103439,2012-08-18,0.42499111419649777,1
103440,2012-08-18,0.32768725643748786,0
103441,2012-08-18,0.2488838341709711,1
103442,2012-08-18,0.21246653014330466,0
103443,2012-08-18,0.3247078044630584,1
103444,2012-08-18,0.7180751710261519,0
103445,2012-08-18,0.337275611482305,1
103446,2012-08-18,0.617437172999141,0
103447,2012-08-18,0.179015797336101,0
103448,2012-08-18,0.3736162856230152,1
103449,2012-08-18,0.15998732416834682,0
103450,2012-08-18,0.24901938048230693,0
103451,2012-08-18,0.46499134296295547,1
103452,2012-08-18,0.7515079881940075,1
103453,2012-08-18,0.2653364884757637,1
103454,2012-08-18,0.4182326379874724,0
103455,2012-08-18,0.35811503133665706,1
103456,2012-08-18,0.2424631022578335,0
103457,2012-08-18,0.3420543460538865,1
103458,2012-08-18,0.32585290323778343,0
103459,2012-08-18,0.21010538507820498,0
103460,2012-08-18,0.4833440541541992,1
103461,2012-08-18,0.4610756906770428,0
103462,2012-08-18,0.5775752269937606,1
103463,2012-08-18,0.5826092718845534,1
103464,2012-08-18,0.08992371891984666,0
103465,2012-08-18,0.3760824998907043,0
103466,2012-08-18,0.33140465359263305,0
103467,2012-08-18,0.37424183987199267,0
103468,2012-08-18,0.20675858070911302,0
103469,2012-08-18,0.2325030947612215,0
103470,2012-08-18,0.42529023824180107,1
103471,2012-08-18,0.2585728313474104,0
103472,2012-08-18,0.4247606836631687,0
103473,2012-08-18,0.25825261778524755,0
103474,2012-08-18,0.615495760889059,0
103475,2012-08-18,0.3854204134741267,1
103476,2012-08-18,0.13138609691229292,0
103477,2012-08-18,0.25844910481280675,1
103478,2012-08-18,0.4362544963456715,0
103479,2012-08-18,0.4090032123714475,1
103480,2012-08-18,0.24404013240881564,0
103481,2012-08-18,0.38384601343316915,0
103482,2012-08-18,0.13224232513150114,0
103483,2012-08-18,0.5612760406199249,1
103484,2012-08-18,0.3827053229504823,1
103485,2012-08-18,0.22042085052591553,1
103486,2012-08-18,0.3963307576855905,0
103487,2012-08-18,0.43811728787045534,0
103488,2012-08-18,0.16029684146832152,0
103489,2012-08-18,0.27284183822974745,0
103490,2012-08-18,0.16396877525529566,1
103491,2012-08-18,0.319554377272351,0
103492,2012-08-18,0.3218401597693958,1
103493,2012-08-18,0.5235302126125839,1
103494,2012-08-18,0.2546764498531889,0
103495,2012-08-18,0.3065654038682003,0
103496,2012-08-18,0.2793081567739573,1
103497,2012-08-18,0.3574764394232326,0
103498,2012-08-18,0.314180907150016,0
103499,2012-08-18,0.3618137908509594,1
103500,2012-08-18,0.29303675159162346,0
103501,2012-08-18,0.260158516153534,0
103502,2012-08-18,0.14450651834579994,0
103503,2012-08-18,0.20273068171929723,0
103504,2012-08-18,0.2142599963126527,0
103505,2012-08-18,0.35329538122997023,0
103506,2012-08-18,0.3134588865388358,0
103507,2012-08-18,0.450379622373671,0
103508,2012-08-18,0.1957214097431117,0
103509,2012-08-18,0.3751848721807422,0
103510,2012-08-18,0.31311040062611306,1
103511,2012-08-18,0.2226438392558019,0
103512,2012-08-18,0.35933486824730276,0
103513,2012-08-18,0.11474047073620566,0
103514,2012-08-18,0.37472712620740667,1
103515,2012-08-18,0.29583330604968155,0
103516,2012-08-18,0.4354614700450297,0
103517,2012-08-18,0.4003257324659773,0
103518,2012-08-18,0.6218210857448743,0
103519,2012-08-18,0.27172729118517686,0
103520,2012-08-18,0.2993537101642943,1
103521,2012-08-18,0.30749958881505474,0
103522,2012-08-18,0.3653328306177341,0
103523,2012-08-18,0.45652609758054163,1
103524,2012-08-18,0.4151447381052845,1
103525,2012-08-18,0.4372736618037245,1
103526,2012-08-18,0.2197209844819323,0
103527,2012-08-18,0.3737697533511928,1
103528,2012-08-18,0.2266015720818702,0
103529,2012-08-18,0.1784450983808564,0
103530,2012-08-18,0.26626796840750677,0
103531,2012-08-18,0.35240598609114876,0
103532,2012-08-18,0.43298320288452025,0
103533,2012-08-18,0.26656644828299314,0
103534,2012-08-18,0.5406004373623884,1
103535,2012-08-18,0.3429391691383127,0
103536,2012-08-18,0.4327822111657744,1
103537,2012-08-18,0.2843280150726123,1
103538,2012-08-18,0.3553157741418653,0
103539,2012-08-18,0.2102218061173179,0
103540,2012-08-18,0.7140913492545193,0
103541,2012-08-18,0.4780681904001104,1
103542,2012-08-18,0.3545095754382,1
103543,2012-08-18,0.34113760657901215,1
103544,2012-08-18,0.5083102077524116,1
103545,2012-08-18,0.23540608407936123,1
103546,2012-08-18,0.5214766069317437,0
103547,2012-08-18,0.24679343121816422,0
103548,2012-08-18,0.656461477774323,1
103549,2012-08-18,0.39175674515896103,0
103550,2012-08-18,0.44229367236086253,0
103551,2012-08-18,0.07756022339667415,0
103552,2012-08-18,0.36364040455795704,0
103553,2012-08-18,0.47258241132376444,0
103554,2012-08-18,0.5386790421657247,1
103555,2012-08-18,0.2277535058440001,0
103556,2012-08-18,0.3631976065768786,0
103557,2012-08-18,0.1416489688201736,0
103558,2012-08-18,0.30103652182199625,1
103559,2012-08-18,0.09802446956807025,0
103560,2012-08-18,0.3522818055294745,1
103561,2012-08-18,0.17091631519582462,0
103562,2012-08-18,0.18888198509179663,0
103563,2012-08-18,0.06202148879491327,0
103564,2012-08-18,0.3301795606807008,1
103565,2012-08-18,0.43853337590828345,0
103566,2012-08-18,0.18371715520812248,0
103567,2012-08-18,0.41759721032065955,1
103568,2012-08-18,0.34806669480920305,0
103569,2012-08-18,0.40084905306788765,0
103570,2012-08-18,0.5573456013087003,1
103571,2012-08-18,0.25351964947856176,0
103572,2012-08-18,0.4194705004998326,1
103573,2012-08-18,0.6384398043567048,0
103574,2012-08-18,0.3266374862314227,1
103575,2012-08-18,0.43255606882530734,1
103576,2012-08-18,0.5200023125479686,1
103577,2012-08-18,0.19880881666534153,0
103578,2012-08-18,0.377397433950586,0
103579,2012-08-18,0.22411326113016933,0
103580,2012-08-18,0.32990842936406445,0
103581,2012-08-18,0.34708456764167933,0
103582,2012-08-18,0.4100311238707838,0
103583,2012-08-18,0.1418184432126273,0
103584,2012-08-18,0.17092263886070394,0
103585,2012-08-18,0.44773705545611464,0
103586,2012-08-18,0.19418095850473394,0
103587,2012-08-18,0.2579480997180575,0
103588,2012-08-18,0.2917624962345993,0
103589,2012-08-18,0.3442640487440693,1
103590,2012-08-18,0.4438153943768847,1
103591,2012-08-18,0.2660102153335439,0
103592,2012-08-18,0.3116144524420377,0
103593,2012-08-18,0.5874933717507025,1
103594,2012-08-18,0.33430596349097647,1
103595,2012-08-18,0.42322001245546875,1
103596,2012-08-18,0.490240400365252,1
103597,2012-08-18,0.4937598938852517,1
103598,2012-08-18,0.37664415406638774,1
103599,2012-08-18,0.5319583655310092,0
103600,2012-08-18,0.2586466730080321,0
103601,2012-08-18,0.3162469935576271,0
103602,2012-08-18,0.4284474292570452,0
103603,2012-08-18,0.35399374629994806,1
103604,2012-08-18,0.44535701625437785,1
103605,2012-08-18,0.23357025693656688,0
103606,2012-08-18,0.445499786966941,1
103607,2012-08-18,0.163896327493287,0
103608,2012-08-18,0.181990943297536,0
103609,2012-08-18,0.2694023152778912,0
103610,2012-08-18,0.519559521520692,0
103611,2012-08-18,0.2547843268064923,0
103612,2012-08-18,0.339094157371019,0
103613,2012-08-18,0.47096052445923847,1
103614,2012-08-18,0.48753529480575647,0
103615,2012-08-18,0.4279025455858458,1
103616,2012-08-18,0.5576282590140312,0
103617,2012-08-18,0.14661614956059524,0
103618,2012-08-18,0.2674596646913577,0
103619,2012-08-18,0.2430628294171934,0
103620,2012-08-18,0.3975067188051081,0
103621,2012-08-18,0.18654802699314346,0
103622,2012-08-18,0.19224831303222273,0
103623,2012-08-18,0.18060092057290883,0
103624,2012-08-18,0.24390496176338847,1
103625,2012-08-18,0.37238095896304885,1
103626,2012-08-18,0.23133137672696108,1
103627,2012-08-18,0.2282024346282202,1
103628,2012-08-18,0.4800078576027246,0
103629,2012-08-19,0.45132062471365547,0
103630,2012-08-19,0.13919485912391066,0
103631,2012-08-19,0.38563743347557444,1
103632,2012-08-19,0.2602115229453489,0
103633,2012-08-19,0.35992671347637334,1
103634,2012-08-19,0.3273419628525498,0
103635,2012-08-19,0.2796584302714763,0
103636,2012-08-19,0.3711810903939819,0
103637,2012-08-19,0.3636228974885581,1
103638,2012-08-19,0.31483475963268603,0
103639,2012-08-19,0.2514810791210235,1
103640,2012-08-19,0.24744373242779666,1
103641,2012-08-19,0.3127714077102574,0
103642,2012-08-19,0.403591457058982,0
103643,2012-08-19,0.29193294098625844,0
103644,2012-08-19,0.3143872460328345,1
103645,2012-08-19,0.33869779747469,1
103646,2012-08-19,0.2930078913299536,0
103647,2012-08-19,0.5194420397473204,0
103648,2012-08-19,0.18312580489637384,0
103649,2012-08-19,0.4532565153901641,0
103650,2012-08-19,0.5717681626014048,1
103651,2012-08-19,0.2970763020238036,0
103652,2012-08-19,0.25381354777941745,0
103653,2012-08-19,0.45082199808220397,0
103654,2012-08-19,0.44694749068398726,1
103655,2012-08-19,0.3195790013032968,0
103656,2012-08-19,0.4060701363956005,1
103657,2012-08-19,0.47447500812083093,1
103658,2012-08-19,0.284018593519469,0
103659,2012-08-19,0.21865753932914983,0
103660,2012-08-19,0.36158730577781917,0
103661,2012-08-19,0.28862911124579793,1
103662,2012-08-19,0.42161969219983725,1
103663,2012-08-19,0.23128232111781571,1
103664,2012-08-19,0.40806152145889346,0
103665,2012-08-19,0.6795290072515175,1
103666,2012-08-19,0.41856607050278527,1
103667,2012-08-19,0.3965706621818417,1
103668,2012-08-19,0.533851077563702,0
103669,2012-08-19,0.36912823651394544,1
103670,2012-08-19,0.3265912410768815,0
103671,2012-08-19,0.2297556725796763,0
103672,2012-08-19,0.5170685742800748,1
103673,2012-08-19,0.2940452915548625,1
103674,2012-08-19,0.5894857937814412,0
103675,2012-08-19,0.19220626275172215,0
103676,2012-08-19,0.35860808896136803,0
103677,2012-08-19,0.20824861177888324,0
103678,2012-08-19,0.241519515219765,0
103679,2012-08-19,0.38486255973797756,0
103680,2012-08-19,0.22289954220157207,1
103681,2012-08-19,0.3185017934093694,0
103682,2012-08-19,0.29189118097312916,0
103683,2012-08-19,0.33974487542217036,0
103684,2012-08-19,0.24307747843673208,0
103685,2012-08-19,0.315726876314727,0
103686,2012-08-19,0.18693580525680395,1
103687,2012-08-19,0.23051602540865568,1
103688,2012-08-19,0.596555664515027,0
103689,2012-08-19,0.45151692332382454,0
103690,2012-08-19,0.36918000668023665,0
103691,2012-08-19,0.40748321725028586,1
103692,2012-08-19,0.16917917207410593,0
103693,2012-08-19,0.22143064269974927,1
103694,2012-08-19,0.3271012595107869,0
103695,2012-08-19,0.21532976573815563,0
103696,2012-08-19,0.3404155031542451,1
103697,2012-08-19,0.21320781823387858,0
103698,2012-08-19,0.5270854241891157,1
103699,2012-08-19,0.39283886682780267,0
103700,2012-08-19,0.4488539768487801,1
103701,2012-08-19,0.11750309347034796,0
103702,2012-08-19,0.29493113856616693,1
103703,2012-08-19,0.3444772127031557,0
103704,2012-08-19,0.32825291197785056,0
103705,2012-08-19,0.4464483694481342,1
103706,2012-08-19,0.3240250167617164,0
103707,2012-08-19,0.11694825057971642,0
103708,2012-08-19,0.3403136621450289,0
103709,2012-08-19,0.6512923581175262,1
103710,2012-08-19,0.3187938647282356,0
103711,2012-08-19,0.4255048139609255,1
103712,2012-08-19,0.4644537130372458,1
103713,2012-08-19,0.41532266712849003,1
103714,2012-08-19,0.5550084569799929,1
103715,2012-08-19,0.2256507450150195,0
103716,2012-08-19,0.32399700522855185,0
103717,2012-08-19,0.2891457180053979,0
103718,2012-08-19,0.3118157144106497,0
103719,2012-08-19,0.4432152560600458,0
103720,2012-08-19,0.4633657342513159,0
103721,2012-08-19,0.25427376039253013,1
103722,2012-08-19,0.2630037097303676,0
103723,2012-08-19,0.585541994553819,1
103724,2012-08-19,0.36439660468151897,0
103725,2012-08-19,0.26083565343464105,1
103726,2012-08-19,0.29638143964997976,1
103727,2012-08-19,0.3595384529875432,1
103728,2012-08-19,0.3211658176761061,0
103729,2012-08-19,0.3775193654130398,1
103730,2012-08-19,0.1754799146995951,0
103731,2012-08-19,0.2387771342069964,0
103732,2012-08-19,0.5161907539516674,1
103733,2012-08-19,0.3112561758637847,1
103734,2012-08-19,0.38016478195007125,1
103735,2012-08-19,0.2896036379758972,0
103736,2012-08-19,0.44460982865260673,0
103737,2012-08-19,0.27741236975921346,0
103738,2012-08-19,0.5229666896614915,0
103739,2012-08-19,0.13192307504843026,0
103740,2012-08-19,0.3278656323517886,0
103741,2012-08-19,0.23982583364030316,0
103742,2012-08-19,0.42843125131718407,1
103743,2012-08-19,0.2725743909357433,0
103744,2012-08-19,0.22678620519645537,1
103745,2012-08-19,0.44734228941606824,1
103746,2012-08-19,0.30794662142722445,1
103747,2012-08-19,0.31940580397992874,1
103748,2012-08-19,0.1612462473729695,0
103749,2012-08-19,0.43874607477069477,1
103750,2012-08-19,0.5436834219770438,1
103751,2012-08-19,0.4731007852734122,0
103752,2012-08-19,0.29595457254717844,0
103753,2012-08-19,0.3525838742102895,0
103754,2012-08-19,0.07819396750524889,0
103755,2012-08-19,0.44087835268623904,1
103756,2012-08-19,0.3954805142060856,0
103757,2012-08-19,0.5189450078641972,1
103758,2012-08-19,0.3723957213835188,0
103759,2012-08-19,0.2762373550027373,0
103760,2012-08-19,0.38103836245477274,0
103761,2012-08-19,0.13333313567791924,0
103762,2012-08-19,0.28643051251071955,0
103763,2012-08-19,0.19935498895511278,0
103764,2012-08-19,0.37488496475939986,1
103765,2012-08-19,0.28433907801616337,0
103766,2012-08-19,0.2446201970741993,0
103767,2012-08-19,0.3012552559526147,1
103768,2012-08-19,0.30695375490354415,0
103769,2012-08-19,0.1809944682270805,0
103770,2012-08-19,0.176338964829913,0
103771,2012-08-19,0.49701392258243027,0
103772,2012-08-19,0.34801982366406226,0
103773,2012-08-19,0.17245985588549895,0
103774,2012-08-19,0.18977231390491764,0
103775,2012-08-19,0.6340527883462492,1
103776,2012-08-19,0.3984906177305531,1
103777,2012-08-19,0.18618555665945896,1
103778,2012-08-19,0.3753013950968842,0
103779,2012-08-19,0.3273872736453021,1
103780,2012-08-19,0.47379918364862567,1
103781,2012-08-19,0.22892351131641792,0
103782,2012-08-19,0.5396418799287936,1
103783,2012-08-19,0.3355106875552566,0
103784,2012-08-19,0.3133983507814542,0
103785,2012-08-19,0.5616727524673882,1
103786,2012-08-19,0.3006215125997558,0
103787,2012-08-19,0.21838453201264205,1
103788,2012-08-19,0.4917253934822657,1
103789,2012-08-19,0.342891382725088,1
103790,2012-08-19,0.3996804807999906,0
103791,2012-08-19,0.2949115442669148,1
103792,2012-08-19,0.3538497734396796,1
103793,2012-08-19,0.18726172082236478,0
103794,2012-08-19,0.4487441754336984,0
103795,2012-08-19,0.6799257018282987,1
103796,2012-08-19,0.11856700851994946,0
103797,2012-08-19,0.24411911582472515,0
103798,2012-08-19,0.3328724986962922,0
103799,2012-08-19,0.45061993357309726,0
103800,2012-08-19,0.10968151614700804,0
103801,2012-08-19,0.6587267781503138,1
103802,2012-08-19,0.4136930597713406,0
103803,2012-08-19,0.2911680191156333,0
103804,2012-08-19,0.5117772994281491,0
103805,2012-08-19,0.3975805671498619,1
103806,2012-08-19,0.3026242858082144,0
103807,2012-08-19,0.2066948783036782,0
103808,2012-08-19,0.22810946187734135,0
103809,2012-08-19,0.09642147521369214,0
103810,2012-08-19,0.47384644570083234,0
103811,2012-08-19,0.29920489503088704,0
103812,2012-08-19,0.38712532727403615,1
103813,2012-08-19,0.3040446087437154,1
103814,2012-08-19,0.4805105785038065,0
103815,2012-08-19,0.17328305671937289,0
103816,2012-08-19,0.3840457618568155,0
103817,2012-08-19,0.3965985920669601,1
103818,2012-08-19,0.33450272211327914,0
103819,2012-08-19,0.50711819772753,0
103820,2012-08-19,0.5389508180145985,1
103821,2012-08-19,0.44480521610642954,0
103822,2012-08-19,0.29793239639463376,0
103823,2012-08-19,0.5382351281444274,1
103824,2012-08-19,0.3192596231206628,1
103825,2012-08-19,0.3113832983733926,1
103826,2012-08-19,0.3834542802989471,1
103827,2012-08-19,0.21755362638343811,0
103828,2012-08-19,0.564530952375961,1
103829,2012-08-19,0.2676304579405094,1
103830,2012-08-19,0.49126684403008725,1
103831,2012-08-19,0.12806776038470472,0
103832,2012-08-19,0.3179773206923637,0
103833,2012-08-19,0.20435023060512514,1
103834,2012-08-19,0.20028912221148806,1
103835,2012-08-19,0.24069673672513234,0
103836,2012-08-19,0.3401688237567346,0
103837,2012-08-19,0.16651657882587143,0
103838,2012-08-19,0.6247824456696766,0
103839,2012-08-19,0.1808856392105917,0
103840,2012-08-19,0.19065735721958524,1
103841,2012-08-19,0.26444715927579054,0
103842,2012-08-19,0.6127311578668517,1
103843,2012-08-19,0.5173627753029382,0
103844,2012-08-19,0.11724197793800034,0
103845,2012-08-19,0.2677196000887437,1
103846,2012-08-19,0.24819240193444153,0
103847,2012-08-19,0.6083192869202597,0
103848,2012-08-19,0.39580945373890825,0
103849,2012-08-19,0.2810765365019528,0
103850,2012-08-19,0.2831697815688454,0
103851,2012-08-19,0.40971222888166364,0
103852,2012-08-19,0.23041468107061822,0
103853,2012-08-19,0.5722348257872281,1
103854,2012-08-19,0.39734325425855677,1
103855,2012-08-19,0.3117533313408037,0
103856,2012-08-19,0.5057743537643765,1
103857,2012-08-19,0.24577603293566708,1
103858,2012-08-19,0.13620703589961958,1
103859,2012-08-19,0.5713956840990434,0
103860,2012-08-19,0.2752628121722056,0
103861,2012-08-19,0.35935994774188923,0
103862,2012-08-19,0.2980383904104491,0
103863,2012-08-19,0.3692491036342521,0
103864,2012-08-19,0.33579344635579,0
103865,2012-08-19,0.18387846888548087,0
103866,2012-08-19,0.4516499336880397,1
103867,2012-08-19,0.3851737280438142,0
103868,2012-08-19,0.5408445016980482,1
103869,2012-08-19,0.42630029740569575,0
103870,2012-08-19,0.2884973250235887,0
103871,2012-08-19,0.21791768670238681,1
103872,2012-08-19,0.2040272323101092,1
103873,2012-08-19,0.3792486489857281,1
103874,2012-08-19,0.6030595133216093,0
103875,2012-08-19,0.37622734393026747,0
103876,2012-08-19,0.3428704687496044,1
103877,2012-08-19,0.2748063172855363,0
103878,2012-08-19,0.21687562391655704,0
103879,2012-08-19,0.30779693842606176,1
103880,2012-08-19,0.4025809172739613,1
103881,2012-08-19,0.2286944494877229,0
103882,2012-08-19,0.2338444505180349,0
103883,2012-08-19,0.4658549957500144,1
103884,2012-08-19,0.31799776193055196,0
103885,2012-08-19,0.348775771565473,1
103886,2012-08-19,0.6461070246741186,1
103887,2012-08-19,0.3228643153746784,0
103888,2012-08-19,0.42470803364958465,0
103889,2012-08-19,0.4796409074994517,0
103890,2012-08-19,0.3969192494517771,0
103891,2012-08-19,0.22352953312600607,0
103892,2012-08-19,0.36407836988516334,1
103893,2012-08-19,0.38463304350584687,0
103894,2012-08-19,0.3527830118145066,0
103895,2012-08-19,0.46277894911323725,0
103896,2012-08-19,0.36976176739323663,0
103897,2012-08-19,0.20034538146650452,0
103898,2012-08-19,0.36467307190686327,1
103899,2012-08-19,0.2034961370270151,0
103900,2012-08-19,0.29046524355959946,1
103901,2012-08-19,0.39644757011766846,0
103902,2012-08-19,0.581767183390948,0
103903,2012-08-19,0.10431444020869146,0
103904,2012-08-19,0.4207753128514015,0
103905,2012-08-19,0.6420598793032501,0
103906,2012-08-19,0.33187302693409126,1
103907,2012-08-19,0.5764596847964925,0
103908,2012-08-19,0.4150840605465459,0
103909,2012-08-19,0.23673760004517624,1
103910,2012-08-19,0.2109935467033151,1
103911,2012-08-19,0.454708661986876,1
103912,2012-08-19,0.31567954993758296,0
103913,2012-08-19,0.1565537340039855,0
103914,2012-08-19,0.2866232787899621,0
103915,2012-08-19,0.4787262015214006,0
103916,2012-08-19,0.32893296790008286,1
103917,2012-08-19,0.4609480058127509,1
103918,2012-08-19,0.5135362015090366,0
103919,2012-08-19,0.32761396553461714,1
103920,2012-08-19,0.16547114657920467,0
103921,2012-08-19,0.3763011930800382,0
103922,2012-08-19,0.19698271432346612,0
103923,2012-08-19,0.2954556627701598,0
103924,2012-08-19,0.24773815019102818,0
103925,2012-08-19,0.3836960527903774,0
103926,2012-08-19,0.20473363702250366,0
103927,2012-08-19,0.5561100044386247,1
103928,2012-08-19,0.37449667487932353,1
103929,2012-08-19,0.3665285957300757,0
103930,2012-08-19,0.14364748652575646,0
103931,2012-08-19,0.32290217031064017,0
103932,2012-08-19,0.502047050741694,0
103933,2012-08-19,0.5498213733372359,0
103934,2012-08-19,0.29705432383917085,0
103935,2012-08-19,0.23427917981123522,1
103936,2012-08-19,0.6672481754202227,0
103937,2012-08-19,0.2861942415649514,0
103938,2012-08-19,0.3813235826297537,0
103939,2012-08-19,0.104111910218235,0
103940,2012-08-19,0.46801025785219547,0
103941,2012-08-19,0.3855176955278803,1
103942,2012-08-19,0.4963305125966405,1
103943,2012-08-19,0.35320153587115544,0
103944,2012-08-19,0.4043134582212526,1
103945,2012-08-19,0.1676743045954781,0
103946,2012-08-19,0.44900405203722155,0
103947,2012-08-19,0.2560930920975895,0
103948,2012-08-19,0.310666681977528,0
103949,2012-08-19,0.37481844900693256,0
103950,2012-08-19,0.3945361924868811,1
103951,2012-08-19,0.0715232524454217,0
103952,2012-08-19,0.2910939685402388,0
103953,2012-08-19,0.26247863910917896,0
103954,2012-08-19,0.6796906893504516,0
103955,2012-08-19,0.08087541711559905,0
103956,2012-08-19,0.3040957015871907,0
103957,2012-08-19,0.37718235577699205,0
103958,2012-08-19,0.48916854698406015,0
103959,2012-08-19,0.17489787061494566,0
103960,2012-08-19,0.3048932729904239,0
103961,2012-08-19,0.4054790563980045,1
103962,2012-08-19,0.4839254559298672,0
103963,2012-08-19,0.3974323115008112,0
103964,2012-08-19,0.30891564595558507,0
103965,2012-08-19,0.37467412732416316,1
103966,2012-08-19,0.09299373260999089,0
103967,2012-08-19,0.35505790211149574,0
103968,2012-08-19,0.3597552001625941,0
103969,2012-08-19,0.17642955114101425,0
103970,2012-08-19,0.6429487462621856,1
103971,2012-08-19,0.41335675482815243,0
103972,2012-08-19,0.3023309705340812,1
103973,2012-08-19,0.35078011519218605,0
103974,2012-08-19,0.1510156341909249,0
103975,2012-08-19,0.43104171482677295,1
103976,2012-08-19,0.23420830405915516,1
103977,2012-08-19,0.4156410601001072,1
103978,2012-08-19,0.1012421203803629,0
103979,2012-08-19,0.49078855055561443,1
103980,2012-08-19,0.15632392102505693,0
103981,2012-08-19,0.27039154120900855,0
103982,2012-08-19,0.342803163971858,0
103983,2012-08-19,0.43138941876712045,0
103984,2012-08-19,0.5528424316324665,0
103985,2012-08-19,0.22845197616731272,0
103986,2012-08-19,0.6304813621401889,1
103987,2012-08-19,0.42647831334535213,1
103988,2012-08-19,0.1351595539604206,0
103989,2012-08-19,0.2222081833628084,0
103990,2012-08-19,0.18103856291471637,0
103991,2012-08-19,0.503352296580262,0
103992,2012-08-19,0.42701673183102473,0
103993,2012-08-19,0.14785788828381755,0
103994,2012-08-19,0.42890470543173753,0
103995,2012-08-19,0.2717021114840684,0
103996,2012-08-19,0.5790029043409525,0
103997,2012-08-19,0.24502370999890777,0
103998,2012-08-19,0.2947605190106175,0
103999,2012-08-19,0.5125247387876197,1
104000,2012-08-19,0.13734836886335489,1
104001,2012-08-19,0.5323742460219283,1
104002,2012-08-19,0.51941686446581,1
104003,2012-08-19,0.27908790032808256,0
104004,2012-08-19,0.3080708863188481,0
104005,2012-08-19,0.6835118382092011,1
104006,2012-08-19,0.7216779086844441,0
104007,2012-08-19,0.25416258336213937,0
104008,2012-08-19,0.2605922500069168,0
104009,2012-08-19,0.283403532693748,0
104010,2012-08-19,0.08068073786753956,0
104011,2012-08-19,0.50855593398451,1
104012,2012-08-19,0.26498618547333413,0
104013,2012-08-19,0.19594207093982033,0
104014,2012-08-19,0.30985943725206366,0
104015,2012-08-19,0.3921874198659311,1
104016,2012-08-19,0.158651890335409,0
104017,2012-08-19,0.21095582003484917,0
104018,2012-08-19,0.6123869227435543,1
104019,2012-08-19,0.3562678421759238,0
104020,2012-08-19,0.2389224142153665,0
104021,2012-08-19,0.3230419946471275,1
104022,2012-08-19,0.611182933331443,1
104023,2012-08-19,0.44897911491326786,0
104024,2012-08-19,0.5240771285881033,1
104025,2012-08-19,0.47141580317756115,1
104026,2012-08-19,0.43251882083891036,0
104027,2012-08-19,0.2911792544387734,0
104028,2012-08-19,0.5770254836866024,1
104029,2012-08-19,0.3979302407768545,1
104030,2012-08-19,0.136439482383087,0
104031,2012-08-19,0.38918787106931363,1
104032,2012-08-19,0.3082603667868859,0
104033,2012-08-19,0.26331700028786276,1
104034,2012-08-19,0.30226010174550133,0
104035,2012-08-19,0.43649408627512587,0
104036,2012-08-19,0.28172854034378314,0
104037,2012-08-19,0.45273467468347667,0
104038,2012-08-19,0.2505767178309529,0
104039,2012-08-19,0.5157904706016254,0
104040,2012-08-19,0.4175033890514074,1
104041,2012-08-19,0.593929942645416,0
104042,2012-08-19,0.44287112235988546,0
104043,2012-08-19,0.39171581121042365,1
104044,2012-08-19,0.46276972900679664,0
104045,2012-08-19,0.23477909418385365,0
104046,2012-08-19,0.5507453936225319,0
104047,2012-08-19,0.27970956763955407,0
104048,2012-08-19,0.3717505963131616,1
104049,2012-08-19,0.41869679762858014,0
104050,2012-08-19,0.2290317313448703,0
104051,2012-08-19,0.4175754596190011,0
104052,2012-08-19,0.4053410263859804,1
104053,2012-08-19,0.24487124678867722,0
104054,2012-08-19,0.3040646025557915,0
104055,2012-08-19,0.20505901443603575,1
104056,2012-08-19,0.23408247172715266,1
104057,2012-08-19,0.3137085766496764,0
104058,2012-08-19,0.2501481843553095,0
104059,2012-08-19,0.29499495202410986,1
104060,2012-08-19,0.23778200800292898,1
104061,2012-08-19,0.6101685724761118,1
104062,2012-08-19,0.3529629315191724,0
104063,2012-08-19,0.3721640698156116,1
104064,2012-08-19,0.4189161787771272,1
104065,2012-08-19,0.319805232048915,1
104066,2012-08-19,0.35040436438204575,0
104067,2012-08-19,0.45003863293157587,1
104068,2012-08-19,0.36956342888091914,0
104069,2012-08-19,0.4159944588067738,1
104070,2012-08-19,0.27082601165118114,0
104071,2012-08-19,0.23626634334959137,0
104072,2012-08-19,0.17557054514975043,0
104073,2012-08-19,0.23238976578253373,0
104074,2012-08-19,0.3615471649928676,1
104075,2012-08-19,0.37034916542520274,0
104076,2012-08-19,0.06283054856938061,0
104077,2012-08-19,0.48373545773550575,0
104078,2012-08-19,0.4563136483538165,0
104079,2012-08-19,0.531101305685607,1
104080,2012-08-19,0.5364770976858488,0
104081,2012-08-19,0.194130710732674,0
104082,2012-08-19,0.38077122517136336,1
104083,2012-08-19,0.12244513086868514,0
104084,2012-08-19,0.4782225892722092,1
104085,2012-08-19,0.37212422565372355,1
104086,2012-08-19,0.3816079139896157,1
104087,2012-08-19,0.39573961211670067,0
104088,2012-08-19,0.21005397371288329,0
104089,2012-08-19,0.3921821070390746,1
104090,2012-08-19,0.5358140105932989,0
104091,2012-08-19,0.3297285385831014,1
104092,2012-08-19,0.31528939053246635,0
104093,2012-08-19,0.5072212688127701,1
104094,2012-08-19,0.40888366882513805,1
104095,2012-08-19,0.5530561413896976,1
104096,2012-08-19,0.14832654463675093,0
104097,2012-08-19,0.32774022790641977,0
104098,2012-08-19,0.4648474226266255,0
104099,2012-08-19,0.3577994325262932,0
104100,2012-08-19,0.320595917300464,0
104101,2012-08-19,0.338440952824076,0
104102,2012-08-19,0.41164806543784055,0
104103,2012-08-19,0.24524285528969764,0
104104,2012-08-19,0.5100528312918814,0
104105,2012-08-19,0.2801456898015492,0
104106,2012-08-19,0.2752434493995965,0
104107,2012-08-19,0.23691816286171616,0
104108,2012-08-19,0.161699795265758,0
104109,2012-08-19,0.5180576660156383,1
104110,2012-08-19,0.4787616591852156,0
104111,2012-08-19,0.16638333472869746,0
104112,2012-08-20,0.5692192539186263,1
104113,2012-08-20,0.504534482565906,1
104114,2012-08-20,0.34822691297932223,0
104115,2012-08-20,0.4189450049243544,0
104116,2012-08-20,0.12105499003919924,0
104117,2012-08-20,0.18137678112598873,0
104118,2012-08-20,0.2689039991886239,0
104119,2012-08-20,0.42136553309787367,0
104120,2012-08-20,0.4671688892138831,0
104121,2012-08-20,0.5829077044668258,0
104122,2012-08-20,0.24108990130215974,0
104123,2012-08-20,0.4794271646714514,1
104124,2012-08-20,0.4320142149937472,0
104125,2012-08-20,0.3026353986318922,0
104126,2012-08-20,0.5313421209904505,0
104127,2012-08-20,0.3593387980376168,0
104128,2012-08-20,0.44110775231661015,1
104129,2012-08-20,0.4878539984270991,1
104130,2012-08-20,0.42432075207471043,1
104131,2012-08-20,0.3708763095080191,0
104132,2012-08-20,0.34409958931898066,1
104133,2012-08-20,0.6086116207390592,1
104134,2012-08-20,0.2732657901694295,0
104135,2012-08-20,0.13524517648989154,0
104136,2012-08-20,0.39338072916831984,0
104137,2012-08-20,0.19849867817092287,0
104138,2012-08-20,0.19766375737883218,0
104139,2012-08-20,0.35021746623191163,0
104140,2012-08-20,0.3904458760046016,0
104141,2012-08-20,0.1884818256378385,0
104142,2012-08-20,0.5604940701590183,1
104143,2012-08-20,0.3990806974306022,0
104144,2012-08-20,0.4161257315289729,0
104145,2012-08-20,0.20020071851092466,0
104146,2012-08-20,0.5529870489769925,1
104147,2012-08-20,0.3688133880454277,0
104148,2012-08-20,0.3602590410095991,0
104149,2012-08-20,0.46180101936749474,1
104150,2012-08-20,0.19571255787626557,0
104151,2012-08-20,0.22228752092629467,0
104152,2012-08-20,0.3179282589909402,1
104153,2012-08-20,0.5703318504545941,1
104154,2012-08-20,0.31321407243766136,1
104155,2012-08-20,0.23528349417690173,0
104156,2012-08-20,0.2395113730821595,0
104157,2012-08-20,0.22090068454122033,0
104158,2012-08-20,0.46622139710468846,0
104159,2012-08-20,0.20334781910145291,0
104160,2012-08-20,0.5751422315663697,1
104161,2012-08-20,0.1429668270952244,0
104162,2012-08-20,0.41250207004373096,0
104163,2012-08-20,0.29692356556304417,0
104164,2012-08-20,0.2390606273494152,0
104165,2012-08-20,0.07371803687423592,0
104166,2012-08-20,0.18717016746368562,0
104167,2012-08-20,0.5346249724697288,1
104168,2012-08-20,0.23220891749844708,0
104169,2012-08-20,0.22442951693722674,1
104170,2012-08-20,0.2710730126756905,0
104171,2012-08-20,0.1440919147634166,0
104172,2012-08-20,0.3332921567674722,0
104173,2012-08-20,0.45720552985874957,0
104174,2012-08-20,0.28013571177412655,0
104175,2012-08-20,0.4044669632329393,0
104176,2012-08-20,0.15492672913221736,0
104177,2012-08-20,0.30583612458384074,1
104178,2012-08-20,0.3518283747514723,1
104179,2012-08-20,0.21072713913139762,0
104180,2012-08-20,0.5154223893105838,0
104181,2012-08-20,0.41057843511668435,0
104182,2012-08-20,0.5527892027717926,0
104183,2012-08-20,0.2355564687176046,0
104184,2012-08-20,0.3504156737406776,1
104185,2012-08-20,0.2636996033298494,1
104186,2012-08-20,0.29806606482487374,0
104187,2012-08-20,0.23094931127809087,1
104188,2012-08-20,0.5814392085850332,0
104189,2012-08-20,0.36476706017043864,0
104190,2012-08-20,0.40105071599552794,0
104191,2012-08-20,0.2791078070934585,1
104192,2012-08-20,0.3677491508271968,1
104193,2012-08-20,0.30447451663970915,0
104194,2012-08-20,0.31968389444802586,1
104195,2012-08-20,0.3151110008615158,0
104196,2012-08-20,0.542033217344178,0
104197,2012-08-20,0.21071689545912012,0
104198,2012-08-20,0.21294087793362665,0
104199,2012-08-20,0.4944360314549773,1
104200,2012-08-20,0.21604718992152408,0
104201,2012-08-20,0.2173414342935174,1
104202,2012-08-20,0.45233043371696924,0
104203,2012-08-20,0.3231316565026161,0
104204,2012-08-20,0.1820393225942287,0
104205,2012-08-20,0.5234675891483388,0
104206,2012-08-20,0.37263404332445305,0
104207,2012-08-20,0.2307951772563695,1
104208,2012-08-20,0.3229675048434257,0
104209,2012-08-20,0.20884650506044086,0
104210,2012-08-20,0.21643542676201702,0
104211,2012-08-20,0.537040127008759,0
104212,2012-08-20,0.28012498004965747,0
104213,2012-08-20,0.3490662569582988,1
104214,2012-08-20,0.24640903311755535,0
104215,2012-08-20,0.26903746869992595,0
104216,2012-08-20,0.3655503816190493,1
104217,2012-08-20,0.45562849807559647,1
104218,2012-08-20,0.365165056047193,0
104219,2012-08-20,0.18139139145775923,1
104220,2012-08-20,0.2426065374016876,0
104221,2012-08-20,0.6080827214531056,1
104222,2012-08-20,0.4769540006089902,1
104223,2012-08-20,0.3989620623997304,1
104224,2012-08-20,0.12322420318743528,0
104225,2012-08-20,0.6501237704738801,1
104226,2012-08-20,0.4267309766976583,1
104227,2012-08-20,0.20698219512180532,0
104228,2012-08-20,0.26754817612938525,1
104229,2012-08-20,0.3566485147924349,1
104230,2012-08-20,0.3207925496489373,0
104231,2012-08-20,0.4022271685546986,0
104232,2012-08-20,0.33578584548430696,0
104233,2012-08-20,0.3594986313729659,0
104234,2012-08-20,0.2075249549336705,0
104235,2012-08-20,0.6205855748375331,1
104236,2012-08-20,0.5003403322888654,1
104237,2012-08-20,0.18053500839431447,0
104238,2012-08-20,0.4474523948209763,1
104239,2012-08-20,0.44653780188143516,1
104240,2012-08-20,0.3839374637346226,0
104241,2012-08-20,0.14557170327565536,0
104242,2012-08-20,0.4683737038483049,1
104243,2012-08-20,0.46799968831528277,1
104244,2012-08-20,0.3152831307128104,0
104245,2012-08-20,0.5036603144836056,1
104246,2012-08-20,0.37282924567961284,0
104247,2012-08-20,0.3498459283375787,0
104248,2012-08-20,0.3057879391260576,1
104249,2012-08-20,0.2559232669248736,1
104250,2012-08-20,0.2968920947054701,0
104251,2012-08-20,0.464284390556528,1
104252,2012-08-20,0.338311090754754,1
104253,2012-08-20,0.5218695556196448,0
104254,2012-08-20,0.21710218191674616,0
104255,2012-08-20,0.3936881477161468,1
104256,2012-08-20,0.2319343465235937,0
104257,2012-08-20,0.23311150718687546,0
104258,2012-08-20,0.269749421246316,0
104259,2012-08-20,0.4797745401626738,1
104260,2012-08-20,0.11806452380115907,0
104261,2012-08-20,0.12567217029517308,0
104262,2012-08-20,0.4368944525821252,1
104263,2012-08-20,0.2590424081245405,1
104264,2012-08-20,0.4027679771506519,0
104265,2012-08-20,0.3708891733726794,0
104266,2012-08-20,0.3485353051063508,1
104267,2012-08-20,0.28480652937568296,0
104268,2012-08-20,0.5131096265456181,1
104269,2012-08-20,0.17210989589800127,0
104270,2012-08-20,0.30933118636789275,0
104271,2012-08-20,0.3510828702229586,1
104272,2012-08-20,0.454955586207641,0
104273,2012-08-20,0.47786562009881756,1
104274,2012-08-20,0.4669477958211705,1
104275,2012-08-20,0.447992216280198,1
104276,2012-08-20,0.41535361282801203,1
104277,2012-08-20,0.16878903250390068,0
104278,2012-08-20,0.2756284281530636,0
104279,2012-08-20,0.45917234637267706,0
104280,2012-08-21,0.47996015944992143,0
104281,2012-08-21,0.3081722974605866,1
104282,2012-08-21,0.2992446621400956,1
104283,2012-08-21,0.3682138277981006,0
104284,2012-08-21,0.2965353502973007,0
104285,2012-08-21,0.3875415961170321,0
104286,2012-08-21,0.2897419161721821,0
104287,2012-08-21,0.37920983267268543,0
104288,2012-08-21,0.7414419981484892,0
104289,2012-08-21,0.2061295802244927,1
104290,2012-08-21,0.31996494203907916,0
104291,2012-08-21,0.3391614090631001,0
104292,2012-08-21,0.27650338668174784,0
104293,2012-08-21,0.13429754812460537,0
104294,2012-08-21,0.4153691326196753,1
104295,2012-08-21,0.3916642759052094,1
104296,2012-08-21,0.5229484564258312,0
104297,2012-08-21,0.4489162612249048,1
104298,2012-08-21,0.49604738195749665,0
104299,2012-08-21,0.33117812377348116,0
104300,2012-08-21,0.36347202343920165,0
104301,2012-08-21,0.5766890042415412,1
104302,2012-08-21,0.2940552687233897,1
104303,2012-08-21,0.47501713659724204,1
104304,2012-08-21,0.21631960993806928,0
104305,2012-08-21,0.45471089102231027,1
104306,2012-08-21,0.37324905313628376,1
104307,2012-08-21,0.20418967687293652,0
104308,2012-08-21,0.5223653474549979,0
104309,2012-08-21,0.2905797338342996,0
104310,2012-08-21,0.31984207884980453,0
104311,2012-08-21,0.32102731254970024,0
104312,2012-08-21,0.1832835591748003,0
104313,2012-08-21,0.3222683386717927,0
104314,2012-08-21,0.20754690602679732,0
104315,2012-08-21,0.1696655134451847,0
104316,2012-08-21,0.6824163256848922,0
104317,2012-08-21,0.29374240449910644,0
104318,2012-08-21,0.5893665109488412,1
104319,2012-08-21,0.35837345209196814,0
104320,2012-08-21,0.31426819926654215,0
104321,2012-08-21,0.4681149500744144,0
104322,2012-08-21,0.44153743285948865,0
104323,2012-08-21,0.1613444094374429,1
104324,2012-08-21,0.28120670522652774,0
104325,2012-08-21,0.19734602763755943,0
104326,2012-08-21,0.4493737452083931,1
104327,2012-08-21,0.6385544569415482,0
104328,2012-08-21,0.1865919861414681,1
104329,2012-08-21,0.5360815691396712,0
104330,2012-08-21,0.5444424263060001,0
104331,2012-08-21,0.5834013525822024,0
104332,2012-08-21,0.30074822058031353,0
104333,2012-08-21,0.08605139808818107,0
104334,2012-08-21,0.41097325782840854,0
104335,2012-08-21,0.44574599850996216,0
104336,2012-08-21,0.5233352107018396,1
104337,2012-08-21,0.3331463707461026,1
104338,2012-08-21,0.13121598046691355,0
104339,2012-08-21,0.5100555115729022,0
104340,2012-08-21,0.23743117652504037,0
104341,2012-08-21,0.34117280777049525,0
104342,2012-08-21,0.431787408515677,0
104343,2012-08-21,0.3518157017540467,1
104344,2012-08-21,0.25684594254942983,0
104345,2012-08-21,0.4273621965652492,0
104346,2012-08-21,0.11398136429429959,0
104347,2012-08-21,0.2672389865136487,0
104348,2012-08-21,0.4475572772075317,1
104349,2012-08-21,0.32340130447724663,0
104350,2012-08-21,0.22288575504290473,0
104351,2012-08-21,0.48196677124969034,1
104352,2012-08-21,0.26406127176932154,0
104353,2012-08-21,0.4419647064272364,0
104354,2012-08-21,0.4385695093892467,1
104355,2012-08-21,0.3767100913038069,0
104356,2012-08-21,0.3718868842073531,1
104357,2012-08-21,0.25588208834826814,0
104358,2012-08-21,0.22470630213924123,0
104359,2012-08-21,0.3052664074263082,1
104360,2012-08-21,0.5313800120858195,1
104361,2012-08-21,0.13075606345804416,0
104362,2012-08-21,0.3463559371864221,1
104363,2012-08-21,0.2404450430177674,1
104364,2012-08-21,0.6132627969161502,1
104365,2012-08-21,0.4590825292818555,0
104366,2012-08-21,0.17839874796956548,0
104367,2012-08-21,0.457186153136348,0
104368,2012-08-21,0.23053582832726152,0
104369,2012-08-21,0.19758239421373067,1
104370,2012-08-21,0.6654677243695571,1
104371,2012-08-21,0.2108271759607776,0
104372,2012-08-21,0.3682960913149268,0
104373,2012-08-21,0.31750909298852675,0
104374,2012-08-21,0.34007087713728,0
104375,2012-08-21,0.3948542185839377,0
104376,2012-08-21,0.19554594640151546,0
104377,2012-08-21,0.6315919396538369,0
104378,2012-08-21,0.28553483869992324,1
104379,2012-08-21,0.12975641039431243,1
104380,2012-08-21,0.4640154300626378,0
104381,2012-08-21,0.36308691001868454,1
104382,2012-08-21,0.1679916060771068,0
104383,2012-08-21,0.4783787946915397,1
104384,2012-08-21,0.13223160231341002,0
104385,2012-08-21,0.4007386715522763,0
104386,2012-08-21,0.21438235156162916,0
104387,2012-08-21,0.3326810825502863,1
104388,2012-08-21,0.17869394751312967,0
104389,2012-08-21,0.44392803082391247,1
104390,2012-08-21,0.2168421145522458,0
104391,2012-08-21,0.505425479985539,0
104392,2012-08-21,0.41950382423987237,1
104393,2012-08-21,0.3335169151262346,1
104394,2012-08-21,0.3281601459791547,1
104395,2012-08-21,0.34593715485771187,0
104396,2012-08-21,0.13177029543758317,0
104397,2012-08-21,0.4865632465029228,1
104398,2012-08-21,0.4245553315035984,0
104399,2012-08-21,0.25750613068306794,0
104400,2012-08-21,0.32087101461878437,0
104401,2012-08-21,0.4152090689682051,0
104402,2012-08-21,0.35984625224280636,0
104403,2012-08-21,0.3193191015947021,0
104404,2012-08-21,0.31772984957277145,1
104405,2012-08-21,0.31137119620057346,1
104406,2012-08-21,0.4898999213168499,1
104407,2012-08-21,0.358929587104945,0
104408,2012-08-21,0.19348135763409746,0
104409,2012-08-21,0.30409155093274715,1
104410,2012-08-21,0.3023769123422019,1
104411,2012-08-21,0.41439655384089014,0
104412,2012-08-21,0.46758078696863115,0
104413,2012-08-21,0.28573259309766014,0
104414,2012-08-21,0.32327663999837475,1
104415,2012-08-21,0.19229760548025338,0
104416,2012-08-21,0.4004562221920599,1
104417,2012-08-21,0.18103725907436846,0
104418,2012-08-21,0.2953465484924855,1
104419,2012-08-21,0.3711561222146704,1
104420,2012-08-21,0.16844631919430803,0
104421,2012-08-21,0.347383781009467,0
104422,2012-08-21,0.34061532038443254,0
104423,2012-08-21,0.37305989380652044,1
104424,2012-08-21,0.1610951865327097,0
104425,2012-08-21,0.44086371146783493,1
104426,2012-08-21,0.5835205649339185,1
104427,2012-08-21,0.3811956003695087,0
104428,2012-08-21,0.07837223241202326,0
104429,2012-08-21,0.1743651688266383,0
104430,2012-08-21,0.34957833172847846,1
104431,2012-08-21,0.3170222560810789,0
104432,2012-08-21,0.5293268101077802,1
104433,2012-08-21,0.33309829473915525,0
104434,2012-08-21,0.3597835427472541,0
104435,2012-08-21,0.40071877587238275,0
104436,2012-08-21,0.5174660640472106,0
104437,2012-08-21,0.3362112475751132,0
104438,2012-08-21,0.5114595028983409,1
104439,2012-08-21,0.5498425894879062,1
104440,2012-08-21,0.5707467211345395,0
104441,2012-08-21,0.32554972110361274,1
104442,2012-08-21,0.3094169041530884,1
104443,2012-08-21,0.467844881259137,1
104444,2012-08-21,0.22011045699375845,0
104445,2012-08-21,0.4032273200401017,0
104446,2012-08-21,0.3161566245529941,0
104447,2012-08-21,0.21842712268745465,0
104448,2012-08-21,0.3069596486374106,1
104449,2012-08-21,0.4096862672537265,0
104450,2012-08-21,0.23424666157721966,0
104451,2012-08-21,0.24223111645932968,0
104452,2012-08-21,0.24667582689056528,1
104453,2012-08-21,0.27166206454515873,0
104454,2012-08-21,0.451370201503332,1
104455,2012-08-21,0.3870407030489477,0
104456,2012-08-21,0.3573002025183928,0
104457,2012-08-21,0.29783167454944287,0
104458,2012-08-21,0.20834420440843165,0
104459,2012-08-21,0.4073780088683051,1
104460,2012-08-21,0.38324944161722907,0
104461,2012-08-21,0.27732867200277683,0
104462,2012-08-21,0.632456910493475,0
104463,2012-08-21,0.4828040054366325,0
104464,2012-08-21,0.17566155555887322,0
104465,2012-08-21,0.49352788946678033,0
104466,2012-08-21,0.19831344291007824,0
104467,2012-08-21,0.37726042966207,0
104468,2012-08-21,0.3457026233161683,1
104469,2012-08-21,0.23543436552642186,0
104470,2012-08-21,0.3421247284199342,0
104471,2012-08-21,0.44678371290013125,0
104472,2012-08-21,0.3205899178348766,0
104473,2012-08-21,0.1610389850885604,0
104474,2012-08-21,0.2563622728492788,0
104475,2012-08-21,0.43224840456181435,1
104476,2012-08-21,0.30015188956273026,0
104477,2012-08-21,0.3296705590354105,1
104478,2012-08-21,0.3177576540240988,1
104479,2012-08-21,0.315841964632378,0
104480,2012-08-21,0.41803040873912045,1
104481,2012-08-21,0.4169182913030591,0
104482,2012-08-21,0.4131931052974679,1
104483,2012-08-21,0.2615589274992215,0
104484,2012-08-21,0.29409894644606505,1
104485,2012-08-21,0.2030648967762802,0
104486,2012-08-21,0.23808628354759284,0
104487,2012-08-21,0.2823718532917813,0
104488,2012-08-21,0.23827898753559484,0
104489,2012-08-21,0.20418788458312498,0
104490,2012-08-21,0.13900238476961357,0
104491,2012-08-21,0.40894788604213433,1
104492,2012-08-21,0.23543311637968609,0
104493,2012-08-21,0.4157533181462959,0
104494,2012-08-21,0.48820304610413806,0
104495,2012-08-21,0.3347115386245763,1
104496,2012-08-21,0.45966031962105314,0
104497,2012-08-21,0.3522075765847681,0
104498,2012-08-21,0.1286458761386725,0
104499,2012-08-21,0.27082979763558407,0
104500,2012-08-21,0.2547805383505171,0
104501,2012-08-21,0.14290345716870545,1
104502,2012-08-21,0.2342063744712936,1
104503,2012-08-21,0.23606120226372332,1
104504,2012-08-21,0.5342181757047094,0
104505,2012-08-21,0.277669014595762,0
104506,2012-08-21,0.2850371196682424,0
104507,2012-08-21,0.4419051807542184,0
104508,2012-08-21,0.2740991092130067,0
104509,2012-08-21,0.34552227113390205,1
104510,2012-08-21,0.18812704466833094,0
104511,2012-08-21,0.4085937239812138,0
104512,2012-08-21,0.33496776642783976,0
104513,2012-08-21,0.5687074425963558,0
104514,2012-08-21,0.5302693086410861,1
104515,2012-08-21,0.4562255478518416,0
104516,2012-08-21,0.22293372966494504,0
104517,2012-08-21,0.5363312038269223,0
104518,2012-08-21,0.4244105325082533,1
104519,2012-08-21,0.434044870205142,1
104520,2012-08-21,0.43298685650906454,1
104521,2012-08-21,0.42286269903506307,0
104522,2012-08-21,0.12892788430119306,1
104523,2012-08-21,0.3262275026298437,0
104524,2012-08-21,0.6705882881358055,1
104525,2012-08-21,0.40585452365889524,0
104526,2012-08-21,0.3031113121366317,0
104527,2012-08-21,0.5412843183219966,0
104528,2012-08-21,0.244160656588278,0
104529,2012-08-21,0.5740066248474387,0
104530,2012-08-21,0.44435408673986715,0
104531,2012-08-21,0.5132103368808686,1
104532,2012-08-21,0.18919007187452072,0
104533,2012-08-21,0.2846200646199328,0
104534,2012-08-21,0.3243384465275938,1
104535,2012-08-21,0.2931359674682375,0
104536,2012-08-21,0.21750724392962592,0
104537,2012-08-21,0.40727033489015696,0
104538,2012-08-21,0.23281019481224022,0
104539,2012-08-21,0.17707058974118525,0
104540,2012-08-21,0.31886779127494824,0
104541,2012-08-21,0.26555094094220993,1
104542,2012-08-21,0.4611526492167493,1
104543,2012-08-21,0.3608869953280425,0
104544,2012-08-21,0.4683468555844512,0
104545,2012-08-21,0.284139051592571,0
104546,2012-08-21,0.5998102574087406,1
104547,2012-08-21,0.3216011841751989,1
104548,2012-08-21,0.506600429696113,1
104549,2012-08-21,0.282673095457733,0
104550,2012-08-21,0.2624031354997402,0
104551,2012-08-21,0.6078588636322987,1
104552,2012-08-21,0.3230544912033567,0
104553,2012-08-21,0.16857145323646705,0
104554,2012-08-21,0.4091242977303531,1
104555,2012-08-21,0.3217494097647746,1
104556,2012-08-21,0.474923954089428,0
104557,2012-08-21,0.21834859755114913,0
104558,2012-08-21,0.35327279157365205,0
104559,2012-08-21,0.45885853702442214,1
104560,2012-08-21,0.35367332056890977,1
104561,2012-08-21,0.31990058566855567,0
104562,2012-08-21,0.44592716215050043,1
104563,2012-08-21,0.09594901027447944,0
104564,2012-08-21,0.36171099775617577,0
104565,2012-08-21,0.5192911717268621,1
104566,2012-08-21,0.2534403871380318,0
104567,2012-08-21,0.3855650429239857,0
104568,2012-08-21,0.3591096988839236,0
104569,2012-08-21,0.34117707454019974,0
104570,2012-08-21,0.2626517543297219,1
104571,2012-08-21,0.4382790594369525,0
104572,2012-08-21,0.49493926258360404,1
104573,2012-08-21,0.22766916298062986,0
104574,2012-08-21,0.6054395115708644,1
104575,2012-08-21,0.45306122633965823,0
104576,2012-08-21,0.37666146338335543,0
104577,2012-08-21,0.1893561281484187,0
104578,2012-08-21,0.18310384676543787,0
104579,2012-08-21,0.28682174449144343,0
104580,2012-08-21,0.0741727740570337,0
104581,2012-08-21,0.1943671329202227,0
104582,2012-08-21,0.244973836939491,0
104583,2012-08-21,0.39244970667741425,1
104584,2012-08-21,0.34029103700600755,0
104585,2012-08-21,0.3276036826963832,0
104586,2012-08-21,0.4102298933023696,0
104587,2012-08-21,0.2839622598525507,0
104588,2012-08-21,0.5765986976011286,1
104589,2012-08-21,0.2580630845026989,0
104590,2012-08-21,0.5074419779371293,1
104591,2012-08-21,0.4767268458170947,1
104592,2012-08-21,0.310704995038163,1
104593,2012-08-21,0.22740884143736464,0
104594,2012-08-21,0.44753236750375286,0
104595,2012-08-21,0.40858940876834776,1
104596,2012-08-21,0.18474487004673049,0
104597,2012-08-21,0.37139367244475285,0
104598,2012-08-21,0.5205437383198231,1
104599,2012-08-21,0.212843523549529,0
104600,2012-08-21,0.31328998404310604,0
104601,2012-08-21,0.18241180375517563,0
104602,2012-08-21,0.43356700574039087,0
104603,2012-08-21,0.35921486436261096,0
104604,2012-08-21,0.3630641639287046,1
104605,2012-08-21,0.33228653638915223,1
104606,2012-08-21,0.3278455682167621,0
104607,2012-08-21,0.28945634414476473,0
104608,2012-08-21,0.24875449923942922,1
104609,2012-08-21,0.46292153561781063,0
104610,2012-08-21,0.2016950790714854,0
104611,2012-08-21,0.5000538824924206,1
104612,2012-08-21,0.46727522030978763,0
104613,2012-08-21,0.34617744146175145,1
104614,2012-08-21,0.4845501067409201,1
104615,2012-08-21,0.35036450909217437,0
104616,2012-08-21,0.3424066347988633,0
104617,2012-08-21,0.5386965619159221,1
104618,2012-08-21,0.27749688703686703,0
104619,2012-08-21,0.24601478488354628,1
104620,2012-08-21,0.43097314258102565,0
104621,2012-08-21,0.439504402502824,0
104622,2012-08-21,0.43821804864657155,0
104623,2012-08-21,0.33143090241723944,1
104624,2012-08-21,0.580983226561846,0
104625,2012-08-21,0.14730941414401805,0
104626,2012-08-21,0.48915295490888183,1
104627,2012-08-21,0.26907114010731276,0
104628,2012-08-21,0.5125169456095502,1
104629,2012-08-21,0.2454952639401157,0
104630,2012-08-21,0.5932421486126663,1
104631,2012-08-21,0.05422367973857584,0
104632,2012-08-21,0.3578098308703458,1
104633,2012-08-21,0.2725521040703373,0
104634,2012-08-21,0.15267174289265792,0
104635,2012-08-21,0.34216009699830946,0
104636,2012-08-21,0.38859143040424854,1
104637,2012-08-21,0.3976089225273172,0
104638,2012-08-21,0.1335182091910548,0
104639,2012-08-21,0.3259511349419038,0
104640,2012-08-21,0.16690836223467917,0
104641,2012-08-21,0.16577526338461201,0
104642,2012-08-21,0.41187954493611145,0
104643,2012-08-21,0.156792874619227,0
104644,2012-08-21,0.23673335760297493,1
104645,2012-08-21,0.3968468155192847,1
104646,2012-08-21,0.4885498595502219,1
104647,2012-08-21,0.2567097134431914,0
104648,2012-08-21,0.3245345240418207,0
104649,2012-08-21,0.40481922632035844,0
104650,2012-08-21,0.3545341559408928,1
104651,2012-08-21,0.21430947739949022,1
104652,2012-08-21,0.26666867451800325,1
104653,2012-08-21,0.20803805992038188,1
104654,2012-08-21,0.3723640408093003,1
104655,2012-08-21,0.346941776282051,1
104656,2012-08-21,0.2489642845202597,0
104657,2012-08-21,0.4672012459530794,0
104658,2012-08-21,0.3639842503349857,1
104659,2012-08-21,0.148874206312106,0
104660,2012-08-21,0.5105124546999509,1
104661,2012-08-21,0.39868746909743197,0
104662,2012-08-21,0.33486059304700205,1
104663,2012-08-21,0.20505901443603575,0
104664,2012-08-21,0.47885503146363906,0
104665,2012-08-21,0.5101284699376322,1
104666,2012-08-21,0.1965762671564149,0
104667,2012-08-21,0.3907149225239294,0
104668,2012-08-21,0.24540595918828462,0
104669,2012-08-21,0.4915212825084416,1
104670,2012-08-21,0.36174575628641464,1
104671,2012-08-21,0.24718777396749883,0
104672,2012-08-21,0.4288321395768131,1
104673,2012-08-21,0.2037523455357879,0
104674,2012-08-21,0.2575762192142264,0
104675,2012-08-21,0.3400337586231253,0
104676,2012-08-21,0.2707732774568968,1
104677,2012-08-21,0.2146992453411564,0
104678,2012-08-21,0.19820938386249115,0
104679,2012-08-21,0.2485630427886848,0
104680,2012-08-21,0.1853743315592181,0
104681,2012-08-21,0.5859451895764324,0
104682,2012-08-21,0.747576825936766,1
104683,2012-08-21,0.31934831405140746,0
104684,2012-08-21,0.24898932886298555,0
104685,2012-08-21,0.40972913010074347,1
104686,2012-08-21,0.363000423489269,1
104687,2012-08-21,0.3627372128542167,0
104688,2012-08-21,0.29853536960948623,0
104689,2012-08-21,0.4869839076843606,0
104690,2012-08-21,0.23980976320987013,0
104691,2012-08-21,0.1393623407515406,0
104692,2012-08-21,0.5905116395480354,0
104693,2012-08-21,0.3937639800231131,1
104694,2012-08-21,0.2694788267316306,0
104695,2012-08-21,0.3100853520658797,1
104696,2012-08-21,0.5330816533356388,1
104697,2012-08-21,0.16423137966065848,0
104698,2012-08-21,0.5084123581067258,0
104699,2012-08-21,0.5564076359257828,0
104700,2012-08-21,0.2974116747792027,1
104701,2012-08-21,0.37732227987748224,0
104702,2012-08-21,0.24101122577565273,0
104703,2012-08-21,0.37449967478888385,0
104704,2012-08-21,0.29637865201146074,0
104705,2012-08-21,0.5492384410539893,1
104706,2012-08-21,0.28596669838015254,0
104707,2012-08-21,0.3638121079610801,0
104708,2012-08-21,0.3009130701099097,0
104709,2012-08-21,0.1985852541742147,0
104710,2012-08-21,0.3115542800070337,0
104711,2012-08-21,0.35895958527426736,1
104712,2012-08-21,0.37376496277564386,1
104713,2012-08-21,0.5635543906565882,1
104714,2012-08-21,0.15933167534272533,0
104715,2012-08-21,0.2389983863731151,0
104716,2012-08-21,0.30325933601917726,0
104717,2012-08-21,0.41518098737612213,0
104718,2012-08-21,0.518227041170905,1
104719,2012-08-21,0.4345538037839709,0
104720,2012-08-21,0.37253084211996945,0
104721,2012-08-21,0.1352409518313196,0
104722,2012-08-21,0.41494607324910243,0
104723,2012-08-21,0.1662317748763134,0
104724,2012-08-21,0.28285290904299276,0
104725,2012-08-21,0.1073119291815943,0
104726,2012-08-21,0.5081782516212126,0
104727,2012-08-21,0.28303791002920875,1
104728,2012-08-21,0.5211019192049885,0
104729,2012-08-21,0.42539978662898975,0
104730,2012-08-21,0.30399499065317426,0
104731,2012-08-21,0.12273038849016887,0
104732,2012-08-21,0.5158287148818219,1
104733,2012-08-21,0.45701192739072405,1
104734,2012-08-21,0.3494323854602369,0
104735,2012-08-21,0.07663330742801619,0
104736,2012-08-21,0.17247185910919008,0
104737,2012-08-21,0.14978685184263177,0
104738,2012-08-21,0.49647722922459725,1
104739,2012-08-21,0.3920547603286229,1
104740,2012-08-21,0.3203988893573201,0
104741,2012-08-21,0.18380758120713975,0
104742,2012-08-21,0.352188341695152,0
104743,2012-08-21,0.3904101629636672,0
104744,2012-08-21,0.23694459158653092,0
104745,2012-08-21,0.30923188277348496,1
104746,2012-08-21,0.5049445453406511,0
104747,2012-08-21,0.2946423809944966,0
104748,2012-08-21,0.6317730175584593,0
104749,2012-08-21,0.6520883573824173,0
104750,2012-08-21,0.1854061203776148,0
104751,2012-08-21,0.39789643986871653,0
104752,2012-08-21,0.19919483456661402,0
104753,2012-08-21,0.5104560393115347,1
104754,2012-08-21,0.15429399398010116,0
104755,2012-08-21,0.49010917859863884,0
104756,2012-08-21,0.36724348294643167,1
104757,2012-08-21,0.40071387637825545,0
104758,2012-08-21,0.30540481266841846,1
104759,2012-08-21,0.22037382616370374,0
104760,2012-08-21,0.6753057355527932,1
104761,2012-08-21,0.132529564061218,0
104762,2012-08-21,0.602187249563716,1
104763,2012-08-21,0.42182523405406347,0
104764,2012-08-21,0.17921425503645716,0
104765,2012-08-21,0.4013945708963193,1
104766,2012-08-21,0.5045067652619928,1
104767,2012-08-21,0.3285835746472193,0
104768,2012-08-21,0.44590955071810123,0
104769,2012-08-21,0.27818052469402915,0
104770,2012-08-21,0.39346369339875914,0
104771,2012-08-21,0.42762246466656745,0
104772,2012-08-21,0.4867129528791499,1
104773,2012-08-21,0.532786502654088,1
104774,2012-08-21,0.43464450557055534,0
104775,2012-08-21,0.42327903920987725,0
104776,2012-08-21,0.1410298618925234,0
104777,2012-08-21,0.32040940046574945,0
104778,2012-08-21,0.21103975925918433,0
104779,2012-08-21,0.11793557722664574,0
104780,2012-08-21,0.2878306442364222,0
104781,2012-08-21,0.2711961509941446,0
104782,2012-08-21,0.2230030675421022,0
104783,2012-08-21,0.5820849906947544,0
104784,2012-08-22,0.5694836814593955,0
104785,2012-08-22,0.25610872472345214,1
104786,2012-08-22,0.6461076737971798,0
104787,2012-08-22,0.28163398422762603,0
104788,2012-08-22,0.4203257786760446,0
104789,2012-08-22,0.4924339717075055,1
104790,2012-08-22,0.5647929286603833,1
104791,2012-08-22,0.41441906176254795,1
104792,2012-08-22,0.22528197520538676,0
104793,2012-08-22,0.25530504746571997,0
104794,2012-08-22,0.3027971528539104,0
104795,2012-08-22,0.35082061612894677,1
104796,2012-08-22,0.5093750163627551,0
104797,2012-08-22,0.18549342693292056,0
104798,2012-08-22,0.4352633731745075,1
104799,2012-08-22,0.3395556735183157,1
104800,2012-08-22,0.6656545365441093,1
104801,2012-08-22,0.37378899703854945,1
104802,2012-08-22,0.3806948176624703,0
104803,2012-08-22,0.22317793943746317,0
104804,2012-08-22,0.31599115629611607,0
104805,2012-08-22,0.3767330392480568,0
104806,2012-08-22,0.16367747142504913,0
104807,2012-08-22,0.5778166285387053,0
104808,2012-08-22,0.1552317907153171,0
104809,2012-08-22,0.33068769039542045,0
104810,2012-08-22,0.5791282193835544,1
104811,2012-08-22,0.17490719687673228,0
104812,2012-08-22,0.39840815376680117,1
104813,2012-08-22,0.31351731022882207,1
104814,2012-08-22,0.3118039442947509,0
104815,2012-08-22,0.45432223887390033,0
104816,2012-08-22,0.5037413941395089,0
104817,2012-08-22,0.3816146579167068,1
104818,2012-08-22,0.2510080069843803,0
104819,2012-08-22,0.2630593563389931,0
104820,2012-08-22,0.11958887675511023,0
104821,2012-08-22,0.35257504907130355,0
104822,2012-08-22,0.4783902333219924,0
104823,2012-08-22,0.24740089388262862,0
104824,2012-08-22,0.501174383049423,1
104825,2012-08-22,0.35530752963443835,0
104826,2012-08-22,0.3826812721060622,0
104827,2012-08-22,0.3384415938157101,0
104828,2012-08-22,0.6034132564753057,0
104829,2012-08-22,0.18643749282793906,0
104830,2012-08-22,0.3584851340802659,1
104831,2012-08-22,0.4556347623073252,1
104832,2012-08-22,0.13741309705486435,0
104833,2012-08-22,0.24361362452793067,0
104834,2012-08-22,0.19796997353288825,0
104835,2012-08-22,0.24030420561603816,0
104836,2012-08-22,0.3431671334905151,0
104837,2012-08-22,0.31509953138372054,1
104838,2012-08-22,0.3062492377324314,0
104839,2012-08-22,0.15999757244864798,0
104840,2012-08-22,0.2280929203082186,0
104841,2012-08-22,0.13547614394670954,0
104842,2012-08-22,0.3124470260379456,0
104843,2012-08-22,0.26261166785159934,0
104844,2012-08-22,0.4343814855136428,1
104845,2012-08-22,0.3524387375664096,0
104846,2012-08-22,0.4884780300376606,0
104847,2012-08-22,0.16293161905385276,0
104848,2012-08-22,0.42953319131614254,0
104849,2012-08-22,0.34931338867396694,0
104850,2012-08-22,0.2135622006610533,0
104851,2012-08-22,0.37119381566843646,1
104852,2012-08-22,0.2740138926524442,0
104853,2012-08-22,0.26407092868722865,0
104854,2012-08-22,0.23104846467261775,0
104855,2012-08-22,0.3919750039125902,1
104856,2012-08-22,0.5867176986725945,0
104857,2012-08-22,0.36313782152072993,0
104858,2012-08-22,0.3904407147840847,0
104859,2012-08-22,0.30788406189085243,0
104860,2012-08-22,0.4261533227220046,1
104861,2012-08-22,0.12975573655425926,0
104862,2012-08-22,0.18114785079578596,1
104863,2012-08-22,0.1813132113719986,1
104864,2012-08-22,0.32325094179982333,0
104865,2012-08-22,0.3260254139090974,0
104866,2012-08-22,0.6210566122691612,0
104867,2012-08-22,0.3333707123053372,1
104868,2012-08-22,0.14930553051391013,0
104869,2012-08-22,0.5999339620785883,1
104870,2012-08-22,0.20673675688318416,0
104871,2012-08-22,0.2753014208938937,0
104872,2012-08-22,0.5244176397803956,1
104873,2012-08-22,0.38942808007431645,0
104874,2012-08-22,0.40444041401336434,1
104875,2012-08-22,0.2922025569413891,1
104876,2012-08-22,0.42914996557755924,1
104877,2012-08-22,0.3028244692353997,0
104878,2012-08-22,0.24483718942518706,0
104879,2012-08-22,0.4241118195001569,0
104880,2012-08-22,0.37463999498063466,0
104881,2012-08-22,0.29335942470679316,0
104882,2012-08-22,0.3731991962143651,0
104883,2012-08-22,0.2523667977358054,0
104884,2012-08-22,0.04973434943727137,0
104885,2012-08-22,0.6703207185501099,0
104886,2012-08-22,0.4802975529872214,1
104887,2012-08-22,0.2994752768054384,0
104888,2012-08-22,0.2398248520026247,0
104889,2012-08-22,0.27919906859448623,0
104890,2012-08-22,0.3657825293024676,0
104891,2012-08-22,0.48677062699572543,1
104892,2012-08-22,0.29119734523549684,0
104893,2012-08-22,0.32113156017770905,0
104894,2012-08-22,0.4010911525425949,0
104895,2012-08-22,0.19677151254849415,0
104896,2012-08-22,0.2956242334551644,0
104897,2012-08-22,0.5447705742586199,0
104898,2012-08-22,0.3382199430522946,0
104899,2012-08-22,0.28985127892671475,0
104900,2012-08-22,0.13513770387614576,0
104901,2012-08-22,0.24483654383770462,0
104902,2012-08-22,0.4766205217985011,0
104903,2012-08-22,0.5128980241208332,1
104904,2012-08-22,0.20884309853224217,0
104905,2012-08-22,0.34423849271242773,1
104906,2012-08-22,0.37960018720558425,1
104907,2012-08-22,0.2281895718878791,0
104908,2012-08-22,0.2759065300748075,0
104909,2012-08-22,0.3181716142628984,1
104910,2012-08-22,0.39128854612495934,0
104911,2012-08-22,0.17453912503882224,0
104912,2012-08-22,0.5208445964231528,0
104913,2012-08-22,0.40780826806555387,0
104914,2012-08-22,0.5050721941885353,1
104915,2012-08-22,0.43566161739984083,0
104916,2012-08-22,0.39083582320472404,0
104917,2012-08-22,0.53194121374882,1
104918,2012-08-22,0.44306794307991265,1
104919,2012-08-22,0.28380891216261045,0
104920,2012-08-22,0.2646735194794437,0
104921,2012-08-22,0.22860501831039737,1
104922,2012-08-22,0.5155853198757948,0
104923,2012-08-22,0.37777640561278325,1
104924,2012-08-22,0.602059426931311,1
104925,2012-08-22,0.1124011398715268,0
104926,2012-08-22,0.21118088447497343,0
104927,2012-08-22,0.32464867063585684,0
104928,2012-08-22,0.42999233274195503,0
104929,2012-08-22,0.16738631174877142,0
104930,2012-08-22,0.3867038619781262,0
104931,2012-08-22,0.4740573878507512,1
104932,2012-08-22,0.3062960882492017,0
104933,2012-08-22,0.2518467427192369,0
104934,2012-08-22,0.4547655582689773,1
104935,2012-08-22,0.17688919675245302,0
104936,2012-08-22,0.4297663661506151,0
104937,2012-08-22,0.14676947159806275,0
104938,2012-08-22,0.6042559267810603,0
104939,2012-08-22,0.2264297979758718,0
104940,2012-08-22,0.24462076173873865,0
104941,2012-08-22,0.36288228623903074,0
104942,2012-08-22,0.3187443977687493,0
104943,2012-08-22,0.163898811049026,0
104944,2012-08-22,0.5190987057528096,0
104945,2012-08-22,0.519015303123174,0
104946,2012-08-22,0.24653332711130566,0
104947,2012-08-22,0.38919569215474864,1
104948,2012-08-22,0.32717673845224055,1
104949,2012-08-22,0.4779315461166169,0
104950,2012-08-22,0.3397967132069545,0
104951,2012-08-22,0.15256433284149837,0
104952,2012-08-22,0.2573125052343174,0
104953,2012-08-22,0.2338513772639898,1
104954,2012-08-22,0.3393435943704957,1
104955,2012-08-22,0.2253941670459807,0
104956,2012-08-22,0.17758488162405422,0
104957,2012-08-22,0.6029191161674926,1
104958,2012-08-22,0.22444273178605167,0
104959,2012-08-22,0.4366434945000481,0
104960,2012-08-22,0.38948238570832994,0
104961,2012-08-22,0.21571952824409785,0
104962,2012-08-22,0.3448930780448162,1
104963,2012-08-22,0.30331230788064034,0
104964,2012-08-22,0.3126463726492111,1
104965,2012-08-22,0.675389186677447,1
104966,2012-08-22,0.2699417205263766,0
104967,2012-08-22,0.14682983174482814,0
104968,2012-08-22,0.31183366044994687,0
104969,2012-08-22,0.24099803071348325,1
104970,2012-08-22,0.3474881910006819,0
104971,2012-08-22,0.36642598054250514,0
104972,2012-08-22,0.1969557064979204,0
104973,2012-08-22,0.40348165458986973,1
104974,2012-08-22,0.2875929542028887,0
104975,2012-08-22,0.4219539289692205,1
104976,2012-08-22,0.09133587295701909,0
104977,2012-08-22,0.3359443570553484,1
104978,2012-08-22,0.31186482138558874,0
104979,2012-08-22,0.3551842239964522,1
104980,2012-08-22,0.38940393181812116,0
104981,2012-08-22,0.5471785793795825,1
104982,2012-08-22,0.23896372730145096,0
104983,2012-08-22,0.3373042406915221,0
104984,2012-08-22,0.22160772467316758,0
104985,2012-08-22,0.3451682777423709,0
104986,2012-08-22,0.30911277882956967,0
104987,2012-08-22,0.29605788742245603,0
104988,2012-08-22,0.4003892334911536,1
104989,2012-08-22,0.3511272399039677,0
104990,2012-08-22,0.2960206582510692,0
104991,2012-08-22,0.3888167099751163,0
104992,2012-08-22,0.1786190126809825,0
104993,2012-08-22,0.4874311947131249,1
104994,2012-08-22,0.3006215125997558,0
104995,2012-08-22,0.2667157107410292,0
104996,2012-08-22,0.2541612865962805,0
104997,2012-08-22,0.3148215541873545,0
104998,2012-08-22,0.376751097725353,0
104999,2012-08-22,0.3999475673513532,1
105000,2012-08-22,0.4367368638338894,1
105001,2012-08-22,0.4070859436035562,0
105002,2012-08-22,0.5921449916037328,0
105003,2012-08-22,0.3403716059265273,0
105004,2012-08-22,0.2960538038983517,0
105005,2012-08-22,0.24618491749895424,0
105006,2012-08-22,0.35304361569730724,0
105007,2012-08-22,0.30298368312195606,1
105008,2012-08-22,0.21000621303239192,0
105009,2012-08-22,0.316742284003238,0
105010,2012-08-22,0.5019601555352106,1
105011,2012-08-22,0.21164394513796309,0
105012,2012-08-22,0.21475230971274115,1
105013,2012-08-22,0.23957737283230351,0
105014,2012-08-22,0.29761439986919197,0
105015,2012-08-22,0.2565896510709364,0
105016,2012-08-22,0.21994350175126937,0
105017,2012-08-22,0.47156149661289004,0
105018,2012-08-22,0.6331280857187418,1
105019,2012-08-22,0.3270273988507123,0
105020,2012-08-22,0.4772440119811215,1
105021,2012-08-22,0.27762787646314246,0
105022,2012-08-22,0.29366657938089413,1
105023,2012-08-22,0.46633982897077625,1
105024,2012-08-22,0.12132356445952441,0
105025,2012-08-22,0.2905798014371395,0
105026,2012-08-22,0.16392953647966033,0
105027,2012-08-22,0.16794466828567156,0
105028,2012-08-22,0.24830779528544972,0
105029,2012-08-22,0.3827558269798132,1
105030,2012-08-22,0.4141543930573443,0
105031,2012-08-22,0.366328361094674,0
105032,2012-08-22,0.4229032275267718,0
105033,2012-08-22,0.33297491979177424,0
105034,2012-08-22,0.3810834459389004,1
105035,2012-08-22,0.4270946429693811,1
105036,2012-08-22,0.3841785732741562,0
105037,2012-08-22,0.22615080261037412,1
105038,2012-08-22,0.1921643995438039,0
105039,2012-08-22,0.3439952069331883,1
105040,2012-08-22,0.2745182198706843,0
105041,2012-08-22,0.5073289400457371,1
105042,2012-08-22,0.38354502280432146,1
105043,2012-08-22,0.3752917975482325,0
105044,2012-08-22,0.3434031980990819,1
105045,2012-08-22,0.15849909384228242,0
105046,2012-08-22,0.23398300762229465,0
105047,2012-08-22,0.3458983775969458,0
105048,2012-08-22,0.48138024714590727,1
105049,2012-08-22,0.25784323803486103,0
105050,2012-08-22,0.44279071702816686,1
105051,2012-08-22,0.3310563402073147,0
105052,2012-08-22,0.19777538170439998,0
105053,2012-08-22,0.41104731390346183,0
105054,2012-08-22,0.11451068722292872,0
105055,2012-08-22,0.5614190869233486,1
105056,2012-08-22,0.29305199139611426,0
105057,2012-08-22,0.24606251608313662,1
105058,2012-08-22,0.33073237713565806,0
105059,2012-08-22,0.1458887430010115,0
105060,2012-08-22,0.3536402176917707,0
105061,2012-08-22,0.44397830158515006,0
105062,2012-08-22,0.538084159878876,1
105063,2012-08-22,0.20319839338643655,1
105064,2012-08-22,0.3736705950837707,1
105065,2012-08-22,0.33734990843855317,0
105066,2012-08-22,0.2594690743929296,0
105067,2012-08-22,0.14459986928271742,0
105068,2012-08-22,0.31712515146936004,1
105069,2012-08-22,0.235101054760888,0
105070,2012-08-22,0.3189399194539163,0
105071,2012-08-22,0.48237704565664374,1
105072,2012-08-22,0.16308109565530882,0
105073,2012-08-22,0.17431215819139478,0
105074,2012-08-22,0.19908908571711237,0
105075,2012-08-22,0.379657675250855,1
105076,2012-08-22,0.3228688412401867,0
105077,2012-08-22,0.2521681051324276,0
105078,2012-08-22,0.375122054332835,1
105079,2012-08-22,0.33428057505187087,0
105080,2012-08-22,0.5174965708296055,0
105081,2012-08-22,0.4398923517718872,1
105082,2012-08-22,0.19678374707951127,0
105083,2012-08-22,0.17753700991675903,0
105084,2012-08-22,0.2994220275815298,0
105085,2012-08-22,0.21347338765071294,0
105086,2012-08-22,0.3890634905575554,0
105087,2012-08-22,0.17576606977586304,0
105088,2012-08-22,0.25956903457071573,0
105089,2012-08-22,0.2240618884545798,0
105090,2012-08-22,0.35232435042084265,0
105091,2012-08-22,0.23999725153218396,1
105092,2012-08-22,0.7213459852174964,1
105093,2012-08-22,0.36461832647116,0
105094,2012-08-22,0.2427771600275001,0
105095,2012-08-22,0.4472047559977786,1
105096,2012-08-22,0.3458954345007673,0
105097,2012-08-22,0.327226602199756,1
105098,2012-08-22,0.3977305145720043,1
105099,2012-08-22,0.4610241465524984,0
105100,2012-08-22,0.4072690326506539,0
105101,2012-08-22,0.5162190642195736,1
105102,2012-08-22,0.36144330246257605,0
105103,2012-08-22,0.23467839773418767,0
105104,2012-08-22,0.37380813383025113,0
105105,2012-08-22,0.4411754061945525,0
105106,2012-08-22,0.3253556449595654,0
105107,2012-08-22,0.346739260719923,0
105108,2012-08-22,0.2536846041128918,0
105109,2012-08-22,0.3461068991865389,0
105110,2012-08-22,0.5077968791188179,1
105111,2012-08-22,0.3405356003771361,0
105112,2012-08-22,0.3276315625932858,0
105113,2012-08-22,0.34972950227742355,0
105114,2012-08-22,0.2812505430122652,0
105115,2012-08-22,0.23494378622005732,0
105116,2012-08-22,0.5841899428768472,1
105117,2012-08-22,0.33763304293614627,0
105118,2012-08-22,0.6338987615548044,1
105119,2012-08-22,0.38325396978504245,1
105120,2012-08-22,0.16770475761468936,0
105121,2012-08-22,0.28928734489161906,0
105122,2012-08-22,0.34195729746842396,1
105123,2012-08-22,0.5338975664050842,1
105124,2012-08-22,0.517010635817045,1
105125,2012-08-22,0.48444631869144966,0
105126,2012-08-22,0.2320085144535334,1
105127,2012-08-22,0.34935520048088764,0
105128,2012-08-22,0.3140442572342452,0
105129,2012-08-22,0.2872751760316667,0
105130,2012-08-22,0.1684961937049616,0
105131,2012-08-22,0.4689858509433661,1
105132,2012-08-22,0.22833781861708122,0
105133,2012-08-22,0.12801152684744638,0
105134,2012-08-22,0.39768228743795286,1
105135,2012-08-22,0.39817159936822216,0
105136,2012-08-22,0.20380195605731724,1
105137,2012-08-22,0.44896201966687144,1
105138,2012-08-22,0.3181189274900546,1
105139,2012-08-22,0.4346640131637652,1
105140,2012-08-22,0.3487239080506758,1
105141,2012-08-22,0.2501211459493763,0
105142,2012-08-22,0.27780037892671383,0
105143,2012-08-23,0.21029116328039468,0
105144,2012-08-23,0.4376300342109269,1
105145,2012-08-23,0.2705227364061646,0
105146,2012-08-23,0.3928057545691961,0
105147,2012-08-23,0.14090058189097532,1
105148,2012-08-23,0.294445606407084,0
105149,2012-08-23,0.372629272339562,0
105150,2012-08-23,0.18950558153106678,0
105151,2012-08-23,0.3889878727246165,0
105152,2012-08-23,0.16311215342364324,1
105153,2012-08-23,0.3499079032720204,0
105154,2012-08-23,0.3946162588685193,1
105155,2012-08-23,0.19266160136560093,0
105156,2012-08-23,0.23430071772762845,0
105157,2012-08-23,0.14193035807172621,0
105158,2012-08-23,0.2416705433685776,0
105159,2012-08-23,0.4048735699771348,0
105160,2012-08-23,0.5904408318642814,0
105161,2012-08-23,0.43330022862623363,1
105162,2012-08-23,0.4674130020828265,0
105163,2012-08-23,0.3871750980147615,1
105164,2012-08-23,0.36363928582881516,0
105165,2012-08-23,0.31322834367311353,0
105166,2012-08-23,0.48222439715474935,1
105167,2012-08-23,0.32302001706896855,1
105168,2012-08-23,0.34320692871104497,0
105169,2012-08-23,0.4707084234184858,0
105170,2012-08-23,0.32162502003433024,0
105171,2012-08-23,0.33294406360716744,0
105172,2012-08-23,0.5285629951650118,1
105173,2012-08-23,0.4590776026188878,1
105174,2012-08-23,0.2976898808263066,0
105175,2012-08-23,0.3517201120547717,1
105176,2012-08-23,0.17442878964280598,0
105177,2012-08-23,0.34055022162761794,1
105178,2012-08-23,0.1966297263146596,0
105179,2012-08-23,0.41188622017931337,1
105180,2012-08-23,0.4306700858217364,1
105181,2012-08-23,0.3706567652157824,0
105182,2012-08-23,0.404573984496101,1
105183,2012-08-23,0.2268741408964731,0
105184,2012-08-23,0.38856036418366713,0
105185,2012-08-23,0.448082650156148,1
105186,2012-08-23,0.4430814782167363,0
105187,2012-08-23,0.27770473251351685,0
105188,2012-08-23,0.4415962227712445,0
105189,2012-08-23,0.36806493725263467,1
105190,2012-08-23,0.48578576699538834,0
105191,2012-08-23,0.5024402009226935,1
105192,2012-08-23,0.44632118602738663,1
105193,2012-08-23,0.23476093889087546,0
105194,2012-08-23,0.27978951008585523,1
105195,2012-08-23,0.5255788304183832,0
105196,2012-08-23,0.2533560394969017,1
105197,2012-08-23,0.5612515642852174,0
105198,2012-08-23,0.48677120621045217,1
105199,2012-08-23,0.37857939335527885,1
105200,2012-08-23,0.5997547943943362,1
105201,2012-08-23,0.17625276904168802,0
105202,2012-08-23,0.2567453528629103,0
105203,2012-08-23,0.28092909823001094,0
105204,2012-08-23,0.5229222608957363,1
105205,2012-08-23,0.51963906305343,0
105206,2012-08-23,0.3097358085105349,0
105207,2012-08-23,0.3031415240642257,0
105208,2012-08-23,0.42128507161408607,0
105209,2012-08-23,0.2528652350001882,0
105210,2012-08-23,0.3914303262906533,0
105211,2012-08-23,0.2772154242763088,0
105212,2012-08-23,0.3187380237666363,1
105213,2012-08-23,0.41211718132655456,0
105214,2012-08-23,0.24081751719155792,0
105215,2012-08-23,0.1779659301715906,0
105216,2012-08-23,0.33527912247717634,0
105217,2012-08-23,0.36212535922072864,0
105218,2012-08-23,0.6327869532484675,1
105219,2012-08-23,0.5395027396916138,0
105220,2012-08-23,0.28210689072034395,1
105221,2012-08-23,0.24808468919942295,0
105222,2012-08-23,0.2521270578941971,0
105223,2012-08-23,0.3522866479050257,0
105224,2012-08-23,0.16213047177379705,0
105225,2012-08-23,0.5892834891687014,1
105226,2012-08-23,0.388272692586727,0
105227,2012-08-23,0.5599282979247792,1
105228,2012-08-23,0.3709513017098406,0
105229,2012-08-23,0.4604594620102427,0
105230,2012-08-23,0.4057136549385827,0
105231,2012-08-23,0.42038412728100666,0
105232,2012-08-23,0.19267590903342702,0
105233,2012-08-23,0.19383141224254938,0
105234,2012-08-23,0.33993380694263936,0
105235,2012-08-23,0.19434236049244752,0
105236,2012-08-23,0.39702941186566953,0
105237,2012-08-23,0.3455080293904929,0
105238,2012-08-23,0.6238631097068831,1
105239,2012-08-23,0.5856800922314642,0
105240,2012-08-23,0.303630194505615,1
105241,2012-08-23,0.44266625345797084,0
105242,2012-08-23,0.11698263425009586,0
105243,2012-08-23,0.28760077113685356,0
105244,2012-08-23,0.2772067947088471,1
105245,2012-08-23,0.4803007380165355,0
105246,2012-08-23,0.33740040930740056,1
105247,2012-08-23,0.2546898250165279,0
105248,2012-08-23,0.36342783702213427,1
105249,2012-08-23,0.612831758661429,0
105250,2012-08-23,0.45585563959978836,0
105251,2012-08-23,0.24334355575070496,0
105252,2012-08-23,0.30840837898998213,0
105253,2012-08-23,0.3374848150374115,1
105254,2012-08-23,0.3952626426212094,0
105255,2012-08-23,0.5159057338084739,0
105256,2012-08-23,0.3963192694869106,0
105257,2012-08-23,0.1912922533138709,0
105258,2012-08-23,0.15715736047131115,1
105259,2012-08-23,0.5032139874148276,1
105260,2012-08-23,0.48111259861307487,0
105261,2012-08-23,0.32202246533514556,1
105262,2012-08-23,0.3489113379723728,0
105263,2012-08-23,0.3822015949234982,1
105264,2012-08-23,0.15169878921283086,0
105265,2012-08-23,0.29994594622532417,0
105266,2012-08-23,0.23503029226657537,0
105267,2012-08-23,0.32229425599536116,0
105268,2012-08-23,0.1507765550864138,0
105269,2012-08-23,0.2785754574120452,0
105270,2012-08-23,0.4824290399430636,1
105271,2012-08-23,0.4225869437047953,1
105272,2012-08-23,0.4067836296946714,0
105273,2012-08-23,0.3877393213012349,1
105274,2012-08-23,0.1531137549803991,0
105275,2012-08-23,0.37232150562281124,0
105276,2012-08-23,0.18603949402184483,0
105277,2012-08-23,0.5741196394366859,0
105278,2012-08-23,0.39317456461264927,0
105279,2012-08-23,0.4316906920226808,1
105280,2012-08-23,0.5112688590567186,1
105281,2012-08-23,0.21585910210882941,0
105282,2012-08-23,0.1966297263146596,1
105283,2012-08-23,0.19685419196732873,0
105284,2012-08-23,0.5789592979546953,1
105285,2012-08-23,0.2942509538517158,0
105286,2012-08-23,0.3003503383063747,1
105287,2012-08-23,0.3542964748233123,0
105288,2012-08-23,0.6175598073621411,1
105289,2012-08-23,0.48000471520375226,1
105290,2012-08-23,0.14153404079328316,1
105291,2012-08-23,0.2690697746536829,0
105292,2012-08-23,0.0929544435184744,0
105293,2012-08-23,0.486887926511398,0
105294,2012-08-23,0.33885541123493806,0
105295,2012-08-23,0.3974460516688626,0
105296,2012-08-23,0.2641514112964507,0
105297,2012-08-23,0.331333128290337,1
105298,2012-08-23,0.15149226130006024,0
105299,2012-08-23,0.42508964391399773,1
105300,2012-08-23,0.23021812707913672,0
105301,2012-08-23,0.38651397266998777,0
105302,2012-08-23,0.4418374501290383,1
105303,2012-08-23,0.1569304444573695,0
105304,2012-08-23,0.19344996843468476,0
105305,2012-08-23,0.5561446469945094,1
105306,2012-08-23,0.20984386142420342,0
105307,2012-08-23,0.34204625229775915,0
105308,2012-08-23,0.2897116339561858,0
105309,2012-08-23,0.3605355081742141,0
105310,2012-08-23,0.21984615010297728,1
105311,2012-08-23,0.215033486575947,0
105312,2012-08-23,0.5055299588912485,0
105313,2012-08-23,0.294989534971108,0
105314,2012-08-23,0.5444291991721127,0
105315,2012-08-23,0.5220251594785392,1
105316,2012-08-23,0.3339002369233427,1
105317,2012-08-23,0.2705696414398672,0
105318,2012-08-23,0.4141934276427359,0
105319,2012-08-23,0.12910582845297208,0
105320,2012-08-23,0.3481939438168193,0
105321,2012-08-23,0.24799489692354373,0
105322,2012-08-23,0.35712957077747587,0
105323,2012-08-23,0.630667521601857,1
105324,2012-08-23,0.14114381712105795,0
105325,2012-08-23,0.11515642736491356,0
105326,2012-08-23,0.38342565923356353,0
105327,2012-08-23,0.45246219828280343,1
105328,2012-08-23,0.5399224841887487,0
105329,2012-08-23,0.36836373644303183,0
105330,2012-08-23,0.11221803798165067,0
105331,2012-08-23,0.5138347758370081,1
105332,2012-08-23,0.30675502202637084,1
105333,2012-08-23,0.36381565287244066,1
105334,2012-08-23,0.2967562437596933,1
105335,2012-08-23,0.39202131889915437,0
105336,2012-08-23,0.2597805361424732,0
105337,2012-08-23,0.18727621643443174,0
105338,2012-08-23,0.5000404072492507,1
105339,2012-08-23,0.31207971917150445,0
105340,2012-08-23,0.09515233859148599,0
105341,2012-08-23,0.49446878793328863,1
105342,2012-08-23,0.2320171877324782,0
105343,2012-08-23,0.15593235151390392,0
105344,2012-08-23,0.4498607154126051,1
105345,2012-08-23,0.2535904014421571,0
105346,2012-08-23,0.12340456946105878,0
105347,2012-08-23,0.34225943948683385,0
105348,2012-08-23,0.6100688998030963,1
105349,2012-08-23,0.32786937784666675,1
105350,2012-08-23,0.3570529894691494,1
105351,2012-08-23,0.5438335753247183,1
105352,2012-08-23,0.38127437139488285,0
105353,2012-08-23,0.4131269585483963,0
105354,2012-08-23,0.47903797146853677,0
105355,2012-08-23,0.3291785961987513,1
105356,2012-08-23,0.28450013803995167,0
105357,2012-08-23,0.4439204571095089,0
105358,2012-08-23,0.15873230645016606,0
105359,2012-08-23,0.2277289754483366,0
105360,2012-08-23,0.4061190020443702,1
105361,2012-08-23,0.41261975002243595,0
105362,2012-08-23,0.1966297263146596,1
105363,2012-08-23,0.5588178528137301,0
105364,2012-08-23,0.5654454657565647,0
105365,2012-08-23,0.14701547067260598,0
105366,2012-08-23,0.2780985293256118,0
105367,2012-08-23,0.3342062063576536,0
105368,2012-08-23,0.3730274419353982,1
105369,2012-08-23,0.2241339434935233,0
105370,2012-08-23,0.11205745530194341,0
105371,2012-08-23,0.4279554893796887,0
105372,2012-08-23,0.28895904354024693,0
105373,2012-08-23,0.5276680448797033,1
105374,2012-08-23,0.31929620496786115,0
105375,2012-08-23,0.257729101795112,1
105376,2012-08-23,0.4192523707756302,0
105377,2012-08-23,0.4419102628436832,0
105378,2012-08-23,0.36564789880154985,1
105379,2012-08-23,0.3481827369697929,1
105380,2012-08-23,0.22253511591361722,0
105381,2012-08-23,0.2972584000001939,0
105382,2012-08-23,0.4222361164450051,0
105383,2012-08-23,0.21008623590111358,0
105384,2012-08-23,0.3465439537620931,0
105385,2012-08-23,0.3047673895766219,0
105386,2012-08-23,0.2551006790045762,0
105387,2012-08-23,0.40914942996177694,0
105388,2012-08-23,0.3809698966453691,0
105389,2012-08-23,0.22620450125548255,0
105390,2012-08-23,0.16356110204491398,1
105391,2012-08-23,0.38937026325241014,0
105392,2012-08-23,0.22028882097083677,0
105393,2012-08-23,0.327322034038612,1
105394,2012-08-23,0.543131650226008,0
105395,2012-08-23,0.4038740641148617,1
105396,2012-08-23,0.3823304547676063,1
105397,2012-08-23,0.35743258797753685,0
105398,2012-08-23,0.5191697011134846,1
105399,2012-08-23,0.21799016790919484,1
105400,2012-08-23,0.5020732963037339,0
105401,2012-08-23,0.5685320163936848,1
105402,2012-08-23,0.3825388411551817,0
105403,2012-08-23,0.2202566435174728,0
105404,2012-08-23,0.6953388265113281,1
105405,2012-08-23,0.43456895644489646,1
105406,2012-08-23,0.30694255553206723,1
105407,2012-08-23,0.3288697549022512,0
105408,2012-08-23,0.1456052854543934,0
105409,2012-08-23,0.1285966618199322,0
105410,2012-08-23,0.29539540850516277,1
105411,2012-08-23,0.22529924804329227,1
105412,2012-08-23,0.36076483390781083,0
105413,2012-08-23,0.30674608515093926,0
105414,2012-08-23,0.42901994244006475,0
105415,2012-08-23,0.2694284865189782,0
105416,2012-08-23,0.2919254545183783,0
105417,2012-08-23,0.2667414595764619,0
105418,2012-08-23,0.30529033287307744,1
105419,2012-08-23,0.2602533118156482,1
105420,2012-08-23,0.5105770982214132,0
105421,2012-08-23,0.2169846773068623,1
105422,2012-08-23,0.44591430167877866,0
105423,2012-08-23,0.5152501343483135,0
105424,2012-08-23,0.29224753412818083,0
105425,2012-08-23,0.17229660318503057,0
105426,2012-08-23,0.49723933797893666,1
105427,2012-08-23,0.2400173366968546,1
105428,2012-08-23,0.29411939014676497,1
105429,2012-08-23,0.3562766772615908,0
105430,2012-08-23,0.4333056748882251,0
105431,2012-08-23,0.3397687699991358,0
105432,2012-08-23,0.59984772891555,1
105433,2012-08-23,0.2589836011873171,0
105434,2012-08-23,0.1966297263146596,1
105435,2012-08-23,0.3779932840125272,1
105436,2012-08-23,0.2136921851798365,0
105437,2012-08-23,0.39835734383246735,1
105438,2012-08-23,0.3796174878042474,1
105439,2012-08-23,0.2032183832596151,0
105440,2012-08-23,0.21407549769973513,1
105441,2012-08-23,0.1478706323873716,0
105442,2012-08-23,0.36559521110093,0
105443,2012-08-23,0.38582613589981624,0
105444,2012-08-23,0.4257459383320479,0
105445,2012-08-23,0.44668005900153246,0
105446,2012-08-23,0.2945098258160666,0
105447,2012-08-23,0.46904333510992,1
105448,2012-08-23,0.4556574796795133,0
105449,2012-08-23,0.34483348248851514,0
105450,2012-08-23,0.13385765020282017,0
105451,2012-08-23,0.4234539101717346,1
105452,2012-08-23,0.2708943985721197,1
105453,2012-08-23,0.15872445451639716,1
105454,2012-08-23,0.300142793248817,0
105455,2012-08-23,0.5681070834252088,1
105456,2012-08-23,0.27328102993981285,1
105457,2012-08-23,0.5458024570401419,0
105458,2012-08-23,0.1426163202605067,0
105459,2012-08-23,0.4875884316726206,0
105460,2012-08-23,0.5980369515835835,1
105461,2012-08-23,0.38367154454503416,0
105462,2012-08-23,0.6098698870166747,0
105463,2012-08-23,0.31582077485779186,1
105464,2012-08-23,0.46151722735426687,0
105465,2012-08-23,0.32481649913919364,0
105466,2012-08-23,0.11140645001392133,0
105467,2012-08-23,0.38210828645475053,1
105468,2012-08-23,0.3114313167761162,0
105469,2012-08-23,0.30307596385547914,0
105470,2012-08-23,0.3016540203011677,0
105471,2012-08-23,0.4527398423650438,0
105472,2012-08-23,0.23030260319384724,0
105473,2012-08-23,0.4014710980666369,0
105474,2012-08-23,0.38543227599590535,1
105475,2012-08-23,0.3899820513755917,0
105476,2012-08-23,0.17993542938137463,0
105477,2012-08-23,0.7105390920682461,1
105478,2012-08-23,0.23879901727045902,0
105479,2012-08-23,0.2775863715798913,0
105480,2012-08-23,0.33165954325532154,1
105481,2012-08-23,0.27726631550991404,0
105482,2012-08-23,0.3245701509836286,0
105483,2012-08-23,0.24352304952237572,1
105484,2012-08-23,0.16370360806516548,0
105485,2012-08-23,0.41759651695257766,0
105486,2012-08-23,0.5100405304591066,0
105487,2012-08-23,0.5852747052260969,0
105488,2012-08-23,0.23306491977106225,0
105489,2012-08-23,0.09330558248308007,0
105490,2012-08-23,0.24403202442798935,0
105491,2012-08-23,0.2676463518081907,1
105492,2012-08-23,0.3653939625190027,0
105493,2012-08-23,0.47464623670477557,1
105494,2012-08-23,0.32801705605202275,0
105495,2012-08-23,0.40051311806929335,0
105496,2012-08-23,0.3314635756909809,1
105497,2012-08-23,0.2205915585128161,0
105498,2012-08-23,0.3879627456766013,1
105499,2012-08-23,0.6386774621100941,1
105500,2012-08-23,0.27117256307102455,0
105501,2012-08-23,0.23832400910034107,0
105502,2012-08-23,0.3579054391098573,0
105503,2012-08-23,0.10454127082451625,0
105504,2012-08-23,0.5480197999019801,1
105505,2012-08-23,0.7693631957777319,1
105506,2012-08-23,0.12955143988176993,0
105507,2012-08-23,0.4571371614099725,0
105508,2012-08-23,0.1554117853147892,0
105509,2012-08-23,0.3198815727553574,1
105510,2012-08-23,0.3120244997818903,0
105511,2012-08-23,0.3267851178278121,0
105512,2012-08-23,0.4464548685754359,0
105513,2012-08-23,0.4080074959087918,1
105514,2012-08-23,0.6645827332195908,1
105515,2012-08-23,0.5427635832481655,1
105516,2012-08-23,0.1787244278796408,0
105517,2012-08-23,0.3535318984219859,0
105518,2012-08-23,0.5843107452099495,0
105519,2012-08-23,0.3146437161146787,0
105520,2012-08-23,0.31255307883258876,1
105521,2012-08-23,0.33728061790273284,0
105522,2012-08-23,0.3653755641087191,0
105523,2012-08-23,0.2924638044777569,0
105524,2012-08-23,0.16852611596453534,0
105525,2012-08-23,0.3267910977655025,0
105526,2012-08-23,0.18271758425676998,0
105527,2012-08-24,0.2241773529902193,0
105528,2012-08-24,0.5081313292367519,1
105529,2012-08-24,0.21686327489697674,0
105530,2012-08-24,0.2299180951487264,0
105531,2012-08-24,0.4441240083514663,1
105532,2012-08-24,0.2689272919966725,0
105533,2012-08-24,0.3181431385889965,0
105534,2012-08-24,0.2299180951487264,0
105535,2012-08-24,0.33067223201467894,1
105536,2012-08-24,0.3964403252942486,1
105537,2012-08-24,0.2591163910838365,0
105538,2012-08-24,0.5632308239094653,0
105539,2012-08-24,0.33160349296171987,1
105540,2012-08-24,0.13468005378641631,0
105541,2012-08-24,0.27422955270957744,0
105542,2012-08-24,0.2776422098426112,0
105543,2012-08-24,0.22466660444128414,0
105544,2012-08-24,0.41165702912457447,0
105545,2012-08-24,0.35046099704827427,0
105546,2012-08-24,0.19419872887958092,0
105547,2012-08-24,0.6121383140607287,1
105548,2012-08-24,0.25131890645443633,0
105549,2012-08-24,0.4933524098011229,0
105550,2012-08-24,0.24004176831156895,0
105551,2012-08-24,0.3088216669352763,0
105552,2012-08-24,0.37849669766222543,0
105553,2012-08-24,0.14864454210112865,1
105554,2012-08-24,0.41136614638123903,1
105555,2012-08-24,0.3186441112058529,0
105556,2012-08-24,0.5330697299345157,1
105557,2012-08-24,0.32454250403919815,0
105558,2012-08-24,0.2568832293654113,0
105559,2012-08-24,0.14974378393773607,1
105560,2012-08-24,0.2791363974171239,0
105561,2012-08-24,0.3009809375265064,0
105562,2012-08-24,0.4264587743838933,1
105563,2012-08-24,0.24965477482193357,0
105564,2012-08-24,0.140748728418944,0
105565,2012-08-24,0.1768551549570085,0
105566,2012-08-24,0.3326138372193445,0
105567,2012-08-24,0.35533594140743363,0
105568,2012-08-24,0.24979865790493874,0
105569,2012-08-24,0.3538878277547591,1
105570,2012-08-24,0.4039868307188181,0
105571,2012-08-24,0.2547493014566753,0
105572,2012-08-24,0.3511495546530466,0
105573,2012-08-24,0.4053386453975048,0
105574,2012-08-24,0.3966888399873629,0
105575,2012-08-24,0.29646826292325557,0
105576,2012-08-24,0.46527634950419355,0
105577,2012-08-24,0.3298477722879721,0
105578,2012-08-24,0.18279665211565296,1
105579,2012-08-24,0.42868095551150154,0
105580,2012-08-24,0.1292693076673797,0
105581,2012-08-24,0.19944629656587629,1
105582,2012-08-24,0.32250702927983466,1
105583,2012-08-24,0.34965307624143144,0
105584,2012-08-24,0.5106356209729169,0
105585,2012-08-24,0.42000679494752874,1
105586,2012-08-24,0.3267334572988667,0
105587,2012-08-24,0.5018717784615093,0
105588,2012-08-24,0.37599423362892065,1
105589,2012-08-24,0.5452033084287276,1
105590,2012-08-24,0.3492847144686743,0
105591,2012-08-24,0.16036710417513445,1
105592,2012-08-24,0.4781188769524802,1
105593,2012-08-24,0.41475919661392907,1
105594,2012-08-24,0.4879969345544999,0
105595,2012-08-24,0.2141549829882868,0
105596,2012-08-24,0.18894566340843363,0
105597,2012-08-24,0.43884126417673636,1
105598,2012-08-24,0.27512722507287785,1
105599,2012-08-24,0.25027954469897457,0
105600,2012-08-24,0.3690967700209107,0
105601,2012-08-24,0.25330656116611633,0
105602,2012-08-24,0.249440191040831,1
105603,2012-08-24,0.3506862386588542,1
105604,2012-08-24,0.2666245374604749,0
105605,2012-08-24,0.25355740167984925,0
105606,2012-08-24,0.21786531696688619,0
105607,2012-08-24,0.25471995455003754,0
105608,2012-08-24,0.5013603329506734,0
105609,2012-08-24,0.4440255358928825,0
105610,2012-08-24,0.18052935257615876,0
105611,2012-08-24,0.3465122838853106,0
105612,2012-08-24,0.41288638094701724,0
105613,2012-08-24,0.47663396188040213,1
105614,2012-08-24,0.3585195519534007,1
105615,2012-08-24,0.09437888915912618,0
105616,2012-08-24,0.5941590825360192,1
105617,2012-08-24,0.3608483562224735,0
105618,2012-08-24,0.23636464782562458,0
105619,2012-08-24,0.5273703731592633,1
105620,2012-08-24,0.2888706859386584,1
105621,2012-08-24,0.38333895439132676,0
105622,2012-08-24,0.11662127040501596,0
105623,2012-08-24,0.22086307640796543,0
105624,2012-08-24,0.22138244731990703,0
105625,2012-08-24,0.4070876247040889,1
105626,2012-08-24,0.2608383738081719,1
105627,2012-08-24,0.5106620090992485,0
105628,2012-08-24,0.30006802335497323,0
105629,2012-08-24,0.3891356866485137,0
105630,2012-08-24,0.45310165996184304,1
105631,2012-08-24,0.20633995628114457,0
105632,2012-08-24,0.22487788288998756,1
105633,2012-08-24,0.4747588505680562,1
105634,2012-08-24,0.2091562150954412,0
105635,2012-08-24,0.41461259597474187,0
105636,2012-08-24,0.5328293129833481,1
105637,2012-08-24,0.2485364958803521,1
105638,2012-08-24,0.17730804092161312,0
105639,2012-08-24,0.30880744397353865,1
105640,2012-08-24,0.556179106614947,1
105641,2012-08-24,0.3244995318138186,0
105642,2012-08-24,0.4147078917522297,0
105643,2012-08-24,0.21089925769000764,0
105644,2012-08-24,0.1229544751342506,0
105645,2012-08-24,0.4436810098691823,0
105646,2012-08-24,0.34252975039792344,0
105647,2012-08-24,0.24645520973324103,0
105648,2012-08-24,0.2664697350772243,0
105649,2012-08-24,0.2667345869250145,0
105650,2012-08-24,0.35446035897464473,0
105651,2012-08-24,0.25870321235665744,1
105652,2012-08-24,0.20640825312301073,0
105653,2012-08-24,0.566755990138428,0
105654,2012-08-24,0.41075775579016555,1
105655,2012-08-24,0.28579580845556296,0
105656,2012-08-24,0.49968626410049105,1
105657,2012-08-24,0.14054283836263484,0
105658,2012-08-24,0.2173368524956023,0
105659,2012-08-24,0.28518335325308036,0
105660,2012-08-24,0.19087117455169741,0
105661,2012-08-24,0.22374418895732823,0
105662,2012-08-24,0.6511533148434474,1
105663,2012-08-24,0.1889392008215746,0
105664,2012-08-24,0.35275364472150667,0
105665,2012-08-24,0.23479473168688203,0
105666,2012-08-24,0.23769737762638266,0
105667,2012-08-24,0.40186878323001834,0
105668,2012-08-24,0.25548093399065014,1
105669,2012-08-24,0.5472692118970923,0
105670,2012-08-24,0.3584531179416846,0
105671,2012-08-24,0.4149472078465655,0
105672,2012-08-24,0.2872313048972504,0
105673,2012-08-24,0.4702550436773654,0
105674,2012-08-24,0.4376046223596609,0
105675,2012-08-24,0.6132056354852587,1
105676,2012-08-24,0.31242060730360427,0
105677,2012-08-24,0.2700582865686535,1
105678,2012-08-24,0.5395968289410568,1
105679,2012-08-24,0.546482428461584,0
105680,2012-08-24,0.4014557566390018,0
105681,2012-08-24,0.6315102391692099,1
105682,2012-08-24,0.40219926592605076,1
105683,2012-08-24,0.4106812416890013,0
105684,2012-08-24,0.47775492991006335,0
105685,2012-08-24,0.19444913669449027,0
105686,2012-08-24,0.49385788302729683,0
105687,2012-08-24,0.5551361963248368,1
105688,2012-08-24,0.31473874497338133,0
105689,2012-08-24,0.4320884951296493,1
105690,2012-08-24,0.3606776423517858,1
105691,2012-08-24,0.3864271738998404,0
105692,2012-08-24,0.24515156619942255,0
105693,2012-08-24,0.23864441660055272,0
105694,2012-08-24,0.5425233558990668,0
105695,2012-08-24,0.3574023640751322,1
105696,2012-08-24,0.37572776915731826,0
105697,2012-08-24,0.25266726801729456,0
105698,2012-08-24,0.37350044197049476,1
105699,2012-08-24,0.3648577916195941,0
105700,2012-08-24,0.14682996393159553,0
105701,2012-08-24,0.5271914574402499,1
105702,2012-08-24,0.24455772844818333,0
105703,2012-08-24,0.2186875958399152,1
105704,2012-08-24,0.2138199376099833,0
105705,2012-08-24,0.25528954489023437,1
105706,2012-08-24,0.4865736035448084,1
105707,2012-08-24,0.24531870006171444,0
105708,2012-08-24,0.18328503381812614,0
105709,2012-08-24,0.4198201229090789,1
105710,2012-08-24,0.17316080664297218,0
105711,2012-08-24,0.1784078646996904,1
105712,2012-08-24,0.3790356240165161,1
105713,2012-08-24,0.3146103001848712,1
105714,2012-08-24,0.4467404822239766,0
105715,2012-08-24,0.5343813275044068,1
105716,2012-08-24,0.38732113854220357,0
105717,2012-08-24,0.48999103300284214,1
105718,2012-08-24,0.5840380951325794,1
105719,2012-08-24,0.24105706280148076,0
105720,2012-08-24,0.20337753742772638,0
105721,2012-08-24,0.5514297273565716,1
105722,2012-08-24,0.26114914312357745,0
105723,2012-08-24,0.29338465184592616,1
105724,2012-08-24,0.25683376522107315,0
105725,2012-08-24,0.3802931116182169,1
105726,2012-08-24,0.3927816315868654,1
105727,2012-08-24,0.27386466639436025,1
105728,2012-08-24,0.4077447728102671,0
105729,2012-08-24,0.1773073475344883,0
105730,2012-08-24,0.23253100300375146,0
105731,2012-08-24,0.3369290580642021,0
105732,2012-08-24,0.22779824182609903,1
105733,2012-08-24,0.4951393470384576,0
105734,2012-08-24,0.36162029144299584,0
105735,2012-08-24,0.5106920144480926,0
105736,2012-08-24,0.48124799407659014,0
105737,2012-08-24,0.25999328306640934,0
105738,2012-08-24,0.23067997829713863,0
105739,2012-08-24,0.2026947593359891,0
105740,2012-08-24,0.2944144244254218,0
105741,2012-08-24,0.21520663311327987,1
105742,2012-08-24,0.2862811357758457,0
105743,2012-08-24,0.23132219068677207,0
105744,2012-08-24,0.3939500174617705,1
105745,2012-08-24,0.28727122402154,1
105746,2012-08-25,0.3856018829733739,0
105747,2012-08-25,0.249935889978585,0
105748,2012-08-25,0.20119128352208815,1
105749,2012-08-25,0.44870421035383196,0
105750,2012-08-25,0.3700425004705921,0
105751,2012-08-25,0.25653817373484145,1
105752,2012-08-25,0.356190768038564,0
105753,2012-08-25,0.18824541055216468,0
105754,2012-08-25,0.7370920539158403,1
105755,2012-08-25,0.41027319920319333,0
105756,2012-08-25,0.4617798051656068,1
105757,2012-08-25,0.397525032672559,1
105758,2012-08-25,0.22582737063087654,0
105759,2012-08-25,0.3626250927433662,1
105760,2012-08-25,0.1991499897413205,0
105761,2012-08-25,0.49762458523098163,1
105762,2012-08-25,0.22014333767513453,0
105763,2012-08-25,0.29232473244568874,0
105764,2012-08-25,0.3312841144712082,0
105765,2012-08-25,0.3972820487374834,1
105766,2012-08-25,0.472816035843906,1
105767,2012-08-25,0.2196438019849214,0
105768,2012-08-25,0.3107093114840771,0
105769,2012-08-25,0.27357951214682663,0
105770,2012-08-25,0.33201789931294323,1
105771,2012-08-25,0.47935606499730515,1
105772,2012-08-25,0.6649519778271713,1
105773,2012-08-25,0.34821991658530277,1
105774,2012-08-25,0.4359855515247035,0
105775,2012-08-25,0.35922998385647065,1
105776,2012-08-25,0.4362008249872801,1
105777,2012-08-25,0.27285146197234345,0
105778,2012-08-25,0.47334743397915213,0
105779,2012-08-25,0.28690308169666473,0
105780,2012-08-25,0.2512397076494372,0
105781,2012-08-25,0.4701479179564657,1
105782,2012-08-25,0.3030140368480185,1
105783,2012-08-25,0.3869908283798513,1
105784,2012-08-25,0.25586198845352304,0
105785,2012-08-25,0.3497349385883438,0
105786,2012-08-25,0.3325095334129688,0
105787,2012-08-25,0.1515826810457974,0
105788,2012-08-25,0.4798739851856551,1
105789,2012-08-25,0.3287007680394197,0
105790,2012-08-25,0.19623634408180543,0
105791,2012-08-25,0.27569292147147656,0
105792,2012-08-25,0.31519670181980197,0
105793,2012-08-25,0.53460157036355,1
105794,2012-08-25,0.38705121584918256,1
105795,2012-08-25,0.34272293247524316,0
105796,2012-08-25,0.43721400439149954,1
105797,2012-08-25,0.4035109169174363,1
105798,2012-08-25,0.43840734361550054,0
105799,2012-08-25,0.4282607079226706,0
105800,2012-08-25,0.18680249632250073,0
105801,2012-08-25,0.18728895006837085,0
105802,2012-08-25,0.3776749721434689,0
105803,2012-08-25,0.5842235578606215,0
105804,2012-08-25,0.23009229563679337,0
105805,2012-08-25,0.21155750414189195,0
105806,2012-08-25,0.5175043286605971,1
105807,2012-08-25,0.41142803885304435,0
105808,2012-08-25,0.27866039418192534,0
105809,2012-08-25,0.21812613193849212,0
105810,2012-08-25,0.32795983530489514,0
105811,2012-08-25,0.44616634135173844,1
105812,2012-08-25,0.36205092604823347,0
105813,2012-08-25,0.44140695950381015,0
105814,2012-08-25,0.31222928406645123,0
105815,2012-08-25,0.3288799396170748,0
105816,2012-08-25,0.23803181684139663,1
105817,2012-08-25,0.22597251715921307,0
105818,2012-08-25,0.40388000544830205,0
105819,2012-08-25,0.282603905920986,0
105820,2012-08-25,0.2017552627116598,1
105821,2012-08-25,0.3516470636016199,0
105822,2012-08-25,0.29052866612921713,0
105823,2012-08-25,0.27411404508700954,0
105824,2012-08-25,0.34995737587961384,0
105825,2012-08-25,0.3068400089297697,0
105826,2012-08-25,0.4957633837569699,0
105827,2012-08-25,0.4745871731864047,1
105828,2012-08-25,0.2266818133126868,0
105829,2012-08-25,0.3327795053831205,1
105830,2012-08-25,0.34744096249338324,1
105831,2012-08-25,0.6475103973145087,0
105832,2012-08-25,0.3514468749741631,0
105833,2012-08-25,0.20487648035226363,0
105834,2012-08-25,0.21896404030384167,0
105835,2012-08-25,0.24346411387283523,0
105836,2012-08-25,0.47455750266259017,1
105837,2012-08-25,0.2684020026416165,0
105838,2012-08-25,0.562678606331626,1
105839,2012-08-25,0.5031095695814649,1
105840,2012-08-25,0.34727442305101996,1
105841,2012-08-25,0.4382503787885408,0
105842,2012-08-25,0.18790258194448842,0
105843,2012-08-25,0.508407809404617,1
105844,2012-08-25,0.3845842163212643,1
105845,2012-08-25,0.1618119391099492,0
105846,2012-08-25,0.20226100648429676,1
105847,2012-08-25,0.6080191853180815,1
105848,2012-08-25,0.17891749736137166,0
105849,2012-08-25,0.2939767963436178,0
105850,2012-08-25,0.4607710276366302,0
105851,2012-08-25,0.12205758695026205,0
105852,2012-08-25,0.47005864286646626,1
105853,2012-08-25,0.3262631415402969,1
105854,2012-08-25,0.46594687571111243,1
105855,2012-08-25,0.32667349461129586,1
105856,2012-08-25,0.3634551807777484,0
105857,2012-08-25,0.30367315702099035,1
105858,2012-08-25,0.18985177424535074,0
105859,2012-08-25,0.30733623980275177,0
105860,2012-08-25,0.38174869788141647,0
105861,2012-08-25,0.33204078066121556,0
105862,2012-08-25,0.39283097923875376,1
105863,2012-08-25,0.4161461722955917,1
105864,2012-08-25,0.28483549878837894,0
105865,2012-08-25,0.37511955083297993,0
105866,2012-08-25,0.24697285249980977,1
105867,2012-08-25,0.35094764254669936,1
105868,2012-08-25,0.5519875879246918,1
105869,2012-08-25,0.23389567787054505,0
105870,2012-08-25,0.22954502306009408,0
105871,2012-08-25,0.3817355281709759,0
105872,2012-08-25,0.4142848296771737,1
105873,2012-08-25,0.5624271393694474,1
105874,2012-08-25,0.4716719518194541,1
105875,2012-08-25,0.5254219642502045,1
105876,2012-08-25,0.2591289789157539,1
105877,2012-08-25,0.3983711211698485,1
105878,2012-08-25,0.4692370895453238,1
105879,2012-08-25,0.1648270586454671,0
105880,2012-08-25,0.24216567281206086,0
105881,2012-08-25,0.22495141035182947,0
105882,2012-08-25,0.3620923485774336,1
105883,2012-08-25,0.5332134461305188,1
105884,2012-08-25,0.20042168209762698,0
105885,2012-08-25,0.3068325101051029,0
105886,2012-08-25,0.29308955400209685,1
105887,2012-08-25,0.40084362905413917,1
105888,2012-08-25,0.1893802135580089,1
105889,2012-08-25,0.434262955793402,0
105890,2012-08-25,0.276248703137273,0
105891,2012-08-25,0.2501663856226999,1
105892,2012-08-25,0.38601577488618505,1
105893,2012-08-25,0.39319190438140034,0
105894,2012-08-25,0.3223927995226,1
105895,2012-08-25,0.3157127699582751,1
105896,2012-08-25,0.17978813082203807,0
105897,2012-08-25,0.32117864011272784,1
105898,2012-08-25,0.12879735807187337,0
105899,2012-08-25,0.2509993234548922,0
105900,2012-08-25,0.39882554035359613,1
105901,2012-08-25,0.1794156238219397,0
105902,2012-08-25,0.4324081802126302,1
105903,2012-08-25,0.20461675961119863,0
105904,2012-08-25,0.2646003205615401,1
105905,2012-08-25,0.3558109187398006,1
105906,2012-08-25,0.28375515703622484,0
105907,2012-08-25,0.7655090138541081,0
105908,2012-08-25,0.49351355952025155,1
105909,2012-08-25,0.33881054676450395,0
105910,2012-08-25,0.24474720575073192,0
105911,2012-08-25,0.30994499582131024,0
105912,2012-08-25,0.41974264580939463,0
105913,2012-08-25,0.12558666554367043,0
105914,2012-08-25,0.137103158588982,0
105915,2012-08-25,0.2292861563099518,0
105916,2012-08-25,0.36151313860554735,0
105917,2012-08-25,0.3382138480668674,0
105918,2012-08-25,0.2526630429061111,0
105919,2012-08-25,0.1513654157995353,0
105920,2012-08-25,0.4154893518762621,1
105921,2012-08-25,0.3963835529678048,0
105922,2012-08-25,0.20326625844168308,0
105923,2012-08-25,0.5846650165892616,0
105924,2012-08-25,0.3399173687588838,0
105925,2012-08-25,0.40116277557417407,1
105926,2012-08-25,0.3038643847677078,0
105927,2012-08-25,0.46306830995553516,1
105928,2012-08-25,0.32478001373775545,0
105929,2012-08-25,0.3721528228839063,1
105930,2012-08-25,0.3180277851711833,1
105931,2012-08-25,0.5628683757091276,1
105932,2012-08-25,0.3336178606823292,1
105933,2012-08-25,0.44809875235675656,0
105934,2012-08-25,0.2932948083904001,0
105935,2012-08-25,0.3128708550573387,0
105936,2012-08-25,0.5939692189175678,1
105937,2012-08-25,0.3402684212184509,0
105938,2012-08-25,0.3166460941789813,0
105939,2012-08-25,0.39383472456767,1
105940,2012-08-25,0.462109539571202,1
105941,2012-08-25,0.4162095498386554,1
105942,2012-08-25,0.2062826530000649,0
105943,2012-08-25,0.31696265347653607,1
105944,2012-08-25,0.6312845229026913,1
105945,2012-08-25,0.40738608185490605,1
105946,2012-08-25,0.3637752526000013,0
105947,2012-08-25,0.08132743992738621,0
105948,2012-08-25,0.1658861608082834,0
105949,2012-08-25,0.25640324165556005,0
105950,2012-08-25,0.2281249863082332,0
105951,2012-08-25,0.33884144720052495,0
105952,2012-08-25,0.2754009538884088,1
105953,2012-08-25,0.253065226311787,0
105954,2012-08-25,0.3460005286221923,0
105955,2012-08-25,0.44141958909117884,1
105956,2012-08-25,0.36082468515561755,0
105957,2012-08-25,0.1764832380714023,0
105958,2012-08-25,0.24921017661723666,0
105959,2012-08-25,0.5299447526020106,1
105960,2012-08-25,0.298588413561443,0
105961,2012-08-25,0.4732834433342609,0
105962,2012-08-25,0.2986438552494663,0
105963,2012-08-25,0.5952274212027661,1
105964,2012-08-25,0.22269474638343267,0
105965,2012-08-25,0.4034436933068501,1
105966,2012-08-25,0.3057332145599452,1
105967,2012-08-25,0.315758737895878,0
105968,2012-08-25,0.34336809491074133,0
105969,2012-08-25,0.5094741505951287,1
105970,2012-08-25,0.4784179485773978,1
105971,2012-08-25,0.35689702214788305,1
105972,2012-08-25,0.598603400322947,0
105973,2012-08-25,0.2735126091816315,0
105974,2012-08-25,0.37628282266274016,0
105975,2012-08-25,0.4674374095294478,1
105976,2012-08-25,0.27317474234687567,0
105977,2012-08-25,0.291236900489733,0
105978,2012-08-25,0.1555989951002891,0
105979,2012-08-25,0.24535057129414864,0
105980,2012-08-25,0.3045273683685732,0
105981,2012-08-25,0.24674020795815305,0
105982,2012-08-25,0.34714220492430387,1
105983,2012-08-25,0.3186333600978005,0
105984,2012-08-25,0.31028966526760676,0
105985,2012-08-25,0.22315407303589876,0
105986,2012-08-25,0.2479071774738348,1
105987,2012-08-25,0.5784418121151685,0
105988,2012-08-25,0.35366960530577113,0
105989,2012-08-25,0.34151525249119263,0
105990,2012-08-25,0.36397622925868434,1
105991,2012-08-25,0.47415237417573824,1
105992,2012-08-25,0.4613796838845832,0
105993,2012-08-25,0.386114213547553,0
105994,2012-08-25,0.555453749351007,1
105995,2012-08-25,0.38555752881331856,1
105996,2012-08-25,0.26582587855812545,1
105997,2012-08-25,0.18424718095230733,0
105998,2012-08-25,0.3437464084595309,0
105999,2012-08-25,0.23299002170723818,0
106000,2012-08-25,0.2469244528157029,0
106001,2012-08-25,0.2742470194031447,0
106002,2012-08-25,0.3319086469460153,1
106003,2012-08-25,0.1739642441169544,0
106004,2012-08-25,0.2967241758352168,0
106005,2012-08-25,0.27520229378564914,1
106006,2012-08-25,0.31518788584040786,1
106007,2012-08-25,0.36667253770258085,1
106008,2012-08-25,0.6225329541010844,1
106009,2012-08-25,0.48036435170465225,1
106010,2012-08-25,0.5144386155094729,1
106011,2012-08-25,0.08906245213715135,0
106012,2012-08-25,0.5496483005535504,1
106013,2012-08-25,0.248582135357099,1
106014,2012-08-25,0.33950008604796283,1
106015,2012-08-25,0.15214445511434693,0
106016,2012-08-25,0.35423024549746346,0
106017,2012-08-25,0.28118541665151076,0
106018,2012-08-25,0.24487325389544976,1
106019,2012-08-25,0.3198982873508452,0
106020,2012-08-25,0.27355311033041035,0
106021,2012-08-25,0.2974403744192341,0
106022,2012-08-25,0.4326527668278116,0
106023,2012-08-25,0.4482304634551635,0
106024,2012-08-25,0.3474275085299466,0
106025,2012-08-25,0.34856017688623275,1
106026,2012-08-25,0.38052165568886454,1
106027,2012-08-25,0.42568888634638613,0
106028,2012-08-25,0.39553095401380683,0
106029,2012-08-25,0.4585835884001414,0
106030,2012-08-25,0.16641869676494972,0
106031,2012-08-25,0.37243605574469085,0
106032,2012-08-25,0.49946874809188707,0
106033,2012-08-25,0.4248571573480285,1
106034,2012-08-25,0.2313464950843718,0
106035,2012-08-25,0.29790578304496035,0
106036,2012-08-25,0.5429327830573579,1
106037,2012-08-25,0.38702123434135266,1
106038,2012-08-25,0.40562860828229946,0
106039,2012-08-25,0.4388246740388438,0
106040,2012-08-25,0.5469759705591242,1
106041,2012-08-25,0.4326312253390656,1
106042,2012-08-25,0.24548255320251117,0
106043,2012-08-25,0.40507115636168406,1
106044,2012-08-25,0.21454648440012722,1
106045,2012-08-25,0.3553765391112295,0
106046,2012-08-25,0.5698160443041675,1
106047,2012-08-25,0.3659905067225003,0
106048,2012-08-25,0.3860308283557229,0
106049,2012-08-25,0.41899411991368224,0
106050,2012-08-25,0.4316960977777443,0
106051,2012-08-25,0.6270134492581776,1
106052,2012-08-25,0.17580019086921092,0
106053,2012-08-25,0.2904151246111394,0
106054,2012-08-25,0.3286737018784521,0
106055,2012-08-25,0.5339598678528439,1
106056,2012-08-25,0.15361259544935665,0
106057,2012-08-25,0.4466281471660139,1
106058,2012-08-25,0.2397193823234947,0
106059,2012-08-25,0.5465276314596264,1
106060,2012-08-25,0.4864506338225812,1
106061,2012-08-25,0.15635416271358682,0
106062,2012-08-25,0.3645483651058585,1
106063,2012-08-25,0.5852717504175183,0
106064,2012-08-25,0.40661165220347806,1
106065,2012-08-25,0.5835967779629354,1
106066,2012-08-25,0.15882870171531102,0
106067,2012-08-25,0.4069123231964223,0
106068,2012-08-25,0.14259650526221943,0
106069,2012-08-25,0.33614269815240755,1
106070,2012-08-25,0.29350464378821445,0
106071,2012-08-25,0.5074374911193914,0
106072,2012-08-25,0.15353709631561355,0
106073,2012-08-25,0.4375071903791708,1
106074,2012-08-25,0.2438370175372893,0
106075,2012-08-25,0.3625148369126265,0
106076,2012-08-25,0.7606456691504184,0
106077,2012-08-25,0.46775662105831917,0
106078,2012-08-25,0.1644123956417047,0
106079,2012-08-25,0.38661463151292425,0
106080,2012-08-25,0.37406309822080225,0
106081,2012-08-25,0.46837575377012935,1
106082,2012-08-25,0.35123937658527704,0
106083,2012-08-25,0.3930533943588086,0
106084,2012-08-25,0.25772685568223386,0
106085,2012-08-25,0.3854908610472568,1
106086,2012-08-25,0.15219769030462701,0
106087,2012-08-25,0.4241758317132713,0
106088,2012-08-25,0.45170696772164903,1
106089,2012-08-25,0.3047727679385234,0
106090,2012-08-25,0.2245719965442855,0
106091,2012-08-25,0.770561374268191,0
106092,2012-08-25,0.17785650820414925,0
106093,2012-08-25,0.2753993129975174,0
106094,2012-08-26,0.5843156331014393,1
106095,2012-08-26,0.27235399719607417,0
106096,2012-08-26,0.27333013878901236,0
106097,2012-08-26,0.39242491026483695,0
106098,2012-08-26,0.35300685558499517,0
106099,2012-08-26,0.43390455274693934,0
106100,2012-08-26,0.3278914556407122,0
106101,2012-08-26,0.41569264409484374,1
106102,2012-08-26,0.43219194841670927,1
106103,2012-08-26,0.3934918185242844,1
106104,2012-08-26,0.29869998875626097,0
106105,2012-08-26,0.2517325401816677,1
106106,2012-08-26,0.5015468836998502,0
106107,2012-08-26,0.22472315693303502,0
106108,2012-08-26,0.7652298568925008,0
106109,2012-08-26,0.4659601245800398,1
106110,2012-08-26,0.5506766196739511,1
106111,2012-08-26,0.2891290302975834,0
106112,2012-08-26,0.505219406646995,0
106113,2012-08-26,0.3521108160805946,1
106114,2012-08-26,0.5012233122834769,1
106115,2012-08-26,0.402193414207775,0
106116,2012-08-26,0.45227187681841036,0
106117,2012-08-26,0.2517771041973169,1
106118,2012-08-26,0.5464308465413392,1
106119,2012-08-26,0.5629981665719068,1
106120,2012-08-26,0.49088717713895563,1
106121,2012-08-26,0.20943280438123477,0
106122,2012-08-26,0.3389409190926826,0
106123,2012-08-26,0.596267267930304,1
106124,2012-08-26,0.08488591319833282,0
106125,2012-08-26,0.19466018128838877,0
106126,2012-08-26,0.5340743569780982,1
106127,2012-08-26,0.3069114081267653,0
106128,2012-08-26,0.24867817246194046,0
106129,2012-08-26,0.4026502925637614,1
106130,2012-08-26,0.5142461806289194,1
106131,2012-08-26,0.3695582130844892,1
106132,2012-08-26,0.2637362239498337,0
106133,2012-08-26,0.30559245628461906,0
106134,2012-08-26,0.4534291821396532,1
106135,2012-08-26,0.3063037650694695,1
106136,2012-08-26,0.4165539749842052,0
106137,2012-08-26,0.16266887772265953,0
106138,2012-08-26,0.2911034063085797,1
106139,2012-08-26,0.3564240093170941,0
106140,2012-08-26,0.4266688627996756,1
106141,2012-08-26,0.25750555624084615,0
106142,2012-08-26,0.35920361247049637,1
106143,2012-08-26,0.22815400808876024,0
106144,2012-08-26,0.4951842511883362,1
106145,2012-08-26,0.31852602854537143,0
106146,2012-08-26,0.41314910896121637,1
106147,2012-08-26,0.17838103289790858,0
106148,2012-08-26,0.30921809146157153,1
106149,2012-08-26,0.25907786601004246,0
106150,2012-08-26,0.31754962154971766,1
106151,2012-08-26,0.6091383367481662,0
106152,2012-08-26,0.20722954252811412,0
106153,2012-08-26,0.5400236073108695,0
106154,2012-08-26,0.34656747496465257,0
106155,2012-08-26,0.3526708879500688,1
106156,2012-08-26,0.19358507990010998,0
106157,2012-08-26,0.41863572457160725,0
106158,2012-08-26,0.268462447658556,0
106159,2012-08-26,0.4471120657065231,0
106160,2012-08-26,0.37147381125454004,1
106161,2012-08-26,0.2570895483048109,1
106162,2012-08-26,0.21580587596710235,0
106163,2012-08-26,0.6123699081020126,1
106164,2012-08-26,0.2711120866595259,1
106165,2012-08-26,0.3322507829465323,0
106166,2012-08-26,0.2860745663137774,1
106167,2012-08-26,0.3683903833839347,0
106168,2012-08-26,0.27724683929965854,0
106169,2012-08-26,0.3270692670008259,1
106170,2012-08-26,0.20114881044011776,0
106171,2012-08-26,0.27841406782408046,0
106172,2012-08-26,0.256110095745703,1
106173,2012-08-26,0.30656658303491896,1
106174,2012-08-26,0.36191175697890376,0
106175,2012-08-26,0.38920399131530986,0
106176,2012-08-26,0.21804734472751594,0
106177,2012-08-26,0.41103910095356616,1
106178,2012-08-26,0.5166443461069884,0
106179,2012-08-26,0.39339944605556526,0
106180,2012-08-26,0.4495037055813466,1
106181,2012-08-26,0.33281518641028657,0
106182,2012-08-26,0.3736716832915968,1
106183,2012-08-26,0.2386156365588128,0
106184,2012-08-26,0.4538966079393317,1
106185,2012-08-26,0.47074084337845096,0
106186,2012-08-26,0.5143755047522953,1
106187,2012-08-26,0.5110019432328323,1
106188,2012-08-26,0.28930090834772726,0
106189,2012-08-26,0.21322375186827275,0
106190,2012-08-26,0.42259686740342894,0
106191,2012-08-26,0.5463093888124531,0
106192,2012-08-26,0.14268571589755408,0
106193,2012-08-26,0.3172955343732496,1
106194,2012-08-26,0.4548714026847998,0
106195,2012-08-26,0.406629607096256,1
106196,2012-08-26,0.1929331754437141,0
106197,2012-08-26,0.16870028432443657,0
106198,2012-08-26,0.2895960525864992,1
106199,2012-08-26,0.22373314725268048,0
106200,2012-08-26,0.2201471480394699,0
106201,2012-08-26,0.1572348149263444,0
106202,2012-08-26,0.3249868717022502,0
106203,2012-08-26,0.17458799031753006,0
106204,2012-08-26,0.21784165770952313,0
106205,2012-08-26,0.6427459444705788,1
106206,2012-08-26,0.36814871725982934,0
106207,2012-08-26,0.09694818589900045,0
106208,2012-08-26,0.3745634203098095,0
106209,2012-08-26,0.5154829457254747,0
106210,2012-08-26,0.419226804348239,0
106211,2012-08-26,0.34399574709414843,1
106212,2012-08-26,0.39306673850359947,1
106213,2012-08-26,0.32941982840379663,0
106214,2012-08-26,0.31195113699729377,1
106215,2012-08-26,0.31859893195562633,0
106216,2012-08-26,0.1853681079790406,0
106217,2012-08-26,0.3655049208298974,0
106218,2012-08-26,0.571138721555677,1
106219,2012-08-26,0.11728635203869645,0
106220,2012-08-26,0.3086925852398524,0
106221,2012-08-26,0.21224272104266878,0
106222,2012-08-26,0.22611950445422666,0
106223,2012-08-26,0.25628041709476723,0
106224,2012-08-26,0.4740610251998593,0
106225,2012-08-26,0.299256322727665,0
106226,2012-08-26,0.43480839696727386,1
106227,2012-08-26,0.38264714195389427,0
106228,2012-08-26,0.4888692693413167,1
106229,2012-08-26,0.20702204743986113,0
106230,2012-08-26,0.22370333199619355,0
106231,2012-08-26,0.1293353894005598,1
106232,2012-08-26,0.3873041534267581,1
106233,2012-08-26,0.17905709341372783,1
106234,2012-08-26,0.4098456285573151,1
106235,2012-08-26,0.321769730271357,0
106236,2012-08-26,0.5976643365588844,1
106237,2012-08-26,0.25317076162555757,0
106238,2012-08-26,0.27062312546366285,0
106239,2012-08-26,0.3557448074526172,0
106240,2012-08-26,0.23723576801204405,0
106241,2012-08-26,0.40263838049356643,1
106242,2012-08-26,0.5393018796629028,1
106243,2012-08-26,0.24530894534018013,0
106244,2012-08-26,0.15474548804013347,0
106245,2012-08-26,0.22694145626076065,0
106246,2012-08-26,0.3873041534267581,0
106247,2012-08-26,0.23758817994510145,0
106248,2012-08-26,0.5120455407418795,1
106249,2012-08-26,0.5245125921327769,1
106250,2012-08-26,0.41610403817371244,1
106251,2012-08-26,0.25491058538191896,0
106252,2012-08-26,0.32431964842523864,0
106253,2012-08-26,0.6205904532282299,1
106254,2012-08-26,0.41849409601636844,0
106255,2012-08-26,0.4183838261242953,0
106256,2012-08-26,0.3857014691938793,0
106257,2012-08-26,0.49420059593218935,1
106258,2012-08-26,0.43458954824620244,0
106259,2012-08-26,0.3409423587973758,1
106260,2012-08-26,0.4701045430477052,0
106261,2012-08-26,0.3814945420837295,0
106262,2012-08-26,0.3873041534267581,1
106263,2012-08-26,0.3451689409937607,1
106264,2012-08-26,0.649708987591282,1
106265,2012-08-26,0.29494845565509464,0
106266,2012-08-26,0.27290849335339756,0
106267,2012-08-26,0.2024388975394519,0
106268,2012-08-26,0.42454461041535446,1
106269,2012-08-26,0.1625600315782106,0
106270,2012-08-26,0.32911391850857036,0
106271,2012-08-26,0.15657878024349348,0
106272,2012-08-26,0.3076151097648508,1
106273,2012-08-26,0.30602832834792654,0
106274,2012-08-26,0.3281703886218835,0
106275,2012-08-26,0.5551846843263569,0
106276,2012-08-26,0.26931574517264145,0
106277,2012-08-26,0.38566524326886575,1
106278,2012-08-26,0.4304286359928748,1
106279,2012-08-26,0.38933571446889637,1
106280,2012-08-26,0.527348220244597,1
106281,2012-08-26,0.4772589016958927,0
106282,2012-08-26,0.27274519695956606,1
106283,2012-08-26,0.2773759596056796,1
106284,2012-08-26,0.5859466327904164,1
106285,2012-08-26,0.21364564664356814,0
106286,2012-08-26,0.24835010522479764,1
106287,2012-08-26,0.4319256899906931,1
106288,2012-08-26,0.7667461323743441,0
106289,2012-08-26,0.13613679374087737,0
106290,2012-08-26,0.14807252925042352,0
106291,2012-08-26,0.19895991260399193,0
106292,2012-08-26,0.3422535590833832,1
106293,2012-08-26,0.38425255262277236,0
106294,2012-08-26,0.6220619507414531,0
106295,2012-08-26,0.29039773538308117,0
106296,2012-08-26,0.3960099252366906,0
106297,2012-08-26,0.5067348668515077,1
106298,2012-08-26,0.3942537005964023,0
106299,2012-08-26,0.3621633351410781,0
106300,2012-08-26,0.4967766463333183,1
106301,2012-08-26,0.3084164887243161,0
106302,2012-08-26,0.5083029570124694,1
106303,2012-08-26,0.3767561426724465,0
106304,2012-08-26,0.12963258830037255,0
106305,2012-08-26,0.3685834058090074,0
106306,2012-08-26,0.35979558827626434,0
106307,2012-08-26,0.27915245437080466,1
106308,2012-08-26,0.28409146112324746,0
106309,2012-08-26,0.24172709330523626,1
106310,2012-08-26,0.373385635875251,0
106311,2012-08-26,0.16181347516645414,0
106312,2012-08-26,0.33222512950630706,0
106313,2012-08-26,0.1610402538383418,0
106314,2012-08-26,0.5507338139756206,0
106315,2012-08-26,0.3878096338993048,0
106316,2012-08-26,0.604008230345287,0
106317,2012-08-26,0.16009781893425074,0
106318,2012-08-26,0.31053258338509554,0
106319,2012-08-26,0.2530389434685096,0
106320,2012-08-26,0.23630937772525745,0
106321,2012-08-26,0.3526080319857226,1
106322,2012-08-26,0.44806561058176353,0
106323,2012-08-26,0.4305695721464036,0
106324,2012-08-26,0.48078229621464397,1
106325,2012-08-26,0.5957941343263435,1
106326,2012-08-26,0.3329033563427134,1
106327,2012-08-26,0.2424118056231311,0
106328,2012-08-26,0.2397235270914583,0
106329,2012-08-26,0.4196361748263565,0
106330,2012-08-26,0.6269137222519537,0
106331,2012-08-26,0.25189503300002997,0
106332,2012-08-26,0.5399123346365506,0
106333,2012-08-26,0.5904188984943899,1
106334,2012-08-26,0.48381436000376316,1
106335,2012-08-26,0.23821063518919477,1
106336,2012-08-26,0.38422945296599254,1
106337,2012-08-26,0.5267636146642056,1
106338,2012-08-26,0.2471125551784501,0
106339,2012-08-26,0.25606188206448394,0
106340,2012-08-26,0.3077986593371514,0
106341,2012-08-26,0.3841233290766284,0
106342,2012-08-26,0.41529662317357596,1
106343,2012-08-26,0.4756295325406181,0
106344,2012-08-26,0.17486482165861197,1
106345,2012-08-26,0.5001693537596398,1
106346,2012-08-26,0.24436056978229231,0
106347,2012-08-26,0.2012941696098388,0
106348,2012-08-26,0.3835315342109354,1
106349,2012-08-26,0.12972913617370546,0
106350,2012-08-26,0.21886054123628076,0
106351,2012-08-26,0.344268290115211,0
106352,2012-08-26,0.27008414952530657,0
106353,2012-08-26,0.33248941733332293,0
106354,2012-08-26,0.2937187643281301,1
106355,2012-08-26,0.3653796318133125,0
106356,2012-08-26,0.23383651538786626,0
106357,2012-08-26,0.17182520960637787,0
106358,2012-08-26,0.5268152582621296,0
106359,2012-08-26,0.5251364715671565,1
106360,2012-08-26,0.40792935993640594,1
106361,2012-08-26,0.47531404721388576,0
106362,2012-08-26,0.4766163276677564,0
106363,2012-08-26,0.2489347871249043,0
106364,2012-08-26,0.47098149987751387,1
106365,2012-08-26,0.3829905163156904,0
106366,2012-08-26,0.2775986497427908,0
106367,2012-08-26,0.352214802416542,0
106368,2012-08-26,0.24898159649861745,0
106369,2012-08-26,0.2025653246309411,0
106370,2012-08-26,0.1951243595792848,1
106371,2012-08-26,0.49651378117975714,0
106372,2012-08-26,0.44748881373906674,1
106373,2012-08-26,0.176898731896675,0
106374,2012-08-26,0.24455213271874326,0
106375,2012-08-26,0.3104495287461242,0
106376,2012-08-26,0.368081014586631,0
106377,2012-08-26,0.3984217155576629,0
106378,2012-08-26,0.17680256692994514,0
106379,2012-08-26,0.3234158081172464,1
106380,2012-08-26,0.20916151964519655,0
106381,2012-08-26,0.38275460221028224,0
106382,2012-08-26,0.2611409226274731,1
106383,2012-08-26,0.35476848225440855,0
106384,2012-08-26,0.3644304224072832,0
106385,2012-08-26,0.2701589686255444,0
106386,2012-08-26,0.39949736510587924,0
106387,2012-08-26,0.515035484160243,1
106388,2012-08-26,0.3750112099491845,0
106389,2012-08-26,0.6196584166757281,1
106390,2012-08-26,0.37801560000918477,0
106391,2012-08-26,0.6267022738092034,1
106392,2012-08-26,0.29009328370345694,0
106393,2012-08-26,0.39095290354638174,0
106394,2012-08-26,0.26498134601726525,0
106395,2012-08-26,0.17394730660174362,0
106396,2012-08-26,0.26244203414508166,0
106397,2012-08-26,0.4611103440408361,1
106398,2012-08-26,0.15724063853685633,0
106399,2012-08-26,0.4507292081818279,1
106400,2012-08-26,0.3388998507930474,0
106401,2012-08-26,0.4009483281590103,0
106402,2012-08-26,0.31424039119211805,0
106403,2012-08-26,0.40011268779702347,0
106404,2012-08-26,0.23690233168856825,0
106405,2012-08-26,0.2512236096661252,1
106406,2012-08-26,0.17110809040613648,0
106407,2012-08-26,0.33629929054782387,0
106408,2012-08-26,0.541695465888312,1
106409,2012-08-26,0.17127930914621028,0
106410,2012-08-26,0.130448616226539,0
106411,2012-08-26,0.31925077364843374,1
106412,2012-08-26,0.46199724122615277,0
106413,2012-08-26,0.3741645279678377,0
106414,2012-08-26,0.27468556212268164,0
106415,2012-08-26,0.3590856068320202,1
106416,2012-08-26,0.26871062418951036,0
106417,2012-08-26,0.5401604216591853,1
106418,2012-08-26,0.32391340323476764,0
106419,2012-08-26,0.34647722448594265,0
106420,2012-08-26,0.2863609164690184,0
106421,2012-08-26,0.19981856239379436,0
106422,2012-08-26,0.5909141612209164,1
106423,2012-08-26,0.32442898025493416,0
106424,2012-08-26,0.3325020893371045,1
106425,2012-08-26,0.21206189322324914,0
106426,2012-08-26,0.49057670042245577,0
106427,2012-08-26,0.2574046868430874,0
106428,2012-08-26,0.2406097695229117,0
106429,2012-08-26,0.2592088998616171,0
106430,2012-08-26,0.36419767902320765,0
106431,2012-08-26,0.3356163426750749,1
106432,2012-08-26,0.44559478273121705,1
106433,2012-08-26,0.20589083718183396,0
106434,2012-08-26,0.3971868789137252,0
106435,2012-08-26,0.2956782299505497,0
106436,2012-08-26,0.4278630601915225,0
106437,2012-08-26,0.20008736750020142,0
106438,2012-08-26,0.2930518152708098,0
106439,2012-08-26,0.3715905391412729,0
106440,2012-08-26,0.14705876060659523,0
106441,2012-08-26,0.19918661801282,0
106442,2012-08-26,0.24697626984292476,0
106443,2012-08-26,0.5400243394042854,1
106444,2012-08-26,0.21171466584678883,0
106445,2012-08-26,0.27851060938976974,0
106446,2012-08-26,0.3631790571451721,0
106447,2012-08-26,0.2707455267312171,0
106448,2012-08-26,0.48179279392199487,0
106449,2012-08-26,0.43387598286094553,1
106450,2012-08-26,0.2292966530619581,0
106451,2012-08-26,0.4081422686608996,0
106452,2012-08-26,0.18685509066712971,0
106453,2012-08-26,0.1277997367294716,0
106454,2012-08-26,0.3940641750494227,0
106455,2012-08-26,0.41014274660212763,0
106456,2012-08-26,0.37896553992699294,0
106457,2012-08-26,0.4376290880912399,1
106458,2012-08-26,0.27278677781881605,1
106459,2012-08-26,0.26992377584043276,0
106460,2012-08-26,0.5072191234693226,1
106461,2012-08-26,0.33018264933301894,0
106462,2012-08-26,0.39040654513960804,1
106463,2012-08-26,0.3349740488062505,1
106464,2012-08-26,0.43138534295044295,1
106465,2012-08-26,0.3873041534267581,0
106466,2012-08-26,0.2764048664060575,0
106467,2012-08-26,0.5839865789078184,0
106468,2012-08-26,0.34587761108556025,0
106469,2012-08-26,0.2963802550768051,0
106470,2012-08-26,0.23127671720002801,0
106471,2012-08-26,0.5594566897712543,1
106472,2012-08-26,0.491501556523767,0
106473,2012-08-26,0.13317696730429845,1
106474,2012-08-26,0.35544439113256926,0
106475,2012-08-26,0.2998336135138062,0
106476,2012-08-26,0.25605323181679024,1
106477,2012-08-26,0.4517720405618136,1
106478,2012-08-26,0.4967810436989563,0
106479,2012-08-26,0.21603086645677314,0
106480,2012-08-26,0.5070310844806634,0
106481,2012-08-26,0.2312087578578101,0
106482,2012-08-26,0.3313292414732631,0
106483,2012-08-26,0.4113454829132279,1
106484,2012-08-26,0.41773048448143746,1
106485,2012-08-26,0.23438695142368948,0
106486,2012-08-26,0.2794939397027332,0
106487,2012-08-26,0.4129606159462045,1
106488,2012-08-26,0.4264582075751738,1
106489,2012-08-26,0.3367150768034857,1
106490,2012-08-26,0.5303973069700705,1
106491,2012-08-26,0.30269540638819503,0
106492,2012-08-26,0.21630747510780593,1
106493,2012-08-26,0.47594903481498924,0
106494,2012-08-26,0.45626042801362177,0
106495,2012-08-26,0.40242339882465955,0
106496,2012-08-26,0.2423231457891676,0
106497,2012-08-26,0.3221809611386226,0
106498,2012-08-26,0.13752810041170033,1
106499,2012-08-26,0.21299580712821115,0
106500,2012-08-26,0.18145250939419855,1
106501,2012-08-26,0.40834654131146064,0
106502,2012-08-26,0.19637667621878063,0
106503,2012-08-26,0.3708224424397242,0
106504,2012-08-26,0.3204905865987482,0
106505,2012-08-26,0.20596183424644635,0
106506,2012-08-26,0.41958300261096454,0
106507,2012-08-26,0.2798683780832316,0
106508,2012-08-26,0.20658684874249864,0
106509,2012-08-26,0.3437626026577549,0
106510,2012-08-26,0.41519564766789624,1
106511,2012-08-26,0.19810631024560935,0
106512,2012-08-26,0.36520768701860923,0
106513,2012-08-26,0.4067875024100129,0
106514,2012-08-26,0.41996094203412276,0
106515,2012-08-26,0.35182134047340546,0
106516,2012-08-26,0.376073516146896,1
106517,2012-08-26,0.1319500056008084,0
106518,2012-08-26,0.3316707143324571,1
106519,2012-08-26,0.23081023600835612,0
106520,2012-08-26,0.19209183044125677,0
106521,2012-08-26,0.26448485585752585,1
106522,2012-08-26,0.46774946218323377,1
106523,2012-08-26,0.39305060052094115,1
106524,2012-08-26,0.1662864380649738,0
106525,2012-08-26,0.5429471192920181,1
106526,2012-08-26,0.4595801806038674,0
106527,2012-08-26,0.19727674689820787,0
106528,2012-08-26,0.09036462659168405,0
106529,2012-08-26,0.3504313250967705,0
106530,2012-08-26,0.09367624616981036,0
106531,2012-08-26,0.3571091516569364,1
106532,2012-08-26,0.2674262582843925,0
106533,2012-08-26,0.3397717477369846,0
106534,2012-08-26,0.31392989176380737,0
106535,2012-08-26,0.22870879472412287,0
106536,2012-08-26,0.1891526958954692,0
106537,2012-08-26,0.2707180923443702,1
106538,2012-08-26,0.21748377610583972,0
106539,2012-08-26,0.23826613350626094,1
106540,2012-08-26,0.16648947407027884,0
106541,2012-08-26,0.2535691342049929,0
106542,2012-08-26,0.4281817296238496,1
106543,2012-08-26,0.14468071791649204,0
106544,2012-08-26,0.12141689207137842,0
106545,2012-08-26,0.21681212894062019,0
106546,2012-08-26,0.5012014113815381,1
106547,2012-08-26,0.1847718955840412,0
106548,2012-08-26,0.32392946263746564,1
106549,2012-08-26,0.37215947632006663,0
106550,2012-08-26,0.25782033805513377,0
106551,2012-08-26,0.18836337223307914,0
106552,2012-08-26,0.4208618756803183,0
106553,2012-08-26,0.3299785768758312,0
106554,2012-08-26,0.22835036385239646,0
106555,2012-08-26,0.09726725938627974,0
106556,2012-08-26,0.3434320514194232,0
106557,2012-08-26,0.3183135030833913,0
106558,2012-08-26,0.21453657831988723,0
106559,2012-08-26,0.3543382748836954,0
106560,2012-08-26,0.3411754449234295,0
106561,2012-08-26,0.5776722457307935,1
106562,2012-08-26,0.47444170150659554,1
106563,2012-08-26,0.4080135740888092,1
106564,2012-08-26,0.41960017354715085,0
106565,2012-08-26,0.4203711930558099,1
106566,2012-08-26,0.5150638388454873,1
106567,2012-08-26,0.3424483992884022,1
106568,2012-08-26,0.3317861447634357,0
106569,2012-08-26,0.39350355771385226,0
106570,2012-08-26,0.47590486096722345,1
106571,2012-08-26,0.3855402767762105,0
106572,2012-08-26,0.2941643280493392,0
106573,2012-08-26,0.3540307579546692,1
106574,2012-08-26,0.24381107871443436,0
106575,2012-08-26,0.27148453499224134,0
106576,2012-08-26,0.45315881602654234,0
106577,2012-08-26,0.200572307451207,0
106578,2012-08-26,0.25801926511475604,0
106579,2012-08-26,0.3312153693210789,0
106580,2012-08-26,0.2949076898338006,0
106581,2012-08-26,0.5193640403211947,1
106582,2012-08-26,0.10491842476340851,0
106583,2012-08-26,0.6687288510036639,1
106584,2012-08-26,0.4226268613850057,1
106585,2012-08-26,0.41711011646067575,1
106586,2012-08-26,0.6070641399309387,0
106587,2012-08-26,0.3365194191368147,0
106588,2012-08-26,0.5531626662987353,1
106589,2012-08-27,0.5320970095644916,1
106590,2012-08-27,0.23085254549604847,0
106591,2012-08-27,0.20845418264899973,0
106592,2012-08-27,0.5054785514635514,0
106593,2012-08-27,0.44951152691176444,1
106594,2012-08-27,0.24255963964041324,0
106595,2012-08-27,0.5919406621838343,1
106596,2012-08-27,0.5295836360187165,0
106597,2012-08-27,0.330026653416189,1
106598,2012-08-27,0.44468227532781396,1
106599,2012-08-27,0.4961419937706443,1
106600,2012-08-27,0.5880560393297302,0
106601,2012-08-27,0.28848694704588695,0
106602,2012-08-27,0.2639866774746012,0
106603,2012-08-27,0.2169177399491676,0
106604,2012-08-27,0.32605178630852205,1
106605,2012-08-27,0.4002777845864237,0
106606,2012-08-27,0.5430647495693607,1
106607,2012-08-27,0.3803029995202482,0
106608,2012-08-27,0.18955843578291678,1
106609,2012-08-27,0.15896411050476417,0
106610,2012-08-27,0.43847119716007715,1
106611,2012-08-27,0.31738235153485117,1
106612,2012-08-27,0.36872851849234745,0
106613,2012-08-27,0.20017277283850976,0
106614,2012-08-27,0.31994180240357206,0
106615,2012-08-27,0.3313458490687074,1
106616,2012-08-27,0.23908474880171893,1
106617,2012-08-27,0.3260478331087163,0
106618,2012-08-27,0.26431080308233823,0
106619,2012-08-27,0.29058726198671647,0
106620,2012-08-27,0.2935253255972577,0
106621,2012-08-27,0.2581451323642955,0
106622,2012-08-27,0.2542418649835801,0
106623,2012-08-27,0.2076545132761834,0
106624,2012-08-27,0.2793078289868996,0
106625,2012-08-27,0.4778948714016692,0
106626,2012-08-27,0.4718454073306159,1
106627,2012-08-27,0.4731599921165672,0
106628,2012-08-27,0.27569215338043523,0
106629,2012-08-27,0.5120624543101828,1
106630,2012-08-27,0.5854435543683201,1
106631,2012-08-27,0.38289605110167635,1
106632,2012-08-27,0.3657409198437366,1
106633,2012-08-27,0.14970382913150238,0
106634,2012-08-27,0.2976711071042963,0
106635,2012-08-27,0.4801395492184162,0
106636,2012-08-27,0.3977821390935084,0
106637,2012-08-27,0.3514707205136563,1
106638,2012-08-27,0.4072848636001037,0
106639,2012-08-27,0.17667525086564334,1
106640,2012-08-27,0.2750678175074091,0
106641,2012-08-27,0.3573786312136316,1
106642,2012-08-27,0.26781433313637454,1
106643,2012-08-27,0.2824020021036315,0
106644,2012-08-27,0.23813226944346502,0
106645,2012-08-27,0.18691660728701506,0
106646,2012-08-27,0.26040505939855946,0
106647,2012-08-27,0.24157281106683687,0
106648,2012-08-27,0.2699721963458581,0
106649,2012-08-27,0.08619141474183986,0
106650,2012-08-27,0.3468517055451707,0
106651,2012-08-27,0.48796744137047066,1
106652,2012-08-27,0.14966077846967263,0
106653,2012-08-27,0.6608703622173081,0
106654,2012-08-27,0.2432204618002588,0
106655,2012-08-27,0.5277035438869109,0
106656,2012-08-27,0.2350025909796109,0
106657,2012-08-27,0.24793073946561076,1
106658,2012-08-27,0.4696574352290041,1
106659,2012-08-27,0.3404360421776756,0
106660,2012-08-27,0.18113751871277067,0
106661,2012-08-27,0.19171964520520943,0
106662,2012-08-27,0.49579437899166645,1
106663,2012-08-27,0.6053779369153666,1
106664,2012-08-27,0.49301230296078286,0
106665,2012-08-27,0.3783216491145691,1
106666,2012-08-27,0.41039665840501083,1
106667,2012-08-27,0.2533189608013715,0
106668,2012-08-27,0.4135912917532122,0
106669,2012-08-27,0.3299388585583288,1
106670,2012-08-27,0.48158949057766254,0
106671,2012-08-27,0.18330455071362892,1
106672,2012-08-27,0.20792203931909883,0
106673,2012-08-27,0.5122839170833787,1
106674,2012-08-27,0.4055622314807548,0
106675,2012-08-27,0.26046058552544044,0
106676,2012-08-27,0.2544243443905329,0
106677,2012-08-27,0.48240634542882915,0
106678,2012-08-27,0.4090249175644124,0
106679,2012-08-27,0.30149514993611404,0
106680,2012-08-27,0.2899037876355706,0
106681,2012-08-27,0.1584221833957962,1
106682,2012-08-27,0.28162966821137786,0
106683,2012-08-27,0.23044700071331534,0
106684,2012-08-27,0.42632724799972005,0
106685,2012-08-27,0.5936431451692843,1
106686,2012-08-27,0.35682924781074793,0
106687,2012-08-27,0.254702830941452,0
106688,2012-08-27,0.12459448019017927,0
106689,2012-08-27,0.32930539989872815,0
106690,2012-08-27,0.22747871786297807,0
106691,2012-08-27,0.19082173994138868,0
106692,2012-08-27,0.2724073081435765,0
106693,2012-08-27,0.44812097698610626,0
106694,2012-08-27,0.14121439067800984,0
106695,2012-08-27,0.5503894930793237,0
106696,2012-08-27,0.2930457380632301,0
106697,2012-08-27,0.5319654804110455,0
106698,2012-08-27,0.24634081345241904,0
106699,2012-08-27,0.29184792611695287,0
106700,2012-08-27,0.4293183969918621,1
106701,2012-08-27,0.30736141953811047,0
106702,2012-08-27,0.4212354221565825,1
106703,2012-08-27,0.2891180649300864,1
106704,2012-08-27,0.2689762705625333,1
106705,2012-08-27,0.37790559981641403,0
106706,2012-08-27,0.37311547174067394,0
106707,2012-08-27,0.3314650586621701,1
106708,2012-08-27,0.42272096897085193,0
106709,2012-08-27,0.6125703071642774,1
106710,2012-08-27,0.33138226123496733,1
106711,2012-08-27,0.33377818651918395,0
106712,2012-08-27,0.21290467771726315,0
106713,2012-08-27,0.27443681993325153,0
106714,2012-08-27,0.22064874415084224,0
106715,2012-08-27,0.37953973207116043,1
106716,2012-08-27,0.27799798831523537,1
106717,2012-08-27,0.1049663110170015,0
106718,2012-08-27,0.43659932719861216,1
106719,2012-08-27,0.3740897496889074,0
106720,2012-08-27,0.3092643960984414,0
106721,2012-08-27,0.264819451144818,1
106722,2012-08-27,0.2984646754360035,0
106723,2012-08-27,0.28389801385741525,1
106724,2012-08-27,0.32516447105018476,0
106725,2012-08-27,0.4108935233084322,1
106726,2012-08-27,0.3724451738641349,0
106727,2012-08-28,0.4849458641284817,1
106728,2012-08-28,0.21912224378864115,0
106729,2012-08-28,0.411421258886458,1
106730,2012-08-28,0.32663765345246254,0
106731,2012-08-28,0.24510561157684035,1
106732,2012-08-28,0.6171368744011544,0
106733,2012-08-28,0.23070718736161594,0
106734,2012-08-28,0.2299193736531226,0
106735,2012-08-28,0.6009737907394141,1
106736,2012-08-28,0.36405190708805363,1
106737,2012-08-28,0.2568506005532469,0
106738,2012-08-28,0.3754989825257566,0
106739,2012-08-28,0.18051206291768515,0
106740,2012-08-28,0.3647383476554008,1
106741,2012-08-28,0.4136743553193337,1
106742,2012-08-28,0.38551770498190874,0
106743,2012-08-28,0.3626576213956838,0
106744,2012-08-28,0.4479631505802131,1
106745,2012-08-28,0.27838962491244473,0
106746,2012-08-28,0.10590833584406678,0
106747,2012-08-28,0.5248800168865444,1
106748,2012-08-28,0.562178976076306,1
106749,2012-08-28,0.5066483449170883,0
106750,2012-08-28,0.3165224358698363,0
106751,2012-08-28,0.548938159544849,1
106752,2012-08-28,0.3629019636276501,1
106753,2012-08-28,0.16982842900128375,0
106754,2012-08-28,0.11410429153863923,0
106755,2012-08-28,0.2641024911468099,1
106756,2012-08-28,0.27014273211411044,0
106757,2012-08-28,0.1599006708055074,0
106758,2012-08-28,0.19085496782177652,0
106759,2012-08-28,0.3541810828864159,0
106760,2012-08-28,0.425132103307127,1
106761,2012-08-28,0.7001093146850165,1
106762,2012-08-28,0.3878301177065196,1
106763,2012-08-28,0.2850902725875575,1
106764,2012-08-28,0.42703659204330957,0
106765,2012-08-28,0.389320705712009,0
106766,2012-08-28,0.5621527105422653,1
106767,2012-08-28,0.22976031114570267,0
106768,2012-08-28,0.33793275933253214,0
106769,2012-08-28,0.37979541862791394,0
106770,2012-08-28,0.37985628729101967,1
106771,2012-08-28,0.48564631411836684,0
106772,2012-08-28,0.48034337586049763,1
106773,2012-08-28,0.36639512875108227,0
106774,2012-08-28,0.3808775611152805,1
106775,2012-08-28,0.2943543610241046,1
106776,2012-08-28,0.22523777707516857,1
106777,2012-08-28,0.5654168713716218,1
106778,2012-08-28,0.20007925435883692,0
106779,2012-08-28,0.19222274445580173,0
106780,2012-08-28,0.32992040846520393,0
106781,2012-08-28,0.21333742360892544,1
106782,2012-08-28,0.15289252963803712,0
106783,2012-08-28,0.2510756231122969,0
106784,2012-08-28,0.1455085064275234,1
106785,2012-08-28,0.3883429662397949,0
106786,2012-08-28,0.3750634512586892,0
106787,2012-08-28,0.3249882870960035,0
106788,2012-08-28,0.6751753202277444,1
106789,2012-08-28,0.4830768138734977,0
106790,2012-08-28,0.4377570456367953,0
106791,2012-08-28,0.31081388664440557,0
106792,2012-08-28,0.343713399964349,0
106793,2012-08-28,0.36969468308990827,1
106794,2012-08-28,0.4231210656390942,0
106795,2012-08-28,0.5582183160047259,1
106796,2012-08-28,0.49364217879775607,1
106797,2012-08-28,0.1930619880525403,1
106798,2012-08-28,0.20015387875456614,0
106799,2012-08-28,0.42290868667608533,1
106800,2012-08-28,0.5467683849954079,0
106801,2012-08-28,0.21008814983336924,0
106802,2012-08-28,0.34995091305442144,1
106803,2012-08-28,0.22240528252050418,0
106804,2012-08-28,0.1884367390370657,1
106805,2012-08-28,0.36394775439197036,0
106806,2012-08-28,0.3946083015046632,0
106807,2012-08-28,0.3429500783198921,0
106808,2012-08-28,0.3477019589816588,0
106809,2012-08-28,0.4113593564060619,1
106810,2012-08-28,0.21087675544357123,1
106811,2012-08-28,0.4101355482653265,0
106812,2012-08-28,0.33307829351101503,0
106813,2012-08-28,0.27197407214309066,0
106814,2012-08-28,0.252159993864027,1
106815,2012-08-28,0.4413478180890312,0
106816,2012-08-28,0.21404574390239303,0
106817,2012-08-28,0.5651720971944614,1
106818,2012-08-28,0.32198097389640734,1
106819,2012-08-28,0.3215504395633231,0
106820,2012-08-28,0.19561240393460688,0
106821,2012-08-28,0.22776560172357518,1
106822,2012-08-28,0.17535967369673833,0
106823,2012-08-28,0.40482973539201234,1
106824,2012-08-28,0.480488733877094,1
106825,2012-08-28,0.39022858746676675,0
106826,2012-08-28,0.520928657227344,0
106827,2012-08-28,0.2975624791541582,0
106828,2012-08-28,0.3980381862525138,0
106829,2012-08-28,0.27142703152724446,0
106830,2012-08-28,0.7081657562272471,0
106831,2012-08-28,0.14390422764018565,0
106832,2012-08-28,0.25752437392074895,1
106833,2012-08-28,0.3964181062598881,1
106834,2012-08-28,0.38287277156812616,1
106835,2012-08-28,0.2461997573934529,1
106836,2012-08-28,0.43486324579489305,0
106837,2012-08-28,0.3569120755336852,0
106838,2012-08-28,0.462748537653202,1
106839,2012-08-28,0.302871247577875,0
106840,2012-08-28,0.14607313560076715,0
106841,2012-08-28,0.2988874362785695,1
106842,2012-08-28,0.4456597889329033,0
106843,2012-08-28,0.2109446536878472,0
106844,2012-08-28,0.6413937563419116,1
106845,2012-08-28,0.3777095861886099,0
106846,2012-08-28,0.35672724666446504,1
106847,2012-08-28,0.1856542832298773,0
106848,2012-08-28,0.25854290626747667,0
106849,2012-08-28,0.46622728631913024,0
106850,2012-08-28,0.16983216990190103,1
106851,2012-08-28,0.1801793139523999,0
106852,2012-08-28,0.22984760311123087,0
106853,2012-08-28,0.21058185677093802,0
106854,2012-08-28,0.3785846374657145,0
106855,2012-08-28,0.23722629671145803,1
106856,2012-08-28,0.28597843835876335,0
106857,2012-08-28,0.4218542307352665,1
106858,2012-08-28,0.30952568126033503,1
106859,2012-08-28,0.3104577530077743,0
106860,2012-08-28,0.2888820163475739,0
106861,2012-08-28,0.3486827150258865,0
106862,2012-08-28,0.5418726290657112,1
106863,2012-08-28,0.3537641119570458,0
106864,2012-08-28,0.5871813802540385,0
106865,2012-08-28,0.518870053712672,0
106866,2012-08-28,0.41987886042130573,0
106867,2012-08-28,0.482585248383545,0
106868,2012-08-28,0.20620607106104674,0
106869,2012-08-28,0.26963099353545444,0
106870,2012-08-28,0.19485801773791625,0
106871,2012-08-28,0.4201056901218196,0
106872,2012-08-28,0.3298394341320835,1
106873,2012-08-28,0.22428469965945408,0
106874,2012-08-28,0.22731696634448462,0
106875,2012-08-28,0.2411983851484686,1
106876,2012-08-28,0.3045378691830754,0
106877,2012-08-28,0.27980207674467306,0
106878,2012-08-28,0.24101372231909995,0
106879,2012-08-28,0.5375605898506336,1
106880,2012-08-28,0.32395462175604933,0
106881,2012-08-28,0.5023589797459017,1
106882,2012-08-28,0.40586947428518105,0
106883,2012-08-28,0.2458098350756596,0
106884,2012-08-28,0.275700539276674,0
106885,2012-08-28,0.354160074309412,0
106886,2012-08-28,0.35020798867593195,0
106887,2012-08-28,0.42049588077318323,1
106888,2012-08-28,0.24922359294703858,0
106889,2012-08-28,0.35803461520675745,1
106890,2012-08-28,0.37116894858727756,0
106891,2012-08-28,0.47930564427241396,1
106892,2012-08-28,0.39303863981185133,0
106893,2012-08-28,0.40520902527666314,1
106894,2012-08-28,0.2845985420016986,0
106895,2012-08-28,0.5183414146714729,0
106896,2012-08-28,0.48583719048798585,0
106897,2012-08-28,0.13877367082227093,0
106898,2012-08-28,0.4112235255320765,1
106899,2012-08-28,0.265605569255328,1
106900,2012-08-28,0.3395552417752025,1
106901,2012-08-28,0.39785358888840006,0
106902,2012-08-28,0.36096730678909644,0
106903,2012-08-28,0.1130603888856726,0
106904,2012-08-28,0.4125476370640329,1
106905,2012-08-28,0.406923278209864,0
106906,2012-08-28,0.22661601464190445,0
106907,2012-08-28,0.23215468253740654,1
106908,2012-08-28,0.35559351106743564,1
106909,2012-08-28,0.36135705546578084,1
106910,2012-08-28,0.5081618146428467,0
106911,2012-08-28,0.24551521654299147,1
106912,2012-08-28,0.37928202827611024,1
106913,2012-08-28,0.39422479173826946,0
106914,2012-08-28,0.2892087687956735,0
106915,2012-08-28,0.32776308830921663,0
106916,2012-08-28,0.3125231415914374,1
106917,2012-08-28,0.3300037058507785,1
106918,2012-08-28,0.19428760580317564,0
106919,2012-08-28,0.2703698818164412,0
106920,2012-08-28,0.33445305556191196,0
106921,2012-08-28,0.42745295748105294,1
106922,2012-08-28,0.3806709049569547,1
106923,2012-08-28,0.19426850457272796,0
106924,2012-08-28,0.321156559857133,0
106925,2012-08-28,0.44079825785184895,0
106926,2012-08-28,0.3192343674572354,1
106927,2012-08-28,0.651709981275475,1
106928,2012-08-28,0.22758384578280288,0
106929,2012-08-28,0.2771647179896489,0
106930,2012-08-28,0.49283726728846117,1
106931,2012-08-28,0.23378999566235753,1
106932,2012-08-28,0.3171509325343602,0
106933,2012-08-28,0.4021466470799193,0
106934,2012-08-28,0.4023414895586221,0
106935,2012-08-28,0.5360752086266038,1
106936,2012-08-28,0.16379971975933277,0
106937,2012-08-28,0.3341738706646704,1
106938,2012-08-28,0.37192521307860216,0
106939,2012-08-28,0.4191408675481152,1
106940,2012-08-28,0.5255253558649033,1
106941,2012-08-28,0.26365280169915023,1
106942,2012-08-28,0.2839090794627662,0
106943,2012-08-28,0.3961961852884969,0
106944,2012-08-28,0.31122913388699974,0
106945,2012-08-28,0.2560260950671997,0
106946,2012-08-28,0.5934281450223948,1
106947,2012-08-28,0.42967368330842487,0
106948,2012-08-28,0.1562855230501129,0
106949,2012-08-28,0.12478911603083175,0
106950,2012-08-28,0.18684781250790825,1
106951,2012-08-28,0.19718385196706306,0
106952,2012-08-28,0.19733342265838336,1
106953,2012-08-28,0.34413227659365886,0
106954,2012-08-28,0.26740554306388986,1
106955,2012-08-28,0.28971041548698184,0
106956,2012-08-28,0.5752460742957726,1
106957,2012-08-28,0.21062372695526121,0
106958,2012-08-28,0.3272749742371214,1
106959,2012-08-28,0.4182528088824718,0
106960,2012-08-28,0.29960675276882465,0
106961,2012-08-28,0.3018999790939967,1
106962,2012-08-28,0.35858488961675583,0
106963,2012-08-28,0.30457779260925816,1
106964,2012-08-28,0.2559720829279652,0
106965,2012-08-28,0.5921409768416201,1
106966,2012-08-28,0.2060658101470374,0
106967,2012-08-28,0.3278584298866299,1
106968,2012-08-28,0.2737738685858125,1
106969,2012-08-28,0.46221740956949275,0
106970,2012-08-28,0.594240846302371,1
106971,2012-08-28,0.3332577329232526,0
106972,2012-08-28,0.5907690810835521,1
106973,2012-08-28,0.3348404487027489,0
106974,2012-08-28,0.3498671660989346,0
106975,2012-08-28,0.4872964591323913,1
106976,2012-08-28,0.1765705652038521,0
106977,2012-08-28,0.31608769778961465,0
106978,2012-08-28,0.44430416650249954,1
106979,2012-08-28,0.1160534734111262,0
106980,2012-08-28,0.20301255953654898,0
106981,2012-08-28,0.3221700753456799,0
106982,2012-08-28,0.16218624582330674,0
106983,2012-08-28,0.1904510065360151,0
106984,2012-08-28,0.43306025235891793,0
106985,2012-08-28,0.24919673747433926,0
106986,2012-08-28,0.3819553478849657,0
106987,2012-08-28,0.2873608790139996,0
106988,2012-08-28,0.4032571068786938,0
106989,2012-08-28,0.560486326325252,1
106990,2012-08-28,0.6315947996157287,1
106991,2012-08-28,0.24700708785872366,0
106992,2012-08-28,0.30829273599219026,0
106993,2012-08-28,0.4525245890794925,0
106994,2012-08-28,0.36502854830873693,1
106995,2012-08-28,0.36095722182007234,0
106996,2012-08-28,0.3088453633951346,0
106997,2012-08-28,0.4738308058255483,1
106998,2012-08-28,0.3702430518947604,1
106999,2012-08-28,0.09901883114561304,0
107000,2012-08-28,0.505898509858929,1
107001,2012-08-28,0.3928957164602961,0
107002,2012-08-28,0.3773414874217976,1
107003,2012-08-28,0.2025726682052295,0
107004,2012-08-28,0.20190219749235563,0
107005,2012-08-28,0.40705126038540884,0
107006,2012-08-28,0.28360127449660877,0
107007,2012-08-28,0.4576192240342131,1
107008,2012-08-28,0.40891719947437044,0
107009,2012-08-28,0.28742443470214857,0
107010,2012-08-28,0.49585327049142636,0
107011,2012-08-28,0.491233771638098,0
107012,2012-08-28,0.26115841494744396,0
107013,2012-08-28,0.36302132914790813,0
107014,2012-08-28,0.2404764786081306,0
107015,2012-08-28,0.12600735891093734,0
107016,2012-08-28,0.4909367333281368,1
107017,2012-08-28,0.2989139384137482,0
107018,2012-08-28,0.25654543647185873,1
107019,2012-08-28,0.4599495725568846,0
107020,2012-08-28,0.4465473406451149,0
107021,2012-08-28,0.4164096267685463,0
107022,2012-08-28,0.11756844388633324,0
107023,2012-08-28,0.20570382241444918,0
107024,2012-08-28,0.3019111951949371,0
107025,2012-08-28,0.2104543799587865,0
107026,2012-08-28,0.24911749722466414,1
107027,2012-08-28,0.26814327142573696,0
107028,2012-08-28,0.3894243214528443,1
107029,2012-08-28,0.1830234418298812,0
107030,2012-08-28,0.1384846052989306,0
107031,2012-08-28,0.24322720612846097,0
107032,2012-08-28,0.4148966944541458,0
107033,2012-08-28,0.1484162982856111,0
107034,2012-08-28,0.25717037566167644,0
107035,2012-08-28,0.4278202479294616,1
107036,2012-08-28,0.23258718693788943,0
107037,2012-08-28,0.2933922420198088,0
107038,2012-08-28,0.25356581579378223,1
107039,2012-08-28,0.5204847498709477,1
107040,2012-08-28,0.34235704085035434,0
107041,2012-08-28,0.2954133043466155,1
107042,2012-08-28,0.49766567786413607,0
107043,2012-08-28,0.2866251653340366,1
107044,2012-08-28,0.2422936031145183,1
107045,2012-08-28,0.41222290734493366,0
107046,2012-08-28,0.512832358406139,0
107047,2012-08-28,0.38154629036276805,1
107048,2012-08-28,0.19130171655439665,0
107049,2012-08-28,0.1736162666364358,1
107050,2012-08-28,0.3003554280834568,0
107051,2012-08-28,0.40578131259032313,1
107052,2012-08-28,0.3967892037159934,1
107053,2012-08-28,0.3824607653261541,1
107054,2012-08-28,0.34744849512161086,1
107055,2012-08-28,0.273328578503929,0
107056,2012-08-28,0.304914496573384,0
107057,2012-08-28,0.37092903569538344,0
107058,2012-08-28,0.5553716963353718,0
107059,2012-08-28,0.08068947928518594,0
107060,2012-08-28,0.4708221759239131,0
107061,2012-08-28,0.3334084581649429,0
107062,2012-08-28,0.3297954572680692,0
107063,2012-08-28,0.2711497567891357,0
107064,2012-08-28,0.27985053581311464,0
107065,2012-08-28,0.319651812030485,0
107066,2012-08-28,0.18767497768239894,0
107067,2012-08-28,0.39658149887244154,1
107068,2012-08-28,0.3228397930292093,0
107069,2012-08-28,0.3215161363797397,0
107070,2012-08-28,0.3564690804703264,1
107071,2012-08-28,0.5063103060147603,1
107072,2012-08-28,0.34179728279966615,0
107073,2012-08-28,0.3496934392111385,1
107074,2012-08-28,0.4513144158376921,0
107075,2012-08-28,0.15289783335913107,0
107076,2012-08-28,0.30879548077556923,0
107077,2012-08-29,0.4035490621899816,0
107078,2012-08-29,0.40777972256047645,0
107079,2012-08-29,0.447861300840493,0
107080,2012-08-29,0.20088870551272692,0
107081,2012-08-29,0.19771325614956287,0
107082,2012-08-29,0.20441085377464446,0
107083,2012-08-29,0.1432738554179221,0
107084,2012-08-29,0.2396503414951042,0
107085,2012-08-29,0.5011666439520204,0
107086,2012-08-29,0.1552296696420623,0
107087,2012-08-29,0.3006471469156809,0
107088,2012-08-29,0.2337652101702085,1
107089,2012-08-29,0.39187479569629324,1
107090,2012-08-29,0.19417703109082485,0
107091,2012-08-29,0.22112048451564084,0
107092,2012-08-29,0.2799657138381574,0
107093,2012-08-29,0.16518342597939278,0
107094,2012-08-29,0.2575702134691175,0
107095,2012-08-29,0.16932952545358396,1
107096,2012-08-29,0.4164072276531172,0
107097,2012-08-29,0.38348402396579384,0
107098,2012-08-29,0.5175696738465894,0
107099,2012-08-29,0.5812353572595043,0
107100,2012-08-29,0.462227264291548,0
107101,2012-08-29,0.5896726989938483,1
107102,2012-08-29,0.24864162217844074,0
107103,2012-08-29,0.3830289377420218,1
107104,2012-08-29,0.4285802282243568,0
107105,2012-08-29,0.5557617341478156,0
107106,2012-08-29,0.3038493583409759,1
107107,2012-08-29,0.40122755376193675,0
107108,2012-08-29,0.4401439410146922,1
107109,2012-08-29,0.622393489151359,1
107110,2012-08-29,0.2703629432705397,0
107111,2012-08-29,0.3583375358545014,0
107112,2012-08-29,0.4106894427352884,1
107113,2012-08-29,0.1753316897561113,0
107114,2012-08-29,0.5649606864127088,1
107115,2012-08-29,0.28194063452948986,1
107116,2012-08-29,0.29449894199298954,0
107117,2012-08-29,0.3316860780097382,0
107118,2012-08-29,0.25207535974437834,0
107119,2012-08-29,0.3834605503686201,1
107120,2012-08-29,0.37859004279773417,1
107121,2012-08-29,0.4423057209664882,1
107122,2012-08-29,0.36941290128005366,0
107123,2012-08-29,0.46884082434465935,0
107124,2012-08-29,0.35740977304574856,0
107125,2012-08-29,0.5383556055083745,1
107126,2012-08-29,0.32650598871323805,1
107127,2012-08-29,0.5368658735141967,1
107128,2012-08-29,0.26046026518130927,0
107129,2012-08-29,0.3423536274685896,0
107130,2012-08-29,0.15481932006573834,1
107131,2012-08-29,0.3226165114337118,0
107132,2012-08-29,0.2280461507070041,0
107133,2012-08-29,0.39251041573739176,0
107134,2012-08-29,0.39124002020829757,0
107135,2012-08-29,0.18478759760676422,0
107136,2012-08-29,0.5858392287228137,0
107137,2012-08-29,0.2852971203154187,0
107138,2012-08-29,0.41487617344912164,0
107139,2012-08-29,0.21095432830562585,0
107140,2012-08-29,0.2618735987139363,1
107141,2012-08-29,0.3735115645463004,0
107142,2012-08-29,0.3371676872859653,0
107143,2012-08-29,0.3482226106308053,1
107144,2012-08-29,0.38780474356820266,0
107145,2012-08-29,0.39401200373994255,0
107146,2012-08-29,0.4914050039672866,1
107147,2012-08-29,0.3695732878674217,1
107148,2012-08-29,0.44555986079098076,0
107149,2012-08-29,0.4246882139463296,0
107150,2012-08-29,0.3710513190800076,0
107151,2012-08-29,0.32251806115663245,1
107152,2012-08-29,0.2303992109720829,0
107153,2012-08-29,0.46276747547988883,0
107154,2012-08-29,0.20782114826538867,1
107155,2012-08-29,0.4991448299485429,1
107156,2012-08-29,0.2922872832028986,0
107157,2012-08-29,0.18932456578539159,1
107158,2012-08-29,0.36836729195464185,0
107159,2012-08-29,0.441515042178675,0
107160,2012-08-29,0.2792464981619977,0
107161,2012-08-29,0.2789362533925497,1
107162,2012-08-29,0.3079998148270663,0
107163,2012-08-29,0.5686506416396276,1
107164,2012-08-29,0.4646025646358493,1
107165,2012-08-29,0.37755980443533416,1
107166,2012-08-29,0.36143342126410544,1
107167,2012-08-29,0.39989172797911543,1
107168,2012-08-29,0.28141424123914205,1
107169,2012-08-29,0.290497874088422,0
107170,2012-08-29,0.4757537413323164,0
107171,2012-08-29,0.3645855775424664,0
107172,2012-08-29,0.2158436630684231,0
107173,2012-08-29,0.26526575328814694,0
107174,2012-08-29,0.2928347719950585,0
107175,2012-08-29,0.15106177905844667,0
107176,2012-08-29,0.1365066237752561,0
107177,2012-08-29,0.45159401071708605,0
107178,2012-08-29,0.20298125598367658,0
107179,2012-08-29,0.5350061828491036,1
107180,2012-08-29,0.5041450834946498,1
107181,2012-08-29,0.2561938312652537,0
107182,2012-08-29,0.5348790499912227,0
107183,2012-08-29,0.4143724030256131,1
107184,2012-08-29,0.27295897553888704,1
107185,2012-08-29,0.5087605054791512,0
107186,2012-08-29,0.5069826163957094,1
107187,2012-08-29,0.20211860613800817,1
107188,2012-08-29,0.2623988666529919,0
107189,2012-08-29,0.37957970304799765,0
107190,2012-08-29,0.23217837674122485,1
107191,2012-08-29,0.15906120947355293,0
107192,2012-08-29,0.4323045531432274,1
107193,2012-08-29,0.24768967761778235,1
107194,2012-08-29,0.05514309016959659,0
107195,2012-08-29,0.3874842936630994,1
107196,2012-08-29,0.3712913240742916,0
107197,2012-08-29,0.44811441853605644,0
107198,2012-08-29,0.5034266593681499,0
107199,2012-08-29,0.4129172742924747,0
107200,2012-08-29,0.35001302435754567,0
107201,2012-08-29,0.26445412068845203,0
107202,2012-08-29,0.36392728907232685,1
107203,2012-08-29,0.25402093776002227,0
107204,2012-08-29,0.593414507297748,0
107205,2012-08-29,0.36233199311010394,0
107206,2012-08-29,0.6122888787471912,1
107207,2012-08-29,0.30593473553803296,0
107208,2012-08-29,0.5321378289492082,0
107209,2012-08-29,0.4335371866455961,0
107210,2012-08-29,0.31324142884924355,1
107211,2012-08-29,0.30691742911776737,1
107212,2012-08-29,0.45839026685544965,1
107213,2012-08-29,0.3484980397569923,0
107214,2012-08-29,0.139704659161567,0
107215,2012-08-29,0.4229274820726305,0
107216,2012-08-29,0.6261851224581034,0
107217,2012-08-29,0.38256540992938914,1
107218,2012-08-29,0.5707122292541709,1
107219,2012-08-29,0.4035319367218432,1
107220,2012-08-29,0.28629356930365435,0
107221,2012-08-29,0.4093076797615134,1
107222,2012-08-29,0.408291978596471,0
107223,2012-08-29,0.45701279467635153,1
107224,2012-08-29,0.462067310068768,1
107225,2012-08-29,0.2750476994542135,0
107226,2012-08-29,0.252069489613122,0
107227,2012-08-29,0.30353375116278486,0
107228,2012-08-29,0.449969386214354,1
107229,2012-08-29,0.3622400833673951,1
107230,2012-08-29,0.7526967049937818,1
107231,2012-08-29,0.2574852224753735,0
107232,2012-08-29,0.1456673709349643,0
107233,2012-08-29,0.3316661633718335,1
107234,2012-08-29,0.4786520783465172,1
107235,2012-08-29,0.38031264833125406,1
107236,2012-08-29,0.2253551922233249,0
107237,2012-08-29,0.36800280436592575,0
107238,2012-08-29,0.41721020509068535,0
107239,2012-08-29,0.3013214187847016,0
107240,2012-08-29,0.46356109184488786,1
107241,2012-08-29,0.26801797280846074,0
107242,2012-08-29,0.37623535606954067,0
107243,2012-08-29,0.07808578896060271,0
107244,2012-08-29,0.394853630324951,1
107245,2012-08-29,0.3787632218922003,0
107246,2012-08-29,0.23626265984259026,0
107247,2012-08-29,0.2772687301274625,0
107248,2012-08-29,0.3701398818647577,1
107249,2012-08-29,0.2961381072692358,0
107250,2012-08-29,0.2846190441229629,0
107251,2012-08-29,0.17579728089374058,0
107252,2012-08-29,0.20651408578248034,0
107253,2012-08-29,0.324908023371419,0
107254,2012-08-29,0.2220408244671702,1
107255,2012-08-29,0.5281187064151116,1
107256,2012-08-29,0.6341751982184817,1
107257,2012-08-29,0.39626795254196967,0
107258,2012-08-29,0.38025401181813384,0
107259,2012-08-29,0.703411979297271,1
107260,2012-08-29,0.3139865848137565,1
107261,2012-08-29,0.384253334485398,1
107262,2012-08-29,0.20335841910927716,0
107263,2012-08-29,0.3357844399137539,0
107264,2012-08-29,0.34668418610083096,0
107265,2012-08-29,0.3637208712546229,1
107266,2012-08-29,0.2666547800780548,0
107267,2012-08-29,0.3339399923355847,1
107268,2012-08-29,0.5320694817031596,1
107269,2012-08-29,0.5294868410669208,1
107270,2012-08-29,0.37426606012344066,0
107271,2012-08-29,0.4548029902982375,1
107272,2012-08-29,0.4949863075935553,0
107273,2012-08-29,0.2846074790695866,0
107274,2012-08-29,0.1135679614789946,0
107275,2012-08-29,0.19146556420150462,0
107276,2012-08-29,0.31335912564548335,0
107277,2012-08-29,0.3765514598465992,1
107278,2012-08-29,0.5993284147640526,0
107279,2012-08-29,0.348129287475285,0
107280,2012-08-29,0.18545656223558155,0
107281,2012-08-29,0.3308414732504758,0
107282,2012-08-29,0.2928231815852709,0
107283,2012-08-29,0.19267354828456607,1
107284,2012-08-29,0.15313072026194308,0
107285,2012-08-29,0.32836638752608854,0
107286,2012-08-29,0.3350424517120938,1
107287,2012-08-29,0.3952894919850573,1
107288,2012-08-29,0.18279222704342477,0
107289,2012-08-29,0.6265378481870946,1
107290,2012-08-29,0.39236565945242624,0
107291,2012-08-29,0.26321282607767976,0
107292,2012-08-29,0.28002382415666627,1
107293,2012-08-29,0.2568516070228192,0
107294,2012-08-29,0.33400005171793073,1
107295,2012-08-29,0.28552517535137156,0
107296,2012-08-29,0.45881422975255115,0
107297,2012-08-29,0.26989568006293496,0
107298,2012-08-29,0.4565597274781836,1
107299,2012-08-29,0.226606269906418,0
107300,2012-08-29,0.6323158852099208,1
107301,2012-08-29,0.32547564856872113,0
107302,2012-08-29,0.31294902036683836,0
107303,2012-08-29,0.43321568357031476,0
107304,2012-08-29,0.25383703863663926,0
107305,2012-08-29,0.26634031479830184,1
107306,2012-08-29,0.23166244843778266,1
107307,2012-08-29,0.42256490797709056,0
107308,2012-08-29,0.6213561196464341,1
107309,2012-08-29,0.3069613758707967,1
107310,2012-08-29,0.21567984227995848,0
107311,2012-08-29,0.4315384925489127,0
107312,2012-08-29,0.30052733448103913,1
107313,2012-08-29,0.2544812665157117,0
107314,2012-08-29,0.25034618467287834,1
107315,2012-08-29,0.33760165049802543,1
107316,2012-08-29,0.38462367614141585,0
107317,2012-08-29,0.4322854447682989,1
107318,2012-08-29,0.5296012447402626,0
107319,2012-08-29,0.2935844424420224,1
107320,2012-08-29,0.2729445952245927,0
107321,2012-08-29,0.4214309490429151,1
107322,2012-08-29,0.2600825234638062,0
107323,2012-08-29,0.3883459920459594,0
107324,2012-08-29,0.48246992635745367,1
107325,2012-08-29,0.3895405742123655,0
107326,2012-08-29,0.4567270425191242,0
107327,2012-08-29,0.6625277535259073,1
107328,2012-08-29,0.6542670138987013,1
107329,2012-08-29,0.1868199482936771,0
107330,2012-08-29,0.2648648018549993,0
107331,2012-08-29,0.30389526426241786,0
107332,2012-08-29,0.5009832433281121,1
107333,2012-08-29,0.45981261713774263,1
107334,2012-08-29,0.18710376197011863,0
107335,2012-08-29,0.3165430600180049,1
107336,2012-08-29,0.550812927507772,1
107337,2012-08-29,0.20207558366677664,0
107338,2012-08-29,0.2584848028797523,0
107339,2012-08-29,0.3622795945191347,1
107340,2012-08-29,0.32788912500774076,1
107341,2012-08-29,0.3549236117464593,0
107342,2012-08-29,0.2904961293174704,0
107343,2012-08-29,0.2778686493707656,0
107344,2012-08-29,0.4278869980120834,0
107345,2012-08-29,0.5524831641117516,0
107346,2012-08-29,0.5585125927381404,1
107347,2012-08-29,0.1382691423344297,0
107348,2012-08-29,0.1399349070310716,1
107349,2012-08-29,0.3324040689536188,0
107350,2012-08-29,0.2940532259373092,0
107351,2012-08-29,0.5552347440678825,1
107352,2012-08-29,0.23805411310893654,1
107353,2012-08-29,0.3850310953386851,0
107354,2012-08-29,0.3853956095090981,1
107355,2012-08-29,0.09860363227003299,0
107356,2012-08-29,0.326806476626876,1
107357,2012-08-29,0.3096576789193316,0
107358,2012-08-29,0.18763789483381718,0
107359,2012-08-29,0.49261022129864895,0
107360,2012-08-29,0.45888369978308907,0
107361,2012-08-29,0.3753751948884222,0
107362,2012-08-29,0.2550013363062816,0
107363,2012-08-29,0.3147860257107401,1
107364,2012-08-29,0.29429525760530967,0
107365,2012-08-29,0.2122189115424771,0
107366,2012-08-29,0.4935542336913055,1
107367,2012-08-29,0.47028332995529304,0
107368,2012-08-29,0.3835229727629903,0
107369,2012-08-29,0.3030243295076224,1
107370,2012-08-29,0.29118909025606887,0
107371,2012-08-29,0.32449624889565504,0
107372,2012-08-29,0.22203516380008445,0
107373,2012-08-29,0.28030834416148853,0
107374,2012-08-29,0.49810639255337896,1
107375,2012-08-29,0.2593598543200844,0
107376,2012-08-29,0.28979550653900027,0
107377,2012-08-29,0.2876746747239235,0
107378,2012-08-29,0.33411555400147264,0
107379,2012-08-29,0.3405792318933522,0
107380,2012-08-29,0.44456402072688384,1
107381,2012-08-29,0.21258480229910115,0
107382,2012-08-29,0.5028649597383723,0
107383,2012-08-29,0.2609131471468546,0
107384,2012-08-29,0.10899904789089436,0
107385,2012-08-29,0.5349707162840279,1
107386,2012-08-29,0.17499191188368865,0
107387,2012-08-29,0.2627524620089424,0
107388,2012-08-29,0.35262973238938244,0
107389,2012-08-29,0.4125678882009028,1
107390,2012-08-29,0.228216740085019,0
107391,2012-08-29,0.2159276210816792,0
107392,2012-08-29,0.19370810662046678,1
107393,2012-08-29,0.4811377706513289,0
107394,2012-08-29,0.3028770900300976,0
107395,2012-08-29,0.3558486189802,1
107396,2012-08-29,0.15167200232617045,1
107397,2012-08-29,0.29334352104715616,0
107398,2012-08-29,0.42512108468030446,1
107399,2012-08-29,0.34067221330407166,0
107400,2012-08-29,0.3054464410800031,0
107401,2012-08-29,0.2553536404615207,0
107402,2012-08-29,0.3424243306397464,0
107403,2012-08-29,0.3984853381000944,1
107404,2012-08-29,0.28766205235217934,1
107405,2012-08-29,0.4067181264388201,1
107406,2012-08-29,0.3471742979753294,1
107407,2012-08-29,0.29220263108352396,1
107408,2012-08-29,0.17440045873227947,0
107409,2012-08-29,0.14656137599499464,0
107410,2012-08-29,0.3472579400010628,1
107411,2012-08-29,0.4211255841492707,0
107412,2012-08-29,0.33497271923698857,1
107413,2012-08-29,0.13349998103010732,0
107414,2012-08-29,0.31959542094105825,0
107415,2012-08-29,0.5072749629391745,1
107416,2012-08-29,0.504838263559464,0
107417,2012-08-29,0.2805973064613178,0
107418,2012-08-29,0.2943898057784879,0
107419,2012-08-29,0.5987065533538126,1
107420,2012-08-29,0.4119641570249817,0
107421,2012-08-29,0.6883788619654339,0
107422,2012-08-29,0.40205644360093806,0
107423,2012-08-29,0.4001267110703435,0
107424,2012-08-29,0.44202368122666796,0
107425,2012-08-29,0.24553160253526637,0
107426,2012-08-29,0.2062557233487029,0
107427,2012-08-29,0.31304081878429296,1
107428,2012-08-29,0.4318789217801696,1
107429,2012-08-29,0.3181959509365267,0
107430,2012-08-29,0.255325536676914,0
107431,2012-08-29,0.43350638530952007,1
107432,2012-08-29,0.4181136829285572,0
107433,2012-08-29,0.28122258619542373,0
107434,2012-08-29,0.4632375763569324,0
107435,2012-08-29,0.4072309985138816,1
107436,2012-08-29,0.3717849881538538,0
107437,2012-08-29,0.37136002886814834,1
107438,2012-08-29,0.22285353780271536,0
107439,2012-08-29,0.4799477754587775,0
107440,2012-08-29,0.3374445492721102,0
107441,2012-08-29,0.4072504991534106,0
107442,2012-08-29,0.26020101499100184,0
107443,2012-08-29,0.2248920847350185,0
107444,2012-08-29,0.46771788749898086,1
107445,2012-08-29,0.61868384753905,0
107446,2012-08-29,0.44990819580782543,1
107447,2012-08-29,0.36514170796644796,1
107448,2012-08-29,0.308207042385721,0
107449,2012-08-29,0.33770127679207185,0
107450,2012-08-29,0.21371683499085467,0
107451,2012-08-29,0.2888680416092379,0
107452,2012-08-29,0.18630521224035712,0
107453,2012-08-29,0.5050887055865532,0
107454,2012-08-29,0.31066002229656287,0
107455,2012-08-29,0.27074755068545053,0
107456,2012-08-29,0.39344811577665323,1
107457,2012-08-29,0.16378966275020698,0
107458,2012-08-29,0.18280037049426132,0
107459,2012-08-29,0.3018128226529998,0
107460,2012-08-29,0.4784619915305523,1
107461,2012-08-29,0.3741760954684197,0
107462,2012-08-29,0.5617366995381963,1
107463,2012-08-29,0.20307968343353894,1
107464,2012-08-29,0.44249800884463264,0
107465,2012-08-29,0.15615193496544,0
107466,2012-08-29,0.3315071003898861,1
107467,2012-08-29,0.20405582270150183,0
107468,2012-08-29,0.20731533241178265,0
107469,2012-08-29,0.21582168930350784,0
107470,2012-08-29,0.32847918801262266,0
107471,2012-08-29,0.5999203442874168,1
107472,2012-08-29,0.2706423338121615,0
107473,2012-08-29,0.3632530073224641,0
107474,2012-08-29,0.2134209115781134,0
107475,2012-08-29,0.43783081486120606,1
107476,2012-08-29,0.3338287865702981,0
107477,2012-08-29,0.2637101714014794,0
107478,2012-08-29,0.3828218045326422,1
107479,2012-08-29,0.24628024778373123,1
107480,2012-08-29,0.37414099953573837,0
107481,2012-08-29,0.15963654406809105,0
107482,2012-08-29,0.20615395874473058,0
107483,2012-08-29,0.2990911165828877,1
107484,2012-08-29,0.3194490774881336,1
107485,2012-08-29,0.4953234784919002,0
107486,2012-08-29,0.15073774969160322,0
107487,2012-08-29,0.5217738406745386,1
107488,2012-08-29,0.4481009865777024,0
107489,2012-08-29,0.36663587208483406,0
107490,2012-08-29,0.17847510037266673,0
107491,2012-08-29,0.4247838169673225,0
107492,2012-08-29,0.3603593167974038,0
107493,2012-08-29,0.4339492162949138,1
107494,2012-08-29,0.5216499726862882,0
107495,2012-08-29,0.35233962459966167,0
107496,2012-08-29,0.22422064856120708,1
107497,2012-08-29,0.2294589579309625,1
107498,2012-08-29,0.36077366361295116,0
107499,2012-08-29,0.4442933775264309,1
107500,2012-08-29,0.26615599339095736,0
107501,2012-08-29,0.3918516389887562,1
107502,2012-08-29,0.2404958532300403,0
107503,2012-08-29,0.36266595101824334,0
107504,2012-08-29,0.579177728701611,1
107505,2012-08-29,0.3993341974836893,1
107506,2012-08-29,0.275708786163144,0
107507,2012-08-29,0.3674973679993904,0
107508,2012-08-29,0.3958443678656706,1
107509,2012-08-29,0.4615465614297847,1
107510,2012-08-29,0.45214458221381426,0
107511,2012-08-29,0.20206871306141685,0
107512,2012-08-29,0.3678441831317511,0
107513,2012-08-29,0.571833680189249,0
107514,2012-08-29,0.09674232330826056,0
107515,2012-08-29,0.4935945408460487,1
107516,2012-08-29,0.20950870127843793,0
107517,2012-08-29,0.4041767458991128,0
107518,2012-08-29,0.43273895428041576,0
107519,2012-08-29,0.2265263388654265,0
107520,2012-08-29,0.28990821996364935,1
107521,2012-08-29,0.42237264388261814,1
107522,2012-08-29,0.1941242694769739,1
107523,2012-08-29,0.21702240116718402,0
107524,2012-08-29,0.5795426344302838,1
107525,2012-08-29,0.5727799813111575,1
107526,2012-08-29,0.29031068596757637,0
107527,2012-08-29,0.1942133116999953,1
107528,2012-08-29,0.4978896569026652,0
107529,2012-08-29,0.45401401068115893,1
107530,2012-08-30,0.44659768764364083,1
107531,2012-08-30,0.17101527749786538,1
107532,2012-08-30,0.34800783626167103,0
107533,2012-08-30,0.36917244118593484,0
107534,2012-08-30,0.5107854889938297,0
107535,2012-08-30,0.49939624875841265,0
107536,2012-08-30,0.5907523884822832,1
107537,2012-08-30,0.5324662825344189,0
107538,2012-08-30,0.2293164099236844,0
107539,2012-08-30,0.2792687592370771,0
107540,2012-08-30,0.4625161002478162,1
107541,2012-08-30,0.4417004667290827,1
107542,2012-08-30,0.3382239868818427,1
107543,2012-08-30,0.16614999174255765,0
107544,2012-08-30,0.27309817687904875,0
107545,2012-08-30,0.6992185713669768,0
107546,2012-08-30,0.2581697883165521,0
107547,2012-08-30,0.2968352255061815,0
107548,2012-08-30,0.14558286869199458,0
107549,2012-08-30,0.134302337777425,0
107550,2012-08-30,0.47552022511100944,1
107551,2012-08-30,0.4998979906277275,1
107552,2012-08-30,0.3426904842348005,0
107553,2012-08-30,0.3313174852327747,0
107554,2012-08-30,0.4087658795026145,0
107555,2012-08-30,0.13085952838217588,0
107556,2012-08-30,0.3081315336738411,1
107557,2012-08-30,0.17638519001312747,0
107558,2012-08-30,0.28131895098423204,0
107559,2012-08-30,0.3256691513276065,0
107560,2012-08-30,0.5222018981686621,1
107561,2012-08-30,0.3675968085987011,1
107562,2012-08-30,0.2416529913583993,0
107563,2012-08-30,0.670577870629514,1
107564,2012-08-30,0.1279281694321106,0
107565,2012-08-30,0.3834229608133278,0
107566,2012-08-30,0.39465052109082566,0
107567,2012-08-30,0.38696158178287776,1
107568,2012-08-30,0.35095341584089607,0
107569,2012-08-30,0.13735805660987274,1
107570,2012-08-30,0.17978945788106515,1
107571,2012-08-30,0.19198203319898693,0
107572,2012-08-30,0.535141965565144,0
107573,2012-08-30,0.24840509126236385,1
107574,2012-08-30,0.34715526090253435,1
107575,2012-08-30,0.1592598282449589,0
107576,2012-08-30,0.31949710821000543,0
107577,2012-08-30,0.2876822554509999,0
107578,2012-08-30,0.31727578226325076,0
107579,2012-08-30,0.29943933882530455,0
107580,2012-08-30,0.7012577850766054,0
107581,2012-08-30,0.2531295147261548,0
107582,2012-08-30,0.32105312643341427,0
107583,2012-08-30,0.23769505871024607,1
107584,2012-08-30,0.47374844357617074,0
107585,2012-08-30,0.252626889375464,1
107586,2012-08-30,0.11005756618579916,0
107587,2012-08-30,0.08667715216831043,0
107588,2012-08-30,0.5122008622089009,1
107589,2012-08-30,0.43853104381657376,1
107590,2012-08-30,0.27551935174256675,1
107591,2012-08-30,0.23123683956327987,0
107592,2012-08-30,0.15995464265430234,0
107593,2012-08-30,0.5264159788988517,0
107594,2012-08-30,0.38590544747794037,0
107595,2012-08-30,0.3129669641294678,0
107596,2012-08-30,0.24637107043091538,0
107597,2012-08-30,0.34592099918792446,0
107598,2012-08-30,0.4227689226345572,1
107599,2012-08-30,0.231139567467677,0
107600,2012-08-30,0.13258529455580284,0
107601,2012-08-30,0.2203027165017728,0
107602,2012-08-30,0.2671883843878772,0
107603,2012-08-30,0.2917321446692483,0
107604,2012-08-30,0.5690383942865094,0
107605,2012-08-30,0.34997784735378556,0
107606,2012-08-30,0.29397247951434735,1
107607,2012-08-30,0.3360881344368636,0
107608,2012-08-30,0.38901573933598244,1
107609,2012-08-30,0.29823687923198566,1
107610,2012-08-30,0.469214580399798,0
107611,2012-08-30,0.39715861448952355,0
107612,2012-08-30,0.4395359134338594,1
107613,2012-08-30,0.4360412932530987,0
107614,2012-08-30,0.44642735209144224,0
107615,2012-08-30,0.45346249687241,0
107616,2012-08-30,0.4616277228549708,1
107617,2012-08-30,0.33959778769571414,1
107618,2012-08-30,0.251141161681722,0
107619,2012-08-30,0.27778977862506726,0
107620,2012-08-30,0.4061843050227271,1
107621,2012-08-30,0.24948091334455705,1
107622,2012-08-30,0.6120720727137025,1
107623,2012-08-30,0.18892737663307874,0
107624,2012-08-30,0.23253242506544058,0
107625,2012-08-30,0.26241891575314613,0
107626,2012-08-30,0.12936123397185723,0
107627,2012-08-30,0.4099029776082656,1
107628,2012-08-30,0.2711163307829895,0
107629,2012-08-30,0.5089637682372261,1
107630,2012-08-30,0.3435281062359049,0
107631,2012-08-30,0.29850413808531745,0
107632,2012-08-30,0.38084108900630703,1
107633,2012-08-30,0.4622473777345532,0
107634,2012-08-30,0.36322537494734813,1
107635,2012-08-30,0.654347140238354,1
107636,2012-08-30,0.40208515620793933,0
107637,2012-08-30,0.2654117335130387,0
107638,2012-08-30,0.40370245038693175,0
107639,2012-08-30,0.054677810999779475,0
107640,2012-08-30,0.27286614738851384,0
107641,2012-08-30,0.31064798234358854,1
107642,2012-08-30,0.2925913360560579,1
107643,2012-08-30,0.18117479223760374,0
107644,2012-08-30,0.45333080300268874,1
107645,2012-08-30,0.3229210779146675,0
107646,2012-08-30,0.5644770544650473,1
107647,2012-08-30,0.40920592537699857,1
107648,2012-08-30,0.31499028296172044,0
107649,2012-08-30,0.3663675029705293,0
107650,2012-08-30,0.41088848957670365,0
107651,2012-08-30,0.2876682309255706,1
107652,2012-08-30,0.5953638117025885,1
107653,2012-08-30,0.44029423867027895,0
107654,2012-08-30,0.2685770934429158,0
107655,2012-08-30,0.6369733256520107,1
107656,2012-08-30,0.2719475417419911,0
107657,2012-08-30,0.4180707518099056,1
107658,2012-08-30,0.2683796140780272,0
107659,2012-08-30,0.3407554545493026,0
107660,2012-08-30,0.30388829668422973,0
107661,2012-08-30,0.21402430588382393,0
107662,2012-08-30,0.5173030290954085,1
107663,2012-08-30,0.2733124644844693,1
107664,2012-08-30,0.2952039138470731,1
107665,2012-08-30,0.2704301669709636,0
107666,2012-08-30,0.2442964966343405,0
107667,2012-08-30,0.33897809526002887,0
107668,2012-08-30,0.2582671761814053,0
107669,2012-08-30,0.27004467799229337,0
107670,2012-08-30,0.30112968038325455,1
107671,2012-08-30,0.25529274405973157,0
107672,2012-08-30,0.5031834211658338,0
107673,2012-08-30,0.4193950896208677,0
107674,2012-08-30,0.6239370456125569,1
107675,2012-08-30,0.12786083065151002,0
107676,2012-08-30,0.6109916872639743,1
107677,2012-08-30,0.4300676223327173,1
107678,2012-08-30,0.1682351086909237,0
107679,2012-08-30,0.46014905032717357,0
107680,2012-08-30,0.27703172115853264,0
107681,2012-08-30,0.4350568105295015,0
107682,2012-08-30,0.4771519889021429,1
107683,2012-08-30,0.3105021374887867,1
107684,2012-08-30,0.4792176707376129,0
107685,2012-08-30,0.1649899774857559,0
107686,2012-08-30,0.4025512859347237,1
107687,2012-08-30,0.2692299905362385,0
107688,2012-08-30,0.3801200847538511,0
107689,2012-08-30,0.27119576258842126,1
107690,2012-08-30,0.23588546409797048,0
107691,2012-08-30,0.4488581438191784,1
107692,2012-08-30,0.1650897623392254,0
107693,2012-08-30,0.27105986429901324,0
107694,2012-08-30,0.250969092202651,1
107695,2012-08-30,0.39274088306471344,0
107696,2012-08-30,0.25111494258715483,1
107697,2012-08-30,0.5665049476156815,1
107698,2012-08-30,0.3149318870894441,1
107699,2012-08-30,0.3037844134871358,0
107700,2012-08-30,0.3459803290681079,1
107701,2012-08-30,0.20829020644871804,0
107702,2012-08-30,0.21338184073559877,0
107703,2012-08-30,0.34988387436075724,0
107704,2012-08-30,0.35595644175005975,0
107705,2012-08-30,0.20199304162008408,0
107706,2012-08-30,0.41193801764736304,0
107707,2012-08-30,0.2938923854489913,0
107708,2012-08-30,0.4050912062190795,1
107709,2012-08-30,0.37718068539009986,0
107710,2012-08-30,0.19737761551094327,0
107711,2012-08-30,0.3586027076233024,1
107712,2012-08-30,0.17880740659972363,0
107713,2012-08-30,0.47550570402263237,0
107714,2012-08-30,0.4046939028204474,1
107715,2012-08-30,0.14923723368933284,0
107716,2012-08-30,0.2572586634441095,1
107717,2012-08-30,0.13707766636491936,0
107718,2012-08-30,0.20357387720315137,0
107719,2012-08-30,0.4501414497727294,0
107720,2012-08-30,0.39964102951563174,1
107721,2012-08-30,0.3883546826341151,0
107722,2012-08-30,0.32342077175345535,0
107723,2012-08-30,0.39939914176771674,0
107724,2012-08-30,0.19068262075352382,0
107725,2012-08-30,0.45940605618250735,1
107726,2012-08-30,0.347990380542558,1
107727,2012-08-30,0.5544212048955245,1
107728,2012-08-30,0.5799605882886251,0
107729,2012-08-30,0.4735837961101698,0
107730,2012-08-30,0.3042424275290809,1
107731,2012-08-30,0.3896771250315035,1
107732,2012-08-30,0.31288835722742475,0
107733,2012-08-30,0.20007139247821157,0
107734,2012-08-30,0.7274431778668493,1
107735,2012-08-30,0.2818717034669247,0
107736,2012-08-30,0.22498176257322255,0
107737,2012-08-30,0.2003131774364591,0
107738,2012-08-30,0.24290398790350995,0
107739,2012-08-30,0.3628252600439345,0
107740,2012-08-30,0.5123864429001511,0
107741,2012-08-30,0.24064853676422077,0
107742,2012-08-30,0.493299857329681,0
107743,2012-08-30,0.21033902788647224,0
107744,2012-08-30,0.32546618615082823,0
107745,2012-08-30,0.19760750387908407,0
107746,2012-08-30,0.12237059847082934,1
107747,2012-08-30,0.3175643192079293,1
107748,2012-08-30,0.2473140438206149,0
107749,2012-08-30,0.47272501535999306,1
107750,2012-08-30,0.11378452404407495,0
107751,2012-08-30,0.3760434045915891,0
107752,2012-08-30,0.33288662487399,0
107753,2012-08-30,0.23721989460280157,1
107754,2012-08-30,0.5086364613253139,0
107755,2012-08-30,0.36371589794573717,0
107756,2012-08-30,0.24777711013998924,0
107757,2012-08-30,0.5704312179865718,0
107758,2012-08-30,0.5078564991743738,0
107759,2012-08-30,0.2775869776923718,0
107760,2012-08-30,0.37467552245305535,0
107761,2012-08-30,0.4003521424802587,0
107762,2012-08-30,0.1782258322442066,0
107763,2012-08-30,0.12796858237328992,0
107764,2012-08-30,0.3442228905971083,1
107765,2012-08-30,0.33417882200552024,0
107766,2012-08-30,0.2504447586819523,0
107767,2012-08-30,0.23723926022884084,0
107768,2012-08-30,0.10519986233377876,0
107769,2012-08-30,0.2923572074958304,1
107770,2012-08-30,0.507735278214119,1
107771,2012-08-30,0.31711022001005695,0
107772,2012-08-30,0.20271998491152915,0
107773,2012-08-30,0.4070815922719577,0
107774,2012-08-30,0.4121075140432172,0
107775,2012-08-30,0.1731535346756577,0
107776,2012-08-30,0.5337114122162814,1
107777,2012-08-30,0.2713630936619029,0
107778,2012-08-30,0.23128573197247046,0
107779,2012-08-30,0.14813914134414774,0
107780,2012-08-30,0.41562319064680214,1
107781,2012-08-30,0.25520137481899935,1
107782,2012-08-30,0.29679292633108145,0
107783,2012-08-30,0.3780295640672094,0
107784,2012-08-30,0.3719860146491064,1
107785,2012-08-30,0.36083295377814806,0
107786,2012-08-30,0.35675044557589974,1
107787,2012-08-30,0.5287296930492656,0
107788,2012-08-30,0.4679286504412038,1
107789,2012-08-30,0.19880763062380993,0
107790,2012-08-30,0.21740564338727256,0
107791,2012-08-30,0.24184744831457478,0
107792,2012-08-30,0.4517995834322036,1
107793,2012-08-30,0.24677550916659877,0
107794,2012-08-30,0.25590184328687304,0
107795,2012-08-30,0.29725125291066723,0
107796,2012-08-30,0.5549391552745979,0
107797,2012-08-30,0.2725394738071186,0
107798,2012-08-30,0.09635295149823779,0
107799,2012-08-30,0.5715540751430105,0
107800,2012-08-30,0.24077904662394564,1
107801,2012-08-30,0.33528345606975446,0
107802,2012-08-30,0.21911810316371283,1
107803,2012-08-30,0.28936319315445774,0
107804,2012-08-30,0.5139272845749285,1
107805,2012-08-30,0.5351200434295346,0
107806,2012-08-30,0.491180380020372,0
107807,2012-08-30,0.38843340565191115,0
107808,2012-08-30,0.35469304342934194,0
107809,2012-08-30,0.314422483902888,1
107810,2012-08-30,0.30923600016219693,0
107811,2012-08-30,0.729930397882339,1
107812,2012-08-30,0.3270188551309634,0
107813,2012-08-30,0.3305525040604116,1
107814,2012-08-30,0.1559142664451316,0
107815,2012-08-30,0.19772934066132755,1
107816,2012-08-30,0.14295063684450793,0
107817,2012-08-30,0.5089288196178521,1
107818,2012-08-30,0.2995116943549349,1
107819,2012-08-30,0.3273541558693653,0
107820,2012-08-30,0.34943460555152667,0
107821,2012-08-30,0.18424859784722605,0
107822,2012-08-30,0.34023667718339756,1
107823,2012-08-30,0.581521689406123,0
107824,2012-08-30,0.3914128034652324,0
107825,2012-08-30,0.2369891129862797,1
107826,2012-08-30,0.3966836111403512,0
107827,2012-08-30,0.4092749023920879,1
107828,2012-08-30,0.24788511821853276,0
107829,2012-08-30,0.15522143136064623,0
107830,2012-08-30,0.3166749729565458,0
107831,2012-08-30,0.24397049581047558,1
107832,2012-08-30,0.14549125145074476,0
107833,2012-08-30,0.26088823755819235,0
107834,2012-08-30,0.20542844470555666,0
107835,2012-08-30,0.39479559456469254,0
107836,2012-08-30,0.4341658577395564,0
107837,2012-08-30,0.31132106317939595,0
107838,2012-08-30,0.37759900633254195,1
107839,2012-08-30,0.6175919283238422,1
107840,2012-08-30,0.3815120385919458,1
107841,2012-08-30,0.4203850428614141,0
107842,2012-08-30,0.2391150943941313,0
107843,2012-08-30,0.37735463648518547,0
107844,2012-08-30,0.47537476999155237,0
107845,2012-08-30,0.2802867944951343,0
107846,2012-08-30,0.12544573899131767,0
107847,2012-08-30,0.4222703088285522,0
107848,2012-08-30,0.448287507996723,1
107849,2012-08-30,0.45536901808134944,0
107850,2012-08-30,0.32900719195376926,0
107851,2012-08-30,0.4418770801432286,0
107852,2012-08-30,0.423278007012543,1
107853,2012-08-30,0.38555369728426614,0
107854,2012-08-30,0.37211461854636513,0
107855,2012-08-30,0.23459043776192143,1
107856,2012-08-30,0.4374929794602609,0
107857,2012-08-30,0.23417113098649062,0
107858,2012-08-30,0.2805166284686036,0
107859,2012-08-30,0.2361073304845561,1
107860,2012-08-30,0.4168059458430143,1
107861,2012-08-30,0.31475705962727957,0
107862,2012-08-30,0.23789728564685342,0
107863,2012-08-30,0.3001197445017536,0
107864,2012-08-30,0.4703091790929004,0
107865,2012-08-30,0.4343489377387146,1
107866,2012-08-30,0.20031708743795842,0
107867,2012-08-30,0.3165047048135189,1
107868,2012-08-30,0.16420047639159893,0
107869,2012-08-30,0.38086607445504894,0
107870,2012-08-30,0.3990911994662672,0
107871,2012-08-30,0.2916956286002654,0
107872,2012-08-30,0.5226906420152057,1
107873,2012-08-30,0.26318905048982005,0
107874,2012-08-30,0.42830450529629616,0
107875,2012-08-30,0.30027405238125626,0
107876,2012-08-30,0.2679268483109248,1
107877,2012-08-30,0.26694805630066754,0
107878,2012-08-30,0.37897617276642015,0
107879,2012-08-30,0.24502400539838518,1
107880,2012-08-30,0.5193162900137139,0
107881,2012-08-30,0.5688959415852799,1
107882,2012-08-30,0.08333194209664978,1
107883,2012-08-30,0.2092596654041359,0
107884,2012-08-30,0.2852869583724724,0
107885,2012-08-30,0.295271372716663,1
107886,2012-08-30,0.3239953642937347,1
107887,2012-08-30,0.2321437624658447,0
107888,2012-08-30,0.2428968355598068,0
107889,2012-08-30,0.12532472050215732,0
107890,2012-08-30,0.35923517394102167,1
107891,2012-08-30,0.339558619018507,0
107892,2012-08-30,0.27068319773375116,0
107893,2012-08-30,0.2861213130683325,1
107894,2012-08-30,0.32691882544045714,0
107895,2012-08-30,0.37175323162918245,0
107896,2012-08-30,0.23499529890774312,0
107897,2012-08-30,0.4331794715973116,1
107898,2012-08-30,0.4656207197694432,1
107899,2012-08-30,0.23501872071291355,1
107900,2012-08-30,0.3138997165223072,1
107901,2012-08-30,0.19115123896590835,0
107902,2012-08-30,0.31236854513850326,1
107903,2012-08-30,0.23935467756634912,0
107904,2012-08-30,0.5847646042495157,0
107905,2012-08-30,0.30172888311857604,0
107906,2012-08-30,0.3424798534133307,1
107907,2012-08-30,0.22206217370412848,0
107908,2012-08-30,0.34519079907840333,0
107909,2012-08-30,0.2930583873881316,1
107910,2012-08-30,0.3945938028503913,1
107911,2012-08-30,0.16714268541088448,0
107912,2012-08-30,0.2947632438230986,0
107913,2012-08-30,0.4116886760442452,1
107914,2012-08-30,0.2422460667490089,0
107915,2012-08-30,0.28669453743945017,0
107916,2012-08-30,0.23972198290646934,0
107917,2012-08-30,0.3303489756456975,0
107918,2012-08-30,0.46069106644092916,0
107919,2012-08-30,0.3183562296607629,1
107920,2012-08-30,0.4769532404640599,0
107921,2012-08-30,0.3661011711221713,0
107922,2012-08-30,0.3962913610788715,0
107923,2012-08-30,0.537667204699934,0
107924,2012-08-30,0.3422701384104052,0
107925,2012-08-30,0.23764457520048218,0
107926,2012-08-30,0.3738191147744446,1
107927,2012-08-30,0.44614899886994625,0
107928,2012-08-30,0.24434202391152812,0
107929,2012-08-30,0.38887117149123857,0
107930,2012-08-30,0.07440699956252553,0
107931,2012-08-30,0.46804628558973554,0
107932,2012-08-30,0.42389474463175875,0
107933,2012-08-30,0.1947116439206806,0
107934,2012-08-30,0.29190792023913703,0
107935,2012-08-30,0.41783996055960115,1
107936,2012-08-30,0.43333418317188255,0
107937,2012-08-30,0.6598428208320916,1
107938,2012-08-30,0.4872150807690961,1
107939,2012-08-30,0.20212040024736933,0
107940,2012-08-30,0.12837337208030222,0
107941,2012-08-30,0.28070687390329224,1
107942,2012-08-30,0.24668680761733783,0
107943,2012-08-30,0.23264345888016516,0
107944,2012-08-30,0.4764307088406239,0
107945,2012-08-30,0.43744566891632397,0
107946,2012-08-30,0.6454885490898902,0
107947,2012-08-30,0.40102623298750156,1
107948,2012-08-30,0.24127462356157678,0
107949,2012-08-30,0.38528675964455333,0
107950,2012-08-30,0.2514495046453859,0
107951,2012-08-30,0.5580763147376229,0
107952,2012-08-30,0.2653255796982454,0
107953,2012-08-30,0.29533868484328496,0
107954,2012-08-30,0.33012715616081373,0
107955,2012-08-30,0.3458116119747258,0
107956,2012-08-30,0.20750572941911052,0
107957,2012-08-30,0.3345700472554724,0
107958,2012-08-30,0.3441103219150138,1
107959,2012-08-30,0.285024093791499,1
107960,2012-08-30,0.2887798675409777,0
107961,2012-08-30,0.585778211304833,0
107962,2012-08-30,0.33310044551374784,0
107963,2012-08-30,0.33844516277127357,0
107964,2012-08-30,0.6589999173990572,1
107965,2012-08-30,0.1710933643799343,0
107966,2012-08-30,0.5660995125113407,1
107967,2012-08-30,0.35533202167564276,0
107968,2012-08-30,0.3957417251041936,0
107969,2012-08-30,0.4251907823547971,1
107970,2012-08-30,0.4840760670384477,0
107971,2012-08-30,0.32580265171453887,0
107972,2012-08-30,0.37919997061164323,0
107973,2012-08-30,0.271348466041792,0
107974,2012-08-30,0.23584127124596002,1
107975,2012-08-30,0.7037105391882127,1
107976,2012-08-30,0.39329742856589084,0
107977,2012-08-30,0.38793218476726027,1
107978,2012-08-30,0.5792891760557477,0
107979,2012-08-30,0.5880616519496404,1
107980,2012-08-30,0.22611538402974624,0
107981,2012-08-30,0.40013930534433106,0
107982,2012-08-30,0.38513245940617824,0
107983,2012-08-30,0.36549528301693696,0
107984,2012-08-30,0.3206554911499634,0
107985,2012-08-30,0.22412477805848324,1
107986,2012-08-30,0.3798702241471406,1
107987,2012-08-30,0.20099473836017254,1
107988,2012-08-30,0.3070911419303297,0
107989,2012-08-30,0.29206234297405737,1
107990,2012-08-30,0.24282451528478025,0
107991,2012-08-30,0.5387446260809798,1
107992,2012-08-30,0.4790324126468428,0
107993,2012-08-30,0.17886144215696118,0
107994,2012-08-30,0.33073053164363814,0
107995,2012-08-30,0.5394616248922326,1
107996,2012-08-30,0.5409085751759265,0
107997,2012-08-30,0.1922571119526057,0
107998,2012-08-30,0.25298951624265503,0
107999,2012-08-30,0.29034742946840536,1
108000,2012-08-30,0.2018208866012713,0
108001,2012-08-30,0.4583216541978357,0
108002,2012-08-30,0.20048774698142335,0
108003,2012-08-30,0.32799977165176974,0
108004,2012-08-30,0.1677942544989172,0
108005,2012-08-30,0.22636435489645376,0
108006,2012-08-30,0.5056426900697236,0
108007,2012-08-30,0.16405785653894353,0
108008,2012-08-30,0.2384252966106135,1
108009,2012-08-30,0.2780702977648156,1
108010,2012-08-30,0.4131267232989785,0
108011,2012-08-30,0.3385096616453579,0
108012,2012-08-30,0.3272928295883596,0
108013,2012-08-30,0.41318520165038075,0
108014,2012-08-30,0.24391919466551962,0
108015,2012-08-30,0.15628926067742518,0
108016,2012-08-30,0.3748366938810848,1
108017,2012-08-30,0.18596437974683855,0
108018,2012-08-30,0.3624600456941014,0
108019,2012-08-30,0.46590202837863437,1
108020,2012-08-30,0.3902272828202935,0
108021,2012-08-30,0.4098886069579443,1
108022,2012-08-30,0.3355096537661393,0
108023,2012-08-30,0.15835568095700064,0
108024,2012-08-30,0.3054472653194304,0
108025,2012-08-30,0.41408385764082606,0
108026,2012-08-30,0.3457267117413822,0
108027,2012-08-30,0.5280410958519478,1
108028,2012-08-30,0.3340662571319611,1
108029,2012-08-30,0.0934297260172957,1
108030,2012-08-30,0.49732614971228306,0
108031,2012-08-30,0.6806453667973923,1
108032,2012-08-30,0.30711668957136967,0
108033,2012-08-30,0.20750572941911052,0
108034,2012-08-30,0.467678721678629,1
108035,2012-08-30,0.2693642948326459,0
108036,2012-08-30,0.5586192134933724,1
108037,2012-08-30,0.36198971583729533,0
108038,2012-08-30,0.515284646482028,0
108039,2012-08-30,0.28717685704352397,0
108040,2012-08-30,0.18439259524080862,0
108041,2012-08-30,0.23857767961256848,0
108042,2012-08-30,0.40483530865215883,0
108043,2012-08-30,0.2598371130550403,0
108044,2012-08-30,0.24547238002487773,0
108045,2012-08-30,0.3114840432170595,0
108046,2012-08-30,0.4547708922912292,1
108047,2012-08-30,0.3927723612262378,0
108048,2012-08-30,0.6047219097484205,1
108049,2012-08-30,0.2977416404783475,1
108050,2012-08-30,0.3819680266177117,0
108051,2012-08-30,0.4745147430722371,1
108052,2012-08-30,0.30221731111589767,0
108053,2012-08-30,0.39090078931344496,0
108054,2012-08-30,0.2804484407658822,0
108055,2012-08-30,0.33872660805881516,1
108056,2012-08-30,0.21398247588879568,0
108057,2012-08-30,0.19009841109571105,0
108058,2012-08-30,0.14014598641009865,0
108059,2012-08-30,0.23427752945672142,0
108060,2012-08-30,0.23796783778848724,0
108061,2012-08-30,0.19605576106378755,0
108062,2012-08-30,0.5951710189305416,1
108063,2012-08-30,0.32500521877046346,0
108064,2012-08-30,0.4683854506600311,0
108065,2012-08-30,0.3518205282837474,0
108066,2012-08-30,0.20950864708452333,0
108067,2012-08-30,0.2768695879179428,0
108068,2012-08-30,0.27435649687940183,0
108069,2012-08-30,0.4513694855735077,1
108070,2012-08-30,0.3418065647946341,0
108071,2012-08-30,0.17616522508906668,0
108072,2012-08-30,0.2350102653407007,0
108073,2012-08-30,0.2288404273473782,0
108074,2012-08-30,0.3581332292168135,0
108075,2012-08-30,0.268512732751332,1
108076,2012-08-30,0.32750807934972803,1
108077,2012-08-30,0.3471519094880674,0
108078,2012-08-30,0.2548334831326918,0
108079,2012-08-30,0.49867661111908834,1
108080,2012-08-30,0.35931085212236036,1
108081,2012-08-30,0.321983445686392,0
108082,2012-08-30,0.1578015051730642,0
108083,2012-08-30,0.4167060002561854,0
108084,2012-08-30,0.2951453718653306,0
108085,2012-08-30,0.3659938518797307,1
108086,2012-08-30,0.5132223057044969,1
108087,2012-08-30,0.4375200474212114,1
108088,2012-08-30,0.3711512921241774,0
108089,2012-08-30,0.45263764554603714,0
108090,2012-08-30,0.5288103644518741,0
108091,2012-08-30,0.23937666778875832,0
108092,2012-08-30,0.13020907357182898,0
108093,2012-08-30,0.4672576779493137,0
108094,2012-08-30,0.2974791770977921,0
108095,2012-08-30,0.24442239737366223,0
108096,2012-08-30,0.3046936026203395,0
108097,2012-08-30,0.45483752326611887,1
108098,2012-08-30,0.39866638950499617,1
108099,2012-08-30,0.18829726559915466,0
108100,2012-08-30,0.2019974106492189,0
108101,2012-08-30,0.37617939157627645,1
108102,2012-08-30,0.515474341659014,0
108103,2012-08-30,0.7278251347244444,1
108104,2012-08-30,0.3772125526719895,0
108105,2012-08-30,0.2130750589168086,0
108106,2012-08-30,0.35821453044554447,1
108107,2012-08-30,0.3953799028818077,0
108108,2012-08-30,0.14729005451502059,0
108109,2012-08-30,0.37134609291654713,0
108110,2012-08-30,0.4464614027769433,0
108111,2012-08-30,0.4025429874473355,0
108112,2012-08-30,0.36409023066518975,1
108113,2012-08-30,0.31386293778352475,1
108114,2012-08-30,0.31912895702386634,1
108115,2012-08-30,0.07952219716779046,0
108116,2012-08-30,0.1945563789144919,1
108117,2012-08-30,0.258924188833599,0
108118,2012-08-30,0.20670152180636095,0
108119,2012-08-30,0.26697849845105864,1
108120,2012-08-31,0.4505565105978013,0
108121,2012-08-31,0.33030834490006405,0
108122,2012-08-31,0.15707844904393145,0
108123,2012-08-31,0.2702124981586561,1
108124,2012-08-31,0.48951318701257535,1
108125,2012-08-31,0.5416614611426508,1
108126,2012-08-31,0.1944142707208708,0
108127,2012-08-31,0.3488596257669887,0
108128,2012-08-31,0.3451456727761522,0
108129,2012-08-31,0.2737095351143559,0
108130,2012-08-31,0.30679603306976594,0
108131,2012-08-31,0.6693531792927381,1
108132,2012-08-31,0.39951484812693056,0
108133,2012-08-31,0.16198604816197032,0
108134,2012-08-31,0.2550122188232264,0
108135,2012-08-31,0.3506366799518474,0
108136,2012-08-31,0.485556645639507,1
108137,2012-08-31,0.18557477417481427,0
108138,2012-08-31,0.44733713343325493,0
108139,2012-08-31,0.3213265996176385,0
108140,2012-08-31,0.3738194645807305,0
108141,2012-08-31,0.31292443214701,0
108142,2012-08-31,0.18987829452036425,0
108143,2012-08-31,0.45547335597803534,0
108144,2012-08-31,0.3376946659249289,1
108145,2012-08-31,0.20060138825368584,0
108146,2012-08-31,0.33996821872930627,1
108147,2012-08-31,0.1247817745777355,0
108148,2012-08-31,0.15359867383447612,0
108149,2012-08-31,0.20522598495056818,0
108150,2012-08-31,0.35270682676039034,0
108151,2012-08-31,0.48450695058290083,1
108152,2012-08-31,0.22970770540435398,0
108153,2012-08-31,0.350648238164684,0
108154,2012-08-31,0.23158419637320402,0
108155,2012-08-31,0.4344380355980703,1
108156,2012-08-31,0.3654232312523709,0
108157,2012-08-31,0.271549743054987,1
108158,2012-08-31,0.3987212966282372,0
108159,2012-08-31,0.09229375845161146,0
108160,2012-08-31,0.23115814922254385,0
108161,2012-08-31,0.26852476606258996,0
108162,2012-08-31,0.32076846535988857,0
108163,2012-08-31,0.42897842494818905,1
108164,2012-08-31,0.48529173698330946,1
108165,2012-08-31,0.2401224466681765,0
108166,2012-08-31,0.2227915322071642,1
108167,2012-08-31,0.20446203113954933,0
108168,2012-08-31,0.2829908612600108,1
108169,2012-08-31,0.24238630545317932,0
108170,2012-08-31,0.1672533140870508,0
108171,2012-08-31,0.3808845868585102,0
108172,2012-08-31,0.20667735506003843,1
108173,2012-08-31,0.3926631647357106,0
108174,2012-08-31,0.5484353588757248,1
108175,2012-08-31,0.3828033559962359,1
108176,2012-08-31,0.24656203435962912,0
108177,2012-08-31,0.4093363172174538,1
108178,2012-08-31,0.282430484325587,0
108179,2012-08-31,0.33159441553914915,0
108180,2012-08-31,0.2223117163107904,0
108181,2012-08-31,0.34792750253100707,1
108182,2012-08-31,0.18648066014038212,0
108183,2012-08-31,0.3899172170225601,1
108184,2012-08-31,0.3882176521045354,0
108185,2012-08-31,0.4253486440373373,1
108186,2012-08-31,0.3875465614839157,0
108187,2012-08-31,0.3705061871449689,0
108188,2012-08-31,0.4710824270948008,1
108189,2012-08-31,0.4199859373245206,1
108190,2012-08-31,0.3421080787129239,1
108191,2012-08-31,0.3204203081135176,0
108192,2012-08-31,0.13418731785685023,0
108193,2012-08-31,0.5104518463621347,1
108194,2012-08-31,0.4431978830387162,0
108195,2012-08-31,0.25797660040436543,0
108196,2012-08-31,0.4013727552855838,0
108197,2012-08-31,0.31935714140645777,0
108198,2012-08-31,0.2332483599383535,0
108199,2012-08-31,0.5582824921585334,0
108200,2012-08-31,0.26221028764708304,0
108201,2012-08-31,0.5949184412314608,0
108202,2012-08-31,0.4163241253433242,1
108203,2012-08-31,0.47992310957389256,0
108204,2012-08-31,0.27212390867495795,0
108205,2012-08-31,0.13974617334205022,1
108206,2012-08-31,0.17283965441748125,0
108207,2012-08-31,0.1747262604125311,0
108208,2012-08-31,0.2677466253164065,1
108209,2012-08-31,0.20908314090286087,0
108210,2012-08-31,0.3327229407946241,0
108211,2012-08-31,0.2730133547549394,1
108212,2012-08-31,0.2978705814724577,0
108213,2012-08-31,0.32130129979928634,0
108214,2012-08-31,0.3473682469080296,0
108215,2012-08-31,0.1833036279244648,0
108216,2012-08-31,0.2645161070027717,0
108217,2012-08-31,0.40066515982586826,1
108218,2012-08-31,0.5109199768102636,1
108219,2012-08-31,0.37391379725843493,1
108220,2012-08-31,0.534978311487758,1
108221,2012-08-31,0.6246545688838514,1
108222,2012-08-31,0.19754960719376904,0
108223,2012-08-31,0.2522592285052523,0
108224,2012-08-31,0.5920918247343214,0
108225,2012-08-31,0.10601538496635658,0
108226,2012-08-31,0.36412500091880345,1
108227,2012-08-31,0.22931585202054816,0
108228,2012-08-31,0.3082134057997002,0
108229,2012-08-31,0.3947831733201379,1
108230,2012-08-31,0.135235363637252,0
108231,2012-08-31,0.6238540416436101,0
108232,2012-08-31,0.24399033973100445,1
108233,2012-08-31,0.3538147189244502,0
108234,2012-08-31,0.24643211766360376,0
108235,2012-08-31,0.4744907737978453,0
108236,2012-08-31,0.445846519927372,0
108237,2012-08-31,0.2880920758261659,0
108238,2012-08-31,0.1646611516463417,0
108239,2012-08-31,0.3405832745667546,0
108240,2012-08-31,0.26238200341421,0
108241,2012-08-31,0.32668877355077697,0
108242,2012-08-31,0.1824825937906894,1
108243,2012-08-31,0.21746514810910328,0
108244,2012-08-31,0.345955547975455,0
108245,2012-08-31,0.2628910601852776,0
108246,2012-08-31,0.25714762860815915,0
108247,2012-08-31,0.2984092252509991,0
108248,2012-08-31,0.44078829251094387,0
108249,2012-08-31,0.3944845593933587,1
108250,2012-08-31,0.21473194699939022,0
108251,2012-08-31,0.426257728314059,1
108252,2012-08-31,0.45628469954981155,0
108253,2012-08-31,0.3330200919258534,0
108254,2012-08-31,0.4212314904461523,0
108255,2012-08-31,0.45637092411584423,1
108256,2012-08-31,0.20817553386543783,0
108257,2012-08-31,0.5293342764787635,1
108258,2012-08-31,0.2610653849099103,0
108259,2012-08-31,0.2692645171276503,0
108260,2012-08-31,0.2515236256906038,0
108261,2012-08-31,0.38994987725597313,1
108262,2012-08-31,0.3369074140474065,0
108263,2012-08-31,0.29136341055974535,0
108264,2012-08-31,0.2672631092007006,0
108265,2012-08-31,0.16351978439503273,0
108266,2012-08-31,0.1415626822231282,0
108267,2012-08-31,0.21636373943575746,0
108268,2012-08-31,0.3187709620772388,0
108269,2012-08-31,0.52448403759929,1
108270,2012-08-31,0.4417124533658439,1
108271,2012-08-31,0.6094493703038067,1
108272,2012-08-31,0.22136847532013654,0
108273,2012-08-31,0.34187242675535817,1
108274,2012-08-31,0.45993350658279636,0
108275,2012-08-31,0.10792062517187034,0
108276,2012-08-31,0.27406652113485475,0
108277,2012-08-31,0.36609262228964334,1
108278,2012-08-31,0.39021778342102614,0
108279,2012-08-31,0.22269236404857912,0
108280,2012-08-31,0.23664464956229003,0
108281,2012-08-31,0.3232859841493492,1
108282,2012-08-31,0.6288340208933212,1
108283,2012-08-31,0.3793907868463709,0
108284,2012-08-31,0.3544876301908484,1
108285,2012-08-31,0.4553633470091939,0
108286,2012-08-31,0.5340215679101541,1
108287,2012-08-31,0.24541672389943417,0
108288,2012-08-31,0.2793904241696269,0
108289,2012-08-31,0.4349107151235906,1
108290,2012-08-31,0.4456058578987565,1
108291,2012-08-31,0.5957127267437979,1
108292,2012-08-31,0.14968217159009245,0
108293,2012-08-31,0.6345547357340496,1
108294,2012-08-31,0.27340411494518335,0
108295,2012-08-31,0.2919860461370865,1
108296,2012-08-31,0.17409749415480555,0
108297,2012-08-31,0.4130448592346805,1
108298,2012-08-31,0.3738441641780175,1
108299,2012-08-31,0.3406335594452686,0
108300,2012-08-31,0.22463541881245352,0
108301,2012-08-31,0.27876483738986724,0
108302,2012-08-31,0.3486923134727706,0
108303,2012-08-31,0.4786646168604476,1
108304,2012-08-31,0.5429235355248222,0
108305,2012-08-31,0.19718580204279493,0
108306,2012-08-31,0.237188102071496,0
108307,2012-08-31,0.2365015884274097,0
108308,2012-08-31,0.27561849956691914,0
108309,2012-08-31,0.3508681623822313,1
108310,2012-08-31,0.43027017685359503,1
108311,2012-08-31,0.4317846392070657,1
108312,2012-08-31,0.3948402849012103,1
108313,2012-08-31,0.15204090096740103,0
108314,2012-08-31,0.3900079348279115,0
108315,2012-08-31,0.2295386558042247,0
108316,2012-08-31,0.2665658419526145,1
108317,2012-08-31,0.3109512585000935,0
108318,2012-08-31,0.19696549433239177,0
108319,2012-08-31,0.4398664780527351,0
108320,2012-08-31,0.25885530043552224,0
108321,2012-08-31,0.33084471884895633,0
108322,2012-08-31,0.42619511720741615,1
108323,2012-08-31,0.35830764127365544,1
108324,2012-08-31,0.39343986942396175,0
108325,2012-08-31,0.3016882169528321,0
108326,2012-08-31,0.3799763763475916,0
108327,2012-08-31,0.24375185102783115,0
108328,2012-08-31,0.3229317452357841,1
108329,2012-08-31,0.4349368128592589,0
108330,2012-08-31,0.40565952125537325,0
108331,2012-08-31,0.4180480751879807,0
108332,2012-08-31,0.24009037256173119,0
108333,2012-08-31,0.2155663299346465,0
108334,2012-08-31,0.2265778668602228,0
108335,2012-08-31,0.29774220925394246,0
108336,2012-08-31,0.3215078507971781,0
108337,2012-08-31,0.2827035004853369,0
108338,2012-08-31,0.14466366271876388,0
108339,2012-08-31,0.42487847241184984,0
108340,2012-08-31,0.6086024230602092,0
108341,2012-08-31,0.46963705889099266,0
108342,2012-08-31,0.3994441608303752,1
108343,2012-08-31,0.2903931186701234,0
108344,2012-08-31,0.5819687884803498,1
108345,2012-08-31,0.25576194785455375,0
108346,2012-08-31,0.2600104898533908,0
108347,2012-08-31,0.35354179405678576,1
108348,2012-08-31,0.45430211834630796,0
108349,2012-08-31,0.3793679545771946,1
108350,2012-08-31,0.2457122782474377,0
108351,2012-08-31,0.4058127726242935,0
108352,2012-08-31,0.4461100634156888,0
108353,2012-08-31,0.2310897589561013,1
108354,2012-08-31,0.2706878803151243,1
108355,2012-08-31,0.38195815123406546,0
108356,2012-08-31,0.6296210781868372,1
108357,2012-08-31,0.2935868530720975,1
108358,2012-08-31,0.6416851862184317,0
108359,2012-08-31,0.2298537719413257,1
108360,2012-08-31,0.20138248613732204,1
108361,2012-08-31,0.2549563784297404,1
108362,2012-08-31,0.22464730769226002,0
108363,2012-08-31,0.20771670301754047,0
108364,2012-08-31,0.2942051732283099,0
108365,2012-08-31,0.46310766810948295,0
108366,2012-08-31,0.26965390760982755,0
108367,2012-08-31,0.3882176521045354,1
108368,2012-08-31,0.16874264767504502,0
108369,2012-08-31,0.21323959006532694,0
108370,2012-08-31,0.29153136888696213,0
108371,2012-08-31,0.3226281840603732,0
108372,2012-08-31,0.3082664267991656,1
108373,2012-08-31,0.23122932875751678,0
108374,2012-08-31,0.13036988920518652,0
108375,2012-08-31,0.5168579288899958,1
108376,2012-08-31,0.11725147483717761,0
108377,2012-08-31,0.3375653843106253,0
108378,2012-08-31,0.32462489764863217,0
108379,2012-08-31,0.4994849309915624,1
108380,2012-08-31,0.4156281576427036,0
108381,2012-08-31,0.3465290721599235,1
108382,2012-08-31,0.3305479764118482,0
108383,2012-08-31,0.3487899337418455,1
108384,2012-08-31,0.20263596716342164,0
108385,2012-08-31,0.426260151859705,1
108386,2012-08-31,0.18735991136763896,0
108387,2012-08-31,0.20500131019469087,0
108388,2012-08-31,0.1515502433974228,1
108389,2012-08-31,0.21773413563120414,1
108390,2012-08-31,0.29267104584736914,1
108391,2012-08-31,0.228713385291112,0
108392,2012-08-31,0.32140863356506466,0
108393,2012-08-31,0.6608404078250903,1
108394,2012-08-31,0.391458993079839,0
108395,2012-08-31,0.20558200818025035,0
108396,2012-08-31,0.3782747312348768,0
108397,2012-08-31,0.3548831839351053,0
108398,2012-08-31,0.15164346189476585,1
108399,2012-08-31,0.11294881169326045,0
108400,2012-08-31,0.4329838527159013,0
108401,2012-08-31,0.2917624253484903,0
108402,2012-08-31,0.4421691744818573,0
108403,2012-08-31,0.2916872858148012,0
108404,2012-08-31,0.22480163639053014,0
108405,2012-08-31,0.24848595578941848,0
108406,2012-08-31,0.27320030438691845,0
108407,2012-08-31,0.30219457257783355,0
108408,2012-08-31,0.3926265015675685,1
108409,2012-08-31,0.2974631599140821,0
108410,2012-08-31,0.23759572280745403,0
108411,2012-08-31,0.4164233541062788,0
108412,2012-08-31,0.6427496042975447,1
108413,2012-08-31,0.3824891664994403,1
108414,2012-08-31,0.4485254797963878,1
108415,2012-08-31,0.34224326430539476,0
108416,2012-08-31,0.3931415697922683,0
108417,2012-08-31,0.35738718091840693,1
108418,2012-08-31,0.4906184168886107,0
108419,2012-08-31,0.2056031064674713,0
108420,2012-08-31,0.350388809052374,0
108421,2012-08-31,0.12064234056582004,0
108422,2012-08-31,0.27503043945327244,1
108423,2012-08-31,0.3523246695658466,0
108424,2012-08-31,0.1431477148357571,0
108425,2012-08-31,0.1921285129718472,0
108426,2012-08-31,0.2612737047087697,1
108427,2012-08-31,0.5378834256630403,1
108428,2012-08-31,0.4232410710015376,1
108429,2012-08-31,0.3329566379185052,0
108430,2012-08-31,0.2378191592352275,0
108431,2012-08-31,0.6821657974541686,1
108432,2012-08-31,0.4707517862039029,1
108433,2012-08-31,0.13868374651811008,0
108434,2012-08-31,0.3882176521045354,1
108435,2012-08-31,0.40521039736947323,1
108436,2012-08-31,0.37541198094591843,0
108437,2012-08-31,0.3499593741929935,1
108438,2012-08-31,0.3985709424088248,0
108439,2012-08-31,0.5792686120193997,1
108440,2012-08-31,0.2595845557595001,0
108441,2012-08-31,0.5029059811841237,1
108442,2012-08-31,0.45560842121103184,1
108443,2012-08-31,0.11213306930230034,0
108444,2012-08-31,0.39533092138885734,1
108445,2012-08-31,0.3022423053584612,1
108446,2012-08-31,0.3678874425113244,1
108447,2012-08-31,0.21085071410930192,1
108448,2012-08-31,0.3683477497336559,0
108449,2012-08-31,0.4289922106566084,0
108450,2012-08-31,0.34596229858105965,0
108451,2012-08-31,0.1921894849895393,0
108452,2012-08-31,0.4247724034161413,0
108453,2012-08-31,0.360215022205186,0
108454,2012-08-31,0.3020843307625639,0
108455,2012-08-31,0.31216514866499334,0
108456,2012-08-31,0.38892169044470776,1
108457,2012-08-31,0.24697831176258458,0
108458,2012-08-31,0.36661040174318626,0
108459,2012-08-31,0.4123073817341519,1
108460,2012-08-31,0.22990412886355485,0
108461,2012-08-31,0.22437706115806005,0
108462,2012-08-31,0.34521645730512845,1
108463,2012-08-31,0.2996825714627088,0
108464,2012-08-31,0.2714419492654408,0
108465,2012-08-31,0.16390718770576868,0
108466,2012-08-31,0.18890851550532164,0
108467,2012-08-31,0.2036152775876501,0
108468,2012-08-31,0.47163130218550503,0
108469,2012-08-31,0.22342926660043042,0
108470,2012-08-31,0.2733534008182875,1
108471,2012-08-31,0.6317460502051845,0
108472,2012-08-31,0.43728247667355813,0
108473,2012-08-31,0.23890468209562218,1
108474,2012-08-31,0.4472757490816513,0
108475,2012-08-31,0.353621626608841,0
108476,2012-08-31,0.42386373017104,0
108477,2012-08-31,0.33092723551285486,1
108478,2012-08-31,0.1461284005840837,0
108479,2012-08-31,0.2994035414630618,0
108480,2012-08-31,0.2578201652402184,0
108481,2012-08-31,0.39916163956294465,0
108482,2012-08-31,0.532213530260384,1
108483,2012-08-31,0.12925163747749008,0
108484,2012-08-31,0.5090151368661948,0
108485,2012-08-31,0.21104893396405833,0
108486,2012-08-31,0.6354170938067937,1
108487,2012-08-31,0.5906081163293742,0
108488,2012-08-31,0.43339858085503813,1
108489,2012-08-31,0.451514063443168,1
108490,2012-08-31,0.45771327155149427,1
108491,2012-08-31,0.6426674068515764,0
108492,2012-08-31,0.25535274506036293,0
108493,2012-08-31,0.25431596330686007,0
108494,2012-08-31,0.40634862131083777,0
108495,2012-08-31,0.25222120158051353,0
108496,2012-08-31,0.5510874618052614,1
108497,2012-08-31,0.1299838373583747,0
108498,2012-08-31,0.29480500311625385,0
108499,2012-08-31,0.45029611876493986,1
108500,2012-08-31,0.27583468830268815,1
108501,2012-08-31,0.4057542783967061,0
108502,2012-08-31,0.1842445356999291,1
108503,2012-08-31,0.38666731627429757,1
108504,2012-08-31,0.3786563065097593,1
108505,2012-08-31,0.43184877497848123,0
108506,2012-08-31,0.3442172434005194,1
108507,2012-08-31,0.23401722872372963,0
108508,2012-08-31,0.29984795427735983,0
108509,2012-08-31,0.21330063921167816,0
108510,2012-08-31,0.1877350914177599,0
108511,2012-08-31,0.3795431980262882,0
108512,2012-08-31,0.10217881021810271,0
108513,2012-08-31,0.5022678241939962,1
108514,2012-08-31,0.5451809184312365,1
108515,2012-08-31,0.494248522301551,0
108516,2012-08-31,0.2694079861513596,0
108517,2012-08-31,0.3894518480036492,1
108518,2012-08-31,0.32296329011519714,1
108519,2012-08-31,0.3181490653238684,0
108520,2012-08-31,0.4812867455675819,0
108521,2012-08-31,0.2609455512030431,1
108522,2012-08-31,0.43902756580368,0
108523,2012-08-31,0.3754223270849678,1
108524,2012-08-31,0.2806037766938564,0
108525,2012-08-31,0.5904171750217072,1
108526,2012-08-31,0.16786854649474384,0
108527,2012-08-31,0.3018768021639827,0
108528,2012-08-31,0.5177136670927652,1
108529,2012-08-31,0.1362319739010996,0
108530,2012-08-31,0.15658825173027605,1
108531,2012-08-31,0.28849540583120187,0
108532,2012-08-31,0.5435031936907831,0
108533,2012-08-31,0.22559848160514223,0
108534,2012-08-31,0.22383357833442863,0
108535,2012-08-31,0.15490615611619032,0
108536,2012-08-31,0.17268710343318278,0
108537,2012-08-31,0.15068303370103905,0
108538,2012-08-31,0.39949998776907336,0
108539,2012-08-31,0.3158293713558851,0
108540,2012-08-31,0.48531853859916724,1
108541,2012-08-31,0.38468568302312717,0
108542,2012-08-31,0.5353576941963343,1
108543,2012-08-31,0.5228111139311321,1
108544,2012-08-31,0.31153976748729795,0
108545,2012-08-31,0.39533092138885734,0
108546,2012-08-31,0.3127125556275128,0
108547,2012-08-31,0.2328861337698025,0
108548,2012-08-31,0.28753889276064387,0
108549,2012-08-31,0.185695921272605,1
108550,2012-08-31,0.22700165496747787,0
108551,2012-08-31,0.42386957835564626,1
108552,2012-08-31,0.28184456030783356,1
108553,2012-08-31,0.2891251225040687,1
108554,2012-08-31,0.3587737455134379,1
108555,2012-08-31,0.12165921429853042,0
108556,2012-08-31,0.516467396509352,0
108557,2012-08-31,0.3122898271283886,1
108558,2012-08-31,0.26776346887223496,0
108559,2012-08-31,0.28511424867918284,1
108560,2012-08-31,0.3679145765547054,0
108561,2012-08-31,0.4448976196557266,0
108562,2012-08-31,0.3866200178373709,1
108563,2012-08-31,0.24742652028868878,1
108564,2012-08-31,0.5859220963018734,1
108565,2012-08-31,0.2618331189253612,1
108566,2012-08-31,0.4917097959975457,1
108567,2012-08-31,0.2761806826492906,0
108568,2012-08-31,0.31496318027317144,0
108569,2012-08-31,0.43944772210536015,0
108570,2012-09-01,0.3508066114304792,0
108571,2012-09-01,0.28482556904123046,0
108572,2012-09-01,0.22523948968121754,0
108573,2012-09-01,0.33926313251701967,1
108574,2012-09-01,0.22510183921533375,0
108575,2012-09-01,0.2644516191906606,0
108576,2012-09-01,0.2781970344973941,0
108577,2012-09-01,0.35225212654119253,0
108578,2012-09-01,0.18986056139597515,0
108579,2012-09-01,0.4372252195606796,0
108580,2012-09-01,0.2615284126407785,0
108581,2012-09-01,0.3181015215534084,0
108582,2012-09-01,0.6047901145874882,1
108583,2012-09-01,0.3114421561654595,0
108584,2012-09-01,0.4062612826946568,0
108585,2012-09-01,0.21842149467985364,1
108586,2012-09-01,0.29333312601791833,0
108587,2012-09-01,0.40834713046816684,1
108588,2012-09-01,0.2745878600669059,0
108589,2012-09-01,0.19961717665010145,0
108590,2012-09-01,0.6446553592050609,0
108591,2012-09-01,0.2001816230801317,0
108592,2012-09-01,0.26042546206997347,0
108593,2012-09-01,0.5921652585602928,1
108594,2012-09-01,0.1869157133912287,1
108595,2012-09-01,0.22644491458877158,0
108596,2012-09-01,0.2581176488209418,0
108597,2012-09-01,0.28305503943307364,0
108598,2012-09-01,0.36228383771560235,1
108599,2012-09-01,0.2968206213345649,0
108600,2012-09-01,0.48697240976157274,0
108601,2012-09-01,0.21375357797183595,0
108602,2012-09-01,0.26019197561084384,0
108603,2012-09-01,0.42906338314050624,0
108604,2012-09-01,0.6887462350339629,1
108605,2012-09-01,0.2336732559354124,0
108606,2012-09-01,0.22412832052302376,0
108607,2012-09-01,0.20197402412301912,0
108608,2012-09-01,0.24285971568523815,0
108609,2012-09-01,0.5553885494872368,1
108610,2012-09-01,0.3407772012892375,1
108611,2012-09-01,0.3596158497631023,1
108612,2012-09-01,0.347049579086153,1
108613,2012-09-01,0.3172377036546095,0
108614,2012-09-01,0.38476197665897294,0
108615,2012-09-01,0.43991345975166424,0
108616,2012-09-01,0.4753075603220167,1
108617,2012-09-01,0.15278324104567717,0
108618,2012-09-01,0.1721302127610525,0
108619,2012-09-01,0.35665811299068756,1
108620,2012-09-01,0.48766235010564346,0
108621,2012-09-01,0.4544288562971777,0
108622,2012-09-01,0.3766741567715898,1
108623,2012-09-01,0.6795662732834595,1
108624,2012-09-01,0.458996364554218,1
108625,2012-09-01,0.2748172075023432,0
108626,2012-09-01,0.17925492055285785,0
108627,2012-09-01,0.6092258986792277,1
108628,2012-09-01,0.42843288937775226,0
108629,2012-09-01,0.5716930809236761,1
108630,2012-09-01,0.6225178372346049,1
108631,2012-09-01,0.4958674110306103,0
108632,2012-09-01,0.3212301507521842,0
108633,2012-09-01,0.4369553431721937,0
108634,2012-09-01,0.35838597543720363,1
108635,2012-09-01,0.4240164563500698,0
108636,2012-09-01,0.5128440512801439,0
108637,2012-09-01,0.5952799786773065,1
108638,2012-09-01,0.2337233208736115,0
108639,2012-09-01,0.3329207697521212,0
108640,2012-09-01,0.21594887781890182,0
108641,2012-09-01,0.2405680367546843,0
108642,2012-09-01,0.5592630985741133,1
108643,2012-09-01,0.23285429738237753,0
108644,2012-09-01,0.2128310354252604,0
108645,2012-09-01,0.27446985006140395,0
108646,2012-09-01,0.2797910860328132,0
108647,2012-09-01,0.36714583373395776,0
108648,2012-09-01,0.4029536648616724,1
108649,2012-09-01,0.6407095524827799,1
108650,2012-09-01,0.32878558600783186,0
108651,2012-09-01,0.2216629866908301,0
108652,2012-09-01,0.43136990086291294,0
108653,2012-09-01,0.379220146882152,1
108654,2012-09-01,0.32837160745370336,0
108655,2012-09-01,0.19213709995397588,0
108656,2012-09-01,0.32698972404616256,0
108657,2012-09-01,0.401837360337721,1
108658,2012-09-01,0.3732983264232351,0
108659,2012-09-01,0.44169308852581507,0
108660,2012-09-01,0.3540982786611038,1
108661,2012-09-01,0.23392598596041425,0
108662,2012-09-01,0.32500433814212865,0
108663,2012-09-01,0.3890165916136565,1
108664,2012-09-01,0.2899118758076558,1
108665,2012-09-01,0.336294746919921,1
108666,2012-09-01,0.3908026784206353,0
108667,2012-09-01,0.5197568639715201,0
108668,2012-09-01,0.07647089098085312,0
108669,2012-09-01,0.4876080628217733,1
108670,2012-09-01,0.38956046507801395,0
108671,2012-09-01,0.12976209273004505,0
108672,2012-09-01,0.356844339290717,0
108673,2012-09-01,0.21507362875502217,0
108674,2012-09-01,0.4918466180373624,1
108675,2012-09-01,0.2560231213597351,0
108676,2012-09-01,0.5843804290269126,0
108677,2012-09-01,0.3121030330506057,0
108678,2012-09-01,0.3484048918375111,0
108679,2012-09-01,0.35671857774426713,0
108680,2012-09-01,0.2837239638709984,0
108681,2012-09-01,0.42253927999705554,0
108682,2012-09-01,0.2682663757939583,0
108683,2012-09-01,0.4162690548834965,0
108684,2012-09-01,0.12306140303293439,0
108685,2012-09-01,0.3956715635184333,0
108686,2012-09-01,0.3586957070976184,0
108687,2012-09-01,0.5211322110417885,1
108688,2012-09-01,0.46350054591158985,1
108689,2012-09-01,0.2573714753314412,0
108690,2012-09-01,0.2454236276392075,0
108691,2012-09-01,0.5044357650120728,1
108692,2012-09-01,0.3150031657138888,1
108693,2012-09-01,0.34766505410468823,0
108694,2012-09-01,0.3912122468081232,1
108695,2012-09-01,0.4055998751915592,1
108696,2012-09-01,0.18685602368617918,0
108697,2012-09-01,0.45576390770286307,0
108698,2012-09-01,0.22852803068157357,0
108699,2012-09-01,0.26268332258312527,1
108700,2012-09-01,0.4793613057655942,0
108701,2012-09-01,0.4744703721393007,1
108702,2012-09-01,0.4201590185349707,1
108703,2012-09-01,0.31639873048630934,0
108704,2012-09-01,0.31941477916964306,0
108705,2012-09-01,0.6538566958121774,0
108706,2012-09-01,0.6639053769713797,0
108707,2012-09-01,0.23813210583667835,0
108708,2012-09-01,0.297054738505928,0
108709,2012-09-01,0.41933466067064085,1
108710,2012-09-01,0.2969561584871784,1
108711,2012-09-01,0.4376326007895434,0
108712,2012-09-01,0.17987390944992332,0
108713,2012-09-01,0.2946775774372013,1
108714,2012-09-01,0.407749717052025,0
108715,2012-09-01,0.29926869657024474,0
108716,2012-09-01,0.36022845132019865,0
108717,2012-09-01,0.28868978480938057,0
108718,2012-09-01,0.3047324331199044,1
108719,2012-09-01,0.2714269534723214,0
108720,2012-09-01,0.2548111175783618,1
108721,2012-09-01,0.18406714986602932,0
108722,2012-09-01,0.22506115479219596,0
108723,2012-09-01,0.4558744526322298,0
108724,2012-09-01,0.4364493595179571,0
108725,2012-09-01,0.30853160505038574,1
108726,2012-09-01,0.4234816987187165,1
108727,2012-09-01,0.5622553803918221,0
108728,2012-09-01,0.4281243813954548,0
108729,2012-09-01,0.17196511655457475,0
108730,2012-09-01,0.2748932679091057,0
108731,2012-09-01,0.22166417736052205,1
108732,2012-09-01,0.29714166951201604,0
108733,2012-09-01,0.3467606309406105,0
108734,2012-09-01,0.383639984285833,0
108735,2012-09-01,0.40247754411023884,1
108736,2012-09-01,0.23703279486854703,0
108737,2012-09-01,0.3981870688938289,0
108738,2012-09-01,0.2973427320983859,0
108739,2012-09-01,0.2219120906172916,0
108740,2012-09-01,0.17335436092683387,0
108741,2012-09-01,0.32478795247052783,0
108742,2012-09-01,0.18929814331052833,0
108743,2012-09-01,0.3597346186122361,0
108744,2012-09-01,0.2865174632370649,0
108745,2012-09-01,0.27179295285118865,1
108746,2012-09-01,0.17278652220889826,0
108747,2012-09-01,0.4532007014252671,0
108748,2012-09-01,0.7018753579993946,1
108749,2012-09-01,0.28219149569876945,0
108750,2012-09-01,0.3900542931157728,1
108751,2012-09-01,0.37375352520605143,0
108752,2012-09-01,0.2084660772887906,0
108753,2012-09-01,0.30007180472088896,0
108754,2012-09-01,0.5703576975094683,0
108755,2012-09-01,0.3729046251885591,0
108756,2012-09-01,0.46763889146232757,0
108757,2012-09-01,0.20418814590916237,1
108758,2012-09-01,0.2730838482860176,1
108759,2012-09-01,0.1560312657188833,0
108760,2012-09-01,0.3219622237665765,0
108761,2012-09-01,0.5086068650608997,1
108762,2012-09-01,0.1149548351234739,0
108763,2012-09-01,0.15866457557435623,0
108764,2012-09-01,0.1364098492580589,0
108765,2012-09-01,0.38213465120068524,1
108766,2012-09-01,0.473351930322972,0
108767,2012-09-01,0.2702811951566348,0
108768,2012-09-01,0.2451907731998093,0
108769,2012-09-01,0.3304892131361265,0
108770,2012-09-01,0.3403037261043353,0
108771,2012-09-01,0.37728843665391093,0
108772,2012-09-01,0.16723934354578732,0
108773,2012-09-01,0.27679318461557073,0
108774,2012-09-01,0.6094161584941808,1
108775,2012-09-01,0.35245736001489053,0
108776,2012-09-01,0.3303104200908169,0
108777,2012-09-01,0.4939396658486714,0
108778,2012-09-01,0.25058574914547393,0
108779,2012-09-01,0.4611770422735874,1
108780,2012-09-01,0.22215324120796276,1
108781,2012-09-01,0.6425800180697374,1
108782,2012-09-01,0.4246123212756245,1
108783,2012-09-01,0.19006826107355546,0
108784,2012-09-01,0.39023488177795884,1
108785,2012-09-01,0.14204114460957393,0
108786,2012-09-01,0.4418004752359678,0
108787,2012-09-01,0.3382666918201671,0
108788,2012-09-01,0.3828218045326422,0
108789,2012-09-01,0.2967842088449807,1
108790,2012-09-01,0.34665043236682763,0
108791,2012-09-01,0.5287518883084411,0
108792,2012-09-01,0.22552404044914892,0
108793,2012-09-01,0.23559550065624474,0
108794,2012-09-01,0.3885845041854077,1
108795,2012-09-01,0.4232073028023693,1
108796,2012-09-01,0.4080421184157427,1
108797,2012-09-01,0.6225261287512092,1
108798,2012-09-01,0.4566457866360834,1
108799,2012-09-01,0.19872398863160415,0
108800,2012-09-01,0.3108587327577334,1
108801,2012-09-01,0.33749570491863506,0
108802,2012-09-01,0.38241213999436735,0
108803,2012-09-01,0.25616207894153364,0
108804,2012-09-01,0.4623897509866406,1
108805,2012-09-01,0.40364804039703217,1
108806,2012-09-01,0.6080495767539545,1
108807,2012-09-01,0.4929387006415612,0
108808,2012-09-01,0.47615048968203794,0
108809,2012-09-02,0.32776164409165665,0
108810,2012-09-02,0.284081392057945,1
108811,2012-09-02,0.29485903787113105,0
108812,2012-09-02,0.13858313471559158,0
108813,2012-09-02,0.443330782747621,1
108814,2012-09-02,0.26292959796024823,1
108815,2012-09-02,0.28345758148360234,0
108816,2012-09-02,0.6049849877924712,0
108817,2012-09-02,0.45897502491785735,1
108818,2012-09-02,0.20209830166192644,0
108819,2012-09-02,0.3034287123912412,0
108820,2012-09-02,0.317943197431946,0
108821,2012-09-02,0.31311875306744585,1
108822,2012-09-02,0.28502919200529603,0
108823,2012-09-02,0.463218904372503,0
108824,2012-09-02,0.09970509031116127,0
108825,2012-09-02,0.3667510293919516,0
108826,2012-09-02,0.4231077996139409,0
108827,2012-09-02,0.5099241208819586,1
108828,2012-09-02,0.219517782987984,0
108829,2012-09-02,0.28433234046037836,0
108830,2012-09-02,0.17454375776778533,0
108831,2012-09-02,0.18692633464357147,0
108832,2012-09-02,0.34809399058129187,1
108833,2012-09-02,0.23905160327615957,0
108834,2012-09-02,0.41716742515455324,0
108835,2012-09-02,0.19600723306178333,1
108836,2012-09-02,0.3090347002134822,0
108837,2012-09-02,0.3645387431714244,0
108838,2012-09-02,0.22789025421082149,0
108839,2012-09-02,0.398587956882306,0
108840,2012-09-02,0.16759448955504272,0
108841,2012-09-02,0.24443856224593158,0
108842,2012-09-02,0.328039620829584,0
108843,2012-09-02,0.539588398700645,0
108844,2012-09-02,0.33416370535857964,0
108845,2012-09-02,0.6958211277628563,1
108846,2012-09-02,0.4097071387496917,1
108847,2012-09-02,0.2756609849619149,0
108848,2012-09-02,0.22553079443045113,0
108849,2012-09-02,0.2931999422162233,0
108850,2012-09-02,0.4384265161820431,0
108851,2012-09-02,0.2914393819327831,0
108852,2012-09-02,0.6796733529304361,0
108853,2012-09-02,0.2554627694040914,0
108854,2012-09-02,0.45290326575205203,0
108855,2012-09-02,0.15371949802895413,0
108856,2012-09-02,0.25342978657938947,0
108857,2012-09-02,0.36504917668429254,1
108858,2012-09-02,0.3622804695444711,0
108859,2012-09-02,0.19792078288650494,1
108860,2012-09-02,0.3328655668964337,0
108861,2012-09-02,0.24991364996421964,1
108862,2012-09-02,0.20993365306638237,0
108863,2012-09-02,0.3773446148744759,0
108864,2012-09-02,0.5396992514297819,1
108865,2012-09-02,0.3629816310056546,0
108866,2012-09-02,0.4300907780454744,1
108867,2012-09-02,0.31748828675265045,0
108868,2012-09-02,0.359956806296204,0
108869,2012-09-02,0.27290552078138997,0
108870,2012-09-02,0.3931256616576407,0
108871,2012-09-02,0.19799487401011576,0
108872,2012-09-02,0.18505694151474944,0
108873,2012-09-02,0.2521037316426077,1
108874,2012-09-02,0.31250721151558836,0
108875,2012-09-02,0.368550469207322,0
108876,2012-09-02,0.3129736731078783,0
108877,2012-09-02,0.39317871736846155,0
108878,2012-09-02,0.21954129100888645,0
108879,2012-09-02,0.17513600320042144,0
108880,2012-09-02,0.47843772598786277,0
108881,2012-09-02,0.5209125291518044,1
108882,2012-09-02,0.46855595658533317,1
108883,2012-09-02,0.5482734984131806,1
108884,2012-09-02,0.3583022795326103,1
108885,2012-09-02,0.48456869672504277,1
108886,2012-09-02,0.11545700831864426,0
108887,2012-09-02,0.3409135636071329,0
108888,2012-09-02,0.45227541628985557,0
108889,2012-09-02,0.3206556718878911,1
108890,2012-09-02,0.44503717047514885,0
108891,2012-09-02,0.3102297935164702,0
108892,2012-09-02,0.5321208405343577,1
108893,2012-09-02,0.19203847434390095,0
108894,2012-09-02,0.22442446260441162,0
108895,2012-09-02,0.2725646977732085,0
108896,2012-09-02,0.2991008769039055,0
108897,2012-09-02,0.2770416107977255,0
108898,2012-09-02,0.29268858964715255,0
108899,2012-09-02,0.4780333948696482,0
108900,2012-09-02,0.4414221515279168,1
108901,2012-09-02,0.3411530965087757,0
108902,2012-09-02,0.39324119806787106,0
108903,2012-09-02,0.1784792237975728,0
108904,2012-09-02,0.3027532213325292,0
108905,2012-09-02,0.29779498105510477,0
108906,2012-09-02,0.43622972068557514,1
108907,2012-09-02,0.5644778620923162,0
108908,2012-09-02,0.3989444264124383,1
108909,2012-09-02,0.4234497451296862,0
108910,2012-09-02,0.18284980374755072,0
108911,2012-09-02,0.2603325899293158,1
108912,2012-09-02,0.5019921028882867,0
108913,2012-09-02,0.11135446673866331,0
108914,2012-09-02,0.3943677899444221,1
108915,2012-09-02,0.5294602299763334,0
108916,2012-09-02,0.3352330031538399,0
108917,2012-09-02,0.42920576933571186,1
108918,2012-09-02,0.43071307872270664,0
108919,2012-09-02,0.3653004445002277,1
108920,2012-09-02,0.34344373384014654,1
108921,2012-09-02,0.20320355327941114,0
108922,2012-09-02,0.15069027841425098,0
108923,2012-09-02,0.28006013711413696,0
108924,2012-09-02,0.44621797146123265,0
108925,2012-09-02,0.34930319677723426,0
108926,2012-09-02,0.1764185103594202,0
108927,2012-09-02,0.17453416987858847,0
108928,2012-09-02,0.24816276861791028,0
108929,2012-09-02,0.3779285794682756,0
108930,2012-09-02,0.21949834548200378,0
108931,2012-09-02,0.30667317592295606,0
108932,2012-09-02,0.3053886244744122,0
108933,2012-09-02,0.19280241872388829,0
108934,2012-09-02,0.5959526446046155,0
108935,2012-09-02,0.5993662337933433,1
108936,2012-09-02,0.14966088754902102,0
108937,2012-09-02,0.46991664545469763,1
108938,2012-09-02,0.23120117481276264,0
108939,2012-09-02,0.4913651577025628,1
108940,2012-09-02,0.3715731323671387,0
108941,2012-09-02,0.41204211504115357,1
108942,2012-09-02,0.2877529165985339,0
108943,2012-09-02,0.5271062791857133,1
108944,2012-09-02,0.423584395873082,1
108945,2012-09-02,0.3121981896172555,1
108946,2012-09-02,0.3508052959356213,1
108947,2012-09-02,0.5369085032344506,1
108948,2012-09-02,0.5154781465555474,1
108949,2012-09-02,0.3695207559288699,0
108950,2012-09-02,0.29800270088386066,0
108951,2012-09-02,0.2878672721517376,0
108952,2012-09-02,0.28454447015253814,0
108953,2012-09-02,0.3936530132710756,0
108954,2012-09-02,0.4268372010895398,1
108955,2012-09-02,0.3684562626005734,1
108956,2012-09-02,0.26255264504057974,0
108957,2012-09-02,0.24565955119168936,1
108958,2012-09-02,0.24571589311975503,0
108959,2012-09-02,0.4528295319952016,1
108960,2012-09-02,0.24481217010514847,0
108961,2012-09-02,0.24671314070744574,0
108962,2012-09-02,0.48289803084693217,1
108963,2012-09-02,0.40574944924262224,0
108964,2012-09-02,0.16083942924123262,0
108965,2012-09-02,0.4671453842017139,1
108966,2012-09-02,0.5514366459793799,0
108967,2012-09-02,0.2104033056827978,0
108968,2012-09-02,0.4695827462564473,0
108969,2012-09-02,0.6159996529329517,1
108970,2012-09-02,0.3995902774302168,0
108971,2012-09-02,0.2592184689446382,0
108972,2012-09-02,0.2751310326396562,0
108973,2012-09-02,0.21615041406907787,0
108974,2012-09-02,0.39317794547655394,0
108975,2012-09-02,0.3877433583758075,0
108976,2012-09-02,0.28948495374770156,0
108977,2012-09-02,0.1531720428286115,0
108978,2012-09-02,0.3054346462734578,0
108979,2012-09-02,0.24402890071903288,0
108980,2012-09-02,0.46768096421398575,1
108981,2012-09-02,0.3706055669249595,1
108982,2012-09-02,0.26676932441889567,0
108983,2012-09-02,0.2450169762401079,0
108984,2012-09-02,0.22166696542137707,0
108985,2012-09-02,0.29506857066728825,0
108986,2012-09-02,0.20124448266356237,0
108987,2012-09-02,0.27255992503825305,0
108988,2012-09-02,0.20382897385429727,0
108989,2012-09-02,0.1749502057176909,0
108990,2012-09-02,0.3913076695022438,1
108991,2012-09-02,0.3320955833664329,1
108992,2012-09-02,0.4375642139089811,0
108993,2012-09-02,0.46289278277323054,0
108994,2012-09-02,0.1530820573745707,0
108995,2012-09-02,0.27834184513149096,0
108996,2012-09-02,0.1683476323802673,0
108997,2012-09-02,0.29938526384521763,0
108998,2012-09-02,0.3207110789869756,1
108999,2012-09-02,0.5438387631484596,1
109000,2012-09-02,0.304459197220717,1
109001,2012-09-02,0.3757470295548886,1
109002,2012-09-02,0.08687463461530931,0
109003,2012-09-02,0.40796221785861214,0
109004,2012-09-02,0.35088528912716815,0
109005,2012-09-02,0.4040519607176278,1
109006,2012-09-02,0.3646169588679362,0
109007,2012-09-02,0.24892037933237116,0
109008,2012-09-02,0.3142864624243853,0
109009,2012-09-02,0.2757349466922684,0
109010,2012-09-02,0.20059421819650894,0
109011,2012-09-02,0.4945328093982452,1
109012,2012-09-02,0.41470491588967545,0
109013,2012-09-02,0.41701368769868885,0
109014,2012-09-02,0.5154184541778459,0
109015,2012-09-02,0.2923470913063289,0
109016,2012-09-02,0.15383051720024402,0
109017,2012-09-02,0.28928021654707253,0
109018,2012-09-02,0.49052702192534525,1
109019,2012-09-02,0.30758022324771556,0
109020,2012-09-02,0.17350128272814108,0
109021,2012-09-02,0.4072722551646211,1
109022,2012-09-02,0.4277199076431059,0
109023,2012-09-02,0.5748800398302663,1
109024,2012-09-02,0.3229919870045157,0
109025,2012-09-02,0.2373825850146705,0
109026,2012-09-02,0.4134201091110278,0
109027,2012-09-02,0.2152989983476703,1
109028,2012-09-02,0.3878388269217602,0
109029,2012-09-02,0.4296498655498293,0
109030,2012-09-02,0.46596413568762174,0
109031,2012-09-02,0.3882012700835354,0
109032,2012-09-02,0.1395195196833954,0
109033,2012-09-02,0.3783999118929428,0
109034,2012-09-02,0.27007336379108693,1
109035,2012-09-02,0.41123382277747444,0
109036,2012-09-02,0.31828251348986725,0
109037,2012-09-02,0.3365365779670554,1
109038,2012-09-02,0.11135446673866331,0
109039,2012-09-02,0.22796103030610212,0
109040,2012-09-02,0.21824469658463086,0
109041,2012-09-02,0.41946858174747137,0
109042,2012-09-02,0.3146818891704372,0
109043,2012-09-02,0.17563450164827824,0
109044,2012-09-02,0.40025165267527524,1
109045,2012-09-02,0.4439561577833111,1
109046,2012-09-02,0.15977138679717767,1
109047,2012-09-02,0.3993761647118604,1
109048,2012-09-02,0.5316682578337011,0
109049,2012-09-02,0.22147199095323217,1
109050,2012-09-02,0.30730348546568664,0
109051,2012-09-02,0.4610409808400556,0
109052,2012-09-02,0.3869382671096372,0
109053,2012-09-02,0.3234187837222735,1
109054,2012-09-02,0.2504085536827633,0
109055,2012-09-02,0.4023657442973351,0
109056,2012-09-02,0.3564760595211892,0
109057,2012-09-02,0.14609262601744302,0
109058,2012-09-02,0.3248845127852166,0
109059,2012-09-02,0.2965472634906496,0
109060,2012-09-02,0.3103022554983471,0
109061,2012-09-02,0.20233564827763262,0
109062,2012-09-02,0.5131315918849959,0
109063,2012-09-02,0.11513871586044391,0
109064,2012-09-02,0.2424043563071791,0
109065,2012-09-02,0.4578306072779234,0
109066,2012-09-02,0.34804595515096703,1
109067,2012-09-02,0.2712583677227748,1
109068,2012-09-02,0.5059003949559521,0
109069,2012-09-02,0.2521761211010032,1
109070,2012-09-02,0.1595339328584665,0
109071,2012-09-02,0.5109756774762737,1
109072,2012-09-02,0.3784288642400653,1
109073,2012-09-02,0.327092218452685,1
109074,2012-09-02,0.4273897116408483,0
109075,2012-09-02,0.2665733824217833,0
109076,2012-09-02,0.3789968253633821,1
109077,2012-09-02,0.4898682306407294,0
109078,2012-09-02,0.5176213185829864,1
109079,2012-09-02,0.6103772454725336,1
109080,2012-09-02,0.3296407761256746,1
109081,2012-09-02,0.582420750872737,1
109082,2012-09-02,0.421536777940219,0
109083,2012-09-02,0.35860897513605855,0
109084,2012-09-02,0.29007567159244046,0
109085,2012-09-02,0.48202351913001806,1
109086,2012-09-02,0.3578279260687082,0
109087,2012-09-02,0.18527276485410635,0
109088,2012-09-02,0.5451309864119237,0
109089,2012-09-02,0.23096546371377097,0
109090,2012-09-02,0.3751034488357385,1
109091,2012-09-02,0.39774694675371774,1
109092,2012-09-02,0.4172294235209582,1
109093,2012-09-02,0.2387610262617001,0
109094,2012-09-02,0.4143856526274631,1
109095,2012-09-02,0.3998811090865346,0
109096,2012-09-02,0.14738256447103681,0
109097,2012-09-02,0.5106328576944821,0
109098,2012-09-02,0.4107008584166155,0
109099,2012-09-02,0.28323095789361497,1
109100,2012-09-02,0.32279832359913646,1
109101,2012-09-02,0.625535663575212,1
109102,2012-09-02,0.28678889354976517,1
109103,2012-09-02,0.32716745942039255,0
109104,2012-09-02,0.3038287929663139,0
109105,2012-09-02,0.36471807470355166,0
109106,2012-09-02,0.30702814207317247,0
109107,2012-09-02,0.1764185103594202,0
109108,2012-09-02,0.3391123313759581,0
109109,2012-09-02,0.11461688683291965,0
109110,2012-09-02,0.3040666538738409,0
109111,2012-09-02,0.3001688527738401,0
109112,2012-09-02,0.431149114432002,1
109113,2012-09-02,0.2619380095237586,1
109114,2012-09-02,0.3222111423815647,0
109115,2012-09-02,0.40802189406282025,1
109116,2012-09-02,0.3809102315493603,0
109117,2012-09-02,0.2572769547575892,0
109118,2012-09-02,0.2501168901916907,0
109119,2012-09-02,0.5402254358335168,0
109120,2012-09-02,0.25394463456548244,1
109121,2012-09-02,0.38923878001001855,0
109122,2012-09-02,0.3124716123075497,1
109123,2012-09-02,0.3333507964817468,1
109124,2012-09-02,0.3415456459492435,0
109125,2012-09-02,0.25423792498782066,0
109126,2012-09-02,0.2970711950866713,0
109127,2012-09-02,0.23174215459718783,1
109128,2012-09-02,0.26969775174020233,0
109129,2012-09-02,0.43918052267342,0
109130,2012-09-02,0.39439638661932885,0
109131,2012-09-02,0.27876783977196673,0
109132,2012-09-02,0.174465720750101,0
109133,2012-09-02,0.21965123917694632,0
109134,2012-09-02,0.2885188263070156,0
109135,2012-09-02,0.35584875223102225,0
109136,2012-09-02,0.46327537984361533,0
109137,2012-09-02,0.3230690412504847,0
109138,2012-09-02,0.3955508405478367,1
109139,2012-09-02,0.5881171389856397,0
109140,2012-09-02,0.2049579707945065,0
109141,2012-09-02,0.40235418242525595,0
109142,2012-09-02,0.16658662576913832,1
109143,2012-09-02,0.2932417238308236,0
109144,2012-09-02,0.2724279339286543,0
109145,2012-09-02,0.3525834554671868,0
109146,2012-09-02,0.5576563637778224,1
109147,2012-09-02,0.5177606369890568,1
109148,2012-09-02,0.1771244846555253,0
109149,2012-09-02,0.28801785021449133,0
109150,2012-09-02,0.30449576398640943,0
109151,2012-09-02,0.3425086568073992,1
109152,2012-09-02,0.6174137896361703,1
109153,2012-09-02,0.30882304438074704,0
109154,2012-09-02,0.19614215314894506,1
109155,2012-09-02,0.20382942979390237,0
109156,2012-09-02,0.4396537148392849,1
109157,2012-09-02,0.14115719884610248,0
109158,2012-09-02,0.47981942783730386,1
109159,2012-09-02,0.16679612175595104,0
109160,2012-09-02,0.19482575892836843,0
109161,2012-09-02,0.25439011296113084,0
109162,2012-09-02,0.27623739361881344,0
109163,2012-09-02,0.2640708235100859,0
109164,2012-09-02,0.273727307187776,0
109165,2012-09-02,0.2712284187146808,0
109166,2012-09-02,0.3462982870957367,1
109167,2012-09-02,0.3252557525115257,0
109168,2012-09-02,0.2981704588588198,0
109169,2012-09-02,0.40788386116490966,0
109170,2012-09-02,0.36736763797973365,0
109171,2012-09-02,0.4670712401043003,1
109172,2012-09-02,0.44296671277094685,1
109173,2012-09-02,0.2650004616282961,1
109174,2012-09-02,0.33590359776937817,0
109175,2012-09-02,0.34091223112794783,0
109176,2012-09-02,0.3841676943517915,0
109177,2012-09-02,0.2213260286976682,0
109178,2012-09-02,0.4865284992611057,0
109179,2012-09-02,0.3501133341826067,0
109180,2012-09-02,0.5243454813946236,0
109181,2012-09-02,0.3747430984017885,1
109182,2012-09-02,0.4374568758131601,0
109183,2012-09-02,0.3354354804227869,0
109184,2012-09-02,0.31149025242965367,0
109185,2012-09-02,0.3982659907479035,0
109186,2012-09-02,0.26118187766118967,0
109187,2012-09-02,0.29056644100063583,0
109188,2012-09-02,0.3550980042338831,0
109189,2012-09-02,0.22318986362277698,1
109190,2012-09-02,0.299328467791877,0
109191,2012-09-02,0.2673688369288687,0
109192,2012-09-02,0.35372706124504405,0
109193,2012-09-02,0.15013348475607277,0
109194,2012-09-02,0.32516947615771596,0
109195,2012-09-02,0.2634933706568634,0
109196,2012-09-02,0.335339519396706,0
109197,2012-09-02,0.22845783534344777,0
109198,2012-09-02,0.2911377110080783,0
109199,2012-09-02,0.15839102193170707,0
109200,2012-09-02,0.3684357196212432,0
109201,2012-09-02,0.3234009831956516,1
109202,2012-09-02,0.3656185061954115,0
109203,2012-09-02,0.21209087661677328,1
109204,2012-09-02,0.6193880211816807,1
109205,2012-09-02,0.3822552348756843,0
109206,2012-09-02,0.30220147871824077,0
109207,2012-09-02,0.4286691110794675,1
109208,2012-09-02,0.3230530069557258,0
109209,2012-09-02,0.5346469024066018,1
109210,2012-09-02,0.34597302428598414,0
109211,2012-09-02,0.20810811501104193,0
109212,2012-09-02,0.42927429125945965,0
109213,2012-09-02,0.2605331270469647,0
109214,2012-09-02,0.6131418170690603,1
109215,2012-09-02,0.49421963309951655,1
109216,2012-09-02,0.35169024724545256,1
109217,2012-09-02,0.16670158686459519,0
109218,2012-09-02,0.20702539816678975,0
109219,2012-09-02,0.3281816291164402,0
109220,2012-09-02,0.43117155760894293,1
109221,2012-09-02,0.300953211397987,0
109222,2012-09-02,0.25114090111753334,0
109223,2012-09-02,0.3549430603409206,0
109224,2012-09-02,0.2720513491867241,0
109225,2012-09-02,0.26412585939332717,1
109226,2012-09-02,0.24983677297326787,0
109227,2012-09-02,0.38006293796417606,0
109228,2012-09-02,0.30630009179107764,0
109229,2012-09-02,0.3383010911906773,0
109230,2012-09-02,0.26114047512715016,1
109231,2012-09-02,0.3794819519016038,1
109232,2012-09-02,0.24241709371703518,0
109233,2012-09-02,0.22922124953164005,0
109234,2012-09-02,0.23103374191660572,0
109235,2012-09-02,0.34945814673805586,0
109236,2012-09-02,0.3759519932836098,0
109237,2012-09-02,0.22097676219419254,0
109238,2012-09-02,0.19576832228644142,1
109239,2012-09-02,0.4458382743566267,0
109240,2012-09-02,0.31199602369499174,0
109241,2012-09-02,0.6719150923902947,1
109242,2012-09-02,0.2797525111583897,0
109243,2012-09-02,0.19739214033930652,0
109244,2012-09-02,0.559475664509637,1
109245,2012-09-02,0.42460064444495066,0
109246,2012-09-02,0.15943615020248417,0
109247,2012-09-02,0.6969528956870878,1
109248,2012-09-02,0.1825847510781109,0
109249,2012-09-02,0.2814106115047927,1
109250,2012-09-02,0.43381822745565773,0
109251,2012-09-02,0.12711167474633528,0
109252,2012-09-02,0.6516484322255525,1
109253,2012-09-02,0.23393415471573073,0
109254,2012-09-02,0.26816470439203477,0
109255,2012-09-02,0.45734715147786276,1
109256,2012-09-02,0.2757739260449898,0
109257,2012-09-02,0.2947966556304803,0
109258,2012-09-02,0.3860338474536605,1
109259,2012-09-02,0.2725318502010927,1
109260,2012-09-02,0.22945555488554173,0
109261,2012-09-02,0.5609733021768073,1
109262,2012-09-02,0.3597068825685346,0
109263,2012-09-02,0.28556870809608265,0
109264,2012-09-02,0.5617723291865667,0
109265,2012-09-02,0.1930384559600793,0
109266,2012-09-02,0.3948619212646871,1
109267,2012-09-02,0.20890569272029283,0
109268,2012-09-02,0.32886392841119666,1
109269,2012-09-02,0.2814110591540462,1
109270,2012-09-02,0.4689685583880025,1
109271,2012-09-02,0.26668368207259796,0
109272,2012-09-02,0.4594426330487475,1
109273,2012-09-02,0.2294887501381079,0
109274,2012-09-02,0.27916419111422114,1
109275,2012-09-02,0.25532439387409794,1
109276,2012-09-02,0.2285763357575059,0
109277,2012-09-02,0.45912080887306084,1
109278,2012-09-02,0.22284714060553992,0
109279,2012-09-02,0.37171364275036123,0
109280,2012-09-02,0.30301284655083804,0
109281,2012-09-02,0.6607139472103016,1
109282,2012-09-02,0.342279517744654,1
109283,2012-09-02,0.5008622760249054,0
109284,2012-09-02,0.4387635199087453,0
109285,2012-09-02,0.2754521056704651,0
109286,2012-09-02,0.17361350390162444,0
109287,2012-09-02,0.08088544669454359,0
109288,2012-09-02,0.36346231993698075,0
109289,2012-09-03,0.44127882808068386,0
109290,2012-09-03,0.4350421132803279,0
109291,2012-09-03,0.1768617466197474,0
109292,2012-09-03,0.4187064057718474,0
109293,2012-09-03,0.20672148817959635,0
109294,2012-09-03,0.6431788120267972,1
109295,2012-09-03,0.5385116074869573,1
109296,2012-09-03,0.40592169710343545,0
109297,2012-09-03,0.2654376492090174,0
109298,2012-09-03,0.3225302329324115,0
109299,2012-09-03,0.2867894522459195,0
109300,2012-09-03,0.37796922547436546,0
109301,2012-09-03,0.39157477237462807,0
109302,2012-09-03,0.30578490810408326,0
109303,2012-09-03,0.30999643673634397,0
109304,2012-09-03,0.3945590843258866,0
109305,2012-09-03,0.4187540092691188,0
109306,2012-09-03,0.5133100025455368,1
109307,2012-09-03,0.30097727659553364,0
109308,2012-09-03,0.6660928122498838,1
109309,2012-09-03,0.25998921620252474,0
109310,2012-09-03,0.38046038933238413,0
109311,2012-09-03,0.11484526668625938,0
109312,2012-09-03,0.2082650654947338,0
109313,2012-09-03,0.5019001975702254,0
109314,2012-09-03,0.3377940137724319,0
109315,2012-09-03,0.1732492093003093,0
109316,2012-09-03,0.3144962391779009,0
109317,2012-09-03,0.1730556126919257,0
109318,2012-09-03,0.3515795693404429,0
109319,2012-09-03,0.23728670299553892,1
109320,2012-09-03,0.5756102147125453,0
109321,2012-09-03,0.46249042874456714,0
109322,2012-09-03,0.43817905290238895,0
109323,2012-09-03,0.19675181533798342,0
109324,2012-09-03,0.35595130317613716,0
109325,2012-09-03,0.27115935886835085,0
109326,2012-09-03,0.3549317814350727,0
109327,2012-09-03,0.29719421592066947,0
109328,2012-09-03,0.5081176222203955,0
109329,2012-09-03,0.18261348248439824,0
109330,2012-09-03,0.3337767897791648,0
109331,2012-09-03,0.3013626881718496,1
109332,2012-09-03,0.29315803094664966,0
109333,2012-09-03,0.3157610954797856,1
109334,2012-09-03,0.39796135395604615,0
109335,2012-09-03,0.602516250577434,1
109336,2012-09-03,0.22288972375398072,0
109337,2012-09-03,0.3636517046135239,1
109338,2012-09-03,0.3269585116115695,0
109339,2012-09-03,0.6042527431049222,0
109340,2012-09-03,0.3075744668876678,0
109341,2012-09-03,0.29168759058754873,0
109342,2012-09-03,0.4714096897658872,0
109343,2012-09-03,0.2893638750375438,0
109344,2012-09-03,0.4622299099379836,1
109345,2012-09-03,0.26867052636815547,1
109346,2012-09-03,0.20500702228734252,0
109347,2012-09-03,0.22827703742972066,0
109348,2012-09-03,0.3375403327130342,0
109349,2012-09-03,0.39923106616827475,0
109350,2012-09-03,0.17302911733187562,0
109351,2012-09-03,0.23418114121390027,0
109352,2012-09-03,0.17270937488434973,0
109353,2012-09-03,0.2664250157003575,1
109354,2012-09-03,0.43271949075334715,1
109355,2012-09-03,0.30634062297150716,0
109356,2012-09-03,0.3811954628141723,0
109357,2012-09-03,0.49006610928730227,0
109358,2012-09-03,0.3205883628546711,0
109359,2012-09-03,0.4251409683817003,1
109360,2012-09-03,0.5596558731988582,1
109361,2012-09-03,0.402069723916467,0
109362,2012-09-03,0.39481484696464764,0
109363,2012-09-03,0.4027731733551226,0
109364,2012-09-03,0.4674814911291405,0
109365,2012-09-03,0.5025301216361616,0
109366,2012-09-03,0.28775087666125637,0
109367,2012-09-03,0.16479260818297525,0
109368,2012-09-03,0.42204391644042477,0
109369,2012-09-03,0.39817491669293203,1
109370,2012-09-03,0.49317362000562615,1
109371,2012-09-03,0.20894374247917671,1
109372,2012-09-03,0.3273804671072971,1
109373,2012-09-03,0.19364873945731223,0
109374,2012-09-03,0.2879913623643709,0
109375,2012-09-03,0.47508492868861474,0
109376,2012-09-03,0.3334601687107544,0
109377,2012-09-03,0.2397375909457582,0
109378,2012-09-03,0.28288552707582887,0
109379,2012-09-03,0.30974695815069014,0
109380,2012-09-03,0.405596978187271,0
109381,2012-09-03,0.4813540959001514,0
109382,2012-09-03,0.45262672863121184,0
109383,2012-09-03,0.18905274358335442,0
109384,2012-09-03,0.46821528193120476,0
109385,2012-09-03,0.3337675960167932,0
109386,2012-09-03,0.42756612696404106,1
109387,2012-09-03,0.3942397890973664,1
109388,2012-09-03,0.34684683788672027,0
109389,2012-09-03,0.3611055623852247,0
109390,2012-09-03,0.3166380769712686,0
109391,2012-09-03,0.5166828845132859,1
109392,2012-09-03,0.16123382199486708,0
109393,2012-09-03,0.47973872594249894,0
109394,2012-09-03,0.4828043380974107,1
109395,2012-09-03,0.4073904262886675,0
109396,2012-09-03,0.371406696562158,0
109397,2012-09-03,0.33707956483347556,0
109398,2012-09-03,0.3146454779420442,0
109399,2012-09-03,0.21560570735281212,0
109400,2012-09-03,0.43970683521247705,0
109401,2012-09-03,0.3878588406674471,0
109402,2012-09-03,0.4322653721617158,0
109403,2012-09-03,0.36464550588358985,0
109404,2012-09-03,0.4171698708740576,0
109405,2012-09-03,0.4069790591864383,1
109406,2012-09-03,0.37261844532610877,1
109407,2012-09-03,0.2504839044269462,0
109408,2012-09-03,0.35012237770107646,0
109409,2012-09-03,0.1104045343016234,0
109410,2012-09-03,0.3243130340792203,0
109411,2012-09-03,0.34556416823575276,1
109412,2012-09-03,0.27310154722355356,0
109413,2012-09-03,0.41275554275036697,0
109414,2012-09-03,0.44177575526176427,1
109415,2012-09-03,0.5142758322769224,0
109416,2012-09-03,0.32239789030974925,1
109417,2012-09-03,0.33810484318239187,0
109418,2012-09-03,0.32043851556776987,0
109419,2012-09-03,0.28320456104643227,0
109420,2012-09-03,0.4079250595449217,0
109421,2012-09-03,0.32786097853846036,0
109422,2012-09-03,0.21520511332345585,0
109423,2012-09-03,0.33723649780607273,1
109424,2012-09-03,0.3172821206658685,0
109425,2012-09-03,0.6043025688873142,1
109426,2012-09-03,0.3182676121155612,0
109427,2012-09-03,0.35894208129222943,0
109428,2012-09-03,0.2596041870650217,0
109429,2012-09-03,0.2752230334028145,0
109430,2012-09-03,0.5076026723887406,1
109431,2012-09-03,0.5563481707085032,1
109432,2012-09-03,0.2073090668529257,0
109433,2012-09-03,0.4518399750419331,1
109434,2012-09-03,0.353248235335722,1
109435,2012-09-03,0.29307894037731586,1
109436,2012-09-03,0.1804945275501317,0
109437,2012-09-03,0.3754280070309346,0
109438,2012-09-03,0.40270440954318165,0
109439,2012-09-03,0.4653586790296109,0
109440,2012-09-03,0.48600561027493744,0
109441,2012-09-03,0.32687473643615816,1
109442,2012-09-03,0.2407123184052113,0
109443,2012-09-03,0.36086152417795986,0
109444,2012-09-03,0.25895614260381367,0
109445,2012-09-03,0.3193814868803804,1
109446,2012-09-03,0.26213894639726654,0
109447,2012-09-03,0.4451135731417431,0
109448,2012-09-03,0.4331053996842042,0
109449,2012-09-03,0.28634993862284586,0
109450,2012-09-03,0.3202039463181032,0
109451,2012-09-03,0.6473548518179214,1
109452,2012-09-03,0.2587620936912287,1
109453,2012-09-03,0.49141195242358854,0
109454,2012-09-03,0.2490000804102425,1
109455,2012-09-03,0.44393423369900914,0
109456,2012-09-03,0.1690643012774017,0
109457,2012-09-03,0.3366275838684562,1
109458,2012-09-03,0.38646855022630555,0
109459,2012-09-03,0.1482949208513751,0
109460,2012-09-03,0.18471608823908245,0
109461,2012-09-03,0.38393562151437927,0
109462,2012-09-03,0.2880499503616776,0
109463,2012-09-03,0.406965194153523,0
109464,2012-09-03,0.11605862560118729,0
109465,2012-09-03,0.4583458807873981,0
109466,2012-09-03,0.4222982819322279,1
109467,2012-09-03,0.5450499798072115,1
109468,2012-09-03,0.1286278591222402,0
109469,2012-09-03,0.4417594309131496,1
109470,2012-09-03,0.27972266206100077,0
109471,2012-09-03,0.5936098077887486,1
109472,2012-09-03,0.17630361933967426,0
109473,2012-09-03,0.30852964072128003,1
109474,2012-09-03,0.08845786984195204,0
109475,2012-09-03,0.45131154650707606,0
109476,2012-09-03,0.23795075095560037,0
109477,2012-09-03,0.44614291455609256,1
109478,2012-09-03,0.3111940607334405,0
109479,2012-09-03,0.5229298610571843,0
109480,2012-09-03,0.31386410902621603,0
109481,2012-09-03,0.30013015425485173,0
109482,2012-09-03,0.24126330119148842,0
109483,2012-09-03,0.3524449410296708,0
109484,2012-09-03,0.4130218875375105,0
109485,2012-09-03,0.5187732944848537,0
109486,2012-09-03,0.22080380068709446,1
109487,2012-09-03,0.36720921847512755,1
109488,2012-09-03,0.35578056901532484,0
109489,2012-09-03,0.2843157594202453,0
109490,2012-09-03,0.19966003661687626,0
109491,2012-09-03,0.33088375400865266,0
109492,2012-09-03,0.6817036845834079,0
109493,2012-09-03,0.29537999950787225,1
109494,2012-09-03,0.23357668636868212,1
109495,2012-09-03,0.25151579717043276,0
109496,2012-09-03,0.3355101622964597,0
109497,2012-09-03,0.5232343222814416,1
109498,2012-09-03,0.26974480291920855,0
109499,2012-09-03,0.2707086980334898,0
109500,2012-09-03,0.655826581061823,1
109501,2012-09-03,0.38131422460559505,1
109502,2012-09-03,0.5880365262480737,1
109503,2012-09-03,0.44431625132856206,0
109504,2012-09-03,0.27362979893415224,0
109505,2012-09-03,0.6511168342802052,1
109506,2012-09-03,0.6080950357127946,1
109507,2012-09-03,0.28714879073148863,0
109508,2012-09-03,0.2997694940074028,0
109509,2012-09-03,0.3904310147103751,1
109510,2012-09-03,0.30049507592337193,1
109511,2012-09-03,0.4045121175237665,1
109512,2012-09-03,0.15868346190972424,0
109513,2012-09-03,0.34495676297130423,0
109514,2012-09-03,0.18609239661691346,0
109515,2012-09-03,0.38733914542797065,1
109516,2012-09-03,0.25344729180036396,0
109517,2012-09-03,0.14638941754907556,0
109518,2012-09-03,0.4079125389687877,0
109519,2012-09-03,0.47538915495984196,1
109520,2012-09-03,0.4972962360724968,0
109521,2012-09-03,0.30075530005467893,0
109522,2012-09-03,0.36968532345987304,0
109523,2012-09-03,0.46103023165230655,0
109524,2012-09-03,0.3553991752846462,0
109525,2012-09-03,0.4396309293605336,0
109526,2012-09-03,0.37812325125483776,0
109527,2012-09-03,0.40388164612466343,0
109528,2012-09-03,0.3909996582623857,0
109529,2012-09-03,0.3446313355121045,0
109530,2012-09-03,0.34902604700156664,0
109531,2012-09-03,0.343353902416674,1
109532,2012-09-03,0.45598872192799117,0
109533,2012-09-03,0.34849456820469915,1
109534,2012-09-03,0.13229626278583667,0
109535,2012-09-03,0.5130622542057736,0
109536,2012-09-03,0.35943299279945135,0
109537,2012-09-03,0.489455260808843,0
109538,2012-09-03,0.537038826293694,0
109539,2012-09-03,0.3222508165770735,1
109540,2012-09-03,0.42045452090691265,0
109541,2012-09-03,0.19949012423596102,0
109542,2012-09-03,0.20465978547473412,1
109543,2012-09-03,0.5335837192967521,1
109544,2012-09-03,0.4018843623689247,0
109545,2012-09-03,0.416333704686879,1
109546,2012-09-03,0.3202120965966714,0
109547,2012-09-03,0.26419493858574683,0
109548,2012-09-03,0.2385423891487846,1
109549,2012-09-03,0.1685651198352646,0
109550,2012-09-03,0.3642512397293749,0
109551,2012-09-03,0.26074574633172,0
109552,2012-09-03,0.3780355073649739,1
109553,2012-09-03,0.4848652722302813,1
109554,2012-09-03,0.32253877781833235,0
109555,2012-09-03,0.3374489861428598,0
109556,2012-09-03,0.36487861380469844,0
109557,2012-09-03,0.39322319762781044,0
109558,2012-09-03,0.3441652951193832,1
109559,2012-09-03,0.3775698598375144,0
109560,2012-09-03,0.30300856535700527,0
109561,2012-09-03,0.5066174444077192,1
109562,2012-09-03,0.38188923414580134,0
109563,2012-09-03,0.3165893113145873,0
109564,2012-09-03,0.296397621507203,0
109565,2012-09-03,0.3953595818220987,1
109566,2012-09-03,0.3117549235885099,0
109567,2012-09-03,0.40949700669439143,0
109568,2012-09-03,0.18892737663307874,0
109569,2012-09-03,0.41319051063127943,0
109570,2012-09-03,0.3727310764827125,1
109571,2012-09-03,0.2816083179911661,0
109572,2012-09-03,0.40936079992388996,0
109573,2012-09-03,0.3954981666858783,0
109574,2012-09-03,0.3513448322389721,1
109575,2012-09-03,0.25132713190342365,0
109576,2012-09-03,0.313845818392355,0
109577,2012-09-03,0.36079505232245496,0
109578,2012-09-03,0.24848173176166197,0
109579,2012-09-03,0.6127704999758957,0
109580,2012-09-03,0.253246434845486,0
109581,2012-09-03,0.3062826118353769,0
109582,2012-09-03,0.5221071931761587,1
109583,2012-09-03,0.5137209571511633,0
109584,2012-09-03,0.3095173808173557,0
109585,2012-09-03,0.33679361081760784,0
109586,2012-09-03,0.31198368557910533,0
109587,2012-09-03,0.4999958280955543,0
109588,2012-09-03,0.19135124470518894,1
109589,2012-09-03,0.16738923401057104,0
109590,2012-09-03,0.30583674763936103,0
109591,2012-09-03,0.43460953647697725,1
109592,2012-09-03,0.5967077070810417,1
109593,2012-09-03,0.349625037834514,0
109594,2012-09-03,0.31539908960034246,0
109595,2012-09-03,0.3998047594857349,1
109596,2012-09-03,0.5382916175439827,1
109597,2012-09-03,0.26377016316003915,0
109598,2012-09-03,0.22371999541373103,0
109599,2012-09-03,0.33920661152142695,0
109600,2012-09-03,0.6297045341342107,0
109601,2012-09-03,0.5220048914426064,1
109602,2012-09-03,0.4502459662846782,0
109603,2012-09-03,0.43795078965563566,0
109604,2012-09-03,0.34655343998504895,1
109605,2012-09-03,0.41076346176101713,1
109606,2012-09-03,0.39859770959111923,0
109607,2012-09-03,0.4188069012706392,0
109608,2012-09-03,0.39006663344802484,0
109609,2012-09-03,0.2292175017694748,0
109610,2012-09-03,0.20462353841488837,0
109611,2012-09-03,0.5383307929746984,0
109612,2012-09-03,0.2459682347857275,0
109613,2012-09-03,0.3764039778028199,0
109614,2012-09-03,0.5077623479091785,1
109615,2012-09-03,0.2866794354476661,0
109616,2012-09-03,0.34720457080308303,0
109617,2012-09-03,0.49819588393262626,1
109618,2012-09-03,0.5729206077726803,0
109619,2012-09-03,0.1792170350114628,1
109620,2012-09-03,0.33536645281817523,0
109621,2012-09-03,0.4123755154743156,0
109622,2012-09-03,0.48635111796461516,1
109623,2012-09-03,0.42829685719876864,0
109624,2012-09-03,0.4239501241675087,0
109625,2012-09-03,0.273368286943602,0
109626,2012-09-03,0.48171973878748797,0
109627,2012-09-03,0.40955672588151426,0
109628,2012-09-03,0.5945321735514246,1
109629,2012-09-03,0.5706346754240141,0
109630,2012-09-03,0.21130658136671676,0
109631,2012-09-03,0.3186716621324785,0
109632,2012-09-03,0.4610204784861681,0
109633,2012-09-03,0.24686370020328496,0
109634,2012-09-03,0.16327735474121674,0
109635,2012-09-03,0.22873628778859117,0
109636,2012-09-03,0.6555958951453046,1
109637,2012-09-03,0.4263206390450862,1
109638,2012-09-03,0.460872839911203,1
109639,2012-09-03,0.22697459678518708,0
109640,2012-09-03,0.46844349373690775,0
109641,2012-09-03,0.4652840568829046,0
109642,2012-09-03,0.2569014276948988,0
109643,2012-09-03,0.21945100124144645,1
109644,2012-09-03,0.2558055826020431,0
109645,2012-09-03,0.43741215221045565,1
109646,2012-09-03,0.4242302313839629,1
109647,2012-09-03,0.30411531396673175,0
109648,2012-09-03,0.33378823087243176,0
109649,2012-09-03,0.42580603276981877,1
109650,2012-09-03,0.35335232945674194,0
109651,2012-09-03,0.19094780842839507,0
109652,2012-09-03,0.34574699722811025,0
109653,2012-09-03,0.4122742005140459,0
109654,2012-09-03,0.30160840129083333,1
109655,2012-09-03,0.24110943422094952,0
109656,2012-09-03,0.3473578052814401,0
109657,2012-09-03,0.39500427339088284,0
109658,2012-09-03,0.3479061631817707,1
109659,2012-09-03,0.24125103587832494,0
109660,2012-09-03,0.49334112644114303,1
109661,2012-09-03,0.2070568430696902,0
109662,2012-09-03,0.5213085262319357,1
109663,2012-09-03,0.606828339039522,1
109664,2012-09-03,0.5644224630044442,1
109665,2012-09-03,0.36326545202911575,0
109666,2012-09-03,0.6446595334589305,0
109667,2012-09-03,0.5558479611237112,0
109668,2012-09-03,0.35362309203849235,0
109669,2012-09-03,0.21310273120266526,1
109670,2012-09-03,0.24487131921009733,0
109671,2012-09-03,0.3891577732047935,1
109672,2012-09-03,0.2489700417414424,0
109673,2012-09-03,0.44232875657700205,0
109674,2012-09-03,0.38117068047841657,0
109675,2012-09-03,0.32886267041019657,0
109676,2012-09-03,0.4227456487432087,0
109677,2012-09-03,0.5801193846914897,1
109678,2012-09-03,0.26603045735212716,1
109679,2012-09-03,0.1794897831769189,0
109680,2012-09-03,0.36833839079682523,0
109681,2012-09-03,0.22184084338701465,0
109682,2012-09-03,0.27139262538086656,0
109683,2012-09-03,0.40647047153568094,0
109684,2012-09-03,0.3836824443035753,0
109685,2012-09-03,0.4117049632984598,1
109686,2012-09-03,0.21146592840495687,0
109687,2012-09-03,0.36243937388409386,0
109688,2012-09-03,0.47892277173993825,1
109689,2012-09-03,0.27509866774058306,0
109690,2012-09-03,0.28975541304923874,0
109691,2012-09-03,0.29599888943647906,1
109692,2012-09-03,0.16461596656900182,1
109693,2012-09-03,0.18676537616242317,0
109694,2012-09-03,0.12196850582908134,0
109695,2012-09-03,0.3436333118355511,0
109696,2012-09-03,0.18108428806713264,0
109697,2012-09-03,0.4079844157259567,0
109698,2012-09-03,0.357088598922209,0
109699,2012-09-03,0.28324413461587894,0
109700,2012-09-03,0.24536284619020562,0
109701,2012-09-03,0.45220013229287603,1
109702,2012-09-03,0.20280635230541155,0
109703,2012-09-03,0.4448904278692678,0
109704,2012-09-03,0.37961197943427827,0
109705,2012-09-03,0.34833874817150545,0
109706,2012-09-03,0.19217523589660407,1
109707,2012-09-03,0.32867318681681507,0
109708,2012-09-03,0.19429567007787568,0
109709,2012-09-03,0.26691565127312133,0
109710,2012-09-03,0.39880282043715115,1
109711,2012-09-03,0.5237300245273023,0
109712,2012-09-03,0.23903106300966376,0
109713,2012-09-03,0.5951290755195221,0
109714,2012-09-03,0.17339579788212844,0
109715,2012-09-03,0.2934827401088907,0
109716,2012-09-03,0.305083511538616,0
109717,2012-09-03,0.3732917874215084,0
109718,2012-09-03,0.38857875653481,0
109719,2012-09-03,0.30851036884611904,1
109720,2012-09-03,0.5258915083369462,0
109721,2012-09-03,0.21799414800573208,0
109722,2012-09-03,0.4145987424331472,0
109723,2012-09-03,0.5644070336670067,0
109724,2012-09-03,0.29442771285698527,0
109725,2012-09-03,0.2611477316398293,1
109726,2012-09-03,0.34504493805499353,1
109727,2012-09-03,0.288948472201499,0
109728,2012-09-03,0.29963820916328066,1
109729,2012-09-03,0.3641384444709296,1
109730,2012-09-03,0.19920969652058773,0
109731,2012-09-03,0.3167801292620539,0
109732,2012-09-03,0.3310168626990022,1
109733,2012-09-03,0.39525982300149476,1
109734,2012-09-03,0.4837438464186212,1
109735,2012-09-03,0.267496624756465,0
109736,2012-09-03,0.2622115406532196,1
109737,2012-09-03,0.3337961093612839,0
109738,2012-09-03,0.3161958554458543,0
109739,2012-09-03,0.48475669564388013,1
109740,2012-09-03,0.21429186945091266,0
109741,2012-09-03,0.32801063133692976,0
109742,2012-09-03,0.5188712279302861,1
109743,2012-09-03,0.21338186352492222,1
109744,2012-09-03,0.40891602609563904,0
109745,2012-09-03,0.08555362859009376,0
109746,2012-09-03,0.5070829796221208,1
109747,2012-09-03,0.372087664413573,0
109748,2012-09-03,0.37449292816972374,0
109749,2012-09-03,0.2894453778949698,0
109750,2012-09-03,0.12585982529984047,0
109751,2012-09-03,0.3743111941942621,0
109752,2012-09-03,0.34661485225428945,0
109753,2012-09-03,0.3644016501624432,0
109754,2012-09-03,0.22502663331308426,0
109755,2012-09-03,0.39331906709789677,0
109756,2012-09-03,0.5782462133986421,1
109757,2012-09-03,0.6612032805559441,0
109758,2012-09-03,0.5511752466331293,0
109759,2012-09-03,0.4881003421144899,0
109760,2012-09-03,0.4805110475824373,0
109761,2012-09-03,0.4269593594919396,0
109762,2012-09-03,0.47890841500721065,0
109763,2012-09-03,0.15072545318900515,0
109764,2012-09-03,0.28926567042266893,0
109765,2012-09-03,0.3393653093288429,0
109766,2012-09-03,0.5889241000311639,0
109767,2012-09-03,0.29566574092874653,0
109768,2012-09-03,0.4512798958688439,1
109769,2012-09-03,0.3770682452506438,0
109770,2012-09-03,0.2735364926876798,0
109771,2012-09-03,0.4130138488046513,0
109772,2012-09-03,0.30046386776664613,0
109773,2012-09-03,0.36822324043804905,1
109774,2012-09-03,0.11935865262658063,0
109775,2012-09-03,0.3097754335402173,0
109776,2012-09-03,0.29567979712426007,1
109777,2012-09-03,0.3111994053088372,0
109778,2012-09-03,0.21900082001921753,0
109779,2012-09-03,0.43674327269459906,0
109780,2012-09-03,0.2444641595411016,0
109781,2012-09-03,0.48868550978801906,0
109782,2012-09-03,0.28349306547183056,0
109783,2012-09-03,0.2754737672198555,0
109784,2012-09-03,0.41160285523942997,1
109785,2012-09-03,0.42101111824352333,1
109786,2012-09-03,0.6696985126771507,0
109787,2012-09-03,0.5031699216017747,0
109788,2012-09-03,0.21457809939991554,0
109789,2012-09-03,0.3918288893388978,1
109790,2012-09-03,0.31985972393978557,1
109791,2012-09-03,0.3237560784215631,0
109792,2012-09-03,0.47163969444466564,0
109793,2012-09-03,0.351184179053049,0
109794,2012-09-03,0.18884814836292757,0
109795,2012-09-03,0.38584636685218177,0
109796,2012-09-03,0.4302702548492801,1
109797,2012-09-03,0.3408236874409503,0
109798,2012-09-03,0.30344404688537846,0
109799,2012-09-03,0.3320452175166883,0
109800,2012-09-03,0.38889083759078535,0
109801,2012-09-03,0.3778169970971822,0
109802,2012-09-03,0.5040272689423757,1
109803,2012-09-03,0.5191076149878727,0
109804,2012-09-03,0.2161500736838621,0
109805,2012-09-03,0.22811226614591235,0
109806,2012-09-03,0.2653474709620954,0
109807,2012-09-03,0.3113383444410588,1
109808,2012-09-03,0.5118271447693566,0
109809,2012-09-03,0.5605839548591901,0
109810,2012-09-03,0.3047015668072154,1
109811,2012-09-03,0.30949187398400896,0
109812,2012-09-03,0.2921133511425809,0
109813,2012-09-03,0.5657315090524194,0
109814,2012-09-03,0.6563242252049051,0
109815,2012-09-03,0.2838654277278178,0
109816,2012-09-03,0.24881137531996408,0
109817,2012-09-03,0.1714938646257337,0
109818,2012-09-03,0.29660383293930787,0
109819,2012-09-03,0.19680942482709335,0
109820,2012-09-03,0.3832751173359133,0
109821,2012-09-03,0.478394683479235,1
109822,2012-09-03,0.20745301839757604,0
109823,2012-09-03,0.34711535655095227,0
109824,2012-09-03,0.1900789398306554,1
109825,2012-09-03,0.45487230692254166,0
109826,2012-09-03,0.16015692062163012,0
109827,2012-09-03,0.5985973808983666,0
109828,2012-09-03,0.40079724805791145,0
109829,2012-09-03,0.3001454377250778,0
109830,2012-09-03,0.6192886470208179,0
109831,2012-09-03,0.501934108183435,1
109832,2012-09-03,0.1066640308013805,0
109833,2012-09-03,0.38589678931443866,0
109834,2012-09-03,0.1755801397824932,0
109835,2012-09-03,0.4244506047774076,0
109836,2012-09-03,0.46775662891208786,0
109837,2012-09-03,0.3440539386184416,0
109838,2012-09-03,0.2670080983879681,0
109839,2012-09-03,0.39108659453356004,0
109840,2012-09-03,0.4164663507748302,0
109841,2012-09-03,0.38180234178813427,0
109842,2012-09-03,0.36012228581053496,1
109843,2012-09-03,0.3917698125177435,0
109844,2012-09-03,0.42435445279828576,0
109845,2012-09-03,0.14731242699499444,0
109846,2012-09-03,0.36089040311950915,0
109847,2012-09-03,0.169503572071292,0
109848,2012-09-03,0.4501120159776328,1
109849,2012-09-03,0.4560062221630202,0
109850,2012-09-03,0.4329798521042331,0
109851,2012-09-03,0.3907715053824905,0
109852,2012-09-03,0.5572087624725438,0
109853,2012-09-03,0.2885827176505429,0
109854,2012-09-03,0.6002428636963539,1
109855,2012-09-03,0.3340647020038333,0
109856,2012-09-03,0.41303787518655993,0
109857,2012-09-03,0.3143398181174367,0
109858,2012-09-03,0.3137387932594778,1
109859,2012-09-03,0.43460503013612245,1
109860,2012-09-03,0.4505587124199176,0
109861,2012-09-03,0.5111329434013813,0
109862,2012-09-03,0.21223142871339815,0
109863,2012-09-03,0.5278241747352109,0
109864,2012-09-03,0.35984659784651735,1
109865,2012-09-03,0.30512375590586627,1
109866,2012-09-03,0.2958096297636877,1
109867,2012-09-03,0.08882252941194542,0
109868,2012-09-03,0.2881308540643214,0
109869,2012-09-03,0.21387753761401257,0
109870,2012-09-03,0.3373768279833907,1
109871,2012-09-03,0.4531247228883213,0
109872,2012-09-03,0.28346085819990596,0
109873,2012-09-03,0.5374969097714881,1
109874,2012-09-03,0.29357035781048774,0
109875,2012-09-03,0.3184536400049468,0
109876,2012-09-03,0.5658860966230882,0
109877,2012-09-03,0.39495276230890497,0
109878,2012-09-03,0.22398987326392764,0
109879,2012-09-03,0.13129818182402408,0
109880,2012-09-03,0.446703248803441,1
109881,2012-09-03,0.3829389817654615,0
109882,2012-09-03,0.3887974100026315,0
109883,2012-09-03,0.4865648900043821,0
109884,2012-09-03,0.4858218385054751,1
109885,2012-09-03,0.4751764131904881,0
109886,2012-09-03,0.4382626808993498,0
109887,2012-09-03,0.2554173520453207,0
109888,2012-09-03,0.4365427562739305,1
109889,2012-09-03,0.2459075622829269,1
109890,2012-09-03,0.23124980618279142,0
109891,2012-09-03,0.40955270002963684,0
109892,2012-09-03,0.42309571840458965,1
109893,2012-09-03,0.2771695554563304,0
109894,2012-09-03,0.3849290229537901,0
109895,2012-09-03,0.35118563552015275,0
109896,2012-09-03,0.19051956025528333,0
109897,2012-09-03,0.42068901951739995,0
109898,2012-09-03,0.20711490672001143,0
109899,2012-09-03,0.2197191700292722,0
109900,2012-09-03,0.38788962735014026,0
109901,2012-09-03,0.12559501523116268,0
109902,2012-09-03,0.4670430698134735,1
109903,2012-09-03,0.2378327021344112,0
109904,2012-09-03,0.2364346968801228,0
109905,2012-09-03,0.4652001563970626,1
109906,2012-09-03,0.3945628176366193,1
109907,2012-09-03,0.4483927364058198,0
109908,2012-09-03,0.6183891591777079,1
109909,2012-09-03,0.36343280654372384,0
109910,2012-09-03,0.46219151252776697,0
109911,2012-09-03,0.44480812350645393,0
109912,2012-09-03,0.2556218834588292,1
109913,2012-09-03,0.2426875919044642,1
109914,2012-09-03,0.2820769351959305,1
109915,2012-09-03,0.2631616212286378,0
109916,2012-09-03,0.2692249690314682,0
109917,2012-09-03,0.3184973675832364,0
109918,2012-09-03,0.28999230656671354,0
109919,2012-09-03,0.5355434412467616,1
109920,2012-09-03,0.23539934611561558,0
109921,2012-09-03,0.30637266005310254,0
109922,2012-09-03,0.30910752807979164,0
109923,2012-09-03,0.3050078901739501,0
109924,2012-09-03,0.36796581539071194,1
109925,2012-09-03,0.43414503412044,1
109926,2012-09-03,0.4332521037174166,0
109927,2012-09-03,0.3224404902460847,1
109928,2012-09-03,0.3918647673336405,0
109929,2012-09-03,0.3975885494468936,1
109930,2012-09-03,0.5478912531631677,1
109931,2012-09-03,0.15293906399586255,0
109932,2012-09-03,0.1831257666162736,0
109933,2012-09-03,0.278331942237693,0
109934,2012-09-03,0.3798316662347538,0
109935,2012-09-03,0.4007489543285773,0
109936,2012-09-03,0.29938738213569166,0
109937,2012-09-03,0.475074644805015,0
109938,2012-09-03,0.18012058487080884,0
109939,2012-09-03,0.27397124841713233,0
109940,2012-09-03,0.41336337940989626,0
109941,2012-09-03,0.353878846203001,0
109942,2012-09-03,0.37392053735843195,0
109943,2012-09-03,0.5164152709873814,0
109944,2012-09-03,0.2975164742386808,0
109945,2012-09-03,0.5224715226823762,1
109946,2012-09-03,0.3895729895712638,0
109947,2012-09-03,0.45492167640570824,1
109948,2012-09-03,0.23649906459021577,1
109949,2012-09-03,0.5034631858104271,1
109950,2012-09-03,0.3442586236189233,1
109951,2012-09-03,0.49717030895140685,1
109952,2012-09-03,0.47664203923095955,1
109953,2012-09-03,0.4542812092948403,1
109954,2012-09-03,0.3162217085077187,0
109955,2012-09-03,0.5801252748537473,0
109956,2012-09-03,0.35099075049552647,0
109957,2012-09-03,0.39078170667564344,1
109958,2012-09-03,0.3522181002942959,0
109959,2012-09-03,0.18391095871549587,0
109960,2012-09-03,0.4947260426457254,1
109961,2012-09-03,0.29199916402618414,1
109962,2012-09-03,0.4566638305337677,0
109963,2012-09-03,0.2545015081968762,0
109964,2012-09-03,0.4227220575273503,0
109965,2012-09-03,0.30305129871975367,0
109966,2012-09-03,0.43501914242027484,0
109967,2012-09-03,0.28634834507814494,0
109968,2012-09-03,0.3526006463364001,0
109969,2012-09-03,0.5484376940899397,0
109970,2012-09-03,0.3272588321010929,0
109971,2012-09-03,0.4049424041119352,0
109972,2012-09-03,0.6921944121289071,0
109973,2012-09-03,0.31217604263500065,0
109974,2012-09-03,0.3559904074806549,0
109975,2012-09-03,0.34598273318260203,0
109976,2012-09-03,0.5961278664824058,0
109977,2012-09-03,0.36201415686183713,0
109978,2012-09-03,0.5053666531559231,0
109979,2012-09-03,0.4960604543090497,0
109980,2012-09-03,0.6270447341044578,1
109981,2012-09-03,0.1959129498544835,0
109982,2012-09-03,0.39436615180533763,1
109983,2012-09-03,0.14438494331065316,0
109984,2012-09-03,0.33558334038818266,0
109985,2012-09-03,0.5083981211824049,1
109986,2012-09-03,0.33507556508755504,0
109987,2012-09-03,0.21030100959563794,0
109988,2012-09-03,0.4158309369373706,0
109989,2012-09-03,0.6411454288212783,0
109990,2012-09-03,0.6210655036255527,1
109991,2012-09-03,0.40536537199651385,1
109992,2012-09-03,0.4126918746624469,1
109993,2012-09-03,0.27714582629454637,1
109994,2012-09-03,0.48974110278482225,0
109995,2012-09-03,0.38975453281170486,0
109996,2012-09-03,0.4428459083270239,0
109997,2012-09-03,0.32020749475152516,0
109998,2012-09-03,0.5225879451724972,0
109999,2012-09-03,0.2707582996737532,1
110000,2012-09-03,0.6889513947504955,0
110001,2012-09-03,0.3768355437571199,1
110002,2012-09-03,0.1395893442321176,0
110003,2012-09-03,0.45095526192674035,1
110004,2012-09-03,0.3434791772701453,0
110005,2012-09-03,0.3321036046975591,1
110006,2012-09-03,0.49243204500256477,1
110007,2012-09-03,0.3705373805327574,1
110008,2012-09-03,0.3701870043417532,1
110009,2012-09-03,0.1820180346649321,0
110010,2012-09-03,0.4802808535764674,0
110011,2012-09-03,0.4320428044637789,0
110012,2012-09-03,0.4662060207365351,1
110013,2012-09-03,0.29152077402434756,0
110014,2012-09-03,0.39950144896171014,0
110015,2012-09-03,0.2808520221221928,1
110016,2012-09-03,0.3267069405571978,0
110017,2012-09-03,0.3504856847140665,1
110018,2012-09-03,0.29904019753137395,0
110019,2012-09-03,0.35443255738901785,0
110020,2012-09-03,0.32970119715175117,1
110021,2012-09-03,0.3840850729997992,0
110022,2012-09-03,0.2097544392135708,0
110023,2012-09-03,0.18953488306132799,1
110024,2012-09-03,0.6270713546103213,0
110025,2012-09-03,0.24009978497622178,1
110026,2012-09-03,0.47221401150618886,0
110027,2012-09-03,0.27278175653523573,0
110028,2012-09-03,0.4599069874799794,1
110029,2012-09-03,0.3791042655364276,0
110030,2012-09-03,0.5182088892668232,0
110031,2012-09-03,0.3162117664967331,0
110032,2012-09-03,0.3470271942283725,1
110033,2012-09-03,0.4468471527338831,0
110034,2012-09-03,0.5495848437831101,0
110035,2012-09-03,0.36864639382913217,0
110036,2012-09-03,0.3168735448113515,0
110037,2012-09-03,0.2718746652163552,0
110038,2012-09-03,0.4686779632856908,0
110039,2012-09-03,0.46993856444647086,0
110040,2012-09-03,0.38082583580117335,0
110041,2012-09-03,0.16192268244691363,0
110042,2012-09-03,0.37802110644987436,1
110043,2012-09-03,0.3327058110419327,0
110044,2012-09-03,0.2393838880862922,0
110045,2012-09-03,0.21647727620831775,1
110046,2012-09-03,0.38898205955041865,0
110047,2012-09-03,0.48163697795670296,0
110048,2012-09-03,0.3214459928275735,0
110049,2012-09-03,0.32726471797910106,1
110050,2012-09-03,0.27288901712647085,0
110051,2012-09-03,0.3397738119723547,0
110052,2012-09-03,0.3238836408215974,1
110053,2012-09-03,0.30641629128506803,0
110054,2012-09-03,0.3769483986856076,0
110055,2012-09-03,0.3945264852024363,0
110056,2012-09-03,0.5982404086284935,0
110057,2012-09-03,0.30637266005310254,0
110058,2012-09-03,0.09610591499257069,0
110059,2012-09-03,0.5224523860550992,0
110060,2012-09-03,0.5464490078933251,1
110061,2012-09-03,0.24806603254204257,0
110062,2012-09-03,0.27290295401180825,0
110063,2012-09-03,0.2592401580555942,0
110064,2012-09-03,0.5529983848298208,1
110065,2012-09-03,0.2541959389121867,0
110066,2012-09-03,0.3685421706827933,1
110067,2012-09-03,0.2902829537197697,0
110068,2012-09-03,0.3697563182503218,0
110069,2012-09-03,0.401189403082388,1
110070,2012-09-03,0.18786670826892476,0
110071,2012-09-03,0.17254153096846356,1
110072,2012-09-03,0.15556306356597702,0
110073,2012-09-03,0.30411510968545885,0
110074,2012-09-03,0.616003025622983,0
110075,2012-09-03,0.6879071314290609,1
110076,2012-09-03,0.5466775298193286,1
110077,2012-09-03,0.25859877296788414,1
110078,2012-09-03,0.448531886042212,1
110079,2012-09-03,0.3705577653910225,0
110080,2012-09-03,0.2646576449523634,0
110081,2012-09-03,0.3623887469179876,0
110082,2012-09-03,0.4929719487138128,1
110083,2012-09-03,0.24679954531323128,0
110084,2012-09-03,0.27596115269001,0
110085,2012-09-03,0.4055568914652226,0
110086,2012-09-03,0.5076556055425434,1
110087,2012-09-03,0.25769094444559737,0
110088,2012-09-03,0.3010147932869191,1
110089,2012-09-03,0.3953841595684626,0
110090,2012-09-03,0.38922393423846385,0
110091,2012-09-03,0.38179250178339896,1
110092,2012-09-03,0.41020162450549524,1
110093,2012-09-03,0.41673318957055894,0
110094,2012-09-03,0.3621870377254707,0
110095,2012-09-03,0.5282156263219829,0
110096,2012-09-03,0.38388461956905495,1
110097,2012-09-03,0.11526832554454661,0
110098,2012-09-03,0.4442035842567815,0
110099,2012-09-03,0.34546555954144237,0
110100,2012-09-03,0.404963112728097,1
110101,2012-09-03,0.3096580582190548,1
110102,2012-09-03,0.5373575548210822,0
110103,2012-09-03,0.323748594302477,0
110104,2012-09-03,0.48730304546924036,1
110105,2012-09-03,0.3846578186435151,0
110106,2012-09-03,0.4431797156834324,0
110107,2012-09-03,0.4544267915699693,1
110108,2012-09-03,0.35141925360182563,0
110109,2012-09-03,0.29170773106621917,0
110110,2012-09-03,0.5252751429275793,0
110111,2012-09-03,0.3564834177433752,1
110112,2012-09-03,0.2503860509202234,0
110113,2012-09-03,0.3403044460165377,0
110114,2012-09-03,0.4849891285977653,0
110115,2012-09-03,0.2892194875890529,0
110116,2012-09-03,0.21125308605739515,1
110117,2012-09-03,0.3236650241498909,0
110118,2012-09-03,0.46400207804562277,1
110119,2012-09-03,0.12957395557389592,0
110120,2012-09-03,0.22549696645436285,0
110121,2012-09-03,0.30890182954765644,0
110122,2012-09-03,0.48648465414934156,0
110123,2012-09-03,0.3730399518732024,0
110124,2012-09-03,0.17571292247006243,1
110125,2012-09-03,0.46096566240947806,0
110126,2012-09-03,0.47974213815263406,1
110127,2012-09-03,0.3921700949741837,0
110128,2012-09-03,0.27828273437472617,1
110129,2012-09-03,0.4015418903703171,1
110130,2012-09-03,0.21261663085738142,0
110131,2012-09-03,0.39956205878336776,0
110132,2012-09-03,0.2601535582043849,0
110133,2012-09-03,0.35022795502254594,0
110134,2012-09-03,0.3205576316877881,0
110135,2012-09-03,0.3054725112114937,0
110136,2012-09-03,0.386419454750074,0
110137,2012-09-03,0.41239881677758505,1
110138,2012-09-03,0.40022245348784136,0
110139,2012-09-03,0.359392244164845,0
110140,2012-09-03,0.47705870431847114,0
110141,2012-09-03,0.3362704616903976,0
110142,2012-09-03,0.28276637955162265,0
110143,2012-09-03,0.24136608687415126,1
110144,2012-09-03,0.6049327862192958,1
110145,2012-09-03,0.5673458375835976,1
110146,2012-09-03,0.3985351013911773,0
110147,2012-09-03,0.4447819763446497,1
110148,2012-09-03,0.2250049752404139,0
110149,2012-09-03,0.4653191767722704,0
110150,2012-09-03,0.5182350836924178,0
110151,2012-09-03,0.3602119677703498,0
110152,2012-09-03,0.4044866872966814,0
110153,2012-09-03,0.22665550724351724,0
110154,2012-09-03,0.6823237666091297,0
110155,2012-09-03,0.290838412756617,0
110156,2012-09-03,0.21200085302325536,0
110157,2012-09-03,0.3021638081383602,0
110158,2012-09-03,0.38917183620938783,1
110159,2012-09-03,0.17598796962697547,0
110160,2012-09-03,0.3509034365071319,0
110161,2012-09-03,0.2550982036085231,0
110162,2012-09-03,0.36532745593006627,0
110163,2012-09-03,0.5088690665277826,0
110164,2012-09-03,0.1941825051082918,0
110165,2012-09-03,0.3887110613557632,1
110166,2012-09-03,0.3090886692273563,0
110167,2012-09-03,0.4879013677445081,0
110168,2012-09-03,0.4591237836744,0
110169,2012-09-03,0.4459620652515085,1
110170,2012-09-03,0.22680242511990584,0
110171,2012-09-03,0.5339630599746081,1
110172,2012-09-03,0.590765860896913,1
110173,2012-09-03,0.38843000747616757,0
110174,2012-09-03,0.23304950965167318,0
110175,2012-09-03,0.17452418832749605,0
110176,2012-09-03,0.5207300857372529,1
110177,2012-09-03,0.3541782243191666,0
110178,2012-09-03,0.38279178288307775,0
110179,2012-09-03,0.2862062756585592,0
110180,2012-09-03,0.21616472174659626,0
110181,2012-09-03,0.25284578013581666,0
110182,2012-09-03,0.298940202426007,0
110183,2012-09-03,0.27965522524007375,1
110184,2012-09-03,0.5138379245215673,1
110185,2012-09-03,0.37585435926677424,1
110186,2012-09-03,0.3309795619725847,0
110187,2012-09-03,0.31825302584185394,0
110188,2012-09-03,0.23300606926989711,0
110189,2012-09-03,0.41942605017890516,1
110190,2012-09-03,0.39814548547349426,0
110191,2012-09-03,0.5431618905962998,1
110192,2012-09-03,0.28954236812140927,0
110193,2012-09-03,0.4212142661559884,1
110194,2012-09-03,0.281604635125818,0
110195,2012-09-03,0.28129750684698523,0
110196,2012-09-03,0.3763303239626326,1
110197,2012-09-03,0.5595084257848492,0
110198,2012-09-03,0.19433367944374638,1
110199,2012-09-03,0.4677263622439201,0
110200,2012-09-03,0.33489076805318385,0
110201,2012-09-03,0.16767097616144588,0
110202,2012-09-03,0.34689264453451735,0
110203,2012-09-03,0.3665953122127445,1
110204,2012-09-03,0.27657539186108393,0
110205,2012-09-03,0.3799809456522585,1
110206,2012-09-03,0.3211622386803545,0
110207,2012-09-03,0.39111403312071197,0
110208,2012-09-03,0.5381355466699124,0
110209,2012-09-03,0.5227689231696201,0
110210,2012-09-03,0.2775139139680607,0
110211,2012-09-03,0.22923350153444555,1
110212,2012-09-03,0.32127036586852015,1
110213,2012-09-03,0.22060443117041267,0
110214,2012-09-03,0.511875995995208,1
110215,2012-09-03,0.31050729716135206,1
110216,2012-09-03,0.4194727063473345,0
110217,2012-09-03,0.29963124589482176,0
110218,2012-09-03,0.22762575051796852,0
110219,2012-09-03,0.3727915103084657,0
110220,2012-09-03,0.5133925894372671,1
110221,2012-09-03,0.25535489209226264,0
110222,2012-09-03,0.5904488069498279,1
110223,2012-09-03,0.5946139377566718,1
110224,2012-09-03,0.5090353346934422,1
110225,2012-09-03,0.33026009313395477,0
110226,2012-09-03,0.20431295361516874,0
110227,2012-09-03,0.27947096928237075,0
110228,2012-09-03,0.37527296250371794,1
110229,2012-09-03,0.35913084310687293,0
110230,2012-09-03,0.3561469315183333,0
110231,2012-09-03,0.3801401296967608,0
110232,2012-09-03,0.29516469892854186,0
110233,2012-09-03,0.33019900586306494,0
110234,2012-09-03,0.4381125125507377,0
110235,2012-09-03,0.5256622566477996,1
110236,2012-09-03,0.2639006040017682,1
110237,2012-09-03,0.6139210455818673,0
110238,2012-09-03,0.38350503432246663,0
110239,2012-09-03,0.460211737398626,1
110240,2012-09-03,0.27090494292612083,0
110241,2012-09-03,0.30934326186364686,1
110242,2012-09-03,0.22331615668076987,1
110243,2012-09-03,0.5647133722829709,0
110244,2012-09-03,0.32110106697791396,0
110245,2012-09-03,0.2757993972364418,1
110246,2012-09-03,0.4974376813362884,0
110247,2012-09-03,0.30189873255131,0
110248,2012-09-03,0.4101021846624508,0
110249,2012-09-03,0.47420223952817936,0
110250,2012-09-03,0.21433668445464102,0
110251,2012-09-03,0.40711771586364504,0
110252,2012-09-03,0.3406498032130991,1
110253,2012-09-03,0.4160198951057455,0
110254,2012-09-03,0.1720280431212656,0
110255,2012-09-03,0.5307072182921313,0
110256,2012-09-03,0.4050108057250776,0
110257,2012-09-03,0.2838463733334608,0
110258,2012-09-03,0.31984910444570125,0
110259,2012-09-03,0.3060622387246343,0
110260,2012-09-03,0.5293637393890652,1
110261,2012-09-03,0.36179692090954885,0
110262,2012-09-03,0.42635422476254947,0
110263,2012-09-03,0.41187927761040477,0
110264,2012-09-03,0.2629617839796507,0
110265,2012-09-03,0.2865964695605457,0
110266,2012-09-03,0.30801828148158134,0
110267,2012-09-03,0.30084780274323,1
110268,2012-09-03,0.40051755271650163,0
110269,2012-09-03,0.3747381717549916,1
110270,2012-09-03,0.3280578851639035,0
110271,2012-09-03,0.2990731991844553,1
110272,2012-09-03,0.22760065303889118,0
110273,2012-09-03,0.426770099897062,0
110274,2012-09-03,0.3283000491076757,0
110275,2012-09-03,0.3340078719040525,0
110276,2012-09-03,0.2518874950993242,0
110277,2012-09-03,0.19718593719257366,0
110278,2012-09-03,0.34568448343767,0
110279,2012-09-03,0.29560824911347344,1
110280,2012-09-03,0.2959061600175228,0
110281,2012-09-03,0.36080842736531793,0
110282,2012-09-03,0.42858169403915547,1
110283,2012-09-03,0.4281663095943925,0
110284,2012-09-03,0.26641922436913146,1
110285,2012-09-03,0.4770247565959775,0
110286,2012-09-03,0.3034853234698024,0
110287,2012-09-03,0.47369111699835736,0
110288,2012-09-03,0.47454740314662214,1
110289,2012-09-03,0.2297080327465772,0
110290,2012-09-03,0.1355976027961256,0
110291,2012-09-03,0.27088915920775,0
110292,2012-09-03,0.098015884096739,0
110293,2012-09-03,0.5742731843216121,0
110294,2012-09-03,0.3974507449771517,1
110295,2012-09-03,0.581461369240554,0
110296,2012-09-03,0.2908461799990475,0
110297,2012-09-03,0.31967529902604225,0
110298,2012-09-03,0.46521456657580385,1
110299,2012-09-03,0.49351092511508804,1
110300,2012-09-03,0.3228425850874943,0
110301,2012-09-03,0.09695048104242268,0
110302,2012-09-03,0.30911877700991436,0
110303,2012-09-03,0.44123247840471586,0
110304,2012-09-03,0.5014783077214586,0
110305,2012-09-03,0.3161502738676269,0
110306,2012-09-03,0.4227409078803119,1
110307,2012-09-03,0.2578160777091699,0
110308,2012-09-03,0.5349525498896114,1
110309,2012-09-03,0.34639894873300764,0
110310,2012-09-03,0.2270906090328723,0
110311,2012-09-03,0.21866201062378474,0
110312,2012-09-03,0.3407511437894843,0
110313,2012-09-03,0.32983349669370987,0
110314,2012-09-03,0.1361263910185079,0
110315,2012-09-03,0.2261850723972864,0
110316,2012-09-03,0.4819373706644569,1
110317,2012-09-03,0.3681793747766442,1
110318,2012-09-03,0.352633708230697,1
110319,2012-09-03,0.39680911900735993,0
110320,2012-09-03,0.4892896287768105,0
110321,2012-09-03,0.3463091752933246,1
110322,2012-09-03,0.45459737444604836,1
110323,2012-09-03,0.4112732751629282,1
110324,2012-09-03,0.31015746066944355,0
110325,2012-09-03,0.3358441857387713,1
110326,2012-09-03,0.405836250250819,1
110327,2012-09-03,0.5295786249822191,0
110328,2012-09-03,0.551586567104777,1
110329,2012-09-03,0.30226376151470963,0
110330,2012-09-03,0.22809034147779142,0
110331,2012-09-03,0.449652332878781,0
110332,2012-09-03,0.29748530427206954,0
110333,2012-09-03,0.2422673122252017,1
110334,2012-09-03,0.3835697214496671,0
110335,2012-09-03,0.2849744423709688,0
110336,2012-09-03,0.5002446275148127,0
110337,2012-09-03,0.4122575498802497,0
110338,2012-09-03,0.5553387466516446,1
110339,2012-09-03,0.47124238170160493,0
110340,2012-09-03,0.44604517620981826,1
110341,2012-09-03,0.19646187135604687,0
110342,2012-09-03,0.3616547229769335,0
110343,2012-09-03,0.13579800823165958,0
110344,2012-09-03,0.48807161758043716,0
110345,2012-09-03,0.25520584976976235,0
110346,2012-09-03,0.13461253414934868,0
110347,2012-09-03,0.20653959697427363,0
110348,2012-09-03,0.4930442792375933,0
110349,2012-09-03,0.4008502626638609,1
110350,2012-09-03,0.1482972220215854,0
110351,2012-09-03,0.4983918471193065,0
110352,2012-09-03,0.3302877122243028,1
110353,2012-09-03,0.17081061978252554,0
110354,2012-09-03,0.18106688738564422,0
110355,2012-09-03,0.2778369288723228,0
110356,2012-09-03,0.31181836722100764,0
110357,2012-09-03,0.5228298052280965,0
110358,2012-09-03,0.18161408119867128,1
110359,2012-09-03,0.13291448287816116,0
110360,2012-09-03,0.22572436773574375,0
110361,2012-09-03,0.5206725972836046,1
110362,2012-09-03,0.168026990536508,0
110363,2012-09-03,0.28427895600200437,0
110364,2012-09-03,0.5391368329610666,1
110365,2012-09-03,0.12106886560944098,0
110366,2012-09-03,0.5397477902530277,0
110367,2012-09-03,0.19289009667404033,1
110368,2012-09-03,0.11626321501633147,0
110369,2012-09-03,0.26938216196354736,0
110370,2012-09-03,0.3388575539963165,0
110371,2012-09-03,0.1886755538217915,0
110372,2012-09-03,0.26112447778202225,0
110373,2012-09-03,0.46833813452517975,0
110374,2012-09-03,0.33780847971949357,0
110375,2012-09-03,0.3255341018615199,1
110376,2012-09-03,0.4920081182415029,0
110377,2012-09-03,0.2101617503266142,0
110378,2012-09-03,0.364334207379493,0
110379,2012-09-03,0.47707641722556376,1
110380,2012-09-03,0.32540254695623333,0
110381,2012-09-03,0.35892085858522,0
110382,2012-09-03,0.3608097090039031,0
110383,2012-09-03,0.2571359823159397,1
110384,2012-09-03,0.3272277071724835,0
110385,2012-09-03,0.08779993712138917,0
110386,2012-09-03,0.5432249741484003,0
110387,2012-09-03,0.2556057325336825,0
110388,2012-09-03,0.1967295282015874,0
110389,2012-09-03,0.5127567909601113,1
110390,2012-09-03,0.3490844630438829,0
110391,2012-09-03,0.5197764789920231,0
110392,2012-09-03,0.3068234973870428,0
110393,2012-09-03,0.6085974103421408,1
110394,2012-09-03,0.3121557568178248,0
110395,2012-09-03,0.2810138055239004,0
110396,2012-09-03,0.30731175888264584,0
110397,2012-09-03,0.2063060266989574,0
110398,2012-09-04,0.39859920319282277,0
110399,2012-09-04,0.5574704567840482,0
110400,2012-09-04,0.4993304664483661,0
110401,2012-09-04,0.17603940323089468,0
110402,2012-09-04,0.18567210803045794,0
110403,2012-09-04,0.29086787834598804,0
110404,2012-09-04,0.25339038771136135,0
110405,2012-09-04,0.257781353817284,0
110406,2012-09-04,0.5766447716967477,0
110407,2012-09-04,0.34572801398375524,0
110408,2012-09-04,0.38404457818592896,0
110409,2012-09-04,0.42011117084502164,0
110410,2012-09-04,0.1504000163975386,0
110411,2012-09-04,0.4053656447615931,0
110412,2012-09-04,0.34626215591682624,0
110413,2012-09-04,0.3955029210634219,0
110414,2012-09-04,0.5235510913115851,0
110415,2012-09-04,0.2933342275863887,0
110416,2012-09-04,0.5352928713371495,0
110417,2012-09-04,0.2124988206971211,0
110418,2012-09-04,0.3950876352922746,0
110419,2012-09-04,0.41910653859545455,0
110420,2012-09-04,0.3860634611641044,0
110421,2012-09-04,0.382970991167451,0
110422,2012-09-04,0.5390393907647271,1
110423,2012-09-04,0.5530991490390275,1
110424,2012-09-04,0.3753932400049254,0
110425,2012-09-04,0.36115765968418784,0
110426,2012-09-04,0.4429366296224883,1
110427,2012-09-04,0.46549561090939967,0
110428,2012-09-04,0.30917392231107194,0
110429,2012-09-04,0.40170259099938893,1
110430,2012-09-04,0.18159283976796828,0
110431,2012-09-04,0.2801976974225255,0
110432,2012-09-04,0.39447225119038726,1
110433,2012-09-04,0.6618865243869198,0
110434,2012-09-04,0.3257856820323923,0
110435,2012-09-04,0.42655087577950423,0
110436,2012-09-04,0.3097699453393081,0
110437,2012-09-04,0.3040834527107313,0
110438,2012-09-04,0.39309267029538436,0
110439,2012-09-04,0.5335193879769062,0
110440,2012-09-04,0.5213838604347789,1
110441,2012-09-04,0.3472717041775175,0
110442,2012-09-04,0.4290835708238074,0
110443,2012-09-04,0.37599173254535445,0
110444,2012-09-04,0.2872456729616495,0
110445,2012-09-04,0.26138616334112497,0
110446,2012-09-04,0.3765079879861088,0
110447,2012-09-04,0.517187245107324,0
110448,2012-09-04,0.28786320085397954,0
110449,2012-09-04,0.2311706374230286,0
110450,2012-09-04,0.3489886009089824,0
110451,2012-09-04,0.17034713363451698,0
110452,2012-09-04,0.43920968128420973,0
110453,2012-09-04,0.23177505564083567,0
110454,2012-09-04,0.44807673095924205,0
110455,2012-09-04,0.23845603764506346,1
110456,2012-09-04,0.3210723171567219,0
110457,2012-09-04,0.3162988534024498,0
110458,2012-09-04,0.12761415778202048,0
110459,2012-09-04,0.2856158297383876,0
110460,2012-09-04,0.411136970831277,0
110461,2012-09-04,0.5287178410739565,0
110462,2012-09-04,0.22422188735799312,0
110463,2012-09-04,0.33648857684118333,0
110464,2012-09-04,0.45079818952988404,1
110465,2012-09-04,0.5714965026156841,0
110466,2012-09-04,0.390558137943975,0
110467,2012-09-04,0.5166876698144496,0
110468,2012-09-04,0.32971492751066367,0
110469,2012-09-04,0.22756785526857948,0
110470,2012-09-04,0.3525719542968545,0
110471,2012-09-04,0.32744544698465744,0
110472,2012-09-04,0.36335293491598425,0
110473,2012-09-04,0.4184591004097031,0
110474,2012-09-04,0.4346348571114112,1
110475,2012-09-04,0.4352762440762442,1
110476,2012-09-04,0.300848842890221,0
110477,2012-09-04,0.4412560392936477,0
110478,2012-09-04,0.22226873902996652,0
110479,2012-09-04,0.40286034979174273,0
110480,2012-09-04,0.4029706258733578,0
110481,2012-09-04,0.27809056652847397,0
110482,2012-09-04,0.6338304493255119,0
110483,2012-09-04,0.39386378504476166,0
110484,2012-09-04,0.3988692906576992,0
110485,2012-09-04,0.41528333724168365,0
110486,2012-09-04,0.5049999318096835,0
110487,2012-09-04,0.22779352938803643,0
110488,2012-09-04,0.573398677412902,0
110489,2012-09-04,0.3231511661508902,0
110490,2012-09-04,0.47559477307532694,0
110491,2012-09-04,0.3193289971004099,1
110492,2012-09-04,0.4155084756484904,0
110493,2012-09-04,0.4652974048793577,0
110494,2012-09-04,0.19262139600216135,0
110495,2012-09-04,0.435926290208942,0
110496,2012-09-04,0.18805671809024546,0
110497,2012-09-04,0.5105197300100419,0
110498,2012-09-04,0.2594309582788121,0
110499,2012-09-04,0.4869440864236246,1
110500,2012-09-04,0.21649329847607357,0
110501,2012-09-04,0.517091845941407,1
110502,2012-09-04,0.14618858749490257,0
110503,2012-09-04,0.43556982729981175,0
110504,2012-09-04,0.5276179139096174,0
110505,2012-09-04,0.39774385810121277,0
110506,2012-09-04,0.3187659586656077,0
110507,2012-09-04,0.3971036450463206,0
110508,2012-09-04,0.3146254962425267,0
110509,2012-09-04,0.3631319534702158,1
110510,2012-09-04,0.18914353020987193,0
110511,2012-09-04,0.42772350142628807,0
110512,2012-09-04,0.3373279326395974,1
110513,2012-09-04,0.39221758820734376,1
110514,2012-09-04,0.33403746526806527,0
110515,2012-09-04,0.3243847547935773,0
110516,2012-09-04,0.38376423741951016,0
110517,2012-09-04,0.2098675241558162,0
110518,2012-09-04,0.33212540730094736,0
110519,2012-09-04,0.30335995020327877,0
110520,2012-09-04,0.17776603587761755,0
110521,2012-09-04,0.18695046915003669,0
110522,2012-09-04,0.24425175863255302,0
110523,2012-09-04,0.36268591887981216,0
110524,2012-09-04,0.32772973764041097,0
110525,2012-09-04,0.3684686175832302,0
110526,2012-09-04,0.2551404604301861,0
110527,2012-09-04,0.24644434007017219,0
110528,2012-09-04,0.22608307421766252,0
110529,2012-09-04,0.47283827281169755,0
110530,2012-09-04,0.4089014344383904,0
110531,2012-09-04,0.2637854783836349,0
110532,2012-09-04,0.577780456383366,1
110533,2012-09-04,0.30521234428858895,1
110534,2012-09-04,0.32777064889893126,0
110535,2012-09-04,0.5485128583940924,0
110536,2012-09-04,0.4624382609234509,0
110537,2012-09-04,0.38742186882618235,0
110538,2012-09-04,0.358334831402076,0
110539,2012-09-04,0.4020691297189997,0
110540,2012-09-04,0.5233458409458766,0
110541,2012-09-04,0.41955619291711155,0
110542,2012-09-04,0.4177424401113526,0
110543,2012-09-04,0.42891793225425173,0
110544,2012-09-04,0.39397881539315766,0
110545,2012-09-04,0.3179235009544624,0
110546,2012-09-04,0.3501693360694879,0
110547,2012-09-04,0.3952861866806072,0
110548,2012-09-04,0.3754960941221043,0
110549,2012-09-04,0.4266721128188331,0
110550,2012-09-04,0.19250226843642856,0
110551,2012-09-04,0.3937641981086096,0
110552,2012-09-04,0.3019584379627444,0
110553,2012-09-04,0.3382325234964139,0
110554,2012-09-04,0.5974750694605113,0
110555,2012-09-04,0.5402087400886953,1
110556,2012-09-04,0.4223125290954555,1
110557,2012-09-04,0.23724444836351036,1
110558,2012-09-04,0.2763941513893393,0
110559,2012-09-04,0.35900982093953054,0
110560,2012-09-04,0.4423037045914095,0
110561,2012-09-04,0.3033627408201102,0
110562,2012-09-04,0.3048549754462554,0
110563,2012-09-04,0.2266959862921529,0
110564,2012-09-04,0.13583056033214985,0
110565,2012-09-04,0.26949716321791994,0
110566,2012-09-04,0.34029919588520796,1
110567,2012-09-04,0.4298673789457973,0
110568,2012-09-04,0.31871564522878454,0
110569,2012-09-04,0.44914947246288867,0
110570,2012-09-04,0.2846933994571207,0
110571,2012-09-04,0.2828073828040441,0
110572,2012-09-04,0.44394594154456063,0
110573,2012-09-04,0.16159248753708777,0
110574,2012-09-04,0.4898788750504025,0
110575,2012-09-04,0.3735608154049707,0
110576,2012-09-04,0.337899606125305,0
110577,2012-09-04,0.3551227462800391,0
110578,2012-09-04,0.45633215236496766,0
110579,2012-09-04,0.23291899322790707,0
110580,2012-09-04,0.36466327030728946,0
110581,2012-09-04,0.41381294968711385,1
110582,2012-09-04,0.1720455611116823,0
110583,2012-09-04,0.1891453611429397,0
110584,2012-09-04,0.359426231594076,1
110585,2012-09-04,0.42363771945883333,0
110586,2012-09-04,0.17793424383732456,0
110587,2012-09-04,0.23514828961309878,0
110588,2012-09-04,0.2386962259494553,0
110589,2012-09-04,0.24102504147787573,0
110590,2012-09-04,0.2714413272518777,0
110591,2012-09-04,0.367358675242211,0
110592,2012-09-04,0.08728309816091383,0
110593,2012-09-04,0.3140836502699902,0
110594,2012-09-04,0.33798708299028163,1
110595,2012-09-04,0.45312053991960793,1
110596,2012-09-04,0.39128476969249076,0
110597,2012-09-04,0.3666142024289615,1
110598,2012-09-04,0.3643900770632142,0
110599,2012-09-04,0.3745109827485137,0
110600,2012-09-04,0.3888407151041961,1
110601,2012-09-04,0.5209609825059218,0
110602,2012-09-04,0.2902509288966529,0
110603,2012-09-04,0.3616319680755146,0
110604,2012-09-04,0.5456749029010621,0
110605,2012-09-04,0.36170982264574963,0
110606,2012-09-04,0.3208895270050297,0
110607,2012-09-04,0.34873000459707504,0
110608,2012-09-04,0.5514366180844117,0
110609,2012-09-04,0.2730553589900147,0
110610,2012-09-04,0.5098877110442318,0
110611,2012-09-04,0.46563537422575035,1
110612,2012-09-04,0.3348462192222321,0
110613,2012-09-04,0.25395386332692976,1
110614,2012-09-04,0.3171722871875295,0
110615,2012-09-04,0.4897915424050382,1
110616,2012-09-04,0.4255714983724354,0
110617,2012-09-04,0.5372700747313421,0
110618,2012-09-04,0.18256515500677106,0
110619,2012-09-04,0.25927853018262126,0
110620,2012-09-04,0.3395481253404187,0
110621,2012-09-04,0.2790022201320804,1
110622,2012-09-04,0.2846334396318075,0
110623,2012-09-04,0.29516103373448904,0
110624,2012-09-04,0.26569273927686754,0
110625,2012-09-04,0.4598075222711929,0
110626,2012-09-04,0.4083320611366953,0
110627,2012-09-04,0.35444565964561187,0
110628,2012-09-04,0.3498398489811672,0
110629,2012-09-04,0.24550027668527363,0
110630,2012-09-04,0.5662408144847288,0
110631,2012-09-04,0.4903101289553825,0
110632,2012-09-04,0.42788558638126867,0
110633,2012-09-04,0.35644675024077305,0
110634,2012-09-04,0.2741097577909177,0
110635,2012-09-04,0.3571440104640321,0
110636,2012-09-04,0.30109524121417586,0
110637,2012-09-04,0.4690207810382838,1
110638,2012-09-04,0.2073822438051504,0
110639,2012-09-04,0.30171057609929214,0
110640,2012-09-04,0.41317276083357835,1
110641,2012-09-04,0.41761658499083776,0
110642,2012-09-04,0.41503675513788263,0
110643,2012-09-04,0.4314483187123368,0
110644,2012-09-04,0.39068327017150983,0
110645,2012-09-04,0.36335100843138557,0
110646,2012-09-04,0.20696594072883484,0
110647,2012-09-04,0.45700495068752867,1
110648,2012-09-04,0.3160052298711116,0
110649,2012-09-04,0.2574993615637872,0
110650,2012-09-04,0.48645506599347377,0
110651,2012-09-04,0.2890198274052192,1
110652,2012-09-04,0.35101682896046865,0
110653,2012-09-04,0.45509603504468954,1
110654,2012-09-04,0.5630845588172972,0
110655,2012-09-04,0.41213187670192175,0
110656,2012-09-04,0.48610015766012166,0
110657,2012-09-04,0.3079590694959162,0
110658,2012-09-04,0.34945609894217156,0
110659,2012-09-04,0.336832719767366,0
110660,2012-09-04,0.39304880699374606,0
110661,2012-09-04,0.3796079709585588,0
110662,2012-09-04,0.4982430849387978,1
110663,2012-09-04,0.2204168388398622,0
110664,2012-09-04,0.36132038010909395,0
110665,2012-09-04,0.57783200668861,1
110666,2012-09-04,0.11561176956816202,0
110667,2012-09-04,0.442616184520388,0
110668,2012-09-04,0.4425336866621887,0
110669,2012-09-04,0.5756102911117865,0
110670,2012-09-04,0.31359914514240045,0
110671,2012-09-04,0.31349777228225156,0
110672,2012-09-04,0.3122316671583578,0
110673,2012-09-04,0.508033785318509,0
110674,2012-09-04,0.4853479131683597,1
110675,2012-09-04,0.2528070061249779,0
110676,2012-09-04,0.5253384239092979,1
110677,2012-09-04,0.3940664308189123,0
110678,2012-09-04,0.30598320855792116,0
110679,2012-09-04,0.3222274942206891,0
110680,2012-09-04,0.3332405136875352,0
110681,2012-09-04,0.4395936091649847,0
110682,2012-09-04,0.3940089239221597,1
110683,2012-09-04,0.2809915142658128,0
110684,2012-09-04,0.3128228225491589,0
110685,2012-09-04,0.40078748477460224,0
110686,2012-09-04,0.34236510118163793,0
110687,2012-09-04,0.475424881879699,0
110688,2012-09-04,0.30107649229034145,0
110689,2012-09-04,0.24868292072556228,0
110690,2012-09-04,0.4340072029447495,1
110691,2012-09-04,0.32572631752885933,0
110692,2012-09-04,0.24775327296874985,0
110693,2012-09-04,0.33531070623367215,0
110694,2012-09-04,0.39984809446285763,0
110695,2012-09-04,0.5383229715706486,0
110696,2012-09-04,0.496220109111746,0
110697,2012-09-04,0.3130931037282652,0
110698,2012-09-04,0.46027625015742807,0
110699,2012-09-04,0.5891604258306955,0
110700,2012-09-04,0.3829371526680716,0
110701,2012-09-04,0.3477700553240897,0
110702,2012-09-04,0.38577743366615075,0
110703,2012-09-04,0.30529338862275784,0
110704,2012-09-04,0.31184583638121843,0
110705,2012-09-04,0.3344703162452432,0
110706,2012-09-04,0.1372582469530422,0
110707,2012-09-04,0.3087256187837989,0
110708,2012-09-04,0.2511759739282374,0
110709,2012-09-04,0.39398180335799166,0
110710,2012-09-04,0.20442884104105183,0
110711,2012-09-04,0.31472309385812763,0
110712,2012-09-04,0.43056583897689427,0
110713,2012-09-04,0.5882700439257602,1
110714,2012-09-04,0.3045457361622879,0
110715,2012-09-04,0.2774806420887387,1
110716,2012-09-04,0.4204432516905027,0
110717,2012-09-04,0.3738745378638458,0
110718,2012-09-04,0.20871318191401056,0
110719,2012-09-04,0.31155548302664043,0
110720,2012-09-04,0.3501773197176019,1
110721,2012-09-04,0.2992808416700291,0
110722,2012-09-04,0.31407771060489537,1
110723,2012-09-04,0.4274216179755967,0
110724,2012-09-04,0.5636152504117724,0
110725,2012-09-04,0.33814165328414614,0
110726,2012-09-04,0.28652466581017333,0
110727,2012-09-04,0.5169495214494982,0
110728,2012-09-04,0.41747123084209364,0
110729,2012-09-04,0.3763378140632252,0
110730,2012-09-04,0.25219670707864394,0
110731,2012-09-04,0.3158244946787946,0
110732,2012-09-04,0.32510233384502324,0
110733,2012-09-04,0.3294711607600117,0
110734,2012-09-04,0.5641899321035974,1
110735,2012-09-04,0.3762119735169557,0
110736,2012-09-04,0.40910233611442154,0
110737,2012-09-04,0.18416667720213808,0
110738,2012-09-04,0.2572944255771959,0
110739,2012-09-04,0.4767312137258107,1
110740,2012-09-04,0.40650879555234787,1
110741,2012-09-04,0.45018830175638247,1
110742,2012-09-04,0.2982775831542773,0
110743,2012-09-04,0.31297043066265606,0
110744,2012-09-04,0.19448362397330513,0
110745,2012-09-04,0.7431496954386367,0
110746,2012-09-04,0.24734880502836828,1
110747,2012-09-04,0.3482478627242818,0
110748,2012-09-04,0.3361580062946239,0
110749,2012-09-04,0.4998668657604606,0
110750,2012-09-04,0.28750971107386697,0
110751,2012-09-04,0.2536332804974721,0
110752,2012-09-04,0.3469252899794137,0
110753,2012-09-04,0.34818064117783454,1
110754,2012-09-04,0.4141122630776169,0
110755,2012-09-04,0.3858408465654394,0
110756,2012-09-04,0.4136693157500049,0
110757,2012-09-04,0.4208687417275023,0
110758,2012-09-04,0.24311554929754073,0
110759,2012-09-04,0.3468262972073915,1
110760,2012-09-04,0.24226398980929034,0
110761,2012-09-04,0.30842278125486494,0
110762,2012-09-04,0.5215343536284901,0
110763,2012-09-04,0.4521145967906151,0
110764,2012-09-04,0.4682301864931438,0
110765,2012-09-04,0.34691428747751424,0
110766,2012-09-04,0.3795505797125038,0
110767,2012-09-04,0.3081028035255867,0
110768,2012-09-04,0.37523319239120584,0
110769,2012-09-04,0.37280841739897214,0
110770,2012-09-04,0.3424483604366495,0
110771,2012-09-04,0.35220254468271456,1
110772,2012-09-04,0.32085452693948463,0
110773,2012-09-04,0.424110402031805,0
110774,2012-09-04,0.20703470935047158,0
110775,2012-09-04,0.3232460198837221,0
110776,2012-09-04,0.2329965161490942,0
110777,2012-09-04,0.13146414684600524,0
110778,2012-09-04,0.1895972720444312,0
110779,2012-09-04,0.33634699159110426,0
110780,2012-09-04,0.23017993786942234,1
110781,2012-09-04,0.2164628186405107,0
110782,2012-09-04,0.6447189347361124,0
110783,2012-09-04,0.25799582162640394,0
110784,2012-09-04,0.47311094669792525,0
110785,2012-09-04,0.4256671605466921,0
110786,2012-09-04,0.20707603173702677,0
110787,2012-09-04,0.4003367334305587,0
110788,2012-09-04,0.36928200368858516,0
110789,2012-09-04,0.3280316631552559,0
110790,2012-09-04,0.24917959791766503,0
110791,2012-09-04,0.4483155384443484,0
110792,2012-09-04,0.40360988404939235,0
110793,2012-09-04,0.548225968354182,0
110794,2012-09-04,0.3322771637564544,0
110795,2012-09-04,0.28953427086409755,0
110796,2012-09-04,0.4384784525249411,0
110797,2012-09-04,0.47501047397551543,0
110798,2012-09-04,0.2643493492686039,0
110799,2012-09-04,0.3143538736227501,0
110800,2012-09-04,0.3880749062211657,0
110801,2012-09-04,0.47668149627621087,0
110802,2012-09-04,0.3225372490052511,0
110803,2012-09-04,0.2871107860470801,0
110804,2012-09-04,0.2068422361971573,0
110805,2012-09-04,0.34480748327024385,0
110806,2012-09-04,0.6728097054870457,0
110807,2012-09-04,0.239842959485513,0
110808,2012-09-04,0.36306059193948415,0
110809,2012-09-04,0.4131427238282067,0
110810,2012-09-04,0.3986243336440884,0
110811,2012-09-04,0.47688055927938455,0
110812,2012-09-04,0.40420319973986535,0
110813,2012-09-04,0.22935419879386326,0
110814,2012-09-04,0.25976002732777276,0
110815,2012-09-04,0.43977325525708855,1
110816,2012-09-04,0.3138785445242357,1
110817,2012-09-04,0.319835852037885,0
110818,2012-09-04,0.3347484111410652,0
110819,2012-09-04,0.15954308853403262,0
110820,2012-09-04,0.19507392082614586,0
110821,2012-09-04,0.5225282024893324,1
110822,2012-09-04,0.35691476782151105,1
110823,2012-09-04,0.4215123168473286,0
110824,2012-09-04,0.4426187766063315,0
110825,2012-09-04,0.42982255915889267,0
110826,2012-09-04,0.5371049218239512,0
110827,2012-09-04,0.282833842137524,0
110828,2012-09-04,0.3074056756907428,0
110829,2012-09-04,0.39874421618225375,0
110830,2012-09-04,0.2585504817628393,0
110831,2012-09-04,0.27382085749150403,0
110832,2012-09-04,0.347137223257022,0
110833,2012-09-04,0.28174865907126767,0
110834,2012-09-04,0.40284407452214094,0
110835,2012-09-04,0.3610792292551914,0
110836,2012-09-04,0.3014020406272362,0
110837,2012-09-04,0.3420725557711171,0
110838,2012-09-04,0.36893799758168305,0
110839,2012-09-04,0.22621049386190054,0
110840,2012-09-04,0.35094279300691944,0
110841,2012-09-04,0.2660987845921819,0
110842,2012-09-04,0.258186263858246,0
110843,2012-09-04,0.39659450755357933,0
110844,2012-09-04,0.2860596588026988,0
110845,2012-09-04,0.3277842300433594,0
110846,2012-09-04,0.19976785029016106,1
110847,2012-09-04,0.41566696456897617,0
110848,2012-09-04,0.28581607182688207,0
110849,2012-09-04,0.36590952634860313,0
110850,2012-09-04,0.38846896515120327,0
110851,2012-09-04,0.2920070792033593,0
110852,2012-09-04,0.30884497895950436,0
110853,2012-09-04,0.535927869133766,1
110854,2012-09-04,0.37197580437828015,0
110855,2012-09-04,0.42706436116203583,0
110856,2012-09-04,0.3568833578469213,0
110857,2012-09-04,0.467980873240771,0
110858,2012-09-04,0.34291334259061684,0
110859,2012-09-04,0.21431887610087852,0
110860,2012-09-04,0.44081421496958995,0
110861,2012-09-04,0.42117023918125757,0
110862,2012-09-04,0.29426499792490884,0
110863,2012-09-04,0.3430147691585645,0
110864,2012-09-04,0.488256543267706,0
110865,2012-09-04,0.3084476833809101,0
110866,2012-09-04,0.34975764750735483,1
110867,2012-09-04,0.2557853555923243,0
110868,2012-09-04,0.1842201834216576,0
110869,2012-09-04,0.3313147124240024,0
110870,2012-09-04,0.18328147894503327,0
110871,2012-09-04,0.3720682580111801,0
110872,2012-09-04,0.21264474955958218,0
110873,2012-09-04,0.4255820227043556,1
110874,2012-09-04,0.5091448879426811,0
110875,2012-09-04,0.3861803733684291,0
110876,2012-09-04,0.42064441224891924,0
110877,2012-09-04,0.49086342140040357,1
110878,2012-09-04,0.5741133172839414,0
110879,2012-09-04,0.3176885967314905,1
110880,2012-09-04,0.4772238840383791,0
110881,2012-09-04,0.35953202319659383,0
110882,2012-09-04,0.43357339549651064,0
110883,2012-09-04,0.5777393496178352,0
110884,2012-09-04,0.48026337113411427,0
110885,2012-09-04,0.2209123920729052,0
110886,2012-09-04,0.3963147912880673,0
110887,2012-09-04,0.33813019148840756,0
110888,2012-09-04,0.4000534084518547,0
110889,2012-09-04,0.5556262991697999,0
110890,2012-09-04,0.2449895399428698,0
110891,2012-09-04,0.1758774931532868,0
110892,2012-09-04,0.47016976313768016,0
110893,2012-09-04,0.16255529452588469,0
110894,2012-09-04,0.3771845754127618,0
110895,2012-09-04,0.3929952037262382,0
110896,2012-09-04,0.3479852328291742,0
110897,2012-09-04,0.4256982422618041,0
110898,2012-09-04,0.30235837180270914,0
110899,2012-09-04,0.09969200720134844,0
110900,2012-09-04,0.38968502150674167,0
110901,2012-09-04,0.19831471035760112,0
110902,2012-09-04,0.32208861101470454,0
110903,2012-09-04,0.5030237528672733,0
110904,2012-09-04,0.2998617443526198,0
110905,2012-09-04,0.18351958859584044,0
110906,2012-09-04,0.5582676298344669,0
110907,2012-09-04,0.3519295095557576,0
110908,2012-09-04,0.2036745052761043,0
110909,2012-09-04,0.435566692583928,0
110910,2012-09-04,0.3600043944633148,0
110911,2012-09-04,0.2759431463357766,1
110912,2012-09-04,0.18180957034186954,0
110913,2012-09-04,0.2660548393737216,0
110914,2012-09-04,0.284255610676629,1
110915,2012-09-04,0.31450535738897994,0
110916,2012-09-04,0.45070669502097804,0
110917,2012-09-04,0.3831185171786689,0
110918,2012-09-04,0.6000218429279627,0
110919,2012-09-04,0.13365614496132383,0
110920,2012-09-04,0.30077868407636765,0
110921,2012-09-04,0.19822618822814234,0
110922,2012-09-04,0.26738730088440105,0
110923,2012-09-04,0.26741237859782374,0
110924,2012-09-04,0.514906665771544,0
110925,2012-09-04,0.32140103113325974,0
110926,2012-09-04,0.5522201355922135,1
110927,2012-09-04,0.33348801757553886,0
110928,2012-09-04,0.4638379205463646,0
110929,2012-09-04,0.29485824727599746,0
110930,2012-09-04,0.27286614350181454,0
110931,2012-09-04,0.460692818304639,0
110932,2012-09-04,0.3460729576885421,0
110933,2012-09-04,0.32032844610269234,0
110934,2012-09-04,0.46207792899954997,0
110935,2012-09-04,0.3269965602244968,0
110936,2012-09-04,0.406997726016212,0
110937,2012-09-04,0.3874379072104735,0
110938,2012-09-04,0.33984453198488623,1
110939,2012-09-04,0.3246031245663137,0
110940,2012-09-04,0.4823815292307483,0
110941,2012-09-04,0.31729914580000007,0
110942,2012-09-04,0.3180790706364994,0
110943,2012-09-04,0.24264354159852144,0
110944,2012-09-04,0.33932584332837024,0
110945,2012-09-04,0.21457985891059597,0
110946,2012-09-04,0.3110472286732733,0
110947,2012-09-04,0.2569035842596136,0
110948,2012-09-04,0.40913206082831627,0
110949,2012-09-04,0.5142441875159298,1
110950,2012-09-04,0.29250350268006914,0
110951,2012-09-04,0.4131459348597006,0
110952,2012-09-04,0.25648715910470815,1
110953,2012-09-04,0.2258827593962569,0
110954,2012-09-04,0.35505504829169865,1
110955,2012-09-04,0.23013820348721495,1
110956,2012-09-04,0.14391753613025096,0
110957,2012-09-04,0.16635865105103273,0
110958,2012-09-04,0.32168152830780095,0
110959,2012-09-04,0.25120151045239386,0
110960,2012-09-04,0.35960389315054386,0
110961,2012-09-04,0.346041285630024,0
110962,2012-09-04,0.39596893209103834,0
110963,2012-09-04,0.38318912718918324,0
110964,2012-09-04,0.26458334179892645,0
110965,2012-09-04,0.4039849766021697,0
110966,2012-09-04,0.3292046184524111,0
110967,2012-09-04,0.35277726346492605,1
110968,2012-09-04,0.6224004072368354,0
110969,2012-09-04,0.3611450147687435,0
110970,2012-09-04,0.31907562090934577,0
110971,2012-09-04,0.3014020406272362,0
110972,2012-09-04,0.4355096861580411,0
110973,2012-09-04,0.36927369762737355,0
110974,2012-09-04,0.3231640016581035,0
110975,2012-09-04,0.3017536534462646,0
110976,2012-09-04,0.3874936204444743,0
110977,2012-09-04,0.32661761695559,0
110978,2012-09-04,0.30115217248527937,0
110979,2012-09-04,0.36202200577877,0
110980,2012-09-04,0.17158645890584967,0
110981,2012-09-04,0.6799180904331578,0
110982,2012-09-04,0.39154435818103805,0
110983,2012-09-04,0.37373368984942196,0
110984,2012-09-04,0.1717769879123932,0
110985,2012-09-04,0.3860886870296511,0
110986,2012-09-04,0.37980034671623114,1
110987,2012-09-04,0.3739739230884958,0
110988,2012-09-04,0.47598008796296637,0
110989,2012-09-04,0.28845998478305485,0
110990,2012-09-04,0.23419703877648948,0
110991,2012-09-04,0.26965458197005465,0
110992,2012-09-04,0.5617764017642914,1
110993,2012-09-04,0.375634747032217,0
110994,2012-09-04,0.4604389985471258,0
110995,2012-09-04,0.27429419734865484,0
110996,2012-09-04,0.19401355217825822,0
110997,2012-09-04,0.4215676192771181,0
110998,2012-09-04,0.41312340507975,0
110999,2012-09-04,0.4398814222492536,0
111000,2012-09-04,0.3150420258061358,0
111001,2012-09-04,0.34463977137137436,0
111002,2012-09-04,0.2583207427388996,0
111003,2012-09-04,0.2687470968253355,0
111004,2012-09-04,0.42232674189243297,1
111005,2012-09-04,0.4462978089139421,0
111006,2012-09-04,0.31684382392965843,0
111007,2012-09-04,0.27484257069523343,0
111008,2012-09-04,0.28975213242287656,1
111009,2012-09-04,0.30186600132036573,1
111010,2012-09-04,0.37626271034605774,0
111011,2012-09-04,0.46773117848341583,0
111012,2012-09-04,0.4893165984168657,1
111013,2012-09-04,0.38752692853131215,0
111014,2012-09-04,0.42742011342880964,0
111015,2012-09-05,0.3838365548184385,1
111016,2012-09-05,0.4295619242527961,0
111017,2012-09-05,0.35353287777682096,0
111018,2012-09-05,0.3932480982866706,1
111019,2012-09-05,0.30171842080224603,1
111020,2012-09-05,0.6188948824698887,0
111021,2012-09-05,0.3680887911700976,0
111022,2012-09-05,0.4617035171718704,1
111023,2012-09-05,0.5535037765192425,1
111024,2012-09-05,0.5420446823665712,0
111025,2012-09-05,0.2668350793736507,0
111026,2012-09-05,0.29499095507529577,0
111027,2012-09-05,0.43193237569242543,0
111028,2012-09-05,0.5124077478480924,0
111029,2012-09-05,0.3685218118016833,0
111030,2012-09-05,0.43370564011166635,0
111031,2012-09-05,0.21131938245862797,0
111032,2012-09-05,0.4964297557273953,0
111033,2012-09-05,0.3688425452228861,1
111034,2012-09-05,0.1624935097495556,0
111035,2012-09-05,0.5443246109000726,1
111036,2012-09-05,0.4182152913924904,0
111037,2012-09-05,0.33723498515107814,0
111038,2012-09-05,0.3148634161058788,1
111039,2012-09-05,0.2827743596685259,0
111040,2012-09-05,0.4364769933817568,0
111041,2012-09-05,0.31530008257717035,0
111042,2012-09-05,0.2088973689844817,0
111043,2012-09-05,0.2581442332171637,0
111044,2012-09-05,0.3970992247478919,0
111045,2012-09-05,0.47947773104901115,1
111046,2012-09-05,0.3761402860501336,0
111047,2012-09-05,0.630465561288283,0
111048,2012-09-05,0.5377432110145536,0
111049,2012-09-05,0.3226285387186513,0
111050,2012-09-05,0.2908289301039196,0
111051,2012-09-05,0.13950118415593651,0
111052,2012-09-05,0.09506757084212072,0
111053,2012-09-05,0.430395747575206,1
111054,2012-09-05,0.39982762740442185,0
111055,2012-09-05,0.24535302748895593,0
111056,2012-09-05,0.23459679182086784,0
111057,2012-09-05,0.3820897451944026,1
111058,2012-09-05,0.2872612755787487,0
111059,2012-09-05,0.323792209382488,0
111060,2012-09-05,0.2021816438394846,0
111061,2012-09-05,0.45157657025833203,1
111062,2012-09-05,0.24412939508345033,0
111063,2012-09-05,0.37928389618705355,1
111064,2012-09-05,0.28509613246813137,0
111065,2012-09-05,0.16750064315953708,0
111066,2012-09-05,0.36112846724121866,0
111067,2012-09-05,0.2614637251540131,0
111068,2012-09-05,0.30059019442755147,0
111069,2012-09-05,0.45592526490317414,0
111070,2012-09-05,0.3565870530276538,1
111071,2012-09-05,0.12982692310534505,0
111072,2012-09-05,0.570028878832377,1
111073,2012-09-05,0.28315677800155176,1
111074,2012-09-05,0.3625955768432491,1
111075,2012-09-05,0.31633324023295617,0
111076,2012-09-05,0.4924210721172647,0
111077,2012-09-05,0.3978591615488341,0
111078,2012-09-05,0.43263458747072053,0
111079,2012-09-05,0.5672686125893308,0
111080,2012-09-05,0.3717948337071736,0
111081,2012-09-05,0.43064131450892834,0
111082,2012-09-05,0.424060719036281,0
111083,2012-09-05,0.45566908735987127,1
111084,2012-09-05,0.48224206215136606,1
111085,2012-09-05,0.3977666924788427,1
111086,2012-09-05,0.32785177291129575,0
111087,2012-09-05,0.3670128387285153,0
111088,2012-09-05,0.33228845820998987,0
111089,2012-09-05,0.38676571644271474,1
111090,2012-09-05,0.34051350797464436,0
111091,2012-09-05,0.30152212897469366,1
111092,2012-09-05,0.2802035498156074,0
111093,2012-09-05,0.2616850975812447,0
111094,2012-09-05,0.3110665820761204,1
111095,2012-09-05,0.3912453758458289,0
111096,2012-09-05,0.1261720742619406,0
111097,2012-09-05,0.15524483458245475,0
111098,2012-09-05,0.31208818269563243,0
111099,2012-09-05,0.4606443814679715,0
111100,2012-09-05,0.4537153219525243,0
111101,2012-09-05,0.33975399489072994,0
111102,2012-09-05,0.37294395874544506,1
111103,2012-09-05,0.4173287102742224,0
111104,2012-09-05,0.4512882733351179,0
111105,2012-09-05,0.4494987053166218,1
111106,2012-09-05,0.2714046457760142,1
111107,2012-09-05,0.3286480664740839,0
111108,2012-09-05,0.3007578949964268,0
111109,2012-09-05,0.3756047317764888,0
111110,2012-09-05,0.3720138220137344,0
111111,2012-09-05,0.3899757145684528,0
111112,2012-09-05,0.3946166780197884,0
111113,2012-09-05,0.48986957632371897,0
111114,2012-09-05,0.28455427428530466,0
111115,2012-09-05,0.2271578925560879,0
111116,2012-09-05,0.3887631523850982,1
111117,2012-09-05,0.2780947544535494,0
111118,2012-09-05,0.2732507672686634,0
111119,2012-09-05,0.35222527687512545,0
111120,2012-09-05,0.4152642321432567,0
111121,2012-09-05,0.30281088700556585,0
111122,2012-09-05,0.4142793583960492,0
111123,2012-09-05,0.31829165872308174,0
111124,2012-09-05,0.34921511594182936,1
111125,2012-09-05,0.2585423339317222,0
111126,2012-09-05,0.5789768316501331,0
111127,2012-09-05,0.39878817875898404,0
111128,2012-09-05,0.202457721847259,0
111129,2012-09-05,0.44400882831814714,0
111130,2012-09-05,0.40132530570064245,0
111131,2012-09-05,0.3325807379449868,0
111132,2012-09-05,0.33769945193121037,0
111133,2012-09-05,0.3913041920583394,0
111134,2012-09-05,0.2330246633325317,0
111135,2012-09-05,0.17353231534292968,0
111136,2012-09-05,0.28927207377023473,0
111137,2012-09-05,0.4542532993602931,0
111138,2012-09-05,0.4215453681178597,0
111139,2012-09-05,0.22305933256300534,0
111140,2012-09-05,0.2172311270162184,1
111141,2012-09-05,0.3780293958244155,0
111142,2012-09-05,0.5201380119636371,0
111143,2012-09-05,0.4128012333776277,0
111144,2012-09-05,0.21189463350586824,0
111145,2012-09-05,0.5475086261134035,0
111146,2012-09-05,0.48028839284236463,1
111147,2012-09-05,0.20683285451270514,0
111148,2012-09-05,0.43712169216217983,1
111149,2012-09-05,0.3590343185990581,0
111150,2012-09-05,0.352551802737693,0
111151,2012-09-05,0.15900447919505065,0
111152,2012-09-05,0.5896951943256706,0
111153,2012-09-05,0.47523948276769024,0
111154,2012-09-05,0.4494256076289536,0
111155,2012-09-05,0.406636093139755,0
111156,2012-09-05,0.442041352295355,1
111157,2012-09-05,0.3705997419139652,0
111158,2012-09-05,0.3576040730980007,1
111159,2012-09-05,0.26612172839977244,0
111160,2012-09-05,0.33968697498639,0
111161,2012-09-05,0.39750246976227654,0
111162,2012-09-05,0.2741466867620278,0
111163,2012-09-05,0.34509531344634947,0
111164,2012-09-05,0.39958135788469185,0
111165,2012-09-05,0.5261313060980692,0
111166,2012-09-05,0.2120793773838415,0
111167,2012-09-05,0.3269079643930948,0
111168,2012-09-05,0.27446400104259533,1
111169,2012-09-05,0.4469740239652971,0
111170,2012-09-05,0.48087896075683045,0
111171,2012-09-05,0.26490366960329154,0
111172,2012-09-05,0.4299708627892979,0
111173,2012-09-05,0.47772175735047717,0
111174,2012-09-05,0.4783899876820876,0
111175,2012-09-05,0.19195542941632845,0
111176,2012-09-05,0.3500084183254182,0
111177,2012-09-05,0.2638485333473164,0
111178,2012-09-05,0.38738849403750636,0
111179,2012-09-05,0.2747638949191437,0
111180,2012-09-05,0.15366260541418217,0
111181,2012-09-05,0.3916189578075808,1
111182,2012-09-05,0.2906602275793994,0
111183,2012-09-05,0.2653478169829965,0
111184,2012-09-05,0.5497813421526211,0
111185,2012-09-05,0.6495703610830584,0
111186,2012-09-05,0.3276031740739747,0
111187,2012-09-05,0.30418045814521155,0
111188,2012-09-05,0.36234004461769886,0
111189,2012-09-05,0.3925664812760884,0
111190,2012-09-05,0.3282182757068527,1
111191,2012-09-05,0.28250498012711456,0
111192,2012-09-05,0.5295204070700559,0
111193,2012-09-05,0.4943280836520565,0
111194,2012-09-05,0.24634861451664566,0
111195,2012-09-05,0.3608268476988534,1
111196,2012-09-05,0.34865142699265456,0
111197,2012-09-05,0.3568250624632751,0
111198,2012-09-05,0.30423822878566126,0
111199,2012-09-05,0.22263780347732925,0
111200,2012-09-05,0.39522964565904967,1
111201,2012-09-05,0.3944310917404466,0
111202,2012-09-05,0.2498813428071384,0
111203,2012-09-05,0.31621114771220676,1
111204,2012-09-05,0.3051467268206789,0
111205,2012-09-05,0.5156529773215188,0
111206,2012-09-05,0.34528098371603905,0
111207,2012-09-05,0.5423423342346372,0
111208,2012-09-05,0.3910884176910179,0
111209,2012-09-05,0.28874313239480154,0
111210,2012-09-05,0.3176854926409786,1
111211,2012-09-05,0.39113993991383494,0
111212,2012-09-05,0.4374077597386069,0
111213,2012-09-05,0.3912020291182364,0
111214,2012-09-05,0.38583314528319523,1
111215,2012-09-05,0.47105138516363454,0
111216,2012-09-05,0.2657850103195849,0
111217,2012-09-05,0.18216666400580042,0
111218,2012-09-05,0.3011076272323213,0
111219,2012-09-05,0.3226439359427475,1
111220,2012-09-05,0.1921616699802566,0
111221,2012-09-05,0.30352892500863565,0
111222,2012-09-05,0.3297659783082326,1
111223,2012-09-05,0.1381484254149468,0
111224,2012-09-05,0.25914491222791197,1
111225,2012-09-05,0.413003226149913,1
111226,2012-09-05,0.1796856629348287,0
111227,2012-09-05,0.3616635640496396,0
111228,2012-09-05,0.231972753239072,0
111229,2012-09-05,0.271375092928203,0
111230,2012-09-05,0.26698613385953546,0
111231,2012-09-05,0.23030156292318488,0
111232,2012-09-05,0.34355434839243937,0
111233,2012-09-05,0.21702936824077332,0
111234,2012-09-05,0.41568260478054003,0
111235,2012-09-05,0.27911955851456144,1
111236,2012-09-05,0.07948055513328096,1
111237,2012-09-05,0.4243534351584523,0
111238,2012-09-05,0.3378248370732275,0
111239,2012-09-05,0.6770361617480624,0
111240,2012-09-05,0.42378247322176066,0
111241,2012-09-05,0.5103497908875333,1
111242,2012-09-05,0.5795716970177641,1
111243,2012-09-05,0.3066942122723204,0
111244,2012-09-05,0.41240115668820665,1
111245,2012-09-05,0.2090186231327012,0
111246,2012-09-05,0.40344334640256535,0
111247,2012-09-05,0.33655071753191446,1
111248,2012-09-05,0.26855411009058705,0
111249,2012-09-05,0.515721886976164,0
111250,2012-09-05,0.360526823562607,0
111251,2012-09-05,0.3846186636713187,1
111252,2012-09-05,0.51630525961737,1
111253,2012-09-05,0.2965274329121865,0
111254,2012-09-05,0.31861575443300466,0
111255,2012-09-05,0.23717458896805707,0
111256,2012-09-05,0.2634444390712096,0
111257,2012-09-05,0.28848923943137905,0
111258,2012-09-05,0.14318941906667468,0
111259,2012-09-05,0.40290144648020276,0
111260,2012-09-05,0.38265166938378914,1
111261,2012-09-05,0.4293247597264282,0
111262,2012-09-05,0.17268397266306038,0
111263,2012-09-05,0.3367924480130799,1
111264,2012-09-05,0.43229984338691757,1
111265,2012-09-05,0.5080123414030715,0
111266,2012-09-05,0.21680874339082992,0
111267,2012-09-05,0.17564958502809822,0
111268,2012-09-05,0.17528672010994775,0
111269,2012-09-05,0.14058330427114857,0
111270,2012-09-05,0.32990238170060543,1
111271,2012-09-05,0.27162869671850154,0
111272,2012-09-05,0.3748415323130283,0
111273,2012-09-05,0.19293056700094627,0
111274,2012-09-05,0.25856783953567475,0
111275,2012-09-05,0.6336310101619499,0
111276,2012-09-05,0.47296805625358235,1
111277,2012-09-05,0.350343681629679,1
111278,2012-09-05,0.5104461522741823,0
111279,2012-09-05,0.34960910212615426,0
111280,2012-09-05,0.18923300724935654,0
111281,2012-09-05,0.3981874256831668,1
111282,2012-09-05,0.3218468335694498,0
111283,2012-09-05,0.4128932509974162,0
111284,2012-09-05,0.2674517582056604,0
111285,2012-09-05,0.4461720371821856,0
111286,2012-09-05,0.38623980496656324,0
111287,2012-09-05,0.3403388058799132,0
111288,2012-09-05,0.1998638466290567,0
111289,2012-09-05,0.23087751264077305,0
111290,2012-09-05,0.3163901142914265,0
111291,2012-09-05,0.5123406452165509,0
111292,2012-09-05,0.2467505820114344,0
111293,2012-09-05,0.2510370215652333,1
111294,2012-09-05,0.4093774444060519,0
111295,2012-09-05,0.35390784785353374,1
111296,2012-09-05,0.6747394428499164,1
111297,2012-09-05,0.4792019071668385,1
111298,2012-09-05,0.43909246942681257,1
111299,2012-09-05,0.3239885317569293,0
111300,2012-09-05,0.21363821801108293,0
111301,2012-09-05,0.35196777969976434,0
111302,2012-09-05,0.4822269300282401,0
111303,2012-09-05,0.5932451145709092,0
111304,2012-09-05,0.5053994464376803,1
111305,2012-09-05,0.3989818134735208,0
111306,2012-09-05,0.34325572564403745,0
111307,2012-09-05,0.6997663700124914,0
111308,2012-09-05,0.4988665079811255,1
111309,2012-09-05,0.7068406510444056,0
111310,2012-09-05,0.2226851911063133,0
111311,2012-09-05,0.33582770158074143,0
111312,2012-09-05,0.4150819660707816,0
111313,2012-09-05,0.33312000837202216,1
111314,2012-09-05,0.283865557925542,1
111315,2012-09-05,0.5030396665945623,0
111316,2012-09-05,0.540849013422601,1
111317,2012-09-05,0.4276324400567916,0
111318,2012-09-05,0.37572547335195444,0
111319,2012-09-05,0.32939230723281226,0
111320,2012-09-05,0.39103775900222704,0
111321,2012-09-05,0.3344523071598983,0
111322,2012-09-05,0.43019119058323596,0
111323,2012-09-05,0.42831252723967334,0
111324,2012-09-05,0.17108299693061502,0
111325,2012-09-05,0.44019546866296794,0
111326,2012-09-05,0.5025229249659381,0
111327,2012-09-05,0.3527455836644243,1
111328,2012-09-05,0.29972840154141284,0
111329,2012-09-05,0.295015072650027,0
111330,2012-09-05,0.34977304125713043,0
111331,2012-09-05,0.4255632921900598,1
111332,2012-09-05,0.25838862056240874,0
111333,2012-09-05,0.43703876208478654,0
111334,2012-09-05,0.4041805541270776,0
111335,2012-09-05,0.33400916991772517,0
111336,2012-09-05,0.3297942138619707,0
111337,2012-09-05,0.608040905949363,1
111338,2012-09-05,0.7019553302721777,0
111339,2012-09-05,0.3535560070995705,1
111340,2012-09-05,0.5715654545755002,1
111341,2012-09-05,0.36608336204610237,1
111342,2012-09-05,0.5438003615451797,1
111343,2012-09-05,0.5101304653753991,1
111344,2012-09-05,0.38191154198760424,0
111345,2012-09-05,0.2376914552889515,0
111346,2012-09-05,0.21947324736664858,0
111347,2012-09-05,0.2608436729400624,0
111348,2012-09-05,0.3973679778464061,0
111349,2012-09-05,0.23093353748153206,0
111350,2012-09-05,0.28398337600467366,1
111351,2012-09-05,0.46943755275129034,0
111352,2012-09-05,0.33191245053707685,1
111353,2012-09-05,0.41858411749076846,0
111354,2012-09-05,0.3208251334679609,0
111355,2012-09-05,0.31175912657010246,0
111356,2012-09-05,0.19420702364403752,0
111357,2012-09-05,0.13989819657803654,0
111358,2012-09-05,0.25739685166201837,0
111359,2012-09-05,0.43627127059788634,0
111360,2012-09-05,0.3322251339678954,0
111361,2012-09-05,0.35926785736901834,0
111362,2012-09-05,0.31392737938688525,0
111363,2012-09-05,0.3421545254300593,0
111364,2012-09-05,0.44450132442741963,0
111365,2012-09-05,0.3563386982887886,0
111366,2012-09-05,0.4168641506271032,0
111367,2012-09-05,0.21820036620554478,0
111368,2012-09-05,0.3470400096069521,1
111369,2012-09-05,0.2912744165709567,0
111370,2012-09-05,0.2171377472302792,0
111371,2012-09-05,0.3508322951038286,0
111372,2012-09-05,0.2629827970597775,0
111373,2012-09-05,0.42623657352266936,0
111374,2012-09-05,0.23842442358277502,0
111375,2012-09-05,0.43179903179802887,1
111376,2012-09-05,0.3411487225319039,0
111377,2012-09-05,0.3824420731710026,0
111378,2012-09-05,0.6559598640106195,0
111379,2012-09-05,0.09959504221430623,0
111380,2012-09-05,0.1768545546307991,0
111381,2012-09-05,0.36675820129731523,0
111382,2012-09-05,0.47203776384647084,0
111383,2012-09-05,0.12779985137657948,0
111384,2012-09-05,0.2380246840159119,0
111385,2012-09-05,0.3370391578809173,0
111386,2012-09-05,0.2900238557492879,1
111387,2012-09-05,0.5334385993928391,0
111388,2012-09-05,0.27035206017244157,1
111389,2012-09-05,0.322451128246298,0
111390,2012-09-05,0.49420937039934365,0
111391,2012-09-05,0.257355994019097,1
111392,2012-09-05,0.4907788842396035,0
111393,2012-09-05,0.3814316908966336,0
111394,2012-09-05,0.3730129536092898,0
111395,2012-09-05,0.31485211888731046,0
111396,2012-09-05,0.41274454648006736,0
111397,2012-09-05,0.4429543120741902,0
111398,2012-09-05,0.2779211657017877,0
111399,2012-09-05,0.44408479466665307,0
111400,2012-09-05,0.4386749693954764,1
111401,2012-09-05,0.2770155320102254,0
111402,2012-09-05,0.38128027771538947,0
111403,2012-09-05,0.3630622208534199,0
111404,2012-09-05,0.3470358817798943,0
111405,2012-09-05,0.5693257494182589,0
111406,2012-09-05,0.09537090326336255,1
111407,2012-09-05,0.2293064629293875,0
111408,2012-09-05,0.37544851987622235,1
111409,2012-09-05,0.4500421474347628,0
111410,2012-09-05,0.2538433430471684,0
111411,2012-09-05,0.29853504936690783,0
111412,2012-09-05,0.4265394160210682,0
111413,2012-09-05,0.38913873529717147,1
111414,2012-09-05,0.37899866731004295,0
111415,2012-09-05,0.2925785006185969,0
111416,2012-09-05,0.2572482760742845,1
111417,2012-09-05,0.338449713329703,0
111418,2012-09-05,0.29215014193543726,0
111419,2012-09-05,0.216605716260975,0
111420,2012-09-05,0.434698237592555,1
111421,2012-09-05,0.2835349215352561,0
111422,2012-09-05,0.5000966735887695,0
111423,2012-09-05,0.29038530336109014,0
111424,2012-09-05,0.3118133394004651,0
111425,2012-09-05,0.4224573164264395,0
111426,2012-09-05,0.3297577083185141,0
111427,2012-09-05,0.37759257462982,0
111428,2012-09-05,0.1769930075587872,0
111429,2012-09-05,0.2936712092700616,1
111430,2012-09-05,0.5641878483044569,0
111431,2012-09-05,0.2951292377435867,1
111432,2012-09-05,0.24221193227836332,0
111433,2012-09-05,0.5792629703860049,0
111434,2012-09-05,0.3193788360391685,1
111435,2012-09-05,0.592695001590373,0
111436,2012-09-05,0.24397937703924896,0
111437,2012-09-05,0.31829544078276084,1
111438,2012-09-05,0.591675296448811,0
111439,2012-09-05,0.5012896307466017,0
111440,2012-09-05,0.281211341744907,0
111441,2012-09-05,0.33303562436902157,0
111442,2012-09-05,0.14508658238328892,0
111443,2012-09-05,0.4808222710548589,0
111444,2012-09-05,0.31805692933906077,0
111445,2012-09-05,0.4536845921308941,0
111446,2012-09-05,0.24290714395818597,0
111447,2012-09-05,0.28705020837976136,0
111448,2012-09-05,0.6189576027609799,0
111449,2012-09-05,0.33111510396980115,0
111450,2012-09-05,0.40068002121354956,0
111451,2012-09-05,0.2203651828280317,0
111452,2012-09-05,0.33402918318679775,0
111453,2012-09-05,0.4254516496737311,1
111454,2012-09-05,0.23248995314972815,0
111455,2012-09-05,0.36643186048648135,0
111456,2012-09-05,0.42697597543630605,0
111457,2012-09-05,0.468256589674489,0
111458,2012-09-05,0.3561540380545086,0
111459,2012-09-05,0.31696681178139235,1
111460,2012-09-05,0.25119573196235795,0
111461,2012-09-05,0.2740191862951709,0
111462,2012-09-05,0.4496671544649195,0
111463,2012-09-05,0.2001192046916879,0
111464,2012-09-05,0.4483809301676945,0
111465,2012-09-05,0.4884476108513324,0
111466,2012-09-05,0.3657733208929606,0
111467,2012-09-05,0.07776168642653246,0
111468,2012-09-05,0.3112291298432095,0
111469,2012-09-05,0.27613864219092066,0
111470,2012-09-05,0.37807467048841165,0
111471,2012-09-05,0.3276196823637867,0
111472,2012-09-05,0.45365121009276044,0
111473,2012-09-05,0.31408844458818164,0
111474,2012-09-05,0.14572669385934045,0
111475,2012-09-05,0.3973094691119458,0
111476,2012-09-05,0.1320814413750245,0
111477,2012-09-05,0.2747540360720248,1
111478,2012-09-05,0.3901282395384407,0
111479,2012-09-05,0.38549355277322817,0
111480,2012-09-05,0.22107158148621184,0
111481,2012-09-05,0.39175214082688714,0
111482,2012-09-05,0.20965886909003975,0
111483,2012-09-05,0.3064433228214217,0
111484,2012-09-05,0.3713025332131153,0
111485,2012-09-05,0.4414216207888155,0
111486,2012-09-05,0.29029747758454383,0
111487,2012-09-05,0.17885931030470836,0
111488,2012-09-05,0.3065676098159505,0
111489,2012-09-05,0.1702236106827046,0
111490,2012-09-05,0.3330389122157373,0
111491,2012-09-05,0.37695842276503966,1
111492,2012-09-05,0.40330998851534405,0
111493,2012-09-05,0.27778247563311853,0
111494,2012-09-05,0.21727120765525715,0
111495,2012-09-05,0.2504608807227449,0
111496,2012-09-05,0.28994158016434957,1
111497,2012-09-05,0.26529047859339316,0
111498,2012-09-05,0.2824037939746646,0
111499,2012-09-05,0.40154430154549153,0
111500,2012-09-05,0.15709867659251905,0
111501,2012-09-05,0.20253540146015123,0
111502,2012-09-05,0.3703109894163015,1
111503,2012-09-05,0.5893932461141952,0
111504,2012-09-05,0.3051397844108863,0
111505,2012-09-05,0.27446400104259533,0
111506,2012-09-05,0.31894449559539245,0
111507,2012-09-05,0.325413276743186,1
111508,2012-09-05,0.46607531913441486,0
111509,2012-09-05,0.4086456866666631,0
111510,2012-09-05,0.368853231740964,0
111511,2012-09-05,0.29747141475340283,0
111512,2012-09-05,0.36722510960012433,0
111513,2012-09-05,0.2487628354625673,0
111514,2012-09-05,0.33965489030733187,0
111515,2012-09-05,0.42427648120169653,0
111516,2012-09-05,0.40095917159456046,0
111517,2012-09-05,0.5147436460870429,0
111518,2012-09-05,0.48108108491311635,1
111519,2012-09-05,0.35278275446924595,0
111520,2012-09-05,0.4561695582473337,0
111521,2012-09-05,0.4505876313571237,0
111522,2012-09-05,0.3975669152427264,0
111523,2012-09-05,0.3554164347323056,0
111524,2012-09-05,0.5544496314565015,0
111525,2012-09-05,0.1706958492237667,0
111526,2012-09-05,0.23090347130426536,0
111527,2012-09-05,0.20589331351824366,0
111528,2012-09-05,0.22797364580829302,0
111529,2012-09-05,0.42519197206528975,0
111530,2012-09-05,0.5874677499257873,1
111531,2012-09-05,0.3315699629842642,0
111532,2012-09-05,0.334840901176819,1
111533,2012-09-05,0.22482153743819297,0
111534,2012-09-05,0.5570488649699629,0
111535,2012-09-05,0.3608400027864369,1
111536,2012-09-05,0.16640538956673176,0
111537,2012-09-05,0.38903376771175713,1
111538,2012-09-05,0.6069642330366974,1
111539,2012-09-05,0.5130754989365627,0
111540,2012-09-05,0.436990382062506,0
111541,2012-09-05,0.2710665123993772,0
111542,2012-09-05,0.4371427919981705,1
111543,2012-09-05,0.21218319153013454,1
111544,2012-09-05,0.3746775893553655,0
111545,2012-09-05,0.13855546447152597,0
111546,2012-09-05,0.1509348878339953,0
111547,2012-09-05,0.22145131578100913,1
111548,2012-09-05,0.41936589946115344,1
111549,2012-09-05,0.3331879658331975,0
111550,2012-09-05,0.34113578957966756,0
111551,2012-09-05,0.41576943446264686,0
111552,2012-09-05,0.408051857148936,0
111553,2012-09-05,0.5480789484904002,1
111554,2012-09-05,0.3463684857095451,0
111555,2012-09-05,0.581027374213753,1
111556,2012-09-05,0.41707690384439916,0
111557,2012-09-05,0.3497584320416151,0
111558,2012-09-05,0.45668691837354763,0
111559,2012-09-05,0.3619210001514867,0
111560,2012-09-05,0.3408625429303383,1
111561,2012-09-05,0.42824028582884455,0
111562,2012-09-05,0.45330107307434236,0
111563,2012-09-05,0.18468577965732744,0
111564,2012-09-05,0.21697046069009715,0
111565,2012-09-05,0.17502159636247352,0
111566,2012-09-05,0.2892080857272184,1
111567,2012-09-05,0.26057466407210683,1
111568,2012-09-05,0.457414381118335,0
111569,2012-09-05,0.3928955997414557,0
111570,2012-09-05,0.37435068323995374,0
111571,2012-09-05,0.21141063934439086,1
111572,2012-09-05,0.3061853573365125,0
111573,2012-09-05,0.27737277175830755,0
111574,2012-09-05,0.3754009534700482,0
111575,2012-09-05,0.4442263643560703,0
111576,2012-09-05,0.48637483715983376,0
111577,2012-09-05,0.34682883988325525,0
111578,2012-09-05,0.4215381199389028,1
111579,2012-09-05,0.28583998527329024,0
111580,2012-09-05,0.3814357834469388,0
111581,2012-09-05,0.4182386276758463,0
111582,2012-09-05,0.32571558262669464,0
111583,2012-09-05,0.4649477907741288,1
111584,2012-09-05,0.45198645557328015,0
111585,2012-09-05,0.3323293027338898,0
111586,2012-09-05,0.4901602826864286,1
111587,2012-09-05,0.1850506920723583,1
111588,2012-09-05,0.4517248368499818,0
111589,2012-09-05,0.38217038108079965,0
111590,2012-09-05,0.44646885361484,1
111591,2012-09-05,0.4240229353219139,0
111592,2012-09-05,0.33732106924327027,0
111593,2012-09-05,0.24512318471019606,0
111594,2012-09-05,0.27373591956995863,0
111595,2012-09-05,0.3460190326494293,0
111596,2012-09-05,0.3203050887359403,0
111597,2012-09-05,0.24328718025734147,1
111598,2012-09-05,0.4209897054004066,0
111599,2012-09-05,0.3742482764146861,0
111600,2012-09-05,0.34999691559817403,1
111601,2012-09-05,0.17038026491396877,0
111602,2012-09-05,0.651511135889055,0
111603,2012-09-05,0.34033666361404996,0
111604,2012-09-05,0.35309550472041523,0
111605,2012-09-05,0.341902331374016,0
111606,2012-09-05,0.13789984397078536,0
111607,2012-09-05,0.21827019059564148,0
111608,2012-09-05,0.44700070362799976,0
111609,2012-09-05,0.4400352382154097,0
111610,2012-09-05,0.43592710276515007,1
111611,2012-09-05,0.4313935718352847,0
111612,2012-09-05,0.28620363789051056,0
111613,2012-09-05,0.40205279647468045,0
111614,2012-09-05,0.3004356051333226,1
111615,2012-09-05,0.3468816826621638,0
111616,2012-09-05,0.33467290080529105,0
111617,2012-09-05,0.4430895862218821,0
111618,2012-09-05,0.48566759482799776,1
111619,2012-09-05,0.45110755893085325,1
111620,2012-09-05,0.32611903815397114,0
111621,2012-09-05,0.6179623094875792,0
111622,2012-09-05,0.29370405235954233,0
111623,2012-09-05,0.37201895434972726,0
111624,2012-09-05,0.25005307817296146,0
111625,2012-09-05,0.3049193059038855,0
111626,2012-09-05,0.4134997261872447,0
111627,2012-09-05,0.35787643646956074,0
111628,2012-09-05,0.2532572654150583,1
111629,2012-09-05,0.5132034357353944,1
111630,2012-09-05,0.216605716260975,0
111631,2012-09-05,0.4193483283503505,1
111632,2012-09-05,0.3456664962868312,0
111633,2012-09-05,0.3036818997352831,0
111634,2012-09-05,0.2704498000511558,0
111635,2012-09-05,0.34014658465923275,0
111636,2012-09-05,0.37661646050240444,0
111637,2012-09-05,0.2517680146892499,0
111638,2012-09-05,0.4532645725235163,1
111639,2012-09-05,0.4971788610852006,0
111640,2012-09-05,0.43969737357062444,0
111641,2012-09-05,0.2702926256427523,1
111642,2012-09-05,0.3908380306566917,0
111643,2012-09-05,0.3991302247935049,0
111644,2012-09-05,0.2706400129178699,0
111645,2012-09-06,0.5479483158711782,1
111646,2012-09-06,0.22093656575478662,0
111647,2012-09-06,0.40880184360210997,0
111648,2012-09-06,0.2946023445311655,0
111649,2012-09-06,0.46323891922557625,0
111650,2012-09-06,0.190518477486464,0
111651,2012-09-06,0.18403408564617968,0
111652,2012-09-06,0.33806160959911336,0
111653,2012-09-06,0.45582136496826475,0
111654,2012-09-06,0.20921781250712063,0
111655,2012-09-06,0.13638957830925805,0
111656,2012-09-06,0.27871244536714507,1
111657,2012-09-06,0.49580805646579545,0
111658,2012-09-06,0.35784765405274827,1
111659,2012-09-06,0.2592279902780152,0
111660,2012-09-06,0.43910024739251224,1
111661,2012-09-06,0.22215679641229863,0
111662,2012-09-06,0.397804478194263,0
111663,2012-09-06,0.38812748714369194,0
111664,2012-09-06,0.15486200704613406,0
111665,2012-09-06,0.4205569538452007,1
111666,2012-09-06,0.24745313784655648,0
111667,2012-09-06,0.34998901998166326,0
111668,2012-09-06,0.17387223941386826,1
111669,2012-09-06,0.27000097809463924,0
111670,2012-09-06,0.3679020327521857,1
111671,2012-09-06,0.31581528116977303,1
111672,2012-09-06,0.44603295223890066,0
111673,2012-09-06,0.4422585173665466,0
111674,2012-09-06,0.23703877106901222,0
111675,2012-09-06,0.5412508931352182,0
111676,2012-09-06,0.3862612251011145,0
111677,2012-09-06,0.350680118216992,0
111678,2012-09-06,0.4247348474502226,0
111679,2012-09-06,0.48418425021137007,0
111680,2012-09-06,0.2668138131465614,0
111681,2012-09-06,0.38483718749093254,0
111682,2012-09-06,0.4699991381452917,0
111683,2012-09-06,0.1955712572190004,0
111684,2012-09-06,0.4431775827581403,0
111685,2012-09-06,0.2990222868781482,0
111686,2012-09-06,0.42137897393060625,0
111687,2012-09-06,0.2672013824835789,0
111688,2012-09-06,0.30387324196717597,0
111689,2012-09-06,0.4192588014255107,0
111690,2012-09-06,0.35469258512491214,0
111691,2012-09-06,0.6432555014504726,1
111692,2012-09-06,0.2901163488758014,0
111693,2012-09-06,0.33310450767601774,0
111694,2012-09-06,0.3469216805520465,1
111695,2012-09-06,0.2801623350178869,0
111696,2012-09-06,0.30221149061577834,0
111697,2012-09-06,0.29902438305034,0
111698,2012-09-06,0.3286851019053193,0
111699,2012-09-06,0.16111977118663662,0
111700,2012-09-06,0.40289941165470067,0
111701,2012-09-06,0.4836154668714267,1
111702,2012-09-06,0.23364130656190377,0
111703,2012-09-06,0.2836139694409358,1
111704,2012-09-06,0.2410072806646766,0
111705,2012-09-06,0.32167882153263955,0
111706,2012-09-06,0.2836203890216255,0
111707,2012-09-06,0.3202998717171936,0
111708,2012-09-06,0.25047445556272663,1
111709,2012-09-06,0.5712988885009783,0
111710,2012-09-06,0.6816150586776962,1
111711,2012-09-06,0.2371556943082811,0
111712,2012-09-06,0.30725098400380174,0
111713,2012-09-06,0.3479548566296414,0
111714,2012-09-06,0.48631839459987763,0
111715,2012-09-06,0.39849259663840136,1
111716,2012-09-06,0.19287767541278142,0
111717,2012-09-06,0.39521017733140745,0
111718,2012-09-06,0.219490594773389,0
111719,2012-09-06,0.32195983572138454,0
111720,2012-09-06,0.3501191967844447,0
111721,2012-09-06,0.2820240716328336,0
111722,2012-09-06,0.6629456438690282,0
111723,2012-09-06,0.5089967134852046,1
111724,2012-09-06,0.41176209076934683,1
111725,2012-09-06,0.277317857101963,0
111726,2012-09-06,0.11289467194535621,0
111727,2012-09-06,0.5082378180476136,0
111728,2012-09-06,0.3357611795089383,0
111729,2012-09-06,0.42507516127675865,0
111730,2012-09-06,0.20041025316052277,0
111731,2012-09-06,0.3924374927052832,1
111732,2012-09-06,0.33840982842848416,1
111733,2012-09-06,0.2909273904516795,0
111734,2012-09-06,0.49723396405514386,0
111735,2012-09-06,0.4053061502086084,1
111736,2012-09-06,0.4681448492290222,1
111737,2012-09-06,0.22287489136999705,0
111738,2012-09-06,0.3662355307125051,0
111739,2012-09-06,0.4363019827022412,1
111740,2012-09-06,0.44213081609428495,0
111741,2012-09-06,0.42186718043176985,0
111742,2012-09-06,0.4233774651916609,0
111743,2012-09-06,0.5584093492015352,1
111744,2012-09-06,0.4267042294342201,0
111745,2012-09-06,0.4182574798890103,0
111746,2012-09-06,0.358828906874116,0
111747,2012-09-06,0.3312846724419588,0
111748,2012-09-06,0.3938082350515586,0
111749,2012-09-06,0.41186079195777053,0
111750,2012-09-06,0.6476092948027546,1
111751,2012-09-06,0.5825908082631794,0
111752,2012-09-06,0.43351004037791085,0
111753,2012-09-06,0.3323129291180943,0
111754,2012-09-06,0.4265034332947389,1
111755,2012-09-06,0.4024772792504829,0
111756,2012-09-06,0.50150583510198,0
111757,2012-09-06,0.34093151482092005,0
111758,2012-09-06,0.5710100592345039,0
111759,2012-09-06,0.2747200385234981,0
111760,2012-09-06,0.6630828983675248,0
111761,2012-09-06,0.36413136325040113,0
111762,2012-09-06,0.6767178181054911,1
111763,2012-09-06,0.3283328316811563,0
111764,2012-09-06,0.5284364736904867,0
111765,2012-09-06,0.41911658094558546,0
111766,2012-09-06,0.32346144383588255,1
111767,2012-09-06,0.28853958950820635,0
111768,2012-09-06,0.4282111383625637,1
111769,2012-09-06,0.5313198619661491,1
111770,2012-09-06,0.3977699158082556,0
111771,2012-09-06,0.3080098812889816,0
111772,2012-09-06,0.5491570617473704,0
111773,2012-09-06,0.23167061988859808,1
111774,2012-09-06,0.5158433013407708,0
111775,2012-09-06,0.1824623734154662,0
111776,2012-09-06,0.31769571268952945,1
111777,2012-09-06,0.35122079702693,1
111778,2012-09-06,0.30052785846966523,0
111779,2012-09-06,0.36426686842770484,0
111780,2012-09-06,0.2863078615758162,0
111781,2012-09-06,0.2561755305853168,0
111782,2012-09-06,0.3145135151850714,0
111783,2012-09-06,0.33895461778668845,0
111784,2012-09-06,0.38999222611886253,0
111785,2012-09-06,0.5631617411867078,0
111786,2012-09-06,0.21478356667649168,0
111787,2012-09-06,0.46398618212181236,1
111788,2012-09-06,0.3495802708512029,1
111789,2012-09-06,0.5872750811098773,0
111790,2012-09-06,0.3170003818248208,0
111791,2012-09-06,0.6031045122478914,0
111792,2012-09-06,0.6166084173383531,0
111793,2012-09-06,0.1563849045463138,0
111794,2012-09-06,0.21261718691155335,0
111795,2012-09-06,0.4120047845755363,0
111796,2012-09-06,0.5875600308035968,1
111797,2012-09-06,0.21447018466149384,1
111798,2012-09-06,0.2757834470226414,0
111799,2012-09-06,0.14448938831478286,0
111800,2012-09-06,0.2871285344664749,0
111801,2012-09-06,0.3382800966412101,1
111802,2012-09-06,0.5630619934176634,1
111803,2012-09-06,0.3828083001596969,0
111804,2012-09-06,0.18004684211406685,0
111805,2012-09-06,0.20652057227156884,0
111806,2012-09-06,0.3218718406322501,0
111807,2012-09-06,0.4000681897921503,1
111808,2012-09-06,0.5826587505731751,1
111809,2012-09-06,0.562745229587345,1
111810,2012-09-06,0.48701575436821076,0
111811,2012-09-06,0.1765027368037104,0
111812,2012-09-06,0.16249312308338085,0
111813,2012-09-06,0.46755587741586907,0
111814,2012-09-06,0.4230820256941929,1
111815,2012-09-06,0.4803707681361611,1
111816,2012-09-06,0.4820900196524514,0
111817,2012-09-06,0.3153532457805003,0
111818,2012-09-06,0.3141060528374408,0
111819,2012-09-06,0.3187183846074007,1
111820,2012-09-06,0.3879821760009398,0
111821,2012-09-06,0.4876410039100428,0
111822,2012-09-06,0.19886279536772647,0
111823,2012-09-06,0.6405238057325023,0
111824,2012-09-06,0.32444161855414533,0
111825,2012-09-06,0.2545859816579702,0
111826,2012-09-06,0.39119131610280483,0
111827,2012-09-06,0.14904398534697832,0
111828,2012-09-06,0.39504496733127004,0
111829,2012-09-06,0.2944339323928022,1
111830,2012-09-06,0.3893578878801281,0
111831,2012-09-06,0.3222799547988776,0
111832,2012-09-06,0.5245821360501374,0
111833,2012-09-06,0.26649714788750095,1
111834,2012-09-06,0.4185974221866006,0
111835,2012-09-06,0.29556275912703384,1
111836,2012-09-06,0.2742501184205249,0
111837,2012-09-06,0.4246045034891449,0
111838,2012-09-06,0.1372259373248678,0
111839,2012-09-06,0.36358357332203123,0
111840,2012-09-06,0.3242795171628651,0
111841,2012-09-06,0.2889308285911391,0
111842,2012-09-06,0.19952607028355263,0
111843,2012-09-06,0.3011780215419321,0
111844,2012-09-06,0.35932912789677574,1
111845,2012-09-06,0.3932702576553319,1
111846,2012-09-06,0.5000015612648263,0
111847,2012-09-06,0.18447090973222227,1
111848,2012-09-06,0.20637766506229238,0
111849,2012-09-06,0.4938883431595788,0
111850,2012-09-06,0.540760386426891,0
111851,2012-09-06,0.5096586659558815,0
111852,2012-09-06,0.14529960348083082,0
111853,2012-09-06,0.36935565430776507,1
111854,2012-09-06,0.31758445223480664,0
111855,2012-09-06,0.3141007177777838,0
111856,2012-09-06,0.2593118515349009,0
111857,2012-09-06,0.37153706798831687,0
111858,2012-09-06,0.37804175139870944,0
111859,2012-09-06,0.11599536836123718,0
111860,2012-09-06,0.20053751755874524,0
111861,2012-09-06,0.4078214037270295,1
111862,2012-09-06,0.3358719477713063,0
111863,2012-09-06,0.47179843832632745,0
111864,2012-09-06,0.2222609125774771,0
111865,2012-09-06,0.3484436983228909,0
111866,2012-09-06,0.3169323482080689,0
111867,2012-09-06,0.3264801759637368,0
111868,2012-09-06,0.22095492498272634,0
111869,2012-09-06,0.4598536130596637,0
111870,2012-09-06,0.3041793039034294,0
111871,2012-09-06,0.34895038960026314,0
111872,2012-09-06,0.12986004135488477,0
111873,2012-09-06,0.3210117863788813,0
111874,2012-09-06,0.5116594093310141,1
111875,2012-09-06,0.266058673695639,0
111876,2012-09-06,0.40297870124353913,0
111877,2012-09-06,0.5840014519939685,0
111878,2012-09-06,0.5453531187341942,0
111879,2012-09-06,0.3160155631528747,0
111880,2012-09-06,0.4232037011368846,0
111881,2012-09-06,0.3065058666154505,0
111882,2012-09-06,0.3542672633834963,0
111883,2012-09-06,0.5165956534643386,0
111884,2012-09-06,0.3316088792497089,0
111885,2012-09-06,0.31750450172427697,1
111886,2012-09-06,0.5272676183263626,0
111887,2012-09-06,0.3347288933529505,0
111888,2012-09-06,0.5368500563668251,0
111889,2012-09-06,0.3959633359459803,1
111890,2012-09-06,0.516515790926889,0
111891,2012-09-06,0.46585366826851843,0
111892,2012-09-06,0.18470886542347095,0
111893,2012-09-06,0.37442850176475373,0
111894,2012-09-06,0.46803376331472885,0
111895,2012-09-06,0.6434935503391083,1
111896,2012-09-06,0.17923494756727695,0
111897,2012-09-06,0.29881920575513726,0
111898,2012-09-06,0.39831205790962426,1
111899,2012-09-06,0.31410635852998164,0
111900,2012-09-06,0.4242657440019997,0
111901,2012-09-06,0.21919000979644362,0
111902,2012-09-06,0.29261385805826495,0
111903,2012-09-06,0.47556748583268044,0
111904,2012-09-06,0.37627122684969705,0
111905,2012-09-06,0.10159223765506571,0
111906,2012-09-06,0.5926521470108904,1
111907,2012-09-06,0.24369511931857224,1
111908,2012-09-06,0.35024896933464394,1
111909,2012-09-06,0.5273733890091821,0
111910,2012-09-06,0.34784814294970795,0
111911,2012-09-06,0.24857031705995286,0
111912,2012-09-06,0.4461682331335592,0
111913,2012-09-06,0.22352271046038677,0
111914,2012-09-06,0.46980163340091746,1
111915,2012-09-06,0.1715382855061471,0
111916,2012-09-06,0.43834564116739283,1
111917,2012-09-06,0.1814653770724402,0
111918,2012-09-06,0.17392345404388979,0
111919,2012-09-06,0.3244942369923198,0
111920,2012-09-06,0.20054417006800968,0
111921,2012-09-06,0.3319053502891272,1
111922,2012-09-06,0.41032730455765365,0
111923,2012-09-06,0.42666977754107926,0
111924,2012-09-06,0.3771933196455766,1
111925,2012-09-06,0.18175595600493857,0
111926,2012-09-06,0.31223109132879745,0
111927,2012-09-06,0.5558686608035998,1
111928,2012-09-06,0.21350119328049622,1
111929,2012-09-06,0.31329415585466697,0
111930,2012-09-06,0.28095213514830847,1
111931,2012-09-06,0.22113315548684653,0
111932,2012-09-06,0.268613636431449,1
111933,2012-09-06,0.5106433217635796,1
111934,2012-09-06,0.2310778217624514,0
111935,2012-09-06,0.3174751149361081,0
111936,2012-09-06,0.43998906774848945,0
111937,2012-09-06,0.19381635174860373,0
111938,2012-09-06,0.40651076682285703,0
111939,2012-09-06,0.24614543704865083,0
111940,2012-09-06,0.18137179186434885,0
111941,2012-09-06,0.23927739258171124,0
111942,2012-09-06,0.3627775633021998,0
111943,2012-09-06,0.4395387846329182,0
111944,2012-09-06,0.2492167293791391,1
111945,2012-09-06,0.4412837601718043,1
111946,2012-09-06,0.6659587408563182,0
111947,2012-09-06,0.3557206738309767,0
111948,2012-09-06,0.33205858874768346,0
111949,2012-09-06,0.2891883975007285,0
111950,2012-09-06,0.19011017962178864,0
111951,2012-09-06,0.37434833232987086,0
111952,2012-09-06,0.41870308865105693,0
111953,2012-09-06,0.21474175662062417,0
111954,2012-09-06,0.34274410485511697,0
111955,2012-09-06,0.3159620009250138,0
111956,2012-09-06,0.42459052065417224,1
111957,2012-09-06,0.3367048872424664,1
111958,2012-09-06,0.510891384501229,0
111959,2012-09-06,0.429927475340369,0
111960,2012-09-06,0.5132973013740267,1
111961,2012-09-06,0.40776835274731327,0
111962,2012-09-06,0.23222553368182364,0
111963,2012-09-06,0.20590481769200766,0
111964,2012-09-06,0.16563401184170523,0
111965,2012-09-06,0.27609725278750974,0
111966,2012-09-06,0.4701988908012331,1
111967,2012-09-06,0.5848998328409692,1
111968,2012-09-06,0.29538509126576734,0
111969,2012-09-06,0.3384642407689295,0
111970,2012-09-06,0.33439970843753253,0
111971,2012-09-06,0.27491277906450157,0
111972,2012-09-06,0.2148578595180995,1
111973,2012-09-06,0.19560322547361875,0
111974,2012-09-06,0.4328879440737748,0
111975,2012-09-06,0.4088975833231368,0
111976,2012-09-06,0.4300644812083779,1
111977,2012-09-06,0.39006694888158133,0
111978,2012-09-06,0.192851284432204,0
111979,2012-09-06,0.07290782362241452,0
111980,2012-09-06,0.31957735794222486,0
111981,2012-09-06,0.5484504952809158,0
111982,2012-09-06,0.2434691064236399,1
111983,2012-09-06,0.4146918933742188,0
111984,2012-09-06,0.40025576936803736,0
111985,2012-09-06,0.44521176204066243,1
111986,2012-09-06,0.5114809432587021,1
111987,2012-09-06,0.32541049055920285,1
111988,2012-09-06,0.3618865780141686,0
111989,2012-09-06,0.40423042242693813,1
111990,2012-09-06,0.25511331261517933,0
111991,2012-09-06,0.2050546368544956,0
111992,2012-09-06,0.24128921171053108,0
111993,2012-09-06,0.2853886124350663,0
111994,2012-09-06,0.4215851253118549,0
111995,2012-09-06,0.1989773984078127,0
111996,2012-09-06,0.3096861855933969,0
111997,2012-09-06,0.5455372487856356,0
111998,2012-09-06,0.2989571942044126,0
111999,2012-09-06,0.39273078354156,0
112000,2012-09-06,0.4065675206462477,1
112001,2012-09-06,0.47967577121999205,0
112002,2012-09-06,0.1485517561077101,0
112003,2012-09-06,0.3071096986517173,0
112004,2012-09-06,0.17433297267864534,0
112005,2012-09-06,0.47788775821066626,0
112006,2012-09-06,0.5557043935322861,0
112007,2012-09-06,0.30734104579513,0
112008,2012-09-06,0.44989577975999095,0
112009,2012-09-06,0.4316825710627829,0
112010,2012-09-06,0.371881983667963,0
112011,2012-09-06,0.2917355633151236,0
112012,2012-09-06,0.314708615118292,1
112013,2012-09-06,0.44875205681027897,1
112014,2012-09-06,0.381243854993796,0
112015,2012-09-06,0.35120700667516674,0
112016,2012-09-06,0.3373926500437537,0
112017,2012-09-06,0.27216931307107545,1
112018,2012-09-06,0.2771211928493254,0
112019,2012-09-06,0.339028180119758,0
112020,2012-09-06,0.22804175941165022,0
112021,2012-09-06,0.623143847448277,1
112022,2012-09-06,0.3011517499771508,1
112023,2012-09-06,0.31067931465740173,0
112024,2012-09-06,0.2800811848795409,0
112025,2012-09-06,0.18504876278824095,0
112026,2012-09-06,0.31332531101716077,0
112027,2012-09-06,0.3860335789353877,1
112028,2012-09-06,0.4804170473253522,1
112029,2012-09-06,0.2558399271924207,0
112030,2012-09-06,0.2769049397449512,0
112031,2012-09-06,0.351958163587314,0
112032,2012-09-06,0.31730199357089756,0
112033,2012-09-06,0.3607305899040979,0
112034,2012-09-06,0.4775401643733009,0
112035,2012-09-06,0.6520043689793427,1
112036,2012-09-06,0.3052188070715734,0
112037,2012-09-06,0.2720986884835402,0
112038,2012-09-06,0.43698456669748864,0
112039,2012-09-06,0.33432423840401687,1
112040,2012-09-06,0.4657929963733738,1
112041,2012-09-06,0.4628491942042949,0
112042,2012-09-06,0.31995343691979494,0
112043,2012-09-06,0.1978867316419686,0
112044,2012-09-06,0.38819498034860545,1
112045,2012-09-06,0.3115149614908612,0
112046,2012-09-06,0.5056795179880847,1
112047,2012-09-06,0.2857548068347433,0
112048,2012-09-06,0.47676378520251167,0
112049,2012-09-06,0.38999149802197486,1
112050,2012-09-06,0.35612711990275847,0
112051,2012-09-06,0.5907032830577593,0
112052,2012-09-06,0.37502100400185395,0
112053,2012-09-06,0.32096108605004126,0
112054,2012-09-06,0.4285573311742524,0
112055,2012-09-06,0.3549122737818325,0
112056,2012-09-06,0.20941098366802105,0
112057,2012-09-06,0.27942840518987144,0
112058,2012-09-06,0.44510721244568213,0
112059,2012-09-06,0.35749176856576176,0
112060,2012-09-06,0.2354267842260445,0
112061,2012-09-06,0.33011992703408943,0
112062,2012-09-06,0.46898237482580596,0
112063,2012-09-06,0.4262487100988082,0
112064,2012-09-06,0.2793412483043289,0
112065,2012-09-06,0.3827983445985053,1
112066,2012-09-06,0.33174705425122253,0
112067,2012-09-06,0.2417142331717298,0
112068,2012-09-06,0.44460553856083074,0
112069,2012-09-06,0.32487259503369126,1
112070,2012-09-06,0.22361455243897035,0
112071,2012-09-06,0.22797029999831075,0
112072,2012-09-06,0.33945155909857455,0
112073,2012-09-06,0.309868210498717,1
112074,2012-09-06,0.5459163470158741,0
112075,2012-09-06,0.24417668659712596,0
112076,2012-09-06,0.2856884948411772,0
112077,2012-09-06,0.23822180214957156,0
112078,2012-09-06,0.4897507714554421,1
112079,2012-09-06,0.42141505864377804,0
112080,2012-09-06,0.18847771341190303,1
112081,2012-09-06,0.5327576065820421,0
112082,2012-09-06,0.30671945354341645,0
112083,2012-09-06,0.4509385774895962,0
112084,2012-09-06,0.427003300586732,0
112085,2012-09-06,0.30509549677904296,0
112086,2012-09-06,0.33742194353420274,0
112087,2012-09-06,0.5485228411657216,0
112088,2012-09-06,0.44057729423437886,0
112089,2012-09-06,0.4330041348600594,1
112090,2012-09-06,0.39271779899804315,1
112091,2012-09-06,0.563902315499245,1
112092,2012-09-06,0.4288724507678571,0
112093,2012-09-06,0.3066478848003612,1
112094,2012-09-06,0.10078798694921513,0
112095,2012-09-06,0.3588764441622365,0
112096,2012-09-06,0.2214572204501123,1
112097,2012-09-06,0.3446079274717008,0
112098,2012-09-06,0.4472471177151334,0
112099,2012-09-06,0.30119484276083686,0
112100,2012-09-06,0.24420122245501744,0
112101,2012-09-06,0.194661537988475,1
112102,2012-09-06,0.43709818087403496,0
112103,2012-09-06,0.14069479784306624,0
112104,2012-09-06,0.2672515945563939,0
112105,2012-09-06,0.3153940184512042,0
112106,2012-09-06,0.21179635827587076,0
112107,2012-09-06,0.3608560211673636,0
112108,2012-09-06,0.16777548963706598,0
112109,2012-09-06,0.4826286066950759,1
112110,2012-09-06,0.2969963576687889,0
112111,2012-09-06,0.30546412961283226,0
112112,2012-09-06,0.2791842714395845,0
112113,2012-09-06,0.21421284004666236,0
112114,2012-09-06,0.1531917513579886,0
112115,2012-09-06,0.42537047719069054,1
112116,2012-09-06,0.4738544307769692,0
112117,2012-09-06,0.31796207005019356,0
112118,2012-09-06,0.2601407859910848,1
112119,2012-09-06,0.3126000191666301,0
112120,2012-09-06,0.12217116622056946,0
112121,2012-09-06,0.33037526065577366,0
112122,2012-09-06,0.18259887990668877,0
112123,2012-09-06,0.2642476113115567,0
112124,2012-09-06,0.20460957879111408,0
112125,2012-09-06,0.196858394540258,0
112126,2012-09-06,0.15347926406049822,0
112127,2012-09-06,0.3436459142509098,0
112128,2012-09-06,0.5086238165348006,1
112129,2012-09-06,0.33618303208857436,0
112130,2012-09-06,0.22171703498892126,0
112131,2012-09-06,0.47485087500163164,0
112132,2012-09-06,0.41522348909805457,0
112133,2012-09-06,0.41018448965744597,0
112134,2012-09-06,0.5673939348920033,1
112135,2012-09-06,0.42478034489440586,0
112136,2012-09-06,0.20128416546653563,0
112137,2012-09-06,0.5450591358036125,0
112138,2012-09-06,0.34206082303122837,0
112139,2012-09-06,0.3746676494194381,0
112140,2012-09-06,0.12252876056204162,0
112141,2012-09-06,0.40960695466797153,0
112142,2012-09-06,0.2849393700184204,0
112143,2012-09-06,0.28471807306599584,1
112144,2012-09-06,0.5152258756024667,1
112145,2012-09-06,0.37739457889379896,1
112146,2012-09-06,0.293446458373481,0
112147,2012-09-06,0.5386451626174822,0
112148,2012-09-06,0.49079703412568015,1
112149,2012-09-06,0.24294958056812016,0
112150,2012-09-06,0.2691984284898704,0
112151,2012-09-06,0.24447133575096883,0
112152,2012-09-06,0.42316568739540045,1
112153,2012-09-06,0.2990542030048918,1
112154,2012-09-06,0.4234182855657817,1
112155,2012-09-06,0.4497899357718512,0
112156,2012-09-06,0.42626051822919897,0
112157,2012-09-06,0.36435798236904693,0
112158,2012-09-06,0.3753137031698499,0
112159,2012-09-06,0.3513484617457673,0
112160,2012-09-06,0.43184058459966007,1
112161,2012-09-06,0.262261253477194,0
112162,2012-09-06,0.44162199596352647,0
112163,2012-09-06,0.30758627767632063,1
112164,2012-09-06,0.29850006553861935,0
112165,2012-09-06,0.1900490382632282,0
112166,2012-09-06,0.3516933683178935,0
112167,2012-09-06,0.47938415174722027,1
112168,2012-09-06,0.4173899542362208,1
112169,2012-09-06,0.34413017960395453,0
112170,2012-09-06,0.15707199646611977,0
112171,2012-09-06,0.38036386732049204,0
112172,2012-09-06,0.4486000139601876,1
112173,2012-09-06,0.31245850727455887,0
112174,2012-09-06,0.29570144393648945,0
112175,2012-09-06,0.2598172311625427,0
112176,2012-09-06,0.528751359499263,0
112177,2012-09-06,0.4551168538549998,1
112178,2012-09-06,0.31098494924410075,0
112179,2012-09-06,0.6214550414913336,1
112180,2012-09-06,0.19093269173126187,0
112181,2012-09-06,0.38057738961518167,1
112182,2012-09-06,0.5414564352756607,1
112183,2012-09-06,0.414125931279212,0
112184,2012-09-06,0.6523638039194233,0
112185,2012-09-06,0.41517101055089084,0
112186,2012-09-06,0.29554276709901445,0
112187,2012-09-06,0.3963923565635467,0
112188,2012-09-06,0.3776544669993813,0
112189,2012-09-06,0.24519380978964636,0
112190,2012-09-06,0.5413711354259602,0
112191,2012-09-06,0.4040757063795684,0
112192,2012-09-06,0.24028264981549644,1
112193,2012-09-06,0.26873124292098416,0
112194,2012-09-06,0.5149912336211209,1
112195,2012-09-06,0.6698917713186268,0
112196,2012-09-06,0.2920149030992593,0
112197,2012-09-06,0.5353285781063774,1
112198,2012-09-06,0.3968816978190735,0
112199,2012-09-06,0.5992850861272246,0
112200,2012-09-06,0.3572265636496696,0
112201,2012-09-06,0.4173208220461789,0
112202,2012-09-06,0.2687720358881515,0
112203,2012-09-06,0.25099302793880907,0
112204,2012-09-06,0.3891562321508506,0
112205,2012-09-06,0.1973028103571307,0
112206,2012-09-06,0.1662385938002094,0
112207,2012-09-06,0.2706198470895372,0
112208,2012-09-06,0.6092253346533002,0
112209,2012-09-06,0.46695923074836754,0
112210,2012-09-06,0.29914658516775516,0
112211,2012-09-06,0.29928297754665995,0
112212,2012-09-06,0.25114483939666604,0
112213,2012-09-06,0.20195373398782793,0
112214,2012-09-06,0.6445436687796793,0
112215,2012-09-06,0.32753737536797556,0
112216,2012-09-06,0.2061493696081819,1
112217,2012-09-06,0.7319441318746834,0
112218,2012-09-06,0.21477241197546384,0
112219,2012-09-06,0.25950584596744736,0
112220,2012-09-06,0.4079946717602347,0
112221,2012-09-06,0.5272786955286461,0
112222,2012-09-06,0.4410635858734578,0
112223,2012-09-06,0.4624098804023908,0
112224,2012-09-06,0.29947411100562743,0
112225,2012-09-06,0.27339735979103597,0
112226,2012-09-06,0.4891348264054515,0
112227,2012-09-06,0.383062375831614,0
112228,2012-09-06,0.3704270776533675,1
112229,2012-09-06,0.5746675950284964,0
112230,2012-09-06,0.4638050100723236,1
112231,2012-09-06,0.13181164051459937,0
112232,2012-09-06,0.32860642659343375,0
112233,2012-09-06,0.339986925951302,1
112234,2012-09-06,0.30870833523427527,1
112235,2012-09-06,0.20711839780508612,1
112236,2012-09-06,0.3249129395302775,0
112237,2012-09-06,0.3461446922694331,0
112238,2012-09-06,0.3821665391879345,0
112239,2012-09-06,0.23977822472463098,0
112240,2012-09-06,0.2968512984451577,0
112241,2012-09-06,0.37780029574069535,0
112242,2012-09-06,0.44916479791484165,0
112243,2012-09-06,0.34951739644234764,0
112244,2012-09-06,0.5530421720263325,1
112245,2012-09-06,0.32213792136716346,0
112246,2012-09-06,0.3187007568702207,1
112247,2012-09-06,0.43959111346928254,0
112248,2012-09-06,0.26257714798993115,0
112249,2012-09-06,0.297904536936166,0
112250,2012-09-06,0.4499772832983402,0
112251,2012-09-06,0.4301116947211834,0
112252,2012-09-06,0.1437286312721046,0
112253,2012-09-06,0.552629975884461,0
112254,2012-09-06,0.17453600558085922,0
112255,2012-09-06,0.21386342477132717,1
112256,2012-09-06,0.47514388984797057,0
112257,2012-09-06,0.31293654302465074,1
112258,2012-09-06,0.26521302923031354,0
112259,2012-09-06,0.49947236982642335,0
112260,2012-09-06,0.23869185198682533,0
112261,2012-09-06,0.12418894747504008,0
112262,2012-09-06,0.44774970399879,0
112263,2012-09-06,0.21989208867634116,0
112264,2012-09-06,0.3271318723673235,0
112265,2012-09-06,0.257846274861549,0
112266,2012-09-06,0.25328672760628634,1
112267,2012-09-06,0.40280182954805466,0
112268,2012-09-06,0.32930153463949563,0
112269,2012-09-06,0.3985963977057452,0
112270,2012-09-06,0.5391132180200833,0
112271,2012-09-06,0.09540851409644766,0
112272,2012-09-06,0.25289252374983157,0
112273,2012-09-06,0.3398279540985571,0
112274,2012-09-06,0.4645546364742309,0
112275,2012-09-06,0.2935680347683302,0
112276,2012-09-06,0.3848123070941665,0
112277,2012-09-06,0.17563949990803887,0
112278,2012-09-06,0.2917239477324012,0
112279,2012-09-06,0.27666008093452193,0
112280,2012-09-06,0.4160163130075618,0
112281,2012-09-06,0.3814082563286777,0
112282,2012-09-06,0.4669145286653302,0
112283,2012-09-06,0.4027248781326219,0
112284,2012-09-06,0.4606015577035189,1
112285,2012-09-06,0.2904372688691893,0
112286,2012-09-06,0.3341046097621385,0
112287,2012-09-06,0.3563025569620474,0
112288,2012-09-06,0.3734112211694004,0
112289,2012-09-06,0.3354141989732068,1
112290,2012-09-06,0.3223679799220611,1
112291,2012-09-06,0.4154077085324869,0
112292,2012-09-06,0.44370002590348473,0
112293,2012-09-06,0.33978550472081004,0
112294,2012-09-06,0.5027666526142448,0
112295,2012-09-06,0.3812553964640334,1
112296,2012-09-06,0.22370334593282676,0
112297,2012-09-06,0.21497360144566915,0
112298,2012-09-06,0.3704107754500217,0
112299,2012-09-06,0.32461734282875265,1
112300,2012-09-06,0.22810667831109577,0
112301,2012-09-06,0.37200061283337227,1
112302,2012-09-06,0.4279351018541979,1
112303,2012-09-06,0.4974246643968009,1
112304,2012-09-06,0.3105472767555005,1
112305,2012-09-06,0.17320855948148528,0
112306,2012-09-06,0.3149088830008201,0
112307,2012-09-06,0.2628384709857122,1
112308,2012-09-06,0.28332557668206826,0
112309,2012-09-06,0.5234247578521288,0
112310,2012-09-06,0.3401326120748676,1
112311,2012-09-06,0.44497339116798124,1
112312,2012-09-06,0.2608575024817205,0
112313,2012-09-06,0.3356037625992309,0
112314,2012-09-06,0.2565797001517046,0
112315,2012-09-06,0.3378640661371079,0
112316,2012-09-06,0.284877796669502,0
112317,2012-09-06,0.23728221852259798,0
112318,2012-09-06,0.20490805408669108,0
112319,2012-09-06,0.3097217986777295,0
112320,2012-09-06,0.1723672664202929,0
112321,2012-09-06,0.31575321933134703,0
112322,2012-09-06,0.3180639859889739,0
112323,2012-09-06,0.14369759169868868,0
112324,2012-09-06,0.33285485518614494,0
112325,2012-09-06,0.33253112527653134,0
112326,2012-09-06,0.4533769248157091,0
112327,2012-09-06,0.15540643950313945,0
112328,2012-09-06,0.19647255735205454,1
112329,2012-09-06,0.2791423740144183,0
112330,2012-09-06,0.27137269122324714,0
112331,2012-09-06,0.22339183715477542,1
112332,2012-09-06,0.06052233221447276,0
112333,2012-09-06,0.6472977502269806,1
112334,2012-09-06,0.6435465961036424,1
112335,2012-09-06,0.38011789955972525,1
112336,2012-09-06,0.22398481929861327,0
112337,2012-09-06,0.3093256009374692,0
112338,2012-09-06,0.4416585576814237,0
112339,2012-09-06,0.19743588601575293,0
112340,2012-09-06,0.2463281459020918,0
112341,2012-09-06,0.38866814312439885,0
112342,2012-09-06,0.5786656537456086,0
112343,2012-09-06,0.5741711032664816,1
112344,2012-09-06,0.3693484784491461,0
112345,2012-09-06,0.35363587088831316,0
112346,2012-09-06,0.2608899225159535,1
112347,2012-09-06,0.49306943698819444,1
112348,2012-09-06,0.3420852977978765,0
112349,2012-09-06,0.48249010872443443,1
112350,2012-09-06,0.5725891584104703,1
112351,2012-09-06,0.19206085721269744,0
112352,2012-09-06,0.2796748776799966,0
112353,2012-09-06,0.310139297017479,0
112354,2012-09-06,0.3745434735430538,0
112355,2012-09-06,0.42334013971829976,0
112356,2012-09-06,0.3645462125629461,1
112357,2012-09-06,0.6262934153758852,0
112358,2012-09-06,0.3460395571852264,1
112359,2012-09-06,0.44815724294459025,0
112360,2012-09-06,0.40088343686658195,0
112361,2012-09-06,0.2522224501643975,0
112362,2012-09-06,0.39019247026381476,0
112363,2012-09-06,0.4390818719887258,1
112364,2012-09-06,0.40190706771978824,0
112365,2012-09-06,0.18072157259358962,0
112366,2012-09-06,0.1839749551466238,0
112367,2012-09-06,0.48678053462720594,0
112368,2012-09-06,0.4300881773323684,0
112369,2012-09-06,0.30068187325242607,1
112370,2012-09-06,0.28690534643575705,0
112371,2012-09-06,0.43192735592764353,0
112372,2012-09-06,0.21617513444901287,0
112373,2012-09-06,0.2148884353965404,0
112374,2012-09-06,0.5128980803596153,0
112375,2012-09-06,0.3841549972660064,1
112376,2012-09-06,0.37405936978842824,0
112377,2012-09-06,0.28735516303293923,0
112378,2012-09-06,0.41462195453767814,1
112379,2012-09-06,0.17181874566633798,0
112380,2012-09-06,0.25589210203077356,0
112381,2012-09-06,0.3782710768150894,1
112382,2012-09-06,0.3971864625658899,0
112383,2012-09-06,0.2587902305833329,0
112384,2012-09-06,0.3370855686589993,0
112385,2012-09-06,0.14462025336554396,0
112386,2012-09-06,0.5330666461704342,0
112387,2012-09-06,0.3210086539221469,0
112388,2012-09-06,0.33010575068113895,0
112389,2012-09-06,0.31727816755287286,0
112390,2012-09-06,0.2989814318161869,0
112391,2012-09-06,0.27983885451661844,0
112392,2012-09-06,0.4942552285025314,0
112393,2012-09-06,0.08178381531098075,0
112394,2012-09-06,0.3891998390657106,0
112395,2012-09-06,0.26365772653064695,1
112396,2012-09-06,0.3634365858614027,0
112397,2012-09-06,0.2558611235370341,0
112398,2012-09-06,0.3011463102738948,0
112399,2012-09-06,0.4436824144261254,0
112400,2012-09-06,0.2943508321280391,0
112401,2012-09-06,0.2890111286842315,0
112402,2012-09-06,0.35210924739285876,0
112403,2012-09-06,0.5420889890904064,0
112404,2012-09-06,0.5052962802690846,0
112405,2012-09-07,0.44965462341484713,1
112406,2012-09-07,0.42718594592277676,0
112407,2012-09-07,0.3643084434075112,1
112408,2012-09-07,0.38834619562958517,0
112409,2012-09-07,0.36525336989225005,0
112410,2012-09-07,0.24141953909260686,0
112411,2012-09-07,0.5884103174877373,0
112412,2012-09-07,0.11862449368362118,0
112413,2012-09-07,0.33166438663845316,0
112414,2012-09-07,0.19982686128780036,0
112415,2012-09-07,0.4395630168534403,0
112416,2012-09-07,0.3952865446618673,1
112417,2012-09-07,0.24839044138554545,0
112418,2012-09-07,0.49584735190600754,1
112419,2012-09-07,0.3596870015331776,0
112420,2012-09-07,0.46649923469603044,0
112421,2012-09-07,0.3561592192593787,0
112422,2012-09-07,0.26027559904629316,0
112423,2012-09-07,0.29570772139199697,0
112424,2012-09-07,0.24496751742725884,0
112425,2012-09-07,0.19362241668253752,0
112426,2012-09-07,0.3654317673781512,0
112427,2012-09-07,0.4945878634842982,0
112428,2012-09-07,0.43241874274493486,0
112429,2012-09-07,0.38904061902458564,0
112430,2012-09-07,0.30263579372979826,0
112431,2012-09-07,0.3459082425523963,0
112432,2012-09-07,0.29420498765797803,1
112433,2012-09-07,0.43000821602013484,0
112434,2012-09-07,0.560847009368672,0
112435,2012-09-07,0.5167995089969077,1
112436,2012-09-07,0.4749406784842404,0
112437,2012-09-07,0.23688727321776096,0
112438,2012-09-07,0.3646375278652843,0
112439,2012-09-07,0.14586405728576754,0
112440,2012-09-07,0.5758271395364021,0
112441,2012-09-07,0.2454624181983266,0
112442,2012-09-07,0.40278854169547684,0
112443,2012-09-07,0.4266023829803579,0
112444,2012-09-07,0.6886262769629115,1
112445,2012-09-07,0.22799402791192236,1
112446,2012-09-07,0.4001678267148277,1
112447,2012-09-07,0.5468802704614786,0
112448,2012-09-07,0.22910299901146153,0
112449,2012-09-07,0.3030104091782487,1
112450,2012-09-07,0.28385787955566,0
112451,2012-09-07,0.48096821346047647,1
112452,2012-09-07,0.2686818745367604,0
112453,2012-09-07,0.19371991302046426,0
112454,2012-09-07,0.24713488316393126,0
112455,2012-09-07,0.26505857741776856,0
112456,2012-09-07,0.30916738968096175,0
112457,2012-09-07,0.3796608323680484,0
112458,2012-09-07,0.32038659831471267,0
112459,2012-09-07,0.36514824958399783,0
112460,2012-09-07,0.21016899367400577,0
112461,2012-09-07,0.2893942737927606,0
112462,2012-09-07,0.18837018499215824,0
112463,2012-09-07,0.600714319323644,1
112464,2012-09-07,0.3776991023702408,0
112465,2012-09-07,0.23224373193873438,0
112466,2012-09-07,0.3819902886163173,1
112467,2012-09-07,0.3331296275267634,0
112468,2012-09-07,0.39627220967084753,0
112469,2012-09-07,0.3078646586528654,0
112470,2012-09-07,0.5171891606099318,0
112471,2012-09-07,0.39648583547215305,1
112472,2012-09-07,0.2580848467354167,1
112473,2012-09-07,0.6189712915321639,1
112474,2012-09-07,0.4909139780239748,1
112475,2012-09-07,0.3360011615293404,0
112476,2012-09-07,0.42071410123826225,1
112477,2012-09-07,0.3012503001961236,0
112478,2012-09-07,0.27592575704679567,0
112479,2012-09-07,0.3529778667902261,1
112480,2012-09-07,0.2741592095974423,0
112481,2012-09-07,0.5612824923341406,1
112482,2012-09-07,0.36806725862833345,0
112483,2012-09-07,0.2973069525372396,0
112484,2012-09-07,0.23831558218780416,0
112485,2012-09-07,0.11915005347503084,0
112486,2012-09-07,0.418443723299858,0
112487,2012-09-07,0.4027675153549285,1
112488,2012-09-07,0.35873271199251777,1
112489,2012-09-07,0.560363784943121,0
112490,2012-09-07,0.37884252789231193,1
112491,2012-09-07,0.28833152824824426,0
112492,2012-09-07,0.41729355835926485,0
112493,2012-09-07,0.42117621632974245,0
112494,2012-09-07,0.27752637602361285,0
112495,2012-09-07,0.4869293193459024,0
112496,2012-09-07,0.295101179511727,0
112497,2012-09-07,0.31943328227824275,1
112498,2012-09-07,0.2164451482393826,0
112499,2012-09-07,0.2374670661475681,0
112500,2012-09-07,0.31984004829251134,0
112501,2012-09-07,0.2862668258223339,0
112502,2012-09-07,0.1636794774391589,0
112503,2012-09-07,0.20432719560552873,0
112504,2012-09-07,0.5092429762236585,0
112505,2012-09-07,0.39797469733364976,0
112506,2012-09-07,0.15213332565471346,0
112507,2012-09-07,0.1736651666368968,0
112508,2012-09-07,0.20242322310313168,0
112509,2012-09-07,0.31477897986838493,0
112510,2012-09-07,0.3520093734353664,0
112511,2012-09-07,0.33217454406344543,0
112512,2012-09-07,0.710175692933037,1
112513,2012-09-07,0.5165402698546491,0
112514,2012-09-07,0.3861585775872647,1
112515,2012-09-07,0.2924860927802142,0
112516,2012-09-07,0.396712373158047,0
112517,2012-09-07,0.3816370419004474,0
112518,2012-09-07,0.2524836107717762,0
112519,2012-09-07,0.43826953104267985,0
112520,2012-09-07,0.3373814856666505,1
112521,2012-09-07,0.5151146564415395,1
112522,2012-09-07,0.1784168654133992,0
112523,2012-09-07,0.4663914584197306,1
112524,2012-09-07,0.41659708618492325,0
112525,2012-09-07,0.14584552990110763,0
112526,2012-09-07,0.17979193640759378,0
112527,2012-09-07,0.22257964620704693,0
112528,2012-09-07,0.3027362491436544,0
112529,2012-09-07,0.378433157218757,0
112530,2012-09-07,0.18276962285871437,0
112531,2012-09-07,0.43790183793933873,1
112532,2012-09-07,0.47458315424590686,0
112533,2012-09-07,0.5854360486606718,0
112534,2012-09-07,0.5031781039076296,1
112535,2012-09-07,0.30400670893662707,0
112536,2012-09-07,0.5306263691265348,0
112537,2012-09-07,0.3698698651141169,1
112538,2012-09-07,0.4770868287660783,0
112539,2012-09-07,0.15002430954465182,0
112540,2012-09-07,0.40025854369621094,0
112541,2012-09-07,0.2224016243234947,0
112542,2012-09-07,0.3387405149740539,1
112543,2012-09-07,0.31408592784197936,0
112544,2012-09-07,0.3600774962743817,1
112545,2012-09-07,0.3787439454264876,1
112546,2012-09-07,0.30677072381270454,0
112547,2012-09-07,0.21525213260381573,0
112548,2012-09-07,0.28297379720131516,0
112549,2012-09-07,0.176238824142921,0
112550,2012-09-07,0.4533906854337773,1
112551,2012-09-07,0.4061279425374974,0
112552,2012-09-07,0.2917347711448313,0
112553,2012-09-07,0.3988995994601893,0
112554,2012-09-07,0.1925976551817461,0
112555,2012-09-07,0.25969658165770254,0
112556,2012-09-07,0.32422204067991844,0
112557,2012-09-07,0.2562497780487682,0
112558,2012-09-07,0.5549271830083415,0
112559,2012-09-07,0.19790567043724897,0
112560,2012-09-07,0.31770527592417636,0
112561,2012-09-07,0.4668416569859947,0
112562,2012-09-07,0.4246514328475507,0
112563,2012-09-07,0.6063815963006512,0
112564,2012-09-07,0.366173749282924,0
112565,2012-09-07,0.2856884423867279,0
112566,2012-09-07,0.24822673241846063,0
112567,2012-09-07,0.5138885093431944,1
112568,2012-09-07,0.41478460660993677,0
112569,2012-09-07,0.40046338912503515,0
112570,2012-09-07,0.5806195903448153,0
112571,2012-09-07,0.37170697926964164,1
112572,2012-09-07,0.4102175355687839,1
112573,2012-09-07,0.2481069994772994,1
112574,2012-09-07,0.29664044383677673,0
112575,2012-09-07,0.4944312070790837,0
112576,2012-09-07,0.31786432660558034,1
112577,2012-09-07,0.6180144795104735,0
112578,2012-09-07,0.4375939352491089,0
112579,2012-09-07,0.4592833048891982,0
112580,2012-09-07,0.3428052455376927,0
112581,2012-09-07,0.253519185625564,0
112582,2012-09-07,0.22096880833738747,0
112583,2012-09-07,0.3334089022389102,0
112584,2012-09-07,0.6201542503966998,1
112585,2012-09-07,0.13609559945654043,0
112586,2012-09-07,0.35349195536921535,0
112587,2012-09-07,0.6011915573370658,0
112588,2012-09-07,0.3907061269839474,0
112589,2012-09-07,0.4768807614473771,1
112590,2012-09-07,0.28490173168948796,0
112591,2012-09-07,0.3830112045913192,0
112592,2012-09-07,0.29171856734836293,1
112593,2012-09-07,0.3030196327842974,1
112594,2012-09-07,0.5034648602073665,0
112595,2012-09-07,0.30558195107723024,1
112596,2012-09-07,0.2709856102294006,0
112597,2012-09-07,0.332596957987241,0
112598,2012-09-07,0.46786904971768434,1
112599,2012-09-07,0.4444389079391219,0
112600,2012-09-07,0.30733021357653845,0
112601,2012-09-07,0.27614746262662015,0
112602,2012-09-07,0.24788690162004814,1
112603,2012-09-07,0.2650377244001557,0
112604,2012-09-07,0.19300940076604509,0
112605,2012-09-07,0.3976908981201895,1
112606,2012-09-07,0.42203560542705054,1
112607,2012-09-07,0.285472682480809,0
112608,2012-09-07,0.39693727832748493,0
112609,2012-09-07,0.28310727709360994,0
112610,2012-09-07,0.33327985683859324,0
112611,2012-09-07,0.4095904787822734,0
112612,2012-09-07,0.35410794737961737,0
112613,2012-09-07,0.4261863793085467,1
112614,2012-09-07,0.22591257926326053,0
112615,2012-09-07,0.33177542657010883,0
112616,2012-09-07,0.2908276185047731,0
112617,2012-09-07,0.6700672402661368,1
112618,2012-09-07,0.4346299793102847,0
112619,2012-09-07,0.137950899141866,0
112620,2012-09-07,0.1801204724063223,0
112621,2012-09-07,0.4382656108997633,0
112622,2012-09-07,0.3577608926076295,0
112623,2012-09-07,0.5565011261480719,0
112624,2012-09-07,0.2026377728299995,0
112625,2012-09-07,0.4385680044990481,0
112626,2012-09-07,0.2986812617518168,0
112627,2012-09-07,0.47295865303752094,0
112628,2012-09-07,0.40562863309192937,1
112629,2012-09-07,0.34291825288582417,0
112630,2012-09-07,0.3036833459181897,1
112631,2012-09-07,0.34488113428211664,1
112632,2012-09-07,0.3169480411640191,0
112633,2012-09-07,0.322681372237414,0
112634,2012-09-07,0.23863708571591213,0
112635,2012-09-07,0.37707437979390374,0
112636,2012-09-07,0.6682396380563705,1
112637,2012-09-07,0.4121210640352094,0
112638,2012-09-07,0.27879936212776324,1
112639,2012-09-07,0.43537783597544966,0
112640,2012-09-07,0.18633281315788458,0
112641,2012-09-07,0.2367646546003866,0
112642,2012-09-07,0.26345821631837935,0
112643,2012-09-07,0.40930009110279203,0
112644,2012-09-07,0.37137738465177955,0
112645,2012-09-07,0.3869228755947625,0
112646,2012-09-07,0.2650121602888184,0
112647,2012-09-07,0.3510138443999772,0
112648,2012-09-07,0.3761573300743738,0
112649,2012-09-07,0.5623036449617644,0
112650,2012-09-07,0.30430277213639667,1
112651,2012-09-07,0.46287167530635465,1
112652,2012-09-07,0.36319552592362625,1
112653,2012-09-07,0.40717500785481753,0
112654,2012-09-07,0.43075378354806115,0
112655,2012-09-07,0.28751565323064143,0
112656,2012-09-07,0.4432293916814198,0
112657,2012-09-07,0.12420913427835928,0
112658,2012-09-07,0.5961413086845636,1
112659,2012-09-07,0.36728056886078503,1
112660,2012-09-07,0.4098631394915001,0
112661,2012-09-07,0.28229886799508125,0
112662,2012-09-07,0.35398679153135826,0
112663,2012-09-07,0.38637715444631887,1
112664,2012-09-07,0.361217947977983,0
112665,2012-09-07,0.4423160707980956,1
112666,2012-09-07,0.5309866512664586,0
112667,2012-09-07,0.35161906964761575,0
112668,2012-09-07,0.4934317258803815,0
112669,2012-09-07,0.3997845872623931,0
112670,2012-09-07,0.27466217999313064,0
112671,2012-09-07,0.375772747290535,0
112672,2012-09-07,0.4093478509755009,0
112673,2012-09-07,0.11853017982973163,0
112674,2012-09-07,0.4031262929504585,0
112675,2012-09-07,0.34766573772892195,0
112676,2012-09-07,0.21167027509296127,0
112677,2012-09-07,0.4307454403457858,0
112678,2012-09-07,0.16843147809169798,0
112679,2012-09-07,0.3711014073756755,0
112680,2012-09-07,0.35536980261322954,1
112681,2012-09-07,0.363397443824048,0
112682,2012-09-07,0.4173325743510587,0
112683,2012-09-07,0.3558862748885941,0
112684,2012-09-07,0.26092226547980774,0
112685,2012-09-07,0.3356393178894162,0
112686,2012-09-07,0.46962463091579787,0
112687,2012-09-07,0.46115862522764395,0
112688,2012-09-07,0.2732343299268675,1
112689,2012-09-07,0.26826126007194695,0
112690,2012-09-07,0.3687382865978332,1
112691,2012-09-07,0.3054732514014549,0
112692,2012-09-07,0.3512209949073031,1
112693,2012-09-07,0.3778160171763233,1
112694,2012-09-07,0.616459357826965,1
112695,2012-09-07,0.21264621412737011,0
112696,2012-09-07,0.34440170534158066,1
112697,2012-09-07,0.41832436994047173,0
112698,2012-09-07,0.21890168317938324,0
112699,2012-09-07,0.3998732583887717,1
112700,2012-09-07,0.39259368942178247,0
112701,2012-09-07,0.20092977940801698,0
112702,2012-09-07,0.306090459292083,0
112703,2012-09-07,0.23955398038067205,0
112704,2012-09-07,0.4479362498167537,0
112705,2012-09-07,0.3592298362676934,0
112706,2012-09-07,0.18879427407415905,0
112707,2012-09-07,0.2186066734519567,0
112708,2012-09-07,0.3348589212417395,0
112709,2012-09-07,0.14151050156069697,1
112710,2012-09-07,0.24630580579479872,0
112711,2012-09-07,0.3740740831906719,0
112712,2012-09-07,0.29826692710568303,0
112713,2012-09-07,0.3846152149385881,0
112714,2012-09-07,0.43528457686902133,0
112715,2012-09-07,0.376983020811864,0
112716,2012-09-07,0.4158571945441547,0
112717,2012-09-07,0.24367171459525463,1
112718,2012-09-07,0.31141615759906577,1
112719,2012-09-07,0.4118538043206338,0
112720,2012-09-07,0.533362126001378,1
112721,2012-09-07,0.34128190754054993,0
112722,2012-09-07,0.39555841493296817,1
112723,2012-09-07,0.3163361648362777,0
112724,2012-09-07,0.6641663888777425,0
112725,2012-09-07,0.22703358951150082,0
112726,2012-09-07,0.34753622646795723,1
112727,2012-09-07,0.4219461782262815,0
112728,2012-09-07,0.32831551434788253,0
112729,2012-09-07,0.37533722728814295,1
112730,2012-09-07,0.33019904762228436,0
112731,2012-09-07,0.23437019437731646,1
112732,2012-09-07,0.2822109111444224,0
112733,2012-09-07,0.33835782267011993,0
112734,2012-09-07,0.35371549774747524,0
112735,2012-09-07,0.14379340907610255,0
112736,2012-09-07,0.28196407617439706,0
112737,2012-09-07,0.31653650241744863,0
112738,2012-09-07,0.38970420906724074,0
112739,2012-09-07,0.2561359346113071,0
112740,2012-09-07,0.5946136097522722,0
112741,2012-09-07,0.31864463060806747,0
112742,2012-09-07,0.16111035353565667,0
112743,2012-09-07,0.3787029407473898,1
112744,2012-09-07,0.5065957245518166,1
112745,2012-09-07,0.2544406652323101,0
112746,2012-09-07,0.4882924050341213,0
112747,2012-09-07,0.3476695537783254,1
112748,2012-09-07,0.43149126314426145,1
112749,2012-09-07,0.27910360690778035,0
112750,2012-09-07,0.39507237771524517,0
112751,2012-09-07,0.47439938360653733,1
112752,2012-09-07,0.38610673306209564,0
112753,2012-09-07,0.3689703471515989,0
112754,2012-09-07,0.4427198147512377,0
112755,2012-09-07,0.3226534927821976,0
112756,2012-09-07,0.29896430737883606,0
112757,2012-09-07,0.5065380313496878,0
112758,2012-09-07,0.33512948105758195,1
112759,2012-09-07,0.2557681927438056,0
112760,2012-09-07,0.20133115116758088,0
112761,2012-09-07,0.3703232440310895,0
112762,2012-09-07,0.5630586945476762,0
112763,2012-09-07,0.5065028363008273,1
112764,2012-09-07,0.3114979945640829,0
112765,2012-09-07,0.4241747561565637,1
112766,2012-09-07,0.6201707562294034,0
112767,2012-09-07,0.3554392707061694,0
112768,2012-09-07,0.4639990007252555,1
112769,2012-09-07,0.1945111872081066,0
112770,2012-09-07,0.5313362865877088,1
112771,2012-09-07,0.46011434219968206,0
112772,2012-09-07,0.3182272458555747,0
112773,2012-09-07,0.3973778780236828,1
112774,2012-09-07,0.48407085194482563,1
112775,2012-09-07,0.3320401432189655,0
112776,2012-09-07,0.21639533535032404,0
112777,2012-09-07,0.4257586807028973,1
112778,2012-09-07,0.4407725132243445,1
112779,2012-09-07,0.3702754935710545,0
112780,2012-09-07,0.45949145051345974,0
112781,2012-09-07,0.29112204875623954,0
112782,2012-09-07,0.32121840267092316,0
112783,2012-09-07,0.37433050014038205,1
112784,2012-09-07,0.30717047631592975,1
112785,2012-09-07,0.4205073912113771,0
112786,2012-09-07,0.5105059931024114,1
112787,2012-09-07,0.5665134312176942,0
112788,2012-09-07,0.3679579229889878,1
112789,2012-09-08,0.6168147506565934,1
112790,2012-09-08,0.3622941815819822,0
112791,2012-09-08,0.2629170994960033,0
112792,2012-09-08,0.2643988024042029,0
112793,2012-09-08,0.4669225313998694,0
112794,2012-09-08,0.23900054727738462,0
112795,2012-09-08,0.20435769525469985,0
112796,2012-09-08,0.25616775279062187,0
112797,2012-09-08,0.4555299949439629,1
112798,2012-09-08,0.334352957765746,0
112799,2012-09-08,0.29843936448033,1
112800,2012-09-08,0.2024860263183511,0
112801,2012-09-08,0.30667527073442136,0
112802,2012-09-08,0.32471538897935454,0
112803,2012-09-08,0.26216227911138495,0
112804,2012-09-08,0.35685725811813923,0
112805,2012-09-08,0.22103186663483135,1
112806,2012-09-08,0.42266468402777263,0
112807,2012-09-08,0.5875778681951179,0
112808,2012-09-08,0.40005529046378135,0
112809,2012-09-08,0.3233076684246422,0
112810,2012-09-08,0.2286211630378297,0
112811,2012-09-08,0.3768612087216136,0
112812,2012-09-08,0.3196256013260471,0
112813,2012-09-08,0.36260074191673414,1
112814,2012-09-08,0.4047346472896216,0
112815,2012-09-08,0.32118642919758755,0
112816,2012-09-08,0.24104949712457002,1
112817,2012-09-08,0.46131868455160835,0
112818,2012-09-08,0.4375623228861816,1
112819,2012-09-08,0.19784566207401522,0
112820,2012-09-08,0.35371820984767793,0
112821,2012-09-08,0.480137486522038,0
112822,2012-09-08,0.4216194037780671,0
112823,2012-09-08,0.3758615862218939,1
112824,2012-09-08,0.6566316164243363,1
112825,2012-09-08,0.43138254090004113,1
112826,2012-09-08,0.3817895216539639,0
112827,2012-09-08,0.4548298257566586,1
112828,2012-09-08,0.3277038944124854,1
112829,2012-09-08,0.5212576760702319,1
112830,2012-09-08,0.47440917185779047,1
112831,2012-09-08,0.4496570655243505,1
112832,2012-09-08,0.42463028996481517,1
112833,2012-09-08,0.5451762709420487,0
112834,2012-09-08,0.3843466673233347,0
112835,2012-09-08,0.22579481337063176,0
112836,2012-09-08,0.5648323314182342,1
112837,2012-09-08,0.37496367230064354,0
112838,2012-09-08,0.48875806617694534,0
112839,2012-09-08,0.36469073121581735,0
112840,2012-09-08,0.24249920559769805,0
112841,2012-09-08,0.15463128509938615,0
112842,2012-09-08,0.48689997473517477,0
112843,2012-09-08,0.3834058595936228,0
112844,2012-09-08,0.384504272433724,0
112845,2012-09-08,0.4199289878572044,0
112846,2012-09-08,0.48135273278803115,1
112847,2012-09-08,0.29856380018729906,0
112848,2012-09-08,0.3266473294976663,0
112849,2012-09-08,0.41537243787871864,0
112850,2012-09-08,0.1986431762459342,0
112851,2012-09-08,0.39276194210452814,1
112852,2012-09-08,0.31538653574472225,0
112853,2012-09-08,0.444796192283313,0
112854,2012-09-08,0.2300807063571706,0
112855,2012-09-08,0.28971596384684417,1
112856,2012-09-08,0.32265051159862523,0
112857,2012-09-08,0.3651747602263456,0
112858,2012-09-08,0.685072417070434,1
112859,2012-09-08,0.22984532902556593,0
112860,2012-09-08,0.6218801203791269,1
112861,2012-09-08,0.4388453455223214,0
112862,2012-09-08,0.32098326489115847,0
112863,2012-09-08,0.3076115208151183,1
112864,2012-09-08,0.23638742552627334,0
112865,2012-09-08,0.39327527616856234,0
112866,2012-09-08,0.34699129319844124,0
112867,2012-09-08,0.2173177084201118,0
112868,2012-09-08,0.39957227775318627,0
112869,2012-09-08,0.2698863670579856,1
112870,2012-09-08,0.47558156942797675,0
112871,2012-09-08,0.30528248717309875,0
112872,2012-09-08,0.35372260942222833,1
112873,2012-09-08,0.406288019899734,0
112874,2012-09-08,0.4957843700603344,1
112875,2012-09-08,0.4062065848576646,0
112876,2012-09-08,0.31397729315612566,1
112877,2012-09-08,0.39054767636385634,0
112878,2012-09-08,0.388622506271287,1
112879,2012-09-08,0.3083082489695851,0
112880,2012-09-08,0.40580324532884865,0
112881,2012-09-08,0.631054366428452,1
112882,2012-09-08,0.16639539188395433,0
112883,2012-09-08,0.452319756354571,1
112884,2012-09-08,0.4921035119130502,1
112885,2012-09-08,0.33671603788908255,1
112886,2012-09-08,0.35886083427688303,0
112887,2012-09-08,0.3475042644256366,0
112888,2012-09-08,0.4959144044961739,0
112889,2012-09-08,0.4089626074067766,0
112890,2012-09-08,0.5041778300662572,1
112891,2012-09-08,0.4074196574252783,0
112892,2012-09-08,0.3170904769480616,1
112893,2012-09-08,0.12939657717819517,0
112894,2012-09-08,0.31401371425966884,0
112895,2012-09-08,0.41353838317194247,1
112896,2012-09-08,0.43056945060330265,1
112897,2012-09-08,0.405384118581914,1
112898,2012-09-08,0.09450788685102492,0
112899,2012-09-08,0.08812693246189335,0
112900,2012-09-08,0.3863980987187366,0
112901,2012-09-08,0.2828164862630503,0
112902,2012-09-08,0.3561637052961141,0
112903,2012-09-08,0.23126441109514756,0
112904,2012-09-08,0.4949389384788098,0
112905,2012-09-08,0.15407779683989972,0
112906,2012-09-08,0.399940437080005,0
112907,2012-09-08,0.21019665882459518,0
112908,2012-09-08,0.22016559607376995,1
112909,2012-09-08,0.2834031829807557,0
112910,2012-09-08,0.27234220201975934,0
112911,2012-09-08,0.21671590844453353,1
112912,2012-09-08,0.25295533166554196,0
112913,2012-09-08,0.6462636244877403,1
112914,2012-09-08,0.38116554742386805,0
112915,2012-09-08,0.4809627339933022,1
112916,2012-09-08,0.17569184966112797,0
112917,2012-09-08,0.25136433870217234,0
112918,2012-09-08,0.35335628238755473,0
112919,2012-09-08,0.40841484502492137,1
112920,2012-09-08,0.34989215325428175,0
112921,2012-09-08,0.3355335461559654,0
112922,2012-09-08,0.5844440644187894,0
112923,2012-09-08,0.37877741637630846,1
112924,2012-09-08,0.17162895797052455,0
112925,2012-09-08,0.5385465322407519,1
112926,2012-09-08,0.4220302540641861,0
112927,2012-09-08,0.3700187210208297,0
112928,2012-09-08,0.3389869330168044,0
112929,2012-09-08,0.35662248872595004,0
112930,2012-09-08,0.40110608433266354,0
112931,2012-09-08,0.39671910340179384,0
112932,2012-09-08,0.2800327781693634,0
112933,2012-09-08,0.32208008805239746,0
112934,2012-09-08,0.3948096418127136,0
112935,2012-09-08,0.11602539210792953,0
112936,2012-09-08,0.3689195196654144,0
112937,2012-09-08,0.5677602558178687,0
112938,2012-09-08,0.3401149265011747,0
112939,2012-09-08,0.3944776364464373,1
112940,2012-09-08,0.3468091553412146,0
112941,2012-09-08,0.26931625718575086,0
112942,2012-09-08,0.3085651816006673,0
112943,2012-09-08,0.2887902465656077,0
112944,2012-09-08,0.35052759576808207,0
112945,2012-09-08,0.2966945235637065,0
112946,2012-09-08,0.35487704755518995,1
112947,2012-09-08,0.38566908615024836,0
112948,2012-09-08,0.4375046605124007,0
112949,2012-09-08,0.2451745551803021,0
112950,2012-09-08,0.33218783691175396,0
112951,2012-09-08,0.4210328957497393,1
112952,2012-09-08,0.34246024005060793,0
112953,2012-09-08,0.4028164543663937,0
112954,2012-09-08,0.20598490480371495,0
112955,2012-09-08,0.1867103583735045,0
112956,2012-09-08,0.3045412620835295,1
112957,2012-09-08,0.21357285991527128,0
112958,2012-09-08,0.32250242032593984,0
112959,2012-09-08,0.2967846528507095,0
112960,2012-09-08,0.4520734131415267,0
112961,2012-09-08,0.2665590839321131,0
112962,2012-09-08,0.24429099279669841,0
112963,2012-09-08,0.4636289201272627,1
112964,2012-09-08,0.48692902772629654,0
112965,2012-09-08,0.22493624603562806,1
112966,2012-09-08,0.31117142270050285,0
112967,2012-09-08,0.3677264793290384,1
112968,2012-09-08,0.17174722597410963,0
112969,2012-09-08,0.2534252457641297,0
112970,2012-09-08,0.44423123101202205,0
112971,2012-09-08,0.40130132337561614,1
112972,2012-09-08,0.3091784425162769,1
112973,2012-09-08,0.46691875566109287,0
112974,2012-09-08,0.4639160690346813,1
112975,2012-09-08,0.12076620393745482,0
112976,2012-09-08,0.26356774186512855,1
112977,2012-09-08,0.27451392318269796,0
112978,2012-09-08,0.3380400780184332,0
112979,2012-09-08,0.2833677952826138,0
112980,2012-09-08,0.2133748415066108,0
112981,2012-09-08,0.3422183872977187,1
112982,2012-09-08,0.6781535012566822,0
112983,2012-09-08,0.1410169014765826,1
112984,2012-09-08,0.4138073119890443,1
112985,2012-09-08,0.43955859881883413,0
112986,2012-09-08,0.3242349978757323,0
112987,2012-09-08,0.3512139650040074,0
112988,2012-09-08,0.24182441059111545,0
112989,2012-09-08,0.4988093738529935,1
112990,2012-09-08,0.3426554445508156,0
112991,2012-09-08,0.25725332396285044,0
112992,2012-09-08,0.34938327320614937,0
112993,2012-09-08,0.4128360148233813,0
112994,2012-09-08,0.3524995943799545,0
112995,2012-09-08,0.15274161679726728,0
112996,2012-09-08,0.17295093977060752,1
112997,2012-09-08,0.3436729055123035,1
112998,2012-09-08,0.2354736613492733,0
112999,2012-09-08,0.17559089939007183,0
113000,2012-09-08,0.3337954692766869,0
113001,2012-09-08,0.3361191790084747,1
113002,2012-09-08,0.521524016792964,0
113003,2012-09-08,0.2633137728949092,1
113004,2012-09-08,0.43187569654936786,0
113005,2012-09-08,0.45266374665864384,0
113006,2012-09-08,0.6004554915806253,1
113007,2012-09-08,0.3373788035858397,1
113008,2012-09-08,0.4987962879777212,0
113009,2012-09-08,0.5244989552650375,0
113010,2012-09-08,0.34047122457171836,0
113011,2012-09-08,0.32622762628992114,0
113012,2012-09-08,0.29892719155389025,0
113013,2012-09-08,0.1056405972389147,0
113014,2012-09-08,0.3764270610623381,0
113015,2012-09-08,0.20796942382405006,0
113016,2012-09-08,0.2746806364079143,0
113017,2012-09-08,0.5031314191258364,0
113018,2012-09-08,0.12081476993722903,0
113019,2012-09-08,0.4726223768493973,1
113020,2012-09-08,0.48506248825373605,1
113021,2012-09-08,0.25285960827349,0
113022,2012-09-08,0.5265069875836687,0
113023,2012-09-08,0.40466820678029675,0
113024,2012-09-08,0.40154314467889785,0
113025,2012-09-08,0.2567057821813484,0
113026,2012-09-08,0.3265464940864976,0
113027,2012-09-08,0.22682004187049243,0
113028,2012-09-08,0.21863905238481746,1
113029,2012-09-08,0.3260251095161669,0
113030,2012-09-08,0.25661105674786555,0
113031,2012-09-08,0.23071725018171046,0
113032,2012-09-08,0.2750263055744939,0
113033,2012-09-08,0.3934123130993752,1
113034,2012-09-08,0.36801387175787814,0
113035,2012-09-08,0.5242995822036012,1
113036,2012-09-08,0.37971527906418534,1
113037,2012-09-08,0.20883458024994123,0
113038,2012-09-08,0.17341859824449005,0
113039,2012-09-08,0.6324250761619121,1
113040,2012-09-08,0.597521488074195,1
113041,2012-09-08,0.3775006693260222,0
113042,2012-09-08,0.28733734381540404,0
113043,2012-09-08,0.33061809954109644,0
113044,2012-09-08,0.41650733916939914,0
113045,2012-09-08,0.1924473174556875,0
113046,2012-09-08,0.5767310774257155,1
113047,2012-09-08,0.3660780419150744,0
113048,2012-09-08,0.6587357174477364,1
113049,2012-09-08,0.46147952241023943,0
113050,2012-09-08,0.2657443253749937,1
113051,2012-09-08,0.22179511690143788,0
113052,2012-09-08,0.3976876864848075,1
113053,2012-09-08,0.465943764878374,0
113054,2012-09-08,0.39879600057403863,0
113055,2012-09-08,0.32117129690080126,0
113056,2012-09-08,0.21167059501407862,0
113057,2012-09-08,0.2430893850745915,0
113058,2012-09-08,0.4275231329569355,0
113059,2012-09-08,0.43601667316873904,0
113060,2012-09-08,0.28780270131565544,1
113061,2012-09-08,0.32254520454547314,1
113062,2012-09-08,0.36636738125331025,0
113063,2012-09-08,0.41830584637641827,1
113064,2012-09-08,0.1202004488761381,0
113065,2012-09-08,0.3534172345175938,1
113066,2012-09-08,0.21850497958498885,0
113067,2012-09-08,0.3358825947600711,0
113068,2012-09-08,0.37047041177129697,0
113069,2012-09-08,0.19529741747475224,0
113070,2012-09-08,0.360647896528019,1
113071,2012-09-08,0.2934965263681647,0
113072,2012-09-08,0.4265778801495727,1
113073,2012-09-08,0.2612308325688707,0
113074,2012-09-08,0.3957716751492765,1
113075,2012-09-08,0.28559486944669077,0
113076,2012-09-08,0.23485937422327965,0
113077,2012-09-08,0.36279636019867983,0
113078,2012-09-08,0.33799043562014863,0
113079,2012-09-08,0.3568695747013756,0
113080,2012-09-08,0.33150759379960976,0
113081,2012-09-08,0.3070055612197719,0
113082,2012-09-08,0.25613222604854236,0
113083,2012-09-08,0.3410985400594337,0
113084,2012-09-08,0.29728211880767635,0
113085,2012-09-08,0.3895321975600895,0
113086,2012-09-08,0.3277938352676067,0
113087,2012-09-08,0.2321717438879781,0
113088,2012-09-08,0.11602247225273626,0
113089,2012-09-08,0.1566022660662673,0
113090,2012-09-08,0.2918442381861257,0
113091,2012-09-08,0.40979164778088795,1
113092,2012-09-08,0.28031535824857373,0
113093,2012-09-08,0.1462539258243359,0
113094,2012-09-08,0.3717867994616663,0
113095,2012-09-08,0.4180854769017284,0
113096,2012-09-08,0.40110780058841516,0
113097,2012-09-08,0.17512881150227064,0
113098,2012-09-08,0.40362235984976985,1
113099,2012-09-08,0.34473597063433137,1
113100,2012-09-08,0.2362200034797438,0
113101,2012-09-08,0.20388297549797949,0
113102,2012-09-08,0.42693196780423565,0
113103,2012-09-08,0.3347281783973812,0
113104,2012-09-08,0.1871578541809897,0
113105,2012-09-08,0.24264040757914113,0
113106,2012-09-08,0.3534250623266652,1
113107,2012-09-08,0.3997139493266348,1
113108,2012-09-08,0.4674335491847175,1
113109,2012-09-08,0.31502147226084776,1
113110,2012-09-08,0.19202227022267274,0
113111,2012-09-08,0.44362085788566535,0
113112,2012-09-08,0.21811257479728013,0
113113,2012-09-08,0.375577138586866,0
113114,2012-09-08,0.25246547831284183,0
113115,2012-09-08,0.37738124465432,0
113116,2012-09-09,0.2863573644789091,0
113117,2012-09-09,0.28427543101740554,0
113118,2012-09-09,0.2593414866302659,0
113119,2012-09-09,0.2527605539878441,0
113120,2012-09-09,0.36717938054955346,0
113121,2012-09-09,0.5396051647572363,1
113122,2012-09-09,0.24846598205352075,0
113123,2012-09-09,0.1797078439429592,0
113124,2012-09-09,0.3923386476727721,1
113125,2012-09-09,0.2429685196433989,1
113126,2012-09-09,0.48744733108807153,0
113127,2012-09-09,0.3461240832937469,0
113128,2012-09-09,0.3006838015876404,0
113129,2012-09-09,0.26420194281184584,0
113130,2012-09-09,0.36067780485711237,1
113131,2012-09-09,0.12637273736726867,0
113132,2012-09-09,0.10566508423229128,0
113133,2012-09-09,0.6413272482231352,0
113134,2012-09-09,0.5357674231425388,0
113135,2012-09-09,0.3209168359791686,0
113136,2012-09-09,0.38072877744774847,0
113137,2012-09-09,0.35197362716326297,0
113138,2012-09-09,0.4048204527683879,1
113139,2012-09-09,0.46561464464212254,0
113140,2012-09-09,0.3759697187945883,0
113141,2012-09-09,0.30730794932014566,0
113142,2012-09-09,0.5674435674765199,1
113143,2012-09-09,0.2924374051238615,0
113144,2012-09-09,0.42597148001690355,1
113145,2012-09-09,0.24349143175492788,0
113146,2012-09-09,0.4648751827863436,1
113147,2012-09-09,0.5757255971125649,0
113148,2012-09-09,0.4665040526107556,0
113149,2012-09-09,0.3578646017000004,0
113150,2012-09-09,0.2835453891112055,0
113151,2012-09-09,0.269552572510196,0
113152,2012-09-09,0.29460948891815286,0
113153,2012-09-09,0.20967477223617198,0
113154,2012-09-09,0.5200891164950181,0
113155,2012-09-09,0.264447876887831,0
113156,2012-09-09,0.3384157882680437,0
113157,2012-09-09,0.2187366880727669,0
113158,2012-09-09,0.3942635437097154,0
113159,2012-09-09,0.3300323481570438,0
113160,2012-09-09,0.4356737047127663,1
113161,2012-09-09,0.20511874606296823,0
113162,2012-09-09,0.2123474191349073,0
113163,2012-09-09,0.40593440808445963,1
113164,2012-09-09,0.3278139812626389,1
113165,2012-09-09,0.34011071831410117,0
113166,2012-09-09,0.20737804372781585,0
113167,2012-09-09,0.29214389757252,1
113168,2012-09-09,0.29620182619666396,1
113169,2012-09-09,0.29539236518338813,1
113170,2012-09-09,0.15180459779655153,0
113171,2012-09-09,0.2680035109770317,0
113172,2012-09-09,0.3612779519658876,1
113173,2012-09-09,0.3943204561670493,0
113174,2012-09-09,0.24428164658255264,0
113175,2012-09-09,0.3848696493344718,1
113176,2012-09-09,0.46957207491868863,1
113177,2012-09-09,0.23139052572138977,0
113178,2012-09-09,0.314035195282846,0
113179,2012-09-09,0.29158790728243555,0
113180,2012-09-09,0.26573804783369415,1
113181,2012-09-09,0.4034857782495805,0
113182,2012-09-09,0.6835963213802588,0
113183,2012-09-09,0.2951829039852545,0
113184,2012-09-09,0.3427045538784257,0
113185,2012-09-09,0.1487324538381098,0
113186,2012-09-09,0.34065494298589855,1
113187,2012-09-09,0.23541383030252522,0
113188,2012-09-09,0.2154588400219559,0
113189,2012-09-09,0.44944817480030375,0
113190,2012-09-09,0.12685880279351228,0
113191,2012-09-09,0.4038777360213894,1
113192,2012-09-09,0.2410672281560136,0
113193,2012-09-09,0.41645719403014547,0
113194,2012-09-09,0.27126854601434314,0
113195,2012-09-09,0.29083028865405025,1
113196,2012-09-09,0.41072904697616675,0
113197,2012-09-09,0.3811568625024189,0
113198,2012-09-09,0.2245204726057325,0
113199,2012-09-09,0.20575199611158446,0
113200,2012-09-09,0.34265202648490456,1
113201,2012-09-09,0.3122636748947602,0
113202,2012-09-09,0.6995297296859763,1
113203,2012-09-09,0.3359148683373505,0
113204,2012-09-09,0.3741338443360506,0
113205,2012-09-09,0.3944635341325094,1
113206,2012-09-09,0.3099747043446234,0
113207,2012-09-09,0.4103402261662561,1
113208,2012-09-09,0.455285254416799,0
113209,2012-09-09,0.6453769915872025,1
113210,2012-09-09,0.40832447754482853,0
113211,2012-09-09,0.4265017721432693,1
113212,2012-09-09,0.31691666839763794,0
113213,2012-09-09,0.30646844323066136,0
113214,2012-09-09,0.3796039962514039,0
113215,2012-09-09,0.6534283870376779,0
113216,2012-09-09,0.5198012225979838,1
113217,2012-09-09,0.20170659683808195,0
113218,2012-09-09,0.41527302926110815,0
113219,2012-09-09,0.22612669763337884,0
113220,2012-09-09,0.2962396212845954,0
113221,2012-09-09,0.3135285861640723,0
113222,2012-09-09,0.5433691935241961,1
113223,2012-09-09,0.1569361931443689,0
113224,2012-09-09,0.41497195546895943,0
113225,2012-09-09,0.3436990881737977,1
113226,2012-09-09,0.46551401614121446,0
113227,2012-09-09,0.5340667455288751,0
113228,2012-09-09,0.4972289752514654,0
113229,2012-09-09,0.0977113633067329,0
113230,2012-09-09,0.3078890675120233,1
113231,2012-09-09,0.4343941428386958,0
113232,2012-09-09,0.3759512998624182,1
113233,2012-09-09,0.2538218941704193,0
113234,2012-09-09,0.5191352526599863,0
113235,2012-09-09,0.5348705667055403,0
113236,2012-09-09,0.5410503309878644,0
113237,2012-09-09,0.3723006044559889,0
113238,2012-09-09,0.1953020848454514,1
113239,2012-09-09,0.3038845656102084,0
113240,2012-09-09,0.4312609081752577,1
113241,2012-09-09,0.2496830942894649,0
113242,2012-09-09,0.48715599167020196,1
113243,2012-09-09,0.3839038415142653,1
113244,2012-09-09,0.541147168575496,0
113245,2012-09-09,0.558009339736048,0
113246,2012-09-09,0.5600897902509971,0
113247,2012-09-09,0.1416473393936585,0
113248,2012-09-09,0.5041653863386808,0
113249,2012-09-09,0.24457911889472653,0
113250,2012-09-09,0.1708271946191234,0
113251,2012-09-09,0.3725789565548833,1
113252,2012-09-09,0.21801894044410877,0
113253,2012-09-09,0.3321104434587727,0
113254,2012-09-09,0.5936115601514271,1
113255,2012-09-09,0.4591602088250794,0
113256,2012-09-09,0.37553014691415204,1
113257,2012-09-09,0.5143355052704296,1
113258,2012-09-09,0.22646121191186883,0
113259,2012-09-09,0.20762095131247943,1
113260,2012-09-09,0.3926063403392053,0
113261,2012-09-09,0.23418938044542237,0
113262,2012-09-09,0.45872544286218403,0
113263,2012-09-09,0.23440421873198855,0
113264,2012-09-09,0.43006830097598553,0
113265,2012-09-09,0.4995558608910866,1
113266,2012-09-09,0.36278966599989537,0
113267,2012-09-09,0.27864275714360726,0
113268,2012-09-09,0.35582662159394957,0
113269,2012-09-09,0.41558224835674135,1
113270,2012-09-09,0.6076890403772451,1
113271,2012-09-09,0.197695137596564,0
113272,2012-09-09,0.3047511101040799,0
113273,2012-09-09,0.33482788986573175,0
113274,2012-09-09,0.32344901445732427,0
113275,2012-09-09,0.5474948173452282,1
113276,2012-09-09,0.17500397693622866,0
113277,2012-09-09,0.3088310721895555,0
113278,2012-09-09,0.39449550986472026,0
113279,2012-09-09,0.23759059288123532,0
113280,2012-09-09,0.3373433461191555,0
113281,2012-09-09,0.44602296302143435,1
113282,2012-09-09,0.4554869197900193,0
113283,2012-09-09,0.2055323763074233,0
113284,2012-09-09,0.32644443054958955,0
113285,2012-09-09,0.34762963030626104,0
113286,2012-09-09,0.27241231632348384,0
113287,2012-09-09,0.21432447893176548,0
113288,2012-09-09,0.1715696937365287,0
113289,2012-09-09,0.48323686174378405,1
113290,2012-09-09,0.1894320023738162,0
113291,2012-09-09,0.12757752453756288,0
113292,2012-09-09,0.33276644065819866,0
113293,2012-09-09,0.38564601843419233,1
113294,2012-09-09,0.22427248075969053,0
113295,2012-09-09,0.3576485012729633,0
113296,2012-09-09,0.5611230742028451,0
113297,2012-09-09,0.5060952254621356,0
113298,2012-09-09,0.13464493224084872,0
113299,2012-09-09,0.3981555186765434,0
113300,2012-09-09,0.5655223843963535,0
113301,2012-09-09,0.4090009790810304,0
113302,2012-09-09,0.2979776950014852,0
113303,2012-09-09,0.43458808102393365,0
113304,2012-09-09,0.3438849577869269,0
113305,2012-09-09,0.34350874398835285,1
113306,2012-09-09,0.45788742420435474,0
113307,2012-09-09,0.3234018144928774,0
113308,2012-09-09,0.3334286598347934,0
113309,2012-09-09,0.5741533936116079,0
113310,2012-09-09,0.13795641465278263,0
113311,2012-09-09,0.2495680463535311,0
113312,2012-09-09,0.13563394603055404,0
113313,2012-09-09,0.7299667051780687,1
113314,2012-09-09,0.4453493330599448,0
113315,2012-09-09,0.5794631292535644,0
113316,2012-09-09,0.08413554095427904,0
113317,2012-09-09,0.255654832730685,0
113318,2012-09-09,0.16166971555542525,1
113319,2012-09-09,0.32621230077937946,0
113320,2012-09-09,0.24755993826289902,0
113321,2012-09-09,0.5230281856487465,0
113322,2012-09-09,0.4284637505921993,0
113323,2012-09-09,0.14264488352918725,0
113324,2012-09-09,0.37051827228036543,1
113325,2012-09-09,0.3017127905455135,0
113326,2012-09-09,0.27228239373490587,0
113327,2012-09-09,0.4852217154189162,1
113328,2012-09-09,0.3145808266949362,1
113329,2012-09-09,0.46779376890346536,0
113330,2012-09-09,0.255545332078292,0
113331,2012-09-09,0.3834959388507359,0
113332,2012-09-09,0.316556395769393,0
113333,2012-09-09,0.43581916140840105,0
113334,2012-09-09,0.3710802362571708,0
113335,2012-09-09,0.14520194239360462,0
113336,2012-09-09,0.18892469107169,0
113337,2012-09-09,0.2392867882070929,0
113338,2012-09-09,0.17137029609864673,0
113339,2012-09-09,0.47719307527440497,0
113340,2012-09-09,0.49907818392462194,1
113341,2012-09-09,0.4615193616261173,0
113342,2012-09-09,0.1991723652743399,1
113343,2012-09-09,0.536722240051119,0
113344,2012-09-09,0.41517979502998026,1
113345,2012-09-09,0.37156313768543897,0
113346,2012-09-09,0.2819763324243365,0
113347,2012-09-09,0.2689563769054331,0
113348,2012-09-09,0.33173374600449,1
113349,2012-09-09,0.44296090053301074,0
113350,2012-09-09,0.17393010874998702,0
113351,2012-09-09,0.28438734208712996,1
113352,2012-09-09,0.3038999027489447,0
113353,2012-09-09,0.4461163129964337,0
113354,2012-09-09,0.27099780631216164,0
113355,2012-09-09,0.4225074254397383,1
113356,2012-09-09,0.3914152956374051,1
113357,2012-09-09,0.3488337940096303,1
113358,2012-09-09,0.4634468716580599,0
113359,2012-09-09,0.5278748669418103,0
113360,2012-09-09,0.24381483876435575,1
113361,2012-09-09,0.48926395942511663,1
113362,2012-09-09,0.42255035118603274,0
113363,2012-09-09,0.44081743523699485,0
113364,2012-09-09,0.23352031468169812,0
113365,2012-09-09,0.43456754088712835,1
113366,2012-09-09,0.3255116580361102,0
113367,2012-09-09,0.11545380295784086,0
113368,2012-09-09,0.2646444448751787,1
113369,2012-09-09,0.36115720456127454,0
113370,2012-09-09,0.35435147315423215,0
113371,2012-09-09,0.30065429946638045,0
113372,2012-09-09,0.24071777179837217,0
113373,2012-09-09,0.44451319386864935,0
113374,2012-09-09,0.309975201955538,0
113375,2012-09-09,0.21518169926905928,1
113376,2012-09-09,0.14059444852697123,0
113377,2012-09-09,0.26595846605525103,0
113378,2012-09-09,0.4017669503649973,1
113379,2012-09-09,0.3740503596733555,0
113380,2012-09-09,0.3021591217757888,1
113381,2012-09-09,0.3163818390388646,0
113382,2012-09-09,0.15168745633564892,0
113383,2012-09-09,0.32996563325438005,0
113384,2012-09-09,0.3442611730086361,0
113385,2012-09-09,0.508728911593686,1
113386,2012-09-09,0.33274702486012075,0
113387,2012-09-09,0.22451717824666662,0
113388,2012-09-09,0.39495033028399285,1
113389,2012-09-09,0.14407566983151776,1
113390,2012-09-09,0.34133036858244453,0
113391,2012-09-09,0.23906273970698447,1
113392,2012-09-09,0.3071316552610095,0
113393,2012-09-09,0.49944745870070884,1
113394,2012-09-09,0.4651726718638655,1
113395,2012-09-09,0.3501909871727294,0
113396,2012-09-09,0.3202381974046565,0
113397,2012-09-09,0.28874065158815465,0
113398,2012-09-09,0.40551798424873586,1
113399,2012-09-09,0.3601029184061549,0
113400,2012-09-09,0.4350170004710223,0
113401,2012-09-09,0.2821855928089728,0
113402,2012-09-09,0.376550443093137,1
113403,2012-09-09,0.23551016567544772,0
113404,2012-09-09,0.23113307429372176,0
113405,2012-09-09,0.384863441068465,1
113406,2012-09-09,0.27123878392353934,0
113407,2012-09-09,0.2550049740811058,0
113408,2012-09-09,0.39793598721550977,0
113409,2012-09-09,0.1876945411674071,0
113410,2012-09-09,0.29533916229872975,0
113411,2012-09-09,0.3292486384517797,0
113412,2012-09-09,0.5503665840300839,0
113413,2012-09-09,0.23206366648704715,0
113414,2012-09-09,0.3183226067106382,0
113415,2012-09-09,0.3602106708283412,0
113416,2012-09-09,0.4825200123821193,1
113417,2012-09-09,0.33940281081035356,0
113418,2012-09-09,0.4140713956940364,1
113419,2012-09-09,0.28061037173806214,0
113420,2012-09-09,0.436783488070035,0
113421,2012-09-09,0.34141417728218004,1
113422,2012-09-09,0.2899741361067056,0
113423,2012-09-09,0.436717483031146,1
113424,2012-09-09,0.08507315272342938,0
113425,2012-09-09,0.30841069090360473,0
113426,2012-09-09,0.20961119707786524,0
113427,2012-09-09,0.3658323500078364,0
113428,2012-09-09,0.38432730444092134,0
113429,2012-09-09,0.4813393173451376,0
113430,2012-09-09,0.41205773664544865,1
113431,2012-09-09,0.222152657178127,0
113432,2012-09-09,0.28224478755325594,0
113433,2012-09-09,0.43048084847860196,0
113434,2012-09-09,0.2720860538321195,1
113435,2012-09-09,0.4283990320103461,0
113436,2012-09-09,0.5987608447585591,1
113437,2012-09-09,0.4087809494264125,1
113438,2012-09-09,0.15062575653532326,0
113439,2012-09-09,0.46191040565778724,1
113440,2012-09-09,0.3038454127611862,0
113441,2012-09-09,0.5387349776471997,0
113442,2012-09-09,0.4298983593978085,0
113443,2012-09-09,0.31018349452578436,0
113444,2012-09-09,0.5245487683031058,0
113445,2012-09-09,0.4221638884560453,1
113446,2012-09-09,0.17188214110253597,0
113447,2012-09-09,0.32759866733130955,0
113448,2012-09-09,0.3616218308041701,0
113449,2012-09-09,0.37340399400165286,0
113450,2012-09-09,0.38728600495884,0
113451,2012-09-09,0.2981621019504926,0
113452,2012-09-09,0.37884180056854516,0
113453,2012-09-09,0.4155174567278888,1
113454,2012-09-09,0.18553089394263197,0
113455,2012-09-09,0.5465818762467768,0
113456,2012-09-09,0.34130752780786905,0
113457,2012-09-09,0.5459309165182552,0
113458,2012-09-09,0.283360360849517,1
113459,2012-09-09,0.27837991460799416,0
113460,2012-09-09,0.3153928270613569,1
113461,2012-09-09,0.3391395283332714,1
113462,2012-09-09,0.7135978245731298,1
113463,2012-09-09,0.3353924095964663,0
113464,2012-09-09,0.3985997037595749,0
113465,2012-09-09,0.4103402261662561,1
113466,2012-09-09,0.1866034126837607,0
113467,2012-09-09,0.49678302532190843,1
113468,2012-09-09,0.30889885084733376,0
113469,2012-09-09,0.28049029406555703,1
113470,2012-09-09,0.2932476969632624,0
113471,2012-09-09,0.42630288005839306,0
113472,2012-09-09,0.1791714085546272,0
113473,2012-09-09,0.27500823112386935,0
113474,2012-09-09,0.378340453862953,1
113475,2012-09-09,0.44542560573357554,1
113476,2012-09-09,0.5056782950779845,1
113477,2012-09-09,0.19087421202345084,1
113478,2012-09-09,0.41157922860766055,1
113479,2012-09-09,0.43748161045527434,0
113480,2012-09-09,0.5491546767266555,0
113481,2012-09-09,0.4310406532746476,1
113482,2012-09-09,0.4634010078361121,0
113483,2012-09-09,0.3184774712875143,0
113484,2012-09-09,0.37219002625671743,0
113485,2012-09-09,0.2871350727751446,0
113486,2012-09-09,0.49444497369768553,0
113487,2012-09-09,0.2900338955895167,1
113488,2012-09-09,0.08450776801022121,0
113489,2012-09-09,0.3607365771239081,0
113490,2012-09-09,0.4668858549320736,1
113491,2012-09-09,0.24142034975287832,0
113492,2012-09-09,0.3251916090956623,0
113493,2012-09-09,0.29883619122302296,0
113494,2012-09-09,0.20634439921114514,0
113495,2012-09-09,0.13610691109479311,0
113496,2012-09-09,0.3581956038154044,0
113497,2012-09-09,0.6174100675518546,1
113498,2012-09-09,0.2394283500890903,0
113499,2012-09-09,0.5120492697854556,0
113500,2012-09-09,0.48856928230330493,0
113501,2012-09-09,0.2663996668599607,0
113502,2012-09-09,0.23423804566255227,0
113503,2012-09-09,0.4432066991785195,1
113504,2012-09-09,0.6101342139718043,1
113505,2012-09-09,0.42428262680729695,0
113506,2012-09-09,0.20284878993165734,0
113507,2012-09-09,0.3847555483024122,0
113508,2012-09-09,0.13881369179571368,0
113509,2012-09-09,0.4701824512566755,0
113510,2012-09-09,0.2573983763260591,0
113511,2012-09-09,0.4032185870226564,0
113512,2012-09-09,0.26136554464252293,0
113513,2012-09-09,0.3845209807836229,0
113514,2012-09-09,0.42974642843735816,0
113515,2012-09-09,0.5658442724447686,1
113516,2012-09-09,0.1584912078391836,0
113517,2012-09-09,0.45195558484005177,1
113518,2012-09-09,0.42706291075616404,1
113519,2012-09-09,0.46048185636371325,1
113520,2012-09-09,0.35808240807399755,0
113521,2012-09-09,0.2807814369490607,1
113522,2012-09-09,0.5746069030851557,0
113523,2012-09-09,0.3731894535561914,1
113524,2012-09-09,0.2351431094637849,0
113525,2012-09-09,0.5060392158711228,0
113526,2012-09-09,0.4483699462396754,0
113527,2012-09-09,0.255654832730685,0
113528,2012-09-09,0.4649457119208314,0
113529,2012-09-09,0.3977987560907755,0
113530,2012-09-09,0.41866463800588966,0
113531,2012-09-09,0.40176123568222144,0
113532,2012-09-09,0.1888103942350526,0
113533,2012-09-09,0.24570684991609615,1
113534,2012-09-09,0.23437021186278453,0
113535,2012-09-09,0.33379651976607494,0
113536,2012-09-09,0.31713918553209086,0
113537,2012-09-09,0.24207976612334053,0
113538,2012-09-09,0.3957750960025489,0
113539,2012-09-09,0.3612076519815777,0
113540,2012-09-09,0.3288611380375746,0
113541,2012-09-09,0.3008707222173676,1
113542,2012-09-09,0.13511960449959026,0
113543,2012-09-09,0.23805686524831135,1
113544,2012-09-09,0.38225586510562065,0
113545,2012-09-09,0.3364444091143783,0
113546,2012-09-09,0.3372574668901124,1
113547,2012-09-09,0.42190430016397307,0
113548,2012-09-09,0.3367383206226424,0
113549,2012-09-09,0.24566696822826403,0
113550,2012-09-09,0.40166115305419636,1
113551,2012-09-09,0.2956244206833667,0
113552,2012-09-09,0.3256091816533749,0
113553,2012-09-09,0.27225155789412403,0
113554,2012-09-09,0.48579120041782975,1
113555,2012-09-09,0.6085156511455461,0
113556,2012-09-09,0.5860536719177961,0
113557,2012-09-09,0.2843503282613066,1
113558,2012-09-09,0.31400515546657914,0
113559,2012-09-09,0.5440964401208852,1
113560,2012-09-09,0.11262631948449711,0
113561,2012-09-09,0.22868381099281665,0
113562,2012-09-09,0.3597622782899176,0
113563,2012-09-09,0.20949263462761286,0
113564,2012-09-09,0.25089180798734345,0
113565,2012-09-09,0.3899424268412541,0
113566,2012-09-09,0.2706884562343588,0
113567,2012-09-09,0.5264044623778079,1
113568,2012-09-09,0.35789227281700553,0
113569,2012-09-09,0.3880207244195038,0
113570,2012-09-09,0.5896448544503224,0
113571,2012-09-09,0.3499354419776405,0
113572,2012-09-09,0.5601312800160696,1
113573,2012-09-09,0.28602631751209223,0
113574,2012-09-09,0.3747260487756118,0
113575,2012-09-09,0.43961122003384273,1
113576,2012-09-09,0.18840767647407639,0
113577,2012-09-09,0.41671344886931944,0
113578,2012-09-09,0.2861054037038121,1
113579,2012-09-09,0.3041593332869839,0
113580,2012-09-09,0.5171581489551111,1
113581,2012-09-09,0.425578917182116,1
113582,2012-09-09,0.23392836744088366,1
113583,2012-09-09,0.12419598107836748,0
113584,2012-09-09,0.46432511652366387,0
113585,2012-09-09,0.3576107836261142,0
113586,2012-09-09,0.46908740005422883,0
113587,2012-09-09,0.4608134830528301,1
113588,2012-09-09,0.618721089508964,1
113589,2012-09-09,0.18244132249629993,0
113590,2012-09-09,0.28581294563651005,0
113591,2012-09-09,0.2611251797690954,1
113592,2012-09-09,0.1986035531413452,0
113593,2012-09-09,0.5100552541719121,0
113594,2012-09-09,0.40843763941046446,0
113595,2012-09-09,0.45285447749117547,1
113596,2012-09-09,0.5079388413090722,0
113597,2012-09-09,0.35571520806149987,1
113598,2012-09-09,0.3853021054259522,0
113599,2012-09-09,0.5166089896710664,0
113600,2012-09-09,0.2460238982462706,0
113601,2012-09-09,0.3910502498481335,0
113602,2012-09-09,0.33984307902318434,0
113603,2012-09-09,0.4259475835596338,0
113604,2012-09-09,0.4259804370361255,0
113605,2012-09-09,0.3443100552445243,0
113606,2012-09-09,0.40833218003575544,1
113607,2012-09-09,0.37147884479791704,0
113608,2012-09-09,0.38472406496354583,0
113609,2012-09-09,0.19362532198375482,0
113610,2012-09-09,0.2700950785146165,0
113611,2012-09-09,0.47330938358570346,0
113612,2012-09-09,0.4576465176331615,0
113613,2012-09-09,0.4526372710362361,0
113614,2012-09-09,0.4186782194578615,0
113615,2012-09-09,0.4066355699574139,0
113616,2012-09-09,0.2585807983197147,0
113617,2012-09-09,0.3950043284289922,0
113618,2012-09-09,0.29214668795096405,0
113619,2012-09-09,0.2843372102888563,1
113620,2012-09-09,0.3860712491959131,0
113621,2012-09-09,0.2963621108144548,0
113622,2012-09-09,0.2535085944604205,0
113623,2012-09-09,0.22001936053141855,1
113624,2012-09-09,0.2890312189096149,1
113625,2012-09-09,0.18118820647602993,0
113626,2012-09-09,0.38976536221142327,0
113627,2012-09-09,0.42643250969793484,0
113628,2012-09-09,0.36597507416401065,0
113629,2012-09-09,0.6455984406026809,0
113630,2012-09-09,0.3535722027227864,0
113631,2012-09-09,0.23350640754244234,0
113632,2012-09-09,0.27138462360958937,0
113633,2012-09-09,0.2940806143454722,1
113634,2012-09-09,0.35556756742961,0
113635,2012-09-09,0.28429258153804365,0
113636,2012-09-09,0.35183587629839724,1
113637,2012-09-09,0.11203118042368353,0
113638,2012-09-09,0.45047816319659195,1
113639,2012-09-09,0.45534122086324674,1
113640,2012-09-09,0.2975065800477814,0
113641,2012-09-09,0.4197796993300293,0
113642,2012-09-09,0.4607037920742459,0
113643,2012-09-09,0.5368229574166297,0
113644,2012-09-09,0.290226263860589,0
113645,2012-09-09,0.2671868374040245,0
113646,2012-09-09,0.3536387586490227,0
113647,2012-09-09,0.35663848885167554,1
113648,2012-09-09,0.21109287809179375,1
113649,2012-09-09,0.5302987976419332,0
113650,2012-09-09,0.5882530143369263,0
113651,2012-09-09,0.3828436727325035,1
113652,2012-09-09,0.2682828287731677,1
113653,2012-09-09,0.49730133562022316,1
113654,2012-09-09,0.16811844423194638,0
113655,2012-09-09,0.398947294724721,1
113656,2012-09-09,0.33698833647907916,0
113657,2012-09-09,0.3846173639780943,0
113658,2012-09-09,0.2109119060060449,0
113659,2012-09-09,0.3900022648326472,0
113660,2012-09-09,0.21607323972135417,0
113661,2012-09-09,0.5002051803999032,1
113662,2012-09-09,0.30443997215605784,0
113663,2012-09-09,0.38300814084177,1
113664,2012-09-09,0.37730023367177,0
113665,2012-09-09,0.37347777109662805,0
113666,2012-09-09,0.5194202691244026,1
113667,2012-09-09,0.38365356101431947,1
113668,2012-09-09,0.2606334283619405,0
113669,2012-09-09,0.3135614669364996,0
113670,2012-09-09,0.4136347268844453,1
113671,2012-09-09,0.3377911214432671,0
113672,2012-09-09,0.6005984294051495,0
113673,2012-09-09,0.31650550383240894,0
113674,2012-09-09,0.4466387679002951,1
113675,2012-09-09,0.48607289918671154,0
113676,2012-09-09,0.5636413022768452,1
113677,2012-09-09,0.40416114986077945,1
113678,2012-09-09,0.4321157887619093,1
113679,2012-09-09,0.31481067883455427,0
113680,2012-09-09,0.2971142280195926,1
113681,2012-09-09,0.25740522413988104,0
113682,2012-09-09,0.4639441089366959,0
113683,2012-09-09,0.24333087846586487,1
113684,2012-09-09,0.5140793913505474,0
113685,2012-09-09,0.23816504220245557,0
113686,2012-09-09,0.2788418481296225,0
113687,2012-09-09,0.38909759436508207,1
113688,2012-09-09,0.4276002257855668,0
113689,2012-09-09,0.1777363427742351,0
113690,2012-09-09,0.2861054037038121,0
113691,2012-09-09,0.3253946678719111,0
113692,2012-09-09,0.5557254382969311,0
113693,2012-09-09,0.27429736898707163,0
113694,2012-09-09,0.21877936766163159,0
113695,2012-09-09,0.3536666385108313,0
113696,2012-09-09,0.3335211263489496,1
113697,2012-09-09,0.3880616121856365,0
113698,2012-09-09,0.2981181625122784,0
113699,2012-09-09,0.17461419695159852,0
113700,2012-09-09,0.4043332944767879,0
113701,2012-09-09,0.49101863025838094,0
113702,2012-09-09,0.5040728088852703,0
113703,2012-09-09,0.45116464672240225,0
113704,2012-09-09,0.5048960028491369,0
113705,2012-09-09,0.2600427745324959,0
113706,2012-09-09,0.38172534901184973,0
113707,2012-09-09,0.2670854156632873,0
113708,2012-09-09,0.21264705391906938,0
113709,2012-09-09,0.21109217899138277,0
113710,2012-09-09,0.1996227030340467,0
113711,2012-09-09,0.5794868341913674,1
113712,2012-09-09,0.3453691380977218,1
113713,2012-09-09,0.13177370393473528,0
113714,2012-09-09,0.5260038175607097,1
113715,2012-09-09,0.398342037445555,0
113716,2012-09-09,0.2591412238487383,0
113717,2012-09-09,0.3944961555211233,0
113718,2012-09-09,0.3170089865818503,0
113719,2012-09-09,0.4691716128163097,0
113720,2012-09-09,0.27286643842416913,0
113721,2012-09-09,0.09358319947289648,0
113722,2012-09-09,0.685256480679827,1
113723,2012-09-09,0.23914443856748857,0
113724,2012-09-09,0.3620146207089418,0
113725,2012-09-09,0.6260177687709256,0
113726,2012-09-09,0.21977264312921885,0
113727,2012-09-09,0.3274159545790209,0
113728,2012-09-09,0.4444403942306879,1
113729,2012-09-09,0.2532701084617367,0
113730,2012-09-09,0.1899044606404046,0
113731,2012-09-09,0.4511210050740691,1
113732,2012-09-09,0.4126759253611052,0
113733,2012-09-09,0.35531751332740324,0
113734,2012-09-09,0.299798179099583,0
113735,2012-09-09,0.4126625149695238,1
113736,2012-09-09,0.35461500674811264,1
113737,2012-09-09,0.5388203139305098,1
113738,2012-09-09,0.4300158674088074,0
113739,2012-09-09,0.2653853310543868,0
113740,2012-09-09,0.18317617174232007,0
113741,2012-09-09,0.48441856029414254,0
113742,2012-09-09,0.5143889180245302,1
113743,2012-09-09,0.4503843629507746,0
113744,2012-09-09,0.4106401780759836,0
113745,2012-09-09,0.1682541756562461,0
113746,2012-09-09,0.44592408459609606,0
113747,2012-09-09,0.3844988350244706,0
113748,2012-09-09,0.38177263220421187,0
113749,2012-09-09,0.3145882237150149,0
113750,2012-09-09,0.38429144636097035,0
113751,2012-09-09,0.30269178416226217,0
113752,2012-09-09,0.3401636737279176,0
113753,2012-09-09,0.5163146839431467,0
113754,2012-09-09,0.3810374731222954,0
113755,2012-09-09,0.28300197893782914,0
113756,2012-09-09,0.20587795001758522,0
113757,2012-09-09,0.3997827104812166,1
113758,2012-09-09,0.20843801539858983,0
113759,2012-09-09,0.44203479279663277,0
113760,2012-09-09,0.3836596040954206,1
113761,2012-09-09,0.4213767900113923,0
113762,2012-09-09,0.4482671938274142,0
113763,2012-09-09,0.37187669194733214,1
113764,2012-09-09,0.10627495594595496,0
113765,2012-09-09,0.5447900402857846,0
113766,2012-09-09,0.2787587616057089,0
113767,2012-09-09,0.22912576313718752,1
113768,2012-09-09,0.12538508880262536,0
113769,2012-09-09,0.5497386360920716,0
113770,2012-09-09,0.5168922837039202,1
113771,2012-09-09,0.40363005942760216,0
113772,2012-09-09,0.28086125085329133,0
113773,2012-09-09,0.21687366275999678,0
113774,2012-09-09,0.5198809277601483,0
113775,2012-09-09,0.3375883819723756,0
113776,2012-09-09,0.37165318475242703,0
113777,2012-09-09,0.23193098887857624,0
113778,2012-09-09,0.3773206082400099,1
113779,2012-09-09,0.3567775698338303,1
113780,2012-09-09,0.3899921478139566,1
113781,2012-09-09,0.2962128137420195,1
113782,2012-09-09,0.32682299760811434,0
113783,2012-09-09,0.591771198541753,1
113784,2012-09-09,0.4109049154484743,0
113785,2012-09-09,0.1925345002861782,0
113786,2012-09-09,0.26122036278059785,0
113787,2012-09-09,0.4137322287221745,0
113788,2012-09-09,0.5056244066930561,0
113789,2012-09-09,0.4754015944665314,0
113790,2012-09-09,0.33734557040818697,0
113791,2012-09-09,0.397999581751885,1
113792,2012-09-09,0.41863400367157505,0
113793,2012-09-09,0.3815683410049115,0
113794,2012-09-09,0.3599550274833383,0
113795,2012-09-09,0.16563896724439148,0
113796,2012-09-09,0.28875077393833726,0
113797,2012-09-09,0.3076600240927354,0
113798,2012-09-09,0.22689132022296263,0
113799,2012-09-09,0.5048200211444228,1
113800,2012-09-09,0.3862997268784164,0
113801,2012-09-09,0.23073110652294482,0
113802,2012-09-09,0.3206364815117193,0
113803,2012-09-09,0.19763428352096005,0
113804,2012-09-09,0.392754563495071,0
113805,2012-09-09,0.21654818705728882,0
113806,2012-09-09,0.36035664632978937,1
113807,2012-09-09,0.4290722862154923,0
113808,2012-09-09,0.25019889547995483,0
113809,2012-09-09,0.28795681295452585,0
113810,2012-09-09,0.17691896085105474,0
113811,2012-09-09,0.18156339974939112,0
113812,2012-09-09,0.4413148964078712,1
113813,2012-09-09,0.28650031446744223,0
113814,2012-09-09,0.34253829962179555,1
113815,2012-09-09,0.37053630393852527,0
113816,2012-09-09,0.3237896111679216,0
113817,2012-09-09,0.296191416493037,0
113818,2012-09-09,0.4103402261662561,1
113819,2012-09-09,0.31703126943843984,0
113820,2012-09-09,0.5329075649504266,0
113821,2012-09-09,0.160357424070492,0
113822,2012-09-09,0.37526931132762065,0
113823,2012-09-09,0.2506949364132233,0
113824,2012-09-09,0.3467125144094203,0
113825,2012-09-09,0.17865274767396858,0
113826,2012-09-09,0.35194293337346005,0
113827,2012-09-09,0.36516954647810795,0
113828,2012-09-09,0.437722478673816,1
113829,2012-09-09,0.48498453818994336,0
113830,2012-09-09,0.6018631835650603,1
113831,2012-09-09,0.3662168301188896,0
113832,2012-09-09,0.546398022169173,1
113833,2012-09-09,0.28829010123760834,1
113834,2012-09-09,0.4486011059592462,0
113835,2012-09-09,0.4202780055967231,1
113836,2012-09-09,0.3107504279576278,0
113837,2012-09-09,0.4493672602587068,0
113838,2012-09-09,0.3516603308886492,0
113839,2012-09-09,0.29502893497265886,1
113840,2012-09-09,0.1687612411296182,0
113841,2012-09-09,0.34851078084625786,0
113842,2012-09-09,0.3577501750122107,1
113843,2012-09-09,0.32269283394635784,0
113844,2012-09-09,0.48209697974030435,1
113845,2012-09-09,0.24420782324350582,0
113846,2012-09-09,0.3879241540193343,0
113847,2012-09-09,0.4545356062508542,0
113848,2012-09-09,0.495538696411882,1
113849,2012-09-09,0.2321819935146106,0
113850,2012-09-09,0.4098834717978026,0
113851,2012-09-09,0.23637780300937203,0
113852,2012-09-09,0.09931835183381119,0
113853,2012-09-09,0.17400030913517958,0
113854,2012-09-09,0.430352683670499,0
113855,2012-09-09,0.40454894396334806,0
113856,2012-09-09,0.3867167807687755,1
113857,2012-09-09,0.398818440661122,0
113858,2012-09-09,0.255654832730685,0
113859,2012-09-09,0.17830413117861024,0
113860,2012-09-09,0.26835196663864785,0
113861,2012-09-09,0.4541255713548035,0
113862,2012-09-09,0.36938529315112995,1
113863,2012-09-09,0.1304817460366722,0
113864,2012-09-09,0.2732129990134669,0
113865,2012-09-09,0.4978686780020812,1
113866,2012-09-09,0.3515841678763895,0
113867,2012-09-09,0.1379816782734971,0
113868,2012-09-09,0.1463272647530901,0
113869,2012-09-09,0.6672385971999455,0
113870,2012-09-09,0.1855218651984929,1
113871,2012-09-09,0.5164948249263691,1
113872,2012-09-09,0.38989802689521297,1
113873,2012-09-09,0.44548582474597065,1
113874,2012-09-09,0.39787064479770134,0
113875,2012-09-09,0.22011077483821556,0
113876,2012-09-09,0.18824695757315008,0
113877,2012-09-09,0.49927810479109036,0
113878,2012-09-09,0.27433935893624994,0
113879,2012-09-09,0.47604776338065896,1
113880,2012-09-09,0.22652173256062566,1
113881,2012-09-09,0.44942558286390216,1
113882,2012-09-09,0.5194229591549527,0
113883,2012-09-09,0.18883933944890066,1
113884,2012-09-09,0.3705855408256194,0
113885,2012-09-09,0.29640873441803633,0
113886,2012-09-09,0.3087354661262378,0
113887,2012-09-09,0.2701298283956068,0
113888,2012-09-09,0.30060258466049555,0
113889,2012-09-09,0.4688622761808654,0
113890,2012-09-09,0.3728801857416487,0
113891,2012-09-09,0.40213236766458255,0
113892,2012-09-09,0.35787821348507204,0
113893,2012-09-09,0.5532593997131475,0
113894,2012-09-09,0.5985243461481609,1
113895,2012-09-09,0.4055594366327892,1
113896,2012-09-09,0.11856739368155109,0
113897,2012-09-09,0.32350155714764517,1
113898,2012-09-09,0.5519060935803584,0
113899,2012-09-09,0.4837926010768763,1
113900,2012-09-09,0.5291546259354645,0
113901,2012-09-09,0.32126864981483266,1
113902,2012-09-09,0.6526344627498095,1
113903,2012-09-09,0.3266251357672675,0
113904,2012-09-09,0.167559146895724,0
113905,2012-09-09,0.5001257350980733,0
113906,2012-09-09,0.22577033404205757,0
113907,2012-09-09,0.5963882778328822,1
113908,2012-09-09,0.20481419449120827,1
113909,2012-09-09,0.3388159246024216,0
113910,2012-09-09,0.5120368997001763,1
113911,2012-09-09,0.4749251582027172,1
113912,2012-09-09,0.3226982254770919,1
113913,2012-09-09,0.35254258263554733,1
113914,2012-09-09,0.4451132992650143,1
113915,2012-09-09,0.32376938521116466,0
113916,2012-09-09,0.18123540322398973,0
113917,2012-09-09,0.3736470888673437,0
113918,2012-09-09,0.464928000753854,1
113919,2012-09-09,0.3938792544318993,1
113920,2012-09-09,0.2631866770718672,0
113921,2012-09-09,0.40469864734030553,0
113922,2012-09-09,0.5639135420605067,1
113923,2012-09-09,0.34909890480432093,1
113924,2012-09-09,0.6376148055179705,1
113925,2012-09-09,0.3251763857285996,0
113926,2012-09-09,0.43360958600081984,0
113927,2012-09-09,0.5609619793264025,0
113928,2012-09-09,0.46208328918916747,0
113929,2012-09-09,0.21328403356463604,0
113930,2012-09-09,0.3892630928728739,0
113931,2012-09-09,0.24348184737187842,0
113932,2012-09-09,0.13479329520655176,0
113933,2012-09-09,0.5412201013328499,1
113934,2012-09-09,0.3530619744644155,0
113935,2012-09-09,0.24880231871252995,1
113936,2012-09-09,0.3174566986114574,0
113937,2012-09-09,0.2629879891163661,0
113938,2012-09-09,0.2613986628159945,0
113939,2012-09-09,0.53740292637536,0
113940,2012-09-09,0.15451878599011964,0
113941,2012-09-09,0.38749021753576335,0
113942,2012-09-09,0.49113803352136387,0
113943,2012-09-09,0.42587944256849497,1
113944,2012-09-09,0.38282775209537445,0
113945,2012-09-09,0.37101138243190457,1
113946,2012-09-09,0.18193252475961727,1
113947,2012-09-09,0.3974309367851272,1
113948,2012-09-09,0.18727422152808032,0
113949,2012-09-09,0.48641226053026093,1
113950,2012-09-09,0.14019888643880696,0
113951,2012-09-09,0.31128809148566744,0
113952,2012-09-09,0.5567928176672341,1
113953,2012-09-09,0.2858761352832015,1
113954,2012-09-09,0.36550680023983534,0
113955,2012-09-09,0.26405487793474386,1
113956,2012-09-09,0.3185937819259295,0
113957,2012-09-09,0.4616290840612341,0
113958,2012-09-09,0.4123643705078353,0
113959,2012-09-09,0.15143131178953123,0
113960,2012-09-09,0.24527266195048572,0
113961,2012-09-09,0.2950646087628336,0
113962,2012-09-09,0.4974611742702249,0
113963,2012-09-09,0.4203448946121458,1
113964,2012-09-09,0.27814937541383844,1
113965,2012-09-09,0.34139440919875685,1
113966,2012-09-09,0.18951885194820597,1
113967,2012-09-09,0.5201921304417004,1
113968,2012-09-09,0.42020471384865504,1
113969,2012-09-09,0.274207974075978,0
113970,2012-09-09,0.34827424448634536,1
113971,2012-09-09,0.5398481229485345,0
113972,2012-09-09,0.4019603837881928,1
113973,2012-09-09,0.2157443223791767,1
113974,2012-09-09,0.6079948141928884,1
113975,2012-09-09,0.5017876020460975,1
113976,2012-09-09,0.2845283248798886,0
113977,2012-09-09,0.30104477340925617,0
113978,2012-09-09,0.3643374560654043,0
113979,2012-09-09,0.3383909642273984,0
113980,2012-09-09,0.320503179262703,0
113981,2012-09-09,0.38707141601361694,0
113982,2012-09-09,0.5010399577384383,0
113983,2012-09-09,0.28848503547905807,0
113984,2012-09-09,0.46207078876312896,0
113985,2012-09-09,0.25410540903585066,0
113986,2012-09-09,0.3622583595407563,1
113987,2012-09-09,0.29884669190884044,1
113988,2012-09-09,0.5744017752401204,0
113989,2012-09-09,0.16559118148619847,0
113990,2012-09-09,0.25081346551737466,0
113991,2012-09-09,0.28743162004436207,0
113992,2012-09-09,0.2269227181237137,0
113993,2012-09-09,0.2709194924953567,0
113994,2012-09-09,0.38432730444092134,1
113995,2012-09-09,0.2962854877561114,1
113996,2012-09-09,0.6041237400675943,0
113997,2012-09-09,0.08743372820397897,0
113998,2012-09-09,0.41428697267941494,1
113999,2012-09-09,0.32156849586508096,0
114000,2012-09-09,0.3565139348369651,1
114001,2012-09-09,0.3776493942094189,0
114002,2012-09-09,0.5138930801173367,1
114003,2012-09-09,0.3500613350870618,0
114004,2012-09-09,0.39494301968053647,1
114005,2012-09-09,0.3127374708988182,0
114006,2012-09-09,0.40349371983301857,0
114007,2012-09-09,0.27721375228084694,1
114008,2012-09-09,0.31399770651025904,0
114009,2012-09-09,0.5474909611536131,0
114010,2012-09-09,0.46668425692425913,1
114011,2012-09-09,0.1742476745265706,0
114012,2012-09-09,0.2901566931555187,0
114013,2012-09-09,0.4210200473457028,0
114014,2012-09-09,0.39675476752455896,0
114015,2012-09-09,0.453409043110922,0
114016,2012-09-09,0.48845008728821493,1
114017,2012-09-09,0.3878943372496971,0
114018,2012-09-09,0.46722420185496144,0
114019,2012-09-09,0.231192769288411,0
114020,2012-09-09,0.5991335020327895,0
114021,2012-09-09,0.18783223165952892,0
114022,2012-09-09,0.16613320209906196,0
114023,2012-09-09,0.30512001492915464,0
114024,2012-09-09,0.2840728013021154,0
114025,2012-09-09,0.44105796914818973,1
114026,2012-09-09,0.49233598979251075,0
114027,2012-09-09,0.5663224726752741,1
114028,2012-09-09,0.16670642828089638,0
114029,2012-09-09,0.2757081168294127,0
114030,2012-09-09,0.17318781898510408,0
114031,2012-09-09,0.39529802566136185,1
114032,2012-09-09,0.3166463754654648,0
114033,2012-09-09,0.16061818856228754,0
114034,2012-09-09,0.3281861237379661,0
114035,2012-09-09,0.4070176929028434,1
114036,2012-09-09,0.31208446523935607,0
114037,2012-09-09,0.2931077348734407,1
114038,2012-09-09,0.3475511560725732,0
114039,2012-09-09,0.46378652065184683,0
114040,2012-09-09,0.32496277959127867,1
114041,2012-09-09,0.1362298858814303,0
114042,2012-09-09,0.4719477327166157,0
114043,2012-09-09,0.21352019791728769,0
114044,2012-09-09,0.16151799870351657,0
114045,2012-09-09,0.4034487083275475,0
114046,2012-09-09,0.4317754699447761,0
114047,2012-09-09,0.5108663664347353,0
114048,2012-09-10,0.3977629765029896,0
114049,2012-09-10,0.37768430055381735,1
114050,2012-09-10,0.3208985484896466,1
114051,2012-09-10,0.35609242599131713,0
114052,2012-09-10,0.2521761789572435,0
114053,2012-09-10,0.3509533162625169,0
114054,2012-09-10,0.1603107338923194,0
114055,2012-09-10,0.2872537773780573,0
114056,2012-09-10,0.34544397234631,0
114057,2012-09-10,0.5354770034576297,1
114058,2012-09-10,0.18202163374465696,0
114059,2012-09-10,0.43879383865057925,0
114060,2012-09-10,0.36310981280014554,0
114061,2012-09-10,0.2586929032077939,0
114062,2012-09-10,0.5432508895228437,1
114063,2012-09-10,0.4415036368464108,0
114064,2012-09-10,0.15781860547493734,0
114065,2012-09-10,0.3738385733541718,0
114066,2012-09-10,0.39913035613208964,1
114067,2012-09-10,0.42276662093945955,0
114068,2012-09-10,0.12688550555496184,0
114069,2012-09-10,0.23163299905798856,0
114070,2012-09-10,0.10766255290562395,0
114071,2012-09-10,0.3505423103233887,0
114072,2012-09-10,0.49193092659862786,1
114073,2012-09-10,0.4497169766373618,0
114074,2012-09-10,0.31428162933350273,0
114075,2012-09-10,0.33240883943994715,0
114076,2012-09-10,0.5554087383097401,1
114077,2012-09-10,0.39143145941692714,0
114078,2012-09-10,0.359021963007262,0
114079,2012-09-10,0.44986833724530867,0
114080,2012-09-10,0.5668212682270886,0
114081,2012-09-10,0.44705924538739633,1
114082,2012-09-10,0.41786033342728257,1
114083,2012-09-10,0.27871942068270555,0
114084,2012-09-10,0.4097022676335607,1
114085,2012-09-10,0.13081619709131503,0
114086,2012-09-10,0.3268399355652532,1
114087,2012-09-10,0.554547987111238,1
114088,2012-09-10,0.3209227948761899,1
114089,2012-09-10,0.19340645311649035,0
114090,2012-09-10,0.3701632196734592,0
114091,2012-09-10,0.36163226926306474,0
114092,2012-09-10,0.5363873098212024,1
114093,2012-09-10,0.45838877043882403,0
114094,2012-09-10,0.4535895043269907,0
114095,2012-09-10,0.26791858609672664,0
114096,2012-09-10,0.41227547913451207,0
114097,2012-09-10,0.38132884886495305,0
114098,2012-09-10,0.3244152597986174,0
114099,2012-09-10,0.28751366871983985,0
114100,2012-09-10,0.44221339501073387,0
114101,2012-09-10,0.4165966139496021,1
114102,2012-09-10,0.38898911653708096,1
114103,2012-09-10,0.6700958129128488,0
114104,2012-09-10,0.5871372364901037,1
114105,2012-09-10,0.4773468768988978,1
114106,2012-09-10,0.2892654231867902,1
114107,2012-09-10,0.13350118131271962,0
114108,2012-09-10,0.19286635244002973,0
114109,2012-09-10,0.4225744123757888,0
114110,2012-09-10,0.39250839588456665,1
114111,2012-09-10,0.3339771048788681,0
114112,2012-09-10,0.3109504471687905,0
114113,2012-09-10,0.391706010608152,1
114114,2012-09-10,0.3087529217637199,0
114115,2012-09-10,0.31025569844251977,1
114116,2012-09-10,0.3138251021326586,0
114117,2012-09-10,0.2891217342850722,1
114118,2012-09-10,0.457150044915508,0
114119,2012-09-10,0.30958931101975334,1
114120,2012-09-10,0.3787235640316645,0
114121,2012-09-10,0.25818432910908845,0
114122,2012-09-10,0.2693659541200772,0
114123,2012-09-10,0.4100733321972626,0
114124,2012-09-10,0.32250353473117044,1
114125,2012-09-10,0.46535677784879814,0
114126,2012-09-10,0.2792655551391418,0
114127,2012-09-10,0.516485571426988,0
114128,2012-09-10,0.19638348358300337,0
114129,2012-09-10,0.347217815060466,0
114130,2012-09-10,0.4026174017140516,1
114131,2012-09-10,0.6285788176184721,0
114132,2012-09-10,0.6561692991608287,1
114133,2012-09-10,0.392656129423846,0
114134,2012-09-10,0.45906451210699556,1
114135,2012-09-10,0.2798734334200881,0
114136,2012-09-10,0.12239886222381728,0
114137,2012-09-10,0.39848175500723,0
114138,2012-09-10,0.43991327180572143,1
114139,2012-09-10,0.19929066287716501,0
114140,2012-09-10,0.3029469770250514,0
114141,2012-09-10,0.5459561130577013,1
114142,2012-09-10,0.25233152592218117,0
114143,2012-09-10,0.2643774164126941,0
114144,2012-09-10,0.30939742032204853,0
114145,2012-09-10,0.42254754823889784,1
114146,2012-09-10,0.296803200689385,0
114147,2012-09-10,0.4960463087338616,0
114148,2012-09-10,0.3403832032427448,1
114149,2012-09-10,0.38587405745626707,0
114150,2012-09-10,0.274831483945516,0
114151,2012-09-10,0.3406641535171163,0
114152,2012-09-10,0.31513944900843144,1
114153,2012-09-10,0.3803154797359701,0
114154,2012-09-10,0.36054738733244246,1
114155,2012-09-10,0.558844694764672,1
114156,2012-09-10,0.4555202657703892,1
114157,2012-09-10,0.27242870887408105,0
114158,2012-09-10,0.48727851650169124,0
114159,2012-09-10,0.41919715045942474,1
114160,2012-09-10,0.41189537551846495,0
114161,2012-09-10,0.15134742366860976,0
114162,2012-09-10,0.3697737123146178,0
114163,2012-09-10,0.3229880991684173,1
114164,2012-09-10,0.4461092706461191,1
114165,2012-09-10,0.19703039984762327,0
114166,2012-09-10,0.41537283243540346,0
114167,2012-09-10,0.5084560716803911,0
114168,2012-09-10,0.16214374222593755,0
114169,2012-09-10,0.2734571668912103,0
114170,2012-09-10,0.2834974532497629,0
114171,2012-09-10,0.38502375000113304,1
114172,2012-09-10,0.32807146740481263,1
114173,2012-09-10,0.3744906196654682,0
114174,2012-09-10,0.47971349738108415,1
114175,2012-09-10,0.4771030498051329,0
114176,2012-09-10,0.6106267928082022,1
114177,2012-09-10,0.19007005009375413,0
114178,2012-09-10,0.7261614803475709,0
114179,2012-09-10,0.44274357720957735,1
114180,2012-09-10,0.3097672245524912,0
114181,2012-09-10,0.5676030572923849,0
114182,2012-09-10,0.36030796081654487,0
114183,2012-09-10,0.36293191376495754,0
114184,2012-09-10,0.15759483862402604,0
114185,2012-09-10,0.20348432131803493,0
114186,2012-09-10,0.3653200295876443,0
114187,2012-09-10,0.35509213036336595,0
114188,2012-09-10,0.12632310359988475,0
114189,2012-09-10,0.2133962206679191,0
114190,2012-09-10,0.13633425487868636,0
114191,2012-09-10,0.3561722107825988,0
114192,2012-09-10,0.4432066072839655,1
114193,2012-09-10,0.6271841497796834,0
114194,2012-09-10,0.5581795368283865,0
114195,2012-09-10,0.2993703179040433,0
114196,2012-09-10,0.6282522115259542,0
114197,2012-09-10,0.431564991080243,0
114198,2012-09-10,0.5208469918895743,0
114199,2012-09-10,0.36942135271519205,0
114200,2012-09-10,0.20123003502489872,0
114201,2012-09-10,0.23362999501040696,0
114202,2012-09-10,0.3936033945198232,1
114203,2012-09-10,0.6732514488948723,0
114204,2012-09-10,0.33887565242465817,1
114205,2012-09-10,0.4539269684379294,0
114206,2012-09-10,0.35769839377312646,0
114207,2012-09-10,0.294770105657966,1
114208,2012-09-10,0.5737214908936891,1
114209,2012-09-10,0.12758929153032209,0
114210,2012-09-10,0.20502638452049093,0
114211,2012-09-10,0.27422411551275305,0
114212,2012-09-10,0.32964437413223846,0
114213,2012-09-10,0.277074169104678,0
114214,2012-09-10,0.492081419435892,0
114215,2012-09-10,0.5301006610686023,0
114216,2012-09-10,0.30805898946149585,0
114217,2012-09-10,0.13547676909279713,0
114218,2012-09-10,0.5436323693844197,0
114219,2012-09-10,0.20006099298785948,0
114220,2012-09-10,0.5191714433229945,0
114221,2012-09-10,0.20029431620408733,0
114222,2012-09-10,0.5832499005519329,1
114223,2012-09-10,0.25177650250658895,0
114224,2012-09-10,0.31659543782108057,1
114225,2012-09-10,0.42448833236685163,0
114226,2012-09-10,0.4606205999394138,1
114227,2012-09-10,0.5109638892140713,0
114228,2012-09-10,0.45037718258531506,1
114229,2012-09-10,0.3742484298808941,0
114230,2012-09-10,0.3552328413813733,0
114231,2012-09-10,0.31327919462075676,0
114232,2012-09-10,0.3041826542463738,0
114233,2012-09-10,0.4702599707075648,1
114234,2012-09-10,0.4530127982230898,0
114235,2012-09-10,0.4675907360435996,0
114236,2012-09-10,0.6176873256088817,0
114237,2012-09-10,0.6253281993058776,0
114238,2012-09-10,0.38928557609844455,0
114239,2012-09-10,0.31060928743596994,1
114240,2012-09-10,0.3791345496094197,0
114241,2012-09-10,0.42396903868499913,0
114242,2012-09-10,0.26889379963293775,0
114243,2012-09-10,0.38124012557508435,0
114244,2012-09-10,0.2881039797422181,0
114245,2012-09-10,0.5537246713822166,1
114246,2012-09-10,0.5625290865540068,1
114247,2012-09-10,0.39818386084127866,0
114248,2012-09-10,0.39028869074034955,0
114249,2012-09-10,0.49721596368337456,0
114250,2012-09-10,0.12289566397919544,0
114251,2012-09-10,0.3512426786996909,0
114252,2012-09-10,0.40956104912208036,1
114253,2012-09-10,0.47989497386578267,1
114254,2012-09-10,0.4127586103648318,0
114255,2012-09-10,0.3432465692202962,1
114256,2012-09-10,0.4037755010642857,0
114257,2012-09-10,0.28098848984114677,0
114258,2012-09-10,0.43544935993001943,0
114259,2012-09-10,0.5005609186727317,0
114260,2012-09-10,0.39646340702748045,1
114261,2012-09-10,0.27613023549525345,0
114262,2012-09-10,0.30164238649863595,0
114263,2012-09-10,0.30438667299659344,0
114264,2012-09-10,0.09262042712660558,0
114265,2012-09-10,0.26591562520715467,1
114266,2012-09-10,0.3207925811361398,0
114267,2012-09-10,0.33198806464137537,0
114268,2012-09-10,0.3101569344845101,0
114269,2012-09-10,0.5037176402790029,1
114270,2012-09-10,0.2505499999522126,0
114271,2012-09-10,0.5093837763907665,1
114272,2012-09-10,0.4385341071582097,0
114273,2012-09-10,0.5409683813988672,0
114274,2012-09-10,0.3326639326403611,0
114275,2012-09-10,0.49599558537334437,0
114276,2012-09-10,0.6682478011108318,1
114277,2012-09-10,0.33531207329377893,0
114278,2012-09-10,0.29131779979760136,0
114279,2012-09-10,0.4664536550120205,0
114280,2012-09-10,0.2598920022286046,0
114281,2012-09-10,0.15994603005821642,0
114282,2012-09-10,0.4765378322916653,0
114283,2012-09-10,0.4108026434359956,1
114284,2012-09-10,0.37453719444430206,0
114285,2012-09-10,0.39110617995234603,0
114286,2012-09-10,0.3602575297270398,0
114287,2012-09-10,0.14957279241884652,0
114288,2012-09-10,0.3613234176632288,1
114289,2012-09-10,0.25455869317312807,0
114290,2012-09-10,0.303892430335069,0
114291,2012-09-10,0.38606399486478904,0
114292,2012-09-10,0.3107081077482469,0
114293,2012-09-10,0.32621193696858336,0
114294,2012-09-10,0.46952362002700404,0
114295,2012-09-10,0.6584624048205833,1
114296,2012-09-10,0.31044259292876464,0
114297,2012-09-10,0.2538238348310639,0
114298,2012-09-10,0.3548831120467992,1
114299,2012-09-10,0.6440438610122982,1
114300,2012-09-10,0.18648266525579416,0
114301,2012-09-10,0.6884227774855066,1
114302,2012-09-10,0.4780694144553511,1
114303,2012-09-10,0.37422058911926065,1
114304,2012-09-10,0.35656929951815086,0
114305,2012-09-10,0.27550624709493576,0
114306,2012-09-10,0.18904576226364647,0
114307,2012-09-10,0.32486714158862195,0
114308,2012-09-10,0.38444648254744607,0
114309,2012-09-10,0.34273528164386635,1
114310,2012-09-10,0.4391087448164052,0
114311,2012-09-10,0.18267582393763443,1
114312,2012-09-10,0.19938413847714542,0
114313,2012-09-10,0.2841334857992832,1
114314,2012-09-10,0.22454968693952948,1
114315,2012-09-10,0.17978016048807857,1
114316,2012-09-10,0.2511306997683732,0
114317,2012-09-10,0.39803248888771575,0
114318,2012-09-10,0.3282786289393431,0
114319,2012-09-10,0.10497658464056527,0
114320,2012-09-10,0.3088772009972316,0
114321,2012-09-10,0.5286757038508121,0
114322,2012-09-10,0.43852271503567175,1
114323,2012-09-10,0.3700785545952104,1
114324,2012-09-10,0.23294005407079155,1
114325,2012-09-10,0.2614709061800081,0
114326,2012-09-10,0.3890002861745812,0
114327,2012-09-10,0.112799042793997,1
114328,2012-09-10,0.33458120617434595,1
114329,2012-09-10,0.5854424720053715,0
114330,2012-09-10,0.1966781252409078,0
114331,2012-09-10,0.30648301547073564,0
114332,2012-09-10,0.40615679870353766,1
114333,2012-09-10,0.31342962719812456,1
114334,2012-09-10,0.33016455759675056,0
114335,2012-09-10,0.13050365192280677,0
114336,2012-09-10,0.298736780620934,0
114337,2012-09-10,0.2929038510863341,0
114338,2012-09-10,0.33145089499348646,0
114339,2012-09-10,0.19196456382872035,0
114340,2012-09-10,0.45953045979427626,1
114341,2012-09-10,0.2293664899608659,0
114342,2012-09-10,0.18876938808791782,0
114343,2012-09-10,0.3706195009908104,0
114344,2012-09-10,0.5552965065171583,0
114345,2012-09-10,0.3734443163408008,0
114346,2012-09-10,0.17795218081889452,0
114347,2012-09-10,0.30244470057547346,0
114348,2012-09-10,0.1744561502433689,0
114349,2012-09-10,0.6413961555836671,1
114350,2012-09-10,0.5183030552494639,1
114351,2012-09-10,0.30264699895111774,0
114352,2012-09-10,0.6244942711890215,0
114353,2012-09-10,0.6510875905773531,0
114354,2012-09-10,0.2275405969138637,1
114355,2012-09-10,0.324543594724962,0
114356,2012-09-10,0.2801886568698643,0
114357,2012-09-10,0.22390076698256864,1
114358,2012-09-10,0.28108922703576505,0
114359,2012-09-10,0.24530979130397323,1
114360,2012-09-10,0.3189817729859959,1
114361,2012-09-10,0.4090140872921375,0
114362,2012-09-10,0.340448767302725,0
114363,2012-09-10,0.5998659949733052,0
114364,2012-09-10,0.41701313824425124,1
114365,2012-09-10,0.28059224146121814,0
114366,2012-09-10,0.2800825497410705,0
114367,2012-09-10,0.2827831207787471,1
114368,2012-09-10,0.2769435707051825,1
114369,2012-09-10,0.39768719258710056,0
114370,2012-09-10,0.45506554291776474,1
114371,2012-09-10,0.26778391598708245,0
114372,2012-09-10,0.5554914768775537,1
114373,2012-09-10,0.18407388857308699,0
114374,2012-09-10,0.339429385506745,0
114375,2012-09-10,0.4071059040546443,0
114376,2012-09-10,0.35040405627114396,0
114377,2012-09-10,0.40346820988596993,1
114378,2012-09-10,0.42832421015542366,0
114379,2012-09-10,0.20170392687525665,0
114380,2012-09-10,0.27338873770397387,0
114381,2012-09-10,0.35127204548648294,0
114382,2012-09-10,0.1930824776508915,0
114383,2012-09-10,0.4667136092624659,0
114384,2012-09-10,0.28335046945985587,0
114385,2012-09-10,0.3429626328452237,1
114386,2012-09-10,0.33111096820070407,0
114387,2012-09-10,0.27064789232175385,0
114388,2012-09-10,0.1640941344932559,0
114389,2012-09-10,0.19374576352156433,0
114390,2012-09-10,0.33265465317222875,0
114391,2012-09-10,0.4434686206251029,0
114392,2012-09-10,0.435672182492144,0
114393,2012-09-10,0.33435830079865725,1
114394,2012-09-10,0.277994764273149,0
114395,2012-09-10,0.372660746720209,1
114396,2012-09-10,0.4474102291642176,0
114397,2012-09-10,0.39674138676976095,1
114398,2012-09-10,0.3432076155379687,0
114399,2012-09-10,0.41008966884158826,0
114400,2012-09-10,0.2365942334490079,0
114401,2012-09-10,0.36743401160838207,0
114402,2012-09-10,0.6958533564070887,1
114403,2012-09-10,0.36057257711058555,1
114404,2012-09-10,0.20630661906547101,0
114405,2012-09-10,0.42565155043559855,0
114406,2012-09-10,0.40539747514399094,0
114407,2012-09-10,0.37633835157770246,0
114408,2012-09-10,0.5088881750409189,0
114409,2012-09-10,0.15375433484891934,0
114410,2012-09-10,0.2679606758377211,1
114411,2012-09-10,0.3725205113942596,1
114412,2012-09-10,0.1808205538610514,0
114413,2012-09-10,0.38721719831644635,0
114414,2012-09-10,0.4570406306451512,0
114415,2012-09-10,0.19657017876146016,0
114416,2012-09-10,0.5837461872864909,1
114417,2012-09-10,0.5756489280077294,1
114418,2012-09-10,0.5578643798137585,0
114419,2012-09-10,0.2226620621847563,0
114420,2012-09-10,0.2787448376213711,0
114421,2012-09-10,0.38398206210704544,0
114422,2012-09-10,0.40769719124999165,0
114423,2012-09-10,0.3823263982388209,0
114424,2012-09-10,0.36493574517246946,0
114425,2012-09-10,0.4865494641220745,1
114426,2012-09-10,0.45641850317834587,0
114427,2012-09-10,0.19198735469637676,0
114428,2012-09-10,0.4644581613246309,0
114429,2012-09-10,0.3897682764987398,1
114430,2012-09-10,0.4298101276441107,1
114431,2012-09-10,0.2988286544605257,0
114432,2012-09-10,0.28059305939214063,1
114433,2012-09-10,0.27413764864563345,0
114434,2012-09-10,0.39049317764061997,0
114435,2012-09-10,0.32296503881863947,1
114436,2012-09-10,0.16979027478811068,0
114437,2012-09-10,0.35860303003532196,1
114438,2012-09-10,0.33361401389498263,0
114439,2012-09-10,0.43890391101300835,0
114440,2012-09-10,0.1492931939474982,0
114441,2012-09-10,0.6033918401317242,0
114442,2012-09-10,0.3326729944249221,0
114443,2012-09-10,0.38521113789317946,1
114444,2012-09-10,0.3242502032818136,0
114445,2012-09-10,0.19009834880537166,0
114446,2012-09-10,0.36948840336473887,0
114447,2012-09-10,0.5320926120184032,0
114448,2012-09-10,0.30926843358647804,0
114449,2012-09-10,0.22261877391311913,0
114450,2012-09-10,0.24112045936712437,0
114451,2012-09-10,0.38839325134580927,0
114452,2012-09-10,0.4403717131460219,0
114453,2012-09-10,0.3274444955276334,0
114454,2012-09-10,0.3450436088456495,1
114455,2012-09-10,0.3016102671125869,1
114456,2012-09-10,0.4485976876256421,1
114457,2012-09-10,0.487820532658318,0
114458,2012-09-10,0.23744875210762764,0
114459,2012-09-10,0.3531752651535796,1
114460,2012-09-10,0.5299170356178121,1
114461,2012-09-10,0.3269677936697322,0
114462,2012-09-10,0.260445594692092,0
114463,2012-09-10,0.28524359853051307,0
114464,2012-09-10,0.27421869800785764,0
114465,2012-09-10,0.43813717720815676,0
114466,2012-09-10,0.48059599387829693,1
114467,2012-09-10,0.4165306591168237,0
114468,2012-09-10,0.4325050060473836,0
114469,2012-09-10,0.26265441240541754,0
114470,2012-09-10,0.2854004406450009,0
114471,2012-09-10,0.31035777641964113,0
114472,2012-09-10,0.5135803050284773,0
114473,2012-09-10,0.56095177746305,0
114474,2012-09-10,0.3269700025508972,0
114475,2012-09-10,0.3100513833475062,0
114476,2012-09-10,0.3964260287222172,0
114477,2012-09-10,0.2817227073353378,1
114478,2012-09-10,0.473684018963324,1
114479,2012-09-10,0.312836736123373,0
114480,2012-09-10,0.400936212959903,0
114481,2012-09-10,0.41819717789901467,1
114482,2012-09-10,0.20616741705109207,0
114483,2012-09-10,0.30097548577898814,0
114484,2012-09-10,0.41208793215359174,0
114485,2012-09-10,0.3754487272839247,0
114486,2012-09-10,0.2775419063859783,0
114487,2012-09-10,0.2322842493448609,0
114488,2012-09-10,0.2343737452230548,0
114489,2012-09-10,0.26475262459994364,0
114490,2012-09-10,0.35870792947538827,0
114491,2012-09-10,0.2205879013285695,0
114492,2012-09-10,0.2207364276932993,0
114493,2012-09-10,0.30403634229019794,0
114494,2012-09-10,0.4833190590915758,0
114495,2012-09-10,0.21070606982684073,1
114496,2012-09-10,0.3311386872525408,1
114497,2012-09-10,0.22685872305800978,0
114498,2012-09-10,0.3948351883546768,1
114499,2012-09-10,0.20858578967016467,0
114500,2012-09-10,0.14925607729319226,0
114501,2012-09-10,0.3557225626890323,0
114502,2012-09-10,0.401493865564153,1
114503,2012-09-10,0.325110013957914,0
114504,2012-09-10,0.4682149636268621,0
114505,2012-09-10,0.2403675946423902,0
114506,2012-09-10,0.3387516963299117,0
114507,2012-09-10,0.2581897465992735,0
114508,2012-09-10,0.3591482089818414,0
114509,2012-09-10,0.35453029982391093,0
114510,2012-09-10,0.3576186873763133,0
114511,2012-09-10,0.27469234230895245,0
114512,2012-09-10,0.3929595528936785,0
114513,2012-09-10,0.40783311746604645,0
114514,2012-09-10,0.32252916030320905,0
114515,2012-09-10,0.5411565529417668,0
114516,2012-09-10,0.40403339083967393,1
114517,2012-09-10,0.5267358407104282,1
114518,2012-09-10,0.3100664516791357,1
114519,2012-09-10,0.3957777150661298,0
114520,2012-09-10,0.5776380419124907,0
114521,2012-09-10,0.5062205327481454,0
114522,2012-09-10,0.24407016357370176,1
114523,2012-09-11,0.40132296487325797,0
114524,2012-09-11,0.5054201880945659,1
114525,2012-09-11,0.3083806775748127,1
114526,2012-09-11,0.2090418004765313,0
114527,2012-09-11,0.2614202048199652,1
114528,2012-09-11,0.37423008042643297,0
114529,2012-09-11,0.3143753496817547,1
114530,2012-09-11,0.17316178148780398,0
114531,2012-09-11,0.36785422244671073,0
114532,2012-09-11,0.436786385395504,1
114533,2012-09-11,0.2767846662653244,0
114534,2012-09-11,0.327441690724318,0
114535,2012-09-11,0.20211875641785296,1
114536,2012-09-11,0.34525372223031503,0
114537,2012-09-11,0.3013179534485685,0
114538,2012-09-11,0.5796376367047061,1
114539,2012-09-11,0.4601307720758875,0
114540,2012-09-11,0.34379002002594156,0
114541,2012-09-11,0.47489237806349616,0
114542,2012-09-11,0.3814085325731223,0
114543,2012-09-11,0.24323326847356022,0
114544,2012-09-11,0.4946424635655309,1
114545,2012-09-11,0.38580491525807004,0
114546,2012-09-11,0.3966490509113974,0
114547,2012-09-11,0.3069902667161046,0
114548,2012-09-11,0.4776519238768032,1
114549,2012-09-11,0.15492508004553582,0
114550,2012-09-11,0.28157366032301345,1
114551,2012-09-11,0.15986008972793816,0
114552,2012-09-11,0.3312713677899319,1
114553,2012-09-11,0.30821071591390886,0
114554,2012-09-11,0.27595235625360925,0
114555,2012-09-11,0.30047124686714943,1
114556,2012-09-11,0.31693439633663995,0
114557,2012-09-11,0.24362294247000602,0
114558,2012-09-11,0.368361280080351,0
114559,2012-09-11,0.17858110979916586,0
114560,2012-09-11,0.2125458760893365,0
114561,2012-09-11,0.27490514930512505,1
114562,2012-09-11,0.25517227220831906,0
114563,2012-09-11,0.1695433303238858,0
114564,2012-09-11,0.49694396338594954,0
114565,2012-09-11,0.19851912411681247,0
114566,2012-09-11,0.26150616269897337,1
114567,2012-09-11,0.21330744945228888,0
114568,2012-09-11,0.2066737425062666,0
114569,2012-09-11,0.2414272559653261,0
114570,2012-09-11,0.32703824311345603,0
114571,2012-09-11,0.21762850199693437,0
114572,2012-09-11,0.3997716369940084,0
114573,2012-09-11,0.23836623496616807,0
114574,2012-09-11,0.4933653852292899,0
114575,2012-09-11,0.22155688969604823,0
114576,2012-09-11,0.6190306643793417,1
114577,2012-09-11,0.3932853240347099,0
114578,2012-09-11,0.4968249782382168,1
114579,2012-09-11,0.186732969985958,0
114580,2012-09-11,0.5127182472764217,1
114581,2012-09-11,0.440874482990237,0
114582,2012-09-11,0.563341178160651,1
114583,2012-09-11,0.2935547303306047,0
114584,2012-09-11,0.6323543886089098,1
114585,2012-09-11,0.4388320393668226,0
114586,2012-09-11,0.2035723675598247,1
114587,2012-09-11,0.2574933240398032,0
114588,2012-09-11,0.447486215571394,0
114589,2012-09-11,0.23762669762380345,1
114590,2012-09-11,0.23640738092616817,0
114591,2012-09-11,0.5353681903423945,1
114592,2012-09-11,0.20695665659018067,0
114593,2012-09-11,0.1145721041906625,0
114594,2012-09-11,0.2831332671519636,1
114595,2012-09-11,0.3591348624026412,1
114596,2012-09-11,0.3138564874908483,0
114597,2012-09-11,0.33389924905994667,0
114598,2012-09-11,0.24372660760770037,0
114599,2012-09-11,0.10205382035826986,0
114600,2012-09-11,0.2143990586049262,0
114601,2012-09-11,0.34359198728476253,0
114602,2012-09-11,0.43802065064114926,0
114603,2012-09-11,0.4382716400768679,1
114604,2012-09-11,0.15484654401140646,1
114605,2012-09-11,0.45371530451083275,1
114606,2012-09-11,0.32303041570720303,0
114607,2012-09-11,0.42252564328341974,1
114608,2012-09-11,0.1337437982300812,1
114609,2012-09-11,0.3598491567197589,1
114610,2012-09-11,0.24863954869061963,0
114611,2012-09-11,0.4309968922859301,1
114612,2012-09-11,0.5310663630103718,0
114613,2012-09-11,0.30684008335289736,0
114614,2012-09-11,0.38509526747766454,0
114615,2012-09-11,0.44526133054557687,0
114616,2012-09-11,0.3133835303378611,0
114617,2012-09-11,0.18898976331232262,0
114618,2012-09-11,0.5810287803125243,0
114619,2012-09-11,0.5097456758034822,0
114620,2012-09-11,0.3362092911792656,1
114621,2012-09-11,0.2661060997825341,0
114622,2012-09-11,0.4064235345033024,0
114623,2012-09-11,0.3693751139182461,0
114624,2012-09-11,0.42918417021401634,1
114625,2012-09-11,0.540266419293671,0
114626,2012-09-11,0.4751303655807491,1
114627,2012-09-11,0.22062894091230234,0
114628,2012-09-11,0.28010346713676865,0
114629,2012-09-11,0.12702871120378412,0
114630,2012-09-11,0.31675983291517595,0
114631,2012-09-11,0.39328929997471346,0
114632,2012-09-11,0.23196643881876255,0
114633,2012-09-11,0.17864140237880882,0
114634,2012-09-11,0.43915544032444986,1
114635,2012-09-11,0.3176973007039359,0
114636,2012-09-11,0.17643625724719122,1
114637,2012-09-11,0.5415081509870453,0
114638,2012-09-11,0.21689766435406937,0
114639,2012-09-11,0.34596339574744445,0
114640,2012-09-11,0.29385154686026904,0
114641,2012-09-11,0.49388320303136035,0
114642,2012-09-11,0.35668516218681007,0
114643,2012-09-11,0.23353077275444886,0
114644,2012-09-11,0.26856873952639554,0
114645,2012-09-11,0.34895202902424133,0
114646,2012-09-11,0.37133670904703375,0
114647,2012-09-11,0.47427751001884394,0
114648,2012-09-11,0.7323424211346894,0
114649,2012-09-11,0.2882272417467043,0
114650,2012-09-11,0.3085367970752642,0
114651,2012-09-11,0.3151821589253459,0
114652,2012-09-11,0.25125003219498,1
114653,2012-09-11,0.4151826973486875,0
114654,2012-09-11,0.2737299291138786,0
114655,2012-09-11,0.2828186993326342,0
114656,2012-09-11,0.44422376280112635,1
114657,2012-09-11,0.3363362330427424,0
114658,2012-09-11,0.2897844009230223,1
114659,2012-09-11,0.14538277253094697,0
114660,2012-09-11,0.22158078657703512,1
114661,2012-09-11,0.2395166266292483,1
114662,2012-09-11,0.36952595955508993,0
114663,2012-09-11,0.6305223522034091,1
114664,2012-09-11,0.3313940384420371,1
114665,2012-09-11,0.44542767527678223,0
114666,2012-09-11,0.12299328749138885,0
114667,2012-09-11,0.4723142470906862,1
114668,2012-09-11,0.230267443799843,0
114669,2012-09-11,0.34335046225441457,0
114670,2012-09-11,0.2659660170467962,1
114671,2012-09-11,0.3986256226392646,0
114672,2012-09-11,0.41224261815744845,0
114673,2012-09-11,0.28801052717985426,0
114674,2012-09-11,0.24494769073571512,1
114675,2012-09-11,0.2397127967417182,0
114676,2012-09-11,0.26338395670007647,0
114677,2012-09-11,0.35402338878919865,0
114678,2012-09-11,0.28797164681246595,0
114679,2012-09-11,0.4868224273028665,0
114680,2012-09-11,0.27908335533068024,0
114681,2012-09-11,0.17066367485483347,1
114682,2012-09-11,0.20355078187777834,0
114683,2012-09-11,0.34952376418168,0
114684,2012-09-11,0.21777641262595923,0
114685,2012-09-11,0.4219427527213522,0
114686,2012-09-11,0.32118870494274293,0
114687,2012-09-11,0.18794976673265193,0
114688,2012-09-11,0.23446308841921,0
114689,2012-09-11,0.268184696462597,0
114690,2012-09-11,0.4397030455274003,0
114691,2012-09-11,0.43540781391245387,0
114692,2012-09-11,0.3440995706757512,1
114693,2012-09-11,0.3530564381152469,1
114694,2012-09-11,0.3036572908828174,0
114695,2012-09-11,0.5962862045873414,1
114696,2012-09-11,0.23852266948872167,0
114697,2012-09-11,0.19117070024410568,0
114698,2012-09-11,0.4932969347339218,0
114699,2012-09-11,0.46375184855707674,0
114700,2012-09-11,0.3925072282701564,1
114701,2012-09-11,0.278413184201426,1
114702,2012-09-11,0.3999401512189142,1
114703,2012-09-11,0.3463612976722067,1
114704,2012-09-11,0.3121343524399714,0
114705,2012-09-11,0.39844837087907053,0
114706,2012-09-11,0.24426547965267054,0
114707,2012-09-11,0.21077987806656126,0
114708,2012-09-11,0.25708738621947463,0
114709,2012-09-11,0.3189129001595454,0
114710,2012-09-11,0.16478604429279953,0
114711,2012-09-11,0.40704701885477995,0
114712,2012-09-11,0.36378989545695495,0
114713,2012-09-11,0.3510501825828378,0
114714,2012-09-11,0.31145858688184797,0
114715,2012-09-11,0.5414614399729124,0
114716,2012-09-11,0.44198999029056923,1
114717,2012-09-11,0.34662311091424514,0
114718,2012-09-11,0.5362799639264991,1
114719,2012-09-11,0.2801794412469184,0
114720,2012-09-11,0.4477531584903794,0
114721,2012-09-11,0.12751767986767842,0
114722,2012-09-11,0.32242578383212106,0
114723,2012-09-11,0.254343736096634,1
114724,2012-09-11,0.37739866326887433,0
114725,2012-09-11,0.2618357010690325,1
114726,2012-09-11,0.54499379985763,0
114727,2012-09-11,0.6082806063785129,0
114728,2012-09-11,0.1924425007887654,0
114729,2012-09-11,0.27366989688487153,0
114730,2012-09-11,0.3373312944875766,0
114731,2012-09-11,0.21786218450499562,0
114732,2012-09-11,0.405122661242417,1
114733,2012-09-11,0.32699987775742034,1
114734,2012-09-11,0.21586425895081873,0
114735,2012-09-11,0.31524652763799,0
114736,2012-09-11,0.34553161467219745,1
114737,2012-09-11,0.20518028477591818,0
114738,2012-09-11,0.24978164030583716,1
114739,2012-09-11,0.13101668925833418,0
114740,2012-09-11,0.16375622598497197,0
114741,2012-09-11,0.22508429608932326,0
114742,2012-09-11,0.4515716325272116,0
114743,2012-09-11,0.3473266282571511,0
114744,2012-09-11,0.38803917908954766,0
114745,2012-09-11,0.38493101089696274,0
114746,2012-09-11,0.5653300533069855,0
114747,2012-09-11,0.41795701118546225,0
114748,2012-09-11,0.3770480839340383,0
114749,2012-09-11,0.24799255990086347,1
114750,2012-09-11,0.4431204823581266,0
114751,2012-09-11,0.2695947975793827,1
114752,2012-09-11,0.3021065431311333,0
114753,2012-09-11,0.13078002094910648,0
114754,2012-09-11,0.4343141824898147,0
114755,2012-09-11,0.28264582017148165,0
114756,2012-09-11,0.45789458147312007,1
114757,2012-09-11,0.2730915566599088,1
114758,2012-09-11,0.23639661109958784,0
114759,2012-09-11,0.2671675927558742,0
114760,2012-09-11,0.11373027520830845,0
114761,2012-09-11,0.3599364288382539,0
114762,2012-09-11,0.26799378468105484,0
114763,2012-09-11,0.45296558517272334,1
114764,2012-09-11,0.22490999684246485,0
114765,2012-09-11,0.2311842208904623,0
114766,2012-09-11,0.44663215110103105,0
114767,2012-09-11,0.39219611550843625,0
114768,2012-09-11,0.2617006612882428,1
114769,2012-09-11,0.4453039289353668,0
114770,2012-09-11,0.3836262459428988,0
114771,2012-09-11,0.4234190235738133,1
114772,2012-09-11,0.35645266290867894,1
114773,2012-09-11,0.3023115906514542,1
114774,2012-09-11,0.604895458515639,0
114775,2012-09-11,0.10243751037201529,0
114776,2012-09-11,0.41403067458288345,0
114777,2012-09-11,0.3618323124944806,0
114778,2012-09-11,0.246185574482218,0
114779,2012-09-11,0.24878337835768236,0
114780,2012-09-11,0.3388134314522929,0
114781,2012-09-11,0.5388273011484385,1
114782,2012-09-11,0.22796014117965757,1
114783,2012-09-11,0.3271064380892621,0
114784,2012-09-11,0.1719444577689999,0
114785,2012-09-11,0.24249826322949358,0
114786,2012-09-11,0.3909038769431434,0
114787,2012-09-11,0.5602183418928272,1
114788,2012-09-11,0.12011661217898795,0
114789,2012-09-11,0.2720670828058743,0
114790,2012-09-11,0.4029625237273411,0
114791,2012-09-11,0.286760236551359,0
114792,2012-09-11,0.2425383935288006,0
114793,2012-09-11,0.1641576502064302,0
114794,2012-09-11,0.6097933469691685,1
114795,2012-09-11,0.24408847943605388,0
114796,2012-09-11,0.29240504027188174,0
114797,2012-09-11,0.33544151358766877,1
114798,2012-09-11,0.32121306686443984,1
114799,2012-09-11,0.2743604168462674,0
114800,2012-09-11,0.19445765384496924,0
114801,2012-09-11,0.10653771370983324,0
114802,2012-09-11,0.5421986099301134,1
114803,2012-09-11,0.41864119355786134,0
114804,2012-09-11,0.3537021538581248,0
114805,2012-09-11,0.3756594592118469,0
114806,2012-09-11,0.25141875446308715,0
114807,2012-09-11,0.10060521173246728,0
114808,2012-09-11,0.3582319497815816,0
114809,2012-09-11,0.3908999851738341,0
114810,2012-09-11,0.43840951901699815,1
114811,2012-09-11,0.31691815786964517,1
114812,2012-09-11,0.1193553105078399,0
114813,2012-09-11,0.3518536829206765,0
114814,2012-09-11,0.4600861544601019,0
114815,2012-09-11,0.43554369783426383,0
114816,2012-09-11,0.20647867140455378,0
114817,2012-09-11,0.21388935881718105,0
114818,2012-09-11,0.20287372028970263,0
114819,2012-09-11,0.2841780377427602,0
114820,2012-09-11,0.14076690042613943,0
114821,2012-09-11,0.18956527822385355,0
114822,2012-09-11,0.32489320761363844,0
114823,2012-09-11,0.4359001394837817,0
114824,2012-09-11,0.213564007759671,0
114825,2012-09-11,0.4480791234024989,0
114826,2012-09-11,0.5063288873296364,0
114827,2012-09-11,0.18387831349408387,0
114828,2012-09-11,0.18367705197964396,0
114829,2012-09-11,0.371471951441301,0
114830,2012-09-11,0.5141796891997458,1
114831,2012-09-11,0.11530895009219239,0
114832,2012-09-11,0.5104179597237261,0
114833,2012-09-11,0.3999114195809429,1
114834,2012-09-11,0.23448996263157523,0
114835,2012-09-11,0.39921141875325106,0
114836,2012-09-11,0.23690076116183015,0
114837,2012-09-11,0.44771739626618384,0
114838,2012-09-11,0.3635698129730982,0
114839,2012-09-11,0.3706072203212806,0
114840,2012-09-11,0.31566997697196475,1
114841,2012-09-11,0.52674722425043,0
114842,2012-09-11,0.20135427295707103,0
114843,2012-09-11,0.604437198813786,1
114844,2012-09-11,0.4632183316011792,1
114845,2012-09-11,0.3578529115565345,0
114846,2012-09-11,0.16545979134466596,0
114847,2012-09-11,0.30447493878142606,0
114848,2012-09-11,0.31032244743428616,0
114849,2012-09-11,0.210681346923487,0
114850,2012-09-11,0.2817226255837249,1
114851,2012-09-11,0.4945195909975919,0
114852,2012-09-11,0.41430028127108903,0
114853,2012-09-11,0.6821795007963679,0
114854,2012-09-11,0.4104358073992703,0
114855,2012-09-11,0.348829267869106,0
114856,2012-09-11,0.5959632865548906,0
114857,2012-09-11,0.33982405823457656,0
114858,2012-09-11,0.2783362176909155,0
114859,2012-09-11,0.10169722481893363,0
114860,2012-09-11,0.2847378128268296,0
114861,2012-09-11,0.19828589319022963,0
114862,2012-09-11,0.37864357542451166,0
114863,2012-09-11,0.3966970264600986,1
114864,2012-09-11,0.3968292465516534,1
114865,2012-09-11,0.38818290505271,0
114866,2012-09-11,0.39107299699286446,0
114867,2012-09-11,0.17809412349483644,0
114868,2012-09-11,0.3855220369190066,0
114869,2012-09-11,0.40362464192809583,0
114870,2012-09-11,0.20988533384630645,0
114871,2012-09-11,0.43371152144382624,1
114872,2012-09-11,0.2287543100245287,0
114873,2012-09-11,0.35542867687824514,1
114874,2012-09-11,0.23536424716283014,0
114875,2012-09-11,0.313356842244439,0
114876,2012-09-11,0.5031404360476238,0
114877,2012-09-11,0.35693033036746896,0
114878,2012-09-11,0.45361872994121766,1
114879,2012-09-11,0.25470845743602416,0
114880,2012-09-11,0.4133891102261047,0
114881,2012-09-11,0.37741693206814225,1
114882,2012-09-11,0.33435152069982327,1
114883,2012-09-11,0.23107945417634787,0
114884,2012-09-11,0.05856279013235653,0
114885,2012-09-11,0.31981082206205386,1
114886,2012-09-11,0.44729986149845957,1
114887,2012-09-11,0.15341007013246288,0
114888,2012-09-11,0.3257109562678047,0
114889,2012-09-11,0.16437688178215584,0
114890,2012-09-11,0.34390759425506723,0
114891,2012-09-11,0.40546984728523794,1
114892,2012-09-11,0.4486763475587249,0
114893,2012-09-11,0.2686190530036956,1
114894,2012-09-11,0.31215520627796595,0
114895,2012-09-11,0.40711566020114887,0
114896,2012-09-11,0.15228983589159284,0
114897,2012-09-11,0.45341563504520577,0
114898,2012-09-11,0.27705685353334375,0
114899,2012-09-11,0.28955284319265134,0
114900,2012-09-11,0.2573112696883483,0
114901,2012-09-11,0.30594893378050575,1
114902,2012-09-11,0.23844616090579968,1
114903,2012-09-11,0.2923487187886264,0
114904,2012-09-11,0.3274246454657987,1
114905,2012-09-11,0.10845548443278172,0
114906,2012-09-11,0.39083010591983963,0
114907,2012-09-11,0.23306964815710504,0
114908,2012-09-11,0.28424619155999337,0
114909,2012-09-11,0.38893925405836166,0
114910,2012-09-11,0.2577069762505057,1
114911,2012-09-11,0.4693842689785583,0
114912,2012-09-11,0.46149231956910663,0
114913,2012-09-11,0.27674344160947617,0
114914,2012-09-11,0.2912343511804816,0
114915,2012-09-11,0.24714096238524916,0
114916,2012-09-11,0.2734138157176605,0
114917,2012-09-11,0.6239235459388257,0
114918,2012-09-11,0.19857712511898246,0
114919,2012-09-11,0.4232813520358916,1
114920,2012-09-11,0.41267152222918835,0
114921,2012-09-11,0.3254073462197251,0
114922,2012-09-11,0.34626970211669555,0
114923,2012-09-11,0.11906153898866023,0
114924,2012-09-11,0.139533053132028,0
114925,2012-09-11,0.35286963308885533,0
114926,2012-09-11,0.3787437712135978,1
114927,2012-09-11,0.6770599955329452,1
114928,2012-09-11,0.4449485227218431,1
114929,2012-09-11,0.37945748427134296,0
114930,2012-09-11,0.25311070873320485,1
114931,2012-09-11,0.26142040496636343,0
114932,2012-09-11,0.20426611150528845,0
114933,2012-09-11,0.5854648451958926,1
114934,2012-09-11,0.1998423120052159,0
114935,2012-09-11,0.36046895933600137,0
114936,2012-09-11,0.26643060678046765,0
114937,2012-09-11,0.2921051499254447,0
114938,2012-09-11,0.2044802254511307,0
114939,2012-09-11,0.38028886623639335,1
114940,2012-09-11,0.31264449982485176,1
114941,2012-09-11,0.26192955835497034,1
114942,2012-09-11,0.08971635408720001,0
114943,2012-09-11,0.27150719844689414,0
114944,2012-09-11,0.5747392502397578,0
114945,2012-09-11,0.44931157886334755,1
114946,2012-09-11,0.5155539245898374,0
114947,2012-09-11,0.3211828688889359,0
114948,2012-09-11,0.25465993876940024,1
114949,2012-09-11,0.644974671252898,1
114950,2012-09-11,0.21906664183919639,0
114951,2012-09-11,0.2614043888267954,0
114952,2012-09-11,0.2620515905981746,0
114953,2012-09-11,0.41703362290138923,0
114954,2012-09-11,0.2105704053858193,1
114955,2012-09-11,0.18500195478253553,0
114956,2012-09-11,0.12251626790172311,0
114957,2012-09-11,0.37200414291037487,1
114958,2012-09-11,0.18660829981720709,0
114959,2012-09-11,0.2208181570338975,1
114960,2012-09-11,0.2933039957132293,0
114961,2012-09-11,0.48393031564740213,1
114962,2012-09-11,0.20072175281019786,0
114963,2012-09-11,0.17796670536049294,0
114964,2012-09-11,0.28838867413972613,0
114965,2012-09-11,0.22771497254412992,0
114966,2012-09-11,0.43238929958955546,0
114967,2012-09-11,0.22687763014531448,0
114968,2012-09-11,0.39894261659929614,1
114969,2012-09-11,0.3828073450890864,0
114970,2012-09-11,0.40910657342770224,0
114971,2012-09-11,0.3171709644202403,0
114972,2012-09-11,0.3333088836242637,0
114973,2012-09-11,0.28629218129279804,0
114974,2012-09-11,0.3333972990238529,0
114975,2012-09-11,0.3202138630460389,0
114976,2012-09-11,0.38931650598159806,1
114977,2012-09-11,0.4271490758054944,0
114978,2012-09-11,0.17029480230886557,0
114979,2012-09-11,0.26037948058238675,0
114980,2012-09-11,0.37850986558900135,1
114981,2012-09-11,0.3848840412599613,1
114982,2012-09-11,0.19581965586999342,0
114983,2012-09-11,0.35947147456064393,0
114984,2012-09-11,0.35048388154473237,0
114985,2012-09-11,0.3463130091271473,0
114986,2012-09-11,0.5293241799891367,0
114987,2012-09-11,0.36466481656402966,1
114988,2012-09-11,0.5088959598711091,1
114989,2012-09-11,0.2068229538945258,1
114990,2012-09-11,0.2838788968103003,0
114991,2012-09-11,0.34626160190353455,0
114992,2012-09-11,0.12133262297779393,0
114993,2012-09-11,0.378888114666534,1
114994,2012-09-11,0.32092087193414665,0
114995,2012-09-11,0.3461009953688444,1
114996,2012-09-11,0.3604904834890103,0
114997,2012-09-11,0.34413191018325595,0
114998,2012-09-11,0.4125234576054169,0
114999,2012-09-11,0.4366080052173219,1
115000,2012-09-11,0.5634308990137187,0
115001,2012-09-12,0.276439786411497,0
115002,2012-09-12,0.19696170088759565,0
115003,2012-09-12,0.5853236295509745,1
115004,2012-09-12,0.3288306445086637,0
115005,2012-09-12,0.32872238062395986,0
115006,2012-09-12,0.3771889133094837,0
115007,2012-09-12,0.22606390502461535,0
115008,2012-09-12,0.18411105000900993,0
115009,2012-09-12,0.34764693749112646,0
115010,2012-09-12,0.24637116323408567,0
115011,2012-09-12,0.33906279526259997,1
115012,2012-09-12,0.07867988209569271,0
115013,2012-09-12,0.2977968577529014,0
115014,2012-09-12,0.4821197901488175,0
115015,2012-09-12,0.24628154111907882,0
115016,2012-09-12,0.17305027065298556,0
115017,2012-09-12,0.28448327319753736,0
115018,2012-09-12,0.37331651859746917,1
115019,2012-09-12,0.5344046869896101,1
115020,2012-09-12,0.2699033704739618,0
115021,2012-09-12,0.44447096792610225,1
115022,2012-09-12,0.3584451700567278,0
115023,2012-09-12,0.2197848781125254,0
115024,2012-09-12,0.27048479003208403,0
115025,2012-09-12,0.24549222377787033,0
115026,2012-09-12,0.2340086825143743,0
115027,2012-09-12,0.32462578569947126,0
115028,2012-09-12,0.4089324752792869,0
115029,2012-09-12,0.5054167292484245,1
115030,2012-09-12,0.29226274821909837,0
115031,2012-09-12,0.17140134657334563,0
115032,2012-09-12,0.432904493107821,0
115033,2012-09-12,0.11481604114824666,0
115034,2012-09-12,0.28134951389315727,0
115035,2012-09-12,0.25553796857271033,0
115036,2012-09-12,0.23309407043088706,0
115037,2012-09-12,0.576971726435145,0
115038,2012-09-12,0.2375566556702092,0
115039,2012-09-12,0.5701293377020886,0
115040,2012-09-12,0.3841509375303761,0
115041,2012-09-12,0.1689103676038753,0
115042,2012-09-12,0.42252686270287054,1
115043,2012-09-12,0.2944030380709397,0
115044,2012-09-12,0.3256441025048361,0
115045,2012-09-12,0.45966916557960547,1
115046,2012-09-12,0.4793916049062039,0
115047,2012-09-12,0.30021460693747304,1
115048,2012-09-12,0.3375699077272329,0
115049,2012-09-12,0.3994287563413213,1
115050,2012-09-12,0.3549741957729634,0
115051,2012-09-12,0.23410961733121802,0
115052,2012-09-12,0.30750416140643877,0
115053,2012-09-12,0.4699391471192651,1
115054,2012-09-12,0.21830157294736732,0
115055,2012-09-12,0.14212347329129257,0
115056,2012-09-12,0.24309844047131207,0
115057,2012-09-12,0.3608912737921585,0
115058,2012-09-12,0.5525975503344108,0
115059,2012-09-12,0.22644945770055133,0
115060,2012-09-12,0.27297043783363617,0
115061,2012-09-12,0.3626969558441593,1
115062,2012-09-12,0.2957434258353861,0
115063,2012-09-12,0.32995060874046667,0
115064,2012-09-12,0.3920962871439037,0
115065,2012-09-12,0.6133120839410063,0
115066,2012-09-12,0.6025902881244823,0
115067,2012-09-12,0.36201060142511965,0
115068,2012-09-12,0.5145067400745889,1
115069,2012-09-12,0.3071114190624914,0
115070,2012-09-12,0.22452989759723233,0
115071,2012-09-12,0.3763852062093984,0
115072,2012-09-12,0.3951552624726685,0
115073,2012-09-12,0.2829224999444613,0
115074,2012-09-12,0.42688229835031793,0
115075,2012-09-12,0.16953251653463722,0
115076,2012-09-12,0.3445227830203099,0
115077,2012-09-12,0.3170846247201431,0
115078,2012-09-12,0.17376542065133832,0
115079,2012-09-12,0.44791515089059275,0
115080,2012-09-12,0.3838511027468418,0
115081,2012-09-12,0.2755823298709216,0
115082,2012-09-12,0.38252034936760027,1
115083,2012-09-12,0.3977246383456225,0
115084,2012-09-12,0.2744423884435056,0
115085,2012-09-12,0.30895027961531657,0
115086,2012-09-12,0.21407942795185153,0
115087,2012-09-12,0.36269891127349535,1
115088,2012-09-12,0.17174795857566807,1
115089,2012-09-12,0.33341068231013093,1
115090,2012-09-12,0.2615595146540254,0
115091,2012-09-12,0.5234316905768828,1
115092,2012-09-12,0.2938263875632667,0
115093,2012-09-12,0.34529786406620605,0
115094,2012-09-12,0.23746854730281763,0
115095,2012-09-12,0.10810905957547962,0
115096,2012-09-12,0.36815955110714443,1
115097,2012-09-12,0.4303075880251953,1
115098,2012-09-12,0.1966706131254428,0
115099,2012-09-12,0.36619512477423855,0
115100,2012-09-12,0.3764050008425186,1
115101,2012-09-12,0.39869091193214284,0
115102,2012-09-12,0.26226621227541264,0
115103,2012-09-12,0.2372519173385951,0
115104,2012-09-12,0.500745283618352,0
115105,2012-09-12,0.40315201433626063,0
115106,2012-09-12,0.3243760942561356,1
115107,2012-09-12,0.2584818216218699,0
115108,2012-09-12,0.5121067730858455,1
115109,2012-09-12,0.18474529545924695,0
115110,2012-09-12,0.340745001092618,1
115111,2012-09-12,0.2895689502989486,0
115112,2012-09-12,0.27230233359249184,0
115113,2012-09-12,0.30858480771474506,0
115114,2012-09-12,0.2579181528926998,1
115115,2012-09-12,0.3898398139457299,0
115116,2012-09-12,0.24403103143143545,0
115117,2012-09-12,0.2825373281700096,0
115118,2012-09-12,0.444264923398917,0
115119,2012-09-12,0.4464821703754864,0
115120,2012-09-12,0.4480302186522087,0
115121,2012-09-12,0.28012191757930055,0
115122,2012-09-12,0.4364973238108999,0
115123,2012-09-12,0.610298417287954,1
115124,2012-09-12,0.3781328952314914,1
115125,2012-09-12,0.42366783609941844,1
115126,2012-09-12,0.386331845473036,0
115127,2012-09-12,0.2680727626364836,1
115128,2012-09-12,0.2610710991130476,1
115129,2012-09-12,0.41001798904544784,1
115130,2012-09-12,0.3622221109664046,0
115131,2012-09-12,0.41064208614227937,0
115132,2012-09-12,0.3486646683772689,0
115133,2012-09-12,0.5376165952668299,0
115134,2012-09-12,0.48174295899347525,1
115135,2012-09-12,0.3286070625797486,0
115136,2012-09-12,0.2772386308486025,1
115137,2012-09-12,0.4431766432357302,1
115138,2012-09-12,0.5081300193496703,1
115139,2012-09-12,0.2445449813723367,0
115140,2012-09-12,0.5930712563328236,0
115141,2012-09-12,0.2417842744294591,0
115142,2012-09-12,0.09360307099395558,0
115143,2012-09-12,0.571743056280967,1
115144,2012-09-12,0.1764545663239787,0
115145,2012-09-12,0.39470538165594404,1
115146,2012-09-12,0.5329292370971069,0
115147,2012-09-12,0.35197851394871293,0
115148,2012-09-12,0.25373032001719104,0
115149,2012-09-12,0.24402554423593123,0
115150,2012-09-12,0.38486285661460645,1
115151,2012-09-12,0.29489485591914927,0
115152,2012-09-12,0.18865269651436875,0
115153,2012-09-12,0.2973017648878444,1
115154,2012-09-12,0.3205260346745571,0
115155,2012-09-12,0.3503789399022049,0
115156,2012-09-12,0.44637367027187874,1
115157,2012-09-12,0.32644341436698643,0
115158,2012-09-12,0.44803139386044266,0
115159,2012-09-12,0.4606780024138566,0
115160,2012-09-12,0.3853038329756121,1
115161,2012-09-12,0.2828906526672128,1
115162,2012-09-12,0.3181397916698384,1
115163,2012-09-12,0.39428030686796295,0
115164,2012-09-12,0.10930448440903637,0
115165,2012-09-12,0.4118014765584747,0
115166,2012-09-12,0.3197311957581472,0
115167,2012-09-12,0.36122331492701376,1
115168,2012-09-12,0.23400067350687465,0
115169,2012-09-12,0.36396065392115745,0
115170,2012-09-12,0.31232087184978086,0
115171,2012-09-12,0.4064382405563797,0
115172,2012-09-12,0.36897939518258355,0
115173,2012-09-12,0.37971251615395446,0
115174,2012-09-12,0.49716869736448666,1
115175,2012-09-12,0.38737819291211995,0
115176,2012-09-12,0.5804348383548439,1
115177,2012-09-12,0.3467536482671672,0
115178,2012-09-12,0.24804822771749468,0
115179,2012-09-12,0.38322202102634995,0
115180,2012-09-12,0.5066475164990181,0
115181,2012-09-12,0.4329840831434399,0
115182,2012-09-12,0.3296899273625136,1
115183,2012-09-12,0.363343144394876,0
115184,2012-09-12,0.28168560515605096,0
115185,2012-09-12,0.270694894498119,0
115186,2012-09-12,0.3696710614394821,0
115187,2012-09-12,0.10327540798943348,0
115188,2012-09-12,0.2846499535613944,0
115189,2012-09-12,0.3090852109782281,0
115190,2012-09-12,0.46106698279761377,0
115191,2012-09-12,0.5614327990528245,0
115192,2012-09-12,0.35398960373312777,0
115193,2012-09-12,0.6340805667625373,1
115194,2012-09-12,0.4092416511712801,0
115195,2012-09-12,0.3108372808877386,0
115196,2012-09-12,0.619688012318899,1
115197,2012-09-12,0.19381821313846706,0
115198,2012-09-12,0.3837022234550716,1
115199,2012-09-12,0.494041543767225,0
115200,2012-09-12,0.24624760261234552,0
115201,2012-09-12,0.11619592240434139,0
115202,2012-09-12,0.28340846416258325,0
115203,2012-09-12,0.3993154027677693,1
115204,2012-09-12,0.37089073359728925,0
115205,2012-09-12,0.3489264958679874,0
115206,2012-09-12,0.513340554410835,0
115207,2012-09-12,0.36159969524550634,1
115208,2012-09-12,0.2652457425951333,0
115209,2012-09-12,0.44151447615915485,0
115210,2012-09-12,0.5797225280828653,0
115211,2012-09-12,0.5351531038891177,0
115212,2012-09-12,0.14409785156528246,0
115213,2012-09-12,0.307399168493914,0
115214,2012-09-12,0.2830701962900011,0
115215,2012-09-12,0.4464951223521628,1
115216,2012-09-12,0.27713938853260567,0
115217,2012-09-12,0.3268764595184709,1
115218,2012-09-12,0.3373432466461353,0
115219,2012-09-12,0.3902464545300861,0
115220,2012-09-12,0.3925560931576248,0
115221,2012-09-12,0.479194740915567,0
115222,2012-09-12,0.26966071674432673,0
115223,2012-09-12,0.30362823112437015,0
115224,2012-09-12,0.25193912940650937,0
115225,2012-09-12,0.43415292686819684,0
115226,2012-09-12,0.5338431332540879,1
115227,2012-09-12,0.3983818805149352,0
115228,2012-09-12,0.3101685213910205,0
115229,2012-09-12,0.31355798453260014,1
115230,2012-09-12,0.21248051921850702,0
115231,2012-09-12,0.6030183213284576,1
115232,2012-09-12,0.3719385615882449,0
115233,2012-09-12,0.3770221372938976,0
115234,2012-09-12,0.18128534761037327,0
115235,2012-09-12,0.13861000019258748,0
115236,2012-09-12,0.18913113035152682,0
115237,2012-09-12,0.39932218706426836,1
115238,2012-09-12,0.22609287484460955,0
115239,2012-09-12,0.31275667609658897,0
115240,2012-09-12,0.254209218103282,0
115241,2012-09-12,0.42942404583020377,0
115242,2012-09-12,0.5176257235872291,0
115243,2012-09-12,0.15857479405785194,0
115244,2012-09-12,0.20885450836427707,0
115245,2012-09-12,0.3361389337021847,0
115246,2012-09-12,0.41476557649717277,0
115247,2012-09-12,0.34602821766270264,1
115248,2012-09-12,0.31788371681427297,0
115249,2012-09-12,0.24509568784072108,0
115250,2012-09-12,0.3189160532880041,0
115251,2012-09-12,0.3495854089609946,0
115252,2012-09-12,0.29978358114521586,1
115253,2012-09-12,0.351574188305376,0
115254,2012-09-12,0.1831652882554551,1
115255,2012-09-12,0.29690390678991646,1
115256,2012-09-12,0.3527972101289741,0
115257,2012-09-12,0.36293549598791375,0
115258,2012-09-12,0.29148248648936403,0
115259,2012-09-12,0.5758233640828857,0
115260,2012-09-12,0.12360141551926263,0
115261,2012-09-12,0.42206372482900373,1
115262,2012-09-12,0.4824313599520658,0
115263,2012-09-12,0.4827195967348188,0
115264,2012-09-12,0.3313709534563151,0
115265,2012-09-12,0.3641349748674874,0
115266,2012-09-12,0.22959290048927394,0
115267,2012-09-12,0.41706573886963383,0
115268,2012-09-12,0.45943312731717884,0
115269,2012-09-12,0.41530230301629095,0
115270,2012-09-12,0.29499025906487986,0
115271,2012-09-12,0.2829486967392053,0
115272,2012-09-12,0.5943011140776926,1
115273,2012-09-12,0.5616608711730343,0
115274,2012-09-12,0.38934223933095946,0
115275,2012-09-12,0.260812819765377,0
115276,2012-09-12,0.22887190298254292,0
115277,2012-09-12,0.17943348718705412,0
115278,2012-09-12,0.28565789007428133,0
115279,2012-09-12,0.3519731853114262,0
115280,2012-09-12,0.570537409914784,0
115281,2012-09-12,0.2659523926876239,0
115282,2012-09-12,0.43558034786171224,1
115283,2012-09-12,0.31117907036558323,0
115284,2012-09-12,0.38357750279691644,1
115285,2012-09-12,0.2366870372816369,0
115286,2012-09-12,0.1152964321817885,0
115287,2012-09-12,0.28185544770471205,1
115288,2012-09-12,0.1950931729841696,0
115289,2012-09-12,0.6360309349459616,0
115290,2012-09-12,0.31681419017303153,0
115291,2012-09-12,0.4012364142605328,0
115292,2012-09-12,0.31053260227987534,0
115293,2012-09-12,0.524085120030304,0
115294,2012-09-12,0.5525454689625166,0
115295,2012-09-12,0.3450806148159642,0
115296,2012-09-12,0.4674782526749505,0
115297,2012-09-12,0.5563487092408138,0
115298,2012-09-12,0.22141710880322318,1
115299,2012-09-12,0.5058188192779615,0
115300,2012-09-12,0.20936188693239127,0
115301,2012-09-12,0.2924303437689737,1
115302,2012-09-12,0.22444994790438774,0
115303,2012-09-12,0.27123115755235505,1
115304,2012-09-12,0.31592048888376667,0
115305,2012-09-12,0.34855406887479334,0
115306,2012-09-12,0.2261885455628714,0
115307,2012-09-12,0.3330902243351318,0
115308,2012-09-12,0.43817846113046227,0
115309,2012-09-12,0.47585399613939694,0
115310,2012-09-12,0.2748799687356011,1
115311,2012-09-12,0.4907441315893676,0
115312,2012-09-12,0.3870099069840823,0
115313,2012-09-12,0.20364613413034732,0
115314,2012-09-12,0.5741911003097928,0
115315,2012-09-12,0.42040070358670445,0
115316,2012-09-12,0.2673997331221465,0
115317,2012-09-12,0.31300687271694244,1
115318,2012-09-12,0.1781106748638109,0
115319,2012-09-12,0.30473933561673405,0
115320,2012-09-12,0.14234610828136418,0
115321,2012-09-12,0.2667102015048585,0
115322,2012-09-12,0.5814800786330456,0
115323,2012-09-12,0.530738395566583,0
115324,2012-09-12,0.4053057572854777,0
115325,2012-09-12,0.5443217915452064,1
115326,2012-09-12,0.27310379202341273,0
115327,2012-09-12,0.2850289510346653,0
115328,2012-09-12,0.20245876091573556,0
115329,2012-09-12,0.3116687360824618,0
115330,2012-09-12,0.14307573265899573,0
115331,2012-09-12,0.6156518086357946,1
115332,2012-09-12,0.42671750023199584,0
115333,2012-09-12,0.45732465666509503,1
115334,2012-09-12,0.6110734975656045,1
115335,2012-09-12,0.37724574758807883,0
115336,2012-09-12,0.2927296055614854,0
115337,2012-09-12,0.655462390327507,0
115338,2012-09-12,0.216984764179423,0
115339,2012-09-12,0.23691833468899476,0
115340,2012-09-12,0.21135287915215084,0
115341,2012-09-12,0.6178815227514873,1
115342,2012-09-12,0.30920505137336984,1
115343,2012-09-12,0.23539171350553847,0
115344,2012-09-12,0.3155849163276053,1
115345,2012-09-12,0.32005866757754226,0
115346,2012-09-12,0.32391315491143374,0
115347,2012-09-12,0.22243490681942354,0
115348,2012-09-12,0.3950815674498493,1
115349,2012-09-12,0.2327900126178373,0
115350,2012-09-12,0.5353013934739229,0
115351,2012-09-12,0.4468794273921599,1
115352,2012-09-12,0.33378891700950786,0
115353,2012-09-12,0.19795031154418546,0
115354,2012-09-12,0.6592294836591575,0
115355,2012-09-12,0.2077418597724066,1
115356,2012-09-12,0.6432670025904191,0
115357,2012-09-12,0.2947837790674582,1
115358,2012-09-12,0.35821805801445217,0
115359,2012-09-12,0.47023768237865804,1
115360,2012-09-12,0.3122260027142542,0
115361,2012-09-12,0.47918343718714623,0
115362,2012-09-12,0.6988638461751332,1
115363,2012-09-12,0.3566894337020602,0
115364,2012-09-12,0.39711266716489463,1
115365,2012-09-12,0.36106735225199643,0
115366,2012-09-12,0.5127230810858708,1
115367,2012-09-12,0.2583546669791971,0
115368,2012-09-12,0.31814527454487557,0
115369,2012-09-12,0.5080898543969857,1
115370,2012-09-12,0.3027772197061023,0
115371,2012-09-12,0.3492519482358448,0
115372,2012-09-12,0.6543048589776873,1
115373,2012-09-12,0.26829078946137064,0
115374,2012-09-12,0.37606561110309505,0
115375,2012-09-12,0.4711743039028659,0
115376,2012-09-12,0.42331389532759783,1
115377,2012-09-12,0.4064109165279388,0
115378,2012-09-12,0.3194277923481688,1
115379,2012-09-12,0.20303368061142454,0
115380,2012-09-12,0.19832518009338937,1
115381,2012-09-12,0.29728325971784586,1
115382,2012-09-12,0.3465228804672532,0
115383,2012-09-12,0.12179095345819807,0
115384,2012-09-12,0.38975985096252735,0
115385,2012-09-12,0.4346816759364397,0
115386,2012-09-12,0.12492130908474991,0
115387,2012-09-12,0.27154232957812086,0
115388,2012-09-12,0.28972827967071224,0
115389,2012-09-12,0.4092176530278458,1
115390,2012-09-12,0.20215358787736515,1
115391,2012-09-12,0.2005523236553788,0
115392,2012-09-12,0.20590940207334135,0
115393,2012-09-12,0.17564712875559627,0
115394,2012-09-12,0.12383133333105063,0
115395,2012-09-12,0.2871169976226038,0
115396,2012-09-12,0.4150447256639103,0
115397,2012-09-12,0.4783486694294843,0
115398,2012-09-12,0.5551437542068856,1
115399,2012-09-12,0.47977153502286,1
115400,2012-09-12,0.4902923764123148,0
115401,2012-09-12,0.29626035527135863,0
115402,2012-09-12,0.4861032047584788,1
115403,2012-09-12,0.2462911426976573,1
115404,2012-09-12,0.3998795194966457,0
115405,2012-09-12,0.2626146987956844,0
115406,2012-09-12,0.24031016409735886,1
115407,2012-09-12,0.5323490035564121,1
115408,2012-09-12,0.3589553892672843,0
115409,2012-09-12,0.22113171476573654,1
115410,2012-09-12,0.16234987624269712,0
115411,2012-09-12,0.2366108195959595,1
115412,2012-09-12,0.5903067187309188,0
115413,2012-09-12,0.18089598854931063,0
115414,2012-09-12,0.509537844747723,0
115415,2012-09-12,0.3566964580582366,0
115416,2012-09-12,0.1129716205045114,0
115417,2012-09-12,0.43910545942065526,1
115418,2012-09-12,0.2988687028983816,0
115419,2012-09-12,0.3202767072968785,0
115420,2012-09-12,0.349194663462387,0
115421,2012-09-12,0.46624942342947756,1
115422,2012-09-12,0.1717957124359212,0
115423,2012-09-12,0.12172323899595468,0
115424,2012-09-12,0.3687830292475206,0
115425,2012-09-12,0.3076345013191968,0
115426,2012-09-12,0.13235660581372316,0
115427,2012-09-12,0.15213066854154092,0
115428,2012-09-12,0.36385649110317025,0
115429,2012-09-12,0.29385939934565647,0
115430,2012-09-12,0.3658091589556407,1
115431,2012-09-12,0.5175486574031041,0
115432,2012-09-12,0.4227480220138541,0
115433,2012-09-12,0.5557737689067067,0
115434,2012-09-12,0.29349048260815286,0
115435,2012-09-12,0.261661702872784,0
115436,2012-09-12,0.3258813902629522,1
115437,2012-09-12,0.31103000220257393,0
115438,2012-09-12,0.471546210882884,0
115439,2012-09-12,0.19732033693484505,0
115440,2012-09-12,0.380472129252418,1
115441,2012-09-12,0.3393677503975952,0
115442,2012-09-12,0.4864407729493053,0
115443,2012-09-12,0.4240595021357213,0
115444,2012-09-12,0.22532624628235384,0
115445,2012-09-12,0.36082487113196127,0
115446,2012-09-12,0.46014598106769133,1
115447,2012-09-12,0.38276669114462913,1
115448,2012-09-12,0.405631467947278,1
115449,2012-09-12,0.38407461318481423,1
115450,2012-09-12,0.5037588715314978,1
115451,2012-09-12,0.331068707647067,0
115452,2012-09-12,0.44583624068048544,1
115453,2012-09-12,0.38155734314803036,1
115454,2012-09-12,0.2395193472264273,0
115455,2012-09-12,0.3171925111210983,0
115456,2012-09-12,0.43383569697999086,0
115457,2012-09-12,0.4484883424130185,1
115458,2012-09-12,0.39112331778304954,1
115459,2012-09-12,0.5230999987848562,1
115460,2012-09-12,0.4379237963425991,0
115461,2012-09-12,0.4614941627939445,0
115462,2012-09-12,0.5353260724845949,0
115463,2012-09-12,0.5968873271793893,0
115464,2012-09-12,0.5378322935804218,0
115465,2012-09-12,0.28462545059340266,0
115466,2012-09-12,0.7515796470068009,1
115467,2012-09-12,0.46983124970056,0
115468,2012-09-12,0.3528227622068395,1
115469,2012-09-12,0.3936536957194118,0
115470,2012-09-12,0.6223676364292409,0
115471,2012-09-12,0.43989434562915164,0
115472,2012-09-12,0.5627321908275326,0
115473,2012-09-12,0.2476794290877808,0
115474,2012-09-12,0.35975771813431895,0
115475,2012-09-12,0.543326226342896,1
115476,2012-09-12,0.2604704890982418,0
115477,2012-09-12,0.32543443500441344,0
115478,2012-09-12,0.5125633676394,0
115479,2012-09-12,0.21990392549535617,0
115480,2012-09-12,0.2759869051610658,0
115481,2012-09-12,0.4670512144064441,0
115482,2012-09-12,0.4284220905422353,1
115483,2012-09-12,0.2794989225138047,0
115484,2012-09-12,0.3453310761389659,0
115485,2012-09-12,0.30736732927883265,0
115486,2012-09-12,0.20088192338084376,0
115487,2012-09-12,0.16971714441481003,0
115488,2012-09-12,0.41279674338284184,0
115489,2012-09-12,0.2517958684515367,0
115490,2012-09-12,0.2815116704948612,1
115491,2012-09-12,0.4404350022293527,1
115492,2012-09-12,0.5102480775888154,0
115493,2012-09-12,0.3121403872771495,0
115494,2012-09-12,0.36906205082278914,0
115495,2012-09-12,0.5409876636610322,1
115496,2012-09-12,0.3354261274664674,1
115497,2012-09-12,0.36210742681004215,1
115498,2012-09-12,0.4896624962934773,0
115499,2012-09-12,0.20630161581409437,0
115500,2012-09-12,0.1940007820210291,0
115501,2012-09-12,0.4680100460893388,0
115502,2012-09-12,0.16864307820952254,0
115503,2012-09-12,0.49679656545902307,1
115504,2012-09-12,0.5764681802341382,1
115505,2012-09-12,0.2538621544410313,0
115506,2012-09-12,0.3109173818753459,0
115507,2012-09-12,0.33712247245721233,0
115508,2012-09-12,0.32429848280644846,0
115509,2012-09-12,0.4116877173622799,0
115510,2012-09-12,0.24323518718910528,0
115511,2012-09-12,0.253675018422575,0
115512,2012-09-13,0.3136489120722158,0
115513,2012-09-13,0.3517355477934377,0
115514,2012-09-13,0.4982675173529612,1
115515,2012-09-13,0.4821762947072922,0
115516,2012-09-13,0.396316960810413,0
115517,2012-09-13,0.30029535519279493,0
115518,2012-09-13,0.2548552079589308,1
115519,2012-09-13,0.35982062019560873,0
115520,2012-09-13,0.451000099927127,0
115521,2012-09-13,0.5391929795524297,0
115522,2012-09-13,0.3273487344701871,1
115523,2012-09-13,0.2280977201749586,0
115524,2012-09-13,0.39722305953839143,1
115525,2012-09-13,0.29328543703005133,0
115526,2012-09-13,0.3625577754084771,0
115527,2012-09-13,0.24108634194452716,0
115528,2012-09-13,0.2477192358437989,0
115529,2012-09-13,0.3320313207837207,0
115530,2012-09-13,0.32794589627336795,1
115531,2012-09-13,0.4403445274263771,0
115532,2012-09-13,0.45529696145871557,0
115533,2012-09-13,0.3095897919274104,0
115534,2012-09-13,0.16807670503171485,0
115535,2012-09-13,0.49663752739187356,1
115536,2012-09-13,0.29512752856950086,0
115537,2012-09-13,0.27447197836219495,0
115538,2012-09-13,0.4068480884881959,0
115539,2012-09-13,0.39621298352717216,0
115540,2012-09-13,0.462110979301821,0
115541,2012-09-13,0.21747345473667645,0
115542,2012-09-13,0.3146822008852116,1
115543,2012-09-13,0.4265248470843092,1
115544,2012-09-13,0.3672134155377215,0
115545,2012-09-13,0.4137284389121624,0
115546,2012-09-13,0.27749505178547146,1
115547,2012-09-13,0.4520734834991317,1
115548,2012-09-13,0.29064466764814517,0
115549,2012-09-13,0.3804069889576785,0
115550,2012-09-13,0.24158514245682544,0
115551,2012-09-13,0.5407933706119851,1
115552,2012-09-13,0.40205302161253775,1
115553,2012-09-13,0.31937274680365735,0
115554,2012-09-13,0.3943326769788216,0
115555,2012-09-13,0.3616031357976175,0
115556,2012-09-13,0.25750990725546313,1
115557,2012-09-13,0.3192327847820192,0
115558,2012-09-13,0.4753300152974087,0
115559,2012-09-13,0.39169463426372775,0
115560,2012-09-13,0.1804349517244965,0
115561,2012-09-13,0.526264248906724,0
115562,2012-09-13,0.3413257404234695,0
115563,2012-09-13,0.3738999484453537,0
115564,2012-09-13,0.27758846931228165,0
115565,2012-09-13,0.3405665616063479,0
115566,2012-09-13,0.26423461492321754,0
115567,2012-09-13,0.2933856920879614,0
115568,2012-09-13,0.22371429301495976,0
115569,2012-09-13,0.4033851953694942,0
115570,2012-09-13,0.44090813927644246,1
115571,2012-09-13,0.19714718062223327,0
115572,2012-09-13,0.41510783517131056,0
115573,2012-09-13,0.3942410564897019,0
115574,2012-09-13,0.369491832253878,0
115575,2012-09-13,0.31413070430478474,0
115576,2012-09-13,0.3938497762151698,0
115577,2012-09-13,0.37391938176485046,0
115578,2012-09-13,0.2550547355134637,0
115579,2012-09-13,0.32782949670169725,0
115580,2012-09-13,0.23138895833901443,1
115581,2012-09-13,0.32198988525033667,0
115582,2012-09-13,0.41092518486319146,0
115583,2012-09-13,0.40381881500868955,0
115584,2012-09-13,0.3925040646022656,0
115585,2012-09-13,0.28781841918072043,0
115586,2012-09-13,0.25553250972525504,0
115587,2012-09-13,0.28217249866095456,0
115588,2012-09-13,0.38284336847151307,0
115589,2012-09-13,0.32283128669378214,0
115590,2012-09-13,0.36879578286797127,0
115591,2012-09-13,0.23745947949834115,0
115592,2012-09-13,0.4449601432463523,0
115593,2012-09-13,0.1419499693152879,0
115594,2012-09-13,0.201500062318076,0
115595,2012-09-13,0.17663804773764177,0
115596,2012-09-13,0.305167393682274,0
115597,2012-09-13,0.13717118083017618,0
115598,2012-09-13,0.2939343165997038,0
115599,2012-09-13,0.24633428045793215,0
115600,2012-09-13,0.3189205538972922,0
115601,2012-09-13,0.3764448599866602,0
115602,2012-09-13,0.11011450715305672,0
115603,2012-09-13,0.6598813063560514,1
115604,2012-09-13,0.3185343856334464,0
115605,2012-09-13,0.32169836176534816,0
115606,2012-09-13,0.3424087694711032,0
115607,2012-09-13,0.5856678859213,1
115608,2012-09-13,0.48330331234614177,0
115609,2012-09-13,0.44766399596470957,0
115610,2012-09-13,0.3035842022710999,0
115611,2012-09-13,0.314889127604377,1
115612,2012-09-13,0.3503011602337885,0
115613,2012-09-13,0.34537254618602725,0
115614,2012-09-13,0.40463866413644994,0
115615,2012-09-13,0.26979191000877084,0
115616,2012-09-13,0.4242347964009432,0
115617,2012-09-13,0.5047808637619212,0
115618,2012-09-13,0.5574973149542465,1
115619,2012-09-13,0.3704472384758433,0
115620,2012-09-13,0.3567154906648012,0
115621,2012-09-13,0.3414426743020335,0
115622,2012-09-13,0.2454133876100553,0
115623,2012-09-13,0.5599722475494257,0
115624,2012-09-13,0.36654332132344336,1
115625,2012-09-13,0.1437763056462369,0
115626,2012-09-13,0.4494734402539043,1
115627,2012-09-13,0.38997717638798846,0
115628,2012-09-13,0.6637628005739247,0
115629,2012-09-13,0.30209422134644137,0
115630,2012-09-13,0.66949091181566,0
115631,2012-09-13,0.267142451717329,0
115632,2012-09-13,0.2685824723589359,1
115633,2012-09-13,0.22729919261209436,0
115634,2012-09-13,0.44156377052241685,0
115635,2012-09-13,0.4108678896693315,1
115636,2012-09-13,0.23413385830268463,0
115637,2012-09-13,0.33561497537954355,0
115638,2012-09-13,0.2540374286985818,1
115639,2012-09-13,0.6085720499452675,0
115640,2012-09-13,0.14998379035235476,0
115641,2012-09-13,0.4802823449764999,1
115642,2012-09-13,0.27230850548411545,0
115643,2012-09-13,0.4317899757206834,0
115644,2012-09-13,0.6120363974541909,0
115645,2012-09-13,0.5221921327011277,1
115646,2012-09-13,0.23173472771954073,1
115647,2012-09-13,0.22765963797690453,0
115648,2012-09-13,0.4271797452102494,0
115649,2012-09-13,0.17671018266503075,0
115650,2012-09-13,0.3965583543020248,0
115651,2012-09-13,0.4667936369390224,1
115652,2012-09-13,0.46063786169511234,0
115653,2012-09-13,0.4470831169967062,1
115654,2012-09-13,0.487177606014086,1
115655,2012-09-13,0.1415110810346448,0
115656,2012-09-13,0.2682861618531434,0
115657,2012-09-13,0.436514410099045,0
115658,2012-09-13,0.20113827920791072,0
115659,2012-09-13,0.2488832185059693,0
115660,2012-09-13,0.2645408751973755,0
115661,2012-09-13,0.6043294728786696,1
115662,2012-09-13,0.4943434241782158,0
115663,2012-09-13,0.2973242776070311,0
115664,2012-09-13,0.22482330374397022,1
115665,2012-09-13,0.32876345226629816,0
115666,2012-09-13,0.23744198817213216,0
115667,2012-09-13,0.4852288690266496,0
115668,2012-09-13,0.5323938560892005,0
115669,2012-09-13,0.2627010150912332,0
115670,2012-09-13,0.40985901283918313,0
115671,2012-09-13,0.27494405327488713,0
115672,2012-09-13,0.25734963259845656,1
115673,2012-09-13,0.3547123071558565,0
115674,2012-09-13,0.3704472384758433,0
115675,2012-09-13,0.5786395464469434,1
115676,2012-09-13,0.4191696310927796,0
115677,2012-09-13,0.5462820913596268,1
115678,2012-09-13,0.41312071985364635,1
115679,2012-09-13,0.2997465912350471,0
115680,2012-09-13,0.22376703754415242,0
115681,2012-09-13,0.2617897693635425,1
115682,2012-09-13,0.5086337150229542,0
115683,2012-09-13,0.3629368407305943,0
115684,2012-09-13,0.4507080556166776,0
115685,2012-09-13,0.25527735125362844,0
115686,2012-09-13,0.35653793545279666,0
115687,2012-09-13,0.5565813115615925,1
115688,2012-09-13,0.5668105887295929,0
115689,2012-09-13,0.39176629419783593,0
115690,2012-09-13,0.27474017879685775,0
115691,2012-09-13,0.5405047583699527,0
115692,2012-09-13,0.15458765326402826,0
115693,2012-09-13,0.24487820170821792,1
115694,2012-09-13,0.38786209758375606,0
115695,2012-09-13,0.5424971497017025,1
115696,2012-09-13,0.30622816395832336,0
115697,2012-09-13,0.4235975456990502,1
115698,2012-09-13,0.12247382994273535,0
115699,2012-09-13,0.28375883221482284,0
115700,2012-09-13,0.6318456960689157,1
115701,2012-09-13,0.2558684904117483,0
115702,2012-09-13,0.24647215693636673,0
115703,2012-09-13,0.46465310355414907,1
115704,2012-09-13,0.41624222606246025,0
115705,2012-09-13,0.6347837685029464,0
115706,2012-09-13,0.31088453984647146,0
115707,2012-09-13,0.3406386885419081,0
115708,2012-09-13,0.3053659153468401,0
115709,2012-09-13,0.4961087715048491,1
115710,2012-09-13,0.2977822562296252,0
115711,2012-09-13,0.5337202176123182,0
115712,2012-09-13,0.15668032170995516,0
115713,2012-09-13,0.2913546793048088,0
115714,2012-09-13,0.3596433715214438,0
115715,2012-09-13,0.25301815804507166,0
115716,2012-09-13,0.30687318563179355,0
115717,2012-09-13,0.26157852332917,0
115718,2012-09-13,0.1422910102082295,0
115719,2012-09-13,0.2735350047762943,0
115720,2012-09-13,0.2955883926053734,0
115721,2012-09-13,0.18968475790623657,1
115722,2012-09-13,0.2695619844379015,0
115723,2012-09-13,0.17779699518126546,0
115724,2012-09-13,0.10262911718869462,0
115725,2012-09-13,0.35296086954880956,1
115726,2012-09-13,0.28476374520099845,1
115727,2012-09-13,0.47091693857906486,0
115728,2012-09-13,0.3484999016523447,1
115729,2012-09-13,0.37457851758919597,0
115730,2012-09-13,0.271319373865345,0
115731,2012-09-13,0.3547466533799568,0
115732,2012-09-13,0.2856914289007268,0
115733,2012-09-13,0.22635412119781925,0
115734,2012-09-13,0.42083799067317446,0
115735,2012-09-13,0.2461438188140775,0
115736,2012-09-13,0.15629111081368843,0
115737,2012-09-13,0.3313199489974426,0
115738,2012-09-13,0.3664888009468702,0
115739,2012-09-13,0.15578188418627048,0
115740,2012-09-13,0.16346355733334414,0
115741,2012-09-13,0.23558493800944633,0
115742,2012-09-13,0.28237124190649726,0
115743,2012-09-13,0.41341071164191157,0
115744,2012-09-13,0.4973616204550889,0
115745,2012-09-13,0.4329359703852496,1
115746,2012-09-13,0.47235101885067476,0
115747,2012-09-13,0.40911727217555277,1
115748,2012-09-13,0.3188507436575034,0
115749,2012-09-13,0.3244612497861731,1
115750,2012-09-13,0.6063687178151657,0
115751,2012-09-13,0.22521387153813088,0
115752,2012-09-13,0.24566064144029454,0
115753,2012-09-13,0.40172824246952565,0
115754,2012-09-13,0.21986857059753107,1
115755,2012-09-13,0.38671199590894556,0
115756,2012-09-13,0.3858624514204259,0
115757,2012-09-13,0.17514180129666715,0
115758,2012-09-13,0.2835225229610098,1
115759,2012-09-13,0.37262192680674394,0
115760,2012-09-13,0.2511567779336531,0
115761,2012-09-13,0.28653917039587434,0
115762,2012-09-13,0.20868153797781222,0
115763,2012-09-13,0.43980382617199043,1
115764,2012-09-13,0.24984724965404465,0
115765,2012-09-13,0.35644172183064143,1
115766,2012-09-13,0.23597537107902533,0
115767,2012-09-13,0.12954276764458675,0
115768,2012-09-13,0.4003994978897662,0
115769,2012-09-13,0.5760996113664427,0
115770,2012-09-13,0.1733211070638818,0
115771,2012-09-13,0.5033396929755486,1
115772,2012-09-13,0.37264721866992034,0
115773,2012-09-13,0.3189466254530649,0
115774,2012-09-13,0.3969910246189253,0
115775,2012-09-13,0.20767642319224786,0
115776,2012-09-13,0.377488247702165,0
115777,2012-09-13,0.34567386122540733,1
115778,2012-09-13,0.4960524922229357,0
115779,2012-09-13,0.20846252765966036,0
115780,2012-09-13,0.4492285914948665,0
115781,2012-09-13,0.2759037276897017,0
115782,2012-09-13,0.2864613058303893,0
115783,2012-09-13,0.4813398528274203,1
115784,2012-09-13,0.2145031244800514,0
115785,2012-09-13,0.21916328346194483,0
115786,2012-09-13,0.45380622016734123,1
115787,2012-09-13,0.18896504625528623,0
115788,2012-09-13,0.3003966733043419,1
115789,2012-09-13,0.5551432950730494,1
115790,2012-09-13,0.32247001818631726,0
115791,2012-09-13,0.2130308468190194,1
115792,2012-09-13,0.28901974551142073,0
115793,2012-09-13,0.21102753021500611,0
115794,2012-09-13,0.3674480527203598,0
115795,2012-09-13,0.3876733397506297,0
115796,2012-09-13,0.4128017543161727,0
115797,2012-09-13,0.3843416961954116,1
115798,2012-09-13,0.20718876995953167,1
115799,2012-09-13,0.6492848336153317,0
115800,2012-09-13,0.25440042160957965,1
115801,2012-09-13,0.3225485142832146,0
115802,2012-09-13,0.3576927626189752,0
115803,2012-09-13,0.3544504775331779,0
115804,2012-09-13,0.2832865987956207,0
115805,2012-09-13,0.37419386898262574,0
115806,2012-09-13,0.35790183830024946,1
115807,2012-09-13,0.45060602843175535,0
115808,2012-09-13,0.20705023483264898,0
115809,2012-09-13,0.3130720866872779,1
115810,2012-09-13,0.27936241691814484,0
115811,2012-09-13,0.26659172177254076,1
115812,2012-09-13,0.19001232973363394,0
115813,2012-09-13,0.23902465454556576,0
115814,2012-09-13,0.39563384157514514,0
115815,2012-09-13,0.2590957604949857,0
115816,2012-09-13,0.34436192784659586,0
115817,2012-09-13,0.3321346213154256,0
115818,2012-09-13,0.42149485397165903,0
115819,2012-09-13,0.18564301910287187,0
115820,2012-09-13,0.25937870237742827,0
115821,2012-09-13,0.314814036237165,0
115822,2012-09-13,0.22506642529474372,1
115823,2012-09-13,0.24472870330227484,0
115824,2012-09-13,0.19602061885017374,0
115825,2012-09-13,0.17324012922101018,0
115826,2012-09-13,0.3039006603772167,0
115827,2012-09-13,0.3264129706553897,0
115828,2012-09-13,0.4199531252643616,0
115829,2012-09-13,0.39178058036809266,1
115830,2012-09-13,0.25708375458252375,0
115831,2012-09-13,0.3851002187734829,1
115832,2012-09-13,0.32444379969097165,0
115833,2012-09-13,0.4985930207189355,0
115834,2012-09-13,0.22079719392146013,0
115835,2012-09-13,0.4374449403617399,1
115836,2012-09-14,0.6394405591041546,1
115837,2012-09-14,0.5265413951208809,0
115838,2012-09-14,0.3778533332417477,1
115839,2012-09-14,0.3598461385848248,1
115840,2012-09-14,0.19730733473167003,0
115841,2012-09-14,0.23961879776800893,0
115842,2012-09-14,0.33200878154858615,0
115843,2012-09-14,0.21790428885695973,1
115844,2012-09-14,0.20060853190949737,0
115845,2012-09-14,0.39294091366908285,0
115846,2012-09-14,0.1626874035090311,0
115847,2012-09-14,0.48121874015778265,0
115848,2012-09-14,0.5654707537256246,0
115849,2012-09-14,0.18181518024461263,1
115850,2012-09-14,0.4420146296337036,1
115851,2012-09-14,0.2920395384914188,0
115852,2012-09-14,0.3862561843054358,1
115853,2012-09-14,0.4933833034563919,1
115854,2012-09-14,0.39040395279365214,1
115855,2012-09-14,0.16701617612277814,0
115856,2012-09-14,0.3152538064745302,0
115857,2012-09-14,0.4665496834770654,0
115858,2012-09-14,0.3818750293987843,0
115859,2012-09-14,0.43196358939662444,1
115860,2012-09-14,0.172383691202411,0
115861,2012-09-14,0.26064011142879373,0
115862,2012-09-14,0.4707208676956063,1
115863,2012-09-14,0.31185942016122264,1
115864,2012-09-14,0.2339872353784588,0
115865,2012-09-14,0.33086031797962107,0
115866,2012-09-14,0.4118906528056807,0
115867,2012-09-14,0.26176609768854764,0
115868,2012-09-14,0.23082942864009276,0
115869,2012-09-14,0.16419404276866995,0
115870,2012-09-14,0.2181172641734442,0
115871,2012-09-14,0.21448286182930387,0
115872,2012-09-14,0.348721398663548,0
115873,2012-09-14,0.25691564905369646,0
115874,2012-09-14,0.33007699238633975,1
115875,2012-09-14,0.6308366413533587,0
115876,2012-09-14,0.34051808277389767,0
115877,2012-09-14,0.2897563887207393,0
115878,2012-09-14,0.17746704007354852,0
115879,2012-09-14,0.6004919539842948,1
115880,2012-09-14,0.3579137353410121,0
115881,2012-09-14,0.3521979454890679,0
115882,2012-09-14,0.29442945935817844,0
115883,2012-09-14,0.3602133100395542,0
115884,2012-09-14,0.4970619284178069,0
115885,2012-09-14,0.33661529258135886,0
115886,2012-09-14,0.2492760737723549,1
115887,2012-09-14,0.3904585448519845,1
115888,2012-09-14,0.39929411404894,0
115889,2012-09-14,0.43180527026820986,1
115890,2012-09-14,0.43296899380658327,0
115891,2012-09-14,0.35227460883386924,1
115892,2012-09-14,0.5180908768508944,1
115893,2012-09-14,0.6241205931894854,1
115894,2012-09-14,0.41730566183046885,1
115895,2012-09-14,0.3248444567505058,1
115896,2012-09-14,0.3872273688217199,0
115897,2012-09-14,0.4313864038399397,0
115898,2012-09-14,0.47385695833881775,0
115899,2012-09-14,0.49674223019308866,1
115900,2012-09-14,0.3329045111216238,0
115901,2012-09-14,0.22719254009902096,1
115902,2012-09-14,0.19608821461520284,0
115903,2012-09-14,0.46802324792770567,1
115904,2012-09-14,0.30776424672596847,0
115905,2012-09-14,0.31530392442918587,0
115906,2012-09-14,0.36322073321378645,0
115907,2012-09-14,0.47016573218718116,1
115908,2012-09-14,0.48636281349362676,0
115909,2012-09-14,0.35308719002724787,0
115910,2012-09-14,0.29096947420237856,0
115911,2012-09-14,0.2068887838332718,0
115912,2012-09-14,0.48539253796706106,0
115913,2012-09-14,0.3633620139926152,0
115914,2012-09-14,0.5797158578421365,0
115915,2012-09-14,0.354612541194318,0
115916,2012-09-15,0.5589421653487958,1
115917,2012-09-15,0.3634206053577485,1
115918,2012-09-15,0.3892908528981351,0
115919,2012-09-15,0.10869529484091167,0
115920,2012-09-15,0.4537449685624126,1
115921,2012-09-15,0.40128758773573614,0
115922,2012-09-15,0.12587292516034293,0
115923,2012-09-15,0.17547624508440027,0
115924,2012-09-15,0.5829923754499723,1
115925,2012-09-15,0.2706966145433991,0
115926,2012-09-15,0.27728122845331377,0
115927,2012-09-15,0.3010790805837671,0
115928,2012-09-15,0.3861015533761119,0
115929,2012-09-15,0.29321282177476005,0
115930,2012-09-15,0.2547708371160012,0
115931,2012-09-15,0.5798032863274063,0
115932,2012-09-15,0.4198653751777041,1
115933,2012-09-15,0.3981604952110942,1
115934,2012-09-15,0.56596730347957,0
115935,2012-09-15,0.3003850414747638,0
115936,2012-09-15,0.2811805519727226,0
115937,2012-09-15,0.5871482550562114,0
115938,2012-09-15,0.27862683680155803,0
115939,2012-09-15,0.18012235656699996,0
115940,2012-09-15,0.41707333240948946,0
115941,2012-09-15,0.2693661713932596,0
115942,2012-09-15,0.43004943412528546,1
115943,2012-09-15,0.6031992928320516,1
115944,2012-09-15,0.3761212970517237,0
115945,2012-09-15,0.2893843898159353,0
115946,2012-09-15,0.48570634570268895,1
115947,2012-09-15,0.373221980222151,1
115948,2012-09-15,0.27167435366345954,0
115949,2012-09-15,0.44699739702710317,0
115950,2012-09-15,0.35627121167366527,1
115951,2012-09-15,0.5004400277993961,0
115952,2012-09-15,0.2480531551621989,0
115953,2012-09-15,0.43220050083066736,0
115954,2012-09-15,0.381967500124528,1
115955,2012-09-15,0.47341855992748866,0
115956,2012-09-15,0.4253314791058424,0
115957,2012-09-15,0.486967170980873,0
115958,2012-09-15,0.5840700506080974,1
115959,2012-09-15,0.45315649577243017,1
115960,2012-09-15,0.26847187014536616,0
115961,2012-09-15,0.18385758366930222,0
115962,2012-09-15,0.3567312303352644,0
115963,2012-09-15,0.5798068543651977,1
115964,2012-09-15,0.37916369017172497,1
115965,2012-09-15,0.4918744807847595,1
115966,2012-09-15,0.35050535056639615,0
115967,2012-09-15,0.3485451751132416,1
115968,2012-09-15,0.5212786479771997,0
115969,2012-09-15,0.334241109516189,0
115970,2012-09-15,0.3319585069252056,0
115971,2012-09-15,0.453700051232508,0
115972,2012-09-15,0.3532817003822918,0
115973,2012-09-15,0.12217522485908204,0
115974,2012-09-15,0.3612343433940226,0
115975,2012-09-15,0.5231023667051115,0
115976,2012-09-15,0.6327289013739509,0
115977,2012-09-15,0.6073896217963298,0
115978,2012-09-15,0.4287370376485301,1
115979,2012-09-15,0.2870503384613642,0
115980,2012-09-15,0.318900464341241,1
115981,2012-09-15,0.47499982276694785,0
115982,2012-09-15,0.3096970057768914,0
115983,2012-09-15,0.4167572876609278,0
115984,2012-09-15,0.4452884136563341,1
115985,2012-09-15,0.2756739030169001,0
115986,2012-09-15,0.23022594193759163,0
115987,2012-09-15,0.34604592043355736,0
115988,2012-09-15,0.4519243760300392,0
115989,2012-09-15,0.5093854453611644,0
115990,2012-09-15,0.3951127361409308,1
115991,2012-09-15,0.31114746497855256,0
115992,2012-09-15,0.2297899936892661,0
115993,2012-09-15,0.3467306417141159,0
115994,2012-09-15,0.4482696176038027,1
115995,2012-09-15,0.4910193377326139,0
115996,2012-09-15,0.17234460398420176,1
115997,2012-09-15,0.4835316966962587,1
115998,2012-09-15,0.6066923498371329,1
115999,2012-09-15,0.4507693550978626,0
116000,2012-09-15,0.38029079450558567,0
116001,2012-09-15,0.2616384714197118,0
116002,2012-09-15,0.5849055479890587,0
116003,2012-09-15,0.19661603920918236,0
116004,2012-09-15,0.31809685663988996,0
116005,2012-09-15,0.3407184481006343,1
116006,2012-09-15,0.2741332943186811,0
116007,2012-09-15,0.5735930537291235,0
116008,2012-09-15,0.30511022304299806,1
116009,2012-09-15,0.26992365337488217,0
116010,2012-09-15,0.22514795135042823,0
116011,2012-09-15,0.45985293510427044,0
116012,2012-09-15,0.36774129976694714,0
116013,2012-09-15,0.3537808817258888,0
116014,2012-09-15,0.18474063460769016,0
116015,2012-09-15,0.31368069785196484,1
116016,2012-09-15,0.424808336857078,0
116017,2012-09-15,0.29008031539352125,0
116018,2012-09-15,0.12060154193099379,0
116019,2012-09-15,0.23862552447154398,1
116020,2012-09-15,0.4438525579915789,0
116021,2012-09-15,0.14497285931499648,0
116022,2012-09-15,0.3971590365935438,0
116023,2012-09-15,0.4160104628078267,0
116024,2012-09-15,0.46288974213022804,1
116025,2012-09-15,0.3797291737450931,0
116026,2012-09-15,0.31154222089323824,0
116027,2012-09-15,0.2216499827080422,0
116028,2012-09-15,0.37922797308441125,1
116029,2012-09-15,0.48079334179502525,1
116030,2012-09-15,0.18224905609932104,0
116031,2012-09-15,0.41854430244284613,0
116032,2012-09-15,0.2611309932058662,0
116033,2012-09-15,0.35642102404027326,0
116034,2012-09-15,0.2074572414808842,0
116035,2012-09-15,0.38112213927117794,1
116036,2012-09-15,0.1989895720345941,0
116037,2012-09-15,0.46990701245263206,1
116038,2012-09-15,0.4951236648793944,0
116039,2012-09-15,0.33187895944509804,1
116040,2012-09-15,0.27378756032770163,0
116041,2012-09-15,0.29654129104460625,0
116042,2012-09-15,0.39740152823668234,0
116043,2012-09-15,0.5553291598973505,0
116044,2012-09-15,0.3852727815766265,0
116045,2012-09-15,0.3980045277013636,0
116046,2012-09-15,0.47251302504014,0
116047,2012-09-15,0.09457044954902019,0
116048,2012-09-15,0.15693907544984592,0
116049,2012-09-15,0.29852190185066396,0
116050,2012-09-15,0.30635169204499485,0
116051,2012-09-15,0.42958762372021075,0
116052,2012-09-15,0.3732724229653805,0
116053,2012-09-15,0.3420370728525266,1
116054,2012-09-15,0.33938158317418543,1
116055,2012-09-15,0.2284488924760657,1
116056,2012-09-15,0.21115185564694497,0
116057,2012-09-15,0.15207584361835044,0
116058,2012-09-15,0.6742191696820558,1
116059,2012-09-15,0.29842283289544086,0
116060,2012-09-15,0.3843734437294583,0
116061,2012-09-15,0.3634307686479926,0
116062,2012-09-15,0.22143603868660125,0
116063,2012-09-15,0.3243801133651751,1
116064,2012-09-15,0.4309937749946846,0
116065,2012-09-15,0.45589792538396046,0
116066,2012-09-15,0.5471890710089189,0
116067,2012-09-15,0.35863592367800184,0
116068,2012-09-15,0.3078049267446634,1
116069,2012-09-15,0.3795966445042374,0
116070,2012-09-15,0.27929374293076525,0
116071,2012-09-15,0.30856206377256146,0
116072,2012-09-15,0.5045472866789017,0
116073,2012-09-15,0.2178534809903702,0
116074,2012-09-15,0.38078448554883737,0
116075,2012-09-15,0.4429960717652306,0
116076,2012-09-15,0.24559766141383804,0
116077,2012-09-15,0.18231441202229315,0
116078,2012-09-15,0.38732160812570954,0
116079,2012-09-15,0.42001609386867733,1
116080,2012-09-15,0.37730047615135676,0
116081,2012-09-15,0.6794162994474864,0
116082,2012-09-15,0.4682149636268621,0
116083,2012-09-15,0.6601285126253699,1
116084,2012-09-15,0.2772263707107323,0
116085,2012-09-15,0.3392203809532205,0
116086,2012-09-15,0.4554353316186874,1
116087,2012-09-15,0.20361429756474228,0
116088,2012-09-15,0.6359632096837247,1
116089,2012-09-15,0.49398505012754346,0
116090,2012-09-15,0.34147387234187154,1
116091,2012-09-15,0.49103614158258085,0
116092,2012-09-15,0.4587650137383839,0
116093,2012-09-15,0.18752721757652985,0
116094,2012-09-15,0.1049340436458288,0
116095,2012-09-15,0.18989104874436255,0
116096,2012-09-15,0.3582396258290278,0
116097,2012-09-15,0.17899734388948046,0
116098,2012-09-15,0.3330045437693401,0
116099,2012-09-15,0.49964752639931326,1
116100,2012-09-15,0.4568923819395695,0
116101,2012-09-15,0.27696411371878044,1
116102,2012-09-15,0.26181992991635733,0
116103,2012-09-15,0.36647504512381,0
116104,2012-09-15,0.3721203135835425,0
116105,2012-09-15,0.3620427109498083,0
116106,2012-09-15,0.2100600836738449,0
116107,2012-09-15,0.3674694645363866,0
116108,2012-09-15,0.2817268459211069,0
116109,2012-09-15,0.3202933203903087,0
116110,2012-09-15,0.2426474287294165,0
116111,2012-09-15,0.4687186767984089,0
116112,2012-09-15,0.1766494133182563,0
116113,2012-09-15,0.13076045500995367,0
116114,2012-09-15,0.2701779957407417,1
116115,2012-09-15,0.29950118795101444,0
116116,2012-09-15,0.2393956282952686,0
116117,2012-09-15,0.14225338560458944,0
116118,2012-09-15,0.5197468179646088,1
116119,2012-09-15,0.19022919186071596,0
116120,2012-09-15,0.2916346150916708,0
116121,2012-09-15,0.19366918421192442,1
116122,2012-09-15,0.1168748981248845,0
116123,2012-09-15,0.44634723983074076,1
116124,2012-09-15,0.721149377079345,0
116125,2012-09-15,0.40712693297010155,0
116126,2012-09-15,0.4112058288449104,0
116127,2012-09-15,0.32911740385268334,0
116128,2012-09-15,0.5046392331352311,0
116129,2012-09-15,0.26846280278925866,1
116130,2012-09-15,0.37157603299525793,0
116131,2012-09-15,0.5211188349179463,1
116132,2012-09-15,0.25519377687563416,1
116133,2012-09-15,0.4734474049940851,1
116134,2012-09-15,0.5042483887998156,0
116135,2012-09-15,0.2544604968618938,0
116136,2012-09-15,0.19759848372022878,0
116137,2012-09-15,0.42882274686556276,0
116138,2012-09-15,0.21850497235896424,0
116139,2012-09-15,0.3324620194327123,0
116140,2012-09-15,0.38288396994668106,0
116141,2012-09-15,0.34519751581668356,1
116142,2012-09-15,0.13376891956067047,0
116143,2012-09-15,0.5154154429480593,0
116144,2012-09-15,0.2587155781376623,0
116145,2012-09-15,0.29524231646043503,0
116146,2012-09-15,0.10064066632671574,1
116147,2012-09-15,0.1680556012573148,0
116148,2012-09-15,0.33393143274082704,1
116149,2012-09-15,0.33734459515126397,0
116150,2012-09-15,0.29394783712709743,0
116151,2012-09-15,0.2537945070964903,0
116152,2012-09-15,0.21893624715027935,0
116153,2012-09-15,0.21086172609219472,0
116154,2012-09-15,0.2069265274296983,0
116155,2012-09-15,0.30960455388969516,0
116156,2012-09-15,0.35519471453840973,0
116157,2012-09-15,0.5581753404307336,1
116158,2012-09-15,0.3349260417017921,1
116159,2012-09-15,0.26380380947545967,0
116160,2012-09-15,0.2546161838665239,0
116161,2012-09-15,0.39369935862389177,0
116162,2012-09-15,0.3132789509889033,1
116163,2012-09-15,0.601631425445009,1
116164,2012-09-15,0.5127965452511472,0
116165,2012-09-15,0.41041616876156434,0
116166,2012-09-15,0.35454990380733764,0
116167,2012-09-15,0.2662441236872275,1
116168,2012-09-15,0.28749493719988206,0
116169,2012-09-15,0.21342050883074223,0
116170,2012-09-15,0.24166183563732282,1
116171,2012-09-15,0.27602312433864246,1
116172,2012-09-15,0.31725823387548024,1
116173,2012-09-15,0.35106858598496404,0
116174,2012-09-15,0.24133541885515183,0
116175,2012-09-15,0.5116957754265231,1
116176,2012-09-15,0.24839501135578723,0
116177,2012-09-15,0.33023228362650864,0
116178,2012-09-15,0.1434091405285552,0
116179,2012-09-15,0.29735018284823533,0
116180,2012-09-15,0.296847107313052,0
116181,2012-09-15,0.5117405461067015,0
116182,2012-09-15,0.12586749018088353,0
116183,2012-09-15,0.1395629746603129,0
116184,2012-09-15,0.3274654558439337,0
116185,2012-09-15,0.4628213195138127,0
116186,2012-09-15,0.3604805502036426,0
116187,2012-09-15,0.24123680041807494,0
116188,2012-09-15,0.18167189849167487,0
116189,2012-09-15,0.20292156407357792,0
116190,2012-09-15,0.4512860889778865,0
116191,2012-09-15,0.5549074833927045,0
116192,2012-09-15,0.3604722927110407,1
116193,2012-09-15,0.5042051972485061,1
116194,2012-09-15,0.16685097851899797,0
116195,2012-09-15,0.19636535208375033,0
116196,2012-09-15,0.3293154164733417,0
116197,2012-09-15,0.13934714547287547,0
116198,2012-09-15,0.3598625493086554,0
116199,2012-09-15,0.07367087458720553,0
116200,2012-09-15,0.36079345263338714,1
116201,2012-09-15,0.3529948145519978,0
116202,2012-09-15,0.5290305246992923,0
116203,2012-09-15,0.2256298259714784,0
116204,2012-09-15,0.49645003166244317,1
116205,2012-09-15,0.32037530477451637,1
116206,2012-09-15,0.33751166546588224,1
116207,2012-09-15,0.38940861013708405,1
116208,2012-09-16,0.6125419022457508,1
116209,2012-09-16,0.22506509828677945,0
116210,2012-09-16,0.2135145986008605,0
116211,2012-09-16,0.4637416324843392,1
116212,2012-09-16,0.5147387155785117,0
116213,2012-09-16,0.581138293303158,1
116214,2012-09-16,0.22972494091953102,0
116215,2012-09-16,0.1738645369566563,0
116216,2012-09-16,0.24971323622416927,0
116217,2012-09-16,0.6664043060570288,0
116218,2012-09-16,0.3950653332501504,1
116219,2012-09-16,0.41360863710665496,0
116220,2012-09-16,0.16077678512736188,0
116221,2012-09-16,0.6226167651677944,1
116222,2012-09-16,0.15861708703451433,0
116223,2012-09-16,0.15937581394182457,0
116224,2012-09-16,0.41350901286024616,0
116225,2012-09-16,0.4667924962058636,1
116226,2012-09-16,0.33270312547232367,1
116227,2012-09-16,0.4658384235617057,1
116228,2012-09-16,0.46702896350168244,0
116229,2012-09-16,0.19250103165383312,0
116230,2012-09-16,0.19562162490895538,0
116231,2012-09-16,0.3002667768450889,0
116232,2012-09-16,0.4506795567789062,1
116233,2012-09-16,0.4188951588584485,0
116234,2012-09-16,0.4033851260397193,0
116235,2012-09-16,0.26308334838008496,0
116236,2012-09-16,0.3717472714653681,0
116237,2012-09-16,0.3517501529961077,0
116238,2012-09-16,0.6435100376824042,1
116239,2012-09-16,0.16730683023768148,0
116240,2012-09-16,0.4622569130333688,1
116241,2012-09-16,0.35639406245212624,0
116242,2012-09-16,0.491204629801839,0
116243,2012-09-16,0.4665465936706757,1
116244,2012-09-16,0.4333339532030011,0
116245,2012-09-16,0.4241816488073971,0
116246,2012-09-16,0.4246962446245672,1
116247,2012-09-16,0.32902285657216757,0
116248,2012-09-16,0.3244949716879056,0
116249,2012-09-16,0.45768620919181846,0
116250,2012-09-16,0.36766177021298363,0
116251,2012-09-16,0.2381412914722875,0
116252,2012-09-16,0.33842111089540855,1
116253,2012-09-16,0.3523701261912453,0
116254,2012-09-16,0.24583811461857058,0
116255,2012-09-16,0.29086373298296525,0
116256,2012-09-16,0.35557769912762993,1
116257,2012-09-16,0.17762613449671796,0
116258,2012-09-16,0.284925110474277,0
116259,2012-09-16,0.5164975755867502,0
116260,2012-09-16,0.44389743795259173,0
116261,2012-09-16,0.20420955624725187,0
116262,2012-09-16,0.4123891106288532,1
116263,2012-09-16,0.5182316070599459,1
116264,2012-09-16,0.3755122492806803,0
116265,2012-09-16,0.38093270001480656,1
116266,2012-09-16,0.46887527780426097,0
116267,2012-09-16,0.3342172225753135,0
116268,2012-09-16,0.5283272413105726,0
116269,2012-09-16,0.10681369665801095,0
116270,2012-09-16,0.17635399120291592,0
116271,2012-09-16,0.20798159752759357,0
116272,2012-09-16,0.36690883664217266,0
116273,2012-09-16,0.32511468074519506,1
116274,2012-09-16,0.3266068007351043,1
116275,2012-09-16,0.3364825678705375,0
116276,2012-09-16,0.5750129219503971,1
116277,2012-09-16,0.4700062761242238,1
116278,2012-09-16,0.43185676540975865,1
116279,2012-09-16,0.10250586064229288,1
116280,2012-09-16,0.33042363573436856,0
116281,2012-09-16,0.5096093237710289,0
116282,2012-09-16,0.42175282744896286,1
116283,2012-09-16,0.3891408614234719,0
116284,2012-09-16,0.3957765665875852,0
116285,2012-09-16,0.3089653516288764,0
116286,2012-09-16,0.3870493910677611,0
116287,2012-09-16,0.2943410663108864,0
116288,2012-09-16,0.12777172952912286,0
116289,2012-09-16,0.4785462783331129,1
116290,2012-09-16,0.44197275787517515,0
116291,2012-09-16,0.21421992527590056,0
116292,2012-09-16,0.2958727534029564,0
116293,2012-09-16,0.5732682442287494,1
116294,2012-09-16,0.4288763349614366,1
116295,2012-09-16,0.2692031802482409,1
116296,2012-09-16,0.2802576325216208,0
116297,2012-09-16,0.30072704410320045,0
116298,2012-09-16,0.4203344011021846,1
116299,2012-09-16,0.5010568547154518,1
116300,2012-09-16,0.2490817145314248,0
116301,2012-09-16,0.20050787810203496,0
116302,2012-09-16,0.30217730109165725,0
116303,2012-09-16,0.32330330569808097,0
116304,2012-09-16,0.4914936176237408,0
116305,2012-09-16,0.2957599385259927,1
116306,2012-09-16,0.2905345965394396,0
116307,2012-09-16,0.344675493444158,0
116308,2012-09-16,0.31097990281835736,0
116309,2012-09-16,0.49516441486034735,0
116310,2012-09-16,0.3373412622295816,0
116311,2012-09-16,0.35292740370964437,0
116312,2012-09-16,0.25923931206659595,0
116313,2012-09-16,0.519148429499427,1
116314,2012-09-16,0.437785478553727,0
116315,2012-09-16,0.17038688901594573,0
116316,2012-09-16,0.37237431976440216,0
116317,2012-09-16,0.3936947574556219,1
116318,2012-09-16,0.5917813586729732,1
116319,2012-09-16,0.4364763462153952,1
116320,2012-09-16,0.3233840277586265,1
116321,2012-09-16,0.37309185897397196,0
116322,2012-09-16,0.40765635232256375,0
116323,2012-09-16,0.32306043702969156,0
116324,2012-09-16,0.4885913940186089,0
116325,2012-09-16,0.22013746885464092,0
116326,2012-09-16,0.3515305344961053,0
116327,2012-09-16,0.2518470104318213,0
116328,2012-09-16,0.45445431060489316,0
116329,2012-09-16,0.20453888235939927,1
116330,2012-09-16,0.4705521663870698,0
116331,2012-09-16,0.2204059070587527,0
116332,2012-09-16,0.3568081790886167,0
116333,2012-09-16,0.48634579613261164,0
116334,2012-09-16,0.42763106869449424,1
116335,2012-09-16,0.3859632004273141,0
116336,2012-09-16,0.2698206723336411,0
116337,2012-09-16,0.44611138737150335,1
116338,2012-09-16,0.38281089631664444,0
116339,2012-09-16,0.32228249595328057,0
116340,2012-09-16,0.3109603693039055,0
116341,2012-09-16,0.5403004624708087,1
116342,2012-09-16,0.32484527367820853,1
116343,2012-09-16,0.16142320355683532,0
116344,2012-09-16,0.38295743962334083,1
116345,2012-09-16,0.19533653382225746,0
116346,2012-09-16,0.47106183425979353,1
116347,2012-09-16,0.4420006509493773,0
116348,2012-09-16,0.39376998615145015,0
116349,2012-09-16,0.21939297305004385,0
116350,2012-09-16,0.42189108176534196,1
116351,2012-09-16,0.27106643011129383,1
116352,2012-09-16,0.1873295290041418,0
116353,2012-09-16,0.5270788351623547,0
116354,2012-09-16,0.4381185738904033,0
116355,2012-09-16,0.24212217185607207,1
116356,2012-09-16,0.46705047882836265,0
116357,2012-09-16,0.32997911107388067,1
116358,2012-09-16,0.2962569530570589,0
116359,2012-09-16,0.5742321732665769,1
116360,2012-09-16,0.21545650136243988,0
116361,2012-09-16,0.2874961918359371,0
116362,2012-09-16,0.36420004946922335,0
116363,2012-09-16,0.2421516900315476,0
116364,2012-09-16,0.375917278793928,0
116365,2012-09-16,0.4724390586714887,0
116366,2012-09-16,0.2186368433157307,0
116367,2012-09-16,0.47321279518106446,1
116368,2012-09-16,0.3376696973633158,0
116369,2012-09-16,0.5989348784875259,1
116370,2012-09-16,0.4750643258155341,0
116371,2012-09-16,0.4228922782751169,0
116372,2012-09-16,0.30864089467422795,1
116373,2012-09-16,0.4235553041999907,1
116374,2012-09-16,0.2463563282586879,0
116375,2012-09-16,0.23032403837340956,0
116376,2012-09-16,0.20526605870768252,0
116377,2012-09-16,0.3028397989242832,1
116378,2012-09-16,0.3518907601264592,0
116379,2012-09-16,0.48701553598515196,0
116380,2012-09-16,0.3927939479060997,0
116381,2012-09-16,0.7200765141071608,1
116382,2012-09-16,0.3782511521440116,0
116383,2012-09-16,0.2582862474326965,0
116384,2012-09-16,0.48623691699656124,0
116385,2012-09-16,0.26124267562001846,0
116386,2012-09-16,0.2922729616417971,0
116387,2012-09-16,0.44478361882907014,1
116388,2012-09-16,0.41504824252413863,1
116389,2012-09-16,0.4390863190592705,0
116390,2012-09-16,0.4052625024538533,1
116391,2012-09-16,0.1246554348045163,0
116392,2012-09-16,0.6749381539993203,0
116393,2012-09-16,0.302031576127456,0
116394,2012-09-16,0.32208187791216086,0
116395,2012-09-16,0.55549240414912,0
116396,2012-09-16,0.5413169452259367,0
116397,2012-09-16,0.2510933962382829,0
116398,2012-09-16,0.12221859014483741,0
116399,2012-09-16,0.2407703948732078,1
116400,2012-09-16,0.3757853189577768,1
116401,2012-09-16,0.1539574062755519,0
116402,2012-09-16,0.3087470054403421,0
116403,2012-09-16,0.2130007915439978,0
116404,2012-09-16,0.37478261400338875,0
116405,2012-09-16,0.4054951852113306,0
116406,2012-09-16,0.15204731825224196,0
116407,2012-09-16,0.16106138722041652,0
116408,2012-09-16,0.42256794491310007,1
116409,2012-09-16,0.23884684890791388,1
116410,2012-09-16,0.12592867174385527,0
116411,2012-09-16,0.26116997983083123,0
116412,2012-09-16,0.3271299783735373,0
116413,2012-09-16,0.39307284703465106,0
116414,2012-09-16,0.34250704975123736,1
116415,2012-09-16,0.261225123138368,1
116416,2012-09-16,0.3194592701591462,1
116417,2012-09-16,0.4846817643053119,1
116418,2012-09-16,0.4007065150949506,1
116419,2012-09-16,0.3299183930826053,0
116420,2012-09-16,0.609250423110608,1
116421,2012-09-16,0.3107527253785494,0
116422,2012-09-16,0.2787736797278886,0
116423,2012-09-16,0.37750607948287024,1
116424,2012-09-16,0.12993040235099904,1
116425,2012-09-16,0.3116470465878459,0
116426,2012-09-16,0.3511719375422613,0
116427,2012-09-16,0.25015443664410203,0
116428,2012-09-16,0.29495074105511626,0
116429,2012-09-16,0.4298149342897703,0
116430,2012-09-16,0.392206948865734,1
116431,2012-09-16,0.4220391839583174,0
116432,2012-09-16,0.3974896818808907,0
116433,2012-09-16,0.23332674598399827,0
116434,2012-09-16,0.2570337737292786,0
116435,2012-09-16,0.2492762184075388,0
116436,2012-09-16,0.33153892067224994,0
116437,2012-09-16,0.261721868940438,0
116438,2012-09-16,0.2923260951636938,1
116439,2012-09-16,0.24876446710068917,0
116440,2012-09-16,0.30858189146545784,0
116441,2012-09-16,0.28832470444981734,0
116442,2012-09-16,0.32380626464126205,1
116443,2012-09-16,0.3649194071081178,1
116444,2012-09-16,0.38030904610238503,0
116445,2012-09-16,0.3028455545358492,0
116446,2012-09-16,0.6780132026764146,1
116447,2012-09-16,0.3213733692069609,0
116448,2012-09-16,0.5265471401249232,1
116449,2012-09-16,0.30545820661620304,0
116450,2012-09-16,0.2655339062933492,0
116451,2012-09-16,0.24028400794297672,1
116452,2012-09-16,0.4833408115801602,0
116453,2012-09-16,0.16509903798704495,0
116454,2012-09-16,0.35360960816981923,0
116455,2012-09-16,0.3732125718343489,1
116456,2012-09-16,0.4973208662324796,0
116457,2012-09-16,0.3680489456138386,1
116458,2012-09-16,0.34340882988424204,0
116459,2012-09-16,0.40406236186871736,0
116460,2012-09-16,0.3757029141903649,0
116461,2012-09-16,0.43181716935982856,1
116462,2012-09-16,0.5148459962782951,0
116463,2012-09-16,0.4343378369829879,0
116464,2012-09-16,0.37488338271741556,0
116465,2012-09-16,0.4018732622358394,0
116466,2012-09-16,0.4325450963731907,1
116467,2012-09-16,0.24656219134506976,0
116468,2012-09-16,0.3868584229215562,0
116469,2012-09-16,0.23842720884771018,0
116470,2012-09-16,0.21881304812440228,0
116471,2012-09-16,0.5320379257104191,1
116472,2012-09-16,0.31935320952134816,0
116473,2012-09-16,0.6389902672778788,1
116474,2012-09-16,0.2773037268046685,0
116475,2012-09-16,0.4727999669617211,0
116476,2012-09-16,0.4470452966274057,1
116477,2012-09-16,0.4364829464700485,0
116478,2012-09-16,0.5614218388681659,1
116479,2012-09-16,0.46037648781188373,1
116480,2012-09-16,0.4435009912964781,0
116481,2012-09-16,0.2320689056911054,1
116482,2012-09-16,0.46643191329049216,1
116483,2012-09-16,0.5455181518083201,1
116484,2012-09-16,0.2573579986274034,0
116485,2012-09-16,0.2474520996573323,0
116486,2012-09-16,0.24628365652385828,0
116487,2012-09-16,0.30734677705826724,0
116488,2012-09-16,0.4071203337827033,0
116489,2012-09-16,0.2265193415562067,0
116490,2012-09-16,0.4424694865282315,0
116491,2012-09-16,0.4137133059626034,0
116492,2012-09-16,0.25479536845991124,0
116493,2012-09-16,0.683696519244137,0
116494,2012-09-16,0.29689666431226686,0
116495,2012-09-16,0.4697338743789992,0
116496,2012-09-16,0.33037232773665476,0
116497,2012-09-16,0.31851638779213787,0
116498,2012-09-16,0.361193758129389,0
116499,2012-09-16,0.35689755660284567,1
116500,2012-09-16,0.32135338083197396,0
116501,2012-09-16,0.1415677827175379,0
116502,2012-09-16,0.3018742027163156,0
116503,2012-09-16,0.45185189028032646,1
116504,2012-09-16,0.32361745646291373,0
116505,2012-09-16,0.49353568694899297,0
116506,2012-09-16,0.2941919175893826,0
116507,2012-09-16,0.25358309463030215,1
116508,2012-09-16,0.2056942070345911,0
116509,2012-09-16,0.23111965201294712,0
116510,2012-09-16,0.4305163744175026,0
116511,2012-09-16,0.20898858044774632,0
116512,2012-09-16,0.4488757677263794,0
116513,2012-09-16,0.3540577809131199,0
116514,2012-09-16,0.3323322728595498,0
116515,2012-09-16,0.3880384827698366,1
116516,2012-09-16,0.433429946671323,0
116517,2012-09-16,0.369931602480139,0
116518,2012-09-16,0.3415503703773818,1
116519,2012-09-16,0.3913723097750279,1
116520,2012-09-16,0.5200438515880628,1
116521,2012-09-16,0.24769679569920994,0
116522,2012-09-16,0.5220547643952423,0
116523,2012-09-16,0.2921607819379008,0
116524,2012-09-16,0.4349006683117136,1
116525,2012-09-16,0.5629958754720564,0
116526,2012-09-16,0.3496667638392598,0
116527,2012-09-16,0.3568449651259422,0
116528,2012-09-16,0.23691538575188006,0
116529,2012-09-16,0.3057649924230308,1
116530,2012-09-16,0.26904563502685364,1
116531,2012-09-16,0.08283436315217597,0
116532,2012-09-16,0.15157006084035088,0
116533,2012-09-16,0.23757661559123838,1
116534,2012-09-16,0.25499218419380293,0
116535,2012-09-16,0.4490902361263607,0
116536,2012-09-16,0.4403412836418327,1
116537,2012-09-16,0.3096649585196145,0
116538,2012-09-16,0.25002039123322034,0
116539,2012-09-16,0.48421043149434134,0
116540,2012-09-16,0.2724231855265473,0
116541,2012-09-16,0.4579211553651649,1
116542,2012-09-16,0.19678216232453666,0
116543,2012-09-16,0.41849450127977594,1
116544,2012-09-17,0.21380271553398628,0
116545,2012-09-17,0.31628781221523455,1
116546,2012-09-17,0.361851346214423,0
116547,2012-09-17,0.3329237592661098,1
116548,2012-09-17,0.4754355438146323,0
116549,2012-09-17,0.30482354330104844,0
116550,2012-09-17,0.3561985131918456,0
116551,2012-09-17,0.3683094764611178,0
116552,2012-09-17,0.24799321410397213,0
116553,2012-09-17,0.1367601229225728,0
116554,2012-09-17,0.34508665655082443,1
116555,2012-09-17,0.30651167013942976,1
116556,2012-09-17,0.21564086710782504,0
116557,2012-09-17,0.47875613322051674,0
116558,2012-09-17,0.6900696379028979,0
116559,2012-09-17,0.19027157728685537,0
116560,2012-09-17,0.4254443088814689,0
116561,2012-09-17,0.48526004588570504,0
116562,2012-09-17,0.5783381457807053,1
116563,2012-09-17,0.17862295359044808,0
116564,2012-09-17,0.25515885645673186,0
116565,2012-09-17,0.4117843938189015,1
116566,2012-09-17,0.2655154911731418,0
116567,2012-09-17,0.31358767011252936,0
116568,2012-09-17,0.33028997939514376,0
116569,2012-09-17,0.32718480321511323,1
116570,2012-09-17,0.45804292228561005,0
116571,2012-09-17,0.3113489223731746,1
116572,2012-09-17,0.37840219725049123,1
116573,2012-09-17,0.2657104873440232,0
116574,2012-09-17,0.1422494500223855,0
116575,2012-09-17,0.15205666020447964,0
116576,2012-09-17,0.1677157487402247,0
116577,2012-09-17,0.4080367823550151,0
116578,2012-09-17,0.19310792240466043,0
116579,2012-09-17,0.24084227012630047,0
116580,2012-09-17,0.24049758052362694,0
116581,2012-09-17,0.3185733288621741,0
116582,2012-09-17,0.25807126406368863,0
116583,2012-09-17,0.24029248572160194,0
116584,2012-09-17,0.18785673851135182,0
116585,2012-09-17,0.487258260746615,0
116586,2012-09-17,0.34302651351198093,0
116587,2012-09-17,0.3405163864554624,0
116588,2012-09-17,0.384446687455326,0
116589,2012-09-17,0.49038566923211135,0
116590,2012-09-17,0.3985280616139975,0
116591,2012-09-17,0.32575524759627034,0
116592,2012-09-17,0.5346752425664452,0
116593,2012-09-17,0.37187517910845985,1
116594,2012-09-17,0.277827263420153,0
116595,2012-09-17,0.44913445642925204,0
116596,2012-09-17,0.5904680441705984,1
116597,2012-09-17,0.6079359936878922,1
116598,2012-09-17,0.45498898916246466,1
116599,2012-09-17,0.35470603767201436,0
116600,2012-09-17,0.21669222444947647,0
116601,2012-09-17,0.1810478851741924,0
116602,2012-09-17,0.3150889404396255,1
116603,2012-09-17,0.4667356628698548,1
116604,2012-09-17,0.49273250155284254,1
116605,2012-09-17,0.39365726149130076,0
116606,2012-09-17,0.17620555893124204,0
116607,2012-09-17,0.1999059615662133,0
116608,2012-09-17,0.2503743147521734,0
116609,2012-09-17,0.40789724886273904,0
116610,2012-09-17,0.4464168111752027,0
116611,2012-09-17,0.30944348753875434,1
116612,2012-09-17,0.26805420388114615,0
116613,2012-09-17,0.32664025881839426,1
116614,2012-09-17,0.4636331531908534,0
116615,2012-09-17,0.31905967579428746,0
116616,2012-09-17,0.2528692315961453,0
116617,2012-09-17,0.3039142989862464,0
116618,2012-09-17,0.7019740701921938,0
116619,2012-09-17,0.32985346080721856,0
116620,2012-09-17,0.30695695663872036,0
116621,2012-09-17,0.11521422987486742,0
116622,2012-09-17,0.5549958430837905,1
116623,2012-09-17,0.32945763319835664,1
116624,2012-09-17,0.37844439313320166,0
116625,2012-09-17,0.29532171148871994,1
116626,2012-09-17,0.28862967916111876,0
116627,2012-09-17,0.25510240033688203,1
116628,2012-09-17,0.39538977124715424,0
116629,2012-09-17,0.36688733423376646,0
116630,2012-09-17,0.7306163530722379,1
116631,2012-09-17,0.3197975488656449,0
116632,2012-09-17,0.10209440775824738,0
116633,2012-09-17,0.2640523802243558,0
116634,2012-09-17,0.4128301654910621,1
116635,2012-09-17,0.15313318398131726,0
116636,2012-09-17,0.3807875326189642,0
116637,2012-09-17,0.4196929209892241,0
116638,2012-09-17,0.26245681872617665,1
116639,2012-09-17,0.4891080167207388,0
116640,2012-09-17,0.4216117915690489,0
116641,2012-09-17,0.20328259937130538,0
116642,2012-09-17,0.422454676134251,0
116643,2012-09-17,0.3356998573928547,0
116644,2012-09-17,0.2241991818041002,0
116645,2012-09-17,0.21797807373867964,0
116646,2012-09-17,0.3036616371223153,0
116647,2012-09-17,0.4405138363756747,0
116648,2012-09-17,0.25346959047221546,0
116649,2012-09-17,0.42620132360654134,0
116650,2012-09-17,0.48602050105828953,0
116651,2012-09-17,0.5432730546664847,1
116652,2012-09-17,0.3967976110759688,0
116653,2012-09-17,0.1497670427324316,0
116654,2012-09-17,0.3514653733444218,1
116655,2012-09-17,0.1569708057900464,0
116656,2012-09-17,0.20401455568846713,0
116657,2012-09-17,0.2520311149062,0
116658,2012-09-17,0.36171442755611427,0
116659,2012-09-17,0.09125310827169467,0
116660,2012-09-17,0.3361463259466128,0
116661,2012-09-17,0.32906960711509786,1
116662,2012-09-17,0.3851505912464493,1
116663,2012-09-17,0.508870673280421,1
116664,2012-09-17,0.2986777234434991,0
116665,2012-09-17,0.20774264285035127,0
116666,2012-09-17,0.33523593476016217,0
116667,2012-09-17,0.3464575239350272,0
116668,2012-09-17,0.3550718579178911,0
116669,2012-09-17,0.31808582455230855,1
116670,2012-09-17,0.42116694153629297,0
116671,2012-09-17,0.3061267700483181,0
116672,2012-09-17,0.4619125576112828,1
116673,2012-09-17,0.2854513757455693,0
116674,2012-09-17,0.4487309844879342,1
116675,2012-09-17,0.15957916128200275,0
116676,2012-09-17,0.20328259937130538,0
116677,2012-09-17,0.11975169886145241,0
116678,2012-09-17,0.3477834200853289,1
116679,2012-09-17,0.5727777459157501,0
116680,2012-09-17,0.25834252697431925,0
116681,2012-09-17,0.3548768342527843,0
116682,2012-09-17,0.3714615597925308,0
116683,2012-09-17,0.3850562494333212,0
116684,2012-09-17,0.620481559161125,0
116685,2012-09-17,0.2800684654361942,0
116686,2012-09-17,0.4071018736628708,0
116687,2012-09-17,0.6412175370471955,0
116688,2012-09-17,0.3588681441595683,1
116689,2012-09-17,0.48633156979704617,0
116690,2012-09-17,0.1394576633198471,0
116691,2012-09-17,0.4530892609979879,0
116692,2012-09-17,0.3309566157640762,0
116693,2012-09-17,0.39535280788680355,1
116694,2012-09-17,0.36913162795493093,1
116695,2012-09-17,0.4569641735328619,0
116696,2012-09-17,0.34044386134721333,0
116697,2012-09-17,0.4133829996438338,0
116698,2012-09-17,0.3006103860994644,0
116699,2012-09-17,0.2146202031308635,0
116700,2012-09-17,0.3727924817342148,1
116701,2012-09-17,0.2289024958112535,0
116702,2012-09-17,0.21058495423162052,0
116703,2012-09-17,0.2439430253732359,1
116704,2012-09-17,0.38340452239054695,0
116705,2012-09-17,0.215963525111586,0
116706,2012-09-17,0.19208694457488154,0
116707,2012-09-17,0.373600446850895,0
116708,2012-09-17,0.37270219644405334,0
116709,2012-09-17,0.340329532974093,0
116710,2012-09-17,0.5524333315752876,1
116711,2012-09-17,0.5518719398661586,0
116712,2012-09-17,0.4252448322551116,0
116713,2012-09-17,0.4287093370474614,0
116714,2012-09-17,0.2056042430685959,0
116715,2012-09-17,0.25298680972851856,0
116716,2012-09-17,0.3999022444402284,1
116717,2012-09-17,0.40281711319948005,0
116718,2012-09-17,0.5934332039452707,1
116719,2012-09-17,0.526008630801896,1
116720,2012-09-17,0.2786370081679955,0
116721,2012-09-17,0.36383400091662044,1
116722,2012-09-17,0.20751470620549456,0
116723,2012-09-17,0.5832464051467118,0
116724,2012-09-17,0.26545713777626573,1
116725,2012-09-17,0.18369380668540305,0
116726,2012-09-17,0.49295143920869644,1
116727,2012-09-17,0.08744172732655922,0
116728,2012-09-17,0.34048737070713275,1
116729,2012-09-17,0.5850428496858641,1
116730,2012-09-17,0.3880849425036032,1
116731,2012-09-17,0.28219192816666977,1
116732,2012-09-17,0.1341691627139398,0
116733,2012-09-17,0.3628031783086899,0
116734,2012-09-17,0.2732925989984367,0
116735,2012-09-17,0.2141739669115817,0
116736,2012-09-17,0.37342435852857475,0
116737,2012-09-17,0.40886351931288734,0
116738,2012-09-17,0.30841023429272835,1
116739,2012-09-17,0.5495367980870253,0
116740,2012-09-17,0.17579924532992663,0
116741,2012-09-17,0.3446609607424574,1
116742,2012-09-17,0.42289305304116576,0
116743,2012-09-17,0.35293116746871794,1
116744,2012-09-17,0.37801890066091975,0
116745,2012-09-17,0.47172940894981835,0
116746,2012-09-17,0.40601305467307786,0
116747,2012-09-17,0.3755320266171117,1
116748,2012-09-17,0.3796013941231779,0
116749,2012-09-17,0.3199157457480666,0
116750,2012-09-17,0.1585143948095445,0
116751,2012-09-17,0.5316756511620799,0
116752,2012-09-17,0.3291155912827003,0
116753,2012-09-17,0.23780242245942568,0
116754,2012-09-17,0.27844223654692557,0
116755,2012-09-17,0.41220995348207695,1
116756,2012-09-17,0.20190409587060246,0
116757,2012-09-17,0.5124824158504976,1
116758,2012-09-17,0.40306536185365643,0
116759,2012-09-17,0.2706229143842465,1
116760,2012-09-17,0.6736388119633654,0
116761,2012-09-17,0.18799093456443774,0
116762,2012-09-17,0.24180115321864568,0
116763,2012-09-17,0.26050378038671174,0
116764,2012-09-17,0.23663658258921122,0
116765,2012-09-17,0.2556456203602047,0
116766,2012-09-17,0.510615739330185,0
116767,2012-09-17,0.37545419056395773,0
116768,2012-09-17,0.3269118516403789,1
116769,2012-09-17,0.0958241920082009,0
116770,2012-09-17,0.21120086705197663,0
116771,2012-09-17,0.41306574823709685,0
116772,2012-09-17,0.3831849967910628,0
116773,2012-09-17,0.3121855907437475,0
116774,2012-09-17,0.5226839472961324,0
116775,2012-09-17,0.38527608918791484,1
116776,2012-09-17,0.4465796082927294,0
116777,2012-09-17,0.25526575631747883,0
116778,2012-09-17,0.24841716226505273,0
116779,2012-09-17,0.4626917289893198,0
116780,2012-09-17,0.45718438253493554,0
116781,2012-09-17,0.23115273751423387,1
116782,2012-09-17,0.3154771107100181,1
116783,2012-09-17,0.22550763066526192,1
116784,2012-09-17,0.33268725618552347,0
116785,2012-09-17,0.44947826041642885,0
116786,2012-09-17,0.40367198224985246,0
116787,2012-09-17,0.4927650288405683,1
116788,2012-09-17,0.3818767164468962,1
116789,2012-09-17,0.25550412815608764,0
116790,2012-09-17,0.5018700509301544,1
116791,2012-09-17,0.255128217308812,0
116792,2012-09-17,0.4197213604450077,1
116793,2012-09-17,0.4545717099047206,1
116794,2012-09-17,0.45524970504142304,0
116795,2012-09-17,0.22400740609689773,1
116796,2012-09-17,0.32144543468824205,0
116797,2012-09-17,0.1219241656435406,0
116798,2012-09-17,0.4141240443269068,0
116799,2012-09-17,0.5393813067214897,1
116800,2012-09-17,0.5191657407820652,0
116801,2012-09-17,0.18850705966508097,0
116802,2012-09-17,0.4872998496068837,1
116803,2012-09-17,0.40902321625400495,0
116804,2012-09-17,0.6179696368156286,0
116805,2012-09-17,0.6355377010300867,0
116806,2012-09-17,0.46839662299913465,1
116807,2012-09-17,0.22026413067798592,1
116808,2012-09-17,0.4510905534569907,1
116809,2012-09-17,0.15119764272077507,0
116810,2012-09-17,0.3916321171324239,0
116811,2012-09-17,0.3248307156541471,0
116812,2012-09-17,0.3129033683297033,0
116813,2012-09-17,0.20182757416762237,0
116814,2012-09-17,0.43815760252144453,1
116815,2012-09-17,0.3592485922984993,0
116816,2012-09-17,0.2460267139838519,1
116817,2012-09-17,0.3889401091900421,0
116818,2012-09-17,0.38875955799528694,0
116819,2012-09-17,0.32171233932186066,0
116820,2012-09-17,0.18479060332195538,1
116821,2012-09-17,0.5470318292289607,0
116822,2012-09-17,0.5073633820339754,0
116823,2012-09-17,0.36057957285194675,1
116824,2012-09-17,0.22818497278457978,0
116825,2012-09-17,0.4596630589017514,1
116826,2012-09-17,0.3526181248896065,1
116827,2012-09-17,0.5163889327355488,1
116828,2012-09-17,0.2299463034488528,0
116829,2012-09-17,0.2245869886811457,0
116830,2012-09-17,0.5168127135540667,0
116831,2012-09-17,0.3780877296683414,0
116832,2012-09-17,0.6267004582532236,1
116833,2012-09-17,0.40392231337109447,0
116834,2012-09-17,0.29972146964195984,0
116835,2012-09-17,0.39647531354795956,1
116836,2012-09-17,0.4701996990412172,1
116837,2012-09-17,0.4268526199704017,0
116838,2012-09-17,0.24457646740664335,0
116839,2012-09-17,0.5493334657683338,1
116840,2012-09-17,0.15238424275023374,0
116841,2012-09-17,0.43252653716367206,0
116842,2012-09-17,0.2502711563993123,0
116843,2012-09-17,0.2720405442242154,1
116844,2012-09-17,0.6515795908397213,0
116845,2012-09-17,0.2061105483746792,0
116846,2012-09-17,0.5043601981245351,0
116847,2012-09-17,0.5860668774782263,0
116848,2012-09-17,0.2813713272677705,0
116849,2012-09-17,0.4073255420093434,0
116850,2012-09-17,0.20676957801067594,0
116851,2012-09-17,0.21924702061872262,0
116852,2012-09-17,0.43748400805055954,0
116853,2012-09-17,0.34383253106387823,1
116854,2012-09-17,0.4001118848536778,1
116855,2012-09-17,0.6311704986889848,0
116856,2012-09-17,0.2783430098200556,0
116857,2012-09-17,0.21189880395618593,0
116858,2012-09-17,0.23265482313439503,1
116859,2012-09-17,0.13903815149519952,0
116860,2012-09-17,0.3079202605849386,1
116861,2012-09-17,0.6368689178696983,0
116862,2012-09-17,0.2832865987956207,0
116863,2012-09-17,0.38079689395225386,0
116864,2012-09-17,0.2010382182784975,0
116865,2012-09-17,0.06250801289523618,0
116866,2012-09-17,0.24095137871100397,0
116867,2012-09-17,0.1770789565344927,0
116868,2012-09-17,0.5351653808050288,1
116869,2012-09-17,0.3458684484271568,1
116870,2012-09-17,0.39906496791119445,0
116871,2012-09-17,0.3948406859609982,1
116872,2012-09-17,0.3428094969484774,0
116873,2012-09-17,0.27284050424920125,1
116874,2012-09-17,0.558762299981885,0
116875,2012-09-17,0.33985716170219454,1
116876,2012-09-17,0.6572346573785853,1
116877,2012-09-17,0.4438543751536492,1
116878,2012-09-17,0.13091663683963115,0
116879,2012-09-17,0.27261155817566596,0
116880,2012-09-17,0.6163857995697175,0
116881,2012-09-17,0.30782161216010423,1
116882,2012-09-17,0.5659118197958241,1
116883,2012-09-17,0.35613318531084337,1
116884,2012-09-17,0.2627219493131333,1
116885,2012-09-17,0.3639679842528976,0
116886,2012-09-17,0.36531683450067304,1
116887,2012-09-17,0.29703880783917963,0
116888,2012-09-17,0.4888963554778645,0
116889,2012-09-17,0.3964476746535476,0
116890,2012-09-17,0.2347716296767099,0
116891,2012-09-17,0.290662523834764,0
116892,2012-09-17,0.21779729850237486,0
116893,2012-09-17,0.2688983228656128,0
116894,2012-09-17,0.2920986448949539,0
116895,2012-09-17,0.4993731197552854,0
116896,2012-09-17,0.3897775909381886,0
116897,2012-09-17,0.549755505994415,1
116898,2012-09-17,0.3367428562711765,0
116899,2012-09-17,0.20002356372758767,0
116900,2012-09-17,0.46541773674323206,0
116901,2012-09-17,0.3650048403969256,0
116902,2012-09-17,0.3819497379339716,0
116903,2012-09-17,0.42574222188195665,1
116904,2012-09-17,0.5267669349365521,1
116905,2012-09-17,0.735714213588055,1
116906,2012-09-17,0.0975142983376772,1
116907,2012-09-17,0.38617112878500615,0
116908,2012-09-17,0.6628867934753493,1
116909,2012-09-17,0.3553974901119182,0
116910,2012-09-17,0.21746155409969567,0
116911,2012-09-17,0.1965606676613286,0
116912,2012-09-17,0.3166330951017227,0
116913,2012-09-17,0.5099775239687063,0
116914,2012-09-17,0.10746587552016729,0
116915,2012-09-17,0.33562244552867626,0
116916,2012-09-17,0.3521695164619532,0
116917,2012-09-17,0.3954108723469851,0
116918,2012-09-17,0.24808463118239918,0
116919,2012-09-17,0.3549896130930031,1
116920,2012-09-17,0.3302642370476703,0
116921,2012-09-17,0.4987581089276855,0
116922,2012-09-17,0.4309076037714809,0
116923,2012-09-17,0.37842254864318037,1
116924,2012-09-17,0.331538780629872,0
116925,2012-09-17,0.4247292522374923,0
116926,2012-09-17,0.335267838545623,0
116927,2012-09-17,0.35315856650740346,1
116928,2012-09-17,0.510821865828642,1
116929,2012-09-17,0.592059744900249,0
116930,2012-09-17,0.4897643039498691,0
116931,2012-09-17,0.27469827086161336,0
116932,2012-09-17,0.3467086602291698,1
116933,2012-09-17,0.20571171732775778,0
116934,2012-09-17,0.29916755642134935,1
116935,2012-09-17,0.25273522983247715,0
116936,2012-09-17,0.39556071036679397,0
116937,2012-09-17,0.48320569368326133,0
116938,2012-09-17,0.30814437161787955,0
116939,2012-09-17,0.39223268908853126,1
116940,2012-09-17,0.4117991901110233,0
116941,2012-09-17,0.278593547752089,0
116942,2012-09-17,0.5835589382920912,0
116943,2012-09-17,0.11518341442489556,0
116944,2012-09-17,0.1471273844439492,0
116945,2012-09-17,0.4376002528837833,0
116946,2012-09-17,0.18648945652038698,0
116947,2012-09-17,0.2624638259367644,0
116948,2012-09-17,0.28393567752342264,0
116949,2012-09-17,0.2779685819925977,0
116950,2012-09-17,0.5272229239306824,1
116951,2012-09-17,0.5089027818188628,0
116952,2012-09-17,0.31272171074201727,0
116953,2012-09-17,0.18540016639853166,0
116954,2012-09-17,0.3552557529042189,0
116955,2012-09-17,0.3124180201511991,0
116956,2012-09-17,0.5201281544182512,1
116957,2012-09-17,0.5768607755288907,0
116958,2012-09-17,0.5535007346204668,1
116959,2012-09-17,0.3928114958532127,1
116960,2012-09-17,0.3646704295103006,0
116961,2012-09-17,0.44574631734876136,0
116962,2012-09-17,0.1939192995499325,0
116963,2012-09-17,0.3997200752489408,1
116964,2012-09-17,0.2668696614377788,0
116965,2012-09-17,0.39367845015940683,0
116966,2012-09-17,0.4227401546110248,1
116967,2012-09-17,0.4147623415837284,1
116968,2012-09-17,0.12295022406309516,0
116969,2012-09-17,0.24214951121240463,0
116970,2012-09-17,0.2146679848409513,0
116971,2012-09-17,0.3466736540067562,0
116972,2012-09-17,0.34960296000455493,1
116973,2012-09-17,0.16649426127546446,0
116974,2012-09-17,0.5808764848444278,0
116975,2012-09-17,0.18695557415397493,0
116976,2012-09-17,0.25114411854731356,0
116977,2012-09-17,0.2050875344887066,0
116978,2012-09-17,0.3346491640238465,1
116979,2012-09-17,0.38810179745260365,0
116980,2012-09-17,0.3894747649431458,1
116981,2012-09-17,0.5539654911784223,1
116982,2012-09-17,0.175331049426299,0
116983,2012-09-17,0.33564624951651634,1
116984,2012-09-17,0.3879366412561262,0
116985,2012-09-17,0.3684357478930893,0
116986,2012-09-17,0.24254918923429256,0
116987,2012-09-17,0.2894502692953263,0
116988,2012-09-17,0.5954351503182043,1
116989,2012-09-17,0.2349319774180342,0
116990,2012-09-17,0.46820892810448184,0
116991,2012-09-17,0.25196861181012825,0
116992,2012-09-17,0.3573101775249288,1
116993,2012-09-17,0.3421880302053404,0
116994,2012-09-17,0.7194066640637174,1
116995,2012-09-17,0.42486713833231776,0
116996,2012-09-17,0.2768363496455604,0
116997,2012-09-17,0.3066069059558067,0
116998,2012-09-17,0.2966145496152125,0
116999,2012-09-17,0.24800996077393453,0
117000,2012-09-17,0.4233037308526025,1
117001,2012-09-17,0.2818393029421213,0
117002,2012-09-17,0.23457592170946082,1
117003,2012-09-17,0.38464709107822764,0
117004,2012-09-17,0.34016951477046425,0
117005,2012-09-17,0.5447127905427925,0
117006,2012-09-17,0.37799078660335006,1
117007,2012-09-17,0.151370717893063,0
117008,2012-09-17,0.3025080368394228,0
117009,2012-09-17,0.2917436324507939,0
117010,2012-09-17,0.377306870294594,1
117011,2012-09-17,0.3767829604026696,0
117012,2012-09-17,0.3321422796069093,0
117013,2012-09-17,0.5633894639224623,0
117014,2012-09-17,0.3909039495029044,0
117015,2012-09-17,0.1903267154871818,0
117016,2012-09-17,0.3404695158249818,0
117017,2012-09-17,0.24366909424827773,1
117018,2012-09-17,0.6389453628904718,0
117019,2012-09-17,0.33050908134158136,0
117020,2012-09-17,0.17767216210952322,1
117021,2012-09-17,0.33688951560052643,0
117022,2012-09-17,0.4309652155776561,0
117023,2012-09-17,0.22919612964472225,0
117024,2012-09-17,0.3950130183178396,1
117025,2012-09-17,0.2604286231681851,0
117026,2012-09-17,0.37779931597542377,0
117027,2012-09-17,0.4604035698290599,1
117028,2012-09-17,0.39824512938992246,0
117029,2012-09-17,0.3204148318097979,1
117030,2012-09-17,0.4547709228901516,0
117031,2012-09-17,0.41443683676912396,0
117032,2012-09-17,0.502006448892703,1
117033,2012-09-17,0.38928996297295265,0
117034,2012-09-17,0.6384018204140645,1
117035,2012-09-17,0.3233573997077226,0
117036,2012-09-17,0.2698489474354073,0
117037,2012-09-17,0.3520062864192744,1
117038,2012-09-17,0.5660491346895391,1
117039,2012-09-17,0.32843121359051036,0
117040,2012-09-17,0.23442850479348618,0
117041,2012-09-17,0.32047646449424644,0
117042,2012-09-17,0.215963525111586,0
117043,2012-09-17,0.2825312486795922,0
117044,2012-09-17,0.37942050079879774,0
117045,2012-09-17,0.10656696809749758,0
117046,2012-09-17,0.43997920742324415,0
117047,2012-09-17,0.37776667658193175,0
117048,2012-09-17,0.23717521679493392,0
117049,2012-09-17,0.4578574043472687,0
117050,2012-09-17,0.3908192580903736,0
117051,2012-09-17,0.39620487992736525,1
117052,2012-09-17,0.3865288332040492,0
117053,2012-09-17,0.24052935911461112,0
117054,2012-09-17,0.3955508573018696,0
117055,2012-09-17,0.3189822391908453,1
117056,2012-09-17,0.39815458186422686,0
117057,2012-09-17,0.36755189829624046,0
117058,2012-09-17,0.25547796143975643,0
117059,2012-09-17,0.198573305470972,0
117060,2012-09-17,0.6571179124071537,1
117061,2012-09-17,0.2672219039306398,0
117062,2012-09-17,0.2659300418807471,0
117063,2012-09-17,0.1749676863365661,0
117064,2012-09-17,0.33935477973101946,0
117065,2012-09-17,0.35193988094677914,1
117066,2012-09-17,0.46072950982418626,0
117067,2012-09-17,0.44457988093501455,1
117068,2012-09-17,0.27934653401316806,0
117069,2012-09-17,0.3247642152747874,0
117070,2012-09-17,0.24881491362623598,1
117071,2012-09-17,0.3257917863549853,1
117072,2012-09-17,0.36620302023313783,0
117073,2012-09-17,0.49036665581491756,1
117074,2012-09-17,0.27258275579611757,0
117075,2012-09-17,0.354749482758271,0
117076,2012-09-17,0.5348792823919678,0
117077,2012-09-17,0.18030865586435413,0
117078,2012-09-17,0.23939728195324494,0
117079,2012-09-17,0.4769266262759747,0
117080,2012-09-17,0.4946184690510602,1
117081,2012-09-17,0.11003361902477365,0
117082,2012-09-17,0.31307873866688546,0
117083,2012-09-17,0.5675273478939756,1
117084,2012-09-17,0.2549869532340481,0
117085,2012-09-17,0.45973352812468604,1
117086,2012-09-17,0.34863887410021316,0
117087,2012-09-17,0.325386071536414,0
117088,2012-09-17,0.3028118793740042,0
117089,2012-09-17,0.3306602764695116,0
117090,2012-09-17,0.24312486486020218,1
117091,2012-09-17,0.5222338250774644,1
117092,2012-09-17,0.37955061742892343,0
117093,2012-09-17,0.31486721302608717,1
117094,2012-09-17,0.4148739484618917,0
117095,2012-09-17,0.18888934819165915,0
117096,2012-09-17,0.5384436000561013,0
117097,2012-09-17,0.2906294493843934,0
117098,2012-09-17,0.29271547438444384,0
117099,2012-09-17,0.2943707802924708,0
117100,2012-09-17,0.4091243132789554,1
117101,2012-09-17,0.42748877432074406,1
117102,2012-09-17,0.30330813161486964,0
117103,2012-09-17,0.42019013559922574,0
117104,2012-09-17,0.28882921348551377,1
117105,2012-09-17,0.20397692983551702,0
117106,2012-09-17,0.48330235521746073,0
117107,2012-09-17,0.2325135261559541,1
117108,2012-09-17,0.3201992158322458,0
117109,2012-09-17,0.16715875700741537,0
117110,2012-09-17,0.41722022084873817,0
117111,2012-09-17,0.4717072267638775,0
117112,2012-09-17,0.26108576221167945,1
117113,2012-09-17,0.47265089107468644,0
117114,2012-09-17,0.5380115434384511,1
117115,2012-09-17,0.22790591120691675,0
117116,2012-09-17,0.2511800516885643,0
117117,2012-09-17,0.43624430915716894,1
117118,2012-09-17,0.289097272893494,0
117119,2012-09-17,0.3196831763807576,0
117120,2012-09-17,0.4706878472838388,0
117121,2012-09-17,0.23136201126718167,0
117122,2012-09-17,0.37293692368405224,1
117123,2012-09-17,0.5408962678646531,1
117124,2012-09-17,0.21634001817621756,0
117125,2012-09-17,0.3986668706421133,1
117126,2012-09-17,0.5755021846789636,1
117127,2012-09-17,0.2671431926642832,0
117128,2012-09-17,0.4101990083795693,0
117129,2012-09-17,0.40081238428364796,0
117130,2012-09-17,0.37750114417156233,0
117131,2012-09-17,0.33733449242453867,0
117132,2012-09-17,0.3970927798279004,1
117133,2012-09-17,0.3179430404531484,0
117134,2012-09-17,0.2958537212627029,1
117135,2012-09-17,0.3694608216765248,1
117136,2012-09-17,0.21669447314262918,0
117137,2012-09-17,0.440444772797326,1
117138,2012-09-17,0.24755107037142987,0
117139,2012-09-17,0.5660441753856413,1
117140,2012-09-17,0.19237671306230292,0
117141,2012-09-17,0.31433012399440924,1
117142,2012-09-17,0.3168843408876054,0
117143,2012-09-17,0.2523021783492949,0
117144,2012-09-17,0.20046754654667417,0
117145,2012-09-17,0.3829616777978868,1
117146,2012-09-17,0.3251667466158178,1
117147,2012-09-17,0.5151903933741006,0
117148,2012-09-17,0.31992175528169736,1
117149,2012-09-17,0.6469222571444644,1
117150,2012-09-17,0.2070203894625174,0
117151,2012-09-17,0.6227670538981996,0
117152,2012-09-17,0.40006454920607193,0
117153,2012-09-17,0.2088059963421951,0
117154,2012-09-17,0.2977753421377925,1
117155,2012-09-17,0.32656689903394087,1
117156,2012-09-17,0.5680696453905537,0
117157,2012-09-17,0.46797336480607177,1
117158,2012-09-17,0.4331778690662417,0
117159,2012-09-17,0.39179655793878376,0
117160,2012-09-17,0.33009375780783523,0
117161,2012-09-17,0.20169990819885633,0
117162,2012-09-17,0.19664884048062647,0
117163,2012-09-17,0.3343101519309079,0
117164,2012-09-17,0.4778435528829191,0
117165,2012-09-17,0.44454792749252187,0
117166,2012-09-17,0.46510590866590656,0
117167,2012-09-17,0.5044096311309078,1
117168,2012-09-17,0.46678195478945994,1
117169,2012-09-17,0.2027709205316557,0
117170,2012-09-17,0.36945162400502146,0
117171,2012-09-17,0.2501484248269435,0
117172,2012-09-17,0.3821217416928183,0
117173,2012-09-17,0.32331457703651684,0
117174,2012-09-17,0.6080532429483834,0
117175,2012-09-17,0.32303962092981203,0
117176,2012-09-17,0.36320164185916176,1
117177,2012-09-17,0.23842881942557534,0
117178,2012-09-17,0.26161467777141895,0
117179,2012-09-17,0.24080232716402786,0
117180,2012-09-17,0.32617617645463454,1
117181,2012-09-17,0.5602074258107014,0
117182,2012-09-17,0.15615907601765308,0
117183,2012-09-17,0.5552866481128921,1
117184,2012-09-17,0.17129488084860334,0
117185,2012-09-17,0.29524952085013445,1
117186,2012-09-17,0.5011506219976024,0
117187,2012-09-17,0.3700324803916447,0
117188,2012-09-17,0.570151568921139,0
117189,2012-09-17,0.275525542924903,0
117190,2012-09-17,0.28421296953417186,0
117191,2012-09-17,0.4202069499010151,1
117192,2012-09-17,0.21896680990752093,1
117193,2012-09-17,0.24314277459023906,0
117194,2012-09-17,0.4279568799322279,0
117195,2012-09-17,0.37676577458739474,1
117196,2012-09-17,0.3339959885637592,0
117197,2012-09-17,0.37381420411224614,0
117198,2012-09-17,0.3107657889409361,0
117199,2012-09-17,0.45875108231151596,0
117200,2012-09-17,0.25711887782907933,0
117201,2012-09-17,0.47665471157736505,0
117202,2012-09-17,0.36580186385679025,1
117203,2012-09-17,0.17217220721736673,0
117204,2012-09-17,0.4426130720997789,0
117205,2012-09-17,0.25005661590223277,1
117206,2012-09-17,0.4944275946052941,0
117207,2012-09-17,0.2904352534432028,1
117208,2012-09-17,0.33313433790299507,1
117209,2012-09-17,0.37794333606854846,0
117210,2012-09-17,0.46883103888487004,0
117211,2012-09-17,0.6209795884043025,1
117212,2012-09-17,0.3658519435943999,0
117213,2012-09-17,0.5445504795312495,0
117214,2012-09-17,0.37479108202046457,0
117215,2012-09-17,0.5113343075487468,0
117216,2012-09-17,0.6146001853977314,1
117217,2012-09-17,0.15140654807166687,0
117218,2012-09-17,0.48435425715814145,1
117219,2012-09-17,0.4418546848545887,0
117220,2012-09-17,0.215963525111586,0
117221,2012-09-17,0.507202915917454,0
117222,2012-09-17,0.3735724760263884,0
117223,2012-09-17,0.3546647526929061,1
117224,2012-09-17,0.23697805109381015,0
117225,2012-09-17,0.2218042553079111,0
117226,2012-09-17,0.3401038456742263,0
117227,2012-09-17,0.3771022894507997,0
117228,2012-09-17,0.6037133443395708,0
117229,2012-09-17,0.4118604824454665,1
117230,2012-09-17,0.28014345783491784,0
117231,2012-09-17,0.3893390242350668,0
117232,2012-09-17,0.39353926574253495,0
117233,2012-09-17,0.45369073470805366,0
117234,2012-09-17,0.4518872768335597,0
117235,2012-09-17,0.3546028034700935,0
117236,2012-09-17,0.6332915097645778,1
117237,2012-09-17,0.5020532899520816,0
117238,2012-09-17,0.3088568188794594,0
117239,2012-09-17,0.2241880419631503,0
117240,2012-09-17,0.38133846988724024,1
117241,2012-09-17,0.14888731388472465,0
117242,2012-09-17,0.28189612596993774,0
117243,2012-09-17,0.252759565267076,1
117244,2012-09-17,0.5904059087405454,1
117245,2012-09-17,0.2514753392238035,0
117246,2012-09-17,0.4932660063353099,1
117247,2012-09-17,0.4465621342109582,0
117248,2012-09-17,0.304303387502078,0
117249,2012-09-17,0.3339552699349393,0
117250,2012-09-17,0.3350029617847796,0
117251,2012-09-17,0.2816455043905429,0
117252,2012-09-17,0.16234763648168865,0
117253,2012-09-17,0.3396956831574331,1
117254,2012-09-17,0.3323072636851111,0
117255,2012-09-17,0.5207822692775999,0
117256,2012-09-17,0.22824682680368852,1
117257,2012-09-18,0.5148837599101116,1
117258,2012-09-18,0.37835200085115395,1
117259,2012-09-18,0.7247890265700007,1
117260,2012-09-18,0.3573727020650103,0
117261,2012-09-18,0.20107214121109873,0
117262,2012-09-18,0.39758636194558894,0
117263,2012-09-18,0.24404371167058125,0
117264,2012-09-18,0.43237192567035115,0
117265,2012-09-18,0.15238606052531717,1
117266,2012-09-18,0.19424537707400005,0
117267,2012-09-18,0.18216862808747353,0
117268,2012-09-18,0.24303123629802742,0
117269,2012-09-18,0.3849867645998958,1
117270,2012-09-18,0.16677646110387256,0
117271,2012-09-18,0.3013542517024523,0
117272,2012-09-18,0.2557144966611745,0
117273,2012-09-18,0.31195893535854435,0
117274,2012-09-18,0.20859661373244823,0
117275,2012-09-18,0.37397521854299887,0
117276,2012-09-18,0.3077187717751009,0
117277,2012-09-18,0.17268327591234078,0
117278,2012-09-18,0.5081083979410534,1
117279,2012-09-18,0.2843029245945935,0
117280,2012-09-18,0.32576425367776757,0
117281,2012-09-18,0.41227787671463334,0
117282,2012-09-18,0.2433193643023822,1
117283,2012-09-18,0.11167227702116053,0
117284,2012-09-18,0.31653391432579153,1
117285,2012-09-18,0.49603034119387424,0
117286,2012-09-18,0.18102117091477318,0
117287,2012-09-18,0.3037196409322618,0
117288,2012-09-18,0.3435863417035875,1
117289,2012-09-18,0.4494440888845059,0
117290,2012-09-18,0.3123424607465841,0
117291,2012-09-18,0.37271718561850364,0
117292,2012-09-18,0.2509112318287734,0
117293,2012-09-18,0.17304346457814843,1
117294,2012-09-18,0.2695004367402725,0
117295,2012-09-18,0.5293017552088264,1
117296,2012-09-18,0.47083602020177107,0
117297,2012-09-18,0.42464950753742786,0
117298,2012-09-18,0.2007805548086784,0
117299,2012-09-18,0.3975023445754575,1
117300,2012-09-18,0.44238597266603497,1
117301,2012-09-18,0.34584353134696194,0
117302,2012-09-18,0.38362306611714164,0
117303,2012-09-18,0.3769403986501127,1
117304,2012-09-18,0.6895499802039319,1
117305,2012-09-18,0.5122479917907821,0
117306,2012-09-18,0.3237816164114207,0
117307,2012-09-18,0.38796549829866034,1
117308,2012-09-18,0.19519460099578656,0
117309,2012-09-18,0.18395369156012734,0
117310,2012-09-18,0.4006734145132089,1
117311,2012-09-18,0.2980282279519784,1
117312,2012-09-18,0.6987682571959252,1
117313,2012-09-18,0.36460827358083703,0
117314,2012-09-18,0.37426606012344066,0
117315,2012-09-18,0.16448440488600394,0
117316,2012-09-18,0.3151568012967858,1
117317,2012-09-18,0.2837069166525317,1
117318,2012-09-18,0.26971257664143594,0
117319,2012-09-18,0.63468504347831,1
117320,2012-09-18,0.6573123323861217,1
117321,2012-09-18,0.28034961662389296,0
117322,2012-09-18,0.3033813367654069,0
117323,2012-09-18,0.18199569192653905,0
117324,2012-09-18,0.27969880261366387,1
117325,2012-09-18,0.16447455543745892,0
117326,2012-09-18,0.23455111613606258,0
117327,2012-09-18,0.3860437305104856,1
117328,2012-09-18,0.42387382023934717,0
117329,2012-09-18,0.20532169517256846,0
117330,2012-09-18,0.4491601031845731,0
117331,2012-09-18,0.2344655789555322,1
117332,2012-09-18,0.10369554173548115,0
117333,2012-09-18,0.43743234407285386,0
117334,2012-09-18,0.0678460417955574,0
117335,2012-09-18,0.5584831938679414,1
117336,2012-09-18,0.3906874172451219,0
117337,2012-09-18,0.1988529701168789,1
117338,2012-09-18,0.19944787186343457,0
117339,2012-09-18,0.4789338950415983,0
117340,2012-09-18,0.36691819841028744,0
117341,2012-09-18,0.2260668956266003,0
117342,2012-09-18,0.3363873333732123,0
117343,2012-09-18,0.305597862452073,0
117344,2012-09-18,0.5382195574266828,0
117345,2012-09-18,0.24858970287968685,0
117346,2012-09-18,0.34746461748534413,0
117347,2012-09-18,0.3210673081368574,1
117348,2012-09-18,0.2897613559407805,0
117349,2012-09-18,0.15954763143955758,0
117350,2012-09-18,0.37555743265138414,0
117351,2012-09-18,0.15731472621589412,0
117352,2012-09-18,0.49346341353180223,0
117353,2012-09-18,0.269172170987326,0
117354,2012-09-18,0.45264461157316066,0
117355,2012-09-18,0.2271866218534557,0
117356,2012-09-18,0.3821376565862047,1
117357,2012-09-18,0.4767866968710777,0
117358,2012-09-18,0.4600411191689532,0
117359,2012-09-18,0.42969737950145015,0
117360,2012-09-18,0.4403821813522045,0
117361,2012-09-18,0.6128943837896744,1
117362,2012-09-18,0.5531368553838479,1
117363,2012-09-18,0.2824715454622468,0
117364,2012-09-18,0.5974123628628584,0
117365,2012-09-18,0.2279082611354053,1
117366,2012-09-18,0.15094282660485311,0
117367,2012-09-18,0.45345933252339166,0
117368,2012-09-18,0.40092189277985996,1
117369,2012-09-18,0.3824642307152195,0
117370,2012-09-18,0.5265986471633355,1
117371,2012-09-18,0.2915675521449676,0
117372,2012-09-18,0.33744271808500964,0
117373,2012-09-18,0.2530693588891864,0
117374,2012-09-18,0.3115186526768274,1
117375,2012-09-18,0.4714162013444612,0
117376,2012-09-18,0.2636351222988378,0
117377,2012-09-18,0.17645169270434682,0
117378,2012-09-18,0.30847162364643554,1
117379,2012-09-18,0.32444006256855995,0
117380,2012-09-18,0.2840334361515104,0
117381,2012-09-18,0.20064704068409425,0
117382,2012-09-18,0.4237891256455184,0
117383,2012-09-18,0.46715240466953817,0
117384,2012-09-18,0.30412928263923605,0
117385,2012-09-18,0.46448909629558544,0
117386,2012-09-18,0.2884649983119143,1
117387,2012-09-18,0.1377803005806308,0
117388,2012-09-18,0.36559661770246027,0
117389,2012-09-18,0.40388687696101516,1
117390,2012-09-18,0.49295892197098157,1
117391,2012-09-18,0.4090155312273869,1
117392,2012-09-18,0.35824247783094637,1
117393,2012-09-18,0.08557558643439224,0
117394,2012-09-18,0.5579582353465343,0
117395,2012-09-18,0.5669796239642148,1
117396,2012-09-18,0.4185543573248748,0
117397,2012-09-18,0.33030758577453284,0
117398,2012-09-18,0.40056829959546975,0
117399,2012-09-18,0.24902570412894795,0
117400,2012-09-18,0.3863459020791342,0
117401,2012-09-18,0.13643836425694839,0
117402,2012-09-18,0.2607207049275063,0
117403,2012-09-18,0.5941409118730664,0
117404,2012-09-18,0.37066755827432446,0
117405,2012-09-18,0.49301851581328937,1
117406,2012-09-18,0.2914632398171791,0
117407,2012-09-18,0.38827479325746556,0
117408,2012-09-18,0.42412720406285354,0
117409,2012-09-18,0.353110841592351,0
117410,2012-09-18,0.46139601199216923,0
117411,2012-09-18,0.1910008953392337,0
117412,2012-09-18,0.3301937663773864,1
117413,2012-09-18,0.30750976292497684,1
117414,2012-09-18,0.1493603820402008,0
117415,2012-09-18,0.4707620414034896,0
117416,2012-09-18,0.50327234419788,0
117417,2012-09-18,0.19272996129664396,0
117418,2012-09-18,0.35430471792800433,0
117419,2012-09-18,0.40363847503406625,0
117420,2012-09-18,0.5598408501270667,0
117421,2012-09-18,0.26473849311568654,0
117422,2012-09-18,0.4474370490367772,1
117423,2012-09-18,0.4489114147033665,1
117424,2012-09-18,0.3365425829865928,0
117425,2012-09-18,0.228784744414536,1
117426,2012-09-18,0.482828674357192,0
117427,2012-09-18,0.31753469619386426,0
117428,2012-09-18,0.436380809359379,0
117429,2012-09-18,0.2632927094081896,1
117430,2012-09-18,0.42600688670204223,1
117431,2012-09-18,0.39785058417027513,0
117432,2012-09-18,0.24486454096522853,0
117433,2012-09-18,0.367451833742147,0
117434,2012-09-18,0.3784608922318073,0
117435,2012-09-18,0.36215994220956144,1
117436,2012-09-18,0.3969417353733474,0
117437,2012-09-18,0.5168796764162248,0
117438,2012-09-18,0.4638601856587977,0
117439,2012-09-18,0.5015219765589449,0
117440,2012-09-18,0.33249656726294236,0
117441,2012-09-18,0.5236895415851146,1
117442,2012-09-18,0.47149435024099756,1
117443,2012-09-18,0.3732324090963927,0
117444,2012-09-18,0.29256468832878163,1
117445,2012-09-18,0.14068050809972174,1
117446,2012-09-18,0.4379838000676145,1
117447,2012-09-18,0.21451597418862287,0
117448,2012-09-18,0.3181305082473699,0
117449,2012-09-18,0.37196542821934675,0
117450,2012-09-18,0.1337336624000681,0
117451,2012-09-18,0.3289387645965998,0
117452,2012-09-18,0.1833172151820801,0
117453,2012-09-18,0.14079749941713807,0
117454,2012-09-18,0.5407269675720163,1
117455,2012-09-18,0.20994035425038238,0
117456,2012-09-18,0.145971498836687,0
117457,2012-09-18,0.5076033436255541,0
117458,2012-09-18,0.426854405785185,0
117459,2012-09-18,0.3689214535545903,1
117460,2012-09-18,0.17197956091488195,1
117461,2012-09-18,0.24652245177655413,0
117462,2012-09-18,0.45301993064453316,1
117463,2012-09-18,0.41810801917643853,1
117464,2012-09-18,0.3678926908630797,1
117465,2012-09-18,0.346585375211035,0
117466,2012-09-18,0.36999180536430304,1
117467,2012-09-18,0.4136118819224674,0
117468,2012-09-18,0.22997948223847137,0
117469,2012-09-18,0.25192728788200697,0
117470,2012-09-18,0.36631261214349287,1
117471,2012-09-18,0.2656447192198077,1
117472,2012-09-18,0.3844461799078234,0
117473,2012-09-18,0.4009650491747876,1
117474,2012-09-18,0.4299129772783649,1
117475,2012-09-18,0.3828025807069244,1
117476,2012-09-18,0.40897971174040676,1
117477,2012-09-18,0.4441591826770453,0
117478,2012-09-18,0.40283422224798565,0
117479,2012-09-18,0.5851983708587252,0
117480,2012-09-18,0.37871388763985614,1
117481,2012-09-18,0.3382688289008391,1
117482,2012-09-18,0.2243219465313484,0
117483,2012-09-18,0.14965311633390113,0
117484,2012-09-18,0.2968734245210491,1
117485,2012-09-18,0.33682025555214934,0
117486,2012-09-18,0.5315713439322195,0
117487,2012-09-18,0.18281329368625385,0
117488,2012-09-18,0.25258566480834316,0
117489,2012-09-18,0.4604974070780585,0
117490,2012-09-18,0.36801853744925583,0
117491,2012-09-18,0.44216556493641473,0
117492,2012-09-18,0.30864036294979313,0
117493,2012-09-18,0.42964742522365656,0
117494,2012-09-18,0.14660203439717684,0
117495,2012-09-18,0.3780281974956609,0
117496,2012-09-18,0.4509527287950226,1
117497,2012-09-18,0.45581421281009404,0
117498,2012-09-18,0.6018562035916426,0
117499,2012-09-18,0.552618380643733,1
117500,2012-09-18,0.23294518684194243,0
117501,2012-09-18,0.43840415815544226,0
117502,2012-09-18,0.2751992805581907,0
117503,2012-09-18,0.45953845279478556,0
117504,2012-09-18,0.21923864424547762,1
117505,2012-09-18,0.6170522528003358,0
117506,2012-09-18,0.14054909836059756,0
117507,2012-09-18,0.5229929661369267,0
117508,2012-09-18,0.23996922619281527,0
117509,2012-09-18,0.27426875616536445,0
117510,2012-09-18,0.2547708371160012,0
117511,2012-09-18,0.37309194256173234,0
117512,2012-09-18,0.3983334956233252,0
117513,2012-09-18,0.22916127524219135,0
117514,2012-09-18,0.3010363558481448,0
117515,2012-09-18,0.28167855260884384,0
117516,2012-09-18,0.27498177803719237,0
117517,2012-09-18,0.18569422857995305,0
117518,2012-09-18,0.43116777677792534,0
117519,2012-09-18,0.32737767948343144,1
117520,2012-09-18,0.3141104816308196,1
117521,2012-09-18,0.3627518751802642,0
117522,2012-09-18,0.4135045654118894,1
117523,2012-09-18,0.45420749331816196,1
117524,2012-09-18,0.2618788296515,0
117525,2012-09-18,0.7268815761536788,0
117526,2012-09-18,0.33476001902017066,0
117527,2012-09-18,0.3596574336974207,1
117528,2012-09-18,0.6011378457680978,0
117529,2012-09-18,0.3778109404318393,0
117530,2012-09-18,0.3044218863276032,1
117531,2012-09-18,0.33082326999868655,0
117532,2012-09-18,0.5228651068651538,0
117533,2012-09-18,0.31305308075757693,0
117534,2012-09-18,0.19715836060574052,0
117535,2012-09-18,0.32187993091353295,0
117536,2012-09-18,0.10511100568268253,0
117537,2012-09-18,0.2107842543398369,0
117538,2012-09-18,0.31741690872160133,0
117539,2012-09-18,0.22630234438609598,0
117540,2012-09-18,0.5492027442790167,0
117541,2012-09-18,0.29840344614330244,0
117542,2012-09-18,0.2747385800286226,1
117543,2012-09-18,0.23337567919393212,0
117544,2012-09-18,0.4316669265025073,1
117545,2012-09-18,0.3076729845722786,0
117546,2012-09-18,0.4335830925772905,0
117547,2012-09-18,0.30988780939340355,0
117548,2012-09-18,0.42412720406285354,0
117549,2012-09-18,0.14520161784108046,0
117550,2012-09-18,0.3455216375517678,0
117551,2012-09-18,0.2738249517346091,0
117552,2012-09-18,0.17387295873868217,0
117553,2012-09-18,0.3063710599544454,0
117554,2012-09-18,0.19831984754057236,0
117555,2012-09-18,0.4168941162958732,0
117556,2012-09-18,0.32293818847232875,0
117557,2012-09-18,0.46763965504484245,1
117558,2012-09-18,0.5288414453602404,0
117559,2012-09-18,0.4130834758628445,0
117560,2012-09-18,0.23694018855462035,0
117561,2012-09-18,0.5583712383064944,1
117562,2012-09-18,0.5869804606504543,1
117563,2012-09-18,0.35932919489201776,0
117564,2012-09-18,0.4373591430858137,0
117565,2012-09-18,0.4271835141364214,0
117566,2012-09-18,0.3958505913858503,0
117567,2012-09-18,0.3246618445203291,1
117568,2012-09-18,0.3780308996944375,0
117569,2012-09-18,0.32689680811139427,0
117570,2012-09-18,0.57541550818337,0
117571,2012-09-18,0.3269186816587502,1
117572,2012-09-18,0.24009454028667077,0
117573,2012-09-18,0.4514625215206704,0
117574,2012-09-18,0.3719146834372339,0
117575,2012-09-18,0.36395754462920715,0
117576,2012-09-18,0.43186953116389026,0
117577,2012-09-18,0.34842367450530787,0
117578,2012-09-18,0.38561227103616447,1
117579,2012-09-18,0.589414228961758,0
117580,2012-09-18,0.1568866597277133,0
117581,2012-09-18,0.5561872062949841,1
117582,2012-09-18,0.32242928134794907,0
117583,2012-09-18,0.37624459677435523,0
117584,2012-09-18,0.3472394426407288,0
117585,2012-09-18,0.34004151467276333,1
117586,2012-09-18,0.47501703032681586,0
117587,2012-09-18,0.3388471235734753,1
117588,2012-09-18,0.2751524262973018,0
117589,2012-09-18,0.14440119764751191,0
117590,2012-09-18,0.45201770805523656,0
117591,2012-09-18,0.31798770770106644,0
117592,2012-09-18,0.255970594267533,0
117593,2012-09-18,0.3086777249646766,0
117594,2012-09-18,0.5560974412686497,1
117595,2012-09-18,0.206156401550818,0
117596,2012-09-18,0.29664101454019676,0
117597,2012-09-18,0.3504067575215029,1
117598,2012-09-18,0.24994320923939425,0
117599,2012-09-18,0.4657631803510966,1
117600,2012-09-18,0.3013490666774607,0
117601,2012-09-18,0.4301739858922379,0
117602,2012-09-18,0.5072997429935265,0
117603,2012-09-18,0.1727190376795925,1
117604,2012-09-18,0.22407698627167716,1
117605,2012-09-18,0.41710150935167883,1
117606,2012-09-18,0.48525803625390485,0
117607,2012-09-18,0.46766492797897674,0
117608,2012-09-18,0.24166184021946563,0
117609,2012-09-18,0.4712839650657409,1
117610,2012-09-18,0.3419555292628097,0
117611,2012-09-18,0.27858325861702055,0
117612,2012-09-18,0.3461748033031473,1
117613,2012-09-18,0.1585660294992177,0
117614,2012-09-18,0.12489850322576673,0
117615,2012-09-18,0.36283313923200056,1
117616,2012-09-18,0.15507348389002024,0
117617,2012-09-18,0.3174174698425753,1
117618,2012-09-18,0.32603634027336154,1
117619,2012-09-18,0.5513579455058356,0
117620,2012-09-18,0.2909639184676385,0
117621,2012-09-18,0.24087295503861245,0
117622,2012-09-18,0.27654958235456695,1
117623,2012-09-18,0.26562316224055965,0
117624,2012-09-18,0.47230689209831017,1
117625,2012-09-18,0.38424191878208375,0
117626,2012-09-18,0.2868819052040583,0
117627,2012-09-18,0.32772735077548293,0
117628,2012-09-18,0.21714093009958976,0
117629,2012-09-18,0.2085314204617612,0
117630,2012-09-18,0.5379433487281031,0
117631,2012-09-18,0.3602028589598363,0
117632,2012-09-18,0.44384309056406324,0
117633,2012-09-18,0.1736449298856894,0
117634,2012-09-18,0.32700457940119854,0
117635,2012-09-18,0.475088410915335,1
117636,2012-09-18,0.35838401664550507,0
117637,2012-09-18,0.28039462745354543,0
117638,2012-09-18,0.35815583804523987,0
117639,2012-09-18,0.21686570153393053,0
117640,2012-09-18,0.23262424225891165,0
117641,2012-09-18,0.1936369287145098,0
117642,2012-09-18,0.4183014914936385,1
117643,2012-09-18,0.29940511427334565,0
117644,2012-09-18,0.27725117360366996,0
117645,2012-09-18,0.220639535007098,0
117646,2012-09-18,0.2388972966302301,0
117647,2012-09-18,0.25314642308621227,0
117648,2012-09-18,0.19373577895056496,0
117649,2012-09-18,0.3575424060654237,1
117650,2012-09-18,0.42412720406285354,0
117651,2012-09-18,0.3840205606087534,1
117652,2012-09-18,0.3356675437004075,0
117653,2012-09-18,0.44659851364767283,0
117654,2012-09-18,0.18166606950177852,0
117655,2012-09-18,0.5562751741440276,1
117656,2012-09-18,0.38811614105754655,0
117657,2012-09-18,0.4782762350715972,1
117658,2012-09-18,0.6772580738325388,1
117659,2012-09-18,0.35644793503966765,0
117660,2012-09-18,0.3947017016909809,1
117661,2012-09-18,0.3888122528197146,0
117662,2012-09-18,0.2709933023081687,1
117663,2012-09-18,0.23294822985198615,0
117664,2012-09-18,0.4649555304280741,0
117665,2012-09-18,0.27199604012886547,0
117666,2012-09-18,0.37407652954829623,1
117667,2012-09-18,0.4643161199635295,0
117668,2012-09-18,0.3924828013105355,0
117669,2012-09-18,0.30116584353434966,1
117670,2012-09-18,0.4846340470359881,0
117671,2012-09-18,0.3789932271462475,1
117672,2012-09-18,0.2618750169187187,1
117673,2012-09-18,0.2829759931410939,0
117674,2012-09-18,0.2793417255913289,1
117675,2012-09-18,0.17933660965544274,0
117676,2012-09-18,0.43476069269869017,1
117677,2012-09-18,0.38206673362040144,1
117678,2012-09-18,0.39407324749480555,0
117679,2012-09-18,0.41310131601818906,0
117680,2012-09-18,0.16298966584592145,0
117681,2012-09-18,0.15278742307808352,0
117682,2012-09-18,0.32163249168857727,0
117683,2012-09-18,0.43179058095022455,1
117684,2012-09-18,0.43303580498751226,0
117685,2012-09-18,0.2881112773367654,0
117686,2012-09-18,0.2337938446670827,1
117687,2012-09-18,0.5861655428380168,0
117688,2012-09-18,0.1233911503575971,0
117689,2012-09-18,0.6158865277718748,0
117690,2012-09-18,0.5548067197028367,1
117691,2012-09-18,0.26699805295826096,0
117692,2012-09-18,0.38637930592299724,1
117693,2012-09-18,0.21255447058207527,0
117694,2012-09-18,0.34235896828556933,0
117695,2012-09-18,0.30994790331447997,0
117696,2012-09-18,0.40539909691600506,0
117697,2012-09-18,0.42423285444483927,1
117698,2012-09-18,0.5714598162544476,1
117699,2012-09-18,0.31314458406846885,0
117700,2012-09-18,0.25736987193334726,0
117701,2012-09-18,0.30218497773736624,0
117702,2012-09-18,0.3715464157478042,0
117703,2012-09-18,0.19007683791577037,0
117704,2012-09-18,0.3984892928543555,0
117705,2012-09-18,0.6716515723644366,1
117706,2012-09-18,0.3043174265010702,1
117707,2012-09-18,0.35485203083351496,0
117708,2012-09-18,0.474076266719613,0
117709,2012-09-18,0.3721027377215971,0
117710,2012-09-18,0.34840014300435335,0
117711,2012-09-18,0.31686023924274004,0
117712,2012-09-18,0.53343676203462,0
117713,2012-09-18,0.299150017461981,0
117714,2012-09-18,0.30338028023984515,0
117715,2012-09-18,0.5777986911313637,1
117716,2012-09-18,0.7081407607086098,1
117717,2012-09-18,0.18258834792014567,0
117718,2012-09-18,0.575510830916896,0
117719,2012-09-18,0.34396798098028186,1
117720,2012-09-18,0.15176305354530192,0
117721,2012-09-18,0.2131953846687159,0
117722,2012-09-18,0.3134924099730025,0
117723,2012-09-18,0.3552848035291206,0
117724,2012-09-18,0.1340191198192769,0
117725,2012-09-18,0.5963283418691453,1
117726,2012-09-18,0.18297407884981248,0
117727,2012-09-18,0.4622151347007195,0
117728,2012-09-18,0.3905947895015068,0
117729,2012-09-18,0.253045685127702,0
117730,2012-09-18,0.253700530164659,0
117731,2012-09-18,0.32233630407986413,0
117732,2012-09-18,0.2698250453358538,0
117733,2012-09-18,0.4413105387597819,0
117734,2012-09-18,0.20129945872384958,0
117735,2012-09-18,0.5916240870816585,0
117736,2012-09-18,0.5723181464855565,0
117737,2012-09-18,0.34605798431917856,1
117738,2012-09-18,0.29632744873510686,1
117739,2012-09-18,0.32954683670243684,0
117740,2012-09-18,0.305732672551543,1
117741,2012-09-18,0.4328146093826051,0
117742,2012-09-18,0.33133883073021486,0
117743,2012-09-18,0.5161330316434701,0
117744,2012-09-18,0.4415847406480373,1
117745,2012-09-18,0.4946738280281155,0
117746,2012-09-18,0.27081080246627126,1
117747,2012-09-18,0.346476411325073,0
117748,2012-09-18,0.37276717383467234,0
117749,2012-09-18,0.3782447496768281,1
117750,2012-09-18,0.37224731827719515,1
117751,2012-09-18,0.13181207917193388,0
117752,2012-09-18,0.4230253673931358,0
117753,2012-09-18,0.49341732968891444,0
117754,2012-09-18,0.26940050479112077,0
117755,2012-09-18,0.2216955193250551,0
117756,2012-09-18,0.3371303026400181,0
117757,2012-09-18,0.265628584964211,0
117758,2012-09-18,0.4192743144328183,0
117759,2012-09-18,0.18149915391694657,0
117760,2012-09-18,0.49348361941789426,0
117761,2012-09-18,0.24528084918974422,0
117762,2012-09-18,0.30009033876724567,0
117763,2012-09-18,0.6652757621110318,0
117764,2012-09-18,0.4425804499884946,0
117765,2012-09-18,0.23745358499964972,1
117766,2012-09-18,0.16102451128031625,1
117767,2012-09-18,0.6061939281377023,1
117768,2012-09-18,0.4812602170936025,0
117769,2012-09-18,0.3172077939526947,0
117770,2012-09-18,0.4557169652646915,0
117771,2012-09-18,0.26848941218463807,1
117772,2012-09-18,0.4007190209405896,1
117773,2012-09-18,0.15007726013876838,0
117774,2012-09-18,0.18811435178065697,0
117775,2012-09-18,0.17319437497397372,0
117776,2012-09-18,0.3508829269047919,0
117777,2012-09-18,0.47304565385324165,0
117778,2012-09-18,0.2823350329820171,1
117779,2012-09-18,0.4269488685354804,0
117780,2012-09-18,0.3863992119568103,1
117781,2012-09-18,0.14487659884617138,1
117782,2012-09-18,0.5069589475294186,0
117783,2012-09-18,0.48927390387153397,0
117784,2012-09-18,0.23873630343687074,0
117785,2012-09-18,0.481926605128801,1
117786,2012-09-19,0.15022650450102584,1
117787,2012-09-19,0.40282619732310526,1
117788,2012-09-19,0.19040989162581914,0
117789,2012-09-19,0.44759647942106684,1
117790,2012-09-19,0.4104429601676808,0
117791,2012-09-19,0.35116908416801224,0
117792,2012-09-19,0.1868820470814655,0
117793,2012-09-19,0.2929762112328816,0
117794,2012-09-19,0.4620932627543206,0
117795,2012-09-19,0.19366509885998925,1
117796,2012-09-19,0.39084761844926147,0
117797,2012-09-19,0.29853003820587565,0
117798,2012-09-19,0.2893021726028652,0
117799,2012-09-19,0.3989145271227502,0
117800,2012-09-19,0.1457088331826692,0
117801,2012-09-19,0.4561679273713505,0
117802,2012-09-19,0.3575409050917429,1
117803,2012-09-19,0.27604345331772134,1
117804,2012-09-19,0.6307619135248471,1
117805,2012-09-19,0.45716183816538275,1
117806,2012-09-19,0.6315761045600581,0
117807,2012-09-19,0.2715978812599115,0
117808,2012-09-19,0.4501724482520488,0
117809,2012-09-19,0.39813982017121974,0
117810,2012-09-19,0.34726645824323543,0
117811,2012-09-19,0.3480852880068166,0
117812,2012-09-19,0.34714857358861667,0
117813,2012-09-19,0.4423366743793705,0
117814,2012-09-19,0.4297303605304414,0
117815,2012-09-19,0.38335920067142515,1
117816,2012-09-19,0.47089702349063195,0
117817,2012-09-19,0.3265467602371532,0
117818,2012-09-19,0.47427402185052164,1
117819,2012-09-19,0.22787944338384838,1
117820,2012-09-19,0.21707964548044814,0
117821,2012-09-19,0.36219204277910017,0
117822,2012-09-19,0.3181653838237108,0
117823,2012-09-19,0.5246305223455731,0
117824,2012-09-19,0.36826154692854285,1
117825,2012-09-19,0.2888259620068864,0
117826,2012-09-19,0.4493412504904011,0
117827,2012-09-19,0.6462860640091781,1
117828,2012-09-19,0.4346127660394019,1
117829,2012-09-19,0.3449396702844586,1
117830,2012-09-19,0.1766715789584205,0
117831,2012-09-19,0.20253450118207905,0
117832,2012-09-19,0.4285092956370514,1
117833,2012-09-19,0.5322039422038659,0
117834,2012-09-19,0.3491734845842015,0
117835,2012-09-19,0.3574929765454907,1
117836,2012-09-19,0.3016697458447865,0
117837,2012-09-19,0.3347051572037811,1
117838,2012-09-19,0.2569464333929103,1
117839,2012-09-19,0.24746961268789286,0
117840,2012-09-19,0.2423603730057541,0
117841,2012-09-19,0.31456437787464536,0
117842,2012-09-19,0.36124118609195627,1
117843,2012-09-19,0.31102565970565593,0
117844,2012-09-19,0.5729249939844357,0
117845,2012-09-19,0.42094416383193545,1
117846,2012-09-19,0.2558780460694799,0
117847,2012-09-19,0.49696856426670494,0
117848,2012-09-19,0.39032135818313957,1
117849,2012-09-19,0.1542478214762595,0
117850,2012-09-19,0.18364000889140292,0
117851,2012-09-19,0.2261516800933419,0
117852,2012-09-19,0.32728849377728725,1
117853,2012-09-19,0.18172925610723129,0
117854,2012-09-19,0.19060842970258354,0
117855,2012-09-19,0.3959441920588578,0
117856,2012-09-19,0.2537281171936923,0
117857,2012-09-19,0.0895693859761466,0
117858,2012-09-19,0.34950826382918215,1
117859,2012-09-19,0.3774643901985354,1
117860,2012-09-19,0.3864040009563436,0
117861,2012-09-19,0.14017038083338262,0
117862,2012-09-19,0.2633619477020325,0
117863,2012-09-19,0.5320520200779659,1
117864,2012-09-19,0.5475349295043989,0
117865,2012-09-19,0.19956049915307889,0
117866,2012-09-19,0.38330114074108934,0
117867,2012-09-19,0.2950208182332866,0
117868,2012-09-19,0.48940080672828934,1
117869,2012-09-19,0.22519506096885655,0
117870,2012-09-19,0.30528860144815617,1
117871,2012-09-19,0.5395028885756483,1
117872,2012-09-19,0.3207393285627453,0
117873,2012-09-19,0.6098507771605383,0
117874,2012-09-19,0.5096610726113111,0
117875,2012-09-19,0.570402865072915,1
117876,2012-09-19,0.4078997774642179,0
117877,2012-09-19,0.2544022486093593,0
117878,2012-09-19,0.34022335060796594,0
117879,2012-09-19,0.6427134766164122,1
117880,2012-09-19,0.35096713894207626,0
117881,2012-09-19,0.3606388383521326,0
117882,2012-09-19,0.06189304958009401,0
117883,2012-09-19,0.45784221462622443,0
117884,2012-09-19,0.2786537737174898,1
117885,2012-09-19,0.45094112744707077,0
117886,2012-09-19,0.2952394360615943,0
117887,2012-09-19,0.4793824256301621,1
117888,2012-09-19,0.4236566809622985,1
117889,2012-09-19,0.5026179779613027,1
117890,2012-09-19,0.365025311669094,0
117891,2012-09-19,0.2639239128723002,0
117892,2012-09-19,0.16782156140826018,0
117893,2012-09-19,0.5713542248468128,0
117894,2012-09-19,0.35800329997295893,0
117895,2012-09-19,0.6065499146608376,1
117896,2012-09-19,0.2842870369445439,0
117897,2012-09-19,0.3615734024125975,1
117898,2012-09-19,0.7194944976090929,1
117899,2012-09-19,0.1769049169403652,0
117900,2012-09-19,0.35344274297155254,0
117901,2012-09-19,0.33053810431904507,0
117902,2012-09-19,0.3557884778348382,0
117903,2012-09-19,0.4321173970528396,0
117904,2012-09-19,0.3446905453530205,1
117905,2012-09-19,0.6358520626234813,0
117906,2012-09-19,0.47349472984869817,1
117907,2012-09-19,0.31507127124305684,0
117908,2012-09-19,0.38771506042753706,0
117909,2012-09-19,0.7000469929622793,1
117910,2012-09-19,0.38162467069636685,0
117911,2012-09-19,0.38621381443864583,0
117912,2012-09-19,0.4215589239153193,0
117913,2012-09-19,0.508744386034073,1
117914,2012-09-19,0.4115651461074059,0
117915,2012-09-19,0.24250031221061685,0
117916,2012-09-19,0.3289001839138511,0
117917,2012-09-19,0.29520666307727106,0
117918,2012-09-19,0.42288241279123673,0
117919,2012-09-19,0.27052988937817335,0
117920,2012-09-19,0.36444863366933483,0
117921,2012-09-19,0.300000941742715,1
117922,2012-09-19,0.29111222898051986,1
117923,2012-09-19,0.36402000133702384,0
117924,2012-09-19,0.12789640324835308,1
117925,2012-09-19,0.137150188338419,0
117926,2012-09-19,0.2592948817303214,0
117927,2012-09-19,0.38050198331855967,0
117928,2012-09-19,0.44454208693496566,0
117929,2012-09-19,0.3001670795692467,0
117930,2012-09-19,0.1594910415754244,0
117931,2012-09-19,0.3651892509357896,1
117932,2012-09-19,0.23832789579384694,0
117933,2012-09-19,0.33162129494540643,0
117934,2012-09-19,0.3393702342846034,0
117935,2012-09-19,0.2403342393054373,0
117936,2012-09-19,0.0899151143918945,0
117937,2012-09-19,0.15351668236452098,0
117938,2012-09-19,0.23761566928472294,0
117939,2012-09-19,0.3457662319645701,0
117940,2012-09-19,0.48686011638770543,1
117941,2012-09-19,0.22127166621271444,1
117942,2012-09-19,0.3455761422888859,1
117943,2012-09-19,0.30071921803178026,1
117944,2012-09-19,0.2005643759035395,0
117945,2012-09-19,0.4080184224957219,0
117946,2012-09-19,0.37048565176956444,1
117947,2012-09-19,0.5801002549936952,1
117948,2012-09-19,0.3962953959540575,0
117949,2012-09-19,0.7308816412650317,0
117950,2012-09-19,0.3143742782730982,0
117951,2012-09-19,0.4912784287819827,1
117952,2012-09-19,0.40204262682307207,0
117953,2012-09-19,0.36034416507934514,0
117954,2012-09-19,0.4732635562140767,1
117955,2012-09-19,0.4840874091161311,0
117956,2012-09-19,0.36132654717245366,0
117957,2012-09-19,0.29672673837363156,0
117958,2012-09-19,0.2863163389104529,1
117959,2012-09-19,0.44554301110408134,0
117960,2012-09-19,0.37169178110757434,0
117961,2012-09-19,0.4023046577703347,1
117962,2012-09-19,0.5211803625877947,1
117963,2012-09-19,0.30117694951810575,0
117964,2012-09-19,0.3480529775453332,0
117965,2012-09-19,0.15421831633045316,0
117966,2012-09-19,0.4318772373656533,1
117967,2012-09-19,0.3182667282324126,0
117968,2012-09-19,0.3241185758176729,0
117969,2012-09-19,0.1687836341173245,0
117970,2012-09-19,0.3959538594173135,0
117971,2012-09-19,0.5560808669052932,0
117972,2012-09-19,0.5243389562140118,1
117973,2012-09-19,0.1900951651845949,1
117974,2012-09-19,0.25514016765663067,0
117975,2012-09-19,0.1921349604731909,0
117976,2012-09-19,0.33560646876582284,0
117977,2012-09-19,0.27484812576992695,0
117978,2012-09-19,0.20400871015820696,0
117979,2012-09-19,0.21500928686271553,0
117980,2012-09-19,0.43935580047339373,0
117981,2012-09-19,0.6298797061576501,1
117982,2012-09-19,0.3471549182435046,1
117983,2012-09-19,0.34920033766922404,0
117984,2012-09-19,0.4490567722838635,0
117985,2012-09-19,0.4585667606214114,1
117986,2012-09-19,0.33260076959913915,1
117987,2012-09-19,0.22830504638965948,0
117988,2012-09-19,0.31580658864339,0
117989,2012-09-19,0.35184811068968225,1
117990,2012-09-19,0.3734771777211088,0
117991,2012-09-19,0.2758965829583329,1
117992,2012-09-19,0.35960537795064595,1
117993,2012-09-19,0.4665837781377791,1
117994,2012-09-19,0.3881213949161721,0
117995,2012-09-19,0.4256158300531302,0
117996,2012-09-19,0.22079013291749133,0
117997,2012-09-19,0.2535751313666328,0
117998,2012-09-19,0.3140673137169185,0
117999,2012-09-19,0.39424856204148934,0
118000,2012-09-19,0.18507820196659677,0
118001,2012-09-19,0.4864477925058857,0
118002,2012-09-19,0.34097116326617133,0
118003,2012-09-19,0.3354654418825046,1
118004,2012-09-19,0.35508389425430237,0
118005,2012-09-19,0.32391729662452445,0
118006,2012-09-19,0.16980336503207552,0
118007,2012-09-19,0.32875196785645133,0
118008,2012-09-19,0.45745407422553586,0
118009,2012-09-19,0.26654854605757045,0
118010,2012-09-19,0.3587859647049077,0
118011,2012-09-19,0.20661005700012128,0
118012,2012-09-19,0.4563392886177562,0
118013,2012-09-19,0.18182951112956253,0
118014,2012-09-19,0.4731780873306222,0
118015,2012-09-19,0.1306718593464359,0
118016,2012-09-19,0.4923144172272635,0
118017,2012-09-19,0.2870254848710436,0
118018,2012-09-19,0.27400632653416646,0
118019,2012-09-19,0.4163752898861035,0
118020,2012-09-19,0.20534629111289077,0
118021,2012-09-19,0.30862732677146754,0
118022,2012-09-19,0.3338558126916419,0
118023,2012-09-19,0.10162957786320419,0
118024,2012-09-19,0.29773074551389195,0
118025,2012-09-19,0.2661143190121339,1
118026,2012-09-19,0.1750589403592207,1
118027,2012-09-19,0.1878897955563732,0
118028,2012-09-19,0.31921999011862795,0
118029,2012-09-19,0.18586017691498108,0
118030,2012-09-19,0.09831925819820844,1
118031,2012-09-19,0.25030453945039793,1
118032,2012-09-19,0.23024922559663602,0
118033,2012-09-19,0.36593938891251643,0
118034,2012-09-19,0.21079721397329002,1
118035,2012-09-19,0.37938751267783566,0
118036,2012-09-19,0.2409460662286236,1
118037,2012-09-19,0.38848701230112037,0
118038,2012-09-19,0.2469034361233754,0
118039,2012-09-19,0.32096978030833023,0
118040,2012-09-19,0.22176862267269376,0
118041,2012-09-19,0.3661438711964136,0
118042,2012-09-19,0.48053547566722016,0
118043,2012-09-19,0.4404994878750932,1
118044,2012-09-19,0.22167636965183918,0
118045,2012-09-19,0.3197396395275053,1
118046,2012-09-19,0.4478115182550719,0
118047,2012-09-19,0.4987581089276855,0
118048,2012-09-19,0.3781621877036682,0
118049,2012-09-19,0.33655399297969313,0
118050,2012-09-19,0.36774616118107806,0
118051,2012-09-19,0.29604057905578657,0
118052,2012-09-19,0.348517850705127,0
118053,2012-09-19,0.34760129876438367,0
118054,2012-09-19,0.1509019034918342,0
118055,2012-09-19,0.3293903179085601,0
118056,2012-09-19,0.433822776309282,0
118057,2012-09-19,0.35556943272144437,1
118058,2012-09-19,0.5227150878102972,0
118059,2012-09-19,0.3497275549023804,0
118060,2012-09-19,0.43378256220163475,0
118061,2012-09-19,0.24792085387707066,0
118062,2012-09-19,0.22925557147030612,0
118063,2012-09-19,0.16486106558718638,0
118064,2012-09-19,0.19423912714192296,0
118065,2012-09-19,0.6133291183450243,1
118066,2012-09-19,0.2921517770146825,0
118067,2012-09-19,0.37489733299780836,0
118068,2012-09-19,0.5445421007300345,1
118069,2012-09-19,0.6126828745005394,0
118070,2012-09-19,0.3693707212426642,0
118071,2012-09-19,0.3654999319314446,1
118072,2012-09-19,0.36417642930119193,0
118073,2012-09-19,0.32244002408421457,1
118074,2012-09-19,0.23941546516006992,0
118075,2012-09-19,0.2666721193096483,0
118076,2012-09-19,0.4415062051996433,1
118077,2012-09-19,0.16793794603540962,0
118078,2012-09-19,0.30569690582564885,0
118079,2012-09-19,0.2384028449243995,0
118080,2012-09-19,0.3056181862686957,1
118081,2012-09-19,0.48802320520813125,1
118082,2012-09-19,0.29750430695089375,0
118083,2012-09-19,0.40485160944912135,0
118084,2012-09-19,0.36988799784722726,0
118085,2012-09-19,0.3129904982684769,0
118086,2012-09-19,0.44319030678814614,1
118087,2012-09-19,0.2683407729485164,0
118088,2012-09-19,0.332225744450309,0
118089,2012-09-19,0.38864358762511647,1
118090,2012-09-19,0.26402782805690145,0
118091,2012-09-19,0.29994542418522074,1
118092,2012-09-19,0.16475452276182517,0
118093,2012-09-19,0.4431652663392278,1
118094,2012-09-19,0.2117998945075504,0
118095,2012-09-19,0.3176371464562652,0
118096,2012-09-19,0.4443528053019272,0
118097,2012-09-19,0.3480397133216367,1
118098,2012-09-19,0.3465708005553872,1
118099,2012-09-19,0.19156326401796397,0
118100,2012-09-19,0.27121871731502284,0
118101,2012-09-19,0.46234266094672694,0
118102,2012-09-19,0.17383252053899473,0
118103,2012-09-19,0.14969763032888692,0
118104,2012-09-19,0.45360349929351057,0
118105,2012-09-19,0.6437358091797764,0
118106,2012-09-19,0.28569624379603664,0
118107,2012-09-19,0.46506558732233966,0
118108,2012-09-19,0.20352258232943432,0
118109,2012-09-19,0.44870106582855307,0
118110,2012-09-19,0.589113032689208,1
118111,2012-09-19,0.2911945740523814,0
118112,2012-09-19,0.18714298745276423,0
118113,2012-09-19,0.36016148447727603,0
118114,2012-09-19,0.3956911747551401,0
118115,2012-09-19,0.3610061078918257,1
118116,2012-09-19,0.21209497364054003,0
118117,2012-09-19,0.39375177812592194,0
118118,2012-09-19,0.32489671337678694,1
118119,2012-09-19,0.5159959762676899,1
118120,2012-09-19,0.3762988580252297,0
118121,2012-09-19,0.453724558874734,1
118122,2012-09-19,0.3942174508519568,0
118123,2012-09-19,0.5093358725026494,0
118124,2012-09-19,0.39719183852056755,0
118125,2012-09-19,0.6904069180379013,1
118126,2012-09-19,0.3493809151046953,0
118127,2012-09-19,0.20759276975681948,0
118128,2012-09-19,0.22478672941981162,1
118129,2012-09-19,0.38012195280622874,0
118130,2012-09-19,0.35458637065398235,0
118131,2012-09-19,0.27762368497624107,0
118132,2012-09-19,0.08070916491974411,0
118133,2012-09-19,0.5943161000016691,1
118134,2012-09-19,0.3514612571278214,1
118135,2012-09-19,0.1926876552509667,1
118136,2012-09-19,0.42328047650195555,0
118137,2012-09-19,0.34138200693283305,0
118138,2012-09-19,0.4215613270492435,1
118139,2012-09-19,0.3389493868815526,1
118140,2012-09-19,0.3848466529299893,0
118141,2012-09-19,0.632831379947399,1
118142,2012-09-19,0.38170152849303535,1
118143,2012-09-19,0.23475633214335015,0
118144,2012-09-19,0.2214722507549317,0
118145,2012-09-19,0.34931426501362534,0
118146,2012-09-19,0.44630016678759976,1
118147,2012-09-19,0.20024280602409425,0
118148,2012-09-19,0.24030271706687428,0
118149,2012-09-19,0.16257226433714786,0
118150,2012-09-19,0.5609574325846203,1
118151,2012-09-19,0.5497634076385794,0
118152,2012-09-19,0.24464548053736382,0
118153,2012-09-19,0.19210026679189376,0
118154,2012-09-19,0.2619680580495441,0
118155,2012-09-19,0.30578786764272076,0
118156,2012-09-19,0.3534367200773601,1
118157,2012-09-19,0.17960925601679073,0
118158,2012-09-19,0.37286612240153383,0
118159,2012-09-19,0.14914456727595735,0
118160,2012-09-19,0.43294707136780436,1
118161,2012-09-19,0.2120241133220881,0
118162,2012-09-19,0.1218418633074374,0
118163,2012-09-19,0.5103673869465674,1
118164,2012-09-19,0.21593023753506038,0
118165,2012-09-19,0.23470592692321407,0
118166,2012-09-19,0.3706374573519953,1
118167,2012-09-19,0.38786778601502425,1
118168,2012-09-19,0.3486875249324864,0
118169,2012-09-19,0.4252517198250985,1
118170,2012-09-19,0.2763558636443981,0
118171,2012-09-19,0.25590551570075815,0
118172,2012-09-19,0.31746266106627025,1
118173,2012-09-19,0.3206080757554751,0
118174,2012-09-19,0.3980772288641532,0
118175,2012-09-19,0.1328307724911526,0
118176,2012-09-19,0.29379041607652484,0
118177,2012-09-19,0.4237802044655202,1
118178,2012-09-19,0.39136740505090467,1
118179,2012-09-19,0.4286826175588924,0
118180,2012-09-19,0.4044158352031122,0
118181,2012-09-19,0.35802866892601787,1
118182,2012-09-19,0.40822183915320964,0
118183,2012-09-19,0.4166687869548436,1
118184,2012-09-19,0.31171041821848633,0
118185,2012-09-19,0.4099447650688853,0
118186,2012-09-19,0.3943693783867938,1
118187,2012-09-19,0.5066477903726684,1
118188,2012-09-19,0.14119280264937523,0
118189,2012-09-19,0.17758143079267755,0
118190,2012-09-19,0.4282799591925613,0
118191,2012-09-19,0.22226257900824328,0
118192,2012-09-19,0.4708339732285752,1
118193,2012-09-19,0.20958993742852122,0
118194,2012-09-19,0.4652930794740477,0
118195,2012-09-19,0.4683276521183077,0
118196,2012-09-19,0.34640904057498284,1
118197,2012-09-19,0.4570828420174824,1
118198,2012-09-19,0.33082033677296635,0
118199,2012-09-19,0.3643518238196548,0
118200,2012-09-19,0.19385195209446052,0
118201,2012-09-19,0.19684801469445515,0
118202,2012-09-19,0.21936908781202097,0
118203,2012-09-19,0.14236634366025339,0
118204,2012-09-19,0.3702953674474658,1
118205,2012-09-19,0.353763785021546,0
118206,2012-09-19,0.2609772669436597,0
118207,2012-09-19,0.31554722407104935,0
118208,2012-09-19,0.3086349016699534,0
118209,2012-09-19,0.5458227879068593,0
118210,2012-09-19,0.3080244506627808,0
118211,2012-09-19,0.4097929702416063,0
118212,2012-09-19,0.694031953093564,1
118213,2012-09-19,0.27714808480692543,0
118214,2012-09-19,0.2026691480091444,1
118215,2012-09-19,0.487546934891279,1
118216,2012-09-19,0.2676914515029004,0
118217,2012-09-19,0.27366814356777114,0
118218,2012-09-19,0.2705559564198173,0
118219,2012-09-19,0.3073449976160775,0
118220,2012-09-19,0.32598617220723425,1
118221,2012-09-19,0.224898808179006,0
118222,2012-09-19,0.3598467840391706,0
118223,2012-09-19,0.5830197993018702,1
118224,2012-09-19,0.37309918840858497,1
118225,2012-09-19,0.3636568835949335,0
118226,2012-09-19,0.2732446817835202,0
118227,2012-09-19,0.35662146361909214,1
118228,2012-09-19,0.5603506651034794,1
118229,2012-09-19,0.216666746892408,0
118230,2012-09-19,0.22749788023593304,0
118231,2012-09-19,0.09582828770770647,0
118232,2012-09-19,0.1283818665633165,0
118233,2012-09-19,0.6521933964282681,1
118234,2012-09-19,0.3340015302247508,0
118235,2012-09-19,0.4255816143927155,0
118236,2012-09-19,0.41878770910754753,1
118237,2012-09-19,0.36687820328925,1
118238,2012-09-19,0.12384839494495709,0
118239,2012-09-19,0.3344149848352284,0
118240,2012-09-19,0.2430325723100141,1
118241,2012-09-19,0.38311836866629406,1
118242,2012-09-19,0.31512998982553775,0
118243,2012-09-19,0.19769113172476163,0
118244,2012-09-19,0.40919863802661566,0
118245,2012-09-19,0.27767865088431504,0
118246,2012-09-19,0.3149940017986762,0
118247,2012-09-19,0.4656001667748066,0
118248,2012-09-19,0.3340558850846229,0
118249,2012-09-19,0.1879021872139915,0
118250,2012-09-19,0.37859770651405844,1
118251,2012-09-19,0.34281606239684187,0
118252,2012-09-19,0.6261005883355876,0
118253,2012-09-19,0.4860004058130955,0
118254,2012-09-19,0.36449322604242795,1
118255,2012-09-19,0.3895517134634429,0
118256,2012-09-19,0.31728235899261514,1
118257,2012-09-19,0.3152304805106646,0
118258,2012-09-19,0.42753022802949137,0
118259,2012-09-19,0.42610509005302444,1
118260,2012-09-19,0.4561981367967354,1
118261,2012-09-19,0.26630293276643136,0
118262,2012-09-19,0.4786511420839014,0
118263,2012-09-19,0.5363414382966655,0
118264,2012-09-19,0.4589478764017348,0
118265,2012-09-19,0.16179355428277845,0
118266,2012-09-19,0.324924123911125,0
118267,2012-09-19,0.608698218964075,1
118268,2012-09-19,0.40883838364588626,1
118269,2012-09-19,0.3085247461853833,0
118270,2012-09-19,0.17998480469087122,0
118271,2012-09-19,0.20303837569857955,0
118272,2012-09-19,0.3863061994019297,1
118273,2012-09-19,0.3215882899751438,0
118274,2012-09-19,0.27953518115219894,0
118275,2012-09-19,0.370191329399839,0
118276,2012-09-19,0.34914470247820834,0
118277,2012-09-19,0.3997339804821197,0
118278,2012-09-19,0.5635654703248679,1
118279,2012-09-19,0.5619940489996432,1
118280,2012-09-19,0.2805602577316161,0
118281,2012-09-19,0.48047454841849396,0
118282,2012-09-19,0.5586159763056323,0
118283,2012-09-19,0.27645207442387176,0
118284,2012-09-19,0.35656925990020244,0
118285,2012-09-19,0.29955317116365815,0
118286,2012-09-19,0.39360522622511107,1
118287,2012-09-19,0.27177789524266116,0
118288,2012-09-19,0.5011375876068069,0
118289,2012-09-19,0.4888955384343307,0
118290,2012-09-19,0.19239696313359406,0
118291,2012-09-19,0.456912945018481,0
118292,2012-09-19,0.5817805077703702,0
118293,2012-09-19,0.3253463113446007,0
118294,2012-09-19,0.49632284904382573,0
118295,2012-09-19,0.250604857512928,1
118296,2012-09-19,0.39817474853593376,0
118297,2012-09-19,0.17696387903715274,0
118298,2012-09-19,0.3630420950673466,0
118299,2012-09-19,0.2195813935070333,0
118300,2012-09-19,0.22143603313079632,0
118301,2012-09-19,0.37199478320427565,0
118302,2012-09-19,0.4706557244210606,0
118303,2012-09-19,0.36224208092934934,1
118304,2012-09-19,0.4523848194279002,0
118305,2012-09-19,0.21273902830629648,0
118306,2012-09-19,0.18459559290767708,0
118307,2012-09-19,0.2131490567957231,0
118308,2012-09-19,0.30112457555651384,1
118309,2012-09-19,0.2832850624246251,0
118310,2012-09-19,0.12758929153032209,0
118311,2012-09-19,0.3572291553864123,0
118312,2012-09-19,0.434534525132103,0
118313,2012-09-19,0.18144028814563656,0
118314,2012-09-19,0.12743915628899663,0
118315,2012-09-19,0.048255806991053835,0
118316,2012-09-19,0.361955601399222,1
118317,2012-09-19,0.5884193818147744,1
118318,2012-09-19,0.43144966154534575,1
118319,2012-09-19,0.23585667605936805,0
118320,2012-09-19,0.26698115213429574,0
118321,2012-09-19,0.6349817034578592,0
118322,2012-09-19,0.503377657586758,0
118323,2012-09-19,0.3722734720554561,0
118324,2012-09-19,0.14164232722854034,0
118325,2012-09-19,0.3684040701483602,0
118326,2012-09-19,0.5031655498049096,1
118327,2012-09-19,0.38545455058217837,0
118328,2012-09-19,0.3300531529347891,0
118329,2012-09-19,0.1424652110900704,0
118330,2012-09-19,0.487126651059059,1
118331,2012-09-19,0.3790146842478958,0
118332,2012-09-19,0.42182453751240306,0
118333,2012-09-19,0.393811503056563,0
118334,2012-09-19,0.3896644195768817,1
118335,2012-09-19,0.526774635817853,0
118336,2012-09-19,0.44678198772189964,0
118337,2012-09-19,0.2566872118449599,0
118338,2012-09-19,0.40488010050072193,0
118339,2012-09-19,0.27062288049705147,0
118340,2012-09-19,0.4117341062298073,1
118341,2012-09-19,0.3147249504151927,1
118342,2012-09-19,0.4100396141889637,0
118343,2012-09-19,0.27837829537229214,1
118344,2012-09-19,0.32475089022715986,1
118345,2012-09-19,0.23806142698468666,0
118346,2012-09-19,0.3923629460361235,0
118347,2012-09-19,0.21143961233675143,0
118348,2012-09-19,0.13840512769108818,0
118349,2012-09-19,0.5142616011291243,1
118350,2012-09-19,0.4501494679646624,0
118351,2012-09-19,0.2545208771441528,0
118352,2012-09-19,0.40198097661346976,0
118353,2012-09-19,0.6364924287477794,1
118354,2012-09-19,0.45904589171663795,1
118355,2012-09-19,0.3566335780323252,1
118356,2012-09-19,0.36483765013953523,0
118357,2012-09-20,0.45922203251657334,1
118358,2012-09-20,0.4097047977249038,0
118359,2012-09-20,0.2167476313019308,0
118360,2012-09-20,0.4770982999787617,0
118361,2012-09-20,0.27646238023818615,0
118362,2012-09-20,0.19803923852492203,0
118363,2012-09-20,0.3368385748564555,1
118364,2012-09-20,0.22770310923329168,0
118365,2012-09-20,0.32613257902204973,0
118366,2012-09-20,0.3712049909967856,1
118367,2012-09-20,0.18316406564403195,0
118368,2012-09-20,0.3258358233928858,0
118369,2012-09-20,0.5339062272849688,0
118370,2012-09-20,0.18469681676487884,0
118371,2012-09-20,0.2663715547816023,1
118372,2012-09-20,0.4382189902933659,0
118373,2012-09-20,0.11905820497070553,0
118374,2012-09-20,0.5484968024101378,0
118375,2012-09-20,0.30311880111077244,1
118376,2012-09-20,0.20197899350376466,0
118377,2012-09-20,0.26641741213594344,0
118378,2012-09-20,0.4906624923471597,0
118379,2012-09-20,0.5674344250605611,0
118380,2012-09-20,0.26384418849414,0
118381,2012-09-20,0.6795636260115429,1
118382,2012-09-20,0.4674600607730708,1
118383,2012-09-20,0.24848234175448666,0
118384,2012-09-20,0.338813439558937,0
118385,2012-09-20,0.15379717989816116,0
118386,2012-09-20,0.288681853744575,1
118387,2012-09-20,0.5776604740093322,1
118388,2012-09-20,0.2065351672803173,0
118389,2012-09-20,0.47173322512142807,1
118390,2012-09-20,0.31006614800220855,1
118391,2012-09-20,0.28575719133273736,0
118392,2012-09-20,0.38563849393170857,0
118393,2012-09-20,0.40124286201090004,0
118394,2012-09-20,0.13231900649817452,0
118395,2012-09-20,0.3919079312177083,1
118396,2012-09-20,0.358924969845179,0
118397,2012-09-20,0.18934091230197767,1
118398,2012-09-20,0.37024597801772335,1
118399,2012-09-20,0.28770409209836034,0
118400,2012-09-20,0.27935546292900054,1
118401,2012-09-20,0.5045540555094322,0
118402,2012-09-20,0.24255005123740028,0
118403,2012-09-20,0.36934470690970717,0
118404,2012-09-20,0.09793894267251378,0
118405,2012-09-20,0.2459450295705325,1
118406,2012-09-20,0.3274798004773017,0
118407,2012-09-20,0.3446074478503794,0
118408,2012-09-20,0.45991747572105757,0
118409,2012-09-20,0.5722914838122565,1
118410,2012-09-20,0.3468479312924705,0
118411,2012-09-20,0.3703278775536994,0
118412,2012-09-20,0.2793973172639993,0
118413,2012-09-20,0.43636050687762873,1
118414,2012-09-20,0.43971061031205055,0
118415,2012-09-20,0.2606536431082484,0
118416,2012-09-20,0.4150621619527074,0
118417,2012-09-20,0.4899494639970307,0
118418,2012-09-20,0.4908753288047455,0
118419,2012-09-20,0.6265754058773808,0
118420,2012-09-20,0.4296194848022583,0
118421,2012-09-20,0.4328321809095434,1
118422,2012-09-20,0.3609242383868628,0
118423,2012-09-20,0.33637878407077765,1
118424,2012-09-20,0.13993717427137217,0
118425,2012-09-20,0.4137268205027879,1
118426,2012-09-20,0.34412375447359594,0
118427,2012-09-20,0.2796254154849926,0
118428,2012-09-20,0.39840005861128613,0
118429,2012-09-20,0.20884382125128023,0
118430,2012-09-20,0.2051912623048576,1
118431,2012-09-20,0.2888487426747115,0
118432,2012-09-20,0.17372306151906863,0
118433,2012-09-20,0.3746555838588465,1
118434,2012-09-20,0.37650687218395645,0
118435,2012-09-20,0.10933888141417279,0
118436,2012-09-20,0.4599552932424933,1
118437,2012-09-20,0.22049429562911496,0
118438,2012-09-20,0.28592066839839614,0
118439,2012-09-20,0.370734149289429,0
118440,2012-09-20,0.5267861137799139,0
118441,2012-09-20,0.24003767405767917,0
118442,2012-09-20,0.5209847175217005,0
118443,2012-09-20,0.49016086161645034,0
118444,2012-09-20,0.40636934795169677,1
118445,2012-09-20,0.47268096626459255,0
118446,2012-09-20,0.2032804224753808,0
118447,2012-09-20,0.4360346862230611,1
118448,2012-09-20,0.29537048731065607,0
118449,2012-09-20,0.4441115519962304,0
118450,2012-09-20,0.23273737036323353,0
118451,2012-09-20,0.4099592018347864,1
118452,2012-09-20,0.34644280011222833,0
118453,2012-09-20,0.37078820868951406,1
118454,2012-09-20,0.3073671897616539,0
118455,2012-09-20,0.5541055490859518,0
118456,2012-09-20,0.3833413511189022,0
118457,2012-09-20,0.5380196476225427,1
118458,2012-09-20,0.15865382465840766,0
118459,2012-09-20,0.2976170528702932,0
118460,2012-09-20,0.37994269757962185,1
118461,2012-09-20,0.34016077504876385,0
118462,2012-09-20,0.24912724460869148,0
118463,2012-09-20,0.3509712442427211,0
118464,2012-09-20,0.32611727853265804,1
118465,2012-09-20,0.3390509259247685,1
118466,2012-09-20,0.3385712839451141,0
118467,2012-09-20,0.45660511648432506,0
118468,2012-09-20,0.38930292431344937,1
118469,2012-09-20,0.3625706525584506,0
118470,2012-09-21,0.45433168572353866,0
118471,2012-09-21,0.3458110593285532,0
118472,2012-09-21,0.28894695878601756,0
118473,2012-09-21,0.3204812974646116,0
118474,2012-09-21,0.2861613249367613,1
118475,2012-09-21,0.4626479835105306,0
118476,2012-09-21,0.46733470704349167,1
118477,2012-09-21,0.37576632487931727,1
118478,2012-09-21,0.16402800569262815,0
118479,2012-09-21,0.4655491311082656,0
118480,2012-09-21,0.4424961265157019,1
118481,2012-09-21,0.4636702554853245,0
118482,2012-09-21,0.2683457576682188,0
118483,2012-09-21,0.42785368522704853,0
118484,2012-09-21,0.3690708203735697,1
118485,2012-09-21,0.306743584324094,1
118486,2012-09-21,0.3937871549924809,0
118487,2012-09-21,0.48700803032858153,0
118488,2012-09-21,0.29736402722407074,0
118489,2012-09-21,0.4582950033690327,0
118490,2012-09-21,0.37700935285287906,1
118491,2012-09-21,0.42135651014404896,0
118492,2012-09-21,0.3090570035160833,0
118493,2012-09-21,0.40618691764815,0
118494,2012-09-21,0.33449102694777366,0
118495,2012-09-21,0.33748015213909716,0
118496,2012-09-21,0.3708200372274217,1
118497,2012-09-21,0.18029900547559738,0
118498,2012-09-21,0.5649544569804748,0
118499,2012-09-21,0.5741771217589184,1
118500,2012-09-21,0.5464278925648797,1
118501,2012-09-21,0.4530312977704182,0
118502,2012-09-21,0.2872025893462022,0
118503,2012-09-21,0.3808891790853605,1
118504,2012-09-21,0.22212235085526197,0
118505,2012-09-21,0.4794310634177998,0
118506,2012-09-21,0.2818613126591927,0
118507,2012-09-21,0.473496954932321,1
118508,2012-09-21,0.23076490800285787,0
118509,2012-09-21,0.2505704792223006,0
118510,2012-09-21,0.23713529869575012,1
118511,2012-09-21,0.170308319727539,0
118512,2012-09-21,0.3332964468107481,0
118513,2012-09-21,0.24368807960595565,0
118514,2012-09-21,0.34275664720875826,1
118515,2012-09-21,0.3868879287974776,0
118516,2012-09-21,0.4236268755728935,0
118517,2012-09-21,0.36896063651942623,0
118518,2012-09-21,0.24026972154259058,0
118519,2012-09-21,0.2007493757487178,1
118520,2012-09-21,0.27200718486761816,0
118521,2012-09-21,0.4025940380665886,1
118522,2012-09-21,0.3963974678575649,0
118523,2012-09-21,0.299001410780189,1
118524,2012-09-21,0.4748266892392562,0
118525,2012-09-21,0.40416068915994896,1
118526,2012-09-21,0.20301954128602054,0
118527,2012-09-21,0.4614516432887645,0
118528,2012-09-21,0.6043004367068342,0
118529,2012-09-21,0.30320837855012345,0
118530,2012-09-21,0.5319554379094338,1
118531,2012-09-21,0.24932356936842578,0
118532,2012-09-21,0.17347250266472464,0
118533,2012-09-21,0.513498832091396,0
118534,2012-09-21,0.18975577951393588,0
118535,2012-09-21,0.5457920493282945,0
118536,2012-09-21,0.31107532363644824,0
118537,2012-09-21,0.22830006676318715,1
118538,2012-09-21,0.24672882529618112,0
118539,2012-09-21,0.2901618277559941,0
118540,2012-09-21,0.26388921003334465,1
118541,2012-09-21,0.3857071558683178,1
118542,2012-09-21,0.5088968309617294,0
118543,2012-09-21,0.24643551349933093,0
118544,2012-09-21,0.453134516592207,1
118545,2012-09-21,0.2009645300712282,0
118546,2012-09-21,0.3185356119023648,0
118547,2012-09-21,0.4444379819891856,1
118548,2012-09-21,0.13452039613345984,0
118549,2012-09-21,0.33297100722022366,1
118550,2012-09-21,0.3373795290003352,0
118551,2012-09-21,0.5113399100951111,0
118552,2012-09-21,0.3092402167720404,1
118553,2012-09-21,0.3090079367876384,1
118554,2012-09-21,0.30848250640347946,0
118555,2012-09-21,0.5835400888253933,1
118556,2012-09-21,0.46468575524845607,0
118557,2012-09-21,0.37587983460389746,1
118558,2012-09-21,0.38351650371803003,0
118559,2012-09-21,0.3219958617563338,1
118560,2012-09-21,0.4285696404240289,0
118561,2012-09-21,0.47173403576968514,0
118562,2012-09-21,0.09594437947386862,0
118563,2012-09-21,0.45157997183268545,0
118564,2012-09-21,0.23933815953559823,0
118565,2012-09-21,0.34615385302336205,1
118566,2012-09-21,0.5245543291530139,0
118567,2012-09-21,0.6018685288478355,1
118568,2012-09-21,0.16189957806268226,0
118569,2012-09-21,0.2805343851643471,1
118570,2012-09-21,0.565545600843721,1
118571,2012-09-21,0.26760652925791717,0
118572,2012-09-21,0.48140610477211127,1
118573,2012-09-21,0.2186520527713494,0
118574,2012-09-21,0.38572490522685465,0
118575,2012-09-21,0.3972679083727318,0
118576,2012-09-21,0.3818122659549311,0
118577,2012-09-21,0.39845633928357455,1
118578,2012-09-21,0.3004899504314782,0
118579,2012-09-21,0.262326858321767,0
118580,2012-09-21,0.25054385115924666,0
118581,2012-09-21,0.41294564355092406,0
118582,2012-09-21,0.39996775495202064,0
118583,2012-09-21,0.4958886424446219,0
118584,2012-09-21,0.3756291114355228,0
118585,2012-09-21,0.19978949229999157,0
118586,2012-09-21,0.16631434956110722,0
118587,2012-09-21,0.24190321578624088,0
118588,2012-09-21,0.31427821105007836,0
118589,2012-09-21,0.3497597271738199,0
118590,2012-09-21,0.5228171949906042,1
118591,2012-09-21,0.16355443261466815,0
118592,2012-09-21,0.21428605694275774,0
118593,2012-09-21,0.36695779057739136,0
118594,2012-09-21,0.5070103024857894,0
118595,2012-09-21,0.5876077093700617,1
118596,2012-09-21,0.3647230806598137,0
118597,2012-09-21,0.29413346871089957,1
118598,2012-09-21,0.38284771786108057,0
118599,2012-09-21,0.3163436170391559,0
118600,2012-09-21,0.09792010280060698,0
118601,2012-09-21,0.34532369508486466,0
118602,2012-09-21,0.2942466144928849,0
118603,2012-09-21,0.3145218349622866,1
118604,2012-09-21,0.4733845169799413,0
118605,2012-09-21,0.25694580069487444,0
118606,2012-09-21,0.2677127499117108,0
118607,2012-09-21,0.28581806031403995,0
118608,2012-09-21,0.3810293993235499,1
118609,2012-09-21,0.17460852049290926,0
118610,2012-09-21,0.568762658235999,0
118611,2012-09-21,0.2544108909579012,1
118612,2012-09-21,0.23937675872106068,0
118613,2012-09-21,0.21852324456899608,0
118614,2012-09-21,0.5024079589311683,1
118615,2012-09-21,0.1506733138737625,0
118616,2012-09-21,0.3288966838544198,1
118617,2012-09-21,0.23540155196114618,1
118618,2012-09-21,0.24558793106112664,0
118619,2012-09-21,0.4376410741915873,0
118620,2012-09-21,0.2426955538984327,0
118621,2012-09-21,0.3193642828089654,1
118622,2012-09-21,0.4527774317437866,0
118623,2012-09-21,0.2944612702064407,1
118624,2012-09-21,0.27139980050137225,0
118625,2012-09-21,0.4974517225364425,1
118626,2012-09-21,0.4820848068753899,0
118627,2012-09-21,0.33411651964072336,1
118628,2012-09-21,0.2575080473482591,0
118629,2012-09-21,0.3398793921517583,1
118630,2012-09-21,0.23077516068138154,0
118631,2012-09-21,0.5728291281607919,1
118632,2012-09-21,0.2852422750125335,1
118633,2012-09-21,0.43717153048343316,0
118634,2012-09-21,0.11419109716625203,0
118635,2012-09-21,0.5644565627524082,0
118636,2012-09-21,0.23843670275120518,0
118637,2012-09-21,0.16624194359155106,0
118638,2012-09-21,0.46159098243748964,0
118639,2012-09-21,0.5844606983782938,0
118640,2012-09-21,0.1764427735478681,0
118641,2012-09-21,0.357118713210532,0
118642,2012-09-21,0.25859674289862117,0
118643,2012-09-21,0.4287868390540843,0
118644,2012-09-21,0.4085540522837068,1
118645,2012-09-21,0.35016935012511347,0
118646,2012-09-21,0.4804896068203576,0
118647,2012-09-21,0.26314157136124705,0
118648,2012-09-21,0.34060759747602704,0
118649,2012-09-21,0.45023967990279146,0
118650,2012-09-21,0.12278312079255455,0
118651,2012-09-21,0.35086987104426126,0
118652,2012-09-21,0.41042119481387673,1
118653,2012-09-21,0.2572165627252445,0
118654,2012-09-21,0.2389724543741722,0
118655,2012-09-21,0.4472887619954374,0
118656,2012-09-21,0.1304338853423016,0
118657,2012-09-21,0.3746072989500398,1
118658,2012-09-21,0.17532533517269483,0
118659,2012-09-21,0.3473974113297753,0
118660,2012-09-21,0.545637293265476,0
118661,2012-09-21,0.45671889597720494,0
118662,2012-09-21,0.3524736637128201,0
118663,2012-09-21,0.16674662619378033,0
118664,2012-09-21,0.253544417384219,0
118665,2012-09-21,0.4884061650863587,1
118666,2012-09-21,0.43315350249517043,1
118667,2012-09-21,0.12011053305856333,0
118668,2012-09-21,0.40626990466955915,0
118669,2012-09-21,0.3796110881344621,0
118670,2012-09-21,0.1674409637316642,0
118671,2012-09-21,0.3691672770175337,0
118672,2012-09-21,0.2837905217360114,0
118673,2012-09-21,0.44879447176897774,0
118674,2012-09-21,0.25207227083988154,0
118675,2012-09-21,0.45580872681088913,1
118676,2012-09-21,0.35489312804737494,1
118677,2012-09-21,0.4035341586381774,0
118678,2012-09-21,0.4965711423984614,0
118679,2012-09-21,0.31718231556315724,1
118680,2012-09-21,0.45242373849397927,1
118681,2012-09-21,0.40647574390505864,0
118682,2012-09-21,0.4293783938656606,0
118683,2012-09-21,0.5787597592457391,1
118684,2012-09-21,0.2209860166587095,0
118685,2012-09-21,0.27604422212263324,0
118686,2012-09-21,0.3502975712508218,1
118687,2012-09-21,0.2922716727198153,0
118688,2012-09-21,0.14469241079024545,0
118689,2012-09-21,0.22843528783988976,0
118690,2012-09-21,0.15372004514498436,0
118691,2012-09-21,0.3694132325248947,1
118692,2012-09-21,0.4505144300844198,1
118693,2012-09-21,0.2613129930911974,0
118694,2012-09-21,0.3555716511502334,1
118695,2012-09-21,0.347653072804117,1
118696,2012-09-21,0.24203037120274506,1
118697,2012-09-21,0.6238272374859836,0
118698,2012-09-21,0.22686463907725335,0
118699,2012-09-21,0.566010100713828,1
118700,2012-09-21,0.5497296517999517,0
118701,2012-09-21,0.5623236530802083,1
118702,2012-09-21,0.14281622297611166,0
118703,2012-09-21,0.14657789198608248,1
118704,2012-09-21,0.45809171640943963,0
118705,2012-09-21,0.12478428771052226,0
118706,2012-09-21,0.4087054291994656,0
118707,2012-09-21,0.22857585879497427,1
118708,2012-09-21,0.171832666690978,0
118709,2012-09-21,0.2653051802061285,1
118710,2012-09-21,0.5023208577286781,1
118711,2012-09-21,0.12340977082750273,1
118712,2012-09-21,0.36008181874017,0
118713,2012-09-21,0.5911932355360526,0
118714,2012-09-21,0.39404729099219854,0
118715,2012-09-21,0.39068144128193594,0
118716,2012-09-21,0.3700127007875626,0
118717,2012-09-21,0.5725095733555529,0
118718,2012-09-21,0.514317784007622,0
118719,2012-09-21,0.39452316491652734,0
118720,2012-09-21,0.28302126121541094,0
118721,2012-09-21,0.27794715984075746,1
118722,2012-09-21,0.2924851672994861,0
118723,2012-09-21,0.17422647914509845,0
118724,2012-09-21,0.2365553860619671,0
118725,2012-09-21,0.31939333564731726,0
118726,2012-09-21,0.36528689782819657,1
118727,2012-09-21,0.20358574486781425,0
118728,2012-09-21,0.35479425646618656,0
118729,2012-09-21,0.24735449626933742,0
118730,2012-09-21,0.36309678683852314,0
118731,2012-09-21,0.27301712496184644,0
118732,2012-09-21,0.11589207701478249,0
118733,2012-09-21,0.2860411202476723,1
118734,2012-09-21,0.42030294556913517,0
118735,2012-09-21,0.1904565744779999,0
118736,2012-09-21,0.2910551852189083,1
118737,2012-09-21,0.17578579295092686,0
118738,2012-09-21,0.2975907529103293,0
118739,2012-09-21,0.1911112283627461,0
118740,2012-09-21,0.3859621337748549,0
118741,2012-09-21,0.5442182673535096,0
118742,2012-09-21,0.2935879782335157,0
118743,2012-09-21,0.36219222712119686,0
118744,2012-09-21,0.2736800351438374,1
118745,2012-09-21,0.41533075642288597,1
118746,2012-09-21,0.6074678561600764,0
118747,2012-09-21,0.3957777340693146,0
118748,2012-09-21,0.47617413727880503,1
118749,2012-09-21,0.2760475718479928,0
118750,2012-09-21,0.43640601773442134,1
118751,2012-09-21,0.33932453469269724,0
118752,2012-09-21,0.22136182830594228,0
118753,2012-09-21,0.2848877512096971,1
118754,2012-09-21,0.3093995287586991,0
118755,2012-09-21,0.4422518814226446,1
118756,2012-09-21,0.17793129279939665,1
118757,2012-09-21,0.12427973629048368,0
118758,2012-09-21,0.5340870812532359,0
118759,2012-09-21,0.3306783299953501,0
118760,2012-09-21,0.36420372642170656,0
118761,2012-09-21,0.3493475927521237,0
118762,2012-09-21,0.273043044990518,1
118763,2012-09-21,0.27079925778948616,0
118764,2012-09-21,0.2647698202394617,0
118765,2012-09-21,0.2890953105968356,0
118766,2012-09-21,0.2109935398677424,0
118767,2012-09-21,0.27781671412929393,0
118768,2012-09-21,0.3751909844753394,0
118769,2012-09-21,0.5489427998617118,0
118770,2012-09-21,0.37890124299236716,0
118771,2012-09-21,0.2729962849437523,0
118772,2012-09-21,0.42501677268176724,1
118773,2012-09-21,0.4472209702706973,1
118774,2012-09-21,0.6407094520203485,0
118775,2012-09-21,0.4574846407784151,0
118776,2012-09-21,0.464378321182945,1
118777,2012-09-21,0.1876682501070073,0
118778,2012-09-21,0.42082206005222533,0
118779,2012-09-21,0.2625468095405863,1
118780,2012-09-21,0.3342996820690989,0
118781,2012-09-21,0.2675169137815633,0
118782,2012-09-21,0.18714528753410314,0
118783,2012-09-21,0.07854440889954149,0
118784,2012-09-21,0.40212906734960957,0
118785,2012-09-21,0.35329470347513936,1
118786,2012-09-21,0.24567528404052671,0
118787,2012-09-21,0.35389737072165756,1
118788,2012-09-21,0.13272503135968083,0
118789,2012-09-21,0.5319602047790486,0
118790,2012-09-21,0.2929808251571255,0
118791,2012-09-21,0.3917424164697726,0
118792,2012-09-21,0.274605729564727,0
118793,2012-09-21,0.3691786963585167,0
118794,2012-09-21,0.27000303330933245,0
118795,2012-09-21,0.26190445373353777,1
118796,2012-09-21,0.2860255605684318,0
118797,2012-09-21,0.43249319418492405,0
118798,2012-09-21,0.4325765187451135,1
118799,2012-09-21,0.4246999696105821,1
118800,2012-09-21,0.530465622886359,1
118801,2012-09-21,0.19837806097667096,0
118802,2012-09-21,0.4160385027678952,0
118803,2012-09-21,0.3495023789248881,0
118804,2012-09-21,0.37511156717748256,0
118805,2012-09-21,0.4202505157720821,0
118806,2012-09-21,0.3009804415058594,0
118807,2012-09-21,0.5615355991276607,0
118808,2012-09-21,0.1986838502867413,0
118809,2012-09-21,0.3752337466261257,0
118810,2012-09-21,0.43466544302511717,0
118811,2012-09-21,0.4208354199679737,1
118812,2012-09-21,0.28375917647331367,0
118813,2012-09-21,0.6670937373580926,1
118814,2012-09-21,0.3598945677030947,0
118815,2012-09-21,0.2831891392263652,0
118816,2012-09-21,0.43648133922428095,1
118817,2012-09-21,0.458979156533001,0
118818,2012-09-21,0.28021402073692186,0
118819,2012-09-21,0.22191252204439152,0
118820,2012-09-21,0.46499992198371715,1
118821,2012-09-21,0.4225894869591641,0
118822,2012-09-21,0.5428717764516078,0
118823,2012-09-21,0.2667238892049493,0
118824,2012-09-21,0.4206602045855058,0
118825,2012-09-21,0.19432369856772708,0
118826,2012-09-21,0.2691504686244713,0
118827,2012-09-21,0.24120095994580518,1
118828,2012-09-21,0.2625152941474988,0
118829,2012-09-21,0.1121402553713136,0
118830,2012-09-21,0.5403095389374829,0
118831,2012-09-21,0.4261653147151008,0
118832,2012-09-21,0.17221487056557797,0
118833,2012-09-21,0.3168899135692296,0
118834,2012-09-21,0.1351626786676755,0
118835,2012-09-21,0.2147863737833852,0
118836,2012-09-21,0.4408568462933397,0
118837,2012-09-21,0.5804569787855698,1
118838,2012-09-21,0.1947594583509864,0
118839,2012-09-21,0.4902050149594484,1
118840,2012-09-21,0.20057412575236852,0
118841,2012-09-21,0.12207169785661307,0
118842,2012-09-21,0.32577814957372103,1
118843,2012-09-21,0.4697293555059493,1
118844,2012-09-21,0.33420539912218383,0
118845,2012-09-21,0.396617024556223,1
118846,2012-09-21,0.1705572919211724,0
118847,2012-09-21,0.26467374931067944,0
118848,2012-09-21,0.40325529107217895,0
118849,2012-09-21,0.3339189116687216,0
118850,2012-09-21,0.4080184224957219,0
118851,2012-09-21,0.1778438509340184,0
118852,2012-09-21,0.3748080380477433,0
118853,2012-09-21,0.2081107396481569,0
118854,2012-09-21,0.3037544917179089,0
118855,2012-09-21,0.35318625491301553,1
118856,2012-09-21,0.31392909700622834,0
118857,2012-09-21,0.26022120239779567,0
118858,2012-09-21,0.3527242725353222,0
118859,2012-09-21,0.3087511787067984,0
118860,2012-09-21,0.1587825589374159,0
118861,2012-09-21,0.31852817421918084,0
118862,2012-09-21,0.1598579757038781,0
118863,2012-09-21,0.09243217997974168,0
118864,2012-09-21,0.2861908199003777,0
118865,2012-09-21,0.17448379396495825,0
118866,2012-09-21,0.2830949512760765,0
118867,2012-09-21,0.24367663614491275,0
118868,2012-09-21,0.19429812500483115,0
118869,2012-09-21,0.3006511342535088,1
118870,2012-09-21,0.13891156859055678,0
118871,2012-09-21,0.12098089224606241,0
118872,2012-09-21,0.5147711865096095,1
118873,2012-09-21,0.367477509067077,0
118874,2012-09-21,0.15726198269559502,0
118875,2012-09-21,0.3100346500784776,0
118876,2012-09-21,0.3378439630893691,0
118877,2012-09-21,0.1513921584681897,0
118878,2012-09-21,0.3466951248437221,0
118879,2012-09-21,0.3403856673712076,1
118880,2012-09-21,0.3392395919462074,1
118881,2012-09-21,0.3483218201466396,1
118882,2012-09-21,0.30036601913037936,0
118883,2012-09-21,0.47461006264894756,1
118884,2012-09-21,0.25951967226803707,0
118885,2012-09-21,0.46025274587315257,0
118886,2012-09-21,0.4011263542053604,1
118887,2012-09-21,0.3909731494093762,0
118888,2012-09-21,0.31898789853126996,1
118889,2012-09-21,0.5147995550191573,1
118890,2012-09-21,0.37408676070462393,0
118891,2012-09-21,0.17567334593279607,0
118892,2012-09-21,0.4247485347462841,0
118893,2012-09-21,0.446344382956526,1
118894,2012-09-21,0.3647859019369677,1
118895,2012-09-22,0.6286657686253387,1
118896,2012-09-22,0.640607626485725,1
118897,2012-09-22,0.189540505274236,0
118898,2012-09-22,0.29293219193498404,0
118899,2012-09-22,0.23991470011259972,0
118900,2012-09-22,0.1595456566158036,0
118901,2012-09-22,0.4087126848269662,0
118902,2012-09-22,0.3954421684088851,0
118903,2012-09-22,0.2439731170759278,0
118904,2012-09-22,0.10116440843817454,0
118905,2012-09-22,0.31335443312891026,0
118906,2012-09-22,0.18286905918683943,1
118907,2012-09-22,0.31213516682542325,0
118908,2012-09-22,0.4921517584980873,1
118909,2012-09-22,0.2840281444807055,1
118910,2012-09-22,0.16196690289416674,0
118911,2012-09-22,0.5580052716261673,0
118912,2012-09-22,0.5711943962827797,0
118913,2012-09-22,0.13806978699443032,0
118914,2012-09-22,0.39051939698784394,0
118915,2012-09-22,0.2863899870372402,1
118916,2012-09-22,0.5524005923446251,1
118917,2012-09-22,0.3365702443841727,0
118918,2012-09-22,0.5798964900381764,1
118919,2012-09-22,0.33859289901694195,0
118920,2012-09-22,0.41551520040066237,1
118921,2012-09-22,0.4200041225954343,1
118922,2012-09-22,0.2125975068760951,0
118923,2012-09-22,0.4009313319717231,0
118924,2012-09-22,0.4475568719552124,1
118925,2012-09-22,0.2601476398453029,1
118926,2012-09-22,0.296830309593127,0
118927,2012-09-22,0.45290246026133607,1
118928,2012-09-22,0.2504660633164602,0
118929,2012-09-22,0.28194677720807343,0
118930,2012-09-22,0.4740789304676162,1
118931,2012-09-22,0.34254802410795226,1
118932,2012-09-22,0.4537874294778595,0
118933,2012-09-22,0.3818820508794633,0
118934,2012-09-22,0.23610100040361706,1
118935,2012-09-22,0.18342602691322688,0
118936,2012-09-22,0.38141588851645053,0
118937,2012-09-22,0.23706597763816578,1
118938,2012-09-22,0.44008378739557785,0
118939,2012-09-22,0.6207341467152787,0
118940,2012-09-22,0.43395287379155323,0
118941,2012-09-22,0.2484083795119532,0
118942,2012-09-22,0.5681170063429086,0
118943,2012-09-22,0.4061692785247555,0
118944,2012-09-22,0.17848800389003325,1
118945,2012-09-22,0.5150661674380329,1
118946,2012-09-22,0.3730966154911095,0
118947,2012-09-22,0.46790237160335024,1
118948,2012-09-22,0.4633000964250104,0
118949,2012-09-22,0.6093941436308674,0
118950,2012-09-22,0.5100002012301715,1
118951,2012-09-22,0.69395016577887,1
118952,2012-09-22,0.21972286672298943,0
118953,2012-09-22,0.26087852928055155,0
118954,2012-09-22,0.23052616575438703,0
118955,2012-09-22,0.35137005899359697,0
118956,2012-09-22,0.2912176291279259,0
118957,2012-09-22,0.4200170108083889,1
118958,2012-09-22,0.4647033831981415,1
118959,2012-09-22,0.28815527103570204,1
118960,2012-09-22,0.2847590212269852,0
118961,2012-09-22,0.4762458585185837,1
118962,2012-09-22,0.26087992825221207,1
118963,2012-09-22,0.3791150130022764,0
118964,2012-09-22,0.4285385011080308,0
118965,2012-09-22,0.3599830604736738,1
118966,2012-09-22,0.27192744396604696,0
118967,2012-09-22,0.3171278489643637,1
118968,2012-09-22,0.25605376703002597,1
118969,2012-09-22,0.25023691306321044,1
118970,2012-09-22,0.36749822577234964,0
118971,2012-09-22,0.16245965563694253,0
118972,2012-09-22,0.27511023411052693,0
118973,2012-09-22,0.37591202692667325,0
118974,2012-09-22,0.17296558538209744,1
118975,2012-09-22,0.15819715570082704,0
118976,2012-09-22,0.42563437208202864,0
118977,2012-09-22,0.21802422242405442,0
118978,2012-09-22,0.29320049730020914,1
118979,2012-09-22,0.2503283158693467,0
118980,2012-09-22,0.23629114460604403,0
118981,2012-09-22,0.31700990680972657,0
118982,2012-09-22,0.3546870260176362,0
118983,2012-09-22,0.3180363349487509,0
118984,2012-09-22,0.3590013241878319,1
118985,2012-09-22,0.6637290934568817,1
118986,2012-09-22,0.5348753714156882,1
118987,2012-09-22,0.2482913289214596,0
118988,2012-09-22,0.3677046484456778,1
118989,2012-09-22,0.5552413307729956,1
118990,2012-09-22,0.32702583071892366,0
118991,2012-09-22,0.19956648854092343,0
118992,2012-09-22,0.4119156447020115,0
118993,2012-09-22,0.43223946303586325,1
118994,2012-09-22,0.2423796345824151,0
118995,2012-09-22,0.3349960157440548,0
118996,2012-09-22,0.31670070043735576,0
118997,2012-09-22,0.15253670510725928,0
118998,2012-09-22,0.3684470131572621,0
118999,2012-09-22,0.37613558413138126,0
119000,2012-09-22,0.400093270355101,0
119001,2012-09-22,0.5881211332292577,1
119002,2012-09-22,0.3016598889875597,1
119003,2012-09-22,0.2832536210200847,1
119004,2012-09-22,0.29375619283376425,0
119005,2012-09-22,0.6200652145388874,1
119006,2012-09-22,0.27814124577475985,0
119007,2012-09-22,0.32292897364545053,0
119008,2012-09-22,0.4969967025248022,0
119009,2012-09-22,0.4106897949017758,1
119010,2012-09-22,0.31888732905906764,0
119011,2012-09-22,0.2946626728780709,0
119012,2012-09-22,0.21878886689286145,0
119013,2012-09-22,0.3739877673952227,0
119014,2012-09-22,0.31406381410122136,0
119015,2012-09-22,0.21709061815214184,0
119016,2012-09-22,0.3811951852679821,0
119017,2012-09-22,0.36611824125666326,0
119018,2012-09-22,0.18291833654203973,0
119019,2012-09-22,0.5707250275161364,0
119020,2012-09-22,0.21459834894457042,0
119021,2012-09-22,0.23154243948005943,0
119022,2012-09-22,0.2431527679170973,0
119023,2012-09-22,0.21700837856888625,0
119024,2012-09-22,0.2791214022887301,0
119025,2012-09-22,0.36310699458290613,1
119026,2012-09-22,0.2163463221078418,0
119027,2012-09-22,0.1724122790393174,1
119028,2012-09-22,0.16694115540175292,0
119029,2012-09-22,0.19730928931185238,0
119030,2012-09-22,0.35717433456562,0
119031,2012-09-22,0.27558197142313945,0
119032,2012-09-22,0.3119691433175907,0
119033,2012-09-22,0.20687126757425484,0
119034,2012-09-22,0.5385703788903229,1
119035,2012-09-22,0.37099034228777805,0
119036,2012-09-22,0.28317411291399247,0
119037,2012-09-22,0.40784146475836736,0
119038,2012-09-22,0.2201482676647065,0
119039,2012-09-22,0.5686820102596003,0
119040,2012-09-22,0.52403559203746,1
119041,2012-09-22,0.5819011393176248,1
119042,2012-09-22,0.38580955743731515,1
119043,2012-09-22,0.4260458649513312,1
119044,2012-09-22,0.1873550515672131,0
119045,2012-09-22,0.5804628476607951,1
119046,2012-09-22,0.475076101797674,1
119047,2012-09-22,0.21265197511178688,0
119048,2012-09-22,0.17968914589272553,0
119049,2012-09-22,0.34698062192747464,0
119050,2012-09-22,0.49036238528202974,0
119051,2012-09-22,0.16570653618029987,0
119052,2012-09-22,0.274696885081359,0
119053,2012-09-22,0.3518534112874783,0
119054,2012-09-22,0.3965424299601323,0
119055,2012-09-22,0.46502181389772496,1
119056,2012-09-22,0.45523001229339616,0
119057,2012-09-22,0.3401566753929438,0
119058,2012-09-22,0.3380734369549968,1
119059,2012-09-22,0.5031376440974193,1
119060,2012-09-22,0.2900387951726962,0
119061,2012-09-22,0.33304491327318225,0
119062,2012-09-22,0.37970201828437145,1
119063,2012-09-22,0.3005540675925332,1
119064,2012-09-22,0.445054096528486,1
119065,2012-09-22,0.24633868760914304,0
119066,2012-09-22,0.17251149534246643,0
119067,2012-09-22,0.39716322816312,0
119068,2012-09-22,0.49353709168235865,0
119069,2012-09-22,0.19904606734672975,0
119070,2012-09-22,0.4013518797533319,0
119071,2012-09-22,0.3114618978413048,0
119072,2012-09-22,0.3542593917659778,0
119073,2012-09-22,0.3288280326350312,0
119074,2012-09-22,0.298522548492027,0
119075,2012-09-22,0.41321714505228896,0
119076,2012-09-22,0.2869846899041675,0
119077,2012-09-22,0.27533450440405927,1
119078,2012-09-22,0.06887647880894521,0
119079,2012-09-22,0.4566720797701576,1
119080,2012-09-22,0.28471183077954265,1
119081,2012-09-22,0.5164059147326534,0
119082,2012-09-22,0.517053676685963,0
119083,2012-09-22,0.4313486999193125,1
119084,2012-09-22,0.4029193964744123,0
119085,2012-09-22,0.43677664640034497,0
119086,2012-09-22,0.27500186902548757,0
119087,2012-09-22,0.2754863206072893,1
119088,2012-09-22,0.41722254846577794,0
119089,2012-09-22,0.3396285563723564,1
119090,2012-09-22,0.33749727928641265,1
119091,2012-09-22,0.33541877365067363,0
119092,2012-09-22,0.47530410515672955,0
119093,2012-09-22,0.32021549066018556,0
119094,2012-09-22,0.11323091968144015,0
119095,2012-09-22,0.249951158902587,0
119096,2012-09-22,0.5199524838544453,1
119097,2012-09-22,0.31435720981867266,0
119098,2012-09-22,0.40740616684757774,0
119099,2012-09-22,0.45260234391671056,0
119100,2012-09-22,0.17766098039007983,0
119101,2012-09-22,0.39051939698784394,0
119102,2012-09-22,0.3473949723801334,1
119103,2012-09-22,0.2306035373251712,0
119104,2012-09-22,0.32364682011417084,1
119105,2012-09-22,0.14511684138489617,0
119106,2012-09-22,0.3919003692680466,0
119107,2012-09-22,0.6410790046231258,1
119108,2012-09-22,0.4923536138177685,0
119109,2012-09-22,0.2674387404226388,0
119110,2012-09-22,0.4083708460496336,1
119111,2012-09-22,0.16628792446457946,0
119112,2012-09-22,0.27529558151581107,0
119113,2012-09-22,0.26801339771002364,0
119114,2012-09-22,0.2911720334713303,0
119115,2012-09-22,0.2093201095208348,0
119116,2012-09-22,0.305502740890341,0
119117,2012-09-22,0.21325911703290804,0
119118,2012-09-22,0.3926641756019836,0
119119,2012-09-22,0.17018805931956488,0
119120,2012-09-22,0.29063980439320924,0
119121,2012-09-22,0.3274949306050971,0
119122,2012-09-22,0.5488494689583479,1
119123,2012-09-22,0.28361278715495897,0
119124,2012-09-22,0.20618777541288355,0
119125,2012-09-22,0.2923760713151875,0
119126,2012-09-22,0.3628959558247279,0
119127,2012-09-22,0.36348427582013343,1
119128,2012-09-22,0.2604853769485631,0
119129,2012-09-22,0.3077953209399597,1
119130,2012-09-22,0.08058433599621645,0
119131,2012-09-22,0.3650152315171061,1
119132,2012-09-22,0.3912304950374976,1
119133,2012-09-23,0.5113834682128522,0
119134,2012-09-23,0.2288089901229833,0
119135,2012-09-23,0.12578068125097774,0
119136,2012-09-23,0.33413596964739267,0
119137,2012-09-23,0.43874502380724617,0
119138,2012-09-23,0.3322072423899037,0
119139,2012-09-23,0.43575883814116606,1
119140,2012-09-23,0.26192266323255975,1
119141,2012-09-23,0.20287546432674627,0
119142,2012-09-23,0.23664153038573532,1
119143,2012-09-23,0.47454768819981785,1
119144,2012-09-23,0.1752346498731098,0
119145,2012-09-23,0.266055366274252,0
119146,2012-09-23,0.390585176975016,0
119147,2012-09-23,0.26286242440719876,0
119148,2012-09-23,0.2158327365237877,0
119149,2012-09-23,0.44686043435678957,1
119150,2012-09-23,0.29906894570211745,0
119151,2012-09-23,0.4308989555561761,1
119152,2012-09-23,0.24361833818456813,0
119153,2012-09-23,0.5756650390629822,0
119154,2012-09-23,0.27305462789365414,0
119155,2012-09-23,0.20520956532177898,0
119156,2012-09-23,0.2551031588067071,0
119157,2012-09-23,0.45170360404926396,0
119158,2012-09-23,0.3512988651691266,1
119159,2012-09-23,0.4767579656436939,0
119160,2012-09-23,0.16557091227064616,1
119161,2012-09-23,0.22648266811644294,1
119162,2012-09-23,0.47198756473303616,0
119163,2012-09-23,0.2987151996734731,0
119164,2012-09-23,0.2751011073311874,0
119165,2012-09-23,0.6205335641676397,1
119166,2012-09-23,0.3034073186756611,0
119167,2012-09-23,0.15197947363643413,0
119168,2012-09-23,0.27116198846208106,0
119169,2012-09-23,0.28730488306146457,0
119170,2012-09-23,0.47172353086985075,1
119171,2012-09-23,0.370377775122711,0
119172,2012-09-23,0.5331240279135167,0
119173,2012-09-23,0.5956077075353429,0
119174,2012-09-23,0.5023140328152139,0
119175,2012-09-23,0.27228222712358957,0
119176,2012-09-23,0.41383981949330045,1
119177,2012-09-23,0.2974058214094808,0
119178,2012-09-23,0.24823899651362155,0
119179,2012-09-23,0.41362022801051884,0
119180,2012-09-23,0.2946263803444872,0
119181,2012-09-23,0.5858370265888423,0
119182,2012-09-23,0.3635644582073066,1
119183,2012-09-23,0.49596246706951996,0
119184,2012-09-23,0.2302824700760988,0
119185,2012-09-23,0.4493177275492869,1
119186,2012-09-23,0.2944116881383568,0
119187,2012-09-23,0.18625740983657993,0
119188,2012-09-23,0.615537260807356,1
119189,2012-09-23,0.40154798785254076,0
119190,2012-09-23,0.43033753160313803,0
119191,2012-09-23,0.3232343264777998,0
119192,2012-09-23,0.2750956772131173,0
119193,2012-09-23,0.54763895810225,0
119194,2012-09-23,0.34700566692696744,0
119195,2012-09-23,0.3507932079061965,1
119196,2012-09-23,0.4868673976083541,0
119197,2012-09-23,0.3682916007164364,0
119198,2012-09-23,0.4662416775626015,1
119199,2012-09-23,0.3445938144393481,0
119200,2012-09-23,0.2751632088152008,1
119201,2012-09-23,0.06900907856773189,0
119202,2012-09-23,0.24999910558661745,1
119203,2012-09-23,0.5468304014355965,1
119204,2012-09-23,0.40527095345763975,0
119205,2012-09-23,0.5335140304635769,0
119206,2012-09-23,0.24217320605492199,0
119207,2012-09-23,0.22618545291158243,0
119208,2012-09-23,0.39085411362010786,1
119209,2012-09-23,0.43095272902431253,0
119210,2012-09-23,0.3089099035061878,0
119211,2012-09-23,0.30805747253889704,1
119212,2012-09-23,0.18693256206631784,0
119213,2012-09-23,0.40073687367963823,1
119214,2012-09-23,0.314818234718437,0
119215,2012-09-23,0.6638274116645961,1
119216,2012-09-23,0.239513817910417,0
119217,2012-09-23,0.28444492674659916,0
119218,2012-09-23,0.6052709258208068,1
119219,2012-09-23,0.229249471877714,0
119220,2012-09-23,0.40253810525088446,0
119221,2012-09-23,0.4554518938644929,0
119222,2012-09-23,0.5324812482375935,1
119223,2012-09-23,0.36944237452321044,1
119224,2012-09-23,0.32594375708095696,0
119225,2012-09-23,0.3505171872803127,0
119226,2012-09-23,0.34125301062489555,0
119227,2012-09-23,0.2435041386536642,0
119228,2012-09-23,0.4535361246875555,0
119229,2012-09-23,0.4403440287150246,1
119230,2012-09-23,0.19013006690211814,0
119231,2012-09-23,0.1703898326178714,0
119232,2012-09-23,0.5331191893713038,0
119233,2012-09-23,0.3134976199021916,0
119234,2012-09-23,0.15822783921364716,0
119235,2012-09-23,0.5724657313316044,1
119236,2012-09-23,0.5559077478855714,0
119237,2012-09-23,0.30368243018436947,0
119238,2012-09-23,0.32192382082700316,0
119239,2012-09-23,0.3131888993660138,0
119240,2012-09-23,0.19464274415381477,0
119241,2012-09-23,0.43401246191649023,0
119242,2012-09-23,0.5155163327562169,0
119243,2012-09-23,0.2610504142672819,0
119244,2012-09-23,0.35049898388113954,1
119245,2012-09-23,0.3012924220576019,0
119246,2012-09-23,0.39945429658158876,0
119247,2012-09-23,0.46270517190441884,0
119248,2012-09-23,0.4338177807543342,1
119249,2012-09-23,0.3568657090957903,1
119250,2012-09-23,0.5977537582726477,1
119251,2012-09-23,0.36823148764233204,0
119252,2012-09-23,0.39672954693818707,0
119253,2012-09-23,0.4003534243059532,0
119254,2012-09-23,0.5607735129221528,1
119255,2012-09-23,0.42162614543825,0
119256,2012-09-23,0.3154165737504269,0
119257,2012-09-23,0.3441423492485815,1
119258,2012-09-23,0.2686771981611017,0
119259,2012-09-23,0.4000079434931178,0
119260,2012-09-23,0.3131019906306157,0
119261,2012-09-23,0.23217294854196974,0
119262,2012-09-23,0.3868077076747963,0
119263,2012-09-23,0.2994669224410464,0
119264,2012-09-23,0.3343984113579004,0
119265,2012-09-23,0.48865284892308725,1
119266,2012-09-23,0.12342543854974067,0
119267,2012-09-23,0.15228572525210188,0
119268,2012-09-23,0.5709297568086115,0
119269,2012-09-23,0.40417666773778366,0
119270,2012-09-23,0.3539720248565625,0
119271,2012-09-23,0.5881253759910784,0
119272,2012-09-23,0.17078504762059876,0
119273,2012-09-23,0.325509317226147,0
119274,2012-09-23,0.15922637600648942,0
119275,2012-09-23,0.6533100183805386,1
119276,2012-09-23,0.3324435010962526,0
119277,2012-09-23,0.29244474823480765,0
119278,2012-09-23,0.3947450766471442,1
119279,2012-09-23,0.38507834950764847,1
119280,2012-09-23,0.15740981179489777,0
119281,2012-09-23,0.35739744941648327,0
119282,2012-09-23,0.4737220692454897,0
119283,2012-09-23,0.33920209653295447,1
119284,2012-09-23,0.1348372945839216,0
119285,2012-09-23,0.2842432782009647,1
119286,2012-09-23,0.1936360496233017,1
119287,2012-09-23,0.22592543002364415,0
119288,2012-09-23,0.470625495856415,1
119289,2012-09-23,0.38772443742747614,0
119290,2012-09-23,0.34069111308859373,0
119291,2012-09-23,0.6394847716424917,1
119292,2012-09-23,0.5308635204379739,1
119293,2012-09-23,0.3268921184920715,1
119294,2012-09-23,0.3008073663364537,0
119295,2012-09-23,0.4687751627163599,0
119296,2012-09-23,0.26207765239539643,0
119297,2012-09-23,0.34580757374554805,0
119298,2012-09-23,0.5025387558025147,1
119299,2012-09-23,0.31432938866512816,0
119300,2012-09-23,0.1985921805098838,1
119301,2012-09-23,0.22772498835159807,0
119302,2012-09-23,0.3034253041416941,0
119303,2012-09-23,0.4369417449820735,1
119304,2012-09-23,0.3580961611686585,0
119305,2012-09-23,0.3634548948500402,1
119306,2012-09-23,0.53567131991386,0
119307,2012-09-23,0.3262856672589993,0
119308,2012-09-23,0.4373431708020346,0
119309,2012-09-23,0.23702546448786777,1
119310,2012-09-23,0.17619567947161466,0
119311,2012-09-23,0.22523334293542382,0
119312,2012-09-23,0.22070927063199955,0
119313,2012-09-23,0.1793962740610587,0
119314,2012-09-23,0.3290733523320629,1
119315,2012-09-23,0.22504357808024705,0
119316,2012-09-23,0.358162939280379,0
119317,2012-09-23,0.2943084172778665,0
119318,2012-09-23,0.27483048016481243,0
119319,2012-09-23,0.30119496669559526,1
119320,2012-09-23,0.3266750908369446,1
119321,2012-09-23,0.3628239647901377,1
119322,2012-09-23,0.2381627111619383,0
119323,2012-09-23,0.5852002389754539,1
119324,2012-09-23,0.4441501735418311,0
119325,2012-09-23,0.40594619051776754,1
119326,2012-09-23,0.4857583407547546,1
119327,2012-09-23,0.24241101092977008,0
119328,2012-09-23,0.3643465010619289,0
119329,2012-09-23,0.2845966925062518,0
119330,2012-09-23,0.5100874859920859,0
119331,2012-09-23,0.42703716545400255,1
119332,2012-09-23,0.42563466295776126,0
119333,2012-09-23,0.3653130024483064,0
119334,2012-09-23,0.2889740790740929,0
119335,2012-09-23,0.21858396015038437,0
119336,2012-09-23,0.17010618983427936,0
119337,2012-09-23,0.5265603224556548,0
119338,2012-09-23,0.339448539146245,1
119339,2012-09-23,0.21226372167081986,1
119340,2012-09-23,0.47859129323984867,1
119341,2012-09-23,0.40916911876597195,0
119342,2012-09-23,0.4359279310891596,1
119343,2012-09-23,0.2947991147033469,1
119344,2012-09-23,0.3559420546891254,1
119345,2012-09-23,0.4889870688564414,1
119346,2012-09-23,0.30357983503018304,1
119347,2012-09-23,0.17821281337595565,0
119348,2012-09-23,0.33113940259053276,0
119349,2012-09-23,0.2711230198189667,0
119350,2012-09-23,0.3606432125962808,0
119351,2012-09-23,0.4287380175367437,1
119352,2012-09-23,0.29096106255141296,0
119353,2012-09-23,0.45749927986862193,1
119354,2012-09-23,0.34746092095782966,0
119355,2012-09-23,0.3437357987476463,0
119356,2012-09-23,0.3270689800475532,0
119357,2012-09-23,0.3339024303384428,1
119358,2012-09-23,0.2849569869266903,0
119359,2012-09-23,0.3629770521452542,1
119360,2012-09-23,0.28162201642081797,0
119361,2012-09-23,0.2214685983841486,0
119362,2012-09-23,0.41831629555210487,0
119363,2012-09-23,0.5076587887039047,1
119364,2012-09-23,0.2738669824037083,0
119365,2012-09-23,0.24375148134423116,0
119366,2012-09-23,0.15906704040144476,0
119367,2012-09-23,0.46987662994626317,1
119368,2012-09-23,0.5033029113914754,1
119369,2012-09-23,0.21728328820268383,0
119370,2012-09-23,0.40839940966066135,0
119371,2012-09-23,0.24352418626015487,0
119372,2012-09-23,0.3267036694922643,0
119373,2012-09-23,0.4336067050364064,0
119374,2012-09-23,0.22323591422601954,0
119375,2012-09-23,0.45110231625943575,0
119376,2012-09-23,0.41297258883683113,0
119377,2012-09-23,0.21380456226476469,0
119378,2012-09-23,0.47803295797523043,0
119379,2012-09-23,0.1336785495061991,0
119380,2012-09-23,0.34692056214619255,0
119381,2012-09-23,0.3495209560464489,0
119382,2012-09-23,0.3654051104536074,0
119383,2012-09-23,0.38805647617682854,0
119384,2012-09-23,0.34389415631514986,1
119385,2012-09-23,0.19661307120620547,0
119386,2012-09-23,0.2663453028437385,1
119387,2012-09-23,0.5142938418929042,0
119388,2012-09-23,0.3632357791059741,0
119389,2012-09-23,0.15278208251499706,0
119390,2012-09-23,0.4073097759886192,0
119391,2012-09-23,0.37189949157691027,0
119392,2012-09-23,0.6255982956813076,1
119393,2012-09-23,0.5131070084756344,0
119394,2012-09-23,0.27465521227061657,0
119395,2012-09-23,0.4214192157448141,0
119396,2012-09-23,0.42843716119309055,0
119397,2012-09-23,0.4427771397700902,0
119398,2012-09-23,0.4318906156977652,0
119399,2012-09-23,0.4519742329352632,0
119400,2012-09-23,0.2744713820040799,1
119401,2012-09-23,0.35001150136891224,0
119402,2012-09-23,0.13907148882738304,0
119403,2012-09-23,0.2681738192653259,0
119404,2012-09-23,0.16184375321211072,0
119405,2012-09-23,0.4012718307369733,0
119406,2012-09-23,0.16804397387161688,0
119407,2012-09-23,0.36727271979815246,1
119408,2012-09-23,0.30391891832099976,0
119409,2012-09-23,0.3895084118814378,0
119410,2012-09-23,0.2836809464873622,0
119411,2012-09-23,0.3508422769636199,0
119412,2012-09-23,0.5520829878645247,0
119413,2012-09-23,0.2908315389855542,0
119414,2012-09-23,0.35146765603447266,1
119415,2012-09-23,0.40102144270810836,0
119416,2012-09-23,0.4631458521652144,1
119417,2012-09-23,0.3217582822105475,0
119418,2012-09-23,0.1301298676782437,0
119419,2012-09-23,0.25366333523090717,0
119420,2012-09-23,0.31563056961928593,0
119421,2012-09-23,0.3237294017031123,1
119422,2012-09-23,0.478888807325623,1
119423,2012-09-23,0.5628138775786323,1
119424,2012-09-23,0.4917302336212065,0
119425,2012-09-23,0.2571280273914802,0
119426,2012-09-23,0.464909394645877,0
119427,2012-09-23,0.15005049146888544,0
119428,2012-09-23,0.16943535247153832,0
119429,2012-09-23,0.3278827964973897,1
119430,2012-09-23,0.1833306501541879,0
119431,2012-09-23,0.3669635807773273,0
119432,2012-09-23,0.3188634370791337,1
119433,2012-09-23,0.5690203257808932,0
119434,2012-09-23,0.07839399428121324,0
119435,2012-09-23,0.5626212382118391,0
119436,2012-09-23,0.445637852371732,0
119437,2012-09-23,0.5281502032625754,0
119438,2012-09-23,0.3408388845197287,0
119439,2012-09-23,0.40699657616570184,0
119440,2012-09-23,0.3669556924422773,0
119441,2012-09-23,0.5245980839016675,1
119442,2012-09-23,0.42786660600759596,1
119443,2012-09-23,0.3199057932652743,0
119444,2012-09-23,0.4717260849172317,1
119445,2012-09-23,0.5023748725366962,1
119446,2012-09-23,0.27469410708795383,0
119447,2012-09-23,0.13053653539943028,0
119448,2012-09-23,0.08811266796145463,0
119449,2012-09-23,0.42284262695562463,0
119450,2012-09-23,0.3108448929953124,1
119451,2012-09-23,0.598341587614078,1
119452,2012-09-23,0.46636589331856426,0
119453,2012-09-23,0.3633339808958938,0
119454,2012-09-23,0.2268763395707682,0
119455,2012-09-23,0.4409193829641019,0
119456,2012-09-23,0.3512334077492709,0
119457,2012-09-23,0.18190270921354115,0
119458,2012-09-23,0.4234545519820855,1
119459,2012-09-23,0.6255454320187085,1
119460,2012-09-23,0.38153806697236214,0
119461,2012-09-23,0.4708564105881308,0
119462,2012-09-23,0.26681847426403715,0
119463,2012-09-23,0.31900252351833425,1
119464,2012-09-23,0.2795792154135365,1
119465,2012-09-23,0.5087265925419688,1
119466,2012-09-23,0.32397297409038284,0
119467,2012-09-23,0.2470009100472168,0
119468,2012-09-23,0.36415333589291127,0
119469,2012-09-23,0.5408379512520644,1
119470,2012-09-23,0.33782405214567374,0
119471,2012-09-23,0.4903400581131747,1
119472,2012-09-23,0.5299828528071451,0
119473,2012-09-23,0.4727852311277422,1
119474,2012-09-23,0.38840065678152913,0
119475,2012-09-23,0.3227995716931418,0
119476,2012-09-23,0.3743458043699415,0
119477,2012-09-23,0.4755342327691423,1
119478,2012-09-23,0.428277728538611,1
119479,2012-09-23,0.3380303083460789,0
119480,2012-09-23,0.3213909429028097,0
119481,2012-09-23,0.42102723038386913,0
119482,2012-09-23,0.23931455504868399,0
119483,2012-09-23,0.49834508494151575,0
119484,2012-09-23,0.2317777960374023,0
119485,2012-09-23,0.1795390690106005,1
119486,2012-09-23,0.3192747953057574,0
119487,2012-09-23,0.3298320946518438,1
119488,2012-09-23,0.23139424822001894,0
119489,2012-09-23,0.20914547117228313,0
119490,2012-09-23,0.3484924115893507,1
119491,2012-09-23,0.2456839812844748,0
119492,2012-09-23,0.5181289155007828,1
119493,2012-09-23,0.37084235224843615,1
119494,2012-09-23,0.4352046328717127,0
119495,2012-09-23,0.14692478950907242,0
119496,2012-09-23,0.45215275486317336,1
119497,2012-09-23,0.2660500134798236,0
119498,2012-09-23,0.547431883764592,1
119499,2012-09-23,0.23920484433550185,0
119500,2012-09-23,0.5545866578581923,0
119501,2012-09-23,0.12855850490358336,0
119502,2012-09-23,0.5244683647801992,0
119503,2012-09-23,0.42459876666147794,1
119504,2012-09-23,0.4580449203586336,0
119505,2012-09-23,0.40899334727187275,0
119506,2012-09-23,0.3537326184865949,0
119507,2012-09-23,0.2628030611484229,1
119508,2012-09-23,0.4992796306304709,0
119509,2012-09-23,0.4674828844237382,1
119510,2012-09-23,0.417741080439894,0
119511,2012-09-23,0.5086597185363648,0
119512,2012-09-23,0.3016654252996743,1
119513,2012-09-23,0.3770099491795735,1
119514,2012-09-23,0.26490821449913937,1
119515,2012-09-23,0.502927579394491,0
119516,2012-09-23,0.22455433706739686,1
119517,2012-09-23,0.40159413124042426,0
119518,2012-09-24,0.5273569147069519,0
119519,2012-09-24,0.38294750657165777,0
119520,2012-09-24,0.5576749761589535,0
119521,2012-09-24,0.23650736640329934,0
119522,2012-09-24,0.270176509870309,0
119523,2012-09-24,0.30465312224386326,0
119524,2012-09-24,0.25909946348393903,0
119525,2012-09-24,0.3436359396420234,1
119526,2012-09-24,0.41689787130175193,1
119527,2012-09-24,0.3241985615543893,0
119528,2012-09-24,0.11913801789502318,0
119529,2012-09-24,0.4405515554411881,0
119530,2012-09-24,0.27475721676428067,1
119531,2012-09-24,0.3050244886866528,0
119532,2012-09-24,0.39219452743497474,0
119533,2012-09-24,0.3084397566401294,0
119534,2012-09-24,0.21859730212276138,0
119535,2012-09-24,0.49212133766326194,0
119536,2012-09-24,0.17225335898560554,0
119537,2012-09-24,0.6621129245613903,1
119538,2012-09-24,0.2517995081224882,0
119539,2012-09-24,0.36525108705942894,0
119540,2012-09-24,0.2666890356584962,0
119541,2012-09-24,0.37132788343630035,1
119542,2012-09-24,0.502007132705706,1
119543,2012-09-24,0.29771007701239804,0
119544,2012-09-24,0.3540398449849577,0
119545,2012-09-24,0.5569220852483021,0
119546,2012-09-24,0.5292491119734881,0
119547,2012-09-24,0.3536539415465058,0
119548,2012-09-24,0.4635586797106161,0
119549,2012-09-24,0.3227442910385233,0
119550,2012-09-24,0.7231263631348623,0
119551,2012-09-24,0.45086158693418266,1
119552,2012-09-24,0.25203799203669985,0
119553,2012-09-24,0.2905315090607046,0
119554,2012-09-24,0.5806219788934777,1
119555,2012-09-24,0.39838870777172714,1
119556,2012-09-24,0.3654457852302468,0
119557,2012-09-24,0.11955940149837037,0
119558,2012-09-24,0.3409942595222864,1
119559,2012-09-24,0.20415373350663804,0
119560,2012-09-24,0.290242535069437,0
119561,2012-09-24,0.3345757684830034,0
119562,2012-09-24,0.5241406817072386,0
119563,2012-09-24,0.19786054446726514,0
119564,2012-09-24,0.41317492334647354,1
119565,2012-09-24,0.5330869109364665,1
119566,2012-09-24,0.5023433944811534,0
119567,2012-09-24,0.2977279447101689,0
119568,2012-09-24,0.6174991683638829,1
119569,2012-09-24,0.2012078946658757,0
119570,2012-09-24,0.1952446541580526,0
119571,2012-09-24,0.41516033609936903,1
119572,2012-09-24,0.5230704872322647,1
119573,2012-09-24,0.29019349922072396,0
119574,2012-09-24,0.19420489107840827,0
119575,2012-09-24,0.5093798994101769,1
119576,2012-09-24,0.37614864450054497,0
119577,2012-09-24,0.19573889582851772,0
119578,2012-09-24,0.39778801875363373,1
119579,2012-09-24,0.24370410924756025,0
119580,2012-09-24,0.4277641972316705,0
119581,2012-09-24,0.5014396448996508,1
119582,2012-09-24,0.36785972226107166,0
119583,2012-09-24,0.4385108971259702,1
119584,2012-09-24,0.197618932367918,1
119585,2012-09-24,0.5531933821585051,0
119586,2012-09-24,0.3479608329772497,1
119587,2012-09-24,0.38556107932546146,0
119588,2012-09-24,0.34799532141793066,1
119589,2012-09-24,0.29552481960344046,0
119590,2012-09-24,0.4714285578098923,0
119591,2012-09-24,0.45583090732955317,1
119592,2012-09-24,0.18153097836824222,0
119593,2012-09-24,0.5771596939140209,1
119594,2012-09-24,0.2870078117709067,0
119595,2012-09-24,0.5001159814535384,1
119596,2012-09-24,0.307344970572532,0
119597,2012-09-24,0.19359955037338816,1
119598,2012-09-24,0.4661240243731269,0
119599,2012-09-24,0.4854620186889672,0
119600,2012-09-24,0.20254187628300727,1
119601,2012-09-24,0.4288162865216594,0
119602,2012-09-24,0.38200979345374286,1
119603,2012-09-24,0.3103467634773794,0
119604,2012-09-24,0.290622922048656,0
119605,2012-09-24,0.26464678184280316,0
119606,2012-09-24,0.3285572807934159,0
119607,2012-09-24,0.4852766337831183,0
119608,2012-09-24,0.31726012619781696,0
119609,2012-09-24,0.1350535686757851,1
119610,2012-09-24,0.2506461573235169,0
119611,2012-09-24,0.3108144153423918,1
119612,2012-09-24,0.2035512277743176,0
119613,2012-09-24,0.20287348049280327,0
119614,2012-09-24,0.4158262013877714,0
119615,2012-09-24,0.28569331821722116,0
119616,2012-09-24,0.510038539135492,1
119617,2012-09-24,0.29595283839757625,0
119618,2012-09-24,0.44741312134413735,0
119619,2012-09-24,0.22354709591804064,0
119620,2012-09-24,0.503532406971764,1
119621,2012-09-24,0.29390625290303063,1
119622,2012-09-24,0.4979111510295854,0
119623,2012-09-24,0.36557320827609907,1
119624,2012-09-24,0.22876181995059952,0
119625,2012-09-24,0.27709213295837487,0
119626,2012-09-24,0.28502432149178997,0
119627,2012-09-24,0.4307404188662865,1
119628,2012-09-24,0.5243941943342451,0
119629,2012-09-24,0.24187264429765312,0
119630,2012-09-24,0.5862487939329392,1
119631,2012-09-24,0.63404902954967,0
119632,2012-09-24,0.47244228949341877,1
119633,2012-09-24,0.4374883565081453,0
119634,2012-09-24,0.1823252183475424,0
119635,2012-09-24,0.21588547390693769,0
119636,2012-09-24,0.41273275332109755,1
119637,2012-09-24,0.3739204383086321,0
119638,2012-09-24,0.3741979581621064,1
119639,2012-09-24,0.49261068892524784,0
119640,2012-09-24,0.3833141686614555,0
119641,2012-09-24,0.30383383205540776,0
119642,2012-09-24,0.12890039857139865,0
119643,2012-09-24,0.41204958642574535,1
119644,2012-09-24,0.2652246788504458,1
119645,2012-09-24,0.19229798298896547,0
119646,2012-09-24,0.20758528056912537,0
119647,2012-09-24,0.42542858772956316,0
119648,2012-09-24,0.4315710076264303,1
119649,2012-09-24,0.4383049096388927,1
119650,2012-09-24,0.4909111192233693,0
119651,2012-09-24,0.3124407892735344,0
119652,2012-09-24,0.43151946560963406,1
119653,2012-09-24,0.41642987678231996,1
119654,2012-09-24,0.23534636313088536,0
119655,2012-09-24,0.28718789701543673,1
119656,2012-09-24,0.33139220694377414,0
119657,2012-09-24,0.5475683292146012,0
119658,2012-09-24,0.569595031625682,0
119659,2012-09-24,0.29220142456609655,0
119660,2012-09-24,0.5099363056553395,0
119661,2012-09-24,0.15916850373235283,0
119662,2012-09-24,0.20688118250583415,0
119663,2012-09-24,0.296159832415607,0
119664,2012-09-24,0.6257563857276904,0
119665,2012-09-24,0.4152397647989183,1
119666,2012-09-24,0.29449208715243397,1
119667,2012-09-24,0.5136458651289803,1
119668,2012-09-24,0.31286652711254137,0
119669,2012-09-24,0.38768689700023173,0
119670,2012-09-24,0.2102288261402036,0
119671,2012-09-24,0.3022094028714657,0
119672,2012-09-24,0.34124725728510297,0
119673,2012-09-24,0.41881218444058066,0
119674,2012-09-24,0.2598473238340467,0
119675,2012-09-24,0.6189430635384588,0
119676,2012-09-24,0.30855512679193564,0
119677,2012-09-24,0.2714597591660498,0
119678,2012-09-24,0.3687859461220788,0
119679,2012-09-24,0.29312181545477867,1
119680,2012-09-24,0.36891331831388013,1
119681,2012-09-24,0.3261778311197651,0
119682,2012-09-24,0.14312346389031258,0
119683,2012-09-24,0.3272332888398901,0
119684,2012-09-24,0.3431763072045833,0
119685,2012-09-24,0.12864008599609952,1
119686,2012-09-24,0.3919013300537815,0
119687,2012-09-24,0.45150754024228873,1
119688,2012-09-24,0.3385248580306224,0
119689,2012-09-24,0.23464532160731721,0
119690,2012-09-24,0.49828380964913627,0
119691,2012-09-24,0.19227795046216326,0
119692,2012-09-24,0.23883303264669523,0
119693,2012-09-24,0.42026515493790584,0
119694,2012-09-24,0.38487808683743,1
119695,2012-09-24,0.3326356719617704,0
119696,2012-09-24,0.27991297152706685,0
119697,2012-09-24,0.3536167462370753,0
119698,2012-09-24,0.37274325697829114,1
119699,2012-09-24,0.4732718883411384,1
119700,2012-09-24,0.2778445867500772,0
119701,2012-09-24,0.3542048535982278,0
119702,2012-09-24,0.25448778451643245,0
119703,2012-09-24,0.5475479633733331,0
119704,2012-09-24,0.274491167217759,0
119705,2012-09-24,0.6011075628447663,0
119706,2012-09-24,0.27384814532900015,0
119707,2012-09-24,0.2946037393845427,0
119708,2012-09-24,0.27670965493982236,0
119709,2012-09-24,0.2973663674201313,0
119710,2012-09-24,0.3672557002541356,0
119711,2012-09-24,0.3236174061014236,0
119712,2012-09-24,0.5612138129308432,1
119713,2012-09-24,0.3617003524755515,0
119714,2012-09-24,0.6720721899479581,0
119715,2012-09-24,0.4122330256838308,0
119716,2012-09-24,0.388499617983388,1
119717,2012-09-24,0.30370185369425057,0
119718,2012-09-24,0.3687970534109495,0
119719,2012-09-24,0.25491517127473207,1
119720,2012-09-24,0.15574887525625156,1
119721,2012-09-24,0.2450968604891574,0
119722,2012-09-24,0.49903346170955176,1
119723,2012-09-24,0.29560616731676737,0
119724,2012-09-24,0.5358139347765923,0
119725,2012-09-24,0.47128516022627553,0
119726,2012-09-24,0.24020007380406147,1
119727,2012-09-24,0.2854938986160146,0
119728,2012-09-24,0.3183249892188338,0
119729,2012-09-24,0.3736423554397375,0
119730,2012-09-24,0.2932984808977597,1
119731,2012-09-24,0.3632259273924541,0
119732,2012-09-24,0.2629353704463617,1
119733,2012-09-24,0.5192211942622269,1
119734,2012-09-24,0.3722830766183773,0
119735,2012-09-24,0.38834803664415946,0
119736,2012-09-24,0.5127022854662256,0
119737,2012-09-24,0.3984421378455067,0
119738,2012-09-24,0.13068637216849527,0
119739,2012-09-24,0.2191394532295272,1
119740,2012-09-24,0.3904546379485396,0
119741,2012-09-24,0.6150369706459344,1
119742,2012-09-24,0.2256056672701767,0
119743,2012-09-24,0.2078839246077224,1
119744,2012-09-24,0.47449821911221457,0
119745,2012-09-24,0.22374050446306853,0
119746,2012-09-24,0.5469593012417697,1
119747,2012-09-24,0.3713829355416006,1
119748,2012-09-24,0.49230321712104586,0
119749,2012-09-24,0.29573088360201266,0
119750,2012-09-24,0.21536776398859206,0
119751,2012-09-24,0.3140644550711875,1
119752,2012-09-24,0.45981100499354294,1
119753,2012-09-24,0.3527744919333803,1
119754,2012-09-24,0.39292839393931095,0
119755,2012-09-24,0.4711347338133742,1
119756,2012-09-24,0.5097822470849839,0
119757,2012-09-24,0.34806592777488615,1
119758,2012-09-24,0.3925639507680976,1
119759,2012-09-24,0.25557948242975115,0
119760,2012-09-24,0.44234423529544104,1
119761,2012-09-24,0.19435053064865235,0
119762,2012-09-24,0.3409348473761652,1
119763,2012-09-24,0.47465947334172004,1
119764,2012-09-24,0.24434058419489102,0
119765,2012-09-24,0.43172136408132195,0
119766,2012-09-24,0.3840572506085579,0
119767,2012-09-24,0.20959328752527018,0
119768,2012-09-24,0.38677317929223465,0
119769,2012-09-24,0.29199309082276165,0
119770,2012-09-24,0.567994893601999,1
119771,2012-09-24,0.14986063651959466,0
119772,2012-09-24,0.3820022309045915,1
119773,2012-09-24,0.39778967003539334,1
119774,2012-09-24,0.21965108210439907,0
119775,2012-09-24,0.28843367212706245,0
119776,2012-09-24,0.38152593256245504,1
119777,2012-09-24,0.2769278581175152,0
119778,2012-09-24,0.4494653366332264,0
119779,2012-09-24,0.39191383839913274,0
119780,2012-09-24,0.3834667479398696,0
119781,2012-09-24,0.12097520997642335,0
119782,2012-09-24,0.39493774363083045,1
119783,2012-09-24,0.4652317698935947,1
119784,2012-09-24,0.2099420463007063,0
119785,2012-09-24,0.19125579244277124,0
119786,2012-09-24,0.3977391878770175,0
119787,2012-09-24,0.41372363068601736,0
119788,2012-09-24,0.5262959642234364,0
119789,2012-09-24,0.42734732733715924,0
119790,2012-09-24,0.47677521218818697,0
119791,2012-09-24,0.3530699953234496,0
119792,2012-09-24,0.2992845344100117,0
119793,2012-09-24,0.17391673409375963,0
119794,2012-09-24,0.5112772570783088,1
119795,2012-09-24,0.3309191959732947,0
119796,2012-09-24,0.41785128611865746,0
119797,2012-09-24,0.3380914148854505,0
119798,2012-09-24,0.4034128698094292,0
119799,2012-09-24,0.48443772004502245,0
119800,2012-09-24,0.24630462531804984,0
119801,2012-09-24,0.45337271221748565,1
119802,2012-09-24,0.13766269428270464,0
119803,2012-09-24,0.3385248580306224,1
119804,2012-09-24,0.4469274248890566,0
119805,2012-09-24,0.38940515946550197,1
119806,2012-09-24,0.345418170595216,1
119807,2012-09-24,0.25082007015650587,0
119808,2012-09-24,0.3714941923556172,0
119809,2012-09-24,0.20688773922766351,0
119810,2012-09-24,0.5463617073621752,1
119811,2012-09-24,0.24690490868811804,0
119812,2012-09-24,0.5765069587480703,1
119813,2012-09-24,0.4027076780777592,0
119814,2012-09-24,0.4909211761808296,0
119815,2012-09-24,0.7082578190860634,1
119816,2012-09-24,0.23328069724404765,0
119817,2012-09-24,0.2531714741056275,1
119818,2012-09-24,0.46559422871647493,0
119819,2012-09-24,0.4622709110089018,0
119820,2012-09-24,0.5234421048564888,0
119821,2012-09-24,0.30394419197774125,0
119822,2012-09-24,0.4940035117364766,0
119823,2012-09-24,0.5977759838247382,0
119824,2012-09-24,0.3201226992282646,1
119825,2012-09-24,0.3393003028901609,1
119826,2012-09-24,0.3465006755893658,0
119827,2012-09-24,0.17905141513321876,0
119828,2012-09-24,0.3921331385551691,1
119829,2012-09-24,0.10397506753513706,0
119830,2012-09-24,0.5129140367697586,0
119831,2012-09-24,0.5431761613662436,0
119832,2012-09-24,0.27702538185655345,0
119833,2012-09-24,0.16245094965428886,0
119834,2012-09-24,0.2405915094374188,0
119835,2012-09-24,0.180082448763836,0
119836,2012-09-24,0.36555469575334104,0
119837,2012-09-24,0.4495813474877449,0
119838,2012-09-24,0.26649242567009895,1
119839,2012-09-24,0.32386584698997395,0
119840,2012-09-24,0.24604832904667126,0
119841,2012-09-24,0.33030789293638835,0
119842,2012-09-24,0.3367533291456254,1
119843,2012-09-24,0.25456702373812395,1
119844,2012-09-24,0.5853166479494724,0
119845,2012-09-24,0.19681230027590083,0
119846,2012-09-24,0.20472053329923715,0
119847,2012-09-24,0.27795903458764587,0
119848,2012-09-24,0.4009279392436845,0
119849,2012-09-24,0.22163687772824148,0
119850,2012-09-24,0.4506433149036655,1
119851,2012-09-24,0.47312335666569383,0
119852,2012-09-24,0.25758272138023974,0
119853,2012-09-24,0.25061636131014114,0
119854,2012-09-24,0.2752571906105398,0
119855,2012-09-24,0.3307672977390318,0
119856,2012-09-24,0.47655061195360887,1
119857,2012-09-24,0.3781257785044297,0
119858,2012-09-24,0.3746831622756612,0
119859,2012-09-24,0.42882508233586103,0
119860,2012-09-24,0.47177358593414415,0
119861,2012-09-24,0.43675037272004685,0
119862,2012-09-24,0.42455760678509946,1
119863,2012-09-24,0.36221694043898395,0
119864,2012-09-24,0.3702095340561392,0
119865,2012-09-24,0.35008184312477114,1
119866,2012-09-24,0.46079046159240755,1
119867,2012-09-24,0.2851030571642259,1
119868,2012-09-24,0.3533250747937593,0
119869,2012-09-24,0.23336192569938738,0
119870,2012-09-24,0.275846256705748,0
119871,2012-09-24,0.46638934656313846,0
119872,2012-09-24,0.3989528223329892,1
119873,2012-09-24,0.40077206017367173,1
119874,2012-09-24,0.26471234871652044,0
119875,2012-09-24,0.44383135266457735,0
119876,2012-09-24,0.3426410641051073,0
119877,2012-09-24,0.45645923337620126,0
119878,2012-09-24,0.29549314124242393,0
119879,2012-09-24,0.4598741656380859,0
119880,2012-09-24,0.34978643788939284,0
119881,2012-09-24,0.20555896488625486,1
119882,2012-09-24,0.14346505427681575,1
119883,2012-09-24,0.25792697827235733,1
119884,2012-09-24,0.288613529199306,1
119885,2012-09-24,0.38422824850093223,1
119886,2012-09-24,0.3573775911895478,1
119887,2012-09-24,0.4879044807723909,1
119888,2012-09-24,0.6079354072017579,0
119889,2012-09-24,0.4123458591716822,0
119890,2012-09-24,0.43922454970699604,1
119891,2012-09-24,0.40597946879388047,0
119892,2012-09-24,0.38603260098207565,0
119893,2012-09-24,0.1310509964117781,0
119894,2012-09-24,0.3370376249396746,1
119895,2012-09-24,0.2899997034848609,0
119896,2012-09-24,0.15364685114099141,0
119897,2012-09-24,0.3736679267870364,1
119898,2012-09-24,0.2826308964225221,0
119899,2012-09-24,0.17295633324505152,0
119900,2012-09-24,0.3602035364695645,1
119901,2012-09-24,0.4764701565064155,0
119902,2012-09-24,0.224140417391077,1
119903,2012-09-24,0.39689420223588506,1
119904,2012-09-24,0.26079705579380574,0
119905,2012-09-24,0.4073059731531202,0
119906,2012-09-24,0.32771494065748424,1
119907,2012-09-24,0.36003230910755946,0
119908,2012-09-24,0.46294016232504953,1
119909,2012-09-24,0.3629678790520758,0
119910,2012-09-24,0.34981054475798645,0
119911,2012-09-24,0.22960499304564239,0
119912,2012-09-24,0.42325366982084367,0
119913,2012-09-24,0.371021497136347,1
119914,2012-09-24,0.32821794914108443,0
119915,2012-09-24,0.39164134069725737,0
119916,2012-09-24,0.317061394915038,0
119917,2012-09-24,0.24967581698360636,1
119918,2012-09-24,0.13197178783100197,0
119919,2012-09-24,0.3908101900597441,0
119920,2012-09-24,0.29127729364595273,0
119921,2012-09-24,0.27071587173502776,1
119922,2012-09-24,0.17382829344487727,1
119923,2012-09-24,0.18084794523897546,1
119924,2012-09-24,0.14480314564638525,0
119925,2012-09-24,0.5475433697228019,1
119926,2012-09-24,0.12927757574661822,0
119927,2012-09-24,0.4444921567195632,1
119928,2012-09-24,0.19448095839053442,0
119929,2012-09-24,0.22246625815221432,0
119930,2012-09-24,0.45339386137284376,0
119931,2012-09-24,0.4139595857934492,0
119932,2012-09-24,0.5873648481634401,0
119933,2012-09-24,0.4060317917826437,0
119934,2012-09-24,0.4554629403264204,1
119935,2012-09-24,0.6593971392372152,1
119936,2012-09-24,0.486595726445882,0
119937,2012-09-24,0.38961395491163064,0
119938,2012-09-24,0.2112714097857047,0
119939,2012-09-24,0.36994078645928996,1
119940,2012-09-24,0.416050859507561,1
119941,2012-09-24,0.4190383850905377,1
119942,2012-09-24,0.33759992016449974,0
119943,2012-09-24,0.4649907629173266,0
119944,2012-09-24,0.41620695998475354,0
119945,2012-09-24,0.3026134877778676,0
119946,2012-09-24,0.2552900140011006,0
119947,2012-09-24,0.44664348247867786,0
119948,2012-09-24,0.3367053147231301,0
119949,2012-09-24,0.527428397339541,1
119950,2012-09-24,0.624316062666976,0
119951,2012-09-24,0.47876710226485564,0
119952,2012-09-24,0.2697378432745677,1
119953,2012-09-24,0.2038481474003705,0
119954,2012-09-24,0.45114277977796985,0
119955,2012-09-24,0.37836780087477,0
119956,2012-09-24,0.5747457252536387,1
119957,2012-09-24,0.19674066405733703,0
119958,2012-09-24,0.38609710314528,0
119959,2012-09-24,0.22129212525825356,0
119960,2012-09-24,0.29050631278567357,0
119961,2012-09-24,0.25769932382815647,0
119962,2012-09-24,0.20558504147918083,0
119963,2012-09-24,0.26586842436855024,0
119964,2012-09-24,0.4209769918807756,0
119965,2012-09-24,0.279361574974051,1
119966,2012-09-24,0.24240752194190648,1
119967,2012-09-24,0.38829905272896265,0
119968,2012-09-24,0.4277706708863807,0
119969,2012-09-24,0.3884571900977759,0
119970,2012-09-24,0.43063238293223716,0
119971,2012-09-24,0.18023240221839548,0
119972,2012-09-24,0.3968891238099736,0
119973,2012-09-24,0.4031498994108204,0
119974,2012-09-24,0.393149971925756,1
119975,2012-09-24,0.46826229869289193,1
119976,2012-09-24,0.32752340576646344,1
119977,2012-09-24,0.1496135725987448,0
119978,2012-09-24,0.30538714431669994,0
119979,2012-09-24,0.28569331821722116,0
119980,2012-09-24,0.31681463972477275,1
119981,2012-09-24,0.365151013834825,0
119982,2012-09-24,0.3305713898543426,0
119983,2012-09-24,0.2904978292216033,0
119984,2012-09-24,0.33501742990243555,0
119985,2012-09-24,0.33281578972596365,0
119986,2012-09-24,0.6268097445441543,0
119987,2012-09-24,0.6337993226797085,1
119988,2012-09-24,0.1417417687785461,0
119989,2012-09-24,0.2486976867204791,0
119990,2012-09-24,0.269715569159134,0
119991,2012-09-24,0.2206859050110478,0
119992,2012-09-24,0.3554885767737813,1
119993,2012-09-24,0.2128316368641001,1
119994,2012-09-24,0.20320264529596033,0
119995,2012-09-24,0.3194416381298693,0
119996,2012-09-24,0.37336862552123784,0
119997,2012-09-24,0.2571611437659344,0
119998,2012-09-24,0.4104218771390408,0
119999,2012-09-24,0.23621295939889106,0
120000,2012-09-24,0.3639467722928994,0
120001,2012-09-24,0.3815346572304976,0
120002,2012-09-24,0.18661924560837734,0
120003,2012-09-24,0.3201808873745328,0
120004,2012-09-24,0.17512023256877782,0
120005,2012-09-24,0.27235232064362486,0
120006,2012-09-24,0.5600966607790153,1
120007,2012-09-24,0.5380411838190461,1
120008,2012-09-24,0.47173621494182627,0
120009,2012-09-24,0.31072351460515973,1
120010,2012-09-24,0.30271404231114757,0
120011,2012-09-24,0.6147663946538182,1
120012,2012-09-24,0.4483358795215229,0
120013,2012-09-24,0.5526030298523483,0
120014,2012-09-24,0.40029399524834414,1
120015,2012-09-24,0.27080280664543616,0
120016,2012-09-24,0.4176125591585371,1
120017,2012-09-24,0.37815674395615306,0
120018,2012-09-24,0.28134040182444553,0
120019,2012-09-24,0.5336457282121692,0
120020,2012-09-24,0.49156527839617814,1
120021,2012-09-24,0.28569331821722116,0
120022,2012-09-24,0.2608138755928601,0
120023,2012-09-24,0.256961096067732,0
120024,2012-09-24,0.20763600254981246,0
120025,2012-09-24,0.1378068041236964,0
120026,2012-09-24,0.44852893601344573,0
120027,2012-09-24,0.24195961591692486,0
120028,2012-09-24,0.39594257541334954,0
120029,2012-09-24,0.2924069072828516,0
120030,2012-09-24,0.5272198768677516,0
120031,2012-09-24,0.4743745245206955,0
120032,2012-09-24,0.47117913892410535,0
120033,2012-09-24,0.2579373399500295,0
120034,2012-09-24,0.16359346567966795,0
120035,2012-09-24,0.48674176708479405,0
120036,2012-09-24,0.40663195161384297,0
120037,2012-09-24,0.36629991314692323,0
120038,2012-09-24,0.47164995990843384,0
120039,2012-09-24,0.41904761530382106,1
120040,2012-09-24,0.6386133723395206,0
120041,2012-09-24,0.21585245052245752,0
120042,2012-09-24,0.4928126476273395,0
120043,2012-09-24,0.32565955737319063,1
120044,2012-09-24,0.4031528151770376,0
120045,2012-09-24,0.3632907059808587,0
120046,2012-09-24,0.35509772455379424,0
120047,2012-09-24,0.387805063501229,0
120048,2012-09-24,0.3929734178942844,0
120049,2012-09-24,0.5377574848604532,1
120050,2012-09-24,0.44103738193190295,0
120051,2012-09-24,0.45369379036434554,1
120052,2012-09-24,0.45975594656977187,0
120053,2012-09-24,0.1910204516002826,0
120054,2012-09-24,0.5027588904471073,0
120055,2012-09-24,0.3832799574286276,0
120056,2012-09-24,0.50612417683462,1
120057,2012-09-24,0.3966618090663055,0
120058,2012-09-24,0.20763183230825832,0
120059,2012-09-24,0.3385248580306224,1
120060,2012-09-24,0.32887796949453546,0
120061,2012-09-24,0.3389216701422839,0
120062,2012-09-24,0.4373739411764073,1
120063,2012-09-24,0.2830994869912348,0
120064,2012-09-24,0.3651771687535128,0
120065,2012-09-24,0.30786419593921516,1
120066,2012-09-24,0.40670826882199,0
120067,2012-09-24,0.28658735262453267,0
120068,2012-09-24,0.3209363905560207,0
120069,2012-09-24,0.6105759779225772,0
120070,2012-09-24,0.5606070984770104,0
120071,2012-09-24,0.41087951169177994,0
120072,2012-09-24,0.3617227506884784,1
120073,2012-09-24,0.49152671745845544,0
120074,2012-09-24,0.4155859714172667,1
120075,2012-09-24,0.5127885699709871,0
120076,2012-09-24,0.5292963993776078,0
120077,2012-09-24,0.334785509015606,0
120078,2012-09-24,0.3385248580306224,1
120079,2012-09-24,0.30753001838574046,0
120080,2012-09-24,0.45305204627318657,1
120081,2012-09-24,0.3998780768956129,0
120082,2012-09-24,0.2549769535492725,0
120083,2012-09-24,0.36151741353535055,0
120084,2012-09-24,0.2588695302445505,0
120085,2012-09-24,0.29127729364595273,0
120086,2012-09-24,0.16754635913254834,1
120087,2012-09-24,0.2118899447263332,0
120088,2012-09-24,0.4704149597253299,0
120089,2012-09-24,0.36145198906434706,1
120090,2012-09-24,0.19319064129659774,0
120091,2012-09-24,0.3826599858993783,0
120092,2012-09-24,0.5240509240360568,0
120093,2012-09-24,0.30454291507137704,0
120094,2012-09-24,0.36375739177827643,0
120095,2012-09-24,0.3844227939549465,1
120096,2012-09-24,0.3760435510129309,0
120097,2012-09-24,0.33879384665055434,0
120098,2012-09-24,0.18175855926342496,0
120099,2012-09-24,0.29791726116630934,0
120100,2012-09-24,0.5824728841197454,1
120101,2012-09-24,0.34214142826197785,0
120102,2012-09-24,0.3295657608981943,0
120103,2012-09-24,0.6409818804267072,0
120104,2012-09-24,0.41725300988528663,0
120105,2012-09-24,0.4316061385023082,0
120106,2012-09-24,0.3543505817405083,0
120107,2012-09-24,0.32234225363444663,1
120108,2012-09-24,0.41294499863554035,0
120109,2012-09-24,0.3647753481673733,1
120110,2012-09-24,0.3477281282193283,1
120111,2012-09-24,0.09021849686041679,0
120112,2012-09-24,0.36024344057752594,0
120113,2012-09-24,0.3212098265368523,0
120114,2012-09-24,0.41791650888081955,1
120115,2012-09-24,0.15819867332611934,0
120116,2012-09-24,0.3215819201419038,0
120117,2012-09-24,0.6091978408476574,0
120118,2012-09-24,0.5113650703768573,1
120119,2012-09-24,0.38018087556800034,1
120120,2012-09-24,0.205556223926454,0
120121,2012-09-24,0.3385248580306224,0
120122,2012-09-24,0.40568213862624575,0
120123,2012-09-24,0.38584538973979843,0
120124,2012-09-24,0.35419622483581537,0
120125,2012-09-24,0.38562479689220197,0
120126,2012-09-24,0.4231066066564503,0
120127,2012-09-24,0.4203588767824459,1
120128,2012-09-24,0.5049721335393939,1
120129,2012-09-24,0.6197163871237477,1
120130,2012-09-24,0.5157297311496805,0
120131,2012-09-24,0.47299385145674394,1
120132,2012-09-24,0.26283538301263765,1
120133,2012-09-24,0.2554267262816562,0
120134,2012-09-24,0.45116233321449767,1
120135,2012-09-24,0.24587288437649604,0
120136,2012-09-24,0.23691388682658812,0
120137,2012-09-24,0.3400328396112561,1
120138,2012-09-24,0.5114406805352313,0
120139,2012-09-24,0.6156006286919503,0
120140,2012-09-24,0.43883406948183407,1
120141,2012-09-24,0.4078066016952799,0
120142,2012-09-24,0.24710552172295353,0
120143,2012-09-24,0.1727557089220257,0
120144,2012-09-24,0.37532264818047684,1
120145,2012-09-24,0.24370606245082657,0
120146,2012-09-24,0.32182866994734,1
120147,2012-09-24,0.1659741398147182,0
120148,2012-09-24,0.4259584551996588,0
120149,2012-09-24,0.42452768963605947,0
120150,2012-09-24,0.3283464084800448,0
120151,2012-09-24,0.3340697553321932,0
120152,2012-09-24,0.29477484220568484,0
120153,2012-09-24,0.19285719708910573,0
120154,2012-09-24,0.2639852427974651,0
120155,2012-09-24,0.3631645255400026,0
120156,2012-09-24,0.2705127489894358,0
120157,2012-09-24,0.4561222101266151,1
120158,2012-09-24,0.43118604318964576,1
120159,2012-09-24,0.5362954314647518,0
120160,2012-09-24,0.2516013059106798,0
120161,2012-09-24,0.16517595289264828,0
120162,2012-09-24,0.42394633248276237,1
120163,2012-09-24,0.15170855594078617,0
120164,2012-09-24,0.3948837911247286,1
120165,2012-09-24,0.28569331821722116,0
120166,2012-09-24,0.3635411535361953,1
120167,2012-09-24,0.21890697683092455,0
120168,2012-09-24,0.5312302543563377,0
120169,2012-09-24,0.40870160205373957,0
120170,2012-09-24,0.5214683556975713,0
120171,2012-09-24,0.375992049537207,0
120172,2012-09-24,0.3760921827971449,1
120173,2012-09-24,0.3149010831212578,1
120174,2012-09-24,0.19925295198147303,0
120175,2012-09-24,0.32609226034529704,0
120176,2012-09-24,0.3932763359709457,1
120177,2012-09-24,0.46860572773356113,0
120178,2012-09-24,0.2007107050693437,0
120179,2012-09-24,0.21758944453980322,0
120180,2012-09-24,0.4414309192421032,1
120181,2012-09-24,0.3617885270986288,0
120182,2012-09-24,0.30587914029482527,0
120183,2012-09-24,0.23918481158319638,0
120184,2012-09-24,0.5421426881137154,1
120185,2012-09-24,0.2909040291507181,0
120186,2012-09-24,0.4178504156291812,0
120187,2012-09-24,0.15224095800988938,0
120188,2012-09-24,0.22142794885871703,0
120189,2012-09-24,0.348216957398054,1
120190,2012-09-24,0.4942068258491896,0
120191,2012-09-25,0.3113923559777582,0
120192,2012-09-25,0.2859342663157646,0
120193,2012-09-25,0.33535582864188823,0
120194,2012-09-25,0.4238977525061233,0
120195,2012-09-25,0.48850117147447275,0
120196,2012-09-25,0.28006742859495926,0
120197,2012-09-25,0.29546191805359673,1
120198,2012-09-25,0.3266633100694269,0
120199,2012-09-25,0.32789523881364013,0
120200,2012-09-25,0.36312063284724805,0
120201,2012-09-25,0.4594471347857838,0
120202,2012-09-25,0.23935130556576015,0
120203,2012-09-25,0.34160647848204645,0
120204,2012-09-25,0.5446990486223823,0
120205,2012-09-25,0.20162927826718552,0
120206,2012-09-25,0.1791497748864099,0
120207,2012-09-25,0.5523325906024426,1
120208,2012-09-25,0.3303147485610279,0
120209,2012-09-25,0.5822154300555112,1
120210,2012-09-25,0.21107004009457309,0
120211,2012-09-25,0.24491443802237453,0
120212,2012-09-25,0.28713054671613425,1
120213,2012-09-25,0.31824567324387143,0
120214,2012-09-25,0.47156045350531944,1
120215,2012-09-25,0.40188596551430716,0
120216,2012-09-25,0.4161049080718612,0
120217,2012-09-25,0.30270827901624997,0
120218,2012-09-25,0.5439395644271211,0
120219,2012-09-25,0.22103321629448303,0
120220,2012-09-25,0.3198738668416029,1
120221,2012-09-25,0.20910931347411651,0
120222,2012-09-25,0.215704871669582,0
120223,2012-09-25,0.5455351605359243,1
120224,2012-09-25,0.5242804385224383,1
120225,2012-09-25,0.2831837131665825,0
120226,2012-09-25,0.36520595720634796,1
120227,2012-09-25,0.4195483980508061,0
120228,2012-09-25,0.18037831630996504,1
120229,2012-09-25,0.3530932205839949,0
120230,2012-09-25,0.2588139687186774,1
120231,2012-09-25,0.2844624557245924,1
120232,2012-09-25,0.20877756782264376,0
120233,2012-09-25,0.3431140387551002,1
120234,2012-09-25,0.3123649254731741,0
120235,2012-09-25,0.2047417845605385,0
120236,2012-09-25,0.2547981284186725,0
120237,2012-09-25,0.2757127721454036,0
120238,2012-09-25,0.5694577990080668,1
120239,2012-09-25,0.39810385661941683,0
120240,2012-09-25,0.2899364985215369,0
120241,2012-09-25,0.14304655264897825,0
120242,2012-09-25,0.4219402964794886,0
120243,2012-09-25,0.18431887968043525,1
120244,2012-09-25,0.5634964432338855,1
120245,2012-09-25,0.2858716812246191,0
120246,2012-09-25,0.2810844472940602,0
120247,2012-09-25,0.47345570553640803,1
120248,2012-09-25,0.5077441476759408,0
120249,2012-09-25,0.3693907710922219,0
120250,2012-09-25,0.36621710936823104,1
120251,2012-09-25,0.20487250401228682,1
120252,2012-09-25,0.24965094080053143,0
120253,2012-09-25,0.5393302043157462,1
120254,2012-09-25,0.13984404189684344,0
120255,2012-09-25,0.47798983705681697,0
120256,2012-09-25,0.39113759164043277,0
120257,2012-09-25,0.42742573744827744,0
120258,2012-09-25,0.3914642446528705,1
120259,2012-09-25,0.20869654146302274,0
120260,2012-09-25,0.4650521381926771,0
120261,2012-09-25,0.43834202547649065,1
120262,2012-09-25,0.2914397613681792,0
120263,2012-09-25,0.44028080936458047,1
120264,2012-09-25,0.17618301649317916,0
120265,2012-09-25,0.15678362771987842,1
120266,2012-09-25,0.41293383868953426,0
120267,2012-09-25,0.32855729789858584,0
120268,2012-09-25,0.5818589403627351,1
120269,2012-09-25,0.34108633385003045,0
120270,2012-09-25,0.22808488541107985,0
120271,2012-09-25,0.2273950045439175,0
120272,2012-09-25,0.26669757599964056,0
120273,2012-09-25,0.35284863487716833,0
120274,2012-09-25,0.39192975050036927,0
120275,2012-09-25,0.1603052770261527,0
120276,2012-09-25,0.2767280500439736,0
120277,2012-09-25,0.5496665274352573,1
120278,2012-09-25,0.32278472699633526,1
120279,2012-09-25,0.41603944854888336,0
120280,2012-09-25,0.402987846308058,1
120281,2012-09-25,0.313996287397074,0
120282,2012-09-25,0.3504131325580577,0
120283,2012-09-25,0.3553719830525061,0
120284,2012-09-25,0.47318384064455465,0
120285,2012-09-25,0.3035722613280879,1
120286,2012-09-25,0.4727488474794724,1
120287,2012-09-25,0.40432056735950067,0
120288,2012-09-25,0.5120856727289387,0
120289,2012-09-25,0.49998349778980145,1
120290,2012-09-25,0.42591500127839715,0
120291,2012-09-25,0.21039413723299172,0
120292,2012-09-25,0.48282749632178484,0
120293,2012-09-25,0.4473343825007339,0
120294,2012-09-25,0.4320984198744653,0
120295,2012-09-25,0.365568769366751,1
120296,2012-09-25,0.5361188549779294,1
120297,2012-09-25,0.6679573407881055,0
120298,2012-09-25,0.3152221567365723,1
120299,2012-09-25,0.24690145565667954,0
120300,2012-09-25,0.31889855738591644,0
120301,2012-09-25,0.11558572196314461,0
120302,2012-09-25,0.37510786069288965,0
120303,2012-09-25,0.39899680068611565,1
120304,2012-09-25,0.3140450396825959,0
120305,2012-09-25,0.39788154017916333,1
120306,2012-09-25,0.38081628228847625,1
120307,2012-09-25,0.4477895619683933,1
120308,2012-09-25,0.6278955532095875,0
120309,2012-09-25,0.48460456815022723,0
120310,2012-09-25,0.2756985219774422,0
120311,2012-09-25,0.4992551357405389,1
120312,2012-09-25,0.07718733341431899,0
120313,2012-09-25,0.3693709991255942,1
120314,2012-09-25,0.28841429710986183,0
120315,2012-09-25,0.26565705671190293,0
120316,2012-09-25,0.30958780386813445,1
120317,2012-09-25,0.4458582342477216,0
120318,2012-09-25,0.25911781677461754,0
120319,2012-09-25,0.21628555223957663,1
120320,2012-09-25,0.21839417028027783,0
120321,2012-09-25,0.3131098592089992,0
120322,2012-09-25,0.4544818236802225,1
120323,2012-09-25,0.3463907507303249,0
120324,2012-09-25,0.4605518909671279,0
120325,2012-09-25,0.4514908369510793,0
120326,2012-09-25,0.38060473695301356,1
120327,2012-09-25,0.30473731333476817,1
120328,2012-09-25,0.24248642815180804,0
120329,2012-09-25,0.19999575304477002,0
120330,2012-09-25,0.34175501374649286,0
120331,2012-09-25,0.17320220343015708,0
120332,2012-09-25,0.38042471923577026,0
120333,2012-09-25,0.20817536888890026,0
120334,2012-09-25,0.3680205482191503,0
120335,2012-09-25,0.5186010440985485,1
120336,2012-09-25,0.5354152085975317,0
120337,2012-09-25,0.307590496439292,0
120338,2012-09-25,0.753207936693399,0
120339,2012-09-25,0.33085539729417046,0
120340,2012-09-25,0.537262392684643,1
120341,2012-09-25,0.37687512033540266,0
120342,2012-09-25,0.297429304127487,0
120343,2012-09-25,0.24379580579369667,0
120344,2012-09-25,0.29307149288419465,0
120345,2012-09-25,0.14326088932223022,0
120346,2012-09-25,0.31277975377546574,0
120347,2012-09-25,0.3335125196046639,0
120348,2012-09-25,0.30250511601824553,0
120349,2012-09-25,0.5014530572141565,1
120350,2012-09-25,0.22650390180776436,0
120351,2012-09-25,0.3585038693111902,1
120352,2012-09-25,0.4609460581759651,0
120353,2012-09-25,0.39318591617647614,0
120354,2012-09-25,0.3075227016469143,0
120355,2012-09-25,0.3175097160646418,0
120356,2012-09-25,0.27961526476299187,0
120357,2012-09-25,0.18942496698614927,0
120358,2012-09-25,0.22920102753283422,0
120359,2012-09-25,0.6121342968186309,0
120360,2012-09-25,0.12543733904605966,0
120361,2012-09-25,0.4994543320234293,0
120362,2012-09-25,0.28313052649499204,0
120363,2012-09-25,0.3870987131606883,0
120364,2012-09-25,0.2619847422600873,0
120365,2012-09-25,0.25868000300092375,0
120366,2012-09-25,0.4720848393877897,1
120367,2012-09-25,0.3433710130971921,0
120368,2012-09-25,0.34612048870877415,0
120369,2012-09-25,0.3160946711741492,0
120370,2012-09-25,0.4805815945254285,0
120371,2012-09-25,0.15576048489168748,0
120372,2012-09-25,0.17784215394516276,1
120373,2012-09-25,0.20518513617510117,0
120374,2012-09-25,0.38213291840404395,0
120375,2012-09-25,0.48039772721618457,1
120376,2012-09-25,0.43924106112434114,0
120377,2012-09-25,0.2681294070541871,1
120378,2012-09-25,0.3503684326490476,0
120379,2012-09-25,0.28225611709840387,1
120380,2012-09-25,0.23208268680969743,1
120381,2012-09-25,0.4314892002817056,1
120382,2012-09-25,0.23151302768300772,0
120383,2012-09-25,0.19011536653485683,0
120384,2012-09-25,0.39617740972676313,1
120385,2012-09-25,0.40531681192413455,1
120386,2012-09-25,0.43842158983516794,0
120387,2012-09-25,0.3089394832494478,0
120388,2012-09-25,0.22665901873182936,1
120389,2012-09-25,0.6394576947630115,0
120390,2012-09-25,0.08579435656250509,1
120391,2012-09-25,0.14336226366974103,0
120392,2012-09-25,0.2839421645636604,0
120393,2012-09-25,0.27185368369514007,0
120394,2012-09-25,0.6019381445973316,1
120395,2012-09-25,0.16587645264322443,0
120396,2012-09-25,0.22181521851429095,0
120397,2012-09-25,0.2477159733706602,0
120398,2012-09-25,0.3525268889403263,0
120399,2012-09-25,0.2592752980938411,0
120400,2012-09-25,0.26074114320649583,0
120401,2012-09-25,0.5622513502156239,0
120402,2012-09-25,0.41282581000683694,0
120403,2012-09-25,0.2818362154605569,0
120404,2012-09-25,0.5199165457958818,1
120405,2012-09-25,0.3748310958993858,0
120406,2012-09-25,0.1494080186213565,0
120407,2012-09-25,0.5622740006486191,1
120408,2012-09-25,0.43670088454028194,0
120409,2012-09-25,0.5108781133201243,0
120410,2012-09-25,0.3515373894687696,0
120411,2012-09-25,0.28446665434059853,0
120412,2012-09-25,0.25037003978135053,0
120413,2012-09-25,0.4149353775138067,1
120414,2012-09-25,0.36097678931244453,0
120415,2012-09-25,0.4529903363343003,0
120416,2012-09-25,0.5929909515392499,0
120417,2012-09-25,0.28808725693267534,0
120418,2012-09-25,0.35402553364219375,1
120419,2012-09-25,0.3838120531543426,0
120420,2012-09-25,0.1419646461214907,1
120421,2012-09-25,0.39434399674453247,0
120422,2012-09-25,0.1593034903272031,0
120423,2012-09-25,0.14154898281392186,0
120424,2012-09-25,0.2803575606855981,0
120425,2012-09-25,0.4447507009717948,0
120426,2012-09-25,0.37752149551437025,0
120427,2012-09-25,0.39058836652234424,1
120428,2012-09-25,0.40292609852170447,0
120429,2012-09-25,0.40533040431988454,0
120430,2012-09-25,0.7008114450325912,0
120431,2012-09-25,0.5703068905640375,0
120432,2012-09-25,0.2857528843354514,0
120433,2012-09-25,0.46831801150937435,0
120434,2012-09-25,0.570190060939349,0
120435,2012-09-25,0.21963927017952845,1
120436,2012-09-25,0.2358469475131101,0
120437,2012-09-25,0.16222737071929905,0
120438,2012-09-25,0.40155610399265973,1
120439,2012-09-25,0.6567070661209343,1
120440,2012-09-25,0.5235654351786249,0
120441,2012-09-25,0.45804957721228995,1
120442,2012-09-25,0.46546257583040374,0
120443,2012-09-25,0.34925828271226395,1
120444,2012-09-25,0.3009011369511539,0
120445,2012-09-25,0.5842829274400064,1
120446,2012-09-25,0.4745768946363883,0
120447,2012-09-25,0.3719665842839573,0
120448,2012-09-25,0.24303128818163913,0
120449,2012-09-25,0.30841443423753434,1
120450,2012-09-25,0.30708239200872833,0
120451,2012-09-26,0.5130015281874767,1
120452,2012-09-26,0.3032101660969122,1
120453,2012-09-26,0.2879635778936104,0
120454,2012-09-26,0.18301188830416815,1
120455,2012-09-26,0.43414738473345604,0
120456,2012-09-26,0.4207385251547315,1
120457,2012-09-26,0.23308092659235438,1
120458,2012-09-26,0.3413506783399434,0
120459,2012-09-26,0.21211792099032903,0
120460,2012-09-26,0.303296120188882,1
120461,2012-09-26,0.15607598631391909,0
120462,2012-09-26,0.378616084421437,0
120463,2012-09-26,0.34537589999519847,1
120464,2012-09-26,0.21969935985063518,0
120465,2012-09-26,0.4049587288678142,0
120466,2012-09-26,0.22335238495345713,0
120467,2012-09-26,0.6722577535211829,1
120468,2012-09-26,0.3675510724811404,1
120469,2012-09-26,0.3010264364024964,0
120470,2012-09-26,0.2898723442856454,0
120471,2012-09-26,0.33062081859353715,0
120472,2012-09-26,0.36227919026201877,0
120473,2012-09-26,0.4356588891287125,0
120474,2012-09-26,0.6132351280115724,1
120475,2012-09-26,0.3208341442571331,0
120476,2012-09-26,0.4250078293847203,0
120477,2012-09-26,0.27263318636246103,0
120478,2012-09-26,0.2320953784598336,0
120479,2012-09-26,0.2140006104569813,0
120480,2012-09-26,0.5151528468932713,0
120481,2012-09-26,0.26974535068900035,0
120482,2012-09-26,0.14168324761137385,0
120483,2012-09-26,0.3625159570411817,0
120484,2012-09-26,0.28845512900027004,0
120485,2012-09-26,0.5357342851465783,0
120486,2012-09-26,0.17850034090241493,0
120487,2012-09-26,0.5326772032434998,1
120488,2012-09-26,0.3726995233246131,0
120489,2012-09-26,0.5819735028427037,1
120490,2012-09-26,0.37753420906317076,0
120491,2012-09-26,0.3374898573606763,1
120492,2012-09-26,0.2627290965328119,0
120493,2012-09-26,0.21203959587493101,0
120494,2012-09-26,0.06938393717179295,0
120495,2012-09-26,0.5218720276552836,0
120496,2012-09-26,0.2804843795334512,1
120497,2012-09-26,0.1448578335717143,0
120498,2012-09-26,0.35331210311640454,1
120499,2012-09-26,0.457084344595478,1
120500,2012-09-26,0.2063054668961835,1
120501,2012-09-26,0.1900651659555575,1
120502,2012-09-26,0.4574650503796736,0
120503,2012-09-26,0.18588541358601038,0
120504,2012-09-26,0.16417765090583938,1
120505,2012-09-26,0.21822745460485024,0
120506,2012-09-26,0.268751143813316,0
120507,2012-09-26,0.514595708075906,0
120508,2012-09-26,0.11690001509448532,0
120509,2012-09-26,0.5200226662916831,0
120510,2012-09-26,0.36261809547402873,1
120511,2012-09-26,0.11290502747715182,0
120512,2012-09-26,0.3594985344152345,1
120513,2012-09-26,0.4843840226319955,1
120514,2012-09-26,0.46574590404952604,0
120515,2012-09-26,0.614047297482099,0
120516,2012-09-26,0.3493023063455126,0
120517,2012-09-26,0.363663102166895,0
120518,2012-09-26,0.264524845366262,0
120519,2012-09-26,0.5252361569645694,1
120520,2012-09-26,0.3623547253317341,0
120521,2012-09-26,0.5034535183892042,0
120522,2012-09-26,0.27367535946352983,0
120523,2012-09-26,0.5500513472365122,0
120524,2012-09-26,0.1355862568407318,0
120525,2012-09-26,0.4394793196696374,0
120526,2012-09-26,0.421883404226243,0
120527,2012-09-26,0.5147239387348045,1
120528,2012-09-26,0.2828846904971449,1
120529,2012-09-26,0.40827868994561917,0
120530,2012-09-26,0.330872608577317,0
120531,2012-09-26,0.23078239849218976,0
120532,2012-09-26,0.6022511688300999,1
120533,2012-09-26,0.7100018859141416,0
120534,2012-09-26,0.16600499530982604,0
120535,2012-09-26,0.09949107492783239,0
120536,2012-09-26,0.16277088191363556,0
120537,2012-09-26,0.3965923340994909,0
120538,2012-09-26,0.5578615698997419,0
120539,2012-09-26,0.3191407515940838,0
120540,2012-09-26,0.24297402985752342,0
120541,2012-09-26,0.3748176305556787,0
120542,2012-09-26,0.2583583126612623,0
120543,2012-09-26,0.3632248580113654,0
120544,2012-09-26,0.3796928046837201,1
120545,2012-09-26,0.43242523942521155,0
120546,2012-09-26,0.39596881999025013,0
120547,2012-09-26,0.2518390750639369,0
120548,2012-09-26,0.3178862255423628,0
120549,2012-09-26,0.3344235517237497,0
120550,2012-09-26,0.1688871584491952,0
120551,2012-09-26,0.5004651004744298,0
120552,2012-09-26,0.2928000552977736,0
120553,2012-09-26,0.2777766819214365,0
120554,2012-09-26,0.19309009518878467,0
120555,2012-09-26,0.35987992437629446,1
120556,2012-09-26,0.2727233261165333,0
120557,2012-09-26,0.4591926599965886,0
120558,2012-09-26,0.23162977254605546,0
120559,2012-09-26,0.5576173691048358,0
120560,2012-09-26,0.2872049387717883,0
120561,2012-09-26,0.16966398769260738,1
120562,2012-09-26,0.3289665355761362,1
120563,2012-09-26,0.41188179985051687,0
120564,2012-09-26,0.38375790571684937,0
120565,2012-09-26,0.336508925007542,0
120566,2012-09-26,0.42696349712083476,1
120567,2012-09-26,0.6274693507853162,1
120568,2012-09-26,0.39666189726756373,0
120569,2012-09-26,0.32494505306743365,0
120570,2012-09-26,0.5450016734132322,0
120571,2012-09-26,0.17972041020923532,0
120572,2012-09-26,0.4542267955896639,1
120573,2012-09-26,0.24088413164927486,1
120574,2012-09-26,0.5224517036335412,0
120575,2012-09-26,0.36423169929965055,1
120576,2012-09-26,0.49818901806181853,0
120577,2012-09-26,0.1317930231655782,0
120578,2012-09-26,0.17443349671168726,0
120579,2012-09-26,0.28428623578096096,0
120580,2012-09-26,0.08777723357143753,0
120581,2012-09-26,0.4134166912177654,0
120582,2012-09-26,0.3386871766493529,0
120583,2012-09-26,0.5118099361915059,1
120584,2012-09-26,0.4289782867865938,0
120585,2012-09-26,0.46065945237256084,0
120586,2012-09-26,0.5944286949787245,0
120587,2012-09-26,0.2606649625961503,0
120588,2012-09-26,0.45984809243854713,0
120589,2012-09-26,0.3632972353193623,1
120590,2012-09-26,0.3804051490602361,1
120591,2012-09-26,0.4172546285701618,0
120592,2012-09-26,0.39806433435402044,0
120593,2012-09-26,0.31708228733709537,0
120594,2012-09-26,0.6469186016955275,1
120595,2012-09-26,0.3122566109187964,1
120596,2012-09-26,0.1984227292576772,0
120597,2012-09-26,0.19540474081202813,0
120598,2012-09-26,0.3318181309717104,0
120599,2012-09-26,0.32326015820720766,0
120600,2012-09-26,0.4885816029747424,0
120601,2012-09-26,0.23708905179116938,0
120602,2012-09-26,0.3848773950788526,0
120603,2012-09-26,0.30564338942860053,1
120604,2012-09-26,0.3550439209329055,0
120605,2012-09-26,0.11700272896719285,1
120606,2012-09-26,0.4531629481537727,1
120607,2012-09-26,0.4895862308344704,1
120608,2012-09-26,0.22932413350617564,0
120609,2012-09-26,0.4406571205842385,1
120610,2012-09-26,0.4341609147196063,0
120611,2012-09-26,0.2994461755865559,0
120612,2012-09-26,0.22905636372019553,1
120613,2012-09-26,0.29421550468076946,0
120614,2012-09-26,0.4045300416452448,0
120615,2012-09-26,0.4329604734378501,1
120616,2012-09-26,0.6243863343304429,0
120617,2012-09-26,0.23047803148089072,0
120618,2012-09-26,0.3557715181610609,0
120619,2012-09-26,0.23531758025590435,0
120620,2012-09-26,0.2911444335954925,0
120621,2012-09-26,0.1843328198519049,0
120622,2012-09-26,0.3624917749065876,0
120623,2012-09-26,0.25882588076324964,1
120624,2012-09-26,0.27158751676580206,0
120625,2012-09-26,0.24243113166526575,0
120626,2012-09-26,0.4812474929603862,0
120627,2012-09-26,0.38821631093328374,1
120628,2012-09-26,0.4327708057214293,1
120629,2012-09-26,0.329206910736658,0
120630,2012-09-26,0.41202850672107444,0
120631,2012-09-26,0.22874820409693708,0
120632,2012-09-26,0.5360464247434508,0
120633,2012-09-26,0.27158140928169183,1
120634,2012-09-26,0.25883387434707283,1
120635,2012-09-26,0.44394984773986773,1
120636,2012-09-26,0.39433034313655907,0
120637,2012-09-26,0.3748075610199774,0
120638,2012-09-26,0.3344267583413917,0
120639,2012-09-26,0.49789351714648883,0
120640,2012-09-26,0.2841332752887731,1
120641,2012-09-26,0.2132087531678223,0
120642,2012-09-26,0.6970264887001854,0
120643,2012-09-26,0.27563044910648743,0
120644,2012-09-26,0.17558291332492929,0
120645,2012-09-26,0.12095376948077052,0
120646,2012-09-26,0.4794343876358725,0
120647,2012-09-26,0.39626302947529524,1
120648,2012-09-26,0.15265569776235424,0
120649,2012-09-26,0.42232701502653797,1
120650,2012-09-26,0.5280324424857263,1
120651,2012-09-26,0.500763711225983,1
120652,2012-09-26,0.3672380072325497,0
120653,2012-09-26,0.24130431506347466,0
120654,2012-09-26,0.3587032436675565,0
120655,2012-09-26,0.44444362627204276,1
120656,2012-09-26,0.37869117981974626,0
120657,2012-09-26,0.6070970880619104,0
120658,2012-09-26,0.1562799269341801,0
120659,2012-09-26,0.5264382475168103,0
120660,2012-09-26,0.4538646202065482,0
120661,2012-09-26,0.4961572275223839,0
120662,2012-09-26,0.3625757992915154,0
120663,2012-09-26,0.41657276197517196,0
120664,2012-09-26,0.34860449482777517,0
120665,2012-09-26,0.25737174089280923,0
120666,2012-09-26,0.36572276006730947,0
120667,2012-09-26,0.22413787743640934,0
120668,2012-09-26,0.4660726589826192,0
120669,2012-09-26,0.5658807475816263,1
120670,2012-09-26,0.3152974666159127,0
120671,2012-09-26,0.2520112551606807,0
120672,2012-09-26,0.37052031669664837,0
120673,2012-09-26,0.15724730629273018,0
120674,2012-09-26,0.24616968917171828,0
120675,2012-09-26,0.38406970971457166,0
120676,2012-09-26,0.2534287892689194,1
120677,2012-09-26,0.26757017041975817,0
120678,2012-09-26,0.46607973579173795,0
120679,2012-09-26,0.5133436525550525,1
120680,2012-09-26,0.26372610058642093,0
120681,2012-09-26,0.3274143641608872,0
120682,2012-09-26,0.19031612960273092,0
120683,2012-09-26,0.28004969976710875,0
120684,2012-09-26,0.24996052486851553,0
120685,2012-09-26,0.43838353822093057,0
120686,2012-09-26,0.381806148051588,1
120687,2012-09-26,0.18915194954348702,0
120688,2012-09-26,0.5110153232903091,0
120689,2012-09-26,0.5099679601051634,1
120690,2012-09-26,0.47573143623949177,1
120691,2012-09-26,0.23921928537993262,0
120692,2012-09-26,0.19643488017620409,0
120693,2012-09-26,0.45585948023224915,1
120694,2012-09-26,0.3921804509694256,0
120695,2012-09-26,0.23187757251858618,0
120696,2012-09-26,0.23264920715440757,0
120697,2012-09-26,0.07631103633702194,0
120698,2012-09-26,0.5147893046081036,1
120699,2012-09-26,0.1981594743040573,0
120700,2012-09-26,0.3844345408192355,1
120701,2012-09-26,0.4041601408498846,1
120702,2012-09-26,0.17033891492590889,0
120703,2012-09-26,0.47393137797103346,1
120704,2012-09-26,0.29863967636588223,0
120705,2012-09-26,0.46352709244981066,0
120706,2012-09-26,0.36576506057959896,0
120707,2012-09-26,0.28957105275459066,0
120708,2012-09-26,0.18185815377497605,1
120709,2012-09-26,0.5006706055506283,1
120710,2012-09-26,0.34820579540184304,0
120711,2012-09-26,0.41494440547767397,1
120712,2012-09-26,0.19581694541174274,0
120713,2012-09-26,0.2249951750776732,1
120714,2012-09-26,0.36197370230354364,1
120715,2012-09-26,0.34846902157943577,0
120716,2012-09-26,0.5167503730267833,0
120717,2012-09-26,0.4153472575437088,1
120718,2012-09-26,0.11072121782627295,0
120719,2012-09-26,0.47906063594845666,1
120720,2012-09-26,0.4318064023854964,1
120721,2012-09-26,0.4258826594664794,0
120722,2012-09-26,0.4364751064824346,0
120723,2012-09-26,0.20368138748451695,0
120724,2012-09-26,0.5671198013210452,0
120725,2012-09-26,0.34961681302992487,0
120726,2012-09-26,0.23619578454079435,1
120727,2012-09-26,0.4982648953284609,0
120728,2012-09-26,0.6238988781847157,1
120729,2012-09-26,0.14929222785510404,0
120730,2012-09-26,0.4287986155005945,1
120731,2012-09-26,0.5476038936611262,0
120732,2012-09-26,0.23239337690115044,0
120733,2012-09-26,0.588606334389726,1
120734,2012-09-26,0.3111008950245819,0
120735,2012-09-26,0.18569820451899513,0
120736,2012-09-26,0.4448606165688408,0
120737,2012-09-26,0.38512121993563814,0
120738,2012-09-26,0.30448560688271625,0
120739,2012-09-26,0.40773316483171307,0
120740,2012-09-26,0.4556129313747035,1
120741,2012-09-26,0.2833646093971186,0
120742,2012-09-26,0.29157176337806023,0
120743,2012-09-26,0.24954399602189115,0
120744,2012-09-26,0.1817760944107171,0
120745,2012-09-26,0.37322314378073823,1
120746,2012-09-26,0.21741496941481886,0
120747,2012-09-26,0.20795501177988038,0
120748,2012-09-26,0.28458632066147466,0
120749,2012-09-26,0.41727065596443985,0
120750,2012-09-26,0.4411398031139516,1
120751,2012-09-26,0.39373225093991754,0
120752,2012-09-26,0.38134976899373924,0
120753,2012-09-26,0.2655595030782342,0
120754,2012-09-26,0.3372776159191077,0
120755,2012-09-26,0.21979981602073445,0
120756,2012-09-26,0.599622383140011,0
120757,2012-09-26,0.39374222683591487,0
120758,2012-09-26,0.17451692036134064,0
120759,2012-09-26,0.3495040318344532,0
120760,2012-09-26,0.4770643965941032,1
120761,2012-09-26,0.34688293405842174,0
120762,2012-09-26,0.4093460005635887,0
120763,2012-09-26,0.485739771077745,0
120764,2012-09-26,0.39662580889444415,1
120765,2012-09-26,0.23802936445880116,0
120766,2012-09-26,0.31146868834609487,1
120767,2012-09-26,0.32868032877768827,0
120768,2012-09-26,0.44513669209370826,1
120769,2012-09-26,0.5244231190698251,0
120770,2012-09-26,0.3597417968482489,0
120771,2012-09-26,0.29893620898621204,0
120772,2012-09-26,0.25611804310185127,0
120773,2012-09-26,0.3750293385806182,0
120774,2012-09-26,0.7040847942918046,1
120775,2012-09-26,0.1271312661696785,0
120776,2012-09-26,0.5970768680338908,0
120777,2012-09-26,0.16483359556947963,0
120778,2012-09-26,0.2555094784132045,0
120779,2012-09-26,0.4279639264447984,0
120780,2012-09-26,0.3758723701938967,0
120781,2012-09-26,0.27440085678177173,0
120782,2012-09-26,0.2307032170762124,0
120783,2012-09-26,0.5699220338016754,0
120784,2012-09-26,0.3223460005685701,0
120785,2012-09-26,0.39688302001298087,1
120786,2012-09-26,0.36235085200429745,0
120787,2012-09-26,0.45561784992971993,1
120788,2012-09-26,0.5197831913709482,1
120789,2012-09-26,0.2850302172840285,0
120790,2012-09-26,0.2488590262978543,0
120791,2012-09-26,0.5034773591000539,0
120792,2012-09-26,0.13242023434688588,0
120793,2012-09-26,0.24461745199841656,0
120794,2012-09-26,0.3588329809366012,1
120795,2012-09-26,0.37554759679990013,0
120796,2012-09-26,0.42140876386141374,0
120797,2012-09-26,0.3079742759771453,0
120798,2012-09-26,0.1707969830322326,0
120799,2012-09-26,0.41570817954386463,1
120800,2012-09-26,0.5032194448573369,0
120801,2012-09-26,0.628366288056892,0
120802,2012-09-26,0.30499064719011815,1
120803,2012-09-26,0.38377235223033473,1
120804,2012-09-26,0.10389790445155356,0
120805,2012-09-26,0.25505321793644,1
120806,2012-09-26,0.1685284174643251,0
120807,2012-09-26,0.47851902353814646,1
120808,2012-09-26,0.43502544833977635,1
120809,2012-09-26,0.07379723624088515,0
120810,2012-09-26,0.4249432649489345,0
120811,2012-09-26,0.29447509608372935,0
120812,2012-09-26,0.6152816290397124,1
120813,2012-09-26,0.14598281430493795,0
120814,2012-09-26,0.4508807970604837,0
120815,2012-09-26,0.34162051637281143,1
120816,2012-09-26,0.29553796641649593,1
120817,2012-09-26,0.4088761883013981,0
120818,2012-09-26,0.5154125101315866,1
120819,2012-09-26,0.4330678304563266,1
120820,2012-09-26,0.6441056821557065,1
120821,2012-09-26,0.4492923773826592,0
120822,2012-09-26,0.1258919315636863,0
120823,2012-09-26,0.34558989765417175,0
120824,2012-09-26,0.37267243195750566,1
120825,2012-09-26,0.6311319601245806,0
120826,2012-09-26,0.418850108732522,0
120827,2012-09-26,0.32602999901471613,0
120828,2012-09-26,0.33821889244094155,0
120829,2012-09-26,0.4068870254280753,1
120830,2012-09-26,0.5028864738556476,0
120831,2012-09-26,0.4207041794124731,1
120832,2012-09-26,0.26467796371813374,0
120833,2012-09-26,0.3690723896217644,1
120834,2012-09-26,0.40372929839520916,0
120835,2012-09-26,0.30038584767477655,1
120836,2012-09-26,0.5419770341093633,0
120837,2012-09-26,0.32171169674062416,1
120838,2012-09-26,0.3697800645502039,1
120839,2012-09-26,0.419691590999567,0
120840,2012-09-26,0.478145795683282,0
120841,2012-09-26,0.1542536746030435,0
120842,2012-09-26,0.2673912818914101,0
120843,2012-09-26,0.45214022032830165,0
120844,2012-09-26,0.3127800549860337,1
120845,2012-09-26,0.21718106942031895,0
120846,2012-09-26,0.5499889010655361,1
120847,2012-09-26,0.24942596514904097,0
120848,2012-09-26,0.501674012242569,0
120849,2012-09-26,0.4718622767660715,0
120850,2012-09-26,0.3465803729014392,0
120851,2012-09-26,0.2811399070147779,1
120852,2012-09-26,0.26061856325834787,0
120853,2012-09-26,0.2072872543478792,0
120854,2012-09-26,0.46678816385465305,1
120855,2012-09-26,0.23174323127091218,0
120856,2012-09-26,0.3534314001262789,1
120857,2012-09-26,0.4755817814548496,0
120858,2012-09-26,0.2717148584482911,0
120859,2012-09-26,0.22261154175587045,0
120860,2012-09-26,0.4549775944816117,1
120861,2012-09-26,0.3911367525576508,0
120862,2012-09-26,0.3967379911549838,1
120863,2012-09-26,0.3630370182603697,1
120864,2012-09-26,0.4395601162272803,0
120865,2012-09-26,0.41656173477722996,0
120866,2012-09-26,0.4485737124585987,0
120867,2012-09-26,0.3433370869245889,0
120868,2012-09-26,0.27401261888162487,0
120869,2012-09-27,0.5799285604889536,0
120870,2012-09-27,0.29156982647322605,0
120871,2012-09-27,0.21063864932455165,0
120872,2012-09-27,0.16513272422401837,0
120873,2012-09-27,0.2722598103866461,0
120874,2012-09-27,0.2710294219908546,0
120875,2012-09-27,0.28818314982656,0
120876,2012-09-27,0.3096643862551047,0
120877,2012-09-27,0.5715665711583724,0
120878,2012-09-27,0.3789587472569484,0
120879,2012-09-27,0.6467230618967786,1
120880,2012-09-27,0.3423201395331254,1
120881,2012-09-27,0.3580932862726696,1
120882,2012-09-27,0.23003598882228568,1
120883,2012-09-27,0.26275744777717724,0
120884,2012-09-27,0.25820440073299,0
120885,2012-09-27,0.43102750985650135,1
120886,2012-09-27,0.6396158393819621,0
120887,2012-09-27,0.18037254671716021,0
120888,2012-09-27,0.38714541056037755,0
120889,2012-09-27,0.29686344380649526,1
120890,2012-09-27,0.7081573154038079,0
120891,2012-09-27,0.33488804422919527,1
120892,2012-09-27,0.4417441806159061,0
120893,2012-09-27,0.4152420324208008,1
120894,2012-09-27,0.319594638697201,1
120895,2012-09-27,0.2792011534559947,0
120896,2012-09-27,0.10069549300290977,1
120897,2012-09-27,0.3880563918849742,0
120898,2012-09-27,0.31581803498592936,0
120899,2012-09-27,0.15556954473420603,0
120900,2012-09-27,0.34593401523370876,0
120901,2012-09-27,0.46274654758602246,1
120902,2012-09-27,0.3437849248115992,0
120903,2012-09-27,0.44668981638264305,0
120904,2012-09-27,0.2934188931802216,0
120905,2012-09-27,0.41059665762457104,1
120906,2012-09-27,0.2981571197960244,0
120907,2012-09-27,0.3334422010452669,0
120908,2012-09-27,0.5441856731850374,0
120909,2012-09-27,0.4497067619405167,1
120910,2012-09-27,0.5247969316654074,0
120911,2012-09-27,0.2415942813322348,0
120912,2012-09-27,0.31832825069174514,0
120913,2012-09-27,0.35180999929262474,0
120914,2012-09-27,0.14118528503896374,0
120915,2012-09-27,0.3221050208390827,0
120916,2012-09-27,0.41409137192441203,0
120917,2012-09-27,0.674321726313368,1
120918,2012-09-27,0.49429017829495947,0
120919,2012-09-27,0.5443380629158929,1
120920,2012-09-27,0.2787845444185546,0
120921,2012-09-27,0.3887774818229648,0
120922,2012-09-27,0.3654797081355528,0
120923,2012-09-27,0.39084210823914917,0
120924,2012-09-27,0.5593874816821792,0
120925,2012-09-27,0.1609383077202011,0
120926,2012-09-27,0.32849860093512095,0
120927,2012-09-27,0.13870282660558994,0
120928,2012-09-27,0.2514347813771126,0
120929,2012-09-27,0.3889381829982501,0
120930,2012-09-27,0.26414619746008294,1
120931,2012-09-27,0.19875506720357858,0
120932,2012-09-27,0.5718146337412502,1
120933,2012-09-27,0.4014718167348696,0
120934,2012-09-27,0.35797099579081226,0
120935,2012-09-27,0.5794181462213926,1
120936,2012-09-27,0.3962724489106283,0
120937,2012-09-27,0.2641262007033311,1
120938,2012-09-27,0.4999372882115143,0
120939,2012-09-27,0.24312642468417914,0
120940,2012-09-27,0.2856664505603069,0
120941,2012-09-27,0.7243338172801689,0
120942,2012-09-27,0.2784930775990039,0
120943,2012-09-27,0.4498722666474405,1
120944,2012-09-27,0.2824283735728346,0
120945,2012-09-27,0.357073810550578,0
120946,2012-09-27,0.3127703455393296,0
120947,2012-09-27,0.2939566437020146,0
120948,2012-09-27,0.16337138764310438,0
120949,2012-09-27,0.3330113928633431,0
120950,2012-09-27,0.2165363155650031,0
120951,2012-09-27,0.34507388997819505,0
120952,2012-09-27,0.4182213582353623,1
120953,2012-09-27,0.17900829774164861,0
120954,2012-09-27,0.3544593264122942,1
120955,2012-09-27,0.24802425942358738,0
120956,2012-09-27,0.29000929592746894,0
120957,2012-09-27,0.22005984928108063,0
120958,2012-09-27,0.49089418206148605,0
120959,2012-09-27,0.36082098023579406,1
120960,2012-09-27,0.2099627660173029,0
120961,2012-09-27,0.374641986734759,0
120962,2012-09-27,0.35290460758844183,0
120963,2012-09-27,0.13874458023360414,0
120964,2012-09-27,0.31518038740755744,0
120965,2012-09-27,0.16921078644028711,1
120966,2012-09-27,0.6886510627547101,1
120967,2012-09-27,0.41900014185472567,1
120968,2012-09-27,0.28085400667386684,0
120969,2012-09-27,0.527194536659852,1
120970,2012-09-27,0.3079380725928911,0
120971,2012-09-27,0.3978358937261483,0
120972,2012-09-27,0.1963694474326882,0
120973,2012-09-27,0.11835266533883095,0
120974,2012-09-27,0.2855700049557373,0
120975,2012-09-27,0.22766246758366313,0
120976,2012-09-27,0.44466837559482636,0
120977,2012-09-27,0.3239483941302462,0
120978,2012-09-27,0.3087407005047267,0
120979,2012-09-27,0.2060528472635654,0
120980,2012-09-27,0.3631730836282375,1
120981,2012-09-27,0.20839314813619472,0
120982,2012-09-27,0.2978417366147059,0
120983,2012-09-27,0.6308455733844884,1
120984,2012-09-27,0.23848004202432715,0
120985,2012-09-27,0.4985844717711051,0
120986,2012-09-27,0.37354909764823524,0
120987,2012-09-27,0.30484699025701606,1
120988,2012-09-27,0.36887992541819786,0
120989,2012-09-27,0.5358270860538161,1
120990,2012-09-27,0.34342764865209335,0
120991,2012-09-27,0.25549851106091187,0
120992,2012-09-27,0.29441992453840526,0
120993,2012-09-27,0.49497017127723203,1
120994,2012-09-27,0.36699823197350995,1
120995,2012-09-27,0.5107013009473538,1
120996,2012-09-27,0.23631475308421468,0
120997,2012-09-27,0.3003861060514956,1
120998,2012-09-27,0.4423337188636227,0
120999,2012-09-27,0.1948590144680663,0
121000,2012-09-27,0.4458374662626704,0
121001,2012-09-27,0.2712842447031282,0
121002,2012-09-27,0.48934814125045273,0
121003,2012-09-27,0.4276692234978023,0
121004,2012-09-27,0.4914498869472807,1
121005,2012-09-27,0.3412436575540851,0
121006,2012-09-27,0.554762716917824,1
121007,2012-09-27,0.12133939298735069,0
121008,2012-09-27,0.350982683287986,0
121009,2012-09-27,0.28432276869682177,0
121010,2012-09-27,0.2822643318397687,0
121011,2012-09-27,0.48359101318717707,1
121012,2012-09-27,0.4413386372301128,1
121013,2012-09-27,0.4257606621103521,1
121014,2012-09-27,0.24942075942594186,0
121015,2012-09-27,0.25242950303451955,0
121016,2012-09-27,0.31941826086677944,0
121017,2012-09-27,0.2579773357652465,0
121018,2012-09-27,0.25031794436778254,0
121019,2012-09-27,0.16556381000936707,0
121020,2012-09-27,0.48520532451628967,0
121021,2012-09-27,0.3027371848921884,0
121022,2012-09-27,0.428066161150323,1
121023,2012-09-27,0.2736750621911611,0
121024,2012-09-27,0.4660737436656133,0
121025,2012-09-27,0.4290433305944832,1
121026,2012-09-27,0.32339059092338907,0
121027,2012-09-27,0.5151961985952509,0
121028,2012-09-27,0.11008932865344954,0
121029,2012-09-27,0.6343690945616507,0
121030,2012-09-27,0.3705597406023709,0
121031,2012-09-27,0.15933155484543443,0
121032,2012-09-27,0.3455877836321005,0
121033,2012-09-27,0.4068827615417278,1
121034,2012-09-27,0.3146881359761462,0
121035,2012-09-27,0.3773926430708259,1
121036,2012-09-27,0.13971947484557665,0
121037,2012-09-27,0.2968841943868685,0
121038,2012-09-27,0.49722987129807794,0
121039,2012-09-27,0.3063997117286754,1
121040,2012-09-27,0.4256688924307725,0
121041,2012-09-27,0.3701155045378094,0
121042,2012-09-27,0.22934522554391698,1
121043,2012-09-27,0.25685385405474287,0
121044,2012-09-27,0.47034704373236025,1
121045,2012-09-27,0.4594749682138009,1
121046,2012-09-27,0.27253895054152283,0
121047,2012-09-27,0.25712377676650405,0
121048,2012-09-27,0.22843517362571022,0
121049,2012-09-27,0.3519334798854425,0
121050,2012-09-27,0.2134944575534406,1
121051,2012-09-27,0.4765584274574098,0
121052,2012-09-27,0.3305619996176648,1
121053,2012-09-27,0.5242582670205523,1
121054,2012-09-27,0.48353351427440944,0
121055,2012-09-27,0.46114342896754573,0
121056,2012-09-27,0.43914794157087383,1
121057,2012-09-27,0.3025879168502936,1
121058,2012-09-27,0.3994336427559794,0
121059,2012-09-27,0.32365144218298547,1
121060,2012-09-27,0.4645442756178126,1
121061,2012-09-27,0.14053032990752645,0
121062,2012-09-27,0.22372371897009916,0
121063,2012-09-27,0.37922567517887396,1
121064,2012-09-27,0.4429623552392097,0
121065,2012-09-27,0.324940939204757,0
121066,2012-09-27,0.3162513178864156,1
121067,2012-09-27,0.4481559603439386,0
121068,2012-09-27,0.5932826319461477,0
121069,2012-09-27,0.2580516647111864,1
121070,2012-09-27,0.36676101529237015,1
121071,2012-09-27,0.3899803933119077,1
121072,2012-09-27,0.4733879217820647,1
121073,2012-09-27,0.3204274540920405,0
121074,2012-09-27,0.23053743399765608,0
121075,2012-09-27,0.46263849107837124,1
121076,2012-09-27,0.6111023879881567,0
121077,2012-09-27,0.3916099612987922,0
121078,2012-09-27,0.3286896461295458,0
121079,2012-09-27,0.5008807161076482,1
121080,2012-09-27,0.7282583964643562,1
121081,2012-09-27,0.1943662076305848,0
121082,2012-09-27,0.4141992225509757,1
121083,2012-09-27,0.16670756340230644,0
121084,2012-09-27,0.29084284313501646,0
121085,2012-09-27,0.42822989763892977,0
121086,2012-09-27,0.39282981023370017,1
121087,2012-09-27,0.38944720714072645,0
121088,2012-09-27,0.2761685792811937,0
121089,2012-09-27,0.27553664566971164,1
121090,2012-09-27,0.20590283708305682,0
121091,2012-09-27,0.1770785389165187,0
121092,2012-09-27,0.18502515668196196,0
121093,2012-09-27,0.3607807599450939,0
121094,2012-09-27,0.21813230483625395,0
121095,2012-09-27,0.31270182193989116,0
121096,2012-09-27,0.3478240089718646,0
121097,2012-09-27,0.35041336485298835,0
121098,2012-09-27,0.41440947104584497,0
121099,2012-09-27,0.24183161341515846,0
121100,2012-09-27,0.38045082991123497,0
121101,2012-09-27,0.18055265918321886,0
121102,2012-09-27,0.4540355419775003,1
121103,2012-09-27,0.43111504815827895,0
121104,2012-09-27,0.28685897114498166,0
121105,2012-09-27,0.327481115555688,0
121106,2012-09-27,0.21213644309261256,0
121107,2012-09-27,0.317804774293856,0
121108,2012-09-27,0.18575733817835496,0
121109,2012-09-27,0.3187062433748397,0
121110,2012-09-27,0.2515156895310091,1
121111,2012-09-27,0.457371835000898,0
121112,2012-09-27,0.3986581441890045,0
121113,2012-09-27,0.3854679854827856,0
121114,2012-09-27,0.40284238234708486,0
121115,2012-09-27,0.4831622842872258,0
121116,2012-09-27,0.4089962223940645,1
121117,2012-09-27,0.5610649206964533,1
121118,2012-09-27,0.20917850054652873,0
121119,2012-09-27,0.40227183131474364,1
121120,2012-09-27,0.30080047981036523,0
121121,2012-09-27,0.455564433538159,1
121122,2012-09-27,0.23668880630976885,0
121123,2012-09-27,0.32638199113959,0
121124,2012-09-27,0.2608143984331899,0
121125,2012-09-27,0.5695041274287117,0
121126,2012-09-27,0.21191502178944774,1
121127,2012-09-27,0.6634001188464864,1
121128,2012-09-27,0.554941137202272,1
121129,2012-09-27,0.33943424544244877,0
121130,2012-09-27,0.5517352641112508,1
121131,2012-09-27,0.2510057980203445,1
121132,2012-09-27,0.5260890486473492,1
121133,2012-09-27,0.5075519151723392,0
121134,2012-09-27,0.45675367575101167,1
121135,2012-09-27,0.33695746293435463,0
121136,2012-09-27,0.4036779962865034,1
121137,2012-09-27,0.4001432425101582,1
121138,2012-09-27,0.3879250913736081,0
121139,2012-09-27,0.34308407048150363,0
121140,2012-09-27,0.3080793745801413,0
121141,2012-09-27,0.37080718531737966,0
121142,2012-09-27,0.2525629130139512,0
121143,2012-09-27,0.4322377650857561,0
121144,2012-09-27,0.24562660679556103,1
121145,2012-09-27,0.2958331269450347,0
121146,2012-09-27,0.16184543665770645,0
121147,2012-09-27,0.30934377925648743,0
121148,2012-09-27,0.38143551444094,1
121149,2012-09-27,0.36414187153144545,0
121150,2012-09-27,0.2746286199429839,1
121151,2012-09-27,0.279455187497162,0
121152,2012-09-27,0.3650301589092995,0
121153,2012-09-27,0.6489599126875677,1
121154,2012-09-27,0.33858884861521754,1
121155,2012-09-27,0.29035354929844764,0
121156,2012-09-27,0.26100275087537766,1
121157,2012-09-27,0.3727593251579969,0
121158,2012-09-27,0.6117765399258984,0
121159,2012-09-27,0.3809869828868632,1
121160,2012-09-27,0.20486697554607,0
121161,2012-09-27,0.428602583655933,0
121162,2012-09-27,0.6164349800835909,0
121163,2012-09-27,0.5700075559377618,1
121164,2012-09-27,0.30207211109670484,0
121165,2012-09-27,0.34735622373094416,1
121166,2012-09-27,0.3772453119815846,0
121167,2012-09-27,0.382161003570779,0
121168,2012-09-27,0.3216880648701702,0
121169,2012-09-27,0.45807238122497035,1
121170,2012-09-27,0.28730668355379235,0
121171,2012-09-27,0.3631980284349736,0
121172,2012-09-27,0.3336785503963063,0
121173,2012-09-27,0.4488063609645397,0
121174,2012-09-27,0.4630321280365259,1
121175,2012-09-27,0.3382228267933089,0
121176,2012-09-27,0.355037840604825,1
121177,2012-09-27,0.3566994272151928,0
121178,2012-09-27,0.473285378910263,0
121179,2012-09-27,0.3623481326647041,0
121180,2012-09-27,0.4742985103964021,1
121181,2012-09-27,0.5504607557147579,0
121182,2012-09-27,0.6420873283898614,1
121183,2012-09-27,0.37033619837005216,0
121184,2012-09-27,0.6078205669635838,1
121185,2012-09-27,0.3125257599655398,0
121186,2012-09-27,0.4078861676262855,0
121187,2012-09-27,0.14707296332593925,0
121188,2012-09-27,0.45605225476821903,1
121189,2012-09-27,0.47556366424578056,0
121190,2012-09-27,0.3943753776605972,1
121191,2012-09-27,0.47077671749313943,0
121192,2012-09-27,0.5204475982249107,0
121193,2012-09-27,0.34100007079385963,0
121194,2012-09-27,0.29890844724303417,1
121195,2012-09-27,0.5935238401815907,1
121196,2012-09-27,0.2715035788423064,0
121197,2012-09-27,0.3354377991356374,0
121198,2012-09-27,0.5523949419977905,0
121199,2012-09-27,0.40931480869527526,0
121200,2012-09-27,0.163045155473784,0
121201,2012-09-27,0.3583353179766673,0
121202,2012-09-27,0.4140658730772981,0
121203,2012-09-27,0.2684282806457089,0
121204,2012-09-27,0.519044602300569,0
121205,2012-09-27,0.5327258899249161,0
121206,2012-09-27,0.17231434997966366,0
121207,2012-09-27,0.3328405475094414,0
121208,2012-09-27,0.4476530840397523,0
121209,2012-09-27,0.34574610746002515,1
121210,2012-09-27,0.17763230383751635,0
121211,2012-09-27,0.2534629892408154,0
121212,2012-09-27,0.26988958804439206,1
121213,2012-09-27,0.524927523980249,0
121214,2012-09-27,0.3340354247942903,1
121215,2012-09-27,0.4451828809584594,0
121216,2012-09-27,0.42479719703223545,1
121217,2012-09-27,0.38485639082066375,0
121218,2012-09-27,0.36993383581111405,0
121219,2012-09-27,0.30713575132305865,0
121220,2012-09-27,0.5845509750546599,1
121221,2012-09-27,0.3983365482941959,0
121222,2012-09-27,0.2967656545866748,0
121223,2012-09-27,0.2998094139456835,0
121224,2012-09-27,0.3654500585073076,0
121225,2012-09-27,0.3660143493066493,0
121226,2012-09-27,0.47730839089764465,1
121227,2012-09-27,0.4395249223861361,0
121228,2012-09-27,0.32444889046097686,1
121229,2012-09-27,0.5810485529905203,1
121230,2012-09-27,0.2830546365908488,0
121231,2012-09-27,0.4018754298204452,1
121232,2012-09-27,0.492113871936222,1
121233,2012-09-27,0.3506334657051327,0
121234,2012-09-27,0.4655181536609935,1
121235,2012-09-27,0.3140184351665665,1
121236,2012-09-27,0.3442924029663691,1
121237,2012-09-27,0.44651304112597906,0
121238,2012-09-27,0.6568696969978793,0
121239,2012-09-27,0.35919401095824227,1
121240,2012-09-27,0.37994168956412144,0
121241,2012-09-27,0.5880607414805227,0
121242,2012-09-27,0.6605513786393477,1
121243,2012-09-27,0.5210405961527046,0
121244,2012-09-27,0.2968199474830008,0
121245,2012-09-27,0.5039589662438739,1
121246,2012-09-27,0.6160695402253857,0
121247,2012-09-27,0.6609676261874169,1
121248,2012-09-27,0.2562322739236176,0
121249,2012-09-27,0.41984495356888096,0
121250,2012-09-27,0.3949566381051768,1
121251,2012-09-27,0.43779798413909227,1
121252,2012-09-27,0.3215473845563676,0
121253,2012-09-27,0.406063275081434,0
121254,2012-09-27,0.22969002307756886,0
121255,2012-09-27,0.5826932185218219,0
121256,2012-09-27,0.27859210868384193,0
121257,2012-09-27,0.6198715816745992,0
121258,2012-09-27,0.2742651933485731,0
121259,2012-09-27,0.33828405496676034,0
121260,2012-09-27,0.61546103524246,1
121261,2012-09-27,0.31526355530043537,0
121262,2012-09-27,0.4532396683816396,1
121263,2012-09-27,0.2956038966396729,0
121264,2012-09-27,0.30738556114961396,0
121265,2012-09-27,0.34200817967749986,0
121266,2012-09-27,0.3321895260657684,0
121267,2012-09-27,0.24352856337351786,0
121268,2012-09-27,0.37106387970484817,1
121269,2012-09-27,0.23788852791675383,1
121270,2012-09-27,0.17423251879729482,0
121271,2012-09-27,0.2140114673996184,0
121272,2012-09-27,0.3671535191739662,0
121273,2012-09-27,0.33985024471265274,0
121274,2012-09-27,0.12470467428595368,1
121275,2012-09-27,0.27956174859160293,0
121276,2012-09-27,0.6245052717867439,1
121277,2012-09-27,0.3676515721557696,0
121278,2012-09-27,0.08013208616559153,0
121279,2012-09-27,0.3860145361843614,0
121280,2012-09-27,0.3649301352186644,1
121281,2012-09-27,0.1704968254576222,0
121282,2012-09-27,0.24749831137820547,0
121283,2012-09-27,0.38408997605525275,0
121284,2012-09-27,0.25137033151064847,0
121285,2012-09-27,0.4067313433451994,0
121286,2012-09-27,0.640879232368806,0
121287,2012-09-27,0.42146721968417294,0
121288,2012-09-27,0.5311097102485157,1
121289,2012-09-27,0.37031402091472493,0
121290,2012-09-27,0.4598836507142191,0
121291,2012-09-27,0.4581002348086349,1
121292,2012-09-27,0.4442937677935311,1
121293,2012-09-27,0.23774016973421122,0
121294,2012-09-27,0.2864014433361687,0
121295,2012-09-27,0.25295731129226584,0
121296,2012-09-27,0.2855182977637267,1
121297,2012-09-27,0.4577832120824229,0
121298,2012-09-27,0.34202116465786575,0
121299,2012-09-27,0.2682390941309412,1
121300,2012-09-27,0.5089161700287088,0
121301,2012-09-27,0.4088680760447642,1
121302,2012-09-27,0.46385221347395594,1
121303,2012-09-27,0.34203284737529666,0
121304,2012-09-27,0.4169893350794173,0
121305,2012-09-27,0.45278768933477487,0
121306,2012-09-27,0.47379589951156137,0
121307,2012-09-27,0.2950484701093791,0
121308,2012-09-27,0.415811113473557,0
121309,2012-09-27,0.494262600499108,0
121310,2012-09-27,0.3143828175127538,0
121311,2012-09-27,0.2691257859001283,0
121312,2012-09-27,0.267398152795726,1
121313,2012-09-27,0.5868370852512257,0
121314,2012-09-27,0.19443594169312559,0
121315,2012-09-27,0.3777188290979815,0
121316,2012-09-27,0.5557305336850163,1
121317,2012-09-27,0.2521501003298411,0
121318,2012-09-27,0.15814792113966547,0
121319,2012-09-27,0.26480288287110215,0
121320,2012-09-27,0.2435405038172464,0
121321,2012-09-27,0.17323292077362237,0
121322,2012-09-27,0.6559432916081883,1
121323,2012-09-27,0.18127082525163968,0
121324,2012-09-27,0.24398160066823119,1
121325,2012-09-27,0.14819617769120078,0
121326,2012-09-27,0.47324613536767696,0
121327,2012-09-27,0.564401327336736,0
121328,2012-09-27,0.3726267752198592,0
121329,2012-09-27,0.6050286664074533,1
121330,2012-09-27,0.385769647516147,0
121331,2012-09-27,0.38400819514689616,0
121332,2012-09-27,0.16358620408373506,0
121333,2012-09-27,0.4600915257046057,0
121334,2012-09-27,0.21710153586989134,0
121335,2012-09-27,0.13780818896448654,0
121336,2012-09-27,0.454615683006037,1
121337,2012-09-27,0.42349282965142626,0
121338,2012-09-27,0.22876516025093732,0
121339,2012-09-27,0.4600915645037219,0
121340,2012-09-27,0.430640252281035,0
121341,2012-09-27,0.41986456087340024,0
121342,2012-09-27,0.18258783583298274,0
121343,2012-09-27,0.3198168095033277,0
121344,2012-09-27,0.33713959955117734,0
121345,2012-09-27,0.29624410514824,0
121346,2012-09-27,0.38248205540280533,1
121347,2012-09-27,0.38771032432674424,1
121348,2012-09-27,0.4167393622939778,1
121349,2012-09-27,0.6733314042367636,0
121350,2012-09-27,0.4341962553292844,1
121351,2012-09-27,0.4328812945661166,1
121352,2012-09-27,0.5689507908742069,1
121353,2012-09-27,0.5869923713506358,0
121354,2012-09-27,0.5973886664892896,0
121355,2012-09-27,0.5520779909470179,0
121356,2012-09-27,0.30841758549896514,0
121357,2012-09-27,0.2357521979944835,0
121358,2012-09-27,0.4341403950311868,0
121359,2012-09-27,0.21335745479676466,1
121360,2012-09-27,0.3056277852362853,0
121361,2012-09-27,0.5036278080819016,0
121362,2012-09-27,0.28717370460771097,0
121363,2012-09-27,0.4139677191277654,1
121364,2012-09-27,0.31765949584752684,0
121365,2012-09-27,0.414001065705447,0
121366,2012-09-27,0.5454867517944888,0
121367,2012-09-27,0.18751562079486925,0
121368,2012-09-27,0.3416161795119648,0
121369,2012-09-27,0.3366946633231843,0
121370,2012-09-27,0.4282208360176477,0
121371,2012-09-27,0.44117718871430756,0
121372,2012-09-27,0.4256728672760102,0
121373,2012-09-27,0.5363838321567058,0
121374,2012-09-27,0.45304376079033437,0
121375,2012-09-27,0.3414362715831146,0
121376,2012-09-27,0.13024815062791162,0
121377,2012-09-27,0.23087063802909485,0
121378,2012-09-27,0.21021982126479552,0
121379,2012-09-27,0.21377595059508697,0
121380,2012-09-27,0.28703646462380145,0
121381,2012-09-27,0.17185265549177675,1
121382,2012-09-27,0.2103796546060788,0
121383,2012-09-27,0.3230477502773166,1
121384,2012-09-27,0.25892400584936004,0
121385,2012-09-27,0.598464633823444,1
121386,2012-09-27,0.4591614403156227,0
121387,2012-09-27,0.2753203343379616,1
121388,2012-09-27,0.20637004601357856,0
121389,2012-09-27,0.21978259566315236,0
121390,2012-09-27,0.4567894617708379,1
121391,2012-09-27,0.2897550885846184,0
121392,2012-09-27,0.42260840650286763,0
121393,2012-09-27,0.38200441769315485,0
121394,2012-09-27,0.5853757628131989,1
121395,2012-09-27,0.39142834136229065,0
121396,2012-09-27,0.17483141340945113,0
121397,2012-09-27,0.47083855575420674,0
121398,2012-09-27,0.5912321700111562,0
121399,2012-09-27,0.5995111865153235,1
121400,2012-09-27,0.4665588376927471,1
121401,2012-09-27,0.3472973452718353,1
121402,2012-09-27,0.5038946508511463,1
121403,2012-09-27,0.5514177236239574,0
121404,2012-09-27,0.34259207803803826,1
121405,2012-09-27,0.3503344067102232,1
121406,2012-09-27,0.4045770824267014,0
121407,2012-09-27,0.3715230148275332,1
121408,2012-09-27,0.13909060479916868,0
121409,2012-09-27,0.3020825714054377,1
121410,2012-09-27,0.2346330199460219,0
121411,2012-09-27,0.4250918985889288,1
121412,2012-09-27,0.3054588263013159,0
121413,2012-09-27,0.3833084926745397,0
121414,2012-09-27,0.48122659551094804,1
121415,2012-09-27,0.45256631580087037,0
121416,2012-09-27,0.1498755029537526,0
121417,2012-09-27,0.2741326636343059,0
121418,2012-09-27,0.2283345931440321,0
121419,2012-09-27,0.3432407652790023,0
121420,2012-09-27,0.2216632124896201,0
121421,2012-09-27,0.5833246200567587,1
121422,2012-09-27,0.30403930035249477,0
121423,2012-09-27,0.3382371402687245,0
121424,2012-09-27,0.11204235102125536,0
121425,2012-09-27,0.14555147518428835,0
121426,2012-09-27,0.15943239163230527,0
121427,2012-09-27,0.30617131120975166,1
121428,2012-09-27,0.46600470598468763,0
121429,2012-09-27,0.45333821968868065,1
121430,2012-09-27,0.5336297440798099,0
121431,2012-09-27,0.4459457448938975,0
121432,2012-09-27,0.34479139600082415,0
121433,2012-09-28,0.15298756702515878,0
121434,2012-09-28,0.5433660735881937,0
121435,2012-09-28,0.4485639563545967,1
121436,2012-09-28,0.18253641347825053,0
121437,2012-09-28,0.2819397128060486,0
121438,2012-09-28,0.5600102265720439,1
121439,2012-09-28,0.2706186546639583,1
121440,2012-09-28,0.43154423683972154,1
121441,2012-09-28,0.3677366579287438,1
121442,2012-09-28,0.4033437359080049,1
121443,2012-09-28,0.24270156116765612,0
121444,2012-09-28,0.36205469657189243,0
121445,2012-09-28,0.31229300390672726,0
121446,2012-09-28,0.3592459555071908,0
121447,2012-09-28,0.29863907862219985,1
121448,2012-09-28,0.47586437003099064,0
121449,2012-09-28,0.18683202010767358,0
121450,2012-09-28,0.34254161333994054,1
121451,2012-09-28,0.4285469138950693,0
121452,2012-09-28,0.2835887976779284,0
121453,2012-09-28,0.262269199271044,0
121454,2012-09-28,0.2628264534205672,0
121455,2012-09-28,0.5392253109029995,0
121456,2012-09-28,0.48890053491414426,0
121457,2012-09-28,0.20672453066353408,0
121458,2012-09-28,0.34336535159775444,0
121459,2012-09-28,0.2966855070507351,0
121460,2012-09-28,0.3196014058817715,0
121461,2012-09-28,0.19870865428074258,0
121462,2012-09-28,0.3075486070344786,0
121463,2012-09-28,0.3625169062665516,0
121464,2012-09-28,0.41067943092267156,1
121465,2012-09-28,0.35835458970081885,0
121466,2012-09-28,0.4973697759550818,0
121467,2012-09-28,0.4790667838964211,0
121468,2012-09-28,0.4406900110393015,0
121469,2012-09-28,0.20947664518548595,0
121470,2012-09-28,0.18595340178464612,0
121471,2012-09-28,0.09918683285043818,0
121472,2012-09-28,0.3368907462419626,0
121473,2012-09-28,0.17307118481401965,0
121474,2012-09-28,0.32495767747323895,0
121475,2012-09-28,0.48729391017733964,0
121476,2012-09-28,0.4715995186475882,1
121477,2012-09-28,0.6202709199915412,0
121478,2012-09-28,0.4283606947248481,0
121479,2012-09-28,0.3947830153715806,0
121480,2012-09-28,0.20010112309512654,0
121481,2012-09-28,0.14950964754809604,0
121482,2012-09-28,0.18126638413939877,0
121483,2012-09-28,0.4325061083411133,1
121484,2012-09-28,0.5316399504244974,0
121485,2012-09-28,0.5155258549513596,1
121486,2012-09-28,0.18236082990781133,0
121487,2012-09-28,0.42211432293459794,1
121488,2012-09-28,0.5259446681475557,0
121489,2012-09-28,0.26799156724529793,0
121490,2012-09-28,0.3140657594452862,1
121491,2012-09-28,0.23401725204947224,0
121492,2012-09-28,0.17223118163367132,0
121493,2012-09-28,0.23006735591979977,0
121494,2012-09-28,0.25259284916904984,0
121495,2012-09-28,0.18935656271698525,0
121496,2012-09-28,0.210946196753023,0
121497,2012-09-28,0.21550184041763454,1
121498,2012-09-28,0.3626858407525144,0
121499,2012-09-28,0.14994901546244502,0
121500,2012-09-28,0.6652677960469757,0
121501,2012-09-28,0.41914187954308885,1
121502,2012-09-28,0.16763189745289359,0
121503,2012-09-28,0.3501799965061147,0
121504,2012-09-28,0.20432652482898495,1
121505,2012-09-28,0.24728759175141857,0
121506,2012-09-28,0.19966750474432216,0
121507,2012-09-28,0.5612418719845919,1
121508,2012-09-28,0.31710715654984617,0
121509,2012-09-28,0.1468467345708542,0
121510,2012-09-28,0.5844098668986332,0
121511,2012-09-28,0.25632304185380056,0
121512,2012-09-28,0.490616940696453,0
121513,2012-09-28,0.4960734173690398,0
121514,2012-09-28,0.3295675516055163,1
121515,2012-09-28,0.32910950011238305,0
121516,2012-09-28,0.19020439052249075,0
121517,2012-09-28,0.3574907058987744,0
121518,2012-09-28,0.1614862476798409,0
121519,2012-09-28,0.2124813334160072,0
121520,2012-09-28,0.38980769732964926,1
121521,2012-09-28,0.5064112189125292,0
121522,2012-09-28,0.2689047149724791,0
121523,2012-09-28,0.3302464363858206,0
121524,2012-09-28,0.3775922206425839,0
121525,2012-09-28,0.18441795101399092,0
121526,2012-09-28,0.18656079646591742,0
121527,2012-09-28,0.34891935751693337,1
121528,2012-09-28,0.26049262864201145,1
121529,2012-09-28,0.5309851607095829,0
121530,2012-09-28,0.21624473836430175,0
121531,2012-09-28,0.43232613625037297,0
121532,2012-09-28,0.21705471071916083,0
121533,2012-09-28,0.3527215287338626,0
121534,2012-09-28,0.430746716931604,0
121535,2012-09-28,0.23831855017205622,0
121536,2012-09-28,0.3909297731884256,0
121537,2012-09-28,0.3883287355328259,0
121538,2012-09-28,0.4003109672212827,0
121539,2012-09-28,0.29856038937615775,0
121540,2012-09-28,0.31286457725551187,1
121541,2012-09-28,0.6064490710157135,0
121542,2012-09-28,0.43259971541606573,1
121543,2012-09-28,0.3803269205667681,1
121544,2012-09-28,0.41371609848100965,1
121545,2012-09-28,0.2423152990688812,0
121546,2012-09-28,0.43996908035167254,1
121547,2012-09-28,0.1909635998946418,0
121548,2012-09-28,0.458263479173343,0
121549,2012-09-28,0.2690975843970131,0
121550,2012-09-28,0.319050225493609,0
121551,2012-09-28,0.2885404245850261,0
121552,2012-09-28,0.2339477084845835,1
121553,2012-09-28,0.48364383598060956,1
121554,2012-09-28,0.4654473087396467,0
121555,2012-09-28,0.4438860763228794,1
121556,2012-09-28,0.24790259782031257,0
121557,2012-09-28,0.42836505695846966,0
121558,2012-09-28,0.5484066566429101,1
121559,2012-09-28,0.24594044912311314,0
121560,2012-09-28,0.26383002040813064,0
121561,2012-09-28,0.5320416452879453,1
121562,2012-09-28,0.2975397590119477,0
121563,2012-09-28,0.46062443091499267,1
121564,2012-09-28,0.38434030707138606,0
121565,2012-09-28,0.38563658268939327,1
121566,2012-09-28,0.20115794156534023,1
121567,2012-09-28,0.23529469605373643,0
121568,2012-09-28,0.43251324877485703,0
121569,2012-09-28,0.3050884273278602,0
121570,2012-09-28,0.42480259181558805,0
121571,2012-09-28,0.33884287772003246,0
121572,2012-09-28,0.2683319491981771,0
121573,2012-09-28,0.347781703978073,0
121574,2012-09-28,0.417622134123058,0
121575,2012-09-28,0.375669039588475,0
121576,2012-09-28,0.4645644357737575,0
121577,2012-09-28,0.192020597385692,1
121578,2012-09-28,0.27440989522477394,0
121579,2012-09-28,0.35249823867785995,0
121580,2012-09-28,0.6005511406329487,0
121581,2012-09-28,0.2743565604773357,0
121582,2012-09-28,0.4263655563985199,0
121583,2012-09-28,0.6043805846358613,1
121584,2012-09-28,0.22442661496926422,0
121585,2012-09-28,0.35032313645378826,1
121586,2012-09-28,0.3897480558609795,1
121587,2012-09-28,0.46465534367618,1
121588,2012-09-28,0.4360366490834732,1
121589,2012-09-28,0.42339175470453094,1
121590,2012-09-28,0.4883472558024546,1
121591,2012-09-28,0.32518525294328576,1
121592,2012-09-28,0.2943070400671424,1
121593,2012-09-28,0.5039083270006661,0
121594,2012-09-28,0.23866863584487003,0
121595,2012-09-28,0.5750186643871276,0
121596,2012-09-28,0.5848991417948773,0
121597,2012-09-28,0.39451936054419473,0
121598,2012-09-28,0.34939004180079364,0
121599,2012-09-28,0.3949810205377223,0
121600,2012-09-28,0.18596267320330923,0
121601,2012-09-28,0.18145946553554188,0
121602,2012-09-28,0.43774139789384003,0
121603,2012-09-28,0.36770969575392665,0
121604,2012-09-28,0.5141995125027569,1
121605,2012-09-28,0.5423156647933419,1
121606,2012-09-28,0.42415006918153975,1
121607,2012-09-28,0.4984974507966526,1
121608,2012-09-28,0.2614778845500307,0
121609,2012-09-28,0.30208065682251756,0
121610,2012-09-28,0.21387252282053565,0
121611,2012-09-28,0.5157610081503665,1
121612,2012-09-28,0.25179729823308344,1
121613,2012-09-28,0.3408774640889696,1
121614,2012-09-28,0.3634578345627097,0
121615,2012-09-28,0.33261410855393486,1
121616,2012-09-28,0.2491701361608065,0
121617,2012-09-28,0.4310497619027368,0
121618,2012-09-28,0.5039088463697455,1
121619,2012-09-28,0.28491907677509976,0
121620,2012-09-28,0.18084380077286935,0
121621,2012-09-28,0.29166484903884543,0
121622,2012-09-28,0.4251551790022062,0
121623,2012-09-28,0.35493182153575664,0
121624,2012-09-28,0.5317632688394942,0
121625,2012-09-28,0.34491007838043275,0
121626,2012-09-28,0.4014449645425362,1
121627,2012-09-28,0.62590679781872,1
121628,2012-09-28,0.4810544391098507,1
121629,2012-09-28,0.4178516869718639,0
121630,2012-09-28,0.4872690652811874,0
121631,2012-09-28,0.5357446796606136,0
121632,2012-09-28,0.3031120882903267,0
121633,2012-09-28,0.26202161806489416,0
121634,2012-09-28,0.31576222576262897,0
121635,2012-09-28,0.5260789051631639,1
121636,2012-09-28,0.35727932142555663,1
121637,2012-09-28,0.35017640270765565,0
121638,2012-09-28,0.5501211945084954,0
121639,2012-09-28,0.6165553052931346,1
121640,2012-09-28,0.5256623663265426,1
121641,2012-09-28,0.39711457239217723,0
121642,2012-09-28,0.5194588915589265,1
121643,2012-09-29,0.31447970511518486,0
121644,2012-09-29,0.23913727807037732,1
121645,2012-09-29,0.3694337610459658,0
121646,2012-09-29,0.3538505077852341,1
121647,2012-09-29,0.5524997604964738,1
121648,2012-09-29,0.14264233257076825,1
121649,2012-09-29,0.36216460215640117,0
121650,2012-09-29,0.4954561087651451,0
121651,2012-09-29,0.5554710078791772,0
121652,2012-09-29,0.3962205501420359,1
121653,2012-09-29,0.49548384970808734,0
121654,2012-09-29,0.42780120856243065,0
121655,2012-09-29,0.2185882148904861,1
121656,2012-09-29,0.5038327285933039,0
121657,2012-09-29,0.39183810372453903,1
121658,2012-09-29,0.3727674785105602,1
121659,2012-09-29,0.4079911644152425,0
121660,2012-09-29,0.2956451641425726,0
121661,2012-09-29,0.30177274707639473,0
121662,2012-09-29,0.22970673688218954,0
121663,2012-09-29,0.33630312673553553,0
121664,2012-09-29,0.31007212223644587,0
121665,2012-09-29,0.512221421396475,1
121666,2012-09-29,0.44330719529843216,1
121667,2012-09-29,0.3000908768417412,0
121668,2012-09-29,0.29417248197247975,0
121669,2012-09-29,0.5907378620006181,1
121670,2012-09-29,0.34620382593005833,0
121671,2012-09-29,0.3312082705132822,1
121672,2012-09-29,0.20429552705136453,0
121673,2012-09-29,0.23154212769901442,0
121674,2012-09-29,0.4329026191253535,0
121675,2012-09-29,0.21397705759153596,0
121676,2012-09-29,0.20536381891517697,0
121677,2012-09-29,0.20159660595012713,1
121678,2012-09-29,0.4302880430107032,1
121679,2012-09-29,0.39777925491464655,1
121680,2012-09-29,0.4880984995916117,0
121681,2012-09-29,0.36543654152348204,1
121682,2012-09-29,0.24353192904507098,0
121683,2012-09-29,0.41628033293333766,0
121684,2012-09-29,0.5121958922180911,0
121685,2012-09-29,0.15920373014105801,0
121686,2012-09-29,0.31766464589536986,0
121687,2012-09-29,0.30231476158266796,1
121688,2012-09-29,0.4164967612927655,0
121689,2012-09-29,0.40304490360456446,1
121690,2012-09-29,0.3134892145078169,0
121691,2012-09-29,0.11314683083540959,0
121692,2012-09-29,0.30489617865394375,1
121693,2012-09-29,0.49070952263678486,1
121694,2012-09-29,0.29729153813837317,0
121695,2012-09-29,0.4311538702342679,0
121696,2012-09-29,0.3366943450898215,0
121697,2012-09-29,0.6578074236638337,0
121698,2012-09-29,0.2523035643014248,0
121699,2012-09-29,0.31541322492265783,0
121700,2012-09-29,0.4359384597199335,1
121701,2012-09-29,0.2524613182242205,0
121702,2012-09-29,0.2915116355967596,0
121703,2012-09-29,0.3117875480216118,0
121704,2012-09-29,0.31790184217566136,0
121705,2012-09-29,0.5122455428481609,1
121706,2012-09-29,0.2365579733358669,0
121707,2012-09-29,0.20853648805489533,0
121708,2012-09-29,0.5528871207436146,0
121709,2012-09-29,0.4940899199534913,0
121710,2012-09-29,0.6365043647745363,1
121711,2012-09-29,0.14747859004062783,0
121712,2012-09-29,0.6426933171012392,1
121713,2012-09-29,0.36910752244396927,0
121714,2012-09-29,0.19231627915069896,0
121715,2012-09-29,0.22765782834471865,0
121716,2012-09-29,0.5013245637112524,0
121717,2012-09-29,0.46145995242187293,0
121718,2012-09-29,0.5180351167325443,1
121719,2012-09-29,0.2935312559967538,0
121720,2012-09-29,0.5554586144734789,0
121721,2012-09-29,0.399295137122618,0
121722,2012-09-29,0.4059784916751003,0
121723,2012-09-29,0.5273331057361893,0
121724,2012-09-29,0.25573163503802226,0
121725,2012-09-29,0.3928817331939492,1
121726,2012-09-29,0.32988574626497236,0
121727,2012-09-29,0.2885504562632521,1
121728,2012-09-29,0.3923616509759562,1
121729,2012-09-29,0.4180322196138499,0
121730,2012-09-29,0.42875598275908666,1
121731,2012-09-29,0.43579978416376164,0
121732,2012-09-29,0.563655815864769,1
121733,2012-09-29,0.41821680141058376,0
121734,2012-09-29,0.4696340665385647,1
121735,2012-09-29,0.35759852595495106,0
121736,2012-09-29,0.6192838585752097,0
121737,2012-09-29,0.17567476143197513,0
121738,2012-09-29,0.2881358285081446,1
121739,2012-09-29,0.48158911526444076,0
121740,2012-09-29,0.5466661269979608,0
121741,2012-09-29,0.455596922035868,0
121742,2012-09-29,0.2545980418894199,1
121743,2012-09-29,0.16391937185759328,0
121744,2012-09-29,0.34750752377415395,0
121745,2012-09-29,0.5349146203149724,0
121746,2012-09-29,0.33176325581323557,0
121747,2012-09-29,0.2040909050903074,0
121748,2012-09-29,0.4491541366388304,0
121749,2012-09-29,0.3266873726902244,1
121750,2012-09-29,0.15100637936080907,0
121751,2012-09-29,0.47327530094571985,1
121752,2012-09-29,0.5751840488197445,1
121753,2012-09-29,0.42132335201679977,1
121754,2012-09-29,0.3492705966295691,0
121755,2012-09-29,0.3795878706356898,0
121756,2012-09-29,0.46604582135776995,0
121757,2012-09-29,0.3231127927671078,1
121758,2012-09-29,0.38303986724542544,1
121759,2012-09-29,0.5600379878036074,1
121760,2012-09-29,0.4623049336952541,1
121761,2012-09-29,0.4267723118937984,0
121762,2012-09-29,0.22981394110795672,0
121763,2012-09-29,0.39120616668877256,0
121764,2012-09-29,0.4237134647546359,1
121765,2012-09-29,0.2827732573292184,0
121766,2012-09-29,0.22252377319566433,0
121767,2012-09-29,0.18751054107315335,1
121768,2012-09-29,0.38953272393125277,1
121769,2012-09-29,0.41359712137421106,0
121770,2012-09-29,0.5387204268827719,1
121771,2012-09-29,0.4701516567349704,1
121772,2012-09-29,0.1882141214981517,0
121773,2012-09-29,0.3631829731684491,1
121774,2012-09-29,0.3187405326552509,0
121775,2012-09-29,0.2975811883767916,0
121776,2012-09-29,0.33756590411186543,0
121777,2012-09-29,0.48285262092135367,0
121778,2012-09-29,0.28145381586680296,0
121779,2012-09-29,0.6260970735860489,1
121780,2012-09-29,0.11395410482167548,0
121781,2012-09-29,0.22295902012105023,0
121782,2012-09-29,0.4726924203526344,1
121783,2012-09-29,0.3062800524929814,0
121784,2012-09-29,0.2745984373068285,0
121785,2012-09-29,0.4543664714847016,0
121786,2012-09-29,0.3731767547132346,1
121787,2012-09-29,0.252043937091999,0
121788,2012-09-29,0.23939620450254387,0
121789,2012-09-29,0.3920789948041797,0
121790,2012-09-29,0.31384949000441237,0
121791,2012-09-29,0.32411733855557673,0
121792,2012-09-29,0.48201904803861406,1
121793,2012-09-29,0.17113045040807343,0
121794,2012-09-29,0.241154357882048,0
121795,2012-09-29,0.40142181232377716,1
121796,2012-09-29,0.40325523958320797,1
121797,2012-09-29,0.473244641520172,1
121798,2012-09-29,0.27035145078248257,0
121799,2012-09-29,0.3679242369230711,0
121800,2012-09-29,0.5707744067145104,0
121801,2012-09-29,0.24263416245708355,0
121802,2012-09-29,0.1265177690635689,0
121803,2012-09-29,0.5439986491553167,1
121804,2012-09-29,0.6576300625878352,1
121805,2012-09-29,0.24590510961805925,1
121806,2012-09-29,0.20273502463552315,0
121807,2012-09-29,0.5985190987199681,1
121808,2012-09-29,0.4046541775302095,0
121809,2012-09-29,0.3729583268971466,0
121810,2012-09-29,0.3307025518600068,0
121811,2012-09-29,0.1851764867739498,0
121812,2012-09-29,0.36349351136897234,1
121813,2012-09-29,0.48925200014357106,1
121814,2012-09-29,0.2398062017969688,0
121815,2012-09-29,0.4635503790028013,1
121816,2012-09-29,0.09714474500598107,0
121817,2012-09-29,0.32384119702383335,0
121818,2012-09-29,0.37294083365313835,1
121819,2012-09-29,0.4050543226073319,0
121820,2012-09-29,0.44026426293695625,0
121821,2012-09-29,0.45380149452787,1
121822,2012-09-29,0.31291820758055044,0
121823,2012-09-29,0.36863234197000705,1
121824,2012-09-29,0.6029181335007001,1
121825,2012-09-29,0.7214852646243722,1
121826,2012-09-29,0.629004477158699,0
121827,2012-09-29,0.46505280921602515,1
121828,2012-09-29,0.23947710536075478,0
121829,2012-09-29,0.2821490018391615,0
121830,2012-09-29,0.31741910414664165,0
121831,2012-09-29,0.5154694581899336,1
121832,2012-09-29,0.43393027750913193,1
121833,2012-09-29,0.6721237945614289,0
121834,2012-09-29,0.46100150626741293,1
121835,2012-09-29,0.24329298018938642,0
121836,2012-09-29,0.40462510712643424,1
121837,2012-09-29,0.3409774774281363,1
121838,2012-09-29,0.520136498649562,1
121839,2012-09-29,0.4004501294774603,1
121840,2012-09-29,0.6542932845458805,0
121841,2012-09-30,0.30324545586577467,1
121842,2012-09-30,0.30943059904059095,0
121843,2012-09-30,0.5561168768878324,1
121844,2012-09-30,0.3314564494890615,0
121845,2012-09-30,0.41184544629287767,0
121846,2012-09-30,0.28755007599674426,0
121847,2012-09-30,0.26759696900050556,0
121848,2012-09-30,0.39793881885320725,0
121849,2012-09-30,0.2306138583046332,1
121850,2012-09-30,0.3783288258730284,1
121851,2012-09-30,0.37583944369776284,0
121852,2012-09-30,0.12042091040335272,0
121853,2012-09-30,0.14317553856536389,0
121854,2012-09-30,0.2570615883166539,0
121855,2012-09-30,0.2978159890844919,0
121856,2012-09-30,0.46601153795885286,0
121857,2012-09-30,0.5956458248603513,0
121858,2012-09-30,0.2922302217289125,1
121859,2012-09-30,0.14864144204454108,0
121860,2012-09-30,0.41766582429686433,0
121861,2012-09-30,0.38480045917857264,0
121862,2012-09-30,0.36492590190047663,0
121863,2012-09-30,0.47706998447052684,1
121864,2012-09-30,0.2749353352843482,0
121865,2012-09-30,0.49725324337575316,0
121866,2012-09-30,0.42295910203053555,1
121867,2012-09-30,0.3188495370049382,0
121868,2012-09-30,0.28724396476898745,0
121869,2012-09-30,0.6873989946870881,1
121870,2012-09-30,0.7151940237873,1
121871,2012-09-30,0.36196270330784325,0
121872,2012-09-30,0.3718227832875413,0
121873,2012-09-30,0.22286569984230528,0
121874,2012-09-30,0.14796402533082448,1
121875,2012-09-30,0.31008452810741494,0
121876,2012-09-30,0.4348621436026344,1
121877,2012-09-30,0.19946984135004917,0
121878,2012-09-30,0.44854501217758397,1
121879,2012-09-30,0.2853845075803927,0
121880,2012-09-30,0.3858287664046425,1
121881,2012-09-30,0.19987292414786215,0
121882,2012-09-30,0.19011005467811493,0
121883,2012-09-30,0.32443920539829096,0
121884,2012-09-30,0.4699002747973513,0
121885,2012-09-30,0.12235534098060474,0
121886,2012-09-30,0.3968937603309102,1
121887,2012-09-30,0.35710987559683555,1
121888,2012-09-30,0.37569935481953365,0
121889,2012-09-30,0.3033013628706837,0
121890,2012-09-30,0.45674922493579995,1
121891,2012-09-30,0.23763304162429338,0
121892,2012-09-30,0.35006761701986866,0
121893,2012-09-30,0.649175370760582,0
121894,2012-09-30,0.3720696971321239,0
121895,2012-09-30,0.39803022436211555,0
121896,2012-09-30,0.3347511224296152,0
121897,2012-09-30,0.3640418037444366,1
121898,2012-09-30,0.3679926943221795,0
121899,2012-09-30,0.30760551366581373,0
121900,2012-09-30,0.4278180082641183,0
121901,2012-09-30,0.3748581520713694,0
121902,2012-09-30,0.1426401086637982,0
121903,2012-09-30,0.15656329912216058,0
121904,2012-09-30,0.36439107027012596,0
121905,2012-09-30,0.3648757898480122,0
121906,2012-09-30,0.3942548347530816,0
121907,2012-09-30,0.5021622586012296,0
121908,2012-09-30,0.1308347371898282,0
121909,2012-09-30,0.42136866929215994,1
121910,2012-09-30,0.21056028078186745,1
121911,2012-09-30,0.2372539121035848,0
121912,2012-09-30,0.6031505843516693,1
121913,2012-09-30,0.39921404705615626,0
121914,2012-09-30,0.3746406847133376,1
121915,2012-09-30,0.3271390894576214,0
121916,2012-09-30,0.4205625429078925,0
121917,2012-09-30,0.16807225783883903,0
121918,2012-09-30,0.4110133543083332,0
121919,2012-09-30,0.6270751461726708,1
121920,2012-09-30,0.42315345617579525,1
121921,2012-09-30,0.45357726368366924,0
121922,2012-09-30,0.45080689639192356,1
121923,2012-09-30,0.40717795499838916,0
121924,2012-09-30,0.670925602173731,1
121925,2012-09-30,0.42508788488906857,0
121926,2012-09-30,0.27430148696667733,0
121927,2012-09-30,0.18450087481027652,0
121928,2012-09-30,0.16695411935036406,0
121929,2012-09-30,0.3282948299704278,0
121930,2012-09-30,0.2836273013511009,1
121931,2012-09-30,0.30468223442645687,1
121932,2012-09-30,0.4609260156992429,0
121933,2012-09-30,0.25570576229905945,1
121934,2012-09-30,0.18460759116812492,0
121935,2012-09-30,0.3768361732097077,1
121936,2012-09-30,0.23622416182754263,0
121937,2012-09-30,0.2548178025948372,1
121938,2012-09-30,0.3503323957047768,0
121939,2012-09-30,0.2725134457062769,0
121940,2012-09-30,0.3885307946407582,0
121941,2012-09-30,0.41065380150574393,0
121942,2012-09-30,0.37139269414313614,0
121943,2012-09-30,0.28598908249186566,1
121944,2012-09-30,0.19451872013440388,0
121945,2012-09-30,0.39271370129189476,1
121946,2012-09-30,0.16632498473570806,0
121947,2012-09-30,0.20915486450176235,0
121948,2012-09-30,0.3004639565720415,0
121949,2012-09-30,0.4012087962997773,0
121950,2012-09-30,0.30021081998335775,0
121951,2012-09-30,0.21517370781179268,0
121952,2012-09-30,0.19355590263605085,0
121953,2012-09-30,0.3657351306936318,0
121954,2012-09-30,0.3053162061090551,1
121955,2012-09-30,0.20312103810871293,0
121956,2012-09-30,0.36754274512803875,0
121957,2012-09-30,0.46964971471556993,1
121958,2012-09-30,0.2769559796696189,0
121959,2012-09-30,0.4903494035358683,1
121960,2012-09-30,0.4306798626022117,0
121961,2012-09-30,0.5421387779732981,0
121962,2012-09-30,0.3354993807482355,0
121963,2012-09-30,0.3145427083444508,0
121964,2012-09-30,0.5172247593170145,0
121965,2012-09-30,0.44182332001350916,0
121966,2012-09-30,0.3696654148400528,0
121967,2012-09-30,0.41686534828736166,1
121968,2012-09-30,0.1879541587463996,0
121969,2012-09-30,0.24886607966959595,0
121970,2012-09-30,0.3259027353985704,0
121971,2012-09-30,0.31550034700332275,0
121972,2012-09-30,0.2736007481160586,0
121973,2012-09-30,0.5803847630623956,1
121974,2012-09-30,0.47225687963628554,1
121975,2012-09-30,0.3756638295811712,0
121976,2012-09-30,0.2717573832396145,0
121977,2012-09-30,0.30149202963513344,1
121978,2012-09-30,0.26465014911644447,0
121979,2012-09-30,0.3693794059176662,0
121980,2012-09-30,0.5014073456929414,0
121981,2012-09-30,0.3181018251140668,0
121982,2012-09-30,0.5968929710811566,1
121983,2012-09-30,0.448550821436918,0
121984,2012-09-30,0.450755722461927,0
121985,2012-09-30,0.2757027630286665,0
121986,2012-09-30,0.5017459956986643,0
121987,2012-09-30,0.19419412549733392,0
121988,2012-09-30,0.3059614072734438,0
121989,2012-09-30,0.5001272098382118,0
121990,2012-09-30,0.2727449549664411,0
121991,2012-09-30,0.3541865327837099,0
121992,2012-09-30,0.3232647726809222,0
121993,2012-09-30,0.3288631809567721,1
121994,2012-09-30,0.3055586638241067,0
121995,2012-09-30,0.4715621722680695,1
121996,2012-09-30,0.3058190518184478,1
121997,2012-09-30,0.3841090334459553,0
121998,2012-09-30,0.5581698757349751,0
121999,2012-09-30,0.6020001911529904,1
122000,2012-09-30,0.3255578386783733,0
122001,2012-09-30,0.43284192247562714,1
122002,2012-09-30,0.43077713698834036,1
122003,2012-09-30,0.27686669188196483,0
122004,2012-09-30,0.4781446172706852,0
122005,2012-09-30,0.33414624541366156,0
122006,2012-09-30,0.3245549970634478,1
122007,2012-09-30,0.42638023844217,0
122008,2012-09-30,0.3861454373452457,1
122009,2012-09-30,0.23884324803739138,0
122010,2012-09-30,0.4480376224500455,1
122011,2012-09-30,0.2465487800617095,0
122012,2012-09-30,0.4604638665836498,0
122013,2012-09-30,0.24935915473570058,0
122014,2012-09-30,0.15418076100601177,0
122015,2012-09-30,0.47845640816048346,0
122016,2012-09-30,0.41430877176268865,0
122017,2012-09-30,0.12793703882622126,0
122018,2012-09-30,0.1282158076899031,0
122019,2012-09-30,0.3693274171471686,0
122020,2012-09-30,0.36793975788238936,0
122021,2012-09-30,0.41053423388917704,1
122022,2012-09-30,0.11315851258018994,0
122023,2012-09-30,0.2853629080094963,1
122024,2012-09-30,0.24548734234397332,0
122025,2012-09-30,0.6257317441481008,1
122026,2012-09-30,0.3073334291459416,0
122027,2012-09-30,0.4829390668024756,0
122028,2012-09-30,0.376985818978185,1
122029,2012-09-30,0.37676848375847866,0
122030,2012-09-30,0.31137303463420446,1
122031,2012-09-30,0.3137011411600461,0
122032,2012-09-30,0.47318187905432035,0
122033,2012-09-30,0.5571473359550101,1
122034,2012-09-30,0.39031725637064496,0
122035,2012-09-30,0.34102559072828575,0
122036,2012-09-30,0.2041887503234426,0
122037,2012-09-30,0.18374008070741824,0
122038,2012-09-30,0.10791562035661602,1
122039,2012-09-30,0.282121220456827,0
122040,2012-09-30,0.4639370257205312,1
122041,2012-09-30,0.25562431038681555,0
122042,2012-09-30,0.12098299341348037,0
122043,2012-09-30,0.09654100441311143,0
122044,2012-09-30,0.224267788925202,0
122045,2012-09-30,0.11208737450470212,0
122046,2012-09-30,0.42308498328188837,0
122047,2012-09-30,0.3535408169536503,0
122048,2012-09-30,0.4445867357173389,0
122049,2012-09-30,0.1315534679236473,0
122050,2012-09-30,0.525885843837441,1
122051,2012-09-30,0.4572305915564709,1
122052,2012-09-30,0.3419346431289826,1
122053,2012-09-30,0.2907756647873178,0
122054,2012-09-30,0.5407234609544516,0
122055,2012-09-30,0.272870419257703,0
122056,2012-09-30,0.3228670427596515,1
122057,2012-09-30,0.6380049835666045,1
122058,2012-09-30,0.3691091429731549,0
122059,2012-09-30,0.4213233909759853,0
122060,2012-09-30,0.3816272037152284,0
122061,2012-09-30,0.3043275881547028,0
122062,2012-09-30,0.4893158815574298,1
122063,2012-09-30,0.4318811782090672,0
122064,2012-09-30,0.3498778904691461,0
122065,2012-09-30,0.3341760978664082,1
122066,2012-09-30,0.35901451175503196,0
122067,2012-09-30,0.5995767858096128,1
122068,2012-09-30,0.4791445660948379,1
122069,2012-09-30,0.36194195499918747,0
122070,2012-09-30,0.2769999799741695,0
122071,2012-09-30,0.5447856702802115,1
122072,2012-09-30,0.34012016746827334,1
122073,2012-09-30,0.5044317707917306,1
122074,2012-09-30,0.1926366033390564,0
122075,2012-09-30,0.4020463935034483,0
122076,2012-09-30,0.37153325368947154,0
122077,2012-09-30,0.309465669407285,0
122078,2012-09-30,0.6621518110190424,1
122079,2012-09-30,0.36531872491339357,0
122080,2012-09-30,0.30986400795512486,0
122081,2012-09-30,0.34579563125938634,0
122082,2012-09-30,0.26172290375452817,0
122083,2012-09-30,0.4620605853614707,0
122084,2012-09-30,0.28142934354196947,0
122085,2012-09-30,0.37131720584287037,0
122086,2012-09-30,0.41979470985712347,1
122087,2012-09-30,0.1973400471962592,0
122088,2012-09-30,0.4473034751599071,1
122089,2012-09-30,0.309057039997744,1
122090,2012-09-30,0.6465754911073934,0
122091,2012-09-30,0.26023378301951994,1
122092,2012-09-30,0.17921154143799162,0
122093,2012-09-30,0.5028282788492794,0
122094,2012-09-30,0.4483693081624208,0
122095,2012-09-30,0.24420938069765594,0
122096,2012-09-30,0.3426252490267581,0
122097,2012-09-30,0.4356739979312415,1
122098,2012-09-30,0.5425718022679061,0
122099,2012-09-30,0.47212001443463697,0
122100,2012-09-30,0.3267345442989677,0
122101,2012-09-30,0.5298955079108829,1
122102,2012-09-30,0.3696486290877642,0
122103,2012-09-30,0.10076610728506666,0
122104,2012-09-30,0.3493318128998702,0
122105,2012-09-30,0.37804323874051166,1
122106,2012-09-30,0.41257624894258327,0
122107,2012-09-30,0.37345071097525223,0
122108,2012-09-30,0.3851815444752089,0
122109,2012-09-30,0.39621059703575096,0
122110,2012-09-30,0.5238086387034233,0
122111,2012-09-30,0.2840535414594654,0
122112,2012-09-30,0.2679923878970734,0
122113,2012-09-30,0.40439897549570347,0
122114,2012-09-30,0.2682743519193417,0
122115,2012-09-30,0.21378642011519533,0
122116,2012-09-30,0.25386290232417064,0
122117,2012-09-30,0.6727046634660286,0
122118,2012-09-30,0.41897104403485125,0
122119,2012-09-30,0.5087285931451231,1
122120,2012-09-30,0.24334291184510742,0
122121,2012-09-30,0.31826014310360595,0
122122,2012-09-30,0.2192522731240411,0
122123,2012-09-30,0.5042504953403081,0
122124,2012-09-30,0.3556057291121486,1
122125,2012-09-30,0.242100507438889,0
122126,2012-09-30,0.48531288132711703,1
122127,2012-09-30,0.33046776919132004,0
122128,2012-09-30,0.44451291093976475,1
122129,2012-09-30,0.1516907301937844,0
122130,2012-09-30,0.35403746017544147,0
122131,2012-09-30,0.408023762745942,0
122132,2012-09-30,0.1523862164355994,0
122133,2012-09-30,0.19034182456171764,0
122134,2012-09-30,0.15527419019367275,1
122135,2012-09-30,0.4839028983093314,1
122136,2012-09-30,0.26222783844983,0
122137,2012-09-30,0.2839153382856745,0
122138,2012-09-30,0.318470759121992,0
122139,2012-09-30,0.45911014260421235,1
122140,2012-09-30,0.5090332235400388,0
122141,2012-09-30,0.25925792819483146,0
122142,2012-09-30,0.26571605613693594,0
122143,2012-09-30,0.3392743893981416,1
122144,2012-09-30,0.2580822509897938,0
122145,2012-09-30,0.37046824801042366,1
122146,2012-09-30,0.3687744020314175,1
122147,2012-09-30,0.4891656188718087,0
122148,2012-09-30,0.25468672314653573,0
122149,2012-09-30,0.5418843928181778,1
122150,2012-09-30,0.22856269943984475,0
122151,2012-09-30,0.4322834614980027,1
122152,2012-09-30,0.29570770245767025,1
122153,2012-09-30,0.24146112605036318,0
122154,2012-09-30,0.2178390838164383,0
122155,2012-09-30,0.2884939833606071,0
122156,2012-09-30,0.11782977606708253,0
122157,2012-09-30,0.3021157520034722,0
122158,2012-09-30,0.3824163916253836,0
122159,2012-09-30,0.3680932316217957,1
122160,2012-09-30,0.5118891881375781,1
122161,2012-09-30,0.44464186301293296,0
122162,2012-09-30,0.247581655152874,0
122163,2012-09-30,0.46142201415773865,0
122164,2012-09-30,0.10433531470871078,0
122165,2012-09-30,0.22983642080238983,1
122166,2012-09-30,0.5702888239336887,1
122167,2012-09-30,0.2915991368179103,1
122168,2012-09-30,0.416153276295346,1
122169,2012-09-30,0.33316255760888597,0
122170,2012-09-30,0.4119465934821868,0
122171,2012-09-30,0.18037213355878823,0
122172,2012-09-30,0.07655292528291825,0
122173,2012-09-30,0.1272449883384443,0
122174,2012-09-30,0.12406780739083889,0
122175,2012-09-30,0.36804065260431645,0
122176,2012-09-30,0.3647482700628858,1
122177,2012-09-30,0.5180584134006734,1
122178,2012-09-30,0.3683143408892672,0
122179,2012-09-30,0.13214617050346372,0
122180,2012-09-30,0.630067590820363,1
122181,2012-09-30,0.3041323800462625,0
122182,2012-09-30,0.20617837912222398,0
122183,2012-09-30,0.4358267630367339,1
122184,2012-09-30,0.5681413404788616,1
122185,2012-09-30,0.13233149781860878,0
122186,2012-09-30,0.3391098517990596,0
122187,2012-09-30,0.6918955297535914,0
122188,2012-09-30,0.25722523040434725,0
122189,2012-09-30,0.2710967073978462,0
122190,2012-09-30,0.3732955285995646,1
122191,2012-09-30,0.1862252277976034,0
122192,2012-09-30,0.2552330138377203,0
122193,2012-09-30,0.322741678821751,0
122194,2012-09-30,0.28196561111288804,0
122195,2012-09-30,0.2543827611300629,0
122196,2012-09-30,0.5458867044421337,0
122197,2012-09-30,0.36914616261921107,0
122198,2012-09-30,0.312885482212719,1
122199,2012-09-30,0.2899813861603346,0
122200,2012-09-30,0.4622814151202056,0
122201,2012-09-30,0.5698299439385226,1
122202,2012-09-30,0.35900270174630067,0
122203,2012-09-30,0.2675236053347482,1
122204,2012-09-30,0.5688976644281085,0
122205,2012-09-30,0.34754842490031546,0
122206,2012-09-30,0.43377309187024704,0
122207,2012-09-30,0.3986072563474683,0
122208,2012-09-30,0.29979220231067216,0
122209,2012-09-30,0.30653068045492626,1
122210,2012-09-30,0.27514462485424784,0
122211,2012-09-30,0.5586296110136182,0
122212,2012-09-30,0.481018013737209,0
122213,2012-09-30,0.3829636540240132,0
122214,2012-09-30,0.48982894523106735,1
122215,2012-09-30,0.4345334595161019,0
122216,2012-09-30,0.46456098919860034,0
122217,2012-09-30,0.2404856276393209,0
122218,2012-09-30,0.5744629854754729,1
122219,2012-09-30,0.37794576090424414,1
122220,2012-09-30,0.6078124123383554,1
122221,2012-09-30,0.450975762605231,1
122222,2012-09-30,0.19889490469689142,0
122223,2012-09-30,0.1551780809136514,0
122224,2012-09-30,0.43535516235144334,1
122225,2012-09-30,0.3640889605072696,0
122226,2012-09-30,0.3427126685776572,0
122227,2012-09-30,0.23073509996929994,0
122228,2012-09-30,0.34759056331539673,1
122229,2012-09-30,0.3311639108737149,0
122230,2012-09-30,0.37319967766513185,1
122231,2012-09-30,0.24922851062195697,0
122232,2012-09-30,0.26376823340991146,1
122233,2012-09-30,0.3197847865735836,0
122234,2012-09-30,0.12751417332345796,0
122235,2012-09-30,0.4219208108192154,1
122236,2012-09-30,0.25857367253542674,1
122237,2012-09-30,0.14534826880473983,0
122238,2012-09-30,0.23822954869201962,0
122239,2012-09-30,0.2846730607326041,0
122240,2012-09-30,0.38803537556621553,1
122241,2012-09-30,0.43526593566655103,1
122242,2012-09-30,0.2540392131321943,0
122243,2012-09-30,0.145196720182216,0
122244,2012-09-30,0.3523135285948937,0
122245,2012-09-30,0.2607147341659067,0
122246,2012-09-30,0.3653808971720804,0
122247,2012-09-30,0.22695251415710577,1
122248,2012-09-30,0.6064072671277702,0
122249,2012-09-30,0.09480201232907727,0
122250,2012-09-30,0.16232928126342586,1
122251,2012-09-30,0.6328352257128995,1
122252,2012-09-30,0.4888961163174022,0
122253,2012-09-30,0.7489426944674609,0
122254,2012-09-30,0.21067773655009375,0
122255,2012-09-30,0.6044565941506732,0
122256,2012-09-30,0.18807288090699067,1
122257,2012-09-30,0.4024105976048814,0
122258,2012-09-30,0.41658859469626575,1
122259,2012-09-30,0.29402817392510033,0
122260,2012-09-30,0.3463427705117867,0
122261,2012-09-30,0.42612823748827927,1
122262,2012-09-30,0.6187445679035124,1
122263,2012-09-30,0.4609007544274922,1
122264,2012-09-30,0.467679127484817,0
122265,2012-09-30,0.2886042328188773,0
122266,2012-09-30,0.42589373318927026,1
122267,2012-09-30,0.2989707079703561,0
122268,2012-09-30,0.5745266881407952,0
122269,2012-09-30,0.23002001517479004,0
122270,2012-09-30,0.4204049596061031,1
122271,2012-09-30,0.3987776261393843,0
122272,2012-09-30,0.28145134168401165,0
122273,2012-09-30,0.22783059293440783,0
122274,2012-09-30,0.4496210854503491,1
122275,2012-09-30,0.42883667875005144,0
122276,2012-09-30,0.2806698030369563,0
122277,2012-09-30,0.38171555466477813,0
122278,2012-09-30,0.3836967614240513,1
122279,2012-09-30,0.44507914619759376,0
122280,2012-09-30,0.4849825142768992,1
122281,2012-09-30,0.2889182686482006,0
122282,2012-09-30,0.45761708903794907,1
122283,2012-09-30,0.5538106641896553,1
122284,2012-09-30,0.43277651826779195,0
122285,2012-09-30,0.28492308856047854,0
122286,2012-09-30,0.25768807200933336,1
122287,2012-09-30,0.4277612970632215,0
122288,2012-09-30,0.130288303593006,0
122289,2012-09-30,0.3629989638402919,1
122290,2012-09-30,0.3097302826528494,0
122291,2012-09-30,0.459797853886965,0
122292,2012-09-30,0.4266094434118328,1
122293,2012-09-30,0.2981641804150803,0
122294,2012-09-30,0.2436081245042506,0
122295,2012-09-30,0.43964991287342875,1
122296,2012-09-30,0.3429058315600195,0
122297,2012-09-30,0.5133900539929817,0
122298,2012-09-30,0.31659847879387726,0
122299,2012-09-30,0.22414324799693827,0
122300,2012-09-30,0.3948778465614466,0
122301,2012-09-30,0.32916524016878834,0
122302,2012-09-30,0.6523671973734968,1
122303,2012-09-30,0.3953821225514017,1
122304,2012-09-30,0.38667435770503805,0
122305,2012-09-30,0.22670020510503522,0
122306,2012-09-30,0.36849415352101006,0
122307,2012-09-30,0.3497662964577366,1
122308,2012-09-30,0.47098658687231726,0
122309,2012-09-30,0.3304493562765575,0
122310,2012-09-30,0.46704714155364474,0
122311,2012-09-30,0.15630068700851926,0
122312,2012-09-30,0.4621351315176842,1
122313,2012-09-30,0.49777641508412673,0
122314,2012-09-30,0.28058845969755597,0
122315,2012-09-30,0.4073009644128725,1
122316,2012-09-30,0.45510821000429,1
122317,2012-09-30,0.13807028669422944,0
122318,2012-09-30,0.3025411330474869,0
122319,2012-09-30,0.535271836145191,0
122320,2012-09-30,0.3803854881875947,0
122321,2012-09-30,0.4112173604177423,1
122322,2012-09-30,0.2931260238375164,0
122323,2012-09-30,0.31275918962776533,0
122324,2012-09-30,0.3220269627225627,0
122325,2012-09-30,0.6417638407917245,0
122326,2012-09-30,0.3139623011657342,0
122327,2012-09-30,0.5665196885011822,1
122328,2012-09-30,0.4897550559907274,0
122329,2012-09-30,0.3961518202280427,0
122330,2012-09-30,0.18476951419131862,0
122331,2012-09-30,0.35011972671802616,1
122332,2012-09-30,0.7119001752303585,1
122333,2012-09-30,0.3931843923589846,0
122334,2012-09-30,0.6190509534422582,0
122335,2012-09-30,0.34173782215113085,0
122336,2012-09-30,0.13716490490746847,0
122337,2012-09-30,0.7033111960720544,1
122338,2012-09-30,0.25954321534675623,0
122339,2012-09-30,0.45466587387196344,0
122340,2012-09-30,0.14590670415099216,0
122341,2012-09-30,0.45789226955621365,1
122342,2012-09-30,0.3594554642826405,0
122343,2012-09-30,0.20688561692798738,0
122344,2012-09-30,0.35570182148900775,1
122345,2012-09-30,0.41987716946077175,0
122346,2012-09-30,0.4772377309816157,0
122347,2012-09-30,0.2793429294583194,1
122348,2012-09-30,0.5055188325223015,1
122349,2012-09-30,0.342392976590977,0
122350,2012-09-30,0.3334979547760829,1
122351,2012-09-30,0.4698494513112742,0
122352,2012-09-30,0.3438774938397936,0
122353,2012-09-30,0.38825444123633385,1
122354,2012-09-30,0.11069095974616419,0
122355,2012-09-30,0.18428851387066494,0
122356,2012-09-30,0.3910901824997161,1
122357,2012-09-30,0.2319680876092578,0
122358,2012-09-30,0.45646372452209505,1
122359,2012-09-30,0.6076595600296225,0
122360,2012-09-30,0.2978052335117248,1
122361,2012-09-30,0.6957426482433581,0
122362,2012-09-30,0.4454290976798283,0
122363,2012-09-30,0.644116231831282,0
122364,2012-09-30,0.5017301853498085,0
122365,2012-09-30,0.4250383029772324,0
122366,2012-09-30,0.15837641896303256,0
122367,2012-09-30,0.33087427584815166,0
122368,2012-09-30,0.3721607480789804,0
122369,2012-09-30,0.36902401738583296,1
122370,2012-09-30,0.43035976575835294,0
122371,2012-09-30,0.35247564245268864,0
122372,2012-09-30,0.5081950415313633,1
122373,2012-09-30,0.3757547951642625,0
122374,2012-09-30,0.1342499090737816,0
122375,2012-09-30,0.46580246453182206,0
122376,2012-09-30,0.4373263309935841,1
122377,2012-09-30,0.39422433073127927,1
122378,2012-09-30,0.41403326122358475,1
122379,2012-09-30,0.2956416978390014,0
122380,2012-09-30,0.28906279466070217,1
122381,2012-09-30,0.5213783646759543,1
122382,2012-09-30,0.20863646165961053,0
122383,2012-09-30,0.28995450609506623,0
122384,2012-09-30,0.4121526164518729,0
122385,2012-09-30,0.2293870337343763,0
122386,2012-09-30,0.34101776191004196,0
122387,2012-09-30,0.37549837101843586,1
122388,2012-09-30,0.49244324964798614,0
122389,2012-09-30,0.3144399346922837,1
122390,2012-09-30,0.5338850543969184,1
122391,2012-09-30,0.4252991352699132,0
122392,2012-09-30,0.12379170462867521,0
122393,2012-09-30,0.33732402235975306,0
122394,2012-09-30,0.2942479415345053,0
122395,2012-09-30,0.0725090473811156,0
122396,2012-09-30,0.2734805365711267,0
122397,2012-09-30,0.32017982767839515,0
122398,2012-09-30,0.378498756846087,1
122399,2012-09-30,0.4154206930288872,0
122400,2012-09-30,0.5383097552793746,1
122401,2012-09-30,0.5660346830145786,1
122402,2012-09-30,0.3389604596397644,0
122403,2012-09-30,0.5412195082854082,1
122404,2012-09-30,0.4082901138792205,0
122405,2012-09-30,0.36079389708752696,0
122406,2012-09-30,0.5986221292278333,1
122407,2012-09-30,0.28398722062766996,0
122408,2012-09-30,0.44371035069492604,0
122409,2012-09-30,0.32952202088027155,0
122410,2012-09-30,0.4495977545421913,1
122411,2012-09-30,0.357826443176907,0
122412,2012-09-30,0.4323283115986807,0
122413,2012-09-30,0.27856310276393714,0
122414,2012-09-30,0.6638518785458688,1
122415,2012-09-30,0.4584613082745491,0
122416,2012-09-30,0.26715421488944074,0
122417,2012-09-30,0.38718883450730474,0
122418,2012-09-30,0.26583319413430145,1
122419,2012-09-30,0.14612551785890499,0
122420,2012-09-30,0.4482483987689703,0
122421,2012-09-30,0.4334243189106324,0
122422,2012-09-30,0.4910552398771805,1
122423,2012-09-30,0.4604571330845125,0
122424,2012-09-30,0.3441359780540091,0
122425,2012-09-30,0.46613291110216415,0
122426,2012-09-30,0.11458485192043544,0
122427,2012-09-30,0.266739719828087,0
122428,2012-09-30,0.39650938515530776,0
122429,2012-09-30,0.7299435916528983,0
122430,2012-09-30,0.26492743616186537,0
122431,2012-09-30,0.3664290357665612,0
122432,2012-09-30,0.38232264527078713,0
122433,2012-09-30,0.36561503975936943,0
122434,2012-09-30,0.3520951268209545,1
122435,2012-09-30,0.3502029143567786,0
122436,2012-09-30,0.10131050314893021,0
122437,2012-09-30,0.2484654616808235,1
122438,2012-09-30,0.21844593737171905,0
122439,2012-09-30,0.4871625891025214,0
122440,2012-09-30,0.33338551627742813,0
122441,2012-09-30,0.31333363174372636,0
122442,2012-09-30,0.265621421073203,0
122443,2012-09-30,0.30520353116754795,0
122444,2012-09-30,0.5927039126865701,1
122445,2012-09-30,0.38719583143260805,0
122446,2012-09-30,0.39125419112653476,1
122447,2012-09-30,0.29332382396629597,0
122448,2012-09-30,0.2776177469928451,0
122449,2012-09-30,0.2870243501181657,0
122450,2012-09-30,0.3181357588372855,1
122451,2012-09-30,0.5616698390339531,1
122452,2012-09-30,0.31474421025172983,1
122453,2012-09-30,0.10987041089059511,0
122454,2012-09-30,0.43391188051644186,0
122455,2012-09-30,0.3886168935236831,0
122456,2012-09-30,0.41801659991295387,0
122457,2012-09-30,0.35464654992821987,1
122458,2012-09-30,0.2283426680140999,1
122459,2012-09-30,0.27464851532374257,0
122460,2012-09-30,0.23682493200811638,1
122461,2012-09-30,0.3235538855061369,0
122462,2012-09-30,0.21408938198402133,1
122463,2012-09-30,0.3145909571486663,0
122464,2012-09-30,0.2956253334368798,0
122465,2012-09-30,0.2943856610843103,1
122466,2012-09-30,0.40207706304042956,1
122467,2012-09-30,0.5143535890646839,0
122468,2012-09-30,0.21728143532301453,0
122469,2012-09-30,0.30273457059528214,0
122470,2012-09-30,0.38825031947759564,0
122471,2012-09-30,0.4359836444130276,0
122472,2012-09-30,0.27160987085380156,0
122473,2012-09-30,0.23799289440521385,0
122474,2012-09-30,0.10978913088886531,0
122475,2012-09-30,0.4008257963133219,1
122476,2012-09-30,0.11930678618263896,0
122477,2012-09-30,0.33122615786582754,1
122478,2012-09-30,0.48714381976043886,1
122479,2012-09-30,0.41994898898523175,0
122480,2012-09-30,0.4632181406872685,0
122481,2012-09-30,0.5060986259180811,0
122482,2012-09-30,0.22904299886236543,0
122483,2012-09-30,0.3306823542096175,0
122484,2012-09-30,0.20299661827033097,0
122485,2012-09-30,0.3380745114508193,0
122486,2012-09-30,0.29519176960104515,0
122487,2012-09-30,0.33008880024405196,0
122488,2012-09-30,0.26331347746292216,1
122489,2012-09-30,0.27154136701716564,0
122490,2012-09-30,0.5706600548957529,1
122491,2012-09-30,0.4521713449075211,0
122492,2012-09-30,0.3270708753055279,0
122493,2012-09-30,0.44572846099474256,0
122494,2012-09-30,0.4659551771829013,1
122495,2012-09-30,0.4191058216656353,1
122496,2012-09-30,0.1631605507231683,0
122497,2012-09-30,0.4084374539275232,0
122498,2012-09-30,0.520547305982555,0
122499,2012-09-30,0.270011760081997,0
122500,2012-09-30,0.22891839656335208,0
122501,2012-09-30,0.36265020918246604,1
122502,2012-09-30,0.5837904299484526,0
122503,2012-09-30,0.22310919159680992,0
122504,2012-09-30,0.21019921636066335,1
122505,2012-09-30,0.4816964771360962,0
122506,2012-09-30,0.324370802436731,0
122507,2012-09-30,0.36871427074467666,0
122508,2012-09-30,0.2153528971470068,0
122509,2012-09-30,0.24514556516584887,0
122510,2012-10-01,0.47054781771537785,0
122511,2012-10-01,0.1726701532522944,0
122512,2012-10-01,0.1488599052564361,0
122513,2012-10-01,0.36697725497783834,0
122514,2012-10-01,0.34964655681121165,0
122515,2012-10-01,0.25295811045803984,0
122516,2012-10-01,0.36451049399607294,0
122517,2012-10-01,0.368840384813698,0
122518,2012-10-01,0.4150532864393703,1
122519,2012-10-01,0.39149824821248413,0
122520,2012-10-01,0.2810800714015256,0
122521,2012-10-01,0.3929147338116271,0
122522,2012-10-01,0.197958853050401,0
122523,2012-10-01,0.4758073414430588,1
122524,2012-10-01,0.23365840772229154,0
122525,2012-10-01,0.523039018981949,1
122526,2012-10-01,0.3885803413901288,0
122527,2012-10-01,0.20767185474320848,0
122528,2012-10-01,0.5451963420065132,0
122529,2012-10-01,0.20300086816047475,0
122530,2012-10-01,0.26637375081963754,0
122531,2012-10-01,0.6004310994068817,0
122532,2012-10-01,0.49571284273836663,1
122533,2012-10-01,0.37123918960900765,1
122534,2012-10-01,0.4052423304463671,0
122535,2012-10-01,0.4973550573091555,0
122536,2012-10-01,0.3240524378036427,0
122537,2012-10-01,0.37897500998653727,1
122538,2012-10-01,0.32688292951400766,0
122539,2012-10-01,0.35177369490295535,0
122540,2012-10-01,0.5270904366667677,1
122541,2012-10-01,0.3684588656781295,1
122542,2012-10-01,0.1566478908554848,0
122543,2012-10-01,0.27671278232609003,0
122544,2012-10-01,0.4329142707047144,0
122545,2012-10-01,0.26078293573390304,0
122546,2012-10-01,0.2411892568632391,1
122547,2012-10-01,0.19836052496055462,0
122548,2012-10-01,0.3169994420975,0
122549,2012-10-01,0.5974845105000277,0
122550,2012-10-01,0.6466109506748576,0
122551,2012-10-01,0.3443125520083928,0
122552,2012-10-01,0.331125579418,0
122553,2012-10-01,0.08460462974393375,0
122554,2012-10-01,0.2690768431866507,0
122555,2012-10-01,0.21750923878880637,0
122556,2012-10-01,0.28952406413734605,0
122557,2012-10-01,0.391735736938054,0
122558,2012-10-01,0.3168014475408531,0
122559,2012-10-01,0.24455334390056765,0
122560,2012-10-01,0.6296777600470844,0
122561,2012-10-01,0.34660756365179857,0
122562,2012-10-01,0.22513164792067414,1
122563,2012-10-01,0.5503993245713553,1
122564,2012-10-01,0.35662098873967835,1
122565,2012-10-01,0.30800165760848836,0
122566,2012-10-01,0.22824840172449598,0
122567,2012-10-01,0.3484974001024949,0
122568,2012-10-01,0.2252277868119143,0
122569,2012-10-01,0.09448397088605524,0
122570,2012-10-01,0.3523313444890367,0
122571,2012-10-01,0.3459265304219929,0
122572,2012-10-01,0.4601030546218134,0
122573,2012-10-01,0.3262559677106961,1
122574,2012-10-01,0.5241577867380646,0
122575,2012-10-01,0.33517842494578914,1
122576,2012-10-01,0.41315580187551787,1
122577,2012-10-01,0.34040057714447697,0
122578,2012-10-01,0.10526721710205612,0
122579,2012-10-01,0.3623584384332057,0
122580,2012-10-01,0.3843115498570364,0
122581,2012-10-01,0.5372603582787926,0
122582,2012-10-01,0.2962795866410647,0
122583,2012-10-01,0.2963436955374758,0
122584,2012-10-01,0.40823366163720787,1
122585,2012-10-01,0.33999911312638065,1
122586,2012-10-01,0.27392023827649803,1
122587,2012-10-01,0.3695236235801901,0
122588,2012-10-01,0.18853304241844535,0
122589,2012-10-01,0.3133457766336675,0
122590,2012-10-01,0.3372639938396517,0
122591,2012-10-01,0.21774085327950082,0
122592,2012-10-01,0.14462009018364325,0
122593,2012-10-01,0.3838207503393571,0
122594,2012-10-01,0.29904762384404865,0
122595,2012-10-01,0.4313732181544364,0
122596,2012-10-01,0.40923872541435113,0
122597,2012-10-01,0.31788987926190737,0
122598,2012-10-01,0.32082742153355065,0
122599,2012-10-01,0.31651045053803867,0
122600,2012-10-01,0.31034603262381794,0
122601,2012-10-01,0.4195432180204263,0
122602,2012-10-01,0.1896696650788348,0
122603,2012-10-01,0.41366935758523043,1
122604,2012-10-01,0.4448523185017981,0
122605,2012-10-01,0.35074326729332245,1
122606,2012-10-01,0.13844758500007479,0
122607,2012-10-01,0.36562064107520725,0
122608,2012-10-01,0.35658184803470566,0
122609,2012-10-01,0.4962437098042002,0
122610,2012-10-01,0.36543053523150915,0
122611,2012-10-01,0.4315397678304511,0
122612,2012-10-01,0.4995291544891242,0
122613,2012-10-01,0.38657862838872925,0
122614,2012-10-01,0.4511365894542524,0
122615,2012-10-01,0.5363834173026278,1
122616,2012-10-01,0.5137177246864544,0
122617,2012-10-01,0.36488115825487005,0
122618,2012-10-01,0.2261314702092648,0
122619,2012-10-01,0.6326166117924678,1
122620,2012-10-01,0.2807939020013555,0
122621,2012-10-01,0.625444153355782,1
122622,2012-10-01,0.14888830722511548,0
122623,2012-10-01,0.6032050889115346,1
122624,2012-10-01,0.34877334278392685,0
122625,2012-10-01,0.40427261702411327,1
122626,2012-10-01,0.36563798119457697,1
122627,2012-10-01,0.3368676560174502,0
122628,2012-10-01,0.5356707446110912,1
122629,2012-10-01,0.2831214986290395,1
122630,2012-10-01,0.26772835099531067,0
122631,2012-10-01,0.5718365141670477,1
122632,2012-10-01,0.41860258714601145,0
122633,2012-10-01,0.4366493938101249,0
122634,2012-10-01,0.24655725307908197,1
122635,2012-10-01,0.357593310555264,0
122636,2012-10-01,0.35287858193032035,1
122637,2012-10-01,0.39514451053721106,0
122638,2012-10-01,0.11617079056053431,0
122639,2012-10-01,0.6259076766463829,0
122640,2012-10-01,0.3807172478831987,0
122641,2012-10-01,0.4782235716417934,0
122642,2012-10-01,0.6083040104112357,0
122643,2012-10-01,0.558868599212586,1
122644,2012-10-01,0.3522604119290601,0
122645,2012-10-01,0.4716374680870062,0
122646,2012-10-01,0.13242174036508914,0
122647,2012-10-01,0.2357751512265253,0
122648,2012-10-01,0.3774048084877053,0
122649,2012-10-01,0.3171477497961485,0
122650,2012-10-01,0.4539283401220768,0
122651,2012-10-01,0.4544692453120653,1
122652,2012-10-01,0.4616254902029298,0
122653,2012-10-01,0.36836584620854274,0
122654,2012-10-01,0.4378230921838598,0
122655,2012-10-01,0.35664233691318564,0
122656,2012-10-01,0.4742563861116947,1
122657,2012-10-01,0.2320471283885478,0
122658,2012-10-01,0.5463864252382159,0
122659,2012-10-01,0.48188897520165663,0
122660,2012-10-01,0.6761334902477523,1
122661,2012-10-01,0.3231686663890081,0
122662,2012-10-01,0.30917417080160153,0
122663,2012-10-01,0.291322363580335,1
122664,2012-10-01,0.20124370578851003,0
122665,2012-10-01,0.3733354674810948,0
122666,2012-10-01,0.3479222626897802,0
122667,2012-10-01,0.4648179375089099,0
122668,2012-10-01,0.38950659044971714,1
122669,2012-10-01,0.3640675646688615,0
122670,2012-10-01,0.4110339289431985,1
122671,2012-10-01,0.6177880733456304,0
122672,2012-10-01,0.42892766686699973,1
122673,2012-10-01,0.19140952263003905,0
122674,2012-10-01,0.3946456433710299,0
122675,2012-10-01,0.5596436568373913,1
122676,2012-10-01,0.36866911250604734,0
122677,2012-10-01,0.41542275047444577,0
122678,2012-10-01,0.35611744208504076,1
122679,2012-10-01,0.22700160094943522,1
122680,2012-10-01,0.3718892152706949,0
122681,2012-10-01,0.49607664348562935,0
122682,2012-10-01,0.20301974614690022,0
122683,2012-10-01,0.28327574262024297,0
122684,2012-10-01,0.3403713818283286,0
122685,2012-10-01,0.41954347535932135,0
122686,2012-10-01,0.3039161647457628,0
122687,2012-10-01,0.4237234013355179,1
122688,2012-10-01,0.4837781831368876,0
122689,2012-10-01,0.3760214085694115,0
122690,2012-10-01,0.3645026475758454,0
122691,2012-10-01,0.16648936664708275,0
122692,2012-10-01,0.2805966298315424,0
122693,2012-10-01,0.2124430158503827,0
122694,2012-10-01,0.3598770232300333,1
122695,2012-10-01,0.22476527250504422,0
122696,2012-10-01,0.34239779495441414,0
122697,2012-10-01,0.45983234327742,1
122698,2012-10-01,0.49269664270613045,0
122699,2012-10-01,0.5157751606813336,1
122700,2012-10-01,0.35180594203923715,0
122701,2012-10-01,0.541235818810785,0
122702,2012-10-01,0.34070538014913904,0
122703,2012-10-01,0.28566473454556496,0
122704,2012-10-01,0.2302867647159782,0
122705,2012-10-01,0.4434323422704741,0
122706,2012-10-01,0.29603869711439085,0
122707,2012-10-01,0.4032634120720075,0
122708,2012-10-01,0.23696203734606147,0
122709,2012-10-01,0.3039306610910002,0
122710,2012-10-01,0.39594356673961867,0
122711,2012-10-01,0.43474016498138934,1
122712,2012-10-01,0.47299602475485764,0
122713,2012-10-01,0.2790403032602417,0
122714,2012-10-01,0.45242859052638246,1
122715,2012-10-01,0.4205832952896606,0
122716,2012-10-01,0.25915902869398305,0
122717,2012-10-01,0.29454842611504095,1
122718,2012-10-01,0.38700401643685567,0
122719,2012-10-01,0.30350895404025957,0
122720,2012-10-01,0.12509959802323456,0
122721,2012-10-01,0.3250483787465082,0
122722,2012-10-01,0.4989818864296708,1
122723,2012-10-01,0.3794009472493879,1
122724,2012-10-01,0.25362580210816704,0
122725,2012-10-01,0.6175064581877835,1
122726,2012-10-01,0.3825606556811286,0
122727,2012-10-01,0.25275328451321094,0
122728,2012-10-01,0.31516318510227603,0
122729,2012-10-01,0.4893516642513783,0
122730,2012-10-01,0.3503917882879108,0
122731,2012-10-01,0.07466548706646055,0
122732,2012-10-01,0.24777306942354785,0
122733,2012-10-01,0.2855824124374836,0
122734,2012-10-01,0.5975668517320303,0
122735,2012-10-01,0.3913728882177435,0
122736,2012-10-01,0.29408425423242235,0
122737,2012-10-01,0.37953505818801714,1
122738,2012-10-01,0.28262737504155133,0
122739,2012-10-01,0.3101839361245597,0
122740,2012-10-01,0.5014879920692894,1
122741,2012-10-01,0.5761478659996955,1
122742,2012-10-01,0.5206569012886254,1
122743,2012-10-01,0.18473500429262402,0
122744,2012-10-01,0.3611792571152213,1
122745,2012-10-01,0.37152536763691973,0
122746,2012-10-01,0.29316135263910875,0
122747,2012-10-01,0.44200707192643185,0
122748,2012-10-01,0.2752537138516267,0
122749,2012-10-01,0.1723422298832802,0
122750,2012-10-01,0.3116815339594772,0
122751,2012-10-01,0.3528907638284398,1
122752,2012-10-01,0.5328325320572506,0
122753,2012-10-01,0.3315925911593291,0
122754,2012-10-01,0.36484754514689893,1
122755,2012-10-01,0.5045594196650142,1
122756,2012-10-01,0.2846858207260014,0
122757,2012-10-01,0.3064484263257771,0
122758,2012-10-01,0.2619013388262586,0
122759,2012-10-01,0.3092916701224942,0
122760,2012-10-01,0.2509114449707101,1
122761,2012-10-01,0.39244171615136286,1
122762,2012-10-01,0.5018496448519308,1
122763,2012-10-01,0.11196079589124865,0
122764,2012-10-01,0.36461427771733823,1
122765,2012-10-01,0.22799704548153793,0
122766,2012-10-01,0.266992403135004,1
122767,2012-10-01,0.6958705524084909,1
122768,2012-10-01,0.14797096593393272,1
122769,2012-10-01,0.34975157838030324,0
122770,2012-10-01,0.25732173594144037,0
122771,2012-10-01,0.3703513169245748,0
122772,2012-10-01,0.3410350434835031,0
122773,2012-10-01,0.38462672750778204,0
122774,2012-10-01,0.4085440113504402,0
122775,2012-10-01,0.370879883682348,0
122776,2012-10-01,0.6953987107731326,0
122777,2012-10-01,0.16570302182124777,0
122778,2012-10-01,0.4653454673812125,1
122779,2012-10-01,0.3787630226142796,0
122780,2012-10-01,0.6410694775526999,1
122781,2012-10-01,0.5240903926518142,1
122782,2012-10-01,0.26679545680415195,0
122783,2012-10-01,0.17660976966116937,0
122784,2012-10-01,0.4427638547024759,0
122785,2012-10-01,0.41788475898946265,0
122786,2012-10-01,0.34439412711763284,0
122787,2012-10-01,0.38195334100073597,0
122788,2012-10-01,0.36360750699212985,1
122789,2012-10-01,0.26086907211818144,0
122790,2012-10-01,0.23287595543071124,1
122791,2012-10-01,0.5274803702844807,0
122792,2012-10-01,0.31430948783338997,1
122793,2012-10-01,0.46611163625959057,0
122794,2012-10-01,0.3260307741597699,0
122795,2012-10-01,0.6867671851113599,1
122796,2012-10-01,0.20662523845513361,0
122797,2012-10-01,0.28546225729165114,0
122798,2012-10-01,0.36104216286787777,1
122799,2012-10-01,0.5752717478150388,0
122800,2012-10-01,0.18357002314403068,0
122801,2012-10-01,0.4295691139386647,0
122802,2012-10-01,0.21140065584007464,1
122803,2012-10-01,0.5559022491538302,1
122804,2012-10-01,0.4148130256107806,0
122805,2012-10-01,0.2950699264341131,0
122806,2012-10-01,0.2670920149095088,0
122807,2012-10-01,0.35931923880759314,0
122808,2012-10-01,0.39035127378413587,0
122809,2012-10-01,0.43127429220941554,0
122810,2012-10-01,0.576886096957029,1
122811,2012-10-01,0.28795707307546353,0
122812,2012-10-01,0.3991007016339721,0
122813,2012-10-01,0.40761349271841857,0
122814,2012-10-01,0.21238368536112573,0
122815,2012-10-01,0.33903250875861113,0
122816,2012-10-01,0.3658401339561109,0
122817,2012-10-01,0.35770832155486926,0
122818,2012-10-01,0.4161484255728238,0
122819,2012-10-01,0.5509711936085729,0
122820,2012-10-01,0.6673656605149139,1
122821,2012-10-01,0.32055111114689605,0
122822,2012-10-01,0.4441905977583153,0
122823,2012-10-01,0.5101209131524009,0
122824,2012-10-01,0.49116026152437753,0
122825,2012-10-01,0.516721191004824,0
122826,2012-10-01,0.3387073176461724,0
122827,2012-10-01,0.3551614471218996,0
122828,2012-10-01,0.6097158038202145,1
122829,2012-10-01,0.5155132776981237,0
122830,2012-10-01,0.36258833709093463,0
122831,2012-10-01,0.29601512091912235,1
122832,2012-10-01,0.44342961207655895,0
122833,2012-10-01,0.42772855901415835,0
122834,2012-10-01,0.156980402880222,0
122835,2012-10-01,0.10491557355015455,0
122836,2012-10-01,0.33487740752408723,0
122837,2012-10-01,0.23341757720113623,0
122838,2012-10-01,0.452915850077655,1
122839,2012-10-01,0.26091768577626145,0
122840,2012-10-01,0.13988687105453268,1
122841,2012-10-01,0.22388904234939197,0
122842,2012-10-01,0.2336795425276619,0
122843,2012-10-01,0.21269107856903227,0
122844,2012-10-01,0.3962171733903402,0
122845,2012-10-01,0.3097501120627959,1
122846,2012-10-01,0.26836532802336954,1
122847,2012-10-01,0.27529918828820604,0
122848,2012-10-01,0.3692832426138258,0
122849,2012-10-01,0.27748508185487675,0
122850,2012-10-01,0.4733534438325803,0
122851,2012-10-01,0.2560163470607743,0
122852,2012-10-01,0.09566622998041903,0
122853,2012-10-01,0.4759295065714386,1
122854,2012-10-01,0.10604254151779731,0
122855,2012-10-01,0.27161192007971763,0
122856,2012-10-01,0.4251958208219697,0
122857,2012-10-01,0.4077990741877639,1
122858,2012-10-01,0.4784669791965346,0
122859,2012-10-01,0.09650384487380508,0
122860,2012-10-01,0.4282903156874069,0
122861,2012-10-01,0.12326754781961648,0
122862,2012-10-01,0.46477752206836737,0
122863,2012-10-01,0.09454389358630005,0
122864,2012-10-01,0.31439020778839216,0
122865,2012-10-01,0.422234114785741,0
122866,2012-10-01,0.3308226069155986,1
122867,2012-10-01,0.39463016084843056,1
122868,2012-10-01,0.44638248995698926,0
122869,2012-10-01,0.3112934709331468,0
122870,2012-10-01,0.12270871438208342,0
122871,2012-10-01,0.6090681071410823,0
122872,2012-10-01,0.1692911259184309,0
122873,2012-10-01,0.367882256411488,0
122874,2012-10-01,0.29894461937046435,1
122875,2012-10-01,0.3685853039814828,1
122876,2012-10-01,0.6454774537564025,0
122877,2012-10-01,0.5235213466859892,1
122878,2012-10-01,0.20682151795022954,0
122879,2012-10-01,0.4101169001496584,0
122880,2012-10-01,0.2811991864626369,0
122881,2012-10-01,0.4509339048817725,1
122882,2012-10-01,0.49005953131576924,1
122883,2012-10-01,0.6582640610636366,0
122884,2012-10-01,0.5174661031146408,1
122885,2012-10-01,0.4536816870178719,1
122886,2012-10-01,0.3928230459782471,0
122887,2012-10-01,0.2959049561402215,0
122888,2012-10-01,0.5695527918112869,1
122889,2012-10-01,0.5802457667933325,0
122890,2012-10-01,0.6000639811685732,1
122891,2012-10-01,0.3304862813457514,0
122892,2012-10-01,0.5346246085276756,0
122893,2012-10-01,0.5253737299620848,1
122894,2012-10-01,0.5605872063427412,1
122895,2012-10-01,0.32995153801085886,1
122896,2012-10-01,0.27640840285360657,0
122897,2012-10-01,0.3069750709063462,0
122898,2012-10-01,0.18692430509178556,0
122899,2012-10-01,0.32220400160092616,1
122900,2012-10-01,0.7044887469648282,1
122901,2012-10-01,0.540478222631136,1
122902,2012-10-01,0.3992466944532342,1
122903,2012-10-01,0.4085254276823795,1
122904,2012-10-01,0.37935298973442194,1
122905,2012-10-01,0.5317569939821565,0
122906,2012-10-01,0.4085727068529351,0
122907,2012-10-01,0.22848490043036293,0
122908,2012-10-01,0.17750961504945065,0
122909,2012-10-01,0.43574338433680576,0
122910,2012-10-01,0.5845653620216066,0
122911,2012-10-01,0.3992162542981328,0
122912,2012-10-01,0.22492899704130018,0
122913,2012-10-01,0.39930770974788726,0
122914,2012-10-01,0.4857561571906479,0
122915,2012-10-01,0.3159570023518022,1
122916,2012-10-01,0.22570823256012973,0
122917,2012-10-01,0.23577565221635777,0
122918,2012-10-01,0.2913981407933268,1
122919,2012-10-01,0.550084956362939,1
122920,2012-10-01,0.47565687482721025,1
122921,2012-10-01,0.3365011528822511,1
122922,2012-10-01,0.22773703601628453,0
122923,2012-10-01,0.2802588926981745,0
122924,2012-10-01,0.35352009102069615,0
122925,2012-10-01,0.5240951528757068,0
122926,2012-10-01,0.20057729131948462,0
122927,2012-10-01,0.21116002317193708,0
122928,2012-10-01,0.20879943433684622,0
122929,2012-10-01,0.34084560974984845,1
122930,2012-10-01,0.29432832388762575,0
122931,2012-10-01,0.4397594387889101,0
122932,2012-10-01,0.10907768355675239,0
122933,2012-10-01,0.2682483225711454,0
122934,2012-10-01,0.1904767603945726,0
122935,2012-10-01,0.3746115865865704,1
122936,2012-10-01,0.40985299440164563,0
122937,2012-10-01,0.4119857187086054,0
122938,2012-10-01,0.2656036838628559,0
122939,2012-10-01,0.42142678530876004,0
122940,2012-10-01,0.5694177763796562,0
122941,2012-10-01,0.40119872684986635,0
122942,2012-10-01,0.30943177210408673,0
122943,2012-10-01,0.38998026009948594,0
122944,2012-10-01,0.6400580879923027,1
122945,2012-10-01,0.42791874526173185,0
122946,2012-10-01,0.3149151910590092,0
122947,2012-10-01,0.5054513704994543,1
122948,2012-10-01,0.42464819521375163,0
122949,2012-10-01,0.24529756766302144,0
122950,2012-10-01,0.07206253718171973,0
122951,2012-10-01,0.3307122841337884,0
122952,2012-10-01,0.5108334243785928,1
122953,2012-10-01,0.29535620397257295,1
122954,2012-10-01,0.24571442343293173,0
122955,2012-10-01,0.4407734654812298,0
122956,2012-10-01,0.4906494689306966,0
122957,2012-10-01,0.42179114598456513,1
122958,2012-10-01,0.4229826612957388,0
122959,2012-10-01,0.38161346261640305,1
122960,2012-10-01,0.4235118445230752,0
122961,2012-10-01,0.574241087259529,0
122962,2012-10-01,0.3106228064272227,0
122963,2012-10-01,0.5613242251457696,0
122964,2012-10-01,0.48954173268658613,0
122965,2012-10-01,0.11521523486179444,0
122966,2012-10-01,0.21827135111167967,0
122967,2012-10-01,0.44738855448133175,0
122968,2012-10-01,0.6077790065285849,1
122969,2012-10-01,0.3633028925831178,0
122970,2012-10-01,0.3982596601654561,1
122971,2012-10-01,0.2574653660718613,1
122972,2012-10-01,0.23737091351473974,0
122973,2012-10-01,0.16019425945534593,0
122974,2012-10-01,0.41137400809646496,0
122975,2012-10-01,0.471858600506089,1
122976,2012-10-01,0.6493593608642134,1
122977,2012-10-01,0.2095308892170444,0
122978,2012-10-01,0.3149002528806308,0
122979,2012-10-01,0.32988401972815445,1
122980,2012-10-01,0.2899471370542667,1
122981,2012-10-01,0.45439850996543635,0
122982,2012-10-01,0.4588567273006546,0
122983,2012-10-01,0.5424683697901551,0
122984,2012-10-01,0.42906333304710703,1
122985,2012-10-01,0.675054374514899,0
122986,2012-10-01,0.35810049237763936,0
122987,2012-10-01,0.341760140670293,0
122988,2012-10-01,0.3203195749005517,1
122989,2012-10-01,0.3999390994070312,0
122990,2012-10-01,0.6359553719566762,1
122991,2012-10-01,0.30532205123082024,1
122992,2012-10-01,0.21838182354752333,1
122993,2012-10-01,0.3504703044508187,0
122994,2012-10-01,0.3227843033497703,0
122995,2012-10-01,0.1694690521824681,0
122996,2012-10-01,0.3134662391258327,1
122997,2012-10-01,0.3803143848098268,0
122998,2012-10-01,0.5661496040261843,1
122999,2012-10-01,0.2067692241107317,0
123000,2012-10-01,0.37257237405302696,0
123001,2012-10-01,0.20494596059240042,0
123002,2012-10-01,0.5084210668406585,0
123003,2012-10-01,0.6742922331066212,1
123004,2012-10-01,0.22731781826232303,0
123005,2012-10-01,0.1393546599512775,0
123006,2012-10-01,0.4705112002840866,0
123007,2012-10-01,0.4632181406872685,1
123008,2012-10-01,0.2488740059682453,0
123009,2012-10-01,0.5528334597276808,1
123010,2012-10-01,0.28977055001494695,0
123011,2012-10-01,0.11067929043466715,0
123012,2012-10-01,0.3132351793896427,0
123013,2012-10-01,0.40929721577307104,0
123014,2012-10-01,0.4215037644316559,0
123015,2012-10-01,0.34468642362370056,1
123016,2012-10-01,0.4023664128369283,0
123017,2012-10-01,0.154744156117868,0
123018,2012-10-01,0.6107885991190307,1
123019,2012-10-01,0.43404275725460256,1
123020,2012-10-01,0.6552070313532273,1
123021,2012-10-01,0.3292062896986646,0
123022,2012-10-01,0.6318913392452574,0
123023,2012-10-01,0.2955677527531735,0
123024,2012-10-01,0.3557047057981404,1
123025,2012-10-01,0.591157372635368,0
123026,2012-10-01,0.2713510412298409,0
123027,2012-10-01,0.6429984820533791,1
123028,2012-10-01,0.36913949577120325,1
123029,2012-10-01,0.19205502054734971,0
123030,2012-10-01,0.4299722828728302,0
123031,2012-10-01,0.35410202701539817,0
123032,2012-10-01,0.5385740520001666,1
123033,2012-10-01,0.438435023198095,1
123034,2012-10-01,0.5819222940671273,1
123035,2012-10-01,0.2977782564784205,0
123036,2012-10-01,0.22326945759488695,0
123037,2012-10-01,0.2828029418511096,0
123038,2012-10-01,0.2944063099028733,0
123039,2012-10-01,0.3641128590077493,0
123040,2012-10-01,0.41588725812076804,1
123041,2012-10-01,0.18748794485842882,1
123042,2012-10-01,0.33680477271762643,0
123043,2012-10-01,0.3570299083341869,0
123044,2012-10-01,0.4636792299369525,0
123045,2012-10-01,0.35036034105763986,0
123046,2012-10-01,0.24850831478925162,0
123047,2012-10-01,0.40607671132427303,0
123048,2012-10-01,0.2335599423423398,0
123049,2012-10-01,0.4170791466789238,1
123050,2012-10-01,0.4029501281948666,1
123051,2012-10-01,0.6353490531207515,0
123052,2012-10-01,0.3003019000439044,0
123053,2012-10-01,0.2766108090587407,0
123054,2012-10-01,0.4119819802161968,0
123055,2012-10-01,0.3799779825086659,0
123056,2012-10-01,0.3761581741322272,0
123057,2012-10-01,0.08420777654430775,0
123058,2012-10-01,0.41787454130983887,0
123059,2012-10-01,0.33669186461172806,0
123060,2012-10-01,0.2852375668026524,0
123061,2012-10-01,0.27391558856261,0
123062,2012-10-01,0.19082216368577581,0
123063,2012-10-01,0.1764101127779985,0
123064,2012-10-01,0.14966632864696122,0
123065,2012-10-01,0.40473405715318184,1
123066,2012-10-01,0.42800695589926235,1
123067,2012-10-01,0.3884389757326478,1
123068,2012-10-01,0.20767269336515756,0
123069,2012-10-01,0.40653610758687275,0
123070,2012-10-01,0.26725705142785566,0
123071,2012-10-01,0.2635897789957451,0
123072,2012-10-01,0.249012543900092,0
123073,2012-10-01,0.46689714392025006,0
123074,2012-10-01,0.22138972500482956,0
123075,2012-10-01,0.3613266780146445,0
123076,2012-10-01,0.1789041647476249,0
123077,2012-10-01,0.39930852385791793,1
123078,2012-10-01,0.6798512044589153,1
123079,2012-10-01,0.23417209201674588,0
123080,2012-10-01,0.40916215336631534,0
123081,2012-10-01,0.38407246996746575,0
123082,2012-10-01,0.5223504338598959,1
123083,2012-10-01,0.5675608154185643,0
123084,2012-10-01,0.31970824182387053,1
123085,2012-10-01,0.34742589952921565,0
123086,2012-10-01,0.32520896238741953,0
123087,2012-10-01,0.2725537644996746,0
123088,2012-10-01,0.24357639772854522,0
123089,2012-10-01,0.19317600439353994,0
123090,2012-10-01,0.20160405386037583,0
123091,2012-10-01,0.23579797680074718,0
123092,2012-10-01,0.27820446060953746,1
123093,2012-10-01,0.2845599781168362,0
123094,2012-10-01,0.6053978205289032,1
123095,2012-10-01,0.45522953171898684,0
123096,2012-10-01,0.09840041841458037,0
123097,2012-10-01,0.48049985024081343,0
123098,2012-10-01,0.5060256588160823,1
123099,2012-10-01,0.3646844111196582,1
123100,2012-10-01,0.4960955389023886,1
123101,2012-10-01,0.4105452151460818,0
123102,2012-10-01,0.38319675642090384,0
123103,2012-10-01,0.17388977981479328,0
123104,2012-10-01,0.29306701114109635,0
123105,2012-10-01,0.2734431326623033,1
123106,2012-10-01,0.5295769436034266,0
123107,2012-10-01,0.2148914975923503,0
123108,2012-10-01,0.15303211159768013,0
123109,2012-10-01,0.36145815625988237,0
123110,2012-10-01,0.2851960022418233,0
123111,2012-10-01,0.23988946058882363,1
123112,2012-10-01,0.3074153219819861,0
123113,2012-10-01,0.3847047369394918,0
123114,2012-10-01,0.686043095715568,1
123115,2012-10-01,0.4074766136214366,0
123116,2012-10-01,0.43410610845180936,1
123117,2012-10-01,0.36422447270234737,0
123118,2012-10-01,0.5318787575206505,1
123119,2012-10-01,0.29474165332907154,0
123120,2012-10-01,0.33345548433270994,0
123121,2012-10-01,0.6242982323732165,0
123122,2012-10-01,0.30007758952114016,0
123123,2012-10-01,0.3555395891965674,1
123124,2012-10-01,0.3308214215177421,0
123125,2012-10-01,0.23081765547334732,0
123126,2012-10-01,0.557424498187177,0
123127,2012-10-01,0.3327868032297309,0
123128,2012-10-01,0.3137183776012469,1
123129,2012-10-01,0.20788189640057197,0
123130,2012-10-01,0.3475766070993859,0
123131,2012-10-01,0.1711478077977651,0
123132,2012-10-01,0.43045569095710073,1
123133,2012-10-01,0.3836111965784094,0
123134,2012-10-01,0.22738605858985014,0
123135,2012-10-01,0.24643923981793472,1
123136,2012-10-01,0.25301682131159,0
123137,2012-10-01,0.39096362077171015,0
123138,2012-10-01,0.48015363797852945,1
123139,2012-10-01,0.5144566212704863,0
123140,2012-10-01,0.4649052149984499,0
123141,2012-10-01,0.40876899496278196,1
123142,2012-10-01,0.7225096928028311,0
123143,2012-10-01,0.5019079110182167,0
123144,2012-10-01,0.23484193507659565,1
123145,2012-10-01,0.20319747922909412,0
123146,2012-10-01,0.1613945686013959,0
123147,2012-10-01,0.37910747189921024,1
123148,2012-10-01,0.4108050205969705,0
123149,2012-10-01,0.2951783914686332,1
123150,2012-10-01,0.38277894455102474,0
123151,2012-10-01,0.2640128731843042,0
123152,2012-10-01,0.2808318871038749,0
123153,2012-10-01,0.2500762926337984,0
123154,2012-10-01,0.2580397250697485,0
123155,2012-10-01,0.21410747073513214,0
123156,2012-10-01,0.19461852592670412,0
123157,2012-10-01,0.47663627774398665,0
123158,2012-10-01,0.378484614131837,0
123159,2012-10-01,0.13604647174735904,0
123160,2012-10-01,0.5568270197826769,1
123161,2012-10-01,0.3889153442842421,1
123162,2012-10-01,0.3488232703865268,0
123163,2012-10-01,0.4432759715305113,0
123164,2012-10-01,0.5285841791940867,0
123165,2012-10-01,0.6504764479653564,1
123166,2012-10-01,0.5447273889686383,1
123167,2012-10-01,0.4333483490232537,1
123168,2012-10-01,0.44080426189215827,1
123169,2012-10-01,0.2978659821624871,0
123170,2012-10-01,0.23142363114670225,1
123171,2012-10-01,0.20572683072518813,0
123172,2012-10-01,0.2700967069252734,1
123173,2012-10-01,0.3339257267686282,1
123174,2012-10-01,0.43492031187357577,0
123175,2012-10-01,0.3049430998624096,1
123176,2012-10-01,0.48125317867603046,1
123177,2012-10-01,0.4310060964722661,1
123178,2012-10-01,0.2961715009797542,1
123179,2012-10-01,0.2522556543957775,0
123180,2012-10-01,0.6017632194899185,0
123181,2012-10-01,0.48129019090629815,1
123182,2012-10-01,0.3472899479019628,0
123183,2012-10-01,0.28885933763330995,0
123184,2012-10-01,0.3888433421283354,1
123185,2012-10-01,0.3477461426153475,1
123186,2012-10-01,0.6238915625197344,1
123187,2012-10-01,0.31806579511071403,0
123188,2012-10-01,0.52557591021779,1
123189,2012-10-01,0.5019127093895451,1
123190,2012-10-01,0.30526686664291547,0
123191,2012-10-01,0.25224431196206765,1
123192,2012-10-01,0.2214508224711942,0
123193,2012-10-01,0.5371916599571299,1
123194,2012-10-01,0.41719639357605864,1
123195,2012-10-01,0.42885581907385767,0
123196,2012-10-01,0.33505389649840117,0
123197,2012-10-01,0.22503630757756432,0
123198,2012-10-01,0.2393886044226131,0
123199,2012-10-01,0.28458329970292734,0
123200,2012-10-01,0.23545931713531143,1
123201,2012-10-01,0.2604475019033955,0
123202,2012-10-01,0.5033315504583873,1
123203,2012-10-01,0.4811269655129149,0
123204,2012-10-01,0.2764593938558675,1
123205,2012-10-01,0.36073153800874425,1
123206,2012-10-01,0.5860246938612759,0
123207,2012-10-01,0.3567855141875871,0
123208,2012-10-01,0.2093854603156456,0
123209,2012-10-01,0.20350508817704993,0
123210,2012-10-01,0.5306058609257298,0
123211,2012-10-01,0.29447906044646677,0
123212,2012-10-01,0.37965592790520547,0
123213,2012-10-01,0.3426376238071239,0
123214,2012-10-01,0.20940051625529935,0
123215,2012-10-01,0.49400259362131665,0
123216,2012-10-01,0.538027207556403,1
123217,2012-10-01,0.2176763475531983,0
123218,2012-10-01,0.25718536363141226,0
123219,2012-10-01,0.4399773483368761,0
123220,2012-10-01,0.30432554609735685,0
123221,2012-10-01,0.3877002178362928,1
123222,2012-10-01,0.36018911751721794,0
123223,2012-10-01,0.180370906962662,0
123224,2012-10-01,0.31239679986712254,0
123225,2012-10-01,0.37851712239110963,0
123226,2012-10-01,0.548251433296464,1
123227,2012-10-01,0.31742445866314756,1
123228,2012-10-01,0.3887032721547488,1
123229,2012-10-01,0.2292048763380455,0
123230,2012-10-01,0.3320269934906054,0
123231,2012-10-01,0.424273684557896,0
123232,2012-10-01,0.3766994830196768,0
123233,2012-10-01,0.25035703111872587,0
123234,2012-10-01,0.27143407800895614,1
123235,2012-10-01,0.2050842768205859,0
123236,2012-10-01,0.16065640837713546,0
123237,2012-10-01,0.46076184062163583,1
123238,2012-10-01,0.5242081286030948,0
123239,2012-10-01,0.41378773541460395,0
123240,2012-10-01,0.2150192325103972,0
123241,2012-10-01,0.571848651652468,0
123242,2012-10-01,0.2724641575839732,0
123243,2012-10-01,0.16447273851570368,0
123244,2012-10-01,0.6478646742773729,1
123245,2012-10-01,0.2017032681894529,0
123246,2012-10-01,0.3961121890992577,0
123247,2012-10-01,0.3701214776600813,0
123248,2012-10-01,0.34928853823545275,0
123249,2012-10-01,0.27459710235353396,0
123250,2012-10-01,0.1803455570231067,0
123251,2012-10-01,0.2725347005124947,0
123252,2012-10-01,0.5124735600035141,1
123253,2012-10-01,0.3155607839413357,0
123254,2012-10-01,0.5203765891236398,0
123255,2012-10-01,0.37124930186468186,0
123256,2012-10-01,0.3334343889276141,0
123257,2012-10-01,0.4157813231432361,0
123258,2012-10-01,0.2151561188215171,0
123259,2012-10-01,0.43882776843454313,0
123260,2012-10-01,0.41032184756729234,0
123261,2012-10-01,0.134740992660122,0
123262,2012-10-01,0.39551899531176404,1
123263,2012-10-01,0.4673636300314026,1
123264,2012-10-01,0.5439347170225076,0
123265,2012-10-01,0.20734056784153548,1
123266,2012-10-01,0.4568229772031906,1
123267,2012-10-01,0.35340437421025034,1
123268,2012-10-01,0.30510508503634476,0
123269,2012-10-01,0.3292848595409404,1
123270,2012-10-01,0.17538590538124757,0
123271,2012-10-01,0.3582993779980419,1
123272,2012-10-01,0.3271642988643463,1
123273,2012-10-01,0.26892345508950544,0
123274,2012-10-01,0.553952662289487,1
123275,2012-10-01,0.22888955456157403,0
123276,2012-10-01,0.3153632143934341,0
123277,2012-10-01,0.19751693901793657,0
123278,2012-10-01,0.36095873989907507,0
123279,2012-10-01,0.20135109897189146,0
123280,2012-10-01,0.13080964608670614,0
123281,2012-10-01,0.3483274134654352,0
123282,2012-10-01,0.17071037544455214,0
123283,2012-10-01,0.2502158754215769,0
123284,2012-10-01,0.3586267054480777,0
123285,2012-10-01,0.4829536667403672,1
123286,2012-10-01,0.4877179514687251,0
123287,2012-10-01,0.33912720078463965,0
123288,2012-10-01,0.5446250170882155,1
123289,2012-10-01,0.5821197136882347,1
123290,2012-10-01,0.21912227976236787,0
123291,2012-10-01,0.17146968016944278,0
123292,2012-10-01,0.41117249078160845,0
123293,2012-10-01,0.38893101549334724,0
123294,2012-10-01,0.33636637533207747,0
123295,2012-10-01,0.4141543791846168,0
123296,2012-10-01,0.3973757942854095,0
123297,2012-10-01,0.184509927743908,0
123298,2012-10-01,0.2826035151978454,0
123299,2012-10-01,0.4993871143174326,0
123300,2012-10-01,0.3260397518600077,1
123301,2012-10-01,0.3465375750641527,1
123302,2012-10-01,0.26438866421032176,0
123303,2012-10-01,0.43709359393669267,0
123304,2012-10-01,0.31673248149654754,1
123305,2012-10-01,0.48498702934772486,0
123306,2012-10-01,0.5208739502055267,1
123307,2012-10-01,0.3725962363218592,0
123308,2012-10-01,0.44003861159345936,0
123309,2012-10-01,0.3177341763520366,0
123310,2012-10-01,0.4444373296650649,1
123311,2012-10-01,0.20751548240077608,0
123312,2012-10-01,0.4188397768490374,1
123313,2012-10-01,0.4690638178577074,0
123314,2012-10-01,0.5770780483960977,1
123315,2012-10-01,0.28509110414935485,0
123316,2012-10-01,0.24148246632078404,0
123317,2012-10-01,0.3095248270388462,1
123318,2012-10-01,0.4022482952159657,1
123319,2012-10-01,0.24203476414146557,0
123320,2012-10-01,0.3675275654274777,1
123321,2012-10-01,0.09038962282798346,0
123322,2012-10-01,0.20774762572999975,0
123323,2012-10-01,0.35859671527216197,0
123324,2012-10-01,0.5009622173515654,1
123325,2012-10-01,0.2727917863556669,0
123326,2012-10-01,0.3570226254288249,0
123327,2012-10-01,0.4913306735218407,1
123328,2012-10-01,0.31728551090110396,0
123329,2012-10-01,0.5656226558976608,0
123330,2012-10-01,0.3448973555512069,0
123331,2012-10-01,0.19788163068374062,0
123332,2012-10-01,0.6034696889407276,0
123333,2012-10-01,0.5112373606874183,1
123334,2012-10-01,0.3382190089574005,0
123335,2012-10-01,0.34070325738008733,1
123336,2012-10-01,0.4603920829161208,1
123337,2012-10-01,0.22059407943076073,0
123338,2012-10-01,0.47346546219409297,0
123339,2012-10-01,0.2063637595774399,0
123340,2012-10-01,0.693684498925702,0
123341,2012-10-01,0.714876538832511,1
123342,2012-10-01,0.22779935220500802,0
123343,2012-10-01,0.5330782454677394,0
123344,2012-10-01,0.3917199693177571,0
123345,2012-10-01,0.27283797845894137,0
123346,2012-10-01,0.1771306138114566,0
123347,2012-10-01,0.283807930834743,0
123348,2012-10-01,0.6350558197282355,1
123349,2012-10-01,0.3441876862649864,1
123350,2012-10-01,0.4077036608565841,1
123351,2012-10-01,0.564829107539548,1
123352,2012-10-01,0.4089655886686049,0
123353,2012-10-01,0.6075487020064874,1
123354,2012-10-01,0.45450070427360734,1
123355,2012-10-01,0.4554582342021412,0
123356,2012-10-01,0.1679872537827777,0
123357,2012-10-01,0.5122502292550659,0
123358,2012-10-01,0.40392538725025223,1
123359,2012-10-01,0.36549576222954416,0
123360,2012-10-01,0.595704903729644,1
123361,2012-10-01,0.25946144832534646,0
123362,2012-10-01,0.4233146666955106,0
123363,2012-10-01,0.34821722638738367,1
123364,2012-10-01,0.33442372838416695,0
123365,2012-10-01,0.48428933666591,0
123366,2012-10-01,0.18585816037276567,0
123367,2012-10-01,0.40395032599324115,0
123368,2012-10-01,0.5295291785657772,0
123369,2012-10-01,0.41850171291218324,1
123370,2012-10-01,0.2261200143465627,0
123371,2012-10-01,0.5141507775634361,0
123372,2012-10-01,0.5841150664291821,0
123373,2012-10-01,0.7215169046675045,1
123374,2012-10-01,0.5041794133805062,1
123375,2012-10-01,0.3474406235748061,1
123376,2012-10-01,0.5213720412625305,1
123377,2012-10-01,0.2860222329528278,0
123378,2012-10-01,0.09731140927265866,0
123379,2012-10-01,0.16783746799963273,0
123380,2012-10-01,0.24417444402258523,0
123381,2012-10-01,0.42793258484520713,1
123382,2012-10-01,0.44007773305341835,0
123383,2012-10-01,0.34070545653791845,0
123384,2012-10-01,0.0883358477680852,0
123385,2012-10-01,0.32070678742219705,0
123386,2012-10-01,0.1789455485010656,1
123387,2012-10-01,0.6653444791963324,1
123388,2012-10-01,0.39243727284271684,0
123389,2012-10-01,0.4223338453197301,1
123390,2012-10-01,0.3557593099794422,0
123391,2012-10-01,0.34951017661410394,0
123392,2012-10-01,0.36512030080536806,0
123393,2012-10-01,0.22718034017583955,0
123394,2012-10-01,0.5259709664073365,1
123395,2012-10-01,0.34996086462694437,0
123396,2012-10-01,0.2270274102358287,0
123397,2012-10-01,0.37469461951010213,0
123398,2012-10-01,0.6036980024863643,0
123399,2012-10-01,0.5269788794005544,0
123400,2012-10-01,0.45101977838373564,0
123401,2012-10-01,0.45535206703090986,0
123402,2012-10-01,0.27244067893260254,0
123403,2012-10-01,0.3572105257729666,0
123404,2012-10-01,0.4135674688741054,0
123405,2012-10-01,0.2042494766406244,0
123406,2012-10-01,0.4306760142701949,0
123407,2012-10-01,0.1945868562434927,0
123408,2012-10-01,0.2741452002633612,0
123409,2012-10-01,0.3101902497069007,1
123410,2012-10-01,0.3196637734527729,0
123411,2012-10-01,0.5313049492817398,1
123412,2012-10-01,0.21010932509635585,0
123413,2012-10-01,0.15594043457216322,0
123414,2012-10-01,0.40992395512175295,0
123415,2012-10-01,0.4373465451319887,0
123416,2012-10-01,0.505758577003416,1
123417,2012-10-01,0.20996905000224275,0
123418,2012-10-01,0.47079923408773927,0
123419,2012-10-01,0.47554845192606604,0
123420,2012-10-01,0.21684543890427063,1
123421,2012-10-01,0.23506062435379024,0
123422,2012-10-01,0.5720558068202564,1
123423,2012-10-01,0.34833854496256583,1
123424,2012-10-01,0.4910864291016146,0
123425,2012-10-01,0.46091592672793025,0
123426,2012-10-01,0.3639332190037293,0
123427,2012-10-01,0.5151799658530384,1
123428,2012-10-01,0.5668001438724795,1
123429,2012-10-01,0.3240727628157662,1
123430,2012-10-01,0.3495982649367186,0
123431,2012-10-01,0.3782958328746095,1
123432,2012-10-01,0.31829348887883596,0
123433,2012-10-01,0.377247568808085,0
123434,2012-10-01,0.4351628088413045,0
123435,2012-10-01,0.40293717248942496,1
123436,2012-10-01,0.16990397465695306,0
123437,2012-10-01,0.3306627837890412,1
123438,2012-10-01,0.22929239844023144,1
123439,2012-10-01,0.23478956781866533,0
123440,2012-10-01,0.5498902693731299,1
123441,2012-10-01,0.427063350664701,0
123442,2012-10-01,0.3775147681141294,0
123443,2012-10-01,0.36100115928041226,1
123444,2012-10-01,0.42673408676791086,1
123445,2012-10-01,0.3781151596068405,0
123446,2012-10-01,0.41444370230937233,0
123447,2012-10-01,0.4410060718452481,0
123448,2012-10-01,0.26898841718983163,1
123449,2012-10-01,0.37213249989939157,1
123450,2012-10-01,0.47956591353636496,1
123451,2012-10-01,0.589321484160846,0
123452,2012-10-01,0.5904349660713535,0
123453,2012-10-01,0.3368125133699144,0
123454,2012-10-01,0.224250551384318,0
123455,2012-10-01,0.47269254236846575,1
123456,2012-10-01,0.504404260749845,0
123457,2012-10-01,0.4137516658272482,0
123458,2012-10-01,0.2263188707055186,0
123459,2012-10-01,0.41571275846942657,0
123460,2012-10-01,0.37178636267501153,0
123461,2012-10-01,0.3116275744031598,0
123462,2012-10-01,0.32873799241244506,0
123463,2012-10-01,0.21855920245183935,0
123464,2012-10-01,0.2783481657362923,0
123465,2012-10-01,0.3943345649453445,0
123466,2012-10-01,0.353885010617737,0
123467,2012-10-01,0.5170352537807409,1
123468,2012-10-01,0.34857533868009255,0
123469,2012-10-01,0.26985669310208305,0
123470,2012-10-01,0.25701654485352005,0
123471,2012-10-01,0.4172066070093104,0
123472,2012-10-01,0.4836462471846265,1
123473,2012-10-01,0.3611148894182584,1
123474,2012-10-01,0.31227600202162326,1
123475,2012-10-01,0.2599189518971514,0
123476,2012-10-01,0.24586330421543492,0
123477,2012-10-01,0.31240791314909333,0
123478,2012-10-01,0.2807037729255802,0
123479,2012-10-01,0.6092913537887797,0
123480,2012-10-01,0.2858862430507426,1
123481,2012-10-01,0.27722358437468414,1
123482,2012-10-01,0.2358417334248528,0
123483,2012-10-01,0.33636231037350606,0
123484,2012-10-01,0.3775658538201806,0
123485,2012-10-01,0.6022505254540641,1
123486,2012-10-01,0.1470760007563051,0
123487,2012-10-01,0.4106812834859659,0
123488,2012-10-01,0.3117521275060978,0
123489,2012-10-01,0.4189756931850722,0
123490,2012-10-01,0.3060148513174802,0
123491,2012-10-01,0.6528984069521686,0
123492,2012-10-01,0.485228294112079,0
123493,2012-10-01,0.6340310507648441,0
123494,2012-10-01,0.5793491099671467,0
123495,2012-10-01,0.1922716040419888,0
123496,2012-10-01,0.4756323896984323,1
123497,2012-10-01,0.4612432823671976,1
123498,2012-10-01,0.34277648596875915,0
123499,2012-10-01,0.3652697162423993,0
123500,2012-10-01,0.27018141629098946,0
123501,2012-10-01,0.5178288855700157,1
123502,2012-10-01,0.40462822913851937,1
123503,2012-10-01,0.22108822120627408,0
123504,2012-10-01,0.3002276714782094,0
123505,2012-10-01,0.30425913866578536,0
123506,2012-10-01,0.10169245301111247,1
123507,2012-10-01,0.27826771844358106,0
123508,2012-10-01,0.1423544553371533,0
123509,2012-10-01,0.4801098083897481,0
123510,2012-10-01,0.4989112316073555,0
123511,2012-10-01,0.3653637774850976,0
123512,2012-10-01,0.5268965650554953,0
123513,2012-10-01,0.29150503824556206,0
123514,2012-10-01,0.1755948023275029,0
123515,2012-10-01,0.2923141765284423,1
123516,2012-10-01,0.21952840015144817,1
123517,2012-10-01,0.31939931014383965,0
123518,2012-10-01,0.3728595368185706,0
123519,2012-10-01,0.33002244353553684,0
123520,2012-10-01,0.34117911452753896,0
123521,2012-10-01,0.13266006811048262,0
123522,2012-10-01,0.3123679774265953,1
123523,2012-10-01,0.3596666984743757,0
123524,2012-10-01,0.31320815220938364,1
123525,2012-10-01,0.34355971759383813,0
123526,2012-10-01,0.3792448747627906,0
123527,2012-10-01,0.20035972795146495,0
123528,2012-10-01,0.4544209090601128,1
123529,2012-10-01,0.20803447369858194,0
123530,2012-10-01,0.3400318983424696,0
123531,2012-10-01,0.5008976522191129,0
123532,2012-10-01,0.3982390021667975,0
123533,2012-10-01,0.47469779765840203,1
123534,2012-10-01,0.11659388705358162,0
123535,2012-10-01,0.35707452909144505,0
123536,2012-10-01,0.30683248621036713,0
123537,2012-10-01,0.5933868289378212,0
123538,2012-10-01,0.10823515742930401,0
123539,2012-10-01,0.3790486932503864,0
123540,2012-10-01,0.5194320062801432,0
123541,2012-10-01,0.279551546859057,0
123542,2012-10-01,0.3769838281615379,0
123543,2012-10-01,0.2753390717254048,0
123544,2012-10-01,0.34456771334379294,0
123545,2012-10-01,0.3336508172769186,1
123546,2012-10-01,0.3483033762598889,0
123547,2012-10-01,0.44682498791225916,0
123548,2012-10-01,0.20510964534925064,0
123549,2012-10-01,0.29147824706694153,1
123550,2012-10-01,0.254077803356346,0
123551,2012-10-01,0.4434292393490642,1
123552,2012-10-01,0.23027785981267887,1
123553,2012-10-01,0.3072102535710412,0
123554,2012-10-01,0.40020798803754204,0
123555,2012-10-01,0.15630462385208613,0
123556,2012-10-01,0.4570584542800303,0
123557,2012-10-01,0.417440510554856,1
123558,2012-10-01,0.46291399168004005,0
123559,2012-10-01,0.18748367137790659,0
123560,2012-10-01,0.6025157525877309,1
123561,2012-10-01,0.282543354751185,0
123562,2012-10-01,0.2678870417101553,0
123563,2012-10-01,0.2531133474890381,0
123564,2012-10-01,0.31968878363125725,0
123565,2012-10-01,0.08218354677641353,0
123566,2012-10-01,0.2787851870136253,0
123567,2012-10-01,0.29561368364773577,0
123568,2012-10-01,0.25295382742298256,0
123569,2012-10-01,0.28634289382269124,1
123570,2012-10-01,0.4794596322417201,0
123571,2012-10-01,0.2673620119906382,0
123572,2012-10-01,0.2519441849464317,0
123573,2012-10-01,0.35025568798681506,0
123574,2012-10-01,0.5497242789157831,1
123575,2012-10-01,0.4073348327398369,1
123576,2012-10-01,0.28384335212534223,0
123577,2012-10-01,0.21770503666649269,0
123578,2012-10-01,0.39581826000486503,0
123579,2012-10-01,0.3093203191271026,0
123580,2012-10-01,0.2603592489207105,1
123581,2012-10-01,0.19168474963055104,0
123582,2012-10-01,0.28043302933407704,0
123583,2012-10-01,0.3387738811703828,0
123584,2012-10-01,0.43880889881600527,1
123585,2012-10-01,0.41026425526513816,0
123586,2012-10-01,0.16364559903944734,0
123587,2012-10-01,0.30626408795814436,1
123588,2012-10-01,0.29439740692656563,0
123589,2012-10-01,0.4534873649287078,0
123590,2012-10-01,0.28237880540403415,0
123591,2012-10-01,0.3937683101801591,1
123592,2012-10-01,0.3178930877000182,0
123593,2012-10-01,0.4715091153986893,1
123594,2012-10-01,0.6202812113750688,0
123595,2012-10-01,0.4124740557854508,0
123596,2012-10-01,0.5866196229374278,1
123597,2012-10-01,0.2815173065287879,0
123598,2012-10-01,0.27645071930238485,0
123599,2012-10-01,0.4456137266471506,0
123600,2012-10-01,0.6907076253329104,1
123601,2012-10-01,0.2937892219261586,0
123602,2012-10-01,0.1989982393804608,0
123603,2012-10-01,0.5868704210100055,1
123604,2012-10-01,0.535414760412211,1
123605,2012-10-01,0.4664125205672872,0
123606,2012-10-01,0.2553905821172192,0
123607,2012-10-01,0.5741537678274445,0
123608,2012-10-01,0.3263325287646138,0
123609,2012-10-01,0.545770188221691,0
123610,2012-10-01,0.5402950684349894,0
123611,2012-10-01,0.331990338344117,0
123612,2012-10-01,0.21370906693574337,0
123613,2012-10-01,0.26425576858453065,0
123614,2012-10-01,0.231679619830678,0
123615,2012-10-01,0.5455773443472112,1
123616,2012-10-01,0.46792578554194425,0
123617,2012-10-01,0.34294332945813566,0
123618,2012-10-01,0.31848718583431945,0
123619,2012-10-01,0.33455211952095143,0
123620,2012-10-01,0.5059006066816861,1
123621,2012-10-01,0.3596711945780992,1
123622,2012-10-01,0.33767929580265005,1
123623,2012-10-01,0.2965474927590564,0
123624,2012-10-01,0.6530367453193177,1
123625,2012-10-01,0.673827892807395,1
123626,2012-10-01,0.4469030407367937,1
123627,2012-10-01,0.3067080546068689,0
123628,2012-10-01,0.5425099499330975,1
123629,2012-10-01,0.10856749458798119,0
123630,2012-10-01,0.2199071948547709,1
123631,2012-10-01,0.6408807386267642,0
123632,2012-10-01,0.6611111235786884,1
123633,2012-10-01,0.3469302436252756,0
123634,2012-10-01,0.3311583277447073,1
123635,2012-10-01,0.4053862601776691,1
123636,2012-10-01,0.34174602461980697,0
123637,2012-10-01,0.4415698514700342,0
123638,2012-10-01,0.48847238733117204,0
123639,2012-10-01,0.37051087809491523,1
123640,2012-10-01,0.34244605946939505,0
123641,2012-10-01,0.3934577162735985,1
123642,2012-10-01,0.5008216539878577,0
123643,2012-10-01,0.32552003766279564,1
123644,2012-10-01,0.3778180089202294,0
123645,2012-10-01,0.3576109238841949,0
123646,2012-10-01,0.22544454706896527,0
123647,2012-10-01,0.18893368595865856,0
123648,2012-10-01,0.34207915013711415,1
123649,2012-10-01,0.3387743202955159,0
123650,2012-10-01,0.2875105157083661,0
123651,2012-10-01,0.43145150329084336,0
123652,2012-10-01,0.3815117726526401,0
123653,2012-10-01,0.18248195661034564,0
123654,2012-10-01,0.4211496164193765,0
123655,2012-10-01,0.5368869706373495,0
123656,2012-10-01,0.36189672882160917,0
123657,2012-10-01,0.3114916630109562,1
123658,2012-10-01,0.20530495719266562,0
123659,2012-10-01,0.09778510282977836,0
123660,2012-10-01,0.24961370224555524,0
123661,2012-10-01,0.49351857977498736,0
123662,2012-10-01,0.21348289760307818,0
123663,2012-10-01,0.38720550334129666,0
123664,2012-10-01,0.3411777702610625,0
123665,2012-10-01,0.34013191087894895,0
123666,2012-10-01,0.3690937000594751,0
123667,2012-10-01,0.15686158269419687,0
123668,2012-10-01,0.5524780994253505,1
123669,2012-10-01,0.44089343391901553,1
123670,2012-10-01,0.20128281336521234,0
123671,2012-10-01,0.29833778552579876,0
123672,2012-10-01,0.4592591138035378,1
123673,2012-10-01,0.4482930354993072,1
123674,2012-10-01,0.2445780059011659,0
123675,2012-10-01,0.21278781818805448,0
123676,2012-10-01,0.5379823718280377,0
123677,2012-10-01,0.5047985714021922,1
123678,2012-10-01,0.34614075762630564,0
123679,2012-10-01,0.6449907069664383,1
123680,2012-10-01,0.681481726249813,1
123681,2012-10-01,0.4719127478035635,1
123682,2012-10-01,0.23990503421199272,0
123683,2012-10-01,0.2601494480276512,0
123684,2012-10-01,0.5139721667318702,0
123685,2012-10-01,0.1614979223564597,0
123686,2012-10-01,0.44933575294108563,0
123687,2012-10-01,0.5650513547488042,1
123688,2012-10-01,0.20329350812199629,0
123689,2012-10-01,0.1430242032004555,0
123690,2012-10-01,0.20348094407919518,0
123691,2012-10-01,0.5042994314367938,0
123692,2012-10-01,0.2789674180246657,0
123693,2012-10-01,0.38275833349671323,0
123694,2012-10-01,0.5131565852848249,0
123695,2012-10-01,0.5057235527086614,0
123696,2012-10-01,0.18477127147494546,0
123697,2012-10-01,0.516979419031439,0
123698,2012-10-01,0.39171131635750744,0
123699,2012-10-01,0.1850098582872111,1
123700,2012-10-01,0.5925286886389111,0
123701,2012-10-01,0.1880337203464283,0
123702,2012-10-01,0.2539411895708631,0
123703,2012-10-01,0.17728471955079084,0
123704,2012-10-01,0.3464137225662686,1
123705,2012-10-01,0.3940176762298347,0
123706,2012-10-01,0.5868487192072527,1
123707,2012-10-01,0.2884619580349139,0
123708,2012-10-01,0.46791673678860346,1
123709,2012-10-01,0.43776835671570025,0
123710,2012-10-01,0.36597428648035946,0
123711,2012-10-01,0.3000822494628481,1
123712,2012-10-01,0.2464964952435271,0
123713,2012-10-01,0.37314582667626045,1
123714,2012-10-01,0.37651258070951493,0
123715,2012-10-01,0.20714539120940104,0
123716,2012-10-01,0.3329574216453137,0
123717,2012-10-01,0.3998582102188045,1
123718,2012-10-01,0.22599985480252838,0
123719,2012-10-01,0.19510100900317182,0
123720,2012-10-01,0.4481296933504953,0
123721,2012-10-01,0.4072344975582565,1
123722,2012-10-01,0.2433302433934247,1
123723,2012-10-01,0.5596715955426472,1
123724,2012-10-01,0.25825930902540306,1
123725,2012-10-01,0.36643794054348366,0
123726,2012-10-01,0.34074464340129196,0
123727,2012-10-01,0.4498874719645878,0
123728,2012-10-01,0.2624579895886116,0
123729,2012-10-01,0.3709584252587986,0
123730,2012-10-01,0.4719009718540839,0
123731,2012-10-01,0.33829168592666814,1
123732,2012-10-01,0.71694505379296,0
123733,2012-10-01,0.5692005370631418,1
123734,2012-10-01,0.3005317500869211,0
123735,2012-10-01,0.3189235240144187,1
123736,2012-10-01,0.2791406733904951,0
123737,2012-10-01,0.3879444115025386,0
123738,2012-10-01,0.5426594425850204,1
123739,2012-10-01,0.47215863193282126,1
123740,2012-10-01,0.44949089797186675,0
123741,2012-10-01,0.3994192068893214,0
123742,2012-10-01,0.16535618700061447,0
123743,2012-10-01,0.1467955612061092,0
123744,2012-10-01,0.5655672035719832,0
123745,2012-10-01,0.23189315365891508,0
123746,2012-10-01,0.14589209718817378,0
123747,2012-10-01,0.21303877133196994,0
123748,2012-10-01,0.2937843367353299,0
123749,2012-10-01,0.4225387872467929,1
123750,2012-10-01,0.4367273440981331,1
123751,2012-10-01,0.321127810501187,0
123752,2012-10-01,0.3445004746768283,0
123753,2012-10-01,0.566741214246912,1
123754,2012-10-01,0.35808882980673795,0
123755,2012-10-01,0.31191757719964314,1
123756,2012-10-01,0.3388403416091314,0
123757,2012-10-01,0.34133484921887997,0
123758,2012-10-01,0.2538058314510319,0
123759,2012-10-01,0.3726024820611121,0
123760,2012-10-01,0.26211667945893946,0
123761,2012-10-01,0.36441022342346446,0
123762,2012-10-01,0.3521429116513437,0
123763,2012-10-01,0.25938903379038936,0
123764,2012-10-01,0.30128180385203607,0
123765,2012-10-01,0.31406902798376335,0
123766,2012-10-01,0.4686969420328583,0
123767,2012-10-01,0.49714096058486923,1
123768,2012-10-01,0.3121740071413636,0
123769,2012-10-01,0.40597805929997377,0
123770,2012-10-01,0.46548908140491707,1
123771,2012-10-01,0.45675552126112634,0
123772,2012-10-01,0.3936310607081973,0
123773,2012-10-01,0.4103973329751821,1
123774,2012-10-01,0.3952645906747324,0
123775,2012-10-01,0.3625390084693464,0
123776,2012-10-01,0.22598561101717896,0
123777,2012-10-01,0.3564866137421401,0
123778,2012-10-01,0.2060247060044211,0
123779,2012-10-01,0.5640298448680797,1
123780,2012-10-01,0.2419177745989267,1
123781,2012-10-01,0.20619116464453463,0
123782,2012-10-01,0.32569617109213544,0
123783,2012-10-01,0.14604895926434436,0
123784,2012-10-01,0.44192710555509374,1
123785,2012-10-01,0.3512882753783155,0
123786,2012-10-01,0.33293194249842933,0
123787,2012-10-01,0.3206315281046014,0
123788,2012-10-01,0.45860385809331206,1
123789,2012-10-01,0.424950367360648,1
123790,2012-10-01,0.2602776005125781,1
123791,2012-10-01,0.19289537260046571,0
123792,2012-10-01,0.46725656083240014,0
123793,2012-10-01,0.12638034630066985,0
123794,2012-10-01,0.5165934182875219,0
123795,2012-10-01,0.3265370344195681,0
123796,2012-10-01,0.358484852707102,0
123797,2012-10-01,0.40153661276252084,1
123798,2012-10-01,0.2203987331824551,0
123799,2012-10-01,0.20168149704091945,0
123800,2012-10-01,0.4804085503731437,0
123801,2012-10-01,0.3665601074222529,0
123802,2012-10-01,0.2928959096489844,0
123803,2012-10-01,0.282466030327511,0
123804,2012-10-01,0.5291805069581668,1
123805,2012-10-01,0.5965585577339527,0
123806,2012-10-01,0.30127459028481773,0
123807,2012-10-01,0.3828723598335743,0
123808,2012-10-01,0.2962061104643879,1
123809,2012-10-01,0.1453726950678893,1
123810,2012-10-01,0.344287498269234,0
123811,2012-10-01,0.6980270694599299,0
123812,2012-10-01,0.2787580532761982,0
123813,2012-10-01,0.30117648840662353,1
123814,2012-10-01,0.4529358670215187,0
123815,2012-10-01,0.45515061065377055,0
123816,2012-10-01,0.5081824513202032,0
123817,2012-10-01,0.29078716347498,0
123818,2012-10-01,0.45853597695150566,0
123819,2012-10-01,0.5329473579332069,1
123820,2012-10-01,0.3700716632781977,0
123821,2012-10-01,0.2061034281235496,1
123822,2012-10-01,0.4628992946616623,1
123823,2012-10-01,0.2376604460934155,0
123824,2012-10-01,0.24234769476055096,0
123825,2012-10-01,0.22702517631012012,1
123826,2012-10-01,0.17418194544729457,0
123827,2012-10-01,0.17502604073050052,0
123828,2012-10-01,0.31891133304420594,0
123829,2012-10-01,0.3107865844413539,1
123830,2012-10-01,0.428303699979738,0
123831,2012-10-01,0.39523840682497974,0
123832,2012-10-01,0.2095923594537109,0
123833,2012-10-01,0.2356187216491286,0
123834,2012-10-01,0.5180742064788638,1
123835,2012-10-01,0.3500303595576596,0
123836,2012-10-01,0.17361515494848784,0
123837,2012-10-01,0.4048528794009961,1
123838,2012-10-01,0.39863940761882594,0
123839,2012-10-01,0.3153938768879091,1
123840,2012-10-01,0.3788688020796615,0
123841,2012-10-01,0.18195782615402784,0
123842,2012-10-01,0.3945872627093087,1
123843,2012-10-01,0.5905134013880765,1
123844,2012-10-01,0.3536609419471408,0
123845,2012-10-01,0.3465719333406605,1
123846,2012-10-01,0.29234722436385635,0
123847,2012-10-01,0.23793428231541836,1
123848,2012-10-01,0.6871154763788583,1
123849,2012-10-01,0.18030816793372073,0
123850,2012-10-01,0.30483450719333,0
123851,2012-10-01,0.4676590251406435,1
123852,2012-10-01,0.23654756383011544,0
123853,2012-10-01,0.3383524890264658,0
123854,2012-10-01,0.35194529549326325,0
123855,2012-10-01,0.4843474864521101,1
123856,2012-10-01,0.42845865236406516,0
123857,2012-10-01,0.4715088892239769,0
123858,2012-10-01,0.6545116207605141,0
123859,2012-10-01,0.6973278036302356,1
123860,2012-10-01,0.407435081654778,0
123861,2012-10-01,0.3282115362759905,0
123862,2012-10-01,0.48098076280645574,0
123863,2012-10-01,0.46964461396965346,1
123864,2012-10-01,0.47671650104983554,0
123865,2012-10-01,0.2995205857317981,1
123866,2012-10-01,0.22137007319293234,0
123867,2012-10-01,0.5103750364307065,0
123868,2012-10-01,0.5274045499648985,1
123869,2012-10-01,0.4985754513237406,1
123870,2012-10-01,0.35556287430651834,0
123871,2012-10-01,0.38089964306206875,0
123872,2012-10-01,0.2697101665522544,0
123873,2012-10-01,0.2435968624169779,0
123874,2012-10-01,0.5082979632692352,1
123875,2012-10-01,0.40561958933359354,0
123876,2012-10-01,0.2555192730060127,0
123877,2012-10-01,0.12044224064043321,0
123878,2012-10-01,0.2971686411669579,1
123879,2012-10-01,0.32426563218723514,1
123880,2012-10-01,0.3080935928086915,1
123881,2012-10-01,0.48063997308354584,1
123882,2012-10-01,0.32525502336995193,0
123883,2012-10-01,0.33040397047375114,0
123884,2012-10-01,0.5123132133967467,0
123885,2012-10-01,0.4931002487757373,1
123886,2012-10-01,0.24670318006073946,0
123887,2012-10-01,0.41590289406496633,0
123888,2012-10-01,0.3766555377990418,0
123889,2012-10-01,0.26303241385168824,1
123890,2012-10-01,0.18220699185404424,1
123891,2012-10-01,0.6698521729963318,0
123892,2012-10-01,0.4081958644856853,0
123893,2012-10-01,0.12827562980729587,0
123894,2012-10-01,0.3773956571209203,0
123895,2012-10-01,0.08101359906182788,0
123896,2012-10-01,0.27573569381111146,0
123897,2012-10-01,0.3475254466587968,1
123898,2012-10-01,0.18848848563089926,1
123899,2012-10-01,0.39967158207093195,0
123900,2012-10-01,0.32843695065474254,0
123901,2012-10-01,0.5602263203663788,1
123902,2012-10-01,0.39389384938511834,0
123903,2012-10-01,0.4378931471543596,0
123904,2012-10-01,0.5248896543684666,0
123905,2012-10-01,0.28065481215034843,1
123906,2012-10-01,0.3588695317858382,1
123907,2012-10-01,0.5667405600391818,0
123908,2012-10-01,0.3877158775278957,0
123909,2012-10-01,0.26636881921931804,0
123910,2012-10-01,0.4116603362502435,1
123911,2012-10-01,0.4099879817777045,0
123912,2012-10-01,0.36524465579611526,0
123913,2012-10-01,0.5849575324688625,1
123914,2012-10-01,0.5323446614821271,1
123915,2012-10-01,0.3697196892225883,1
123916,2012-10-01,0.4151092191039575,1
123917,2012-10-01,0.4995877069637774,0
123918,2012-10-01,0.4427819963793766,1
123919,2012-10-01,0.2125610588622364,0
123920,2012-10-01,0.6559562973428448,1
123921,2012-10-01,0.12828145957009002,0
123922,2012-10-01,0.4116251945170405,0
123923,2012-10-01,0.4227325188673479,0
123924,2012-10-01,0.2958020447143873,0
123925,2012-10-01,0.4053949465414975,1
123926,2012-10-01,0.32705747693813525,1
123927,2012-10-01,0.26438009533300855,0
123928,2012-10-01,0.24886905419990787,0
123929,2012-10-01,0.4454401676570565,0
123930,2012-10-01,0.3974802721900956,0
123931,2012-10-01,0.344449340802018,1
123932,2012-10-01,0.40588147273843933,0
123933,2012-10-01,0.5118903291175397,0
123934,2012-10-01,0.4041337440713292,1
123935,2012-10-01,0.4256156160745534,1
123936,2012-10-01,0.2956061180723965,0
123937,2012-10-01,0.6312676486061152,1
123938,2012-10-01,0.3758916999331688,0
123939,2012-10-01,0.1277932956518899,1
123940,2012-10-01,0.42224655970956737,0
123941,2012-10-01,0.23775655268461304,1
123942,2012-10-01,0.35028873839240654,1
123943,2012-10-01,0.41989024996849994,0
123944,2012-10-01,0.222059104723423,0
123945,2012-10-01,0.3633783423128271,0
123946,2012-10-01,0.28809058595024273,0
123947,2012-10-01,0.4179013621669016,0
123948,2012-10-01,0.4288464111272125,0
123949,2012-10-01,0.48173619931815703,0
123950,2012-10-01,0.14862256927977574,0
123951,2012-10-01,0.44273325689936016,1
123952,2012-10-01,0.3067915488696984,0
123953,2012-10-01,0.38248284737364374,0
123954,2012-10-01,0.19754916575955558,0
123955,2012-10-01,0.31764841884885847,0
123956,2012-10-01,0.3045409902554889,0
123957,2012-10-01,0.3785629932432634,0
123958,2012-10-01,0.33528989867295017,1
123959,2012-10-01,0.4698541391416372,0
123960,2012-10-01,0.6653162308746632,1
123961,2012-10-01,0.4171274125037848,0
123962,2012-10-01,0.5042928907521425,0
123963,2012-10-01,0.4544668353491656,0
123964,2012-10-01,0.3688761336045406,0
123965,2012-10-01,0.21721134919131999,0
123966,2012-10-01,0.3474949040012232,0
123967,2012-10-01,0.2935162462382012,0
123968,2012-10-01,0.459750536248595,0
123969,2012-10-01,0.352948075127033,0
123970,2012-10-01,0.413817337838862,1
123971,2012-10-01,0.3779709447191787,0
123972,2012-10-01,0.16943963157106132,0
123973,2012-10-01,0.3857408826083259,0
123974,2012-10-01,0.20637142941562708,0
123975,2012-10-01,0.3164371328633663,0
123976,2012-10-01,0.4390521453991913,0
123977,2012-10-01,0.3986199704147915,0
123978,2012-10-01,0.4300208190683009,0
123979,2012-10-01,0.5332959615361056,0
123980,2012-10-01,0.34669918273168515,0
123981,2012-10-01,0.4681255944909355,0
123982,2012-10-01,0.585457809558295,1
123983,2012-10-01,0.24435422062047804,0
123984,2012-10-01,0.23605621268824245,0
123985,2012-10-01,0.3188939920961091,0
123986,2012-10-01,0.29589397991006805,0
123987,2012-10-01,0.18116912726684928,1
123988,2012-10-01,0.27044285482528596,0
123989,2012-10-01,0.46446647236849004,0
123990,2012-10-01,0.32188204335296555,0
123991,2012-10-01,0.2457646684761728,0
123992,2012-10-01,0.4191476910004179,0
123993,2012-10-01,0.32320075589226477,1
123994,2012-10-01,0.24729786754817815,0
123995,2012-10-01,0.1868526031732556,0
123996,2012-10-01,0.22284775326802697,0
123997,2012-10-01,0.19152081607118296,0
123998,2012-10-01,0.5821709745833082,0
123999,2012-10-01,0.3762875614389089,0
124000,2012-10-02,0.2537960391234962,0
124001,2012-10-02,0.21442589757020256,0
124002,2012-10-02,0.25088042596675125,0
124003,2012-10-02,0.268372906957077,0
124004,2012-10-02,0.27223747114636127,0
124005,2012-10-02,0.3317181523327756,0
124006,2012-10-02,0.24161914906937013,1
124007,2012-10-02,0.4001145362226907,0
124008,2012-10-02,0.5442129740799552,1
124009,2012-10-02,0.27399671773381107,0
124010,2012-10-02,0.359841514073167,1
124011,2012-10-02,0.48522028658285743,0
124012,2012-10-02,0.34974576156027154,0
124013,2012-10-02,0.356375908852758,1
124014,2012-10-02,0.4428682512681917,0
124015,2012-10-02,0.16550862759391272,0
124016,2012-10-02,0.3593027053989141,0
124017,2012-10-02,0.18663517693407056,0
124018,2012-10-02,0.3292772831107334,0
124019,2012-10-02,0.3935901356873346,1
124020,2012-10-02,0.3211313974741981,0
124021,2012-10-02,0.0811437985474958,0
124022,2012-10-02,0.5099899809442537,0
124023,2012-10-02,0.4578912029368986,1
124024,2012-10-02,0.6280358468442003,1
124025,2012-10-02,0.3300012730113228,0
124026,2012-10-02,0.2805949465275514,1
124027,2012-10-02,0.24416138289654588,0
124028,2012-10-02,0.45285476239911193,0
124029,2012-10-02,0.2595138665081339,0
124030,2012-10-02,0.3572771474068629,0
124031,2012-10-02,0.42420940809970337,1
124032,2012-10-02,0.4249945449948957,1
124033,2012-10-02,0.25238929425518164,1
124034,2012-10-02,0.3483765131821854,0
124035,2012-10-02,0.36170926101136536,0
124036,2012-10-02,0.5626398197425675,0
124037,2012-10-02,0.3176093545747406,1
124038,2012-10-02,0.24858486968489016,0
124039,2012-10-02,0.2836432212250708,1
124040,2012-10-02,0.3078238780807333,1
124041,2012-10-02,0.6677501335733081,0
124042,2012-10-02,0.3075353855522305,0
124043,2012-10-02,0.19767501788880903,0
124044,2012-10-02,0.2821400345141001,1
124045,2012-10-02,0.5664588063422378,0
124046,2012-10-02,0.3574203038780566,0
124047,2012-10-02,0.11261799160330077,0
124048,2012-10-02,0.272022296274411,0
124049,2012-10-02,0.48074878800656384,0
124050,2012-10-02,0.39518926418331474,0
124051,2012-10-02,0.38279146622167437,0
124052,2012-10-02,0.30430799359837807,0
124053,2012-10-02,0.39120913551548725,0
124054,2012-10-02,0.3084440622430964,0
124055,2012-10-02,0.19253562157366555,0
124056,2012-10-02,0.46669914196782514,1
124057,2012-10-02,0.302163615374492,0
124058,2012-10-02,0.42226875576693196,0
124059,2012-10-02,0.3367659784456737,0
124060,2012-10-02,0.38494425744567123,0
124061,2012-10-02,0.509122793970026,1
124062,2012-10-02,0.27632236734129817,0
124063,2012-10-02,0.2859299829005334,0
124064,2012-10-02,0.41360996018068635,1
124065,2012-10-02,0.21513212088101294,1
124066,2012-10-02,0.20342887021234016,1
124067,2012-10-02,0.4738297771697854,1
124068,2012-10-02,0.4250977754364925,0
124069,2012-10-02,0.5134677559680205,1
124070,2012-10-02,0.4500242557997854,0
124071,2012-10-02,0.34123260773540776,0
124072,2012-10-02,0.2784084480954394,0
124073,2012-10-02,0.3836405662823159,0
124074,2012-10-02,0.40352013585409946,0
124075,2012-10-02,0.41715134470139026,1
124076,2012-10-02,0.32060348768378155,0
124077,2012-10-02,0.4664958330204601,0
124078,2012-10-02,0.3609877415311133,1
124079,2012-10-02,0.2579518295052888,0
124080,2012-10-02,0.19737350073390078,0
124081,2012-10-02,0.35135486320238946,0
124082,2012-10-02,0.58864892764663,1
124083,2012-10-02,0.7066335026059429,0
124084,2012-10-02,0.41533446407238367,0
124085,2012-10-02,0.10861463838065666,0
124086,2012-10-02,0.48807971881055323,0
124087,2012-10-02,0.366611342435529,0
124088,2012-10-02,0.3981262396862732,1
124089,2012-10-02,0.2090621216789496,0
124090,2012-10-02,0.34481144564452026,1
124091,2012-10-02,0.5251370491384642,1
124092,2012-10-02,0.5847989367050255,0
124093,2012-10-02,0.102846970509993,0
124094,2012-10-02,0.30863170029862175,0
124095,2012-10-02,0.2094926960697479,0
124096,2012-10-02,0.20909722695817942,0
124097,2012-10-02,0.31327437786299656,0
124098,2012-10-02,0.32698664528495514,0
124099,2012-10-02,0.1067228214699776,0
124100,2012-10-02,0.4668279570794425,0
124101,2012-10-02,0.1718499134287465,0
124102,2012-10-02,0.18591421779711184,0
124103,2012-10-02,0.29915613781180733,0
124104,2012-10-02,0.31725147762261807,1
124105,2012-10-02,0.3684781770029934,0
124106,2012-10-02,0.4901752372467616,1
124107,2012-10-02,0.4004800188780364,0
124108,2012-10-02,0.32625450794780436,0
124109,2012-10-02,0.40308908670873467,0
124110,2012-10-02,0.6186924889874564,1
124111,2012-10-02,0.31415616904827753,1
124112,2012-10-02,0.2256110755966568,0
124113,2012-10-02,0.42895098275251536,0
124114,2012-10-02,0.16798423196990206,1
124115,2012-10-02,0.6375476498606325,1
124116,2012-10-02,0.43919761747501224,1
124117,2012-10-02,0.2688781894432404,0
124118,2012-10-02,0.4596462206145831,0
124119,2012-10-02,0.4347999300162837,0
124120,2012-10-02,0.3290298971194682,0
124121,2012-10-02,0.5855027167820667,0
124122,2012-10-02,0.17140320467315429,1
124123,2012-10-02,0.38798254866728754,1
124124,2012-10-02,0.16166284407272055,0
124125,2012-10-02,0.25273067364272217,0
124126,2012-10-02,0.20194564010690877,0
124127,2012-10-02,0.39388450734907415,0
124128,2012-10-02,0.25204946027778885,0
124129,2012-10-02,0.38645166660353397,0
124130,2012-10-02,0.31119703413114874,0
124131,2012-10-02,0.25166546389278244,0
124132,2012-10-02,0.5450212932945174,1
124133,2012-10-02,0.15238160221011698,0
124134,2012-10-02,0.30370639936404464,0
124135,2012-10-02,0.5426070146025199,0
124136,2012-10-02,0.34134079927123934,1
124137,2012-10-02,0.3426020758146882,0
124138,2012-10-02,0.26204263676537437,0
124139,2012-10-02,0.27667340921077843,0
124140,2012-10-02,0.5167904701191102,0
124141,2012-10-02,0.19708496696975125,1
124142,2012-10-02,0.2684875001956426,0
124143,2012-10-02,0.2843496234049593,0
124144,2012-10-02,0.559789384610996,1
124145,2012-10-02,0.2813391538287217,1
124146,2012-10-02,0.318002829607276,0
124147,2012-10-02,0.1610500269171476,0
124148,2012-10-02,0.6742636296027027,0
124149,2012-10-02,0.5014332155738935,0
124150,2012-10-02,0.3766262949770512,1
124151,2012-10-02,0.406964106846417,0
124152,2012-10-02,0.30276124426867834,0
124153,2012-10-02,0.261951693340973,1
124154,2012-10-02,0.645771202578196,0
124155,2012-10-02,0.20300215190110746,0
124156,2012-10-02,0.3848168866850183,0
124157,2012-10-02,0.3247677173683878,0
124158,2012-10-02,0.38676809160206865,0
124159,2012-10-02,0.2617382821611466,0
124160,2012-10-02,0.3015254566637065,0
124161,2012-10-02,0.19376772835925968,0
124162,2012-10-02,0.33466685595147755,0
124163,2012-10-02,0.5465536229142045,0
124164,2012-10-02,0.5131409514106692,1
124165,2012-10-02,0.3189485892733909,0
124166,2012-10-02,0.2545121720210695,0
124167,2012-10-02,0.15663355575262702,0
124168,2012-10-02,0.2401686930368804,0
124169,2012-10-02,0.23223366439392237,0
124170,2012-10-02,0.5326069154949213,0
124171,2012-10-02,0.2799695336886716,0
124172,2012-10-02,0.5250691066383869,0
124173,2012-10-02,0.49492868915034294,1
124174,2012-10-02,0.2972603166524491,0
124175,2012-10-02,0.44874594370903803,1
124176,2012-10-02,0.15846351972393044,1
124177,2012-10-02,0.37080050914221324,1
124178,2012-10-02,0.5134108690574578,0
124179,2012-10-02,0.15477160867360898,0
124180,2012-10-02,0.3068000314818186,0
124181,2012-10-02,0.25206080602742004,0
124182,2012-10-02,0.3674231150922657,0
124183,2012-10-02,0.3403512827362377,1
124184,2012-10-02,0.3800564176104229,1
124185,2012-10-02,0.18233239793284284,0
124186,2012-10-02,0.2889289546838684,0
124187,2012-10-02,0.3543449775075373,0
124188,2012-10-02,0.257628595987177,0
124189,2012-10-02,0.25860741170044216,0
124190,2012-10-02,0.14608470936912196,0
124191,2012-10-02,0.5133033459915298,1
124192,2012-10-02,0.4764731403386055,0
124193,2012-10-02,0.39600669681343315,0
124194,2012-10-02,0.16127067544485796,1
124195,2012-10-02,0.5420940721142138,0
124196,2012-10-02,0.2808306884372224,1
124197,2012-10-02,0.4151302156392085,0
124198,2012-10-02,0.3215231849792098,1
124199,2012-10-02,0.1600519491186438,0
124200,2012-10-02,0.24604035804783453,1
124201,2012-10-02,0.5845896022323243,0
124202,2012-10-02,0.4554521393022866,0
124203,2012-10-02,0.28266749277305864,0
124204,2012-10-02,0.2103258259630111,1
124205,2012-10-02,0.43159694830597634,0
124206,2012-10-02,0.4410334805130823,1
124207,2012-10-02,0.07187068173964227,0
124208,2012-10-02,0.3082312272681414,0
124209,2012-10-02,0.26117977224552036,0
124210,2012-10-02,0.287779570952564,1
124211,2012-10-02,0.4786322045122474,1
124212,2012-10-02,0.22419895055605304,0
124213,2012-10-02,0.31082179125415815,1
124214,2012-10-02,0.249271033584613,0
124215,2012-10-02,0.555189057563794,0
124216,2012-10-02,0.39665952032388097,0
124217,2012-10-02,0.2732888216480443,0
124218,2012-10-02,0.3844064878286575,0
124219,2012-10-02,0.2916472863727458,0
124220,2012-10-02,0.5993280612555087,0
124221,2012-10-02,0.21337513171049619,0
124222,2012-10-02,0.4202218638216205,1
124223,2012-10-02,0.43672783994384584,1
124224,2012-10-02,0.2710237991876346,0
124225,2012-10-02,0.4480627782521441,0
124226,2012-10-02,0.32736374261760176,0
124227,2012-10-02,0.29756405330977886,0
124228,2012-10-02,0.2506268089834313,0
124229,2012-10-02,0.1997002395461088,1
124230,2012-10-02,0.1787836918366687,0
124231,2012-10-02,0.4520085552264668,0
124232,2012-10-02,0.2032748583702593,0
124233,2012-10-02,0.3650617184336255,0
124234,2012-10-02,0.3454023206665082,0
124235,2012-10-02,0.3831859501589848,1
124236,2012-10-02,0.15203894195526418,0
124237,2012-10-02,0.4218495635721346,0
124238,2012-10-02,0.3273369246545424,0
124239,2012-10-02,0.18026277274504277,1
124240,2012-10-02,0.1880773722452323,0
124241,2012-10-02,0.4078170255478996,0
124242,2012-10-02,0.17739428444080224,1
124243,2012-10-02,0.4026278931908352,1
124244,2012-10-02,0.33077761767187414,0
124245,2012-10-02,0.3150737758708874,0
124246,2012-10-02,0.47007388152448,1
124247,2012-10-02,0.42636970859129103,1
124248,2012-10-02,0.2237404779865439,0
124249,2012-10-02,0.31731474330693943,0
124250,2012-10-02,0.4276229725782782,1
124251,2012-10-02,0.4180536484051046,1
124252,2012-10-02,0.25877675184810955,0
124253,2012-10-02,0.20611352732913474,1
124254,2012-10-02,0.5260350650834064,1
124255,2012-10-02,0.5478047249768394,0
124256,2012-10-02,0.30951738744870777,1
124257,2012-10-02,0.44123927325105233,0
124258,2012-10-02,0.23273936994498562,0
124259,2012-10-02,0.1406155769524427,0
124260,2012-10-02,0.3679391325179853,0
124261,2012-10-02,0.1457036711672427,0
124262,2012-10-02,0.5289774624353362,0
124263,2012-10-02,0.25101566527474295,0
124264,2012-10-02,0.33877280752978894,0
124265,2012-10-02,0.3876951410271713,1
124266,2012-10-02,0.3357088851016712,0
124267,2012-10-02,0.28004533759645334,0
124268,2012-10-02,0.21678989879565896,0
124269,2012-10-02,0.24951880303853272,1
124270,2012-10-02,0.2088332777131577,0
124271,2012-10-02,0.2926096549406207,0
124272,2012-10-02,0.2028130515441939,0
124273,2012-10-02,0.5177577639518518,0
124274,2012-10-02,0.34442365502283606,0
124275,2012-10-02,0.2140255035411802,0
124276,2012-10-02,0.5008161147254516,1
124277,2012-10-02,0.34123466087596027,0
124278,2012-10-02,0.5056617441798109,0
124279,2012-10-02,0.2684420443068745,0
124280,2012-10-02,0.5712345102566344,1
124281,2012-10-02,0.3305430228977671,0
124282,2012-10-02,0.43721141661757806,0
124283,2012-10-02,0.175240179253344,1
124284,2012-10-02,0.41987711989424037,0
124285,2012-10-02,0.32693850102788014,1
124286,2012-10-02,0.20602098919205958,0
124287,2012-10-02,0.15666429276254631,0
124288,2012-10-02,0.11601423511637465,0
124289,2012-10-02,0.12175963811558448,0
124290,2012-10-02,0.3445183488900147,0
124291,2012-10-02,0.471862951121724,0
124292,2012-10-02,0.4551857635945057,0
124293,2012-10-02,0.19628783216892137,0
124294,2012-10-02,0.3918979141972612,0
124295,2012-10-02,0.32945530640260945,0
124296,2012-10-02,0.3902237499163357,0
124297,2012-10-02,0.5253975663248412,1
124298,2012-10-02,0.42831935955049,0
124299,2012-10-02,0.1906857508083411,0
124300,2012-10-02,0.26800128451127947,0
124301,2012-10-02,0.4069633934383651,0
124302,2012-10-02,0.24136377143895998,0
124303,2012-10-02,0.47677971549741854,1
124304,2012-10-02,0.2439461771454687,0
124305,2012-10-02,0.31557828699180734,0
124306,2012-10-02,0.2625477489851821,1
124307,2012-10-02,0.3699339180567092,0
124308,2012-10-02,0.436028477948498,0
124309,2012-10-02,0.313705531092237,0
124310,2012-10-02,0.26759347780218523,0
124311,2012-10-02,0.3715455701662596,1
124312,2012-10-02,0.3012326409716841,0
124313,2012-10-02,0.22109780355650147,1
124314,2012-10-02,0.2594783222367674,1
124315,2012-10-02,0.3522131563973048,0
124316,2012-10-02,0.31204218075587414,0
124317,2012-10-02,0.33780291856317646,0
124318,2012-10-02,0.3003052764325036,0
124319,2012-10-02,0.38492782021015315,0
124320,2012-10-02,0.3538074777812663,0
124321,2012-10-02,0.29548357089233074,0
124322,2012-10-02,0.3509334612072407,1
124323,2012-10-02,0.5921071152804025,1
124324,2012-10-02,0.2558040102677592,1
124325,2012-10-02,0.4392565268944524,1
124326,2012-10-02,0.35519473341783736,0
124327,2012-10-02,0.2947532299901114,0
124328,2012-10-02,0.18690725632823596,0
124329,2012-10-02,0.5921423471514322,1
124330,2012-10-02,0.3789129295544912,0
124331,2012-10-02,0.35518179527427596,1
124332,2012-10-02,0.36850957480466356,0
124333,2012-10-02,0.26806634984889893,0
124334,2012-10-02,0.265238821349561,0
124335,2012-10-02,0.11516346971732941,0
124336,2012-10-02,0.4791947408268915,1
124337,2012-10-02,0.3122849002025206,1
124338,2012-10-02,0.22920423565070086,0
124339,2012-10-02,0.4628347675095729,0
124340,2012-10-02,0.1461141415586825,0
124341,2012-10-02,0.34086132777209593,0
124342,2012-10-02,0.4213522643760111,0
124343,2012-10-02,0.3843411158118583,0
124344,2012-10-02,0.2839904643840103,0
124345,2012-10-02,0.36215126315656354,0
124346,2012-10-02,0.30415349411004416,0
124347,2012-10-02,0.48625379843152,1
124348,2012-10-02,0.2674740057934173,1
124349,2012-10-02,0.14074088497693082,0
124350,2012-10-02,0.19968595741319925,0
124351,2012-10-02,0.4005998777511904,0
124352,2012-10-02,0.27358983136953813,0
124353,2012-10-02,0.5057896932787221,0
124354,2012-10-02,0.23339975013342426,0
124355,2012-10-02,0.40968880601713886,1
124356,2012-10-02,0.33834848404045936,0
124357,2012-10-02,0.4682245220142917,1
124358,2012-10-02,0.609100057465573,1
124359,2012-10-02,0.5068182259072898,0
124360,2012-10-02,0.3191461712733363,0
124361,2012-10-02,0.5031312042429089,0
124362,2012-10-02,0.30158773277036266,0
124363,2012-10-02,0.3510152326461794,0
124364,2012-10-02,0.4228188132328742,0
124365,2012-10-02,0.4574043353578309,0
124366,2012-10-02,0.522899818861951,0
124367,2012-10-02,0.24863668829719124,0
124368,2012-10-02,0.413825976112831,1
124369,2012-10-02,0.1965739897365093,0
124370,2012-10-02,0.3440320107571657,1
124371,2012-10-02,0.4308306555884823,0
124372,2012-10-02,0.3074564726676574,0
124373,2012-10-02,0.3271125444838952,0
124374,2012-10-03,0.2963943498984206,0
124375,2012-10-03,0.27455454307633587,0
124376,2012-10-03,0.5630864642230583,0
124377,2012-10-03,0.3484600872224351,0
124378,2012-10-03,0.4371063419925166,0
124379,2012-10-03,0.3468108596474047,1
124380,2012-10-03,0.6035157204168399,0
124381,2012-10-03,0.5211751735338753,1
124382,2012-10-03,0.2179161392658028,0
124383,2012-10-03,0.45069166191359256,1
124384,2012-10-03,0.1845762142922512,0
124385,2012-10-03,0.3945727244720787,0
124386,2012-10-03,0.5448059403542341,1
124387,2012-10-03,0.30768238748727056,0
124388,2012-10-03,0.40581268671580756,1
124389,2012-10-03,0.42264818805528587,0
124390,2012-10-03,0.36488363231349347,0
124391,2012-10-03,0.4501828066098692,0
124392,2012-10-03,0.41906839747319874,0
124393,2012-10-03,0.4255796326119977,0
124394,2012-10-03,0.2693777818680708,0
124395,2012-10-03,0.5642130644351797,0
124396,2012-10-03,0.28608542009511584,0
124397,2012-10-03,0.46086369517953046,1
124398,2012-10-03,0.29333861060990296,1
124399,2012-10-03,0.3769563925828969,1
124400,2012-10-03,0.587285233730043,0
124401,2012-10-03,0.5292569552850651,0
124402,2012-10-03,0.46539264126600094,0
124403,2012-10-03,0.3094733813213442,1
124404,2012-10-03,0.29111318653051393,0
124405,2012-10-03,0.22053316018968658,0
124406,2012-10-03,0.17520206094869722,0
124407,2012-10-03,0.31357612461577217,0
124408,2012-10-03,0.42460597197578637,0
124409,2012-10-03,0.49078772197683207,1
124410,2012-10-03,0.19049143877270475,0
124411,2012-10-03,0.08723051854674638,0
124412,2012-10-03,0.44447105080258303,1
124413,2012-10-03,0.5399858828756268,1
124414,2012-10-03,0.18373261016993045,0
124415,2012-10-03,0.2605292395768568,1
124416,2012-10-03,0.36329775180845797,0
124417,2012-10-03,0.4515420465595987,0
124418,2012-10-03,0.6925623901496599,0
124419,2012-10-03,0.16144365955180848,0
124420,2012-10-03,0.5739245068876399,1
124421,2012-10-03,0.5127451894116198,0
124422,2012-10-03,0.42941241792920265,0
124423,2012-10-03,0.6947027996339783,0
124424,2012-10-03,0.3846712218908469,0
124425,2012-10-03,0.375886515651511,0
124426,2012-10-03,0.44316776538868013,1
124427,2012-10-03,0.38640664898636745,1
124428,2012-10-03,0.3757941216289312,1
124429,2012-10-03,0.26726816023921396,0
124430,2012-10-03,0.5195967333314941,1
124431,2012-10-03,0.4304472604311766,0
124432,2012-10-03,0.41799682874435956,0
124433,2012-10-03,0.390350576412261,1
124434,2012-10-03,0.5115165011283529,1
124435,2012-10-03,0.4390805622470633,0
124436,2012-10-03,0.4226236267530297,0
124437,2012-10-03,0.2705542448220804,0
124438,2012-10-03,0.455910293018515,0
124439,2012-10-03,0.1721362791852126,0
124440,2012-10-03,0.5889677721171962,1
124441,2012-10-03,0.45385932205001467,0
124442,2012-10-03,0.15492488680685276,1
124443,2012-10-03,0.2072793229154976,0
124444,2012-10-03,0.2229903012387047,0
124445,2012-10-03,0.2855440915220012,0
124446,2012-10-03,0.26979410284417,0
124447,2012-10-03,0.4715187793853148,0
124448,2012-10-03,0.44850919319671056,1
124449,2012-10-03,0.3525120868528448,1
124450,2012-10-03,0.39383356677197695,1
124451,2012-10-03,0.40636823195256183,0
124452,2012-10-03,0.27430431144377193,0
124453,2012-10-03,0.20140012037573055,0
124454,2012-10-03,0.37555467070955867,1
124455,2012-10-03,0.2595858292361346,0
124456,2012-10-03,0.27858595918783535,0
124457,2012-10-03,0.3543321327934812,0
124458,2012-10-03,0.5387828336671698,1
124459,2012-10-03,0.4201358695670175,1
124460,2012-10-03,0.23858664654876377,0
124461,2012-10-03,0.2468269560401907,1
124462,2012-10-03,0.177916531320647,0
124463,2012-10-03,0.39033676337616335,0
124464,2012-10-03,0.17532542277857321,0
124465,2012-10-03,0.1920186163839254,0
124466,2012-10-03,0.1891406030534902,1
124467,2012-10-03,0.3902292221286824,0
124468,2012-10-03,0.42028462608793066,0
124469,2012-10-03,0.17785310668905438,1
124470,2012-10-03,0.3604482943803605,0
124471,2012-10-03,0.4583017744298122,0
124472,2012-10-03,0.5383439197515804,1
124473,2012-10-03,0.36993223483429066,0
124474,2012-10-03,0.48361759990125586,0
124475,2012-10-03,0.6948430386508001,1
124476,2012-10-03,0.5050462522286059,1
124477,2012-10-03,0.24561588088588185,0
124478,2012-10-03,0.3561301827995582,0
124479,2012-10-03,0.3413925076485024,0
124480,2012-10-03,0.4975927223886554,1
124481,2012-10-03,0.6054492152311238,1
124482,2012-10-03,0.4166342739644775,0
124483,2012-10-03,0.5817242801954665,0
124484,2012-10-03,0.45350883850324325,0
124485,2012-10-03,0.24409597330055763,0
124486,2012-10-03,0.26022597583457385,0
124487,2012-10-03,0.338638302682005,0
124488,2012-10-03,0.43744336040999293,0
124489,2012-10-03,0.19694577499754465,0
124490,2012-10-03,0.48524105969490433,0
124491,2012-10-03,0.3223188977319025,0
124492,2012-10-03,0.38642608328427525,0
124493,2012-10-03,0.20837967861652942,0
124494,2012-10-03,0.23149757855382933,0
124495,2012-10-03,0.5193509433093829,0
124496,2012-10-03,0.1971508855171108,0
124497,2012-10-03,0.5732225012040255,1
124498,2012-10-03,0.18363175903769574,0
124499,2012-10-03,0.33955695892865917,0
124500,2012-10-03,0.5784773887173819,0
124501,2012-10-03,0.22732474771223454,0
124502,2012-10-03,0.4098314203994698,1
124503,2012-10-03,0.5229419548752618,0
124504,2012-10-03,0.31557045851902926,0
124505,2012-10-03,0.4193458431759693,0
124506,2012-10-03,0.17604830506533967,0
124507,2012-10-03,0.40246811787518827,0
124508,2012-10-03,0.4257560875891685,0
124509,2012-10-03,0.46698343716925594,0
124510,2012-10-03,0.39937366776802313,0
124511,2012-10-03,0.3757557715024892,1
124512,2012-10-03,0.41443439305393953,1
124513,2012-10-03,0.2941851351041509,1
124514,2012-10-03,0.38040680987171416,0
124515,2012-10-03,0.4246753537782208,0
124516,2012-10-03,0.39598832583793175,1
124517,2012-10-03,0.341254030168859,0
124518,2012-10-03,0.47388266450815586,0
124519,2012-10-03,0.3480983990481822,0
124520,2012-10-03,0.1922419753662498,0
124521,2012-10-03,0.27234533804646965,0
124522,2012-10-03,0.21968255212962143,0
124523,2012-10-03,0.43723404336151656,1
124524,2012-10-03,0.24089752763391487,0
124525,2012-10-03,0.13908513601297348,0
124526,2012-10-03,0.22951611635140792,0
124527,2012-10-03,0.4395391756172526,0
124528,2012-10-03,0.34083387793190545,0
124529,2012-10-03,0.163173661660305,0
124530,2012-10-03,0.5999669087784099,1
124531,2012-10-03,0.2011680748963761,0
124532,2012-10-03,0.3680374177387951,0
124533,2012-10-03,0.44868134999126097,0
124534,2012-10-03,0.1809988147377409,0
124535,2012-10-03,0.48209820427598865,0
124536,2012-10-03,0.4958490005242143,1
124537,2012-10-03,0.20713504867586607,0
124538,2012-10-03,0.33346206516639115,0
124539,2012-10-03,0.3517915924658262,1
124540,2012-10-03,0.3707514153456859,0
124541,2012-10-03,0.40503490663752517,1
124542,2012-10-03,0.3749415000713719,0
124543,2012-10-03,0.45992373289940036,0
124544,2012-10-03,0.38755002002254285,0
124545,2012-10-03,0.7043055941200699,0
124546,2012-10-03,0.1252202568138182,0
124547,2012-10-03,0.232877951494444,0
124548,2012-10-03,0.38054043193234444,0
124549,2012-10-03,0.7381036253737162,1
124550,2012-10-03,0.18993151778261919,0
124551,2012-10-03,0.3789924227028762,0
124552,2012-10-03,0.16606801228830845,0
124553,2012-10-03,0.2558607163591901,1
124554,2012-10-03,0.19893142089654195,0
124555,2012-10-03,0.4701288752091301,0
124556,2012-10-03,0.2592183766584918,0
124557,2012-10-03,0.529250260817172,0
124558,2012-10-03,0.2417254545139062,0
124559,2012-10-03,0.3316919075515632,0
124560,2012-10-03,0.27600755177245434,0
124561,2012-10-03,0.5358145654914653,1
124562,2012-10-03,0.38482540864260595,0
124563,2012-10-03,0.2892992498242438,0
124564,2012-10-03,0.3362606252387947,0
124565,2012-10-03,0.40140619843160363,0
124566,2012-10-03,0.33324428728565497,0
124567,2012-10-03,0.2335776797370712,0
124568,2012-10-03,0.665070654763939,0
124569,2012-10-03,0.32741936077692624,0
124570,2012-10-03,0.514669367344067,0
124571,2012-10-03,0.3063352049922926,0
124572,2012-10-03,0.2563586736616542,0
124573,2012-10-03,0.42444987278718793,1
124574,2012-10-03,0.627102880960002,1
124575,2012-10-03,0.31059578489715584,0
124576,2012-10-03,0.3313966820301146,1
124577,2012-10-03,0.15980817400843822,0
124578,2012-10-03,0.15852820770834028,0
124579,2012-10-03,0.5981208725223083,1
124580,2012-10-03,0.512501782144379,0
124581,2012-10-03,0.2989581097435688,0
124582,2012-10-03,0.3908529849079396,0
124583,2012-10-03,0.2679355638140897,0
124584,2012-10-03,0.506003358245984,1
124585,2012-10-03,0.33528254134114727,0
124586,2012-10-03,0.33237119778920166,0
124587,2012-10-03,0.359472905921401,0
124588,2012-10-03,0.35328663689418355,1
124589,2012-10-03,0.4747395883615646,1
124590,2012-10-03,0.17649767944644548,0
124591,2012-10-03,0.30213974041687763,0
124592,2012-10-03,0.22091931734341694,0
124593,2012-10-03,0.5505750676558052,1
124594,2012-10-03,0.22816059554549195,0
124595,2012-10-03,0.35677698564682164,0
124596,2012-10-03,0.21251901614957272,0
124597,2012-10-03,0.12701017895408442,0
124598,2012-10-03,0.30283541380147005,0
124599,2012-10-03,0.40498645523058996,1
124600,2012-10-03,0.32828441166920064,0
124601,2012-10-03,0.5924612330233096,1
124602,2012-10-03,0.5992965372664862,0
124603,2012-10-03,0.4371384357311273,0
124604,2012-10-03,0.15246835183898863,0
124605,2012-10-03,0.40617225885661395,0
124606,2012-10-03,0.25959478224467947,0
124607,2012-10-03,0.47999731945270524,0
124608,2012-10-03,0.45508833849900193,0
124609,2012-10-03,0.39861350173841764,0
124610,2012-10-03,0.3614644555997363,0
124611,2012-10-03,0.33951563713894617,1
124612,2012-10-03,0.4119945854287652,0
124613,2012-10-03,0.19555008526624443,0
124614,2012-10-03,0.3986350703708576,1
124615,2012-10-03,0.23295882079537292,0
124616,2012-10-03,0.21743722936803586,1
124617,2012-10-03,0.2661733788041206,1
124618,2012-10-03,0.3189320330567634,0
124619,2012-10-03,0.41572416546180607,1
124620,2012-10-03,0.49007141348038463,1
124621,2012-10-03,0.5110158283612657,0
124622,2012-10-03,0.2862102350550254,0
124623,2012-10-03,0.46492918427902713,0
124624,2012-10-03,0.5722657770932538,0
124625,2012-10-03,0.3799999298227195,0
124626,2012-10-03,0.26361048692382766,0
124627,2012-10-03,0.23837038456208998,0
124628,2012-10-03,0.39138978949584835,1
124629,2012-10-03,0.1686924409843382,0
124630,2012-10-03,0.4170760665006878,0
124631,2012-10-03,0.2918705092217246,0
124632,2012-10-03,0.7164128652304329,1
124633,2012-10-03,0.21545880865153139,0
124634,2012-10-03,0.5402848232810271,0
124635,2012-10-03,0.29261401755227945,0
124636,2012-10-03,0.21088940582772508,0
124637,2012-10-03,0.487212394318829,0
124638,2012-10-03,0.2798802924132742,0
124639,2012-10-03,0.505292258352589,1
124640,2012-10-03,0.2468254593603039,0
124641,2012-10-03,0.23203326305018723,0
124642,2012-10-03,0.2767459725058012,0
124643,2012-10-03,0.37493288968521826,1
124644,2012-10-03,0.16722321978328278,0
124645,2012-10-03,0.23031147399476218,0
124646,2012-10-03,0.29511208435231434,0
124647,2012-10-03,0.3687044754652134,0
124648,2012-10-03,0.3849228970099316,1
124649,2012-10-03,0.23141041621851843,0
124650,2012-10-03,0.21172427183761325,0
124651,2012-10-03,0.33926632269255724,0
124652,2012-10-03,0.24255941997044547,0
124653,2012-10-03,0.27842098233824136,0
124654,2012-10-03,0.48246947332794216,0
124655,2012-10-03,0.3004077820213063,0
124656,2012-10-03,0.6406607358833577,0
124657,2012-10-03,0.2672698704966882,0
124658,2012-10-03,0.45938583578549824,1
124659,2012-10-03,0.24325759311273698,1
124660,2012-10-03,0.38441148104292905,0
124661,2012-10-03,0.585887738151463,0
124662,2012-10-03,0.21856710364500528,0
124663,2012-10-03,0.39791338499574275,0
124664,2012-10-03,0.184593620740767,0
124665,2012-10-03,0.479767040117707,0
124666,2012-10-03,0.33221486353194,0
124667,2012-10-03,0.15810018036451232,0
124668,2012-10-03,0.408546643368473,1
124669,2012-10-03,0.2542258489336598,0
124670,2012-10-03,0.296700288511167,1
124671,2012-10-03,0.3194846477277654,0
124672,2012-10-03,0.34998916028189736,1
124673,2012-10-03,0.5312104167822712,0
124674,2012-10-03,0.43040789492238396,0
124675,2012-10-03,0.20309895339406975,0
124676,2012-10-03,0.2547755407540991,0
124677,2012-10-03,0.1898927774122147,0
124678,2012-10-03,0.20851618257714985,0
124679,2012-10-03,0.4497787062911224,0
124680,2012-10-03,0.499840342484527,1
124681,2012-10-03,0.19534874862632776,0
124682,2012-10-03,0.341866526684635,0
124683,2012-10-03,0.303818960634138,0
124684,2012-10-03,0.35762790608897355,1
124685,2012-10-03,0.20948179186689822,0
124686,2012-10-03,0.5597214852435755,1
124687,2012-10-03,0.15262173627557007,0
124688,2012-10-03,0.31688132454064766,0
124689,2012-10-03,0.32462364368948227,0
124690,2012-10-03,0.7060858501135716,0
124691,2012-10-03,0.2875121176261739,1
124692,2012-10-03,0.24713437597209184,0
124693,2012-10-03,0.44970856893684824,0
124694,2012-10-03,0.2250748492385058,0
124695,2012-10-03,0.38717938846105576,0
124696,2012-10-03,0.45664508401599135,0
124697,2012-10-03,0.6935898564715796,0
124698,2012-10-03,0.2910816515450746,0
124699,2012-10-03,0.15474935304940582,0
124700,2012-10-03,0.21776423166167458,0
124701,2012-10-03,0.17522954792804873,1
124702,2012-10-03,0.2517048282678725,0
124703,2012-10-03,0.447907606030403,1
124704,2012-10-03,0.31927271616341496,1
124705,2012-10-03,0.43381821529084874,1
124706,2012-10-03,0.23519099085205997,0
124707,2012-10-03,0.15509653386183264,0
124708,2012-10-03,0.3598045977385539,0
124709,2012-10-03,0.3640510006328709,0
124710,2012-10-03,0.44787416302525745,1
124711,2012-10-03,0.4168642622367568,0
124712,2012-10-03,0.5499476566132343,0
124713,2012-10-03,0.33426412018295637,0
124714,2012-10-03,0.4271803727482528,0
124715,2012-10-03,0.46693127150371694,0
124716,2012-10-03,0.309483876039431,0
124717,2012-10-03,0.31098817190198935,0
124718,2012-10-03,0.33309095393786586,1
124719,2012-10-03,0.2831660285781811,0
124720,2012-10-03,0.32039046545132893,0
124721,2012-10-03,0.5982620791642974,1
124722,2012-10-03,0.29105346939618426,0
124723,2012-10-03,0.14653569307292683,0
124724,2012-10-03,0.5918976275842625,0
124725,2012-10-03,0.3937747372284428,1
124726,2012-10-03,0.27895202977835026,0
124727,2012-10-03,0.3693564812103747,1
124728,2012-10-03,0.3904718494855011,1
124729,2012-10-03,0.37502812820204384,0
124730,2012-10-03,0.3358729145447458,0
124731,2012-10-03,0.3011805971745602,1
124732,2012-10-03,0.26691026255687433,0
124733,2012-10-03,0.19596951175545033,0
124734,2012-10-03,0.31301637670126325,0
124735,2012-10-03,0.40908560937896776,0
124736,2012-10-03,0.2977093289496013,0
124737,2012-10-03,0.5755875763925882,0
124738,2012-10-03,0.33449122555306676,0
124739,2012-10-03,0.37533340198249,1
124740,2012-10-03,0.41998006130102855,1
124741,2012-10-03,0.30522695251330056,0
124742,2012-10-03,0.37353038424781376,0
124743,2012-10-03,0.2676609233511022,0
124744,2012-10-03,0.6004003235392188,0
124745,2012-10-03,0.2020219891542009,0
124746,2012-10-03,0.4438493508591422,1
124747,2012-10-03,0.5000597227489362,1
124748,2012-10-03,0.601736978910758,0
124749,2012-10-03,0.329098313957934,0
124750,2012-10-03,0.38687708707293966,1
124751,2012-10-03,0.2543502450606878,0
124752,2012-10-03,0.3898629655494692,0
124753,2012-10-03,0.2389020229665367,0
124754,2012-10-03,0.2311957820587648,0
124755,2012-10-03,0.5379349778656618,0
124756,2012-10-03,0.5135770623058137,0
124757,2012-10-03,0.3227080096260916,0
124758,2012-10-03,0.2599030701909722,1
124759,2012-10-03,0.49821305872088956,1
124760,2012-10-03,0.45559142385556556,0
124761,2012-10-03,0.544125668862103,1
124762,2012-10-03,0.41123531487919057,0
124763,2012-10-03,0.46916189228261823,0
124764,2012-10-03,0.42070324952840354,1
124765,2012-10-03,0.23480248501431594,1
124766,2012-10-03,0.25962747371068134,0
124767,2012-10-03,0.4079650227251002,1
124768,2012-10-03,0.10801918920265118,1
124769,2012-10-03,0.554108404058325,0
124770,2012-10-03,0.3078697463329356,0
124771,2012-10-03,0.28386221772301545,0
124772,2012-10-03,0.49408714946268834,0
124773,2012-10-03,0.3712355479063796,1
124774,2012-10-03,0.10074778416128648,0
124775,2012-10-03,0.3411952160253902,0
124776,2012-10-03,0.5390968618928281,1
124777,2012-10-03,0.4510920313906503,0
124778,2012-10-03,0.3752462748000816,0
124779,2012-10-03,0.3669642577235971,1
124780,2012-10-03,0.31813953230662984,0
124781,2012-10-03,0.45443830120345213,0
124782,2012-10-03,0.35031679734266635,0
124783,2012-10-03,0.26666941781321146,0
124784,2012-10-03,0.5022830185355959,0
124785,2012-10-03,0.40754575678315236,1
124786,2012-10-03,0.24574581825038272,0
124787,2012-10-03,0.30667777625668247,0
124788,2012-10-03,0.29053260172887946,0
124789,2012-10-03,0.32148243690769757,1
124790,2012-10-03,0.4620018530977593,0
124791,2012-10-03,0.5722127450903041,1
124792,2012-10-03,0.30749353632501764,0
124793,2012-10-03,0.43318889263723903,0
124794,2012-10-03,0.2832380956670623,0
124795,2012-10-03,0.43828862016117637,0
124796,2012-10-03,0.39464514704591125,0
124797,2012-10-03,0.3595750366707221,0
124798,2012-10-03,0.6095753972784915,0
124799,2012-10-03,0.28309568949388164,0
124800,2012-10-03,0.2620459614989006,0
124801,2012-10-03,0.29861498037746315,1
124802,2012-10-03,0.6055891419501765,0
124803,2012-10-03,0.43746511576807945,1
124804,2012-10-03,0.5597329473518531,1
124805,2012-10-03,0.45893259430344036,0
124806,2012-10-03,0.3307165266784306,1
124807,2012-10-03,0.28015642110526995,0
124808,2012-10-03,0.35201502651247807,0
124809,2012-10-03,0.26615793756137957,0
124810,2012-10-03,0.25725070927872135,0
124811,2012-10-03,0.39643098689714884,0
124812,2012-10-03,0.3537634033681556,0
124813,2012-10-03,0.24059072909799495,0
124814,2012-10-03,0.3044878005614269,1
124815,2012-10-03,0.25953338708255036,1
124816,2012-10-03,0.34251483240649894,0
124817,2012-10-03,0.3074169433898994,0
124818,2012-10-03,0.31414409767725515,0
124819,2012-10-03,0.490992818130626,0
124820,2012-10-03,0.43107792464577094,0
124821,2012-10-03,0.4737849689871384,1
124822,2012-10-03,0.2836381452700618,0
124823,2012-10-03,0.5275408085694407,1
124824,2012-10-03,0.4646539930995495,1
124825,2012-10-03,0.2458772564382691,0
124826,2012-10-03,0.24183017124866155,1
124827,2012-10-03,0.24625938213057572,0
124828,2012-10-03,0.3054502918465185,0
124829,2012-10-03,0.5441154510049382,0
124830,2012-10-03,0.47202339070946403,0
124831,2012-10-03,0.29014366505680206,0
124832,2012-10-03,0.5794810679379212,0
124833,2012-10-03,0.15120168537415285,0
124834,2012-10-03,0.38277618628262833,0
124835,2012-10-03,0.461565969595468,1
124836,2012-10-03,0.5568405274533578,1
124837,2012-10-03,0.19900177140811454,1
124838,2012-10-03,0.36906455475878286,0
124839,2012-10-03,0.3707401393755638,1
124840,2012-10-03,0.1683411986416579,0
124841,2012-10-03,0.45169875035642176,0
124842,2012-10-03,0.3929434502467585,0
124843,2012-10-03,0.5852726844879504,1
124844,2012-10-03,0.1297858959375863,0
124845,2012-10-03,0.7087815141902357,0
124846,2012-10-03,0.34568652792190435,0
124847,2012-10-03,0.4658583783138528,0
124848,2012-10-03,0.48010043505427585,1
124849,2012-10-03,0.2487790606983039,0
124850,2012-10-03,0.2726625336256319,0
124851,2012-10-03,0.2948984407493675,1
124852,2012-10-03,0.10681091155224007,0
124853,2012-10-03,0.30374405217855344,0
124854,2012-10-03,0.3608123728631894,0
124855,2012-10-03,0.49301639877097425,0
124856,2012-10-03,0.3778965863335286,0
124857,2012-10-03,0.5730927363725322,0
124858,2012-10-03,0.4158405998138809,1
124859,2012-10-03,0.5251741690130128,1
124860,2012-10-03,0.3275931559692026,0
124861,2012-10-03,0.33506726200231113,0
124862,2012-10-03,0.49924605377606723,0
124863,2012-10-03,0.1923945335973704,0
124864,2012-10-03,0.30434851971399013,1
124865,2012-10-03,0.3787716058099061,0
124866,2012-10-03,0.5920909199115904,0
124867,2012-10-04,0.420027935557781,0
124868,2012-10-04,0.23618303889666606,0
124869,2012-10-04,0.3019945456007621,0
124870,2012-10-04,0.2002982289470205,0
124871,2012-10-04,0.39461910121657007,0
124872,2012-10-04,0.2591075103201837,0
124873,2012-10-04,0.5489013513929242,0
124874,2012-10-04,0.2102210416015185,0
124875,2012-10-04,0.6360858491121525,0
124876,2012-10-04,0.260336289951803,0
124877,2012-10-04,0.49036526193015256,0
124878,2012-10-04,0.3470461888293383,0
124879,2012-10-04,0.33121245429389856,0
124880,2012-10-04,0.15677696626154924,0
124881,2012-10-04,0.43512873670731333,0
124882,2012-10-04,0.25333680666110714,0
124883,2012-10-04,0.5066368376467918,1
124884,2012-10-04,0.284817506017151,0
124885,2012-10-04,0.37523002229010066,0
124886,2012-10-04,0.30772650596459195,1
124887,2012-10-04,0.3731650352561413,0
124888,2012-10-04,0.20415000247087456,0
124889,2012-10-04,0.1496168129933648,0
124890,2012-10-04,0.22623795963241008,0
124891,2012-10-04,0.40061741517715826,0
124892,2012-10-04,0.47108460299065785,0
124893,2012-10-04,0.31029780508650323,1
124894,2012-10-04,0.16917120950701856,0
124895,2012-10-04,0.3090949387088517,0
124896,2012-10-04,0.5469458536644386,0
124897,2012-10-04,0.345682757750267,0
124898,2012-10-04,0.28873362435443783,0
124899,2012-10-04,0.6326980844866953,1
124900,2012-10-04,0.30091861543063336,1
124901,2012-10-04,0.25195353033035056,0
124902,2012-10-04,0.3525190249682012,0
124903,2012-10-04,0.20391690374612617,0
124904,2012-10-04,0.21594771417423408,0
124905,2012-10-04,0.5965566941852235,1
124906,2012-10-04,0.24804403420967372,0
124907,2012-10-04,0.4124968273668844,1
124908,2012-10-04,0.2947104013189779,0
124909,2012-10-04,0.6285797552648835,1
124910,2012-10-04,0.2248373604029535,0
124911,2012-10-04,0.5959804639365134,0
124912,2012-10-04,0.3414074021799868,1
124913,2012-10-04,0.391899938473024,0
124914,2012-10-04,0.17568054053792895,0
124915,2012-10-04,0.3785546184344194,0
124916,2012-10-04,0.5240593305037325,0
124917,2012-10-04,0.3014814124210661,1
124918,2012-10-04,0.27380561072221565,0
124919,2012-10-04,0.20328301333594684,0
124920,2012-10-04,0.14570446261666586,0
124921,2012-10-04,0.21841237431558974,1
124922,2012-10-04,0.3035067487966537,0
124923,2012-10-04,0.27376577641058986,0
124924,2012-10-04,0.2002982289470205,0
124925,2012-10-04,0.4351437405709941,0
124926,2012-10-04,0.2610065456505367,0
124927,2012-10-04,0.32381117939478504,0
124928,2012-10-04,0.26374775294326974,0
124929,2012-10-04,0.4140045060664882,0
124930,2012-10-04,0.45658052501538393,1
124931,2012-10-04,0.3964249260879312,1
124932,2012-10-04,0.4678855997405684,1
124933,2012-10-04,0.2708673834564356,1
124934,2012-10-04,0.22169383397948567,0
124935,2012-10-04,0.6302081121684817,1
124936,2012-10-04,0.23797955078115365,0
124937,2012-10-04,0.35732738194632024,1
124938,2012-10-04,0.3372513050317897,0
124939,2012-10-04,0.38784622021652254,1
124940,2012-10-04,0.3504151790068498,0
124941,2012-10-04,0.07609761984644917,0
124942,2012-10-04,0.4467432083044751,0
124943,2012-10-04,0.3964482767348346,0
124944,2012-10-04,0.584344426735185,1
124945,2012-10-04,0.5417625240021963,0
124946,2012-10-04,0.1704268463370335,0
124947,2012-10-04,0.32215692613771985,0
124948,2012-10-04,0.6391125427319793,0
124949,2012-10-04,0.38384747609995984,1
124950,2012-10-04,0.21194144957916558,0
124951,2012-10-04,0.38642804865612695,1
124952,2012-10-04,0.2636500380333732,0
124953,2012-10-04,0.44325093828943135,0
124954,2012-10-04,0.3178163150974244,0
124955,2012-10-04,0.247692281049054,1
124956,2012-10-04,0.250054138065046,0
124957,2012-10-04,0.2846259122024192,0
124958,2012-10-04,0.4280449414545101,0
124959,2012-10-04,0.4435624970862087,0
124960,2012-10-04,0.5349033975701463,0
124961,2012-10-04,0.5804845858830503,1
124962,2012-10-04,0.42426074700432687,0
124963,2012-10-04,0.345525012469847,0
124964,2012-10-04,0.19048057668527024,1
124965,2012-10-04,0.3215949461632187,0
124966,2012-10-04,0.5800624678947949,0
124967,2012-10-04,0.25931653738664623,0
124968,2012-10-04,0.2950339560848098,0
124969,2012-10-04,0.5109690898346604,0
124970,2012-10-04,0.31498268793212275,0
124971,2012-10-04,0.14796148738203327,0
124972,2012-10-04,0.2696067101716628,1
124973,2012-10-04,0.3987839576204013,0
124974,2012-10-04,0.512058143854742,1
124975,2012-10-04,0.20740039652045686,0
124976,2012-10-04,0.5128381981369177,1
124977,2012-10-04,0.35452152556851285,0
124978,2012-10-04,0.4385359504879226,0
124979,2012-10-04,0.665644258329644,1
124980,2012-10-04,0.1818259919229533,0
124981,2012-10-04,0.2134835104114418,1
124982,2012-10-04,0.5161147578201274,1
124983,2012-10-04,0.20363593790374387,0
124984,2012-10-04,0.27943462990854545,0
124985,2012-10-04,0.3628441745317187,0
124986,2012-10-04,0.34565410240300626,0
124987,2012-10-04,0.2552644049542974,0
124988,2012-10-04,0.3729460630316979,0
124989,2012-10-04,0.3859811325835224,0
124990,2012-10-04,0.4399697906338783,0
124991,2012-10-04,0.5146883839529445,1
124992,2012-10-04,0.20823885879920553,1
124993,2012-10-04,0.48315157234865924,0
124994,2012-10-04,0.35756354549273983,0
124995,2012-10-04,0.13225371125693702,0
124996,2012-10-04,0.41324476860171655,0
124997,2012-10-04,0.3131406980087183,0
124998,2012-10-04,0.40006428475643135,0
124999,2012-10-04,0.44321412091951645,0
125000,2012-10-04,0.26183102925479756,1
125001,2012-10-04,0.35428554093081155,0
125002,2012-10-04,0.23977552497070087,0
125003,2012-10-04,0.37398708543186693,1
125004,2012-10-04,0.3011805971745602,1
125005,2012-10-04,0.30174466197869065,0
125006,2012-10-04,0.18845586975225465,1
125007,2012-10-04,0.2405745087413553,0
125008,2012-10-04,0.3771686817993439,0
125009,2012-10-04,0.23638347249675842,0
125010,2012-10-04,0.49467458336445225,1
125011,2012-10-04,0.41628425975666794,1
125012,2012-10-04,0.3185172235273098,0
125013,2012-10-04,0.3497720733945178,0
125014,2012-10-04,0.19822246927226952,0
125015,2012-10-04,0.530657730732927,1
125016,2012-10-04,0.25941273270507875,0
125017,2012-10-04,0.207088412006903,0
125018,2012-10-04,0.4391364408084962,0
125019,2012-10-04,0.3882312839836965,0
125020,2012-10-04,0.3579426941969494,0
125021,2012-10-04,0.23303947931967703,0
125022,2012-10-04,0.287531339758898,0
125023,2012-10-04,0.5021009311981582,1
125024,2012-10-04,0.08967878254048009,0
125025,2012-10-04,0.3999950490048834,1
125026,2012-10-04,0.38669355639321873,1
125027,2012-10-04,0.07614346019478456,1
125028,2012-10-04,0.3914139462717739,1
125029,2012-10-04,0.3108355544655257,0
125030,2012-10-04,0.43513847873389244,1
125031,2012-10-04,0.24392701872585063,0
125032,2012-10-04,0.4186051387501269,0
125033,2012-10-04,0.08552968751281188,0
125034,2012-10-04,0.542407843866152,1
125035,2012-10-04,0.31071134818834645,1
125036,2012-10-04,0.240651779077835,1
125037,2012-10-04,0.5080916274075692,0
125038,2012-10-04,0.30975039137632,1
125039,2012-10-04,0.39135127585658164,0
125040,2012-10-04,0.20191307172160697,1
125041,2012-10-04,0.4623840521562484,1
125042,2012-10-04,0.3327187095091712,0
125043,2012-10-04,0.4064892658023007,0
125044,2012-10-04,0.3927709360805755,1
125045,2012-10-04,0.3550836932553655,1
125046,2012-10-04,0.4669785218144083,0
125047,2012-10-04,0.3174873479271653,0
125048,2012-10-04,0.17110156377468347,0
125049,2012-10-04,0.3151306426437669,0
125050,2012-10-04,0.23753184467795962,0
125051,2012-10-04,0.3723651726969635,0
125052,2012-10-04,0.2806522395031773,0
125053,2012-10-04,0.3468006476834165,0
125054,2012-10-04,0.20350557123665072,0
125055,2012-10-04,0.26205779636637305,0
125056,2012-10-04,0.3120887853125543,0
125057,2012-10-04,0.3296942044871984,0
125058,2012-10-04,0.3912868209208043,0
125059,2012-10-04,0.23158251120468798,0
125060,2012-10-04,0.2935389669017916,1
125061,2012-10-04,0.35862769600116146,0
125062,2012-10-04,0.2680920226660477,0
125063,2012-10-04,0.23132312087543483,0
125064,2012-10-04,0.38890063762919047,0
125065,2012-10-04,0.09873593294672874,0
125066,2012-10-04,0.6557917488116826,1
125067,2012-10-04,0.2282713108852563,0
125068,2012-10-04,0.4410397555923573,0
125069,2012-10-04,0.34488563058759436,0
125070,2012-10-04,0.4521837045473582,0
125071,2012-10-04,0.14485176079600265,0
125072,2012-10-04,0.4506788740012738,0
125073,2012-10-04,0.5730662643549405,0
125074,2012-10-04,0.5207802236504074,1
125075,2012-10-04,0.261315530133049,0
125076,2012-10-04,0.2884486252471016,0
125077,2012-10-04,0.23644724139082426,0
125078,2012-10-04,0.3702460009386919,0
125079,2012-10-04,0.4381753654397562,1
125080,2012-10-04,0.29116144708113684,0
125081,2012-10-04,0.2067685344574623,0
125082,2012-10-04,0.2690181110198461,0
125083,2012-10-04,0.44799895860049055,1
125084,2012-10-04,0.44432444480843525,0
125085,2012-10-04,0.2839280145902746,1
125086,2012-10-04,0.38420581850320784,1
125087,2012-10-04,0.32441253197809183,1
125088,2012-10-04,0.3656231415688032,0
125089,2012-10-04,0.2729034207221913,0
125090,2012-10-04,0.24961489128332143,0
125091,2012-10-04,0.44787198824969354,1
125092,2012-10-04,0.31430203720217514,0
125093,2012-10-04,0.6501390872385798,0
125094,2012-10-04,0.11484350169543023,0
125095,2012-10-04,0.3351114987143855,0
125096,2012-10-04,0.4363020576703713,1
125097,2012-10-04,0.44161732774023743,0
125098,2012-10-04,0.40838348907350314,1
125099,2012-10-04,0.38855562503620017,0
125100,2012-10-04,0.30248460819306444,1
125101,2012-10-04,0.5384658140228556,1
125102,2012-10-04,0.36185181379022663,1
125103,2012-10-05,0.43103914284780903,1
125104,2012-10-05,0.4366762413692402,0
125105,2012-10-05,0.20707991158866337,0
125106,2012-10-05,0.3004804010662672,0
125107,2012-10-05,0.5705595246920031,0
125108,2012-10-05,0.36822162453200746,0
125109,2012-10-05,0.5066030979397939,0
125110,2012-10-05,0.39414871301901183,1
125111,2012-10-05,0.29315630148221106,0
125112,2012-10-05,0.30100423153120676,0
125113,2012-10-05,0.29795351793471636,0
125114,2012-10-05,0.13641750652155818,0
125115,2012-10-05,0.19378381930377336,0
125116,2012-10-05,0.40842453545339946,0
125117,2012-10-05,0.5849692783480333,1
125118,2012-10-05,0.1447312251077572,0
125119,2012-10-05,0.38205879286455036,0
125120,2012-10-05,0.31590058449142994,0
125121,2012-10-05,0.2666051714587727,0
125122,2012-10-05,0.5449695224945602,1
125123,2012-10-05,0.1599130356061807,0
125124,2012-10-05,0.5027330825394505,0
125125,2012-10-05,0.3105378766416355,0
125126,2012-10-05,0.3865495664813637,0
125127,2012-10-05,0.25250295655147925,1
125128,2012-10-05,0.25072004130859454,0
125129,2012-10-05,0.2705698832557897,0
125130,2012-10-05,0.3303815889242296,0
125131,2012-10-05,0.5422116001889465,0
125132,2012-10-05,0.5949752069890127,0
125133,2012-10-05,0.429776002251916,1
125134,2012-10-05,0.22519664094862415,0
125135,2012-10-05,0.3566529040590422,0
125136,2012-10-05,0.34031323355737564,0
125137,2012-10-05,0.48420971552308617,0
125138,2012-10-05,0.48619451118417734,1
125139,2012-10-05,0.17067553023457258,0
125140,2012-10-05,0.4688951419417955,1
125141,2012-10-05,0.2394354702192276,0
125142,2012-10-05,0.5412030652959315,0
125143,2012-10-05,0.5648815876882157,0
125144,2012-10-05,0.23843529252827494,0
125145,2012-10-05,0.2637108575372116,0
125146,2012-10-05,0.525347306336465,1
125147,2012-10-05,0.27758014659057884,1
125148,2012-10-05,0.21069878552669968,0
125149,2012-10-05,0.3670497381036137,0
125150,2012-10-05,0.24650867819926342,1
125151,2012-10-05,0.35785864971198506,0
125152,2012-10-05,0.32304613878598626,0
125153,2012-10-05,0.47989855022429057,1
125154,2012-10-05,0.31859418852776616,0
125155,2012-10-05,0.41904854790662116,0
125156,2012-10-05,0.40123162730988376,1
125157,2012-10-05,0.35008508796385807,0
125158,2012-10-05,0.31151246373560415,0
125159,2012-10-05,0.2522717309461472,0
125160,2012-10-05,0.6335804106619934,0
125161,2012-10-05,0.18727305312682047,0
125162,2012-10-05,0.35831262374654904,0
125163,2012-10-05,0.4177255516319729,0
125164,2012-10-05,0.3202549313850585,0
125165,2012-10-05,0.32482084848307907,0
125166,2012-10-05,0.6156056729388996,0
125167,2012-10-05,0.452565919018818,1
125168,2012-10-05,0.5342325996077835,0
125169,2012-10-05,0.22290505389207035,0
125170,2012-10-05,0.3464037726401637,1
125171,2012-10-05,0.27132851533410923,0
125172,2012-10-05,0.4752151345005143,0
125173,2012-10-05,0.42999741485084864,0
125174,2012-10-05,0.4511561589940635,0
125175,2012-10-05,0.2437055977672786,0
125176,2012-10-05,0.2516644297905805,0
125177,2012-10-05,0.4288901208035323,0
125178,2012-10-05,0.28244471980193175,1
125179,2012-10-05,0.254101189028932,0
125180,2012-10-05,0.29631799927019853,0
125181,2012-10-05,0.39093849098646094,0
125182,2012-10-05,0.1274555435588491,0
125183,2012-10-05,0.3533350179363375,0
125184,2012-10-05,0.28543349428605996,0
125185,2012-10-05,0.27571122743076926,0
125186,2012-10-05,0.37799551673304566,0
125187,2012-10-05,0.3416020513169353,0
125188,2012-10-05,0.15029637080055502,0
125189,2012-10-05,0.6504708256415792,0
125190,2012-10-05,0.4093474478846327,0
125191,2012-10-05,0.5206735803209582,0
125192,2012-10-05,0.28750782294245936,1
125193,2012-10-05,0.44869598382177983,0
125194,2012-10-05,0.3649465066403858,0
125195,2012-10-05,0.2508087179445263,0
125196,2012-10-05,0.3463475806376012,0
125197,2012-10-05,0.43481161582679156,1
125198,2012-10-05,0.3661387830174322,1
125199,2012-10-05,0.3227526514460921,0
125200,2012-10-05,0.6620898308627529,0
125201,2012-10-05,0.2103244147069183,0
125202,2012-10-05,0.2998965005936009,1
125203,2012-10-05,0.44170099379818184,1
125204,2012-10-05,0.219722811946588,0
125205,2012-10-05,0.3940464331886116,0
125206,2012-10-05,0.6910331564467637,0
125207,2012-10-05,0.5842307849392409,0
125208,2012-10-05,0.3816357634189519,1
125209,2012-10-05,0.27468693753846213,0
125210,2012-10-05,0.5259573625080664,0
125211,2012-10-05,0.21306503806901284,0
125212,2012-10-05,0.3823085362038802,0
125213,2012-10-05,0.3040647468114271,0
125214,2012-10-05,0.520776728315939,0
125215,2012-10-05,0.33995458027167363,0
125216,2012-10-05,0.2981405011892095,1
125217,2012-10-05,0.3484476883729462,0
125218,2012-10-05,0.3293934689346029,0
125219,2012-10-05,0.33796051222220697,0
125220,2012-10-05,0.5235004879740844,0
125221,2012-10-05,0.21672232011027115,0
125222,2012-10-05,0.3147372522892705,0
125223,2012-10-05,0.11724077089997822,0
125224,2012-10-05,0.40978286301587624,1
125225,2012-10-05,0.3915264384496772,0
125226,2012-10-05,0.6976008433869545,0
125227,2012-10-05,0.6221739737732463,0
125228,2012-10-05,0.3891409197078241,1
125229,2012-10-05,0.4096521500836546,0
125230,2012-10-05,0.37746738530140295,0
125231,2012-10-05,0.32266891659666014,0
125232,2012-10-05,0.42498469968126984,0
125233,2012-10-05,0.45624970190785896,0
125234,2012-10-05,0.5220280943610556,0
125235,2012-10-05,0.35115170946639024,1
125236,2012-10-05,0.24050987108940153,0
125237,2012-10-05,0.47894184196560047,1
125238,2012-10-05,0.30066311382389993,0
125239,2012-10-05,0.41606941540081543,1
125240,2012-10-05,0.1808728546899094,0
125241,2012-10-05,0.5444049992323641,1
125242,2012-10-05,0.5276879868876367,0
125243,2012-10-05,0.4093105619213079,1
125244,2012-10-05,0.22618021978040928,0
125245,2012-10-05,0.12218517223203981,0
125246,2012-10-05,0.31888092567627185,0
125247,2012-10-05,0.3287657930995174,0
125248,2012-10-05,0.42783380183231234,0
125249,2012-10-05,0.3691416149085134,1
125250,2012-10-05,0.43532332468676355,0
125251,2012-10-05,0.44801229387519104,0
125252,2012-10-05,0.3751592525597811,0
125253,2012-10-05,0.22133949039674203,0
125254,2012-10-05,0.3268408005345291,0
125255,2012-10-05,0.2332765170594864,0
125256,2012-10-05,0.32991015766107734,0
125257,2012-10-05,0.163196077767061,0
125258,2012-10-05,0.2363355283024479,0
125259,2012-10-05,0.4342964532048206,0
125260,2012-10-05,0.27642296781136405,0
125261,2012-10-05,0.23224802100142614,0
125262,2012-10-05,0.3068082529114055,0
125263,2012-10-05,0.28425231552468827,0
125264,2012-10-05,0.22391907184717566,0
125265,2012-10-05,0.23686931103867384,0
125266,2012-10-05,0.24811883285540912,0
125267,2012-10-05,0.15699521126024438,0
125268,2012-10-05,0.4879612902727329,0
125269,2012-10-05,0.2872193390621684,0
125270,2012-10-06,0.20099367951301766,0
125271,2012-10-06,0.39352260465955025,1
125272,2012-10-06,0.33179425174264565,1
125273,2012-10-06,0.18200687053453626,0
125274,2012-10-06,0.2766418711348239,0
125275,2012-10-06,0.3387246127605807,1
125276,2012-10-06,0.18371464499066556,0
125277,2012-10-06,0.627964855847755,1
125278,2012-10-06,0.37237446992351136,1
125279,2012-10-06,0.34540818541686574,0
125280,2012-10-06,0.18658871758582268,0
125281,2012-10-06,0.34161014745442286,1
125282,2012-10-06,0.22060735802730458,1
125283,2012-10-06,0.36081907286296067,1
125284,2012-10-06,0.19646824561609988,0
125285,2012-10-06,0.25140373867460436,0
125286,2012-10-06,0.3840481360549039,0
125287,2012-10-06,0.2839088224420088,0
125288,2012-10-06,0.35822610617750256,1
125289,2012-10-06,0.14602827419368533,0
125290,2012-10-06,0.7033345207441055,1
125291,2012-10-06,0.2822572875556129,0
125292,2012-10-06,0.3108440529728166,1
125293,2012-10-06,0.22954835424368142,1
125294,2012-10-06,0.6038589415535512,1
125295,2012-10-06,0.22995202716189858,0
125296,2012-10-06,0.43889839620244464,0
125297,2012-10-06,0.38724840820105694,1
125298,2012-10-06,0.24118642962705156,0
125299,2012-10-06,0.30970231932242454,0
125300,2012-10-06,0.37736577368246366,0
125301,2012-10-06,0.5838650255430632,0
125302,2012-10-06,0.5917340166194249,1
125303,2012-10-06,0.18413755174582963,0
125304,2012-10-06,0.5341687974914726,0
125305,2012-10-06,0.5126969582554773,1
125306,2012-10-06,0.33164518078957067,0
125307,2012-10-06,0.6388560987966219,0
125308,2012-10-06,0.5456385969482414,0
125309,2012-10-06,0.16936177275086708,0
125310,2012-10-06,0.5125976827982478,0
125311,2012-10-06,0.23131203042287116,0
125312,2012-10-06,0.33092515656581495,0
125313,2012-10-06,0.24177164122284078,0
125314,2012-10-06,0.49999946634970094,1
125315,2012-10-06,0.33865281649444745,0
125316,2012-10-06,0.5305400683454691,0
125317,2012-10-06,0.43319586574503427,0
125318,2012-10-06,0.41721995056698247,0
125319,2012-10-06,0.49071835041927886,1
125320,2012-10-06,0.3494420183408657,0
125321,2012-10-06,0.3395541894472797,1
125322,2012-10-06,0.4590337507706434,1
125323,2012-10-06,0.37755654274059636,0
125324,2012-10-06,0.2890897966555813,0
125325,2012-10-06,0.2972901769336006,0
125326,2012-10-06,0.48592436474128886,0
125327,2012-10-06,0.22043476907397716,0
125328,2012-10-06,0.4705305396194939,0
125329,2012-10-06,0.3445998521751794,0
125330,2012-10-06,0.44370963815165476,1
125331,2012-10-06,0.32867563874882144,1
125332,2012-10-06,0.21910968032884948,0
125333,2012-10-06,0.30546250729043684,1
125334,2012-10-06,0.24329680150904517,0
125335,2012-10-06,0.32141358891136285,0
125336,2012-10-06,0.507112117012578,1
125337,2012-10-06,0.413484535386081,0
125338,2012-10-06,0.314213814090045,0
125339,2012-10-06,0.23477963417786846,0
125340,2012-10-06,0.3812338242278292,0
125341,2012-10-06,0.3667083027186532,0
125342,2012-10-06,0.43333730085374844,0
125343,2012-10-06,0.5665076308013977,1
125344,2012-10-06,0.2069931597683256,0
125345,2012-10-06,0.3698635021952452,0
125346,2012-10-06,0.31745181875369166,0
125347,2012-10-06,0.4014468966364117,0
125348,2012-10-06,0.5166517850625658,0
125349,2012-10-06,0.518793667733683,1
125350,2012-10-06,0.38000029109848926,1
125351,2012-10-06,0.21508019141050294,0
125352,2012-10-06,0.08121558090420479,0
125353,2012-10-06,0.22012217612279614,1
125354,2012-10-06,0.4642427925595634,1
125355,2012-10-06,0.2824335150416255,0
125356,2012-10-06,0.38396269164602953,0
125357,2012-10-06,0.3056470628922026,0
125358,2012-10-06,0.2419849144288976,0
125359,2012-10-06,0.2988622098942469,1
125360,2012-10-06,0.40293485529060485,1
125361,2012-10-06,0.41134799155136575,1
125362,2012-10-06,0.2983721388130181,0
125363,2012-10-06,0.3352213309010746,0
125364,2012-10-06,0.4424968880734497,1
125365,2012-10-06,0.4824911429946117,1
125366,2012-10-06,0.4538295657654033,0
125367,2012-10-06,0.47257500998063867,0
125368,2012-10-06,0.2948965449370455,0
125369,2012-10-06,0.5255585801627601,1
125370,2012-10-06,0.28960034671826945,0
125371,2012-10-06,0.41975704368129035,0
125372,2012-10-06,0.3792740779658903,0
125373,2012-10-06,0.3900040454714364,0
125374,2012-10-06,0.3726588510003815,0
125375,2012-10-06,0.1451149652070692,0
125376,2012-10-06,0.2970653858758872,0
125377,2012-10-06,0.4956765850757275,0
125378,2012-10-06,0.20550169078338415,0
125379,2012-10-06,0.2181700751367646,0
125380,2012-10-06,0.4513208621606625,0
125381,2012-10-06,0.35096019939649936,0
125382,2012-10-06,0.4444762373315212,0
125383,2012-10-06,0.5871429526936793,1
125384,2012-10-06,0.5004492433118889,1
125385,2012-10-06,0.41267753683446595,0
125386,2012-10-06,0.4122592086795002,1
125387,2012-10-06,0.162646405104786,0
125388,2012-10-06,0.3376445666663486,1
125389,2012-10-06,0.35785942514109265,0
125390,2012-10-06,0.33280400591198,0
125391,2012-10-06,0.4872524811825021,0
125392,2012-10-06,0.32859859188363044,1
125393,2012-10-06,0.16722173460777262,0
125394,2012-10-06,0.47165094787026346,0
125395,2012-10-06,0.3204826219748673,0
125396,2012-10-06,0.4430212770547154,0
125397,2012-10-06,0.24331102724209047,0
125398,2012-10-06,0.20787839700127017,0
125399,2012-10-06,0.5618549204514565,0
125400,2012-10-06,0.4551740503014031,1
125401,2012-10-06,0.36112780736726235,0
125402,2012-10-06,0.3047886082921058,1
125403,2012-10-06,0.2060524360215145,0
125404,2012-10-06,0.3092382930487831,0
125405,2012-10-06,0.3772153984670555,1
125406,2012-10-06,0.5936023950035234,0
125407,2012-10-06,0.4919186499601644,1
125408,2012-10-06,0.29496242145415724,0
125409,2012-10-06,0.1942699955683126,0
125410,2012-10-06,0.4717996444121784,1
125411,2012-10-06,0.4565754351925081,0
125412,2012-10-06,0.2398389317871642,0
125413,2012-10-06,0.27970506704807613,0
125414,2012-10-06,0.22722492613152043,0
125415,2012-10-06,0.277007441203446,0
125416,2012-10-06,0.2244948956479808,0
125417,2012-10-06,0.2839959168432295,0
125418,2012-10-06,0.2870629482634245,0
125419,2012-10-06,0.49850501377804607,1
125420,2012-10-06,0.2957411299273311,0
125421,2012-10-06,0.2329635588186131,0
125422,2012-10-06,0.61406961301342,1
125423,2012-10-06,0.3593930746931754,0
125424,2012-10-06,0.2996937792131194,1
125425,2012-10-06,0.321220891193823,1
125426,2012-10-06,0.46292465581341696,1
125427,2012-10-06,0.4413733174606968,0
125428,2012-10-06,0.38150646418352735,0
125429,2012-10-06,0.4534279366011875,0
125430,2012-10-06,0.1831591701224257,0
125431,2012-10-06,0.2509151242616915,1
125432,2012-10-06,0.23085442431368228,0
125433,2012-10-06,0.3942611731108782,0
125434,2012-10-06,0.29629449489631066,0
125435,2012-10-06,0.19247319143741212,0
125436,2012-10-06,0.5896269872937115,1
125437,2012-10-06,0.5025595424370775,1
125438,2012-10-06,0.35592252720359635,0
125439,2012-10-06,0.2806887116181882,0
125440,2012-10-06,0.3853589458833538,0
125441,2012-10-06,0.2618093019521844,1
125442,2012-10-06,0.18500951754475453,0
125443,2012-10-06,0.45180617545977847,0
125444,2012-10-06,0.38874969066436715,0
125445,2012-10-06,0.3380321362004897,0
125446,2012-10-06,0.4043891571928494,0
125447,2012-10-06,0.3448720989981444,0
125448,2012-10-06,0.32344816412946936,1
125449,2012-10-06,0.35646853194177763,1
125450,2012-10-06,0.36750075995088866,1
125451,2012-10-06,0.26284961906578286,0
125452,2012-10-06,0.4032225092485726,0
125453,2012-10-06,0.21327774969209892,0
125454,2012-10-06,0.46703821181184996,0
125455,2012-10-06,0.5120047527898368,0
125456,2012-10-06,0.3105072671084575,0
125457,2012-10-06,0.48371687732555146,1
125458,2012-10-06,0.346104549089979,0
125459,2012-10-06,0.3797497495285939,1
125460,2012-10-06,0.3674065999010481,0
125461,2012-10-06,0.14943972698327732,0
125462,2012-10-06,0.32958912079218106,1
125463,2012-10-06,0.39080725617167844,1
125464,2012-10-06,0.5416044070303874,0
125465,2012-10-06,0.3412851442168412,0
125466,2012-10-06,0.2838864241622854,0
125467,2012-10-06,0.3146646405254516,0
125468,2012-10-06,0.2509179591586004,0
125469,2012-10-06,0.32253834634462986,1
125470,2012-10-06,0.2995930043981712,0
125471,2012-10-06,0.37319709802896694,0
125472,2012-10-06,0.5413758700590131,1
125473,2012-10-06,0.2851013911154987,0
125474,2012-10-06,0.40421275096571485,0
125475,2012-10-06,0.4698645336189266,0
125476,2012-10-06,0.4029764533447631,0
125477,2012-10-06,0.4801079894475951,1
125478,2012-10-06,0.3878555416315164,0
125479,2012-10-06,0.4301103213651974,0
125480,2012-10-06,0.42343906413479954,0
125481,2012-10-06,0.16323453002563554,0
125482,2012-10-06,0.40826671354692656,0
125483,2012-10-06,0.37469278045815163,1
125484,2012-10-06,0.3801014823628955,1
125485,2012-10-06,0.4463082568451489,1
125486,2012-10-06,0.5390210408440441,0
125487,2012-10-06,0.2997051859646726,0
125488,2012-10-06,0.4125907717531911,0
125489,2012-10-06,0.5522351613410106,1
125490,2012-10-06,0.3847911044519591,0
125491,2012-10-06,0.3287510316262788,0
125492,2012-10-06,0.531915191663301,0
125493,2012-10-06,0.34958510326890313,0
125494,2012-10-06,0.2450371280173887,0
125495,2012-10-06,0.2943887203552229,1
125496,2012-10-06,0.48523524839066745,1
125497,2012-10-06,0.4880748648193618,0
125498,2012-10-06,0.570284240650214,1
125499,2012-10-06,0.31700138350650414,0
125500,2012-10-06,0.2738078760061765,0
125501,2012-10-06,0.31972044643785374,0
125502,2012-10-06,0.3339716401131585,0
125503,2012-10-06,0.24755250189781358,0
125504,2012-10-06,0.3990654600938386,0
125505,2012-10-06,0.4063077047911511,1
125506,2012-10-06,0.2637756264197625,0
125507,2012-10-06,0.38510041438040743,0
125508,2012-10-06,0.38503797009530605,1
125509,2012-10-06,0.18139366693096678,0
125510,2012-10-06,0.574842194692495,1
125511,2012-10-06,0.2801081055125275,0
125512,2012-10-06,0.3999825449777457,0
125513,2012-10-06,0.35559310734964117,1
125514,2012-10-06,0.22667969847028477,0
125515,2012-10-06,0.2378133102279553,0
125516,2012-10-06,0.33131285397242494,1
125517,2012-10-06,0.40642762370584956,0
125518,2012-10-06,0.48509547267935293,1
125519,2012-10-06,0.542746366447948,0
125520,2012-10-06,0.5092478884278586,1
125521,2012-10-06,0.5207076432690165,1
125522,2012-10-06,0.4492592036863174,0
125523,2012-10-06,0.19148491189167552,0
125524,2012-10-06,0.5087763311454423,0
125525,2012-10-06,0.30758591801887225,0
125526,2012-10-06,0.4271736804184927,1
125527,2012-10-06,0.2720612359345515,0
125528,2012-10-06,0.235289188871828,0
125529,2012-10-06,0.4240730075576917,0
125530,2012-10-06,0.2067160597516455,0
125531,2012-10-06,0.39092245987173035,0
125532,2012-10-06,0.22838317128010086,0
125533,2012-10-06,0.1993470357391957,0
125534,2012-10-06,0.20354644740998978,0
125535,2012-10-06,0.4376731597292767,1
125536,2012-10-06,0.4400804980565053,0
125537,2012-10-06,0.1151863604334044,0
125538,2012-10-06,0.35472164403380946,0
125539,2012-10-06,0.19385553193726693,0
125540,2012-10-06,0.5831717600533607,1
125541,2012-10-06,0.4489727944688561,1
125542,2012-10-06,0.44167244287222707,0
125543,2012-10-06,0.18787237596639333,0
125544,2012-10-06,0.40712382284209336,1
125545,2012-10-06,0.36667985528734887,0
125546,2012-10-06,0.40296671447061677,0
125547,2012-10-06,0.6300439410832551,0
125548,2012-10-06,0.2664878912724482,0
125549,2012-10-06,0.26352146881726657,0
125550,2012-10-06,0.2568150846445942,0
125551,2012-10-06,0.1763101605551662,1
125552,2012-10-06,0.39224280491074814,0
125553,2012-10-06,0.3009193522767204,0
125554,2012-10-06,0.43437642302809176,1
125555,2012-10-06,0.35994967948925294,0
125556,2012-10-06,0.43653268844832605,0
125557,2012-10-06,0.5017316884051823,0
125558,2012-10-06,0.2916747416421291,0
125559,2012-10-06,0.2827694255440868,0
125560,2012-10-06,0.3295168258795255,0
125561,2012-10-06,0.3966130547304678,0
125562,2012-10-06,0.40083997087509343,0
125563,2012-10-06,0.4168192118169039,0
125564,2012-10-06,0.2830692605097396,0
125565,2012-10-06,0.3912437128753955,1
125566,2012-10-06,0.4827720085810118,0
125567,2012-10-06,0.352076376643755,1
125568,2012-10-06,0.3529996664991586,1
125569,2012-10-06,0.24969707048402187,0
125570,2012-10-06,0.34937562268429573,0
125571,2012-10-06,0.3548414180254916,0
125572,2012-10-06,0.46382507274879287,0
125573,2012-10-06,0.3606627672091351,1
125574,2012-10-06,0.624037393622546,1
125575,2012-10-06,0.2948874911415126,0
125576,2012-10-06,0.28880714259220686,0
125577,2012-10-06,0.343437125762898,0
125578,2012-10-06,0.42717545583459005,1
125579,2012-10-06,0.3642757400684197,0
125580,2012-10-06,0.2365963756506736,0
125581,2012-10-06,0.2715418284088682,0
125582,2012-10-06,0.28224331877613734,0
125583,2012-10-06,0.15582187313306808,0
125584,2012-10-06,0.48476232387377693,1
125585,2012-10-06,0.45707531688305036,0
125586,2012-10-06,0.31882335503827397,0
125587,2012-10-06,0.3013299252080883,1
125588,2012-10-06,0.45021252021763974,0
125589,2012-10-06,0.20607954921827948,0
125590,2012-10-06,0.21929534522509853,0
125591,2012-10-06,0.2360714273736951,0
125592,2012-10-06,0.1801194216041289,0
125593,2012-10-06,0.26794369684029595,0
125594,2012-10-06,0.48552124492960763,1
125595,2012-10-06,0.40126181282965506,1
125596,2012-10-06,0.36123687018499717,0
125597,2012-10-06,0.6236456064126279,1
125598,2012-10-06,0.303804304456686,1
125599,2012-10-06,0.3610744495066228,0
125600,2012-10-06,0.34965664495033205,0
125601,2012-10-06,0.4987504210827729,1
125602,2012-10-06,0.29728479487913956,1
125603,2012-10-06,0.20672458721810513,0
125604,2012-10-06,0.47173672774551684,0
125605,2012-10-06,0.326667185260389,0
125606,2012-10-06,0.14913498669575112,0
125607,2012-10-06,0.29778935540307383,0
125608,2012-10-06,0.5184619986258167,0
125609,2012-10-06,0.2985751659183269,1
125610,2012-10-06,0.47955142649823174,0
125611,2012-10-06,0.3510154543122616,0
125612,2012-10-06,0.39383371299538766,0
125613,2012-10-06,0.5459266766015203,1
125614,2012-10-06,0.34302168253305215,0
125615,2012-10-06,0.6552574452408815,1
125616,2012-10-06,0.3155693448051633,0
125617,2012-10-06,0.2863806756314429,0
125618,2012-10-06,0.24346833591789324,0
125619,2012-10-06,0.4561923969546053,0
125620,2012-10-06,0.2756168675202656,0
125621,2012-10-06,0.48986848224959517,0
125622,2012-10-06,0.39611600012276293,0
125623,2012-10-06,0.4381146949594058,0
125624,2012-10-06,0.24029142351184637,0
125625,2012-10-06,0.2967548701023379,0
125626,2012-10-06,0.27061727573086036,0
125627,2012-10-06,0.33680663566508195,1
125628,2012-10-06,0.39372295140474817,0
125629,2012-10-06,0.15550301788756155,0
125630,2012-10-06,0.398304171534586,0
125631,2012-10-06,0.4274641923805091,1
125632,2012-10-06,0.23258113872116973,0
125633,2012-10-06,0.4010310348073081,0
125634,2012-10-06,0.4645762264757633,0
125635,2012-10-06,0.3246700604422178,0
125636,2012-10-06,0.25084850040362466,0
125637,2012-10-06,0.25023890486589606,0
125638,2012-10-06,0.4591391368646596,0
125639,2012-10-06,0.3227088659470867,1
125640,2012-10-06,0.5904393268353552,1
125641,2012-10-06,0.4174927567350293,0
125642,2012-10-06,0.32415628236601,0
125643,2012-10-06,0.36231418128876697,0
125644,2012-10-06,0.3631530340530186,0
125645,2012-10-06,0.32275494489981427,1
125646,2012-10-06,0.23353137185734002,0
125647,2012-10-06,0.4599538840055659,0
125648,2012-10-06,0.49869948983182566,0
125649,2012-10-06,0.45452298209234027,0
125650,2012-10-06,0.4785192484232627,1
125651,2012-10-06,0.21476028903599848,0
125652,2012-10-06,0.345968264114759,0
125653,2012-10-06,0.5500818787515407,1
125654,2012-10-06,0.26972121949540473,1
125655,2012-10-06,0.311206717831215,1
125656,2012-10-06,0.17416668067647403,0
125657,2012-10-06,0.33770466183052544,0
125658,2012-10-06,0.5205848782092336,1
125659,2012-10-06,0.23041600427406553,0
125660,2012-10-06,0.2655644977420949,0
125661,2012-10-06,0.2384982816174616,0
125662,2012-10-06,0.2107456313577063,0
125663,2012-10-06,0.5590998405885591,1
125664,2012-10-06,0.28064267560513745,0
125665,2012-10-06,0.3179475041080634,0
125666,2012-10-06,0.2974133487687007,1
125667,2012-10-06,0.4034719330133236,1
125668,2012-10-06,0.3727179095383105,0
125669,2012-10-06,0.5970626924496742,1
125670,2012-10-06,0.3504646664333951,0
125671,2012-10-06,0.7177747762932251,0
125672,2012-10-06,0.6844587208602048,1
125673,2012-10-06,0.38748272946985135,0
125674,2012-10-06,0.39731904539035345,0
125675,2012-10-06,0.4238065547996037,0
125676,2012-10-06,0.5578971018275443,0
125677,2012-10-06,0.31921746924990696,0
125678,2012-10-06,0.24907255416551777,0
125679,2012-10-06,0.16862839744789582,0
125680,2012-10-06,0.2946060891636187,0
125681,2012-10-06,0.3715769975981826,1
125682,2012-10-06,0.33193105574904486,0
125683,2012-10-06,0.29002769537548884,0
125684,2012-10-06,0.2748963540391995,0
125685,2012-10-06,0.2940625058231724,0
125686,2012-10-06,0.2456193379435751,0
125687,2012-10-06,0.2856024815961474,0
125688,2012-10-06,0.2694369332230481,1
125689,2012-10-06,0.19371172012176757,0
125690,2012-10-06,0.30918151287933865,0
125691,2012-10-06,0.31835611365292144,1
125692,2012-10-06,0.4878905665690082,0
125693,2012-10-06,0.4155681431181486,0
125694,2012-10-06,0.3122779864369207,0
125695,2012-10-06,0.3200705349616902,1
125696,2012-10-06,0.31849390209556305,0
125697,2012-10-06,0.3564007272585473,0
125698,2012-10-06,0.31934794783990444,0
125699,2012-10-06,0.28338232001482827,0
125700,2012-10-06,0.3209188359330507,0
125701,2012-10-06,0.3849363189722432,0
125702,2012-10-06,0.27771451853142787,0
125703,2012-10-06,0.3120343827933709,0
125704,2012-10-06,0.36397752032841013,0
125705,2012-10-06,0.3124474349600922,0
125706,2012-10-06,0.18125794273630796,0
125707,2012-10-06,0.4025082209167718,0
125708,2012-10-06,0.506532949672072,1
125709,2012-10-06,0.3823097849689331,0
125710,2012-10-06,0.4047198541451504,0
125711,2012-10-06,0.5934552446509197,0
125712,2012-10-06,0.4673059026296281,0
125713,2012-10-06,0.3043212269583563,0
125714,2012-10-06,0.3133571630682794,0
125715,2012-10-06,0.17248021478012254,0
125716,2012-10-06,0.44084747070905905,0
125717,2012-10-06,0.3674029192593131,1
125718,2012-10-06,0.4154292973740442,1
125719,2012-10-06,0.22798230382252074,0
125720,2012-10-06,0.4185719128535498,0
125721,2012-10-06,0.2874561118966267,0
125722,2012-10-06,0.14609692464775592,0
125723,2012-10-06,0.4679704758388717,0
125724,2012-10-06,0.5633453254818929,1
125725,2012-10-06,0.3622128847030464,1
125726,2012-10-06,0.6959313636333107,1
125727,2012-10-06,0.4236965336962272,0
125728,2012-10-06,0.44859300940936636,0
125729,2012-10-06,0.14188524080006193,0
125730,2012-10-06,0.40299339836977777,0
125731,2012-10-06,0.38459983988233426,0
125732,2012-10-06,0.34090628744895113,1
125733,2012-10-06,0.13831136638915598,0
125734,2012-10-06,0.4906136464935478,1
125735,2012-10-06,0.30487680390856065,0
125736,2012-10-06,0.4238830585372948,1
125737,2012-10-06,0.3486938248829133,0
125738,2012-10-06,0.29616966147152785,0
125739,2012-10-06,0.1708257041584421,0
125740,2012-10-06,0.35436430352404247,0
125741,2012-10-06,0.21692588947543123,0
125742,2012-10-06,0.46183659024381285,0
125743,2012-10-06,0.3683812935423007,1
125744,2012-10-06,0.3011415425033201,0
125745,2012-10-06,0.310244300794887,0
125746,2012-10-06,0.16929913757145723,0
125747,2012-10-06,0.6076052541948215,1
125748,2012-10-06,0.2830210560682811,0
125749,2012-10-06,0.2874994335672102,1
125750,2012-10-06,0.3253709662050735,1
125751,2012-10-06,0.30575893157710066,1
125752,2012-10-06,0.13613797879002973,0
125753,2012-10-06,0.34136894544580326,1
125754,2012-10-06,0.4153151878980164,1
125755,2012-10-06,0.22096074446468555,0
125756,2012-10-06,0.4279326933162211,0
125757,2012-10-06,0.5507959574398186,0
125758,2012-10-06,0.4059281611888356,0
125759,2012-10-06,0.31055729724545916,0
125760,2012-10-06,0.3300078110384684,1
125761,2012-10-06,0.29428274377624325,0
125762,2012-10-06,0.6172255914366455,1
125763,2012-10-06,0.2426411958984481,0
125764,2012-10-06,0.2737784119037315,0
125765,2012-10-06,0.11640530301360365,0
125766,2012-10-06,0.5443266434030717,0
125767,2012-10-06,0.27025651720611693,0
125768,2012-10-06,0.28481117639182396,1
125769,2012-10-06,0.29947315965694615,0
125770,2012-10-06,0.20127618371045328,1
125771,2012-10-06,0.43694738023889634,0
125772,2012-10-06,0.26807031615136606,0
125773,2012-10-06,0.306717468447984,1
125774,2012-10-06,0.29177462989267383,1
125775,2012-10-06,0.3388834691335556,0
125776,2012-10-06,0.25737572682958776,1
125777,2012-10-06,0.5263670242165135,0
125778,2012-10-06,0.420947661830957,0
125779,2012-10-06,0.1474686263701259,0
125780,2012-10-07,0.40254124027025473,1
125781,2012-10-07,0.31206165521978985,0
125782,2012-10-07,0.37119712921601233,0
125783,2012-10-07,0.2882035261851322,0
125784,2012-10-07,0.3811641388641259,1
125785,2012-10-07,0.4575911839153884,0
125786,2012-10-07,0.38495969771055794,1
125787,2012-10-07,0.15371164160124615,0
125788,2012-10-07,0.2538805188148258,0
125789,2012-10-07,0.39281419941726087,0
125790,2012-10-07,0.37968326250856665,0
125791,2012-10-07,0.5874430892922402,0
125792,2012-10-07,0.5259165530241786,0
125793,2012-10-07,0.2623679182858201,0
125794,2012-10-07,0.578131689732087,1
125795,2012-10-07,0.33686276340338317,0
125796,2012-10-07,0.5647127552202584,1
125797,2012-10-07,0.3713022245085632,0
125798,2012-10-07,0.5280884016862233,1
125799,2012-10-07,0.22532800440752515,0
125800,2012-10-07,0.3974150104711005,0
125801,2012-10-07,0.27103948598802813,0
125802,2012-10-07,0.33550771094807763,0
125803,2012-10-07,0.5611706507011923,1
125804,2012-10-07,0.19841168397375988,0
125805,2012-10-07,0.3388636863984869,0
125806,2012-10-07,0.5584443971091927,0
125807,2012-10-07,0.33497704417342544,1
125808,2012-10-07,0.12546536850802412,0
125809,2012-10-07,0.1764569105579957,0
125810,2012-10-07,0.35045357731431614,0
125811,2012-10-07,0.45371856502391783,0
125812,2012-10-07,0.5151004254975697,1
125813,2012-10-07,0.13282048615672795,0
125814,2012-10-07,0.2065292104096436,0
125815,2012-10-07,0.24832081829617755,0
125816,2012-10-07,0.42938979532398575,1
125817,2012-10-07,0.43784150852326076,0
125818,2012-10-07,0.34203228449505213,0
125819,2012-10-07,0.42054805328193096,1
125820,2012-10-07,0.26807893771530217,0
125821,2012-10-07,0.22633531660449513,1
125822,2012-10-07,0.34412929107594,1
125823,2012-10-07,0.20108106097129277,0
125824,2012-10-07,0.2134617957354099,1
125825,2012-10-07,0.24838304250374674,0
125826,2012-10-07,0.26554625473099797,1
125827,2012-10-07,0.5647400975486042,1
125828,2012-10-07,0.223627726735789,0
125829,2012-10-07,0.32874418959495993,1
125830,2012-10-07,0.5412855259002443,1
125831,2012-10-07,0.4884317433785703,0
125832,2012-10-07,0.24676671620636678,0
125833,2012-10-07,0.18522689536287032,0
125834,2012-10-07,0.4340553775470822,0
125835,2012-10-07,0.12757126551193523,0
125836,2012-10-07,0.4098151997952735,0
125837,2012-10-07,0.538862523458375,0
125838,2012-10-07,0.3567642329491306,0
125839,2012-10-07,0.5444928039169733,1
125840,2012-10-07,0.12538401146315353,0
125841,2012-10-07,0.23415419734737253,0
125842,2012-10-07,0.3496929595093814,0
125843,2012-10-07,0.5177497926271262,0
125844,2012-10-07,0.24846109647778247,0
125845,2012-10-07,0.3443821945341298,1
125846,2012-10-07,0.2327138105650575,0
125847,2012-10-07,0.45412555108088465,0
125848,2012-10-07,0.5868038138768129,1
125849,2012-10-07,0.24438882784119273,0
125850,2012-10-07,0.22787947418032062,0
125851,2012-10-07,0.4828942592307604,1
125852,2012-10-07,0.39455372719288,0
125853,2012-10-07,0.26646988056663856,0
125854,2012-10-07,0.3859990306054471,0
125855,2012-10-07,0.43907868997945326,0
125856,2012-10-07,0.5223089434002353,0
125857,2012-10-07,0.3958039347047173,0
125858,2012-10-07,0.24213461375322987,0
125859,2012-10-07,0.2816578715953064,0
125860,2012-10-07,0.467270271496754,0
125861,2012-10-07,0.4017750718104327,1
125862,2012-10-07,0.1902607362948324,0
125863,2012-10-07,0.4631205379078921,0
125864,2012-10-07,0.3354084619536318,1
125865,2012-10-07,0.4250592728648083,0
125866,2012-10-07,0.4035962564074421,0
125867,2012-10-07,0.42375845526875067,1
125868,2012-10-07,0.4231263564025845,0
125869,2012-10-07,0.28072416013816204,0
125870,2012-10-07,0.46803719492786017,0
125871,2012-10-07,0.25806342666892046,0
125872,2012-10-07,0.3352556781860545,0
125873,2012-10-07,0.48226300616049944,0
125874,2012-10-07,0.22315028512052765,0
125875,2012-10-07,0.33710217267513526,0
125876,2012-10-07,0.22999369636841746,0
125877,2012-10-07,0.30446901319866276,0
125878,2012-10-07,0.27005293969095473,0
125879,2012-10-07,0.1824639603672845,0
125880,2012-10-07,0.2043461815270279,0
125881,2012-10-07,0.3503401227307583,1
125882,2012-10-07,0.21542172714790964,0
125883,2012-10-07,0.1989969205109556,0
125884,2012-10-07,0.312275741759675,0
125885,2012-10-07,0.2823610370260455,0
125886,2012-10-07,0.31633572204728283,0
125887,2012-10-07,0.5376264197382941,1
125888,2012-10-07,0.30384075518787845,0
125889,2012-10-07,0.18850180057591528,0
125890,2012-10-07,0.4271270122674642,0
125891,2012-10-07,0.5316066650442065,1
125892,2012-10-07,0.3533588036832367,1
125893,2012-10-07,0.4039339522829348,0
125894,2012-10-07,0.19820430944214007,0
125895,2012-10-07,0.35443002463863177,0
125896,2012-10-07,0.21133978195868458,0
125897,2012-10-07,0.33574892015482405,0
125898,2012-10-07,0.4217876815803506,0
125899,2012-10-07,0.5493594706167357,1
125900,2012-10-07,0.37824099587111915,0
125901,2012-10-07,0.45119930472640746,1
125902,2012-10-07,0.4385241918142434,1
125903,2012-10-07,0.18675042277434625,0
125904,2012-10-07,0.3146612090984984,0
125905,2012-10-07,0.25197891158132607,0
125906,2012-10-07,0.29989509710616896,0
125907,2012-10-07,0.39988471680182225,0
125908,2012-10-07,0.1882486702773593,0
125909,2012-10-07,0.2991636528275345,0
125910,2012-10-07,0.5712834945264353,0
125911,2012-10-07,0.2802668443014711,0
125912,2012-10-07,0.23075355081792057,0
125913,2012-10-07,0.1437829417973993,0
125914,2012-10-07,0.5462639667187906,0
125915,2012-10-07,0.3345232263251601,0
125916,2012-10-07,0.5113183423823927,1
125917,2012-10-07,0.4379422538744257,0
125918,2012-10-07,0.47233873795830716,1
125919,2012-10-07,0.4793893731777706,0
125920,2012-10-07,0.23219288013096068,0
125921,2012-10-07,0.18178353474820058,0
125922,2012-10-07,0.12689220198576492,0
125923,2012-10-07,0.38219300168204207,0
125924,2012-10-07,0.39466281540207887,1
125925,2012-10-07,0.4471906396202824,0
125926,2012-10-07,0.31253720363875914,0
125927,2012-10-07,0.38052157554719523,0
125928,2012-10-07,0.3928223150303306,1
125929,2012-10-07,0.20792491497782253,0
125930,2012-10-07,0.25420397350007284,0
125931,2012-10-07,0.43940240033991534,0
125932,2012-10-07,0.3294905170825318,0
125933,2012-10-07,0.3565981932170394,0
125934,2012-10-07,0.5137746018601087,1
125935,2012-10-07,0.24965872863240124,0
125936,2012-10-07,0.35173925107174253,0
125937,2012-10-07,0.47685237418251397,0
125938,2012-10-07,0.3459396269300353,1
125939,2012-10-07,0.28920312130063425,0
125940,2012-10-07,0.1027530314495169,0
125941,2012-10-07,0.2107369942290591,0
125942,2012-10-07,0.367222500349203,0
125943,2012-10-07,0.4101956068596025,0
125944,2012-10-07,0.538472689672623,1
125945,2012-10-07,0.4220134925786472,0
125946,2012-10-07,0.16788874640165743,0
125947,2012-10-07,0.3445318123490996,0
125948,2012-10-07,0.175235345672491,0
125949,2012-10-07,0.2587326100386594,0
125950,2012-10-07,0.25691881920166243,0
125951,2012-10-07,0.40281409754665104,0
125952,2012-10-07,0.13143667433215975,0
125953,2012-10-07,0.33963718886639566,1
125954,2012-10-07,0.469271750692327,0
125955,2012-10-07,0.38029258912902075,0
125956,2012-10-07,0.38390973390378147,0
125957,2012-10-07,0.34338969177935,0
125958,2012-10-07,0.441847680360835,1
125959,2012-10-07,0.2225517536257233,1
125960,2012-10-07,0.27449573436795477,1
125961,2012-10-07,0.3576000831758192,0
125962,2012-10-07,0.17794884905387048,0
125963,2012-10-07,0.4178005859659073,1
125964,2012-10-07,0.30664792466312585,1
125965,2012-10-07,0.2810292446146736,0
125966,2012-10-07,0.25387744536006823,0
125967,2012-10-07,0.21537079065403494,0
125968,2012-10-07,0.5131041499888039,1
125969,2012-10-07,0.4818690230284986,1
125970,2012-10-07,0.2390876993742907,0
125971,2012-10-07,0.22866651193248766,1
125972,2012-10-07,0.6254746681464353,0
125973,2012-10-07,0.5047817326867283,0
125974,2012-10-07,0.5758077592804792,1
125975,2012-10-07,0.29657876953135054,0
125976,2012-10-07,0.3386777233560207,0
125977,2012-10-07,0.2242148332314055,0
125978,2012-10-07,0.23512589009725424,0
125979,2012-10-07,0.37039136336032497,0
125980,2012-10-07,0.40550330751241714,1
125981,2012-10-07,0.3057864242165649,0
125982,2012-10-07,0.20782759144060173,0
125983,2012-10-07,0.2882495557322655,0
125984,2012-10-07,0.20506502190434875,0
125985,2012-10-07,0.33683399193881347,0
125986,2012-10-07,0.28700748849184915,1
125987,2012-10-07,0.3686784589815866,0
125988,2012-10-07,0.3298515193883178,0
125989,2012-10-07,0.3697752988271452,0
125990,2012-10-07,0.19287945967264616,0
125991,2012-10-07,0.14257640946835418,0
125992,2012-10-07,0.22768867316294494,0
125993,2012-10-07,0.6059271054737312,1
125994,2012-10-07,0.12380473106766555,0
125995,2012-10-07,0.354765788302622,0
125996,2012-10-07,0.4493357030150759,0
125997,2012-10-07,0.31682544805648744,0
125998,2012-10-07,0.32316198853815525,0
125999,2012-10-07,0.19108055016932093,0
126000,2012-10-07,0.16492619174804873,0
126001,2012-10-07,0.22060165453894548,0
126002,2012-10-07,0.2632179888594294,0
126003,2012-10-07,0.4412725380690628,0
126004,2012-10-07,0.3516890595001071,1
126005,2012-10-07,0.5508021114856682,1
126006,2012-10-07,0.18061792480909405,0
126007,2012-10-07,0.45367562449863075,0
126008,2012-10-07,0.22566433593009425,0
126009,2012-10-07,0.37638301818606706,0
126010,2012-10-07,0.4574976733200883,1
126011,2012-10-07,0.21453940684983913,0
126012,2012-10-07,0.5492331187604531,0
126013,2012-10-07,0.26510696733207084,1
126014,2012-10-07,0.2777674074145693,0
126015,2012-10-07,0.24016053707255794,0
126016,2012-10-07,0.6154229872528795,0
126017,2012-10-07,0.32132580022894847,0
126018,2012-10-07,0.686997576956973,0
126019,2012-10-07,0.4194142024863682,1
126020,2012-10-07,0.2840030975677972,0
126021,2012-10-07,0.46928214544120384,0
126022,2012-10-07,0.4151999324461275,0
126023,2012-10-07,0.29529380259697335,0
126024,2012-10-07,0.4844838191220361,1
126025,2012-10-07,0.2559028881329195,0
126026,2012-10-07,0.4025824713640818,1
126027,2012-10-07,0.32740544920622977,0
126028,2012-10-07,0.3919632752640829,0
126029,2012-10-07,0.5357163059637893,1
126030,2012-10-07,0.3173976288725475,0
126031,2012-10-07,0.6042813133589874,1
126032,2012-10-07,0.33758503233197895,0
126033,2012-10-07,0.5514171093618817,0
126034,2012-10-07,0.38539955910512036,1
126035,2012-10-07,0.4746346403179199,0
126036,2012-10-07,0.43853829863132954,0
126037,2012-10-07,0.24096939439103024,1
126038,2012-10-07,0.25727658479072196,0
126039,2012-10-07,0.39867558874256814,1
126040,2012-10-07,0.29807494527052064,0
126041,2012-10-07,0.22968333442618746,0
126042,2012-10-07,0.40881756774530503,0
126043,2012-10-07,0.5493141115976647,1
126044,2012-10-07,0.28828480548053403,0
126045,2012-10-07,0.5381373683233844,1
126046,2012-10-07,0.4080476101993917,0
126047,2012-10-07,0.28727413951958736,1
126048,2012-10-07,0.3535780120964154,0
126049,2012-10-07,0.3383193685851127,1
126050,2012-10-07,0.48926747239959306,0
126051,2012-10-07,0.48102015934485304,0
126052,2012-10-07,0.16142291261088929,0
126053,2012-10-07,0.3997970552540042,0
126054,2012-10-07,0.3624403456003766,0
126055,2012-10-07,0.4812067405933692,0
126056,2012-10-07,0.1825436661953921,0
126057,2012-10-07,0.5748669053858848,1
126058,2012-10-07,0.6131984667436764,0
126059,2012-10-07,0.29183736056412274,0
126060,2012-10-07,0.24343495280463076,0
126061,2012-10-07,0.24141233721325922,1
126062,2012-10-07,0.43797803096807086,0
126063,2012-10-07,0.597909214909909,1
126064,2012-10-07,0.29650569712986635,0
126065,2012-10-07,0.3906484940628783,0
126066,2012-10-07,0.37896168844582645,0
126067,2012-10-07,0.18179401091909958,0
126068,2012-10-07,0.42447105971562143,0
126069,2012-10-07,0.6601046256628957,1
126070,2012-10-07,0.30841404793637206,0
126071,2012-10-07,0.277934541456959,1
126072,2012-10-07,0.5302126097992526,0
126073,2012-10-07,0.11352115211939282,0
126074,2012-10-07,0.3000542836076361,0
126075,2012-10-07,0.3778141975935384,0
126076,2012-10-07,0.35020692024593186,0
126077,2012-10-07,0.5372237295977883,1
126078,2012-10-07,0.427256636538839,0
126079,2012-10-07,0.28063121148900755,0
126080,2012-10-07,0.3216141178091663,0
126081,2012-10-07,0.29278646324539975,1
126082,2012-10-07,0.17291592150179216,0
126083,2012-10-07,0.6509796558300625,1
126084,2012-10-07,0.1756363725275502,1
126085,2012-10-07,0.2708733848191309,0
126086,2012-10-07,0.38355229506014205,0
126087,2012-10-07,0.3018439679634614,0
126088,2012-10-07,0.4363897817787223,1
126089,2012-10-07,0.20513419748803616,0
126090,2012-10-07,0.22942592481882138,0
126091,2012-10-07,0.4439014001593557,0
126092,2012-10-07,0.2587507235733926,0
126093,2012-10-07,0.29467156155218055,0
126094,2012-10-07,0.4558612831537455,1
126095,2012-10-07,0.5546130763395211,1
126096,2012-10-07,0.19888354526140153,0
126097,2012-10-07,0.5819953362939458,0
126098,2012-10-07,0.202321395779567,0
126099,2012-10-07,0.34724749314553144,1
126100,2012-10-07,0.38868736149320937,0
126101,2012-10-07,0.20801691914448914,0
126102,2012-10-07,0.5235906623036118,1
126103,2012-10-07,0.30510309488441045,0
126104,2012-10-07,0.4181152239257796,0
126105,2012-10-07,0.42118277935970233,1
126106,2012-10-07,0.3382557747826345,0
126107,2012-10-07,0.18051368167119752,0
126108,2012-10-07,0.3034800881481394,0
126109,2012-10-07,0.28963488753005373,0
126110,2012-10-07,0.28194165478953676,0
126111,2012-10-07,0.4453051379605126,0
126112,2012-10-07,0.31910691458813845,0
126113,2012-10-07,0.2448219486391558,0
126114,2012-10-07,0.6056925947504067,1
126115,2012-10-07,0.4367730947285511,0
126116,2012-10-07,0.5015533149529814,0
126117,2012-10-07,0.11699425962373707,0
126118,2012-10-07,0.2844129771094786,1
126119,2012-10-07,0.3144418840835174,0
126120,2012-10-07,0.3683100873527145,1
126121,2012-10-07,0.3113967287868496,0
126122,2012-10-07,0.23306985080234222,1
126123,2012-10-07,0.4572898978921316,1
126124,2012-10-07,0.3352691121065461,0
126125,2012-10-07,0.3707250498498884,0
126126,2012-10-07,0.49629511064604015,0
126127,2012-10-07,0.3003356871853305,1
126128,2012-10-07,0.4137904149786284,1
126129,2012-10-07,0.43041982003608953,0
126130,2012-10-07,0.43760949138379146,0
126131,2012-10-07,0.2717973104583045,0
126132,2012-10-07,0.17733419794536137,1
126133,2012-10-07,0.48802478474700234,0
126134,2012-10-07,0.32098228155707914,0
126135,2012-10-07,0.3259973922859999,0
126136,2012-10-07,0.3624788038477678,0
126137,2012-10-07,0.6813588941657323,0
126138,2012-10-07,0.18205670601859902,1
126139,2012-10-07,0.5526318290995914,0
126140,2012-10-07,0.4840383352853937,1
126141,2012-10-07,0.21952901147331155,1
126142,2012-10-07,0.407299103764281,0
126143,2012-10-07,0.32644195881058913,1
126144,2012-10-07,0.2860159573626903,0
126145,2012-10-07,0.2478621485179487,0
126146,2012-10-07,0.334067660207876,0
126147,2012-10-07,0.3064563069670247,1
126148,2012-10-07,0.45327106856057153,0
126149,2012-10-07,0.3898129418075187,0
126150,2012-10-07,0.17082450090714174,0
126151,2012-10-07,0.19320719510824763,0
126152,2012-10-07,0.2560147713144523,0
126153,2012-10-07,0.41346733353541093,0
126154,2012-10-07,0.5218738022464187,1
126155,2012-10-07,0.2809374731999994,0
126156,2012-10-07,0.4211063789229893,1
126157,2012-10-07,0.17733585802507942,0
126158,2012-10-07,0.2960256911212165,0
126159,2012-10-07,0.5636204341987654,1
126160,2012-10-07,0.542688783902421,0
126161,2012-10-07,0.31951949423223597,1
126162,2012-10-07,0.3503987601612337,0
126163,2012-10-07,0.11054199700240187,0
126164,2012-10-07,0.49533223351158545,0
126165,2012-10-07,0.23240901920931273,0
126166,2012-10-07,0.46284352111120597,0
126167,2012-10-07,0.29418421287177765,0
126168,2012-10-07,0.23869373898623034,0
126169,2012-10-07,0.3340307319886746,1
126170,2012-10-07,0.4317026434679416,1
126171,2012-10-07,0.5185600141584962,0
126172,2012-10-07,0.34117379464301295,1
126173,2012-10-07,0.41898207253574365,1
126174,2012-10-07,0.283875056261649,1
126175,2012-10-07,0.31631297741103,0
126176,2012-10-07,0.2769537003779989,0
126177,2012-10-07,0.2328099333221952,1
126178,2012-10-07,0.2715254408499008,0
126179,2012-10-07,0.3099727520923976,1
126180,2012-10-07,0.4636412637361476,0
126181,2012-10-07,0.1836578028310747,0
126182,2012-10-07,0.2311256434940524,0
126183,2012-10-07,0.4604411898098029,1
126184,2012-10-07,0.37866299010351173,0
126185,2012-10-07,0.18947335434635143,0
126186,2012-10-07,0.35117585899948456,0
126187,2012-10-07,0.3624933679213258,0
126188,2012-10-07,0.17199316272435947,0
126189,2012-10-07,0.5776235272534899,1
126190,2012-10-07,0.6161790378959333,0
126191,2012-10-07,0.6802027330186207,1
126192,2012-10-07,0.4060662312646991,1
126193,2012-10-07,0.31750309247592773,1
126194,2012-10-07,0.6148637595345365,0
126195,2012-10-07,0.09968158416295972,0
126196,2012-10-07,0.4618407274203259,1
126197,2012-10-07,0.38939280375031315,0
126198,2012-10-07,0.192759277594579,0
126199,2012-10-07,0.12991807803044622,0
126200,2012-10-07,0.3779761137542792,1
126201,2012-10-07,0.23569818127750675,0
126202,2012-10-07,0.521883278756326,1
126203,2012-10-07,0.20114894475110573,0
126204,2012-10-07,0.25353804772387556,0
126205,2012-10-07,0.2972439517214343,1
126206,2012-10-07,0.3977961305649448,1
126207,2012-10-07,0.36476245256359746,1
126208,2012-10-07,0.19494406045714405,0
126209,2012-10-07,0.19091667070218213,0
126210,2012-10-07,0.33007447415113605,0
126211,2012-10-07,0.38102192203079477,1
126212,2012-10-07,0.09893049343635903,0
126213,2012-10-07,0.22384599784015582,1
126214,2012-10-07,0.17613076206254133,1
126215,2012-10-07,0.7188928723798225,1
126216,2012-10-07,0.305467713243713,0
126217,2012-10-07,0.4465499977137634,0
126218,2012-10-07,0.3808451132103756,0
126219,2012-10-07,0.49799513397622513,1
126220,2012-10-07,0.2143147405893123,0
126221,2012-10-07,0.264635215358552,0
126222,2012-10-07,0.3004256466838033,0
126223,2012-10-07,0.3463771122324128,0
126224,2012-10-07,0.5055868088597257,1
126225,2012-10-07,0.6182749019999007,1
126226,2012-10-07,0.4071530131590083,1
126227,2012-10-07,0.3786570428738605,0
126228,2012-10-07,0.3753568855294394,1
126229,2012-10-07,0.4614967526111049,0
126230,2012-10-07,0.5087751853431012,0
126231,2012-10-07,0.25725337449021224,0
126232,2012-10-07,0.43559388412854044,0
126233,2012-10-07,0.385727209144027,1
126234,2012-10-07,0.22795187911369047,0
126235,2012-10-07,0.5902526031131323,1
126236,2012-10-07,0.24130306123086875,0
126237,2012-10-07,0.36078183095186,0
126238,2012-10-07,0.20642716553808393,1
126239,2012-10-07,0.5262601185413089,1
126240,2012-10-07,0.4934041547170534,1
126241,2012-10-07,0.1621849930960401,0
126242,2012-10-07,0.27250702112697056,0
126243,2012-10-07,0.4125403825425886,0
126244,2012-10-07,0.49173660180286605,0
126245,2012-10-07,0.3533209840830935,0
126246,2012-10-07,0.17923140145440986,0
126247,2012-10-07,0.3902831301858976,0
126248,2012-10-07,0.2366784057552392,0
126249,2012-10-07,0.30206750376601393,0
126250,2012-10-07,0.2804238644146434,0
126251,2012-10-07,0.35998482529127274,0
126252,2012-10-07,0.358154769909186,0
126253,2012-10-07,0.43357541882754336,1
126254,2012-10-07,0.2012981897514837,0
126255,2012-10-07,0.24305637790456852,0
126256,2012-10-07,0.4871624652087878,1
126257,2012-10-07,0.23938871623735808,1
126258,2012-10-07,0.42362652394060674,1
126259,2012-10-07,0.38487299015738824,1
126260,2012-10-07,0.24891020343433304,0
126261,2012-10-07,0.3626337142015738,0
126262,2012-10-07,0.4381942907442924,1
126263,2012-10-07,0.35890255214232797,1
126264,2012-10-07,0.23956427122766258,0
126265,2012-10-07,0.18428711707491358,0
126266,2012-10-07,0.16521534892704906,0
126267,2012-10-07,0.24388426874429203,0
126268,2012-10-07,0.31072818724584006,1
126269,2012-10-07,0.3922800765440529,0
126270,2012-10-07,0.4541820104855594,0
126271,2012-10-07,0.1811927735912987,0
126272,2012-10-07,0.37534830394455276,0
126273,2012-10-07,0.4509525737483289,0
126274,2012-10-07,0.3204894724891458,0
126275,2012-10-07,0.1630193324414253,0
126276,2012-10-07,0.3256060873697575,0
126277,2012-10-07,0.2566520525289183,1
126278,2012-10-07,0.29725233244779503,1
126279,2012-10-07,0.4351446428742156,0
126280,2012-10-07,0.29174146012199487,0
126281,2012-10-07,0.24620941453707795,0
126282,2012-10-07,0.5724996618183488,0
126283,2012-10-07,0.386946448681985,1
126284,2012-10-07,0.5639866173285497,0
126285,2012-10-07,0.2898845778567744,0
126286,2012-10-07,0.36860701817088326,1
126287,2012-10-07,0.3691873594813536,0
126288,2012-10-07,0.2641837689214455,0
126289,2012-10-07,0.31971875243783093,0
126290,2012-10-07,0.34977671241157177,1
126291,2012-10-07,0.5195481276005984,0
126292,2012-10-07,0.2139766207559209,0
126293,2012-10-07,0.44051543992223535,0
126294,2012-10-07,0.10844477243798042,1
126295,2012-10-07,0.5173279710908634,1
126296,2012-10-07,0.27752811579271364,0
126297,2012-10-07,0.39735820049254417,0
126298,2012-10-07,0.34003075678977196,0
126299,2012-10-07,0.5857454386205023,1
126300,2012-10-07,0.4434295401905476,0
126301,2012-10-07,0.5317469031555165,1
126302,2012-10-07,0.08846917788946203,0
126303,2012-10-07,0.4163583747138728,0
126304,2012-10-07,0.2206239110946381,0
126305,2012-10-07,0.35725287710445763,1
126306,2012-10-07,0.6447316227385003,1
126307,2012-10-07,0.4091344455798295,0
126308,2012-10-07,0.5735751577924915,0
126309,2012-10-07,0.3507375865736401,1
126310,2012-10-07,0.4447949277225416,1
126311,2012-10-07,0.12272409453209054,0
126312,2012-10-07,0.2986773066993034,1
126313,2012-10-07,0.13794204848668123,0
126314,2012-10-07,0.18670965957483268,1
126315,2012-10-07,0.22434072694272922,0
126316,2012-10-07,0.1806956233478136,0
126317,2012-10-07,0.5871648939638444,0
126318,2012-10-07,0.3065321059715921,0
126319,2012-10-07,0.6414895220954335,1
126320,2012-10-07,0.38515726935528105,0
126321,2012-10-07,0.4747009431971012,0
126322,2012-10-07,0.3332236453385222,1
126323,2012-10-07,0.1302101554255882,0
126324,2012-10-07,0.13524645386314388,0
126325,2012-10-07,0.6701168059723009,1
126326,2012-10-07,0.20227169190792083,0
126327,2012-10-07,0.3989679665630176,0
126328,2012-10-07,0.30177890416856185,0
126329,2012-10-07,0.32484749934083657,0
126330,2012-10-07,0.21511814174955443,0
126331,2012-10-07,0.2849358673322731,0
126332,2012-10-07,0.28539092897378426,0
126333,2012-10-07,0.5348968043616535,1
126334,2012-10-07,0.09689665557818854,0
126335,2012-10-07,0.3569674744973313,1
126336,2012-10-07,0.41008571086354834,1
126337,2012-10-07,0.25402154188900616,0
126338,2012-10-07,0.3085531877716427,0
126339,2012-10-07,0.39547768719955395,0
126340,2012-10-07,0.3721442026804229,0
126341,2012-10-07,0.31731421747703187,0
126342,2012-10-07,0.27559292806263225,0
126343,2012-10-07,0.4289586917330373,0
126344,2012-10-07,0.3203064407442419,1
126345,2012-10-07,0.30923123811271414,0
126346,2012-10-07,0.4557264968544856,1
126347,2012-10-07,0.34512204441478683,0
126348,2012-10-07,0.40254124027025473,1
126349,2012-10-07,0.5216021773196666,1
126350,2012-10-07,0.24106512849006065,1
126351,2012-10-07,0.45712843601892417,1
126352,2012-10-07,0.46568011443061663,0
126353,2012-10-07,0.3383681668272004,0
126354,2012-10-07,0.49569414027380215,1
126355,2012-10-07,0.3997849510810044,1
126356,2012-10-07,0.5582449095069195,0
126357,2012-10-07,0.33206001372570143,0
126358,2012-10-07,0.30054437134810247,1
126359,2012-10-07,0.3491369278414435,0
126360,2012-10-07,0.24219252460063462,0
126361,2012-10-07,0.44994059819560495,1
126362,2012-10-07,0.23573094528563873,0
126363,2012-10-07,0.2881614108663705,1
126364,2012-10-07,0.42648044324646156,0
126365,2012-10-07,0.29067111074837626,0
126366,2012-10-07,0.44622121432931655,0
126367,2012-10-07,0.4856096823995585,0
126368,2012-10-07,0.4065389852056862,0
126369,2012-10-07,0.2650138674872247,0
126370,2012-10-07,0.2600170783454096,0
126371,2012-10-07,0.3925429030754556,0
126372,2012-10-07,0.2414102681165597,0
126373,2012-10-07,0.3147731221179281,0
126374,2012-10-07,0.18032352326189524,0
126375,2012-10-07,0.3750888393112006,1
126376,2012-10-07,0.24644388532269015,0
126377,2012-10-07,0.16541786351106577,0
126378,2012-10-07,0.4948573336774001,0
126379,2012-10-07,0.6276691299866168,1
126380,2012-10-07,0.28564233768015496,0
126381,2012-10-07,0.19615571580534968,0
126382,2012-10-07,0.44846537746147835,0
126383,2012-10-07,0.46644215957120777,1
126384,2012-10-07,0.23732722466290945,0
126385,2012-10-07,0.40137726748762703,0
126386,2012-10-07,0.3940412585389474,0
126387,2012-10-07,0.3253874182772427,0
126388,2012-10-07,0.4388475944762223,1
126389,2012-10-07,0.16673115386399087,0
126390,2012-10-07,0.6361334387089544,1
126391,2012-10-07,0.3536807498912402,0
126392,2012-10-07,0.44872495534015405,1
126393,2012-10-07,0.3029301982307069,0
126394,2012-10-07,0.2724339463019584,1
126395,2012-10-07,0.32931945027370213,0
126396,2012-10-07,0.1438296798344205,1
126397,2012-10-07,0.3474423649799758,1
126398,2012-10-07,0.3671952057718762,1
126399,2012-10-07,0.24255462119181845,0
126400,2012-10-07,0.33174868813411645,1
126401,2012-10-07,0.3577856854542553,0
126402,2012-10-07,0.3211389610035191,0
126403,2012-10-07,0.3958559518593877,1
126404,2012-10-07,0.5502814533662643,0
126405,2012-10-07,0.4978578994292873,0
126406,2012-10-07,0.522847635141491,1
126407,2012-10-07,0.5106497180808706,1
126408,2012-10-07,0.5291440190113081,1
126409,2012-10-07,0.5472265114919383,0
126410,2012-10-07,0.645859418457441,0
126411,2012-10-07,0.39066195032890455,1
126412,2012-10-07,0.4300375258139125,1
126413,2012-10-07,0.3629704455768716,0
126414,2012-10-07,0.4747590742212061,0
126415,2012-10-07,0.17730215187040232,0
126416,2012-10-07,0.2949547432262492,0
126417,2012-10-07,0.4941967270202135,1
126418,2012-10-07,0.4548176266742509,0
126419,2012-10-07,0.24437429506810807,0
126420,2012-10-07,0.5612895585645253,1
126421,2012-10-07,0.18811162078584678,0
126422,2012-10-07,0.21502424814111026,0
126423,2012-10-07,0.27297263042124054,0
126424,2012-10-07,0.3923970121747393,1
126425,2012-10-07,0.33492890758510774,1
126426,2012-10-07,0.2824786446949322,0
126427,2012-10-07,0.2142803275529445,0
126428,2012-10-07,0.3622854544815371,0
126429,2012-10-07,0.30780193283425644,0
126430,2012-10-07,0.26216846979660224,0
126431,2012-10-07,0.5150567419981403,1
126432,2012-10-07,0.20910620171627728,0
126433,2012-10-07,0.30042829749472183,0
126434,2012-10-07,0.44310643512158565,0
126435,2012-10-07,0.5133112323767954,1
126436,2012-10-07,0.44677379486841196,0
126437,2012-10-07,0.4520930589401122,1
126438,2012-10-07,0.3731157574942735,1
126439,2012-10-07,0.3251805737315048,0
126440,2012-10-07,0.18526097449819515,0
126441,2012-10-07,0.4313092685087289,0
126442,2012-10-07,0.31184181009912343,0
126443,2012-10-07,0.27173348743082565,1
126444,2012-10-07,0.5199265831456716,0
126445,2012-10-07,0.48448590406148784,1
126446,2012-10-07,0.5387401845115365,1
126447,2012-10-07,0.4098948325152956,0
126448,2012-10-07,0.38231926362784074,0
126449,2012-10-07,0.3843066005677226,0
126450,2012-10-07,0.3347946879048533,1
126451,2012-10-07,0.2685555689960731,0
126452,2012-10-07,0.32650317484801433,0
126453,2012-10-07,0.23394657288655107,0
126454,2012-10-07,0.4289613823713388,1
126455,2012-10-07,0.30187516278822635,0
126456,2012-10-07,0.45574194478231544,1
126457,2012-10-07,0.3119679244241568,0
126458,2012-10-07,0.3739667973041249,0
126459,2012-10-07,0.34778364249454174,0
126460,2012-10-07,0.3090357415901382,0
126461,2012-10-07,0.41282770832839416,0
126462,2012-10-07,0.5022209438556091,0
126463,2012-10-07,0.43159712975871833,1
126464,2012-10-07,0.5522918911165632,0
126465,2012-10-07,0.2531688367628817,0
126466,2012-10-07,0.1602979263355227,0
126467,2012-10-07,0.2988048979248023,0
126468,2012-10-07,0.2635231457035604,1
126469,2012-10-07,0.4439395811251613,0
126470,2012-10-07,0.22419946214727965,0
126471,2012-10-07,0.36378611379288356,1
126472,2012-10-07,0.15529466738479214,0
126473,2012-10-07,0.5302379377785459,0
126474,2012-10-07,0.2788541065143439,1
126475,2012-10-07,0.40314597557322013,0
126476,2012-10-07,0.15423700448377922,0
126477,2012-10-07,0.24079938395298128,0
126478,2012-10-07,0.5804014181879477,0
126479,2012-10-07,0.361513428363354,0
126480,2012-10-07,0.15127157905309044,0
126481,2012-10-07,0.40035883885310286,0
126482,2012-10-07,0.4660316442772123,0
126483,2012-10-07,0.2350306740959909,0
126484,2012-10-07,0.26013726227304484,0
126485,2012-10-07,0.21856225210399727,0
126486,2012-10-07,0.3333170254333999,0
126487,2012-10-07,0.6385347042531943,0
126488,2012-10-07,0.3806988618188586,0
126489,2012-10-07,0.3674747411006626,0
126490,2012-10-07,0.24729160459474395,0
126491,2012-10-07,0.4879940186536647,1
126492,2012-10-07,0.1757128650240338,1
126493,2012-10-07,0.38312596546895633,0
126494,2012-10-07,0.24374780399401172,0
126495,2012-10-07,0.2036649468031444,0
126496,2012-10-07,0.28250670563600216,0
126497,2012-10-07,0.381666881675665,0
126498,2012-10-07,0.6667811064604986,0
126499,2012-10-07,0.3859221600982176,0
126500,2012-10-07,0.2998575299847899,1
126501,2012-10-07,0.5898660575668432,1
126502,2012-10-07,0.22757861707550903,0
126503,2012-10-07,0.6095285638652171,1
126504,2012-10-07,0.1600781832711856,0
126505,2012-10-07,0.45972119401914696,0
126506,2012-10-07,0.27287355510431754,0
126507,2012-10-07,0.3062110931286314,1
126508,2012-10-07,0.2551946179440273,0
126509,2012-10-07,0.35817511823734055,0
126510,2012-10-07,0.6494739267354082,0
126511,2012-10-07,0.1281438606610906,0
126512,2012-10-07,0.6494768380546173,0
126513,2012-10-07,0.18666351631584166,1
126514,2012-10-07,0.3694098214213156,0
126515,2012-10-07,0.6652614402260014,1
126516,2012-10-07,0.39721606120564124,1
126517,2012-10-07,0.3259165497339413,0
126518,2012-10-07,0.5827930498400883,1
126519,2012-10-07,0.26424435345875014,0
126520,2012-10-07,0.15667844664310684,0
126521,2012-10-07,0.3628999230959135,0
126522,2012-10-07,0.46409542262943043,1
126523,2012-10-07,0.24483601381866119,0
126524,2012-10-07,0.5849785625921156,1
126525,2012-10-07,0.08858753402965537,0
126526,2012-10-07,0.32183883811347086,0
126527,2012-10-07,0.36460747004758687,0
126528,2012-10-07,0.2166747642534134,0
126529,2012-10-07,0.31018828885431915,0
126530,2012-10-07,0.3186343830316041,0
126531,2012-10-07,0.1877466444227486,0
126532,2012-10-07,0.2663020803051618,0
126533,2012-10-07,0.45456119895432323,0
126534,2012-10-07,0.43804776198652706,0
126535,2012-10-07,0.5065723134082197,1
126536,2012-10-07,0.19861599334543545,0
126537,2012-10-07,0.5407252206173179,0
126538,2012-10-07,0.284862114623837,0
126539,2012-10-07,0.3701743250866785,0
126540,2012-10-07,0.5336808962233889,0
126541,2012-10-07,0.30571706268590537,0
126542,2012-10-07,0.27326840580743106,0
126543,2012-10-07,0.4846524854756123,1
126544,2012-10-07,0.419177073663029,1
126545,2012-10-07,0.2748693062941677,0
126546,2012-10-07,0.46507739117240543,1
126547,2012-10-07,0.41999422770844463,1
126548,2012-10-07,0.3056920766387821,0
126549,2012-10-07,0.5636839803576938,1
126550,2012-10-07,0.14001509533439926,0
126551,2012-10-07,0.13971327779689174,0
126552,2012-10-07,0.2527723556024608,0
126553,2012-10-07,0.22895941280161047,1
126554,2012-10-07,0.36674413686841145,0
126555,2012-10-07,0.21708144440755706,0
126556,2012-10-07,0.34166189156166643,0
126557,2012-10-07,0.23510405825730346,0
126558,2012-10-07,0.23308993333649247,0
126559,2012-10-07,0.3342241791703997,0
126560,2012-10-07,0.46481215584997687,0
126561,2012-10-07,0.3952471014025097,0
126562,2012-10-07,0.3016457401580012,0
126563,2012-10-07,0.6047970318097358,1
126564,2012-10-07,0.32016932893362027,0
126565,2012-10-07,0.34548939372562404,0
126566,2012-10-07,0.36480529462108974,1
126567,2012-10-07,0.5491533041839092,1
126568,2012-10-07,0.591109785867178,0
126569,2012-10-07,0.19479391558473017,0
126570,2012-10-07,0.1415950518277621,0
126571,2012-10-07,0.48935542709212404,1
126572,2012-10-07,0.17671953631424964,0
126573,2012-10-07,0.4812588719249371,1
126574,2012-10-07,0.3602112257791082,0
126575,2012-10-07,0.24124478755377207,0
126576,2012-10-07,0.24776328497833938,0
126577,2012-10-07,0.3926024053451937,0
126578,2012-10-07,0.3295586489562868,1
126579,2012-10-07,0.4238544954182817,0
126580,2012-10-07,0.37311421983352955,0
126581,2012-10-07,0.4816898499780977,1
126582,2012-10-07,0.2984859295347043,0
126583,2012-10-07,0.6353721847841622,0
126584,2012-10-07,0.20370656970013068,0
126585,2012-10-07,0.12919756603720714,0
126586,2012-10-07,0.3573614721529658,0
126587,2012-10-07,0.40739071665887483,1
126588,2012-10-07,0.1872457520663107,0
126589,2012-10-07,0.20992606350251422,0
126590,2012-10-07,0.4183026866329887,1
126591,2012-10-07,0.2847984231329906,0
126592,2012-10-07,0.42026159745386693,0
126593,2012-10-07,0.3281731426042124,0
126594,2012-10-07,0.34356140658231976,1
126595,2012-10-07,0.26717376640883683,0
126596,2012-10-07,0.4022737972452485,0
126597,2012-10-07,0.34785209977257076,1
126598,2012-10-07,0.37770372564160937,1
126599,2012-10-07,0.34395369635745443,0
126600,2012-10-07,0.4273958008223759,1
126601,2012-10-07,0.39254424070597516,0
126602,2012-10-07,0.41854751502602333,1
126603,2012-10-07,0.18764747421599295,0
126604,2012-10-07,0.40298940251097154,0
126605,2012-10-07,0.27109777304154953,0
126606,2012-10-07,0.554381701782524,1
126607,2012-10-07,0.36733959210001604,0
126608,2012-10-07,0.24862176375378556,1
126609,2012-10-07,0.19341650119829668,0
126610,2012-10-07,0.1985288850164587,1
126611,2012-10-07,0.18375827604877762,0
126612,2012-10-07,0.29104016522065795,0
126613,2012-10-07,0.3180397019429971,1
126614,2012-10-07,0.24344409949381268,0
126615,2012-10-07,0.38921274914044973,0
126616,2012-10-07,0.24258079259925353,0
126617,2012-10-07,0.2732449810773909,0
126618,2012-10-07,0.35658435500856694,1
126619,2012-10-07,0.30020325553624194,0
126620,2012-10-07,0.4672156530314203,0
126621,2012-10-07,0.3905189324532599,0
126622,2012-10-07,0.43396301146304994,0
126623,2012-10-07,0.29592794932435473,1
126624,2012-10-07,0.20286534407517012,0
126625,2012-10-07,0.5568084864424508,1
126626,2012-10-08,0.47602299226891703,1
126627,2012-10-08,0.225004626440302,0
126628,2012-10-08,0.22708107605910224,1
126629,2012-10-08,0.2666363421299901,0
126630,2012-10-08,0.32142104984842845,0
126631,2012-10-08,0.34071150646713144,0
126632,2012-10-08,0.2922066841750727,0
126633,2012-10-08,0.3654831606146212,0
126634,2012-10-08,0.6737668332239474,1
126635,2012-10-08,0.4632933578712982,1
126636,2012-10-08,0.21275980333254263,0
126637,2012-10-08,0.41269948125417605,1
126638,2012-10-08,0.5535952167674097,0
126639,2012-10-08,0.3506538456724282,0
126640,2012-10-08,0.2986111728533968,1
126641,2012-10-08,0.5731318653019677,0
126642,2012-10-08,0.5644805320413221,1
126643,2012-10-08,0.43836619943694827,1
126644,2012-10-08,0.3608009646291326,1
126645,2012-10-08,0.16998004054737934,0
126646,2012-10-08,0.19862899006008974,0
126647,2012-10-08,0.42512043895165164,0
126648,2012-10-08,0.4847843872980148,0
126649,2012-10-08,0.3544235309815119,0
126650,2012-10-08,0.2397396881224447,0
126651,2012-10-08,0.36334392418970946,0
126652,2012-10-08,0.3303623902758538,0
126653,2012-10-08,0.5718458355617896,0
126654,2012-10-08,0.44187329774173145,0
126655,2012-10-08,0.3831285164138796,1
126656,2012-10-08,0.39857711147114394,0
126657,2012-10-08,0.2836119054722878,0
126658,2012-10-08,0.26487379003038763,0
126659,2012-10-08,0.40540716617875894,0
126660,2012-10-08,0.13387045643327444,0
126661,2012-10-08,0.6941414442529702,1
126662,2012-10-08,0.5660706079705387,1
126663,2012-10-08,0.449445114626937,1
126664,2012-10-08,0.324694193324502,0
126665,2012-10-08,0.370262160794238,1
126666,2012-10-08,0.5998851896728176,0
126667,2012-10-08,0.2854886848014445,1
126668,2012-10-08,0.5036501426776334,0
126669,2012-10-08,0.3983148942228862,0
126670,2012-10-08,0.30114083437168687,0
126671,2012-10-08,0.3655017064612232,0
126672,2012-10-08,0.3889607118420808,1
126673,2012-10-08,0.4405326990656861,0
126674,2012-10-08,0.42322959699440704,0
126675,2012-10-08,0.17326926687327426,0
126676,2012-10-08,0.2924572069949235,0
126677,2012-10-08,0.34139582276111724,0
126678,2012-10-08,0.2623649632592944,0
126679,2012-10-08,0.44041793040526095,1
126680,2012-10-08,0.35795247703246275,1
126681,2012-10-08,0.44986283287417467,0
126682,2012-10-08,0.26918200223382055,0
126683,2012-10-08,0.23189090550728864,0
126684,2012-10-08,0.3737456277021475,0
126685,2012-10-08,0.15241267896133134,0
126686,2012-10-08,0.5767191931866871,0
126687,2012-10-08,0.3094200534445251,0
126688,2012-10-08,0.35556121791104817,0
126689,2012-10-08,0.31772450169923944,1
126690,2012-10-08,0.5228231159394162,0
126691,2012-10-08,0.4904234624572861,0
126692,2012-10-08,0.21212277150242562,1
126693,2012-10-08,0.5499481978306623,1
126694,2012-10-08,0.375470336907453,0
126695,2012-10-08,0.2912306731397833,0
126696,2012-10-08,0.5189363041183849,0
126697,2012-10-08,0.2862132476656165,0
126698,2012-10-08,0.32242133349207774,1
126699,2012-10-08,0.5224331113566154,1
126700,2012-10-08,0.5028178361995588,0
126701,2012-10-08,0.3906873111505593,0
126702,2012-10-08,0.3523389277780105,0
126703,2012-10-08,0.5136959625092579,1
126704,2012-10-08,0.22873419134481773,0
126705,2012-10-08,0.37326245765424465,0
126706,2012-10-08,0.4941129009467482,0
126707,2012-10-08,0.375903003988615,0
126708,2012-10-08,0.433551637998797,0
126709,2012-10-08,0.34869333452479184,0
126710,2012-10-08,0.4938356976098949,1
126711,2012-10-08,0.38898713362740284,1
126712,2012-10-08,0.3500899565207565,0
126713,2012-10-08,0.31801711252644,0
126714,2012-10-08,0.3590184267342539,0
126715,2012-10-08,0.20069798258066526,0
126716,2012-10-08,0.6673392326804001,0
126717,2012-10-08,0.3273019088109241,1
126718,2012-10-08,0.3670814210255826,0
126719,2012-10-08,0.4618290478661964,1
126720,2012-10-08,0.3493412422924992,0
126721,2012-10-08,0.3599525614655968,0
126722,2012-10-08,0.46884592565873573,1
126723,2012-10-08,0.5004000096477741,0
126724,2012-10-08,0.45315911854503615,0
126725,2012-10-08,0.23384348132236418,0
126726,2012-10-08,0.20734905408822948,0
126727,2012-10-08,0.3482832462283905,0
126728,2012-10-08,0.37152253758628995,1
126729,2012-10-08,0.3084382790904923,0
126730,2012-10-08,0.521769285542547,0
126731,2012-10-08,0.1078149181002803,0
126732,2012-10-08,0.34147427806306707,0
126733,2012-10-08,0.2945708823272711,0
126734,2012-10-08,0.5070511208931352,0
126735,2012-10-08,0.31235846953514285,1
126736,2012-10-08,0.20278797780385566,0
126737,2012-10-08,0.2601038297341467,0
126738,2012-10-08,0.39937084231537384,0
126739,2012-10-08,0.49202322714002933,0
126740,2012-10-08,0.33546344293672586,0
126741,2012-10-08,0.21903817093424607,0
126742,2012-10-08,0.40521515507188993,0
126743,2012-10-08,0.1630923637225352,0
126744,2012-10-08,0.30052224578152686,0
126745,2012-10-08,0.46142603903159013,1
126746,2012-10-08,0.38153259765195063,0
126747,2012-10-08,0.06529389785733193,0
126748,2012-10-08,0.3578250747693967,0
126749,2012-10-08,0.28724006690209186,0
126750,2012-10-08,0.19330823654633147,0
126751,2012-10-08,0.3691194485850546,0
126752,2012-10-08,0.19317568354230957,0
126753,2012-10-08,0.29775744651772185,0
126754,2012-10-08,0.2495757686389218,0
126755,2012-10-08,0.17977441276363462,0
126756,2012-10-08,0.5619984781712722,0
126757,2012-10-08,0.1476866386033023,0
126758,2012-10-08,0.4006435728956704,0
126759,2012-10-08,0.45577714519375756,1
126760,2012-10-08,0.28389882190836624,1
126761,2012-10-08,0.23804379700310185,0
126762,2012-10-08,0.42705761592387337,0
126763,2012-10-08,0.548076518885072,0
126764,2012-10-08,0.4194477746386883,0
126765,2012-10-08,0.36433193280489584,0
126766,2012-10-08,0.526813635341932,0
126767,2012-10-08,0.27650433281194264,0
126768,2012-10-08,0.6156924215038436,0
126769,2012-10-08,0.3846520224043117,0
126770,2012-10-08,0.4067189125228479,0
126771,2012-10-08,0.2370724396813675,0
126772,2012-10-08,0.4138141671669479,0
126773,2012-10-08,0.4145772817180854,0
126774,2012-10-08,0.6484653973992508,1
126775,2012-10-08,0.4423347748873035,0
126776,2012-10-08,0.41496011140396577,0
126777,2012-10-08,0.3030564031692603,1
126778,2012-10-08,0.2983845483039553,1
126779,2012-10-08,0.35164424209828476,0
126780,2012-10-08,0.3532953715863291,0
126781,2012-10-08,0.6598226455853334,0
126782,2012-10-08,0.48934144383339784,0
126783,2012-10-08,0.24903142001006184,0
126784,2012-10-08,0.33566388640548056,0
126785,2012-10-08,0.3653071205912574,0
126786,2012-10-08,0.2773886862414888,0
126787,2012-10-08,0.3153075461189746,1
126788,2012-10-08,0.3138754667240274,0
126789,2012-10-08,0.39888451008568343,1
126790,2012-10-08,0.3203039174113711,0
126791,2012-10-08,0.4136208531625029,0
126792,2012-10-08,0.37538008779548065,0
126793,2012-10-08,0.24812151664448373,0
126794,2012-10-08,0.3382947400190838,1
126795,2012-10-08,0.29839449970466786,0
126796,2012-10-08,0.5326114668070396,1
126797,2012-10-08,0.17192813026150924,1
126798,2012-10-08,0.14525561911625065,0
126799,2012-10-08,0.39733544373604185,0
126800,2012-10-08,0.2017924747692555,0
126801,2012-10-08,0.3286630681552367,1
126802,2012-10-08,0.4141157984599012,0
126803,2012-10-08,0.27807093157267604,1
126804,2012-10-08,0.3832827138392955,0
126805,2012-10-08,0.48556075594221226,1
126806,2012-10-08,0.6429433738399668,1
126807,2012-10-08,0.17978764805037095,0
126808,2012-10-08,0.36521727221211103,1
126809,2012-10-08,0.47001145137440464,0
126810,2012-10-08,0.43227249218133296,0
126811,2012-10-08,0.43303075596634155,1
126812,2012-10-08,0.45742971391047,1
126813,2012-10-08,0.3856874236529535,1
126814,2012-10-08,0.5734580070610412,0
126815,2012-10-08,0.3772113465571512,0
126816,2012-10-08,0.19548119259598895,0
126817,2012-10-08,0.5783034476527618,0
126818,2012-10-08,0.3346380815471893,1
126819,2012-10-08,0.422746292631791,1
126820,2012-10-08,0.35094488090614034,0
126821,2012-10-08,0.41186995458788783,0
126822,2012-10-08,0.3906050633563307,1
126823,2012-10-08,0.38625793649556717,0
126824,2012-10-08,0.4596707069305178,1
126825,2012-10-08,0.19073743504804616,0
126826,2012-10-08,0.38730209393406334,1
126827,2012-10-08,0.5142247630255995,1
126828,2012-10-08,0.21235405266392723,0
126829,2012-10-08,0.42710352333291307,1
126830,2012-10-08,0.3105554629077352,0
126831,2012-10-08,0.3112085956684204,0
126832,2012-10-08,0.435987869709685,1
126833,2012-10-08,0.487280039479902,0
126834,2012-10-08,0.43338010151669804,1
126835,2012-10-08,0.28967190470359394,0
126836,2012-10-08,0.3424839924706012,0
126837,2012-10-08,0.24189846923531252,0
126838,2012-10-08,0.6122248830838658,1
126839,2012-10-08,0.2789459957543259,0
126840,2012-10-08,0.25091743869966543,0
126841,2012-10-08,0.21401790229908765,0
126842,2012-10-08,0.561048658462465,1
126843,2012-10-08,0.21214098481888033,0
126844,2012-10-08,0.34702486230551016,0
126845,2012-10-08,0.502109105793362,0
126846,2012-10-08,0.1460962684052531,0
126847,2012-10-08,0.29579855983150954,0
126848,2012-10-08,0.3139307777571204,0
126849,2012-10-08,0.5159043309542489,0
126850,2012-10-08,0.4306024769093125,0
126851,2012-10-08,0.5205521556812773,0
126852,2012-10-08,0.3743446492323942,0
126853,2012-10-08,0.3004496085311972,0
126854,2012-10-08,0.3548034752040807,0
126855,2012-10-08,0.3767596361271639,1
126856,2012-10-08,0.46721655524223504,0
126857,2012-10-08,0.4712942794971383,1
126858,2012-10-08,0.39076840390438533,0
126859,2012-10-08,0.13726876967246984,0
126860,2012-10-08,0.21775653976054324,0
126861,2012-10-08,0.34009835208144484,0
126862,2012-10-08,0.4895572208163587,0
126863,2012-10-08,0.27518678621901826,1
126864,2012-10-08,0.48687321716809884,0
126865,2012-10-08,0.6069086398967569,0
126866,2012-10-08,0.4647032911234389,0
126867,2012-10-08,0.42071607404603906,1
126868,2012-10-08,0.2972907853195363,0
126869,2012-10-08,0.3228172136981101,0
126870,2012-10-08,0.29929262103385523,0
126871,2012-10-08,0.23508980329983956,1
126872,2012-10-08,0.14662698218484702,0
126873,2012-10-08,0.3416923288158551,0
126874,2012-10-08,0.38722421004205987,1
126875,2012-10-08,0.3047861656205827,1
126876,2012-10-08,0.3521880356740356,0
126877,2012-10-08,0.34165860570224893,0
126878,2012-10-08,0.4355748268165588,0
126879,2012-10-08,0.5847941698009208,1
126880,2012-10-08,0.4682608748623719,0
126881,2012-10-08,0.4122076523176719,1
126882,2012-10-08,0.31119515151326377,0
126883,2012-10-08,0.24904076420200433,0
126884,2012-10-08,0.409150954404116,0
126885,2012-10-08,0.301645656914356,1
126886,2012-10-08,0.6327934719811324,0
126887,2012-10-08,0.31581059501886244,0
126888,2012-10-08,0.45383036379392405,1
126889,2012-10-08,0.4037994039714147,0
126890,2012-10-08,0.30883144020813386,1
126891,2012-10-08,0.278926417431876,0
126892,2012-10-08,0.37796055449711546,0
126893,2012-10-08,0.20694900747333753,1
126894,2012-10-08,0.47737311686851963,0
126895,2012-10-08,0.2920827400756447,1
126896,2012-10-08,0.5489549577404355,1
126897,2012-10-08,0.43977882637485227,0
126898,2012-10-08,0.4280144594089395,0
126899,2012-10-08,0.2557610267888754,0
126900,2012-10-08,0.39103145917526366,0
126901,2012-10-08,0.46144642559601295,0
126902,2012-10-08,0.3668224372974481,0
126903,2012-10-08,0.2917755963330904,0
126904,2012-10-08,0.4579662481110636,0
126905,2012-10-08,0.24639461824813236,0
126906,2012-10-08,0.23154815302105602,0
126907,2012-10-08,0.3496045560870866,1
126908,2012-10-08,0.6302427815478111,0
126909,2012-10-08,0.45044288089499035,1
126910,2012-10-08,0.2775090909627234,0
126911,2012-10-08,0.31341737268788816,0
126912,2012-10-08,0.25156168724205813,0
126913,2012-10-08,0.2449270411178067,0
126914,2012-10-08,0.25152209608048054,0
126915,2012-10-08,0.29686536726914575,0
126916,2012-10-08,0.4342481506007157,0
126917,2012-10-08,0.2982336723449031,0
126918,2012-10-08,0.26276559333368593,0
126919,2012-10-08,0.39362223219819986,0
126920,2012-10-08,0.5932813906944339,1
126921,2012-10-08,0.4976666929676275,1
126922,2012-10-08,0.24674868828362256,0
126923,2012-10-08,0.2377998606217628,0
126924,2012-10-08,0.575204279294057,0
126925,2012-10-08,0.35380326304749476,1
126926,2012-10-08,0.18072260630320927,0
126927,2012-10-08,0.3283082044721942,0
126928,2012-10-08,0.45833142983940844,0
126929,2012-10-08,0.20326240022633021,0
126930,2012-10-08,0.15059062771940576,0
126931,2012-10-08,0.40974953002413655,0
126932,2012-10-08,0.19549779518520105,0
126933,2012-10-08,0.1840710870685589,1
126934,2012-10-08,0.6053176277061577,0
126935,2012-10-08,0.3299129264313475,1
126936,2012-10-08,0.35909508866568085,1
126937,2012-10-08,0.29136924416369825,1
126938,2012-10-08,0.5897429245537363,0
126939,2012-10-08,0.5556284744975069,1
126940,2012-10-08,0.20005029222606083,0
126941,2012-10-08,0.3011343520567915,0
126942,2012-10-08,0.4203326092928076,0
126943,2012-10-08,0.24288663724602677,0
126944,2012-10-08,0.5489671326060068,1
126945,2012-10-08,0.2874687090091351,1
126946,2012-10-08,0.35806391620644107,0
126947,2012-10-08,0.29887135717248114,0
126948,2012-10-08,0.2614519738857453,0
126949,2012-10-08,0.2952407310003899,0
126950,2012-10-08,0.553379287792604,0
126951,2012-10-08,0.5162074892793298,0
126952,2012-10-08,0.4697067455569993,0
126953,2012-10-08,0.3197856674146049,0
126954,2012-10-08,0.3897440719087323,0
126955,2012-10-08,0.40898707409991397,0
126956,2012-10-08,0.42389916745320777,1
126957,2012-10-08,0.14727004025121881,0
126958,2012-10-08,0.4014855905157236,0
126959,2012-10-08,0.3159086013296812,0
126960,2012-10-08,0.32266033966701785,0
126961,2012-10-08,0.3507441656629237,0
126962,2012-10-08,0.4100520944882829,0
126963,2012-10-08,0.5407905048704725,0
126964,2012-10-08,0.4334744578306579,0
126965,2012-10-08,0.17605058253050476,0
126966,2012-10-08,0.21910828351048,0
126967,2012-10-08,0.6609963765606949,1
126968,2012-10-08,0.5177007194384248,0
126969,2012-10-08,0.40368132734221795,1
126970,2012-10-08,0.35342066620268514,0
126971,2012-10-08,0.30558705890942456,0
126972,2012-10-08,0.38061038583394646,1
126973,2012-10-08,0.24176231034532658,1
126974,2012-10-08,0.3329883042071241,0
126975,2012-10-08,0.304268210621718,0
126976,2012-10-08,0.2661693259134015,0
126977,2012-10-08,0.4990787978780995,0
126978,2012-10-08,0.34136406486430376,0
126979,2012-10-08,0.4333827160082313,0
126980,2012-10-08,0.20000944070949897,0
126981,2012-10-08,0.5304921678236797,1
126982,2012-10-08,0.4130118776578465,0
126983,2012-10-08,0.4036231451726104,0
126984,2012-10-08,0.25925359772049705,1
126985,2012-10-08,0.3605848673903474,1
126986,2012-10-08,0.4442983067970467,1
126987,2012-10-08,0.2858222905051775,0
126988,2012-10-08,0.08704511652696093,0
126989,2012-10-08,0.29211747243819475,0
126990,2012-10-08,0.3051441040446334,0
126991,2012-10-08,0.35038536484795346,1
126992,2012-10-08,0.4552005657220164,0
126993,2012-10-08,0.6522742532970225,0
126994,2012-10-08,0.3905928280651675,0
126995,2012-10-08,0.23246627792427701,0
126996,2012-10-08,0.43437404910888283,0
126997,2012-10-08,0.42406383160687466,0
126998,2012-10-08,0.5461214457428025,1
126999,2012-10-08,0.36724495216912195,0
127000,2012-10-08,0.22474260343377947,0
127001,2012-10-08,0.27133271722337354,0
127002,2012-10-08,0.4342270641199601,0
127003,2012-10-08,0.4684973518128087,0
127004,2012-10-08,0.11555503940691014,0
127005,2012-10-08,0.4998314958403871,0
127006,2012-10-08,0.4031430436449854,0
127007,2012-10-08,0.32987235909986207,1
127008,2012-10-08,0.5134781070450976,0
127009,2012-10-08,0.36542001496298926,0
127010,2012-10-08,0.4036267754049914,1
127011,2012-10-08,0.2706770031129707,0
127012,2012-10-08,0.4712890919798235,0
127013,2012-10-08,0.49711805940633735,0
127014,2012-10-08,0.2016874919982535,0
127015,2012-10-08,0.4460526002769481,0
127016,2012-10-08,0.5412269975281956,0
127017,2012-10-08,0.441608200805973,0
127018,2012-10-08,0.43428998763423704,0
127019,2012-10-08,0.5141489928663389,1
127020,2012-10-08,0.6596066659139301,1
127021,2012-10-08,0.4709998340406234,0
127022,2012-10-08,0.37540805356946144,0
127023,2012-10-08,0.26715670750971726,0
127024,2012-10-08,0.1668474954027597,0
127025,2012-10-08,0.27863754012961917,1
127026,2012-10-08,0.37920414861541285,1
127027,2012-10-08,0.42577414017042453,0
127028,2012-10-08,0.5898568134875131,1
127029,2012-10-08,0.34008940345692235,0
127030,2012-10-08,0.6134873917423849,1
127031,2012-10-08,0.38403556777514686,0
127032,2012-10-08,0.3545838950062579,1
127033,2012-10-08,0.5390106667842742,0
127034,2012-10-08,0.4396542164773786,0
127035,2012-10-08,0.1968043809284778,1
127036,2012-10-08,0.5865521785152535,0
127037,2012-10-08,0.3318044609840438,1
127038,2012-10-08,0.49778604740681087,0
127039,2012-10-08,0.4488151057676299,1
127040,2012-10-08,0.5047154085689761,0
127041,2012-10-08,0.5250028209324853,1
127042,2012-10-08,0.13852396005326695,0
127043,2012-10-08,0.6207266010276694,1
127044,2012-10-08,0.2617794843189182,0
127045,2012-10-08,0.32302814967692794,1
127046,2012-10-08,0.3627243272378773,0
127047,2012-10-08,0.5428637550583657,0
127048,2012-10-08,0.1398959427080255,0
127049,2012-10-08,0.41020925898456,0
127050,2012-10-08,0.5568137590504766,1
127051,2012-10-08,0.36068944071454967,0
127052,2012-10-08,0.33025034929091457,0
127053,2012-10-08,0.33609004960876177,0
127054,2012-10-08,0.15941396213268114,0
127055,2012-10-08,0.36615238759333946,1
127056,2012-10-08,0.28102002806817217,1
127057,2012-10-08,0.20453673063798156,0
127058,2012-10-08,0.271263727669879,0
127059,2012-10-08,0.6460125720243338,0
127060,2012-10-08,0.3296958208123031,0
127061,2012-10-08,0.2808714619335258,0
127062,2012-10-08,0.6524986750205074,1
127063,2012-10-08,0.2158281222778386,0
127064,2012-10-08,0.29496338900790253,0
127065,2012-10-08,0.1773859987681946,0
127066,2012-10-08,0.4412890735145555,0
127067,2012-10-08,0.2270326913909406,1
127068,2012-10-08,0.27614603596691834,0
127069,2012-10-08,0.2762007537184253,0
127070,2012-10-08,0.5306162472752126,1
127071,2012-10-08,0.2552793026924911,0
127072,2012-10-08,0.5814845980711827,1
127073,2012-10-08,0.29647857712005055,0
127074,2012-10-08,0.2439617131664628,0
127075,2012-10-08,0.40427365893955464,1
127076,2012-10-08,0.34168793625580923,1
127077,2012-10-08,0.6313878268809643,0
127078,2012-10-08,0.10890957386597513,0
127079,2012-10-08,0.34532245376837795,0
127080,2012-10-08,0.3067090010697449,1
127081,2012-10-08,0.3106227222558318,0
127082,2012-10-08,0.4086850486525401,0
127083,2012-10-08,0.30687632702926804,0
127084,2012-10-08,0.33362473226766143,0
127085,2012-10-08,0.25332553472759173,1
127086,2012-10-08,0.5985744503376919,0
127087,2012-10-08,0.3130910632371373,0
127088,2012-10-08,0.35598299814564555,1
127089,2012-10-08,0.6258887436224081,1
127090,2012-10-08,0.4076711946471042,0
127091,2012-10-08,0.35430381933661825,1
127092,2012-10-08,0.40681298557682727,0
127093,2012-10-08,0.5076912447401792,0
127094,2012-10-08,0.21493973578249792,0
127095,2012-10-08,0.31614496208273657,0
127096,2012-10-08,0.2753525907400588,0
127097,2012-10-08,0.370714502252662,1
127098,2012-10-08,0.3694603796206664,1
127099,2012-10-08,0.5175541379992127,0
127100,2012-10-08,0.4484695721309348,1
127101,2012-10-08,0.3018174918884433,0
127102,2012-10-08,0.42872752225843225,0
127103,2012-10-08,0.3363960039215098,1
127104,2012-10-08,0.2582014133210214,0
127105,2012-10-08,0.3114651611677015,0
127106,2012-10-08,0.45437673636885223,0
127107,2012-10-08,0.5310140130247121,1
127108,2012-10-08,0.4625846615164724,0
127109,2012-10-08,0.5290794175899856,0
127110,2012-10-08,0.4647654435398422,0
127111,2012-10-08,0.47209841501854155,0
127112,2012-10-08,0.2501100988881234,0
127113,2012-10-08,0.2975142411877108,0
127114,2012-10-08,0.3043060881492482,0
127115,2012-10-08,0.28684935656564525,1
127116,2012-10-08,0.5556158747651199,0
127117,2012-10-08,0.5010083022423393,1
127118,2012-10-08,0.4504759427335822,0
127119,2012-10-08,0.21529258041091928,0
127120,2012-10-08,0.3242838068434271,0
127121,2012-10-08,0.2533951534940646,0
127122,2012-10-08,0.2577385437996716,1
127123,2012-10-08,0.35490133255677736,0
127124,2012-10-08,0.2531345870259994,0
127125,2012-10-08,0.23874415625852435,1
127126,2012-10-08,0.2441611436831466,0
127127,2012-10-08,0.3878753317175433,0
127128,2012-10-08,0.3446820761793902,0
127129,2012-10-08,0.42432557229704965,0
127130,2012-10-08,0.3680530195938725,0
127131,2012-10-08,0.39298006292354765,0
127132,2012-10-08,0.3264266850355305,0
127133,2012-10-08,0.3172617636018039,0
127134,2012-10-08,0.42887035036694954,1
127135,2012-10-08,0.2960570450345131,0
127136,2012-10-08,0.19629980390319965,0
127137,2012-10-08,0.4405662762643731,0
127138,2012-10-08,0.38131652135322897,1
127139,2012-10-08,0.5332337138816383,0
127140,2012-10-08,0.3188602971436532,0
127141,2012-10-08,0.29190503375243015,0
127142,2012-10-08,0.3946236007715887,0
127143,2012-10-08,0.5848552494989298,1
127144,2012-10-08,0.29856184666883695,1
127145,2012-10-08,0.2736746941379128,0
127146,2012-10-08,0.6401034181704583,0
127147,2012-10-08,0.432172235143045,0
127148,2012-10-08,0.2718280889283924,0
127149,2012-10-08,0.4154288024873485,0
127150,2012-10-08,0.35573168094273266,0
127151,2012-10-08,0.38549136384489746,0
127152,2012-10-08,0.5317715944976681,0
127153,2012-10-08,0.2950486514670357,0
127154,2012-10-08,0.3537950272670949,0
127155,2012-10-08,0.5503044476406779,0
127156,2012-10-08,0.2766423895917163,0
127157,2012-10-08,0.37579555437164003,0
127158,2012-10-08,0.3480181579628773,0
127159,2012-10-08,0.4309768926888122,0
127160,2012-10-08,0.38214106894787003,1
127161,2012-10-08,0.3139382709132337,1
127162,2012-10-08,0.33515380220575874,1
127163,2012-10-08,0.34437834324457556,0
127164,2012-10-08,0.21278252848533916,0
127165,2012-10-08,0.237081454136284,0
127166,2012-10-08,0.24802779480763792,0
127167,2012-10-08,0.2015766629031833,0
127168,2012-10-08,0.2845832527317326,0
127169,2012-10-08,0.1949568046086492,0
127170,2012-10-08,0.28242885281848346,0
127171,2012-10-08,0.401241520753471,1
127172,2012-10-08,0.3509366652584904,1
127173,2012-10-08,0.15611130850443083,0
127174,2012-10-08,0.4349495843603714,1
127175,2012-10-08,0.23955680379073485,0
127176,2012-10-08,0.2819669440458854,0
127177,2012-10-08,0.3136171466050204,0
127178,2012-10-08,0.31405721150327054,0
127179,2012-10-08,0.39436104645673126,0
127180,2012-10-08,0.5285374454128163,0
127181,2012-10-08,0.14576378793974784,0
127182,2012-10-08,0.4553021770961622,0
127183,2012-10-08,0.33368850109476134,0
127184,2012-10-08,0.3677483480592158,1
127185,2012-10-08,0.27157074847752677,0
127186,2012-10-08,0.48526471058022336,0
127187,2012-10-08,0.25200974079987204,0
127188,2012-10-08,0.24963116440248193,0
127189,2012-10-08,0.3436600203995073,1
127190,2012-10-08,0.4476962890919711,0
127191,2012-10-08,0.37546321240448777,0
127192,2012-10-08,0.4949133601843646,1
127193,2012-10-08,0.40041417233219656,0
127194,2012-10-08,0.47654746556277,1
127195,2012-10-08,0.35688396958916846,0
127196,2012-10-08,0.23577587584950802,0
127197,2012-10-08,0.3192810739313875,0
127198,2012-10-08,0.4372729206239231,0
127199,2012-10-08,0.23401579783922222,1
127200,2012-10-08,0.45898855925198895,1
127201,2012-10-08,0.2102516884176421,0
127202,2012-10-08,0.21346950353594957,0
127203,2012-10-08,0.19567872149899837,0
127204,2012-10-08,0.2606169483699398,0
127205,2012-10-08,0.3408187168194558,1
127206,2012-10-08,0.1915709372803263,0
127207,2012-10-08,0.22545326615149716,0
127208,2012-10-08,0.1667797955456376,0
127209,2012-10-08,0.426670667676431,0
127210,2012-10-08,0.1867797817666743,0
127211,2012-10-08,0.2690582179207837,0
127212,2012-10-08,0.4064225948202099,0
127213,2012-10-08,0.18000331321261845,0
127214,2012-10-08,0.29294666305103606,0
127215,2012-10-08,0.3454258467910171,1
127216,2012-10-08,0.3070920552269601,0
127217,2012-10-08,0.33921950432801173,1
127218,2012-10-08,0.2520388387455245,1
127219,2012-10-08,0.31178777860317,1
127220,2012-10-08,0.4529875430087414,0
127221,2012-10-08,0.45506576841144986,1
127222,2012-10-08,0.30588320899240395,0
127223,2012-10-08,0.4483292344558929,0
127224,2012-10-08,0.35910659342601836,1
127225,2012-10-08,0.42393937462980114,1
127226,2012-10-08,0.277982775848655,0
127227,2012-10-08,0.5697238275341624,1
127228,2012-10-08,0.19714717909639595,0
127229,2012-10-08,0.483950699937127,0
127230,2012-10-08,0.24672903171327573,0
127231,2012-10-08,0.2082956902619571,0
127232,2012-10-08,0.20299497238779282,0
127233,2012-10-08,0.21423672163860402,0
127234,2012-10-08,0.26602717970830203,0
127235,2012-10-08,0.6413264648550956,1
127236,2012-10-08,0.3474449487684275,0
127237,2012-10-08,0.37211035834310224,1
127238,2012-10-08,0.25052783600669176,0
127239,2012-10-08,0.241990695531502,0
127240,2012-10-08,0.4007581518968953,0
127241,2012-10-08,0.3381497240218904,0
127242,2012-10-08,0.32761992788524513,0
127243,2012-10-08,0.40525899424323625,0
127244,2012-10-08,0.21243706276619773,0
127245,2012-10-08,0.30971573330359403,0
127246,2012-10-08,0.509978534059722,1
127247,2012-10-08,0.3557368256439845,0
127248,2012-10-08,0.41500288061652263,1
127249,2012-10-08,0.38140374533604565,0
127250,2012-10-08,0.2657055135468727,0
127251,2012-10-08,0.40629012194605874,1
127252,2012-10-08,0.14219055525524985,0
127253,2012-10-08,0.32693897744922434,1
127254,2012-10-08,0.15205304668465214,0
127255,2012-10-08,0.58873208370776,0
127256,2012-10-08,0.4053659158045708,1
127257,2012-10-08,0.34801314327882216,1
127258,2012-10-08,0.2223773098557663,0
127259,2012-10-08,0.2653452456507948,0
127260,2012-10-08,0.3724620484378551,0
127261,2012-10-08,0.5125475423334195,0
127262,2012-10-08,0.41509361116748306,1
127263,2012-10-08,0.6096164623448432,0
127264,2012-10-08,0.12555313740396457,0
127265,2012-10-08,0.33633997533594245,0
127266,2012-10-08,0.2526552135050316,0
127267,2012-10-08,0.4048086350191028,0
127268,2012-10-08,0.6493785114323056,0
127269,2012-10-08,0.20262930357052944,0
127270,2012-10-08,0.48968792582971826,0
127271,2012-10-08,0.2864569965945512,1
127272,2012-10-08,0.4026487012904782,0
127273,2012-10-08,0.3153075461189746,1
127274,2012-10-08,0.3533793359239403,0
127275,2012-10-08,0.16533287925186665,0
127276,2012-10-08,0.40215205201026577,1
127277,2012-10-08,0.4610939648834749,1
127278,2012-10-08,0.38321045495898903,0
127279,2012-10-08,0.47960420034731416,0
127280,2012-10-08,0.25904243832284995,1
127281,2012-10-08,0.3364369328238287,0
127282,2012-10-08,0.2759389067825391,0
127283,2012-10-08,0.3021446794221933,0
127284,2012-10-08,0.3046038053706786,1
127285,2012-10-08,0.34902509320294745,0
127286,2012-10-08,0.2555653041424503,0
127287,2012-10-08,0.281761057350007,0
127288,2012-10-08,0.14795306952395101,0
127289,2012-10-08,0.3330764469297595,0
127290,2012-10-08,0.49600975357841676,1
127291,2012-10-08,0.5520198446618334,1
127292,2012-10-08,0.20005029222606083,0
127293,2012-10-08,0.31892531235121646,0
127294,2012-10-08,0.3807379989245502,0
127295,2012-10-08,0.4400224295773222,1
127296,2012-10-08,0.4694920781638121,0
127297,2012-10-08,0.19883450310689055,0
127298,2012-10-08,0.4813650611789741,0
127299,2012-10-08,0.5392946139094092,1
127300,2012-10-08,0.40012732059882433,1
127301,2012-10-08,0.46847535973659893,1
127302,2012-10-08,0.6079032532691356,1
127303,2012-10-08,0.22767562961359808,0
127304,2012-10-08,0.387641479360965,1
127305,2012-10-08,0.37854391231066653,0
127306,2012-10-08,0.2284666340259218,0
127307,2012-10-08,0.4698189816403506,0
127308,2012-10-08,0.48550121148100106,0
127309,2012-10-08,0.43068960356334623,0
127310,2012-10-08,0.46854827067408095,0
127311,2012-10-08,0.2773075414648329,0
127312,2012-10-08,0.3586336587631081,0
127313,2012-10-08,0.33654649921616464,0
127314,2012-10-08,0.44709910583579526,1
127315,2012-10-08,0.33567117676119185,0
127316,2012-10-08,0.3364876450072093,0
127317,2012-10-08,0.1756313170648123,0
127318,2012-10-08,0.2899291576888315,0
127319,2012-10-08,0.43330097377201,1
127320,2012-10-08,0.2505436382996074,0
127321,2012-10-08,0.34805564384457754,1
127322,2012-10-08,0.22008560573478902,0
127323,2012-10-08,0.16801127588310766,1
127324,2012-10-08,0.250141613832133,0
127325,2012-10-08,0.5527186569427252,1
127326,2012-10-08,0.2734638212333167,0
127327,2012-10-08,0.17119389643431554,0
127328,2012-10-08,0.2229328335826398,1
127329,2012-10-08,0.37539891327058794,0
127330,2012-10-08,0.3684236050168189,0
127331,2012-10-08,0.283910341688752,0
127332,2012-10-08,0.4597870802406754,0
127333,2012-10-08,0.2644818402743591,0
127334,2012-10-08,0.2145078987711841,1
127335,2012-10-08,0.42035917585540755,1
127336,2012-10-08,0.25454579250904064,0
127337,2012-10-08,0.21844570043876999,0
127338,2012-10-08,0.2687036678276748,0
127339,2012-10-08,0.30608626578843606,0
127340,2012-10-08,0.46262841507382996,1
127341,2012-10-08,0.3539793330427899,1
127342,2012-10-08,0.3549447991545331,0
127343,2012-10-08,0.47952397562165655,0
127344,2012-10-08,0.36894271161226694,1
127345,2012-10-08,0.26083318494026125,0
127346,2012-10-08,0.40130772824024136,0
127347,2012-10-08,0.34312453059627585,0
127348,2012-10-08,0.39594390480386266,1
127349,2012-10-08,0.37673353773871815,0
127350,2012-10-08,0.5887621766926026,1
127351,2012-10-08,0.24000657200565367,0
127352,2012-10-08,0.352575747016774,0
127353,2012-10-08,0.3886027766959844,1
127354,2012-10-08,0.2862273715369703,0
127355,2012-10-08,0.38621348894184765,0
127356,2012-10-08,0.4127893321446401,0
127357,2012-10-08,0.4090311272644642,0
127358,2012-10-08,0.45932564479183724,0
127359,2012-10-08,0.43694201134509186,0
127360,2012-10-08,0.3214877132826527,0
127361,2012-10-08,0.3854570353111255,0
127362,2012-10-08,0.43634146055364453,0
127363,2012-10-08,0.16596148189580803,0
127364,2012-10-08,0.48608283880974357,0
127365,2012-10-08,0.3128857077189637,0
127366,2012-10-08,0.2590235713510655,0
127367,2012-10-08,0.24742730363010712,1
127368,2012-10-08,0.32699573292683853,1
127369,2012-10-08,0.3494848611172579,1
127370,2012-10-08,0.4796111026847175,1
127371,2012-10-08,0.509124649654521,1
127372,2012-10-08,0.4596525089327696,0
127373,2012-10-08,0.5986587939395608,0
127374,2012-10-08,0.23956319968433584,0
127375,2012-10-08,0.3972129743363297,0
127376,2012-10-08,0.39346302445615705,1
127377,2012-10-08,0.2064203985783936,0
127378,2012-10-08,0.2526376288237595,0
127379,2012-10-08,0.19446015351283066,0
127380,2012-10-08,0.5393762678973697,0
127381,2012-10-08,0.17968427240096982,1
127382,2012-10-08,0.41141296511597275,1
127383,2012-10-08,0.2446430322608056,0
127384,2012-10-08,0.4448506114368869,1
127385,2012-10-08,0.39062531332533146,1
127386,2012-10-08,0.3045987042521923,1
127387,2012-10-08,0.434512148773948,0
127388,2012-10-08,0.19086321345207297,0
127389,2012-10-08,0.4287040864383853,1
127390,2012-10-08,0.5792254175441952,1
127391,2012-10-08,0.4348711016711656,1
127392,2012-10-08,0.2808108677301694,0
127393,2012-10-08,0.3209721567921746,0
127394,2012-10-08,0.3764757282420681,0
127395,2012-10-08,0.5097300904014346,1
127396,2012-10-08,0.277783517822825,0
127397,2012-10-08,0.3401789529338068,0
127398,2012-10-08,0.610720822377759,1
127399,2012-10-08,0.17840125819505992,0
127400,2012-10-08,0.28388367797388364,0
127401,2012-10-08,0.3477335789438854,0
127402,2012-10-08,0.30553980413165455,0
127403,2012-10-08,0.42259909237228116,0
127404,2012-10-08,0.3092612630396214,0
127405,2012-10-08,0.1935144801013123,0
127406,2012-10-08,0.45193123161702564,0
127407,2012-10-08,0.34041041914923414,1
127408,2012-10-08,0.34038002131146805,1
127409,2012-10-08,0.4974943303583417,1
127410,2012-10-08,0.20699745850779377,0
127411,2012-10-08,0.32363700415674246,0
127412,2012-10-08,0.660510732339776,1
127413,2012-10-08,0.6232313410674301,0
127414,2012-10-08,0.5554287371041267,0
127415,2012-10-08,0.4000513756260795,0
127416,2012-10-08,0.44808967608019656,0
127417,2012-10-08,0.29137297272235263,1
127418,2012-10-08,0.3311950770269046,1
127419,2012-10-08,0.46251896258684005,0
127420,2012-10-08,0.5481321912641257,0
127421,2012-10-08,0.1986128264495505,0
127422,2012-10-08,0.3055834046152006,0
127423,2012-10-08,0.4167550072462992,0
127424,2012-10-08,0.42234230602631956,1
127425,2012-10-08,0.1793480013320705,0
127426,2012-10-08,0.23036245366143684,0
127427,2012-10-08,0.2993641330342876,0
127428,2012-10-08,0.23837011088662238,0
127429,2012-10-08,0.3759667153844917,1
127430,2012-10-08,0.3224704870703852,1
127431,2012-10-08,0.2998887925703952,0
127432,2012-10-08,0.3221080372929658,0
127433,2012-10-08,0.34686232567175257,1
127434,2012-10-08,0.3748887745348327,0
127435,2012-10-08,0.35953673944649334,0
127436,2012-10-08,0.4821238765881953,0
127437,2012-10-08,0.41717965173769805,0
127438,2012-10-08,0.3985319967751036,1
127439,2012-10-08,0.5167528036093623,0
127440,2012-10-08,0.5277204620092623,1
127441,2012-10-08,0.26921098630544904,0
127442,2012-10-08,0.2324809597154385,1
127443,2012-10-08,0.3228198908730446,0
127444,2012-10-08,0.2393931001929028,0
127445,2012-10-08,0.409182327183165,1
127446,2012-10-08,0.32751461182119784,0
127447,2012-10-08,0.36660550555909416,1
127448,2012-10-08,0.4964550907425752,0
127449,2012-10-08,0.2656970807419838,0
127450,2012-10-08,0.4155523611378783,1
127451,2012-10-08,0.42392689991412297,1
127452,2012-10-08,0.46486658626440075,0
127453,2012-10-08,0.647721062021829,0
127454,2012-10-08,0.24979419444011292,1
127455,2012-10-08,0.6867758956096316,0
127456,2012-10-08,0.30967870681840437,1
127457,2012-10-08,0.3715694762148567,0
127458,2012-10-08,0.7418152620097339,1
127459,2012-10-08,0.505031399468643,0
127460,2012-10-08,0.43628675935286354,0
127461,2012-10-08,0.26981178302092773,0
127462,2012-10-08,0.5086333234182485,1
127463,2012-10-08,0.2470282124816141,0
127464,2012-10-08,0.20993669131033127,0
127465,2012-10-08,0.34240782010991616,0
127466,2012-10-08,0.1946042312620013,0
127467,2012-10-08,0.20185207674657027,1
127468,2012-10-08,0.33079429193301124,0
127469,2012-10-08,0.27653756055149503,0
127470,2012-10-08,0.3811065243105497,1
127471,2012-10-08,0.15226599096848747,0
127472,2012-10-08,0.34352343201735824,1
127473,2012-10-08,0.29470374226973184,0
127474,2012-10-08,0.36914646933821016,1
127475,2012-10-08,0.34367952736561713,1
127476,2012-10-08,0.21615119616025769,0
127477,2012-10-08,0.4380130058199693,1
127478,2012-10-08,0.5668381912384904,1
127479,2012-10-08,0.40338658843234554,0
127480,2012-10-08,0.4644327995721224,0
127481,2012-10-08,0.2765424076587768,0
127482,2012-10-08,0.5423586972027388,0
127483,2012-10-08,0.42810271316890214,1
127484,2012-10-08,0.45231528728879333,0
127485,2012-10-08,0.32348903711492955,0
127486,2012-10-08,0.31019610927595914,0
127487,2012-10-08,0.6547248883197291,1
127488,2012-10-08,0.5174636472836343,1
127489,2012-10-08,0.5181960215697977,1
127490,2012-10-08,0.22780135892857767,0
127491,2012-10-08,0.3195379807394636,0
127492,2012-10-08,0.3175561002705871,0
127493,2012-10-08,0.537549996576718,0
127494,2012-10-08,0.476264153277239,0
127495,2012-10-08,0.5059329671444973,1
127496,2012-10-08,0.3358769969886666,0
127497,2012-10-08,0.48898845853551903,0
127498,2012-10-08,0.26163164841842007,1
127499,2012-10-08,0.46413257406699293,0
127500,2012-10-08,0.3875339809856456,0
127501,2012-10-08,0.29027604203252644,0
127502,2012-10-08,0.440146939467755,1
127503,2012-10-08,0.29493151016791697,0
127504,2012-10-08,0.43876947075202355,0
127505,2012-10-08,0.24330606626939902,0
127506,2012-10-08,0.22849250663047263,0
127507,2012-10-08,0.42465332615563206,1
127508,2012-10-08,0.22684701243962954,0
127509,2012-10-08,0.4838134371866482,1
127510,2012-10-08,0.41984114148653784,0
127511,2012-10-08,0.35745110304993727,0
127512,2012-10-08,0.12366284976106598,0
127513,2012-10-08,0.5492191389598369,0
127514,2012-10-08,0.3364252099677515,1
127515,2012-10-08,0.1896327985536327,0
127516,2012-10-08,0.5457744308121689,0
127517,2012-10-08,0.5958120421191576,1
127518,2012-10-08,0.47018653427700297,0
127519,2012-10-08,0.5898225326342827,1
127520,2012-10-08,0.3552028589299072,0
127521,2012-10-08,0.40184487737819014,1
127522,2012-10-08,0.17044019541405647,0
127523,2012-10-08,0.5317058761264792,0
127524,2012-10-08,0.3138198517715573,1
127525,2012-10-08,0.5563144936824624,1
127526,2012-10-08,0.22452046854311566,0
127527,2012-10-08,0.34979136422555024,0
127528,2012-10-08,0.43302118800425665,1
127529,2012-10-08,0.34167135597366743,0
127530,2012-10-08,0.3878455640265294,0
127531,2012-10-08,0.3339218351626897,0
127532,2012-10-08,0.5393270216614933,1
127533,2012-10-08,0.36288247636873144,0
127534,2012-10-08,0.42634330058212727,0
127535,2012-10-08,0.2793080490179532,0
127536,2012-10-08,0.3404348870146919,0
127537,2012-10-08,0.3508146523120302,0
127538,2012-10-08,0.27834972575361466,0
127539,2012-10-08,0.5592665669193015,1
127540,2012-10-08,0.4808166884657387,1
127541,2012-10-08,0.32152269826576596,0
127542,2012-10-08,0.227169362278067,0
127543,2012-10-08,0.38997285759106876,1
127544,2012-10-08,0.44613820124310405,1
127545,2012-10-08,0.5191674670564814,0
127546,2012-10-08,0.34987655735146306,0
127547,2012-10-08,0.1860315844323176,0
127548,2012-10-08,0.37649467616499765,1
127549,2012-10-08,0.20049032167163014,0
127550,2012-10-08,0.577720880109475,0
127551,2012-10-08,0.19184129189164223,0
127552,2012-10-08,0.2505109958819579,0
127553,2012-10-08,0.35911490888901193,1
127554,2012-10-08,0.3225041187970807,0
127555,2012-10-08,0.37760508723495323,0
127556,2012-10-08,0.3061578965874817,0
127557,2012-10-08,0.2960188015842028,0
127558,2012-10-08,0.28951463777662384,0
127559,2012-10-08,0.31788960281924816,0
127560,2012-10-08,0.4678475589625498,1
127561,2012-10-08,0.3377200215654381,0
127562,2012-10-08,0.3199216882812228,0
127563,2012-10-08,0.41883641042968806,0
127564,2012-10-08,0.40276405010971583,1
127565,2012-10-08,0.2593204421097127,0
127566,2012-10-08,0.3305593981795792,0
127567,2012-10-08,0.2848405506800286,0
127568,2012-10-08,0.3358642442845463,0
127569,2012-10-08,0.35996754678553156,1
127570,2012-10-08,0.3051671000587253,0
127571,2012-10-08,0.22304724103986817,0
127572,2012-10-08,0.37755644552379347,1
127573,2012-10-08,0.3374924894396219,0
127574,2012-10-08,0.4725459506693495,0
127575,2012-10-08,0.25275145875559635,0
127576,2012-10-08,0.28435209525498545,0
127577,2012-10-08,0.17979443252258712,1
127578,2012-10-08,0.2607418080359172,0
127579,2012-10-08,0.5201876313311364,1
127580,2012-10-08,0.38126593217268,0
127581,2012-10-08,0.35442330614900114,1
127582,2012-10-08,0.5689702944594205,0
127583,2012-10-08,0.19017301194977962,0
127584,2012-10-08,0.6763336300770224,0
127585,2012-10-08,0.2907324635589205,0
127586,2012-10-08,0.5944493081948898,1
127587,2012-10-08,0.5014001508220801,0
127588,2012-10-08,0.1553639160315276,0
127589,2012-10-08,0.34503517239216697,0
127590,2012-10-08,0.18030276923572225,0
127591,2012-10-08,0.22306271296242533,0
127592,2012-10-08,0.17303769956698073,0
127593,2012-10-08,0.3847825859277846,0
127594,2012-10-08,0.2581895778523083,0
127595,2012-10-08,0.5538081470833306,0
127596,2012-10-08,0.4389059897720309,0
127597,2012-10-08,0.49179112324697605,1
127598,2012-10-08,0.3945229173373347,0
127599,2012-10-08,0.32764283809044104,0
127600,2012-10-08,0.446049590121371,0
127601,2012-10-08,0.43050985277539267,1
127602,2012-10-08,0.19470579758432097,0
127603,2012-10-08,0.34468352102240746,0
127604,2012-10-08,0.1925029625144559,0
127605,2012-10-08,0.33420001805496646,1
127606,2012-10-08,0.304405431300079,0
127607,2012-10-08,0.21639974805919682,0
127608,2012-10-08,0.1956710304745085,0
127609,2012-10-08,0.25188368080810697,0
127610,2012-10-08,0.33234792790642836,1
127611,2012-10-08,0.2743973508930117,0
127612,2012-10-08,0.4292319019914466,0
127613,2012-10-08,0.34734296938689146,1
127614,2012-10-08,0.4227168156089737,0
127615,2012-10-08,0.20426939199734853,0
127616,2012-10-08,0.29819877953591156,0
127617,2012-10-08,0.368999049300181,0
127618,2012-10-08,0.43973392014637663,0
127619,2012-10-08,0.3756659096748102,0
127620,2012-10-08,0.286190651908146,0
127621,2012-10-08,0.28960035324861844,0
127622,2012-10-08,0.33494741416030954,0
127623,2012-10-08,0.40470524313611844,0
127624,2012-10-08,0.12051596189028671,0
127625,2012-10-08,0.26705683597494,0
127626,2012-10-08,0.29616862668817334,0
127627,2012-10-08,0.18439540696931847,1
127628,2012-10-08,0.17759762321846118,0
127629,2012-10-08,0.4388545342808994,0
127630,2012-10-08,0.2774585743158232,1
127631,2012-10-08,0.20259511115848564,1
127632,2012-10-08,0.3375345349377331,1
127633,2012-10-08,0.20062130116461563,0
127634,2012-10-08,0.5999611689669553,1
127635,2012-10-08,0.26984872033370105,0
127636,2012-10-08,0.25463139837703325,1
127637,2012-10-08,0.22688923565404973,0
127638,2012-10-08,0.33678683705382867,0
127639,2012-10-08,0.2879902407168081,0
127640,2012-10-08,0.3032668415256489,0
127641,2012-10-08,0.2181392675263631,0
127642,2012-10-08,0.3007607619793304,0
127643,2012-10-08,0.3055230715682174,0
127644,2012-10-08,0.28103887408381917,0
127645,2012-10-08,0.3346410224761868,1
127646,2012-10-08,0.2274572018632222,0
127647,2012-10-08,0.36516398088913515,0
127648,2012-10-08,0.23345810243783088,0
127649,2012-10-08,0.264192848368261,0
127650,2012-10-08,0.31242610903504847,0
127651,2012-10-08,0.37287284176097846,0
127652,2012-10-08,0.5230132332949357,1
127653,2012-10-08,0.216338863638924,0
127654,2012-10-08,0.21075094218710907,0
127655,2012-10-08,0.3902715373800563,0
127656,2012-10-08,0.28445000219643934,0
127657,2012-10-08,0.5049663761705034,0
127658,2012-10-08,0.35067685207521404,0
127659,2012-10-08,0.22508233757205898,0
127660,2012-10-08,0.3264938711791303,1
127661,2012-10-08,0.28980770256133465,0
127662,2012-10-08,0.15331579707650494,0
127663,2012-10-08,0.43328890070997284,0
127664,2012-10-08,0.35437420988787,1
127665,2012-10-08,0.1967660248616251,0
127666,2012-10-08,0.45995247334788103,0
127667,2012-10-08,0.2821448678211353,0
127668,2012-10-08,0.34089882476537264,0
127669,2012-10-08,0.37403995823143804,1
127670,2012-10-08,0.3846906806552246,1
127671,2012-10-08,0.4218760735080858,1
127672,2012-10-08,0.24777319798802092,0
127673,2012-10-08,0.253250452446725,0
127674,2012-10-08,0.2344317522837935,0
127675,2012-10-08,0.3528524372197637,0
127676,2012-10-08,0.2663149270323102,0
127677,2012-10-08,0.2561886427737564,0
127678,2012-10-08,0.6237170056565967,1
127679,2012-10-08,0.3755310279649337,0
127680,2012-10-08,0.38253409842613917,1
127681,2012-10-08,0.4020237957358378,0
127682,2012-10-08,0.380300433530868,0
127683,2012-10-08,0.3567524066438226,1
127684,2012-10-08,0.5310891139425364,0
127685,2012-10-08,0.4107443583371656,0
127686,2012-10-08,0.6285543929081797,0
127687,2012-10-08,0.3072891165678525,0
127688,2012-10-08,0.22394259085547852,1
127689,2012-10-08,0.25093069556056835,0
127690,2012-10-08,0.3018994353009796,0
127691,2012-10-08,0.28362434488968724,0
127692,2012-10-08,0.12625651693120182,0
127693,2012-10-08,0.1258348792170414,1
127694,2012-10-08,0.28971143749576705,1
127695,2012-10-08,0.3630489411050602,0
127696,2012-10-08,0.21267398935441964,0
127697,2012-10-08,0.2292087618757202,0
127698,2012-10-08,0.42198632565057115,0
127699,2012-10-08,0.7365370890664605,1
127700,2012-10-08,0.4523746189258955,0
127701,2012-10-08,0.5162175027834679,0
127702,2012-10-08,0.24696169248349883,0
127703,2012-10-08,0.25285456500246495,1
127704,2012-10-08,0.22618129386961502,0
127705,2012-10-08,0.2270492296486948,0
127706,2012-10-08,0.331576620518503,0
127707,2012-10-08,0.25778844776098253,0
127708,2012-10-08,0.3289898261598145,0
127709,2012-10-08,0.4081884988735688,0
127710,2012-10-08,0.2836644186932375,0
127711,2012-10-08,0.6003151651473062,1
127712,2012-10-08,0.22055722104464218,0
127713,2012-10-08,0.2439190893126135,0
127714,2012-10-08,0.44480083204254517,0
127715,2012-10-08,0.14224793475624892,0
127716,2012-10-08,0.22749759975738795,0
127717,2012-10-08,0.22582102749689395,0
127718,2012-10-08,0.2577168599649171,0
127719,2012-10-08,0.3551739586997104,0
127720,2012-10-08,0.29651991108589454,0
127721,2012-10-08,0.2026759896691869,0
127722,2012-10-08,0.3679249377512076,0
127723,2012-10-08,0.1761110199667898,0
127724,2012-10-08,0.14367141051106883,0
127725,2012-10-08,0.4577457966195324,0
127726,2012-10-08,0.41341729235447305,1
127727,2012-10-08,0.23243839818882436,0
127728,2012-10-08,0.22182035956528975,0
127729,2012-10-08,0.3011586650924073,0
127730,2012-10-08,0.363795508592324,1
127731,2012-10-08,0.5995389544960984,1
127732,2012-10-08,0.1629812075356017,0
127733,2012-10-08,0.5743219498527188,1
127734,2012-10-08,0.18413287577451018,0
127735,2012-10-08,0.2900304432600492,1
127736,2012-10-08,0.4482656656648844,1
127737,2012-10-08,0.5545004864811748,1
127738,2012-10-08,0.6199482264105405,0
127739,2012-10-08,0.10970630657177323,0
127740,2012-10-08,0.3021226452809678,0
127741,2012-10-08,0.35779515202668977,0
127742,2012-10-08,0.17321051023258044,0
127743,2012-10-08,0.2681849357401371,0
127744,2012-10-08,0.39138812507347903,0
127745,2012-10-08,0.2140406534682942,0
127746,2012-10-08,0.35349124993581704,0
127747,2012-10-08,0.15154503185224957,0
127748,2012-10-08,0.41476440408517,0
127749,2012-10-08,0.28891525404273816,1
127750,2012-10-08,0.38487181663010217,1
127751,2012-10-08,0.2017742474245351,0
127752,2012-10-08,0.398909087586394,0
127753,2012-10-08,0.38456619148762167,0
127754,2012-10-08,0.38242620193673293,0
127755,2012-10-08,0.3740039711564106,0
127756,2012-10-08,0.2703881838966029,0
127757,2012-10-08,0.42013403642585156,0
127758,2012-10-08,0.5004307905281553,0
127759,2012-10-09,0.11385481492573618,0
127760,2012-10-09,0.19851709834004813,0
127761,2012-10-09,0.10925124142979248,0
127762,2012-10-09,0.6013115747247517,1
127763,2012-10-09,0.2567062501454711,1
127764,2012-10-09,0.27630077409447523,0
127765,2012-10-09,0.24631250022995596,0
127766,2012-10-09,0.4285550369882449,0
127767,2012-10-09,0.4081931772639822,1
127768,2012-10-09,0.15926677904513722,0
127769,2012-10-09,0.29644068962626047,0
127770,2012-10-09,0.38874737897849726,0
127771,2012-10-09,0.39408152885297354,1
127772,2012-10-09,0.43683484695781344,1
127773,2012-10-09,0.19117448599030987,1
127774,2012-10-09,0.2489730996333721,0
127775,2012-10-09,0.4270962920482818,0
127776,2012-10-09,0.48850124146284113,0
127777,2012-10-09,0.42170959420148646,0
127778,2012-10-09,0.4158651742978136,0
127779,2012-10-09,0.2935787958937926,0
127780,2012-10-09,0.41718220146402785,0
127781,2012-10-09,0.335726319402703,0
127782,2012-10-09,0.38371529116607384,0
127783,2012-10-09,0.2801176064052273,0
127784,2012-10-09,0.2716222584851211,0
127785,2012-10-09,0.4151535031631427,1
127786,2012-10-09,0.40986341688627215,0
127787,2012-10-09,0.707745314356636,0
127788,2012-10-09,0.25583795977752055,0
127789,2012-10-09,0.3836199560593511,1
127790,2012-10-09,0.3815215739556956,0
127791,2012-10-09,0.15611130233159848,0
127792,2012-10-09,0.2664176163113318,1
127793,2012-10-09,0.3806927502817896,1
127794,2012-10-09,0.3594594516973723,1
127795,2012-10-09,0.3059168841555075,1
127796,2012-10-09,0.37977959537398376,0
127797,2012-10-09,0.5052109732942844,0
127798,2012-10-09,0.40879934930788925,0
127799,2012-10-09,0.32416086171346725,0
127800,2012-10-09,0.17967398453567768,0
127801,2012-10-09,0.42097876940399853,1
127802,2012-10-09,0.729269884980231,0
127803,2012-10-09,0.606743888336602,1
127804,2012-10-09,0.3203184248784436,0
127805,2012-10-09,0.43476467762950743,1
127806,2012-10-09,0.2614904210015145,0
127807,2012-10-09,0.3569123816981813,0
127808,2012-10-09,0.24402833743458394,1
127809,2012-10-09,0.5717517479814274,1
127810,2012-10-09,0.2248448766904052,0
127811,2012-10-09,0.2602850037672443,0
127812,2012-10-09,0.2808749979777177,1
127813,2012-10-09,0.30801809621447857,0
127814,2012-10-09,0.22222969644088011,0
127815,2012-10-09,0.12925675054170851,0
127816,2012-10-09,0.23675439196047207,0
127817,2012-10-09,0.30815577011034395,1
127818,2012-10-09,0.24284006222387616,0
127819,2012-10-09,0.37639882473659964,0
127820,2012-10-09,0.4390568819029286,1
127821,2012-10-09,0.4434953849815518,1
127822,2012-10-09,0.250420910793203,1
127823,2012-10-09,0.5381730500339128,1
127824,2012-10-09,0.2748128659371667,0
127825,2012-10-09,0.2519572305082902,1
127826,2012-10-09,0.5289171302778375,0
127827,2012-10-09,0.31521212239617363,0
127828,2012-10-09,0.2889853246692004,0
127829,2012-10-09,0.38478082811022246,1
127830,2012-10-09,0.11862149192873399,0
127831,2012-10-09,0.18293531596886675,0
127832,2012-10-09,0.27703932808349696,0
127833,2012-10-09,0.5422119534860402,0
127834,2012-10-09,0.36106454490146617,0
127835,2012-10-09,0.35703223093412,0
127836,2012-10-09,0.5458523442769591,0
127837,2012-10-09,0.47498825801921957,0
127838,2012-10-09,0.33674800560830287,0
127839,2012-10-09,0.4173005348246193,0
127840,2012-10-09,0.49938396678627994,1
127841,2012-10-09,0.4294773681474619,1
127842,2012-10-09,0.2132138764810958,0
127843,2012-10-09,0.4304006021814738,0
127844,2012-10-09,0.5005616718746653,0
127845,2012-10-09,0.7293785000721265,0
127846,2012-10-09,0.38530783459640594,1
127847,2012-10-09,0.3664138786317808,0
127848,2012-10-09,0.42796140204663397,0
127849,2012-10-09,0.5230515131603626,1
127850,2012-10-09,0.23391883894897209,0
127851,2012-10-09,0.17263862090691076,0
127852,2012-10-09,0.363895747237829,0
127853,2012-10-09,0.31797453588070007,1
127854,2012-10-09,0.44233395317935886,1
127855,2012-10-09,0.2206088791658092,0
127856,2012-10-09,0.19132663981562864,0
127857,2012-10-09,0.45122916389833984,0
127858,2012-10-09,0.28134732193645423,0
127859,2012-10-09,0.37119793653758154,0
127860,2012-10-09,0.5430945412693632,1
127861,2012-10-09,0.36309919135235513,0
127862,2012-10-09,0.233513787403756,1
127863,2012-10-09,0.4949237769134899,0
127864,2012-10-09,0.35078540176300455,0
127865,2012-10-09,0.48913442001159824,1
127866,2012-10-09,0.23848970505168376,1
127867,2012-10-09,0.259739379790125,0
127868,2012-10-09,0.27968709730327224,0
127869,2012-10-09,0.22651229174467902,0
127870,2012-10-09,0.3745608400616751,1
127871,2012-10-09,0.30594418165553083,1
127872,2012-10-09,0.2699140048542112,0
127873,2012-10-09,0.297945914880119,0
127874,2012-10-09,0.5246736484278148,1
127875,2012-10-09,0.3603649752179864,0
127876,2012-10-09,0.26403466503470185,0
127877,2012-10-09,0.44675336731965565,1
127878,2012-10-09,0.5984560638342352,1
127879,2012-10-09,0.35054865223107207,0
127880,2012-10-09,0.3371995791344207,1
127881,2012-10-09,0.4061130088039118,0
127882,2012-10-09,0.32105641250268624,0
127883,2012-10-09,0.476812890548417,0
127884,2012-10-09,0.2478407237069106,0
127885,2012-10-09,0.37719769345798665,1
127886,2012-10-09,0.243100740060996,0
127887,2012-10-09,0.2506816053579487,0
127888,2012-10-09,0.32556218052667724,0
127889,2012-10-09,0.36870174753809754,0
127890,2012-10-09,0.33266774473313376,0
127891,2012-10-09,0.3748553773035188,0
127892,2012-10-09,0.39598065160413587,0
127893,2012-10-09,0.21508715671389791,0
127894,2012-10-09,0.5374436438315948,1
127895,2012-10-09,0.3895897148983151,1
127896,2012-10-09,0.5453849099440651,1
127897,2012-10-09,0.18435546504509184,0
127898,2012-10-09,0.2554063782705354,1
127899,2012-10-09,0.388434440350868,0
127900,2012-10-09,0.47158621238992565,0
127901,2012-10-09,0.16346758745334103,0
127902,2012-10-09,0.28235818018166886,0
127903,2012-10-09,0.2963437830829391,0
127904,2012-10-09,0.13883534137059178,1
127905,2012-10-09,0.45246246132731,1
127906,2012-10-09,0.6240938777558488,0
127907,2012-10-09,0.2793833307901121,0
127908,2012-10-09,0.5612076132203074,0
127909,2012-10-09,0.36123528841253827,0
127910,2012-10-09,0.325454952944938,0
127911,2012-10-09,0.4347155515704484,0
127912,2012-10-09,0.22426115953468923,0
127913,2012-10-09,0.36396534263649,0
127914,2012-10-09,0.3829775273038662,0
127915,2012-10-09,0.1492078420831488,0
127916,2012-10-09,0.5076836899548444,1
127917,2012-10-09,0.6118612878466838,0
127918,2012-10-09,0.47861236319904343,0
127919,2012-10-09,0.31085790770103705,0
127920,2012-10-09,0.31798661723794175,1
127921,2012-10-09,0.38573397403646026,0
127922,2012-10-09,0.3237861204402874,0
127923,2012-10-09,0.36665646607309643,0
127924,2012-10-09,0.6110045383419973,0
127925,2012-10-09,0.3392897672438312,0
127926,2012-10-09,0.3673840363098551,0
127927,2012-10-09,0.4110319854396807,0
127928,2012-10-09,0.32921237851875373,0
127929,2012-10-09,0.22983793783578982,0
127930,2012-10-09,0.2894729500481461,1
127931,2012-10-09,0.3998530841716735,0
127932,2012-10-09,0.5033138308925402,0
127933,2012-10-09,0.3620400511828295,1
127934,2012-10-09,0.2986546043697707,0
127935,2012-10-09,0.29719104644168726,1
127936,2012-10-09,0.36381934394873927,1
127937,2012-10-09,0.34834109028255134,1
127938,2012-10-09,0.36441176968581884,0
127939,2012-10-09,0.08858805725251882,0
127940,2012-10-09,0.24016774489791692,0
127941,2012-10-09,0.18560880664799817,0
127942,2012-10-09,0.25466287775711094,0
127943,2012-10-09,0.347060302913985,0
127944,2012-10-09,0.3075227717213863,0
127945,2012-10-09,0.30693965381136906,0
127946,2012-10-09,0.41275901473198634,0
127947,2012-10-09,0.5304193940424784,0
127948,2012-10-09,0.5973618036446761,0
127949,2012-10-09,0.4116219531620874,0
127950,2012-10-09,0.5328397319421201,1
127951,2012-10-09,0.6219162769542862,0
127952,2012-10-09,0.19032882813146249,0
127953,2012-10-09,0.3354621254340358,1
127954,2012-10-09,0.21735151117027574,0
127955,2012-10-09,0.17081483120888502,1
127956,2012-10-09,0.29612614281590477,0
127957,2012-10-09,0.2864265635861484,0
127958,2012-10-09,0.15143907817732016,0
127959,2012-10-09,0.34251306549060423,1
127960,2012-10-09,0.1396248421058293,0
127961,2012-10-09,0.4105907262756292,0
127962,2012-10-09,0.264767429892824,0
127963,2012-10-09,0.3630586692474999,0
127964,2012-10-09,0.38036572280065983,0
127965,2012-10-09,0.2522515901585003,0
127966,2012-10-09,0.41183983686847303,1
127967,2012-10-09,0.3266101141567937,0
127968,2012-10-09,0.5372567831354146,0
127969,2012-10-09,0.27567338498051125,0
127970,2012-10-09,0.31373914378852147,0
127971,2012-10-09,0.4039629184867466,1
127972,2012-10-09,0.3224383950243284,0
127973,2012-10-09,0.3492861564047173,0
127974,2012-10-09,0.41155011485601717,1
127975,2012-10-09,0.3001367791326461,1
127976,2012-10-09,0.4743894500219512,0
127977,2012-10-09,0.24350296425804108,0
127978,2012-10-09,0.22663371111863226,0
127979,2012-10-09,0.22710082406760498,0
127980,2012-10-09,0.3498816041755157,0
127981,2012-10-09,0.5261344203784888,0
127982,2012-10-09,0.1308235339678839,0
127983,2012-10-09,0.5918268162470494,0
127984,2012-10-09,0.34236191185187875,0
127985,2012-10-09,0.5294804940306662,0
127986,2012-10-09,0.06669240041171164,0
127987,2012-10-09,0.43249852943169564,1
127988,2012-10-09,0.24189031100742858,1
127989,2012-10-09,0.34663491823697645,0
127990,2012-10-09,0.44773580830964393,0
127991,2012-10-09,0.48417492350531105,0
127992,2012-10-09,0.5357641716480768,1
127993,2012-10-09,0.41075303363244764,1
127994,2012-10-09,0.1785138890556769,0
127995,2012-10-09,0.2581956496839151,0
127996,2012-10-09,0.2662697198461727,0
127997,2012-10-09,0.4337500441465577,0
127998,2012-10-09,0.3196874408432133,0
127999,2012-10-09,0.3911954648556364,0
128000,2012-10-09,0.29368833589233473,0
128001,2012-10-09,0.23435346928044332,0
128002,2012-10-09,0.44784893055207636,0
128003,2012-10-09,0.28010791661906553,0
128004,2012-10-09,0.4963174198461571,1
128005,2012-10-09,0.439730836425482,0
128006,2012-10-09,0.6499208263799474,1
128007,2012-10-09,0.27355846408429363,0
128008,2012-10-09,0.573654273263763,1
128009,2012-10-09,0.3443464611680122,0
128010,2012-10-09,0.28438629063202187,0
128011,2012-10-09,0.32535583932965384,1
128012,2012-10-09,0.2634180636067875,0
128013,2012-10-09,0.21435713760930178,0
128014,2012-10-09,0.32575441833587376,0
128015,2012-10-09,0.34552400709835296,0
128016,2012-10-09,0.4479787419091024,0
128017,2012-10-09,0.22751456335554193,0
128018,2012-10-09,0.5408848724397674,1
128019,2012-10-09,0.360432608625653,0
128020,2012-10-09,0.3442579207877592,1
128021,2012-10-09,0.39097656066380004,0
128022,2012-10-09,0.2844408527894624,0
128023,2012-10-09,0.24923725407619882,0
128024,2012-10-09,0.24062049973022856,1
128025,2012-10-09,0.5110862710774874,0
128026,2012-10-09,0.21477281956576952,0
128027,2012-10-09,0.24936856797409737,0
128028,2012-10-09,0.43746984806570705,0
128029,2012-10-09,0.433749694400668,0
128030,2012-10-09,0.40110473879603725,0
128031,2012-10-09,0.3324485085687064,1
128032,2012-10-09,0.2643740885501354,1
128033,2012-10-09,0.4485933491613319,1
128034,2012-10-09,0.5417093016769478,0
128035,2012-10-09,0.5414106256926552,0
128036,2012-10-09,0.44545156222478155,0
128037,2012-10-09,0.4915378301353951,0
128038,2012-10-09,0.467209695139202,0
128039,2012-10-09,0.5941530183280964,1
128040,2012-10-09,0.307113865058804,0
128041,2012-10-09,0.37980530681111946,0
128042,2012-10-09,0.15935066668270323,0
128043,2012-10-09,0.36084927883224227,0
128044,2012-10-09,0.37982078239149936,0
128045,2012-10-09,0.31191674864630814,1
128046,2012-10-09,0.3874024264810142,0
128047,2012-10-09,0.3128417272440272,1
128048,2012-10-09,0.2982833699267508,0
128049,2012-10-09,0.20651739579456255,0
128050,2012-10-09,0.5389787357263839,0
128051,2012-10-09,0.24646219231913416,0
128052,2012-10-09,0.14315673371733498,0
128053,2012-10-09,0.34304543947966926,0
128054,2012-10-09,0.42530131457690135,0
128055,2012-10-09,0.4311009426854233,0
128056,2012-10-09,0.3364418731575175,0
128057,2012-10-09,0.259068756289453,0
128058,2012-10-09,0.3494411058353852,1
128059,2012-10-09,0.3925583142612397,1
128060,2012-10-09,0.3984587965570014,1
128061,2012-10-09,0.25514394489895637,0
128062,2012-10-09,0.45802562259537727,0
128063,2012-10-09,0.2828693244444592,0
128064,2012-10-09,0.2899063220632458,0
128065,2012-10-09,0.2731173417063133,0
128066,2012-10-09,0.45867633526478524,0
128067,2012-10-09,0.28071534519629326,1
128068,2012-10-09,0.2562901404167659,0
128069,2012-10-09,0.5868360705252487,0
128070,2012-10-09,0.2351359821975289,1
128071,2012-10-09,0.503729949466222,0
128072,2012-10-09,0.6244765788032339,0
128073,2012-10-09,0.23295519502063677,0
128074,2012-10-09,0.33063564307163035,1
128075,2012-10-09,0.6749444571299488,1
128076,2012-10-09,0.3796082372170984,0
128077,2012-10-09,0.207177266798978,0
128078,2012-10-09,0.4142827962182863,1
128079,2012-10-09,0.26168948645757756,0
128080,2012-10-09,0.454001127614012,1
128081,2012-10-09,0.460700473801286,0
128082,2012-10-09,0.37788495381309656,0
128083,2012-10-09,0.31536200549122007,0
128084,2012-10-09,0.3331806395572601,0
128085,2012-10-09,0.31826047579213423,0
128086,2012-10-09,0.5634346237711456,0
128087,2012-10-09,0.32830755081489477,0
128088,2012-10-09,0.17765771249135048,1
128089,2012-10-09,0.3132595144749502,0
128090,2012-10-09,0.33737447235839085,0
128091,2012-10-09,0.46195149166465854,0
128092,2012-10-09,0.31458011559196836,0
128093,2012-10-09,0.17601267531237788,1
128094,2012-10-09,0.14621683467049035,0
128095,2012-10-09,0.2666238329520193,0
128096,2012-10-09,0.24689131237079542,0
128097,2012-10-09,0.18318376638224,0
128098,2012-10-09,0.4666571797626942,1
128099,2012-10-09,0.17824488154146634,0
128100,2012-10-09,0.1253732441417639,0
128101,2012-10-09,0.15315676855069163,0
128102,2012-10-09,0.2998708453316495,0
128103,2012-10-09,0.283979189635738,0
128104,2012-10-09,0.28336128479412526,0
128105,2012-10-09,0.35787470797032417,1
128106,2012-10-09,0.29374574500258294,0
128107,2012-10-09,0.4132502851175452,0
128108,2012-10-09,0.3674107252252618,0
128109,2012-10-09,0.4065784910732432,0
128110,2012-10-09,0.2602575843438682,0
128111,2012-10-09,0.32826659420518,0
128112,2012-10-09,0.27392583170247126,0
128113,2012-10-09,0.36135049566832517,1
128114,2012-10-09,0.15143683385759038,0
128115,2012-10-09,0.4340985672335484,0
128116,2012-10-09,0.10190739042760769,0
128117,2012-10-09,0.4135718735022722,0
128118,2012-10-09,0.575643505788092,0
128119,2012-10-09,0.2088916657740156,1
128120,2012-10-09,0.43438178784893744,1
128121,2012-10-09,0.28139836567843335,0
128122,2012-10-09,0.5934738206326665,1
128123,2012-10-09,0.6937936092442987,0
128124,2012-10-09,0.2439126643117944,0
128125,2012-10-09,0.24496332013292296,0
128126,2012-10-09,0.3263652188025617,0
128127,2012-10-09,0.2571714864630913,1
128128,2012-10-09,0.285065792926322,0
128129,2012-10-09,0.6054498348027784,1
128130,2012-10-09,0.2695849784441745,0
128131,2012-10-09,0.2437727517753033,0
128132,2012-10-09,0.32655034136852246,0
128133,2012-10-09,0.2211361702653578,0
128134,2012-10-09,0.4548946704179976,0
128135,2012-10-09,0.49426482318293874,0
128136,2012-10-09,0.33954987572221895,1
128137,2012-10-09,0.3903219637160674,0
128138,2012-10-09,0.22215755008768395,0
128139,2012-10-09,0.28953746140216785,0
128140,2012-10-09,0.6170733442854689,0
128141,2012-10-09,0.40910219201403425,0
128142,2012-10-09,0.47044077329349154,1
128143,2012-10-09,0.5773188059461128,0
128144,2012-10-09,0.4290715820123756,0
128145,2012-10-09,0.4347702167594688,1
128146,2012-10-09,0.4093521393957913,0
128147,2012-10-09,0.1555660365079199,0
128148,2012-10-09,0.471180918515701,0
128149,2012-10-09,0.4989217174200648,0
128150,2012-10-09,0.44804449179687794,0
128151,2012-10-09,0.3897642861072643,1
128152,2012-10-09,0.13124796092476354,0
128153,2012-10-09,0.24720356703826474,0
128154,2012-10-09,0.41289900652727185,0
128155,2012-10-09,0.5392815836836582,0
128156,2012-10-09,0.37103780338168985,0
128157,2012-10-09,0.25626224000013914,0
128158,2012-10-09,0.15761952085689615,0
128159,2012-10-09,0.28360019661570984,1
128160,2012-10-09,0.44750956605729525,1
128161,2012-10-09,0.3873678385120793,0
128162,2012-10-09,0.3871078089666227,1
128163,2012-10-09,0.3606128913805257,0
128164,2012-10-09,0.28905401054173163,0
128165,2012-10-09,0.19945257043420334,0
128166,2012-10-09,0.16829525406324217,0
128167,2012-10-09,0.4234158865678916,0
128168,2012-10-09,0.23222879626439136,1
128169,2012-10-09,0.3773146673170664,1
128170,2012-10-09,0.42844312415879665,1
128171,2012-10-09,0.22401764651388764,0
128172,2012-10-09,0.47021637730216187,1
128173,2012-10-09,0.3299235211051437,0
128174,2012-10-09,0.3151200135805161,0
128175,2012-10-09,0.31085625934443667,0
128176,2012-10-09,0.3923988829780552,0
128177,2012-10-09,0.2189278412124031,1
128178,2012-10-09,0.3868567046857414,0
128179,2012-10-09,0.05339499975741306,0
128180,2012-10-09,0.4473808528946722,0
128181,2012-10-09,0.3482911090264362,0
128182,2012-10-09,0.42093396418217377,1
128183,2012-10-09,0.371431957735429,0
128184,2012-10-09,0.3861314512617012,0
128185,2012-10-09,0.3952072366060802,1
128186,2012-10-09,0.4574895487977671,1
128187,2012-10-09,0.29607872499260296,0
128188,2012-10-09,0.37663422582013883,0
128189,2012-10-09,0.2807685630765015,1
128190,2012-10-09,0.24634821332248122,0
128191,2012-10-09,0.2246373511389986,0
128192,2012-10-09,0.42037207270279475,1
128193,2012-10-09,0.40987886369351634,0
128194,2012-10-09,0.36691866554694025,1
128195,2012-10-09,0.11760992598515412,0
128196,2012-10-09,0.39369513599484707,0
128197,2012-10-09,0.524136278092583,1
128198,2012-10-09,0.33521968910445676,0
128199,2012-10-09,0.36469269614162464,0
128200,2012-10-09,0.43023183432551265,0
128201,2012-10-09,0.21011132275952546,0
128202,2012-10-09,0.3001368085156543,0
128203,2012-10-09,0.4414253705768749,0
128204,2012-10-09,0.3245406624372659,0
128205,2012-10-09,0.44050120999064135,0
128206,2012-10-09,0.4581365505787703,0
128207,2012-10-09,0.5764188539214093,1
128208,2012-10-09,0.46922716123828684,0
128209,2012-10-09,0.3639182951417863,1
128210,2012-10-09,0.17635745510209458,0
128211,2012-10-09,0.2954636777026466,0
128212,2012-10-09,0.23308613902946484,0
128213,2012-10-09,0.37058258790926585,0
128214,2012-10-09,0.34828683808345556,0
128215,2012-10-09,0.3789556932860064,0
128216,2012-10-09,0.4710648442393441,0
128217,2012-10-09,0.24739401972007508,0
128218,2012-10-09,0.3456266021032556,0
128219,2012-10-09,0.4776732826458333,1
128220,2012-10-09,0.30266705088521934,0
128221,2012-10-09,0.39307411696582134,0
128222,2012-10-09,0.39188486542305073,1
128223,2012-10-09,0.27132541206857236,0
128224,2012-10-09,0.08042072499209446,0
128225,2012-10-09,0.2698957518780383,0
128226,2012-10-09,0.39497790243585046,1
128227,2012-10-09,0.4335534176252433,1
128228,2012-10-09,0.3690546629020513,1
128229,2012-10-09,0.3326899091295515,1
128230,2012-10-09,0.5855510852682332,0
128231,2012-10-09,0.3404616536289946,0
128232,2012-10-09,0.3980801758628574,0
128233,2012-10-09,0.1033903767832454,0
128234,2012-10-09,0.2551577177729942,0
128235,2012-10-09,0.3277528445630717,1
128236,2012-10-09,0.2411454087448933,1
128237,2012-10-09,0.2946100418856648,0
128238,2012-10-09,0.2704116608240463,0
128239,2012-10-09,0.41765031340148534,1
128240,2012-10-09,0.22346413711790372,0
128241,2012-10-09,0.14880827698724908,0
128242,2012-10-09,0.18915721964183924,0
128243,2012-10-10,0.3758454358089742,0
128244,2012-10-10,0.41964750184101063,0
128245,2012-10-10,0.3864861242799715,1
128246,2012-10-10,0.309690800576123,0
128247,2012-10-10,0.38267408145573234,1
128248,2012-10-10,0.49590108274238837,1
128249,2012-10-10,0.10077026413672487,0
128250,2012-10-10,0.34272997273147143,0
128251,2012-10-10,0.24596479173700384,0
128252,2012-10-10,0.22240200958509765,1
128253,2012-10-10,0.388842426662624,0
128254,2012-10-10,0.3802070434335106,1
128255,2012-10-10,0.24481589972927464,0
128256,2012-10-10,0.5770842769496933,0
128257,2012-10-10,0.4818701766211011,0
128258,2012-10-10,0.23312127542898184,0
128259,2012-10-10,0.30133868263122593,0
128260,2012-10-10,0.27086557218795376,0
128261,2012-10-10,0.33414265488799894,0
128262,2012-10-10,0.5101678326448812,1
128263,2012-10-10,0.21691682284702563,0
128264,2012-10-10,0.3697223824068276,0
128265,2012-10-10,0.3742138356726753,1
128266,2012-10-10,0.48000833492307143,0
128267,2012-10-10,0.433129618028252,0
128268,2012-10-10,0.31992602556652194,0
128269,2012-10-10,0.22429474356573487,0
128270,2012-10-10,0.5607407011431781,0
128271,2012-10-10,0.47347689734786463,0
128272,2012-10-10,0.2863065168684303,0
128273,2012-10-10,0.3175815409686962,1
128274,2012-10-10,0.21431891805414885,0
128275,2012-10-10,0.36316504464480415,0
128276,2012-10-10,0.22796052671410474,0
128277,2012-10-10,0.4378438049598124,1
128278,2012-10-10,0.4838108841598004,0
128279,2012-10-10,0.2500073614396851,0
128280,2012-10-10,0.3820831166754632,0
128281,2012-10-10,0.5601199521233613,1
128282,2012-10-10,0.5184874947376069,0
128283,2012-10-10,0.2903012657855208,0
128284,2012-10-10,0.43099975139970526,0
128285,2012-10-10,0.4354262639444915,1
128286,2012-10-10,0.36480774771291397,1
128287,2012-10-10,0.15565445552577467,1
128288,2012-10-10,0.09895431263132902,0
128289,2012-10-10,0.3105933626890183,1
128290,2012-10-10,0.5187440726288515,0
128291,2012-10-10,0.4470857039907506,0
128292,2012-10-10,0.633052899832216,0
128293,2012-10-10,0.4166060223153003,0
128294,2012-10-10,0.3326127557516676,0
128295,2012-10-10,0.3358152636011222,1
128296,2012-10-10,0.231645680059837,0
128297,2012-10-10,0.4270038254880503,0
128298,2012-10-10,0.57608618407115,0
128299,2012-10-10,0.45024187456300224,1
128300,2012-10-10,0.3652420889391799,1
128301,2012-10-10,0.49807470165395334,0
128302,2012-10-10,0.2516070037162897,0
128303,2012-10-10,0.5146401778005302,1
128304,2012-10-10,0.3736458903209031,0
128305,2012-10-10,0.38452403217642794,0
128306,2012-10-10,0.27716716812985415,0
128307,2012-10-10,0.39782106534877415,0
128308,2012-10-10,0.5345711609555924,1
128309,2012-10-10,0.32936179961287554,0
128310,2012-10-10,0.2708537030170547,0
128311,2012-10-10,0.31470072651976094,0
128312,2012-10-10,0.68492299562559,1
128313,2012-10-10,0.38222970756374186,0
128314,2012-10-10,0.15598325991015738,1
128315,2012-10-10,0.22788609343962307,0
128316,2012-10-10,0.3138222722570323,0
128317,2012-10-10,0.42974860531809894,0
128318,2012-10-10,0.24677408735214787,0
128319,2012-10-10,0.3121224717188544,0
128320,2012-10-10,0.1788441077987877,0
128321,2012-10-10,0.11606266485783186,0
128322,2012-10-10,0.5567610095329272,1
128323,2012-10-10,0.41994591175618506,0
128324,2012-10-10,0.39466027044634144,1
128325,2012-10-10,0.32061904599165403,0
128326,2012-10-10,0.41604365675801536,0
128327,2012-10-10,0.3203106474999429,0
128328,2012-10-10,0.13958826998103677,1
128329,2012-10-10,0.398023808424094,1
128330,2012-10-10,0.6819326631890638,1
128331,2012-10-10,0.44837679256762214,0
128332,2012-10-10,0.24078980098494013,1
128333,2012-10-10,0.34084287881516845,0
128334,2012-10-10,0.31833638955831645,0
128335,2012-10-10,0.47602120380627766,0
128336,2012-10-10,0.4656207500075781,0
128337,2012-10-10,0.44578146213902525,0
128338,2012-10-10,0.41581362501343355,0
128339,2012-10-10,0.40098733386583624,0
128340,2012-10-10,0.47904896036056,0
128341,2012-10-10,0.3109385830212399,0
128342,2012-10-10,0.34899523608933264,1
128343,2012-10-10,0.1255227924987902,0
128344,2012-10-10,0.5908161057570323,1
128345,2012-10-10,0.16235150475532,0
128346,2012-10-10,0.3273195689545632,0
128347,2012-10-10,0.6393034370096092,1
128348,2012-10-10,0.2081923475084845,0
128349,2012-10-10,0.37046607290065064,0
128350,2012-10-10,0.1543385801185318,0
128351,2012-10-10,0.45916029349510706,0
128352,2012-10-10,0.21227335153059865,0
128353,2012-10-10,0.22807852965987682,0
128354,2012-10-10,0.38092865767729644,1
128355,2012-10-10,0.45261391602091056,0
128356,2012-10-10,0.4096482692708941,0
128357,2012-10-10,0.4191622085604475,0
128358,2012-10-10,0.3448834564114297,1
128359,2012-10-10,0.46595603944293695,1
128360,2012-10-10,0.2845188814892329,0
128361,2012-10-10,0.24810107742815107,0
128362,2012-10-10,0.6455493912264286,1
128363,2012-10-10,0.25552118589718864,0
128364,2012-10-10,0.2741072400124627,0
128365,2012-10-10,0.4540736650669861,0
128366,2012-10-10,0.3688361885921437,0
128367,2012-10-10,0.4755479498334981,1
128368,2012-10-10,0.3272735780694721,1
128369,2012-10-10,0.4307261352585041,0
128370,2012-10-10,0.48444324361098523,0
128371,2012-10-10,0.32709255126380055,0
128372,2012-10-10,0.2953141764529241,0
128373,2012-10-10,0.6206934089337665,0
128374,2012-10-10,0.36420940585529826,0
128375,2012-10-10,0.08007672772577745,0
128376,2012-10-10,0.36786220012566007,0
128377,2012-10-10,0.24658371561683107,1
128378,2012-10-10,0.18781519047812367,0
128379,2012-10-10,0.18609243156893343,0
128380,2012-10-10,0.41988666104177885,0
128381,2012-10-10,0.517791985306716,0
128382,2012-10-10,0.17700427560185744,0
128383,2012-10-10,0.2935210581519842,0
128384,2012-10-10,0.20672838418111014,0
128385,2012-10-10,0.3538657450711587,1
128386,2012-10-10,0.40834856721079665,0
128387,2012-10-10,0.600127359364271,1
128388,2012-10-10,0.2418445246531249,0
128389,2012-10-10,0.39631276151903966,0
128390,2012-10-10,0.2130074919358004,1
128391,2012-10-10,0.18982628919406266,0
128392,2012-10-10,0.39310170862009924,0
128393,2012-10-10,0.32980950888112465,0
128394,2012-10-10,0.33724695897203516,0
128395,2012-10-10,0.4002350226864165,0
128396,2012-10-10,0.31394717911228587,0
128397,2012-10-10,0.2649283250892627,0
128398,2012-10-10,0.257237263543259,0
128399,2012-10-10,0.49481998372052194,1
128400,2012-10-10,0.3597844784078465,1
128401,2012-10-10,0.4340132159141606,0
128402,2012-10-10,0.5613212214925078,0
128403,2012-10-10,0.26992523871071783,0
128404,2012-10-10,0.2144232428703075,0
128405,2012-10-10,0.1459777131138127,0
128406,2012-10-10,0.5050191765437096,1
128407,2012-10-10,0.4518265419744741,0
128408,2012-10-10,0.33154265419548384,0
128409,2012-10-10,0.2577984899281169,0
128410,2012-10-10,0.33056562305568254,0
128411,2012-10-10,0.3995907747564402,0
128412,2012-10-10,0.5085312506957578,1
128413,2012-10-10,0.3837917771728558,0
128414,2012-10-10,0.5078217710007116,0
128415,2012-10-10,0.2885658303645783,0
128416,2012-10-10,0.2898650924474219,0
128417,2012-10-10,0.2310477228524564,1
128418,2012-10-10,0.29852515386186246,0
128419,2012-10-10,0.28855634780586104,1
128420,2012-10-10,0.2759512695788254,0
128421,2012-10-10,0.31821429317116096,1
128422,2012-10-10,0.17646949489640926,0
128423,2012-10-10,0.21668538411310345,0
128424,2012-10-10,0.3137680997536094,1
128425,2012-10-10,0.42038013319566303,1
128426,2012-10-10,0.5302539330273653,0
128427,2012-10-10,0.5961108055601763,1
128428,2012-10-10,0.37280980256826524,0
128429,2012-10-10,0.6030628009668286,0
128430,2012-10-10,0.5004772950562024,0
128431,2012-10-10,0.20705463802283217,1
128432,2012-10-10,0.3334967884641796,0
128433,2012-10-10,0.5093498583625317,0
128434,2012-10-10,0.18962898628263522,0
128435,2012-10-10,0.3437269407897001,0
128436,2012-10-10,0.3517368711005081,0
128437,2012-10-10,0.4217917659531387,0
128438,2012-10-10,0.21957102234347742,0
128439,2012-10-10,0.14620267501829787,0
128440,2012-10-10,0.23567374443652392,0
128441,2012-10-10,0.30273013411001687,0
128442,2012-10-10,0.3934194457202446,0
128443,2012-10-10,0.14264682594359984,0
128444,2012-10-10,0.3020705040444561,0
128445,2012-10-10,0.37242008832845863,1
128446,2012-10-10,0.13507074405431777,0
128447,2012-10-10,0.49662804669856087,1
128448,2012-10-10,0.15536543789897095,0
128449,2012-10-10,0.16124587633908288,0
128450,2012-10-10,0.26947387870277917,0
128451,2012-10-10,0.6484524387668867,1
128452,2012-10-10,0.2553204104887354,0
128453,2012-10-10,0.4127067952708324,1
128454,2012-10-10,0.37324707484412706,0
128455,2012-10-10,0.3722799437217629,0
128456,2012-10-10,0.23618047779918372,0
128457,2012-10-10,0.21757297119053284,0
128458,2012-10-10,0.4321699060636506,0
128459,2012-10-10,0.26530675564536765,1
128460,2012-10-10,0.47705808843978237,0
128461,2012-10-10,0.563719028997991,0
128462,2012-10-10,0.6997133250919743,0
128463,2012-10-10,0.47208164675838976,1
128464,2012-10-10,0.44380901650717125,0
128465,2012-10-10,0.254586930522245,1
128466,2012-10-10,0.2927994032760477,0
128467,2012-10-10,0.32042699108794415,0
128468,2012-10-10,0.3168999232344403,0
128469,2012-10-10,0.49715211269686704,1
128470,2012-10-10,0.38974019296034634,0
128471,2012-10-10,0.17385538191785324,0
128472,2012-10-10,0.3138954439816658,0
128473,2012-10-10,0.4709252077220086,1
128474,2012-10-10,0.4277826285159167,0
128475,2012-10-10,0.5119309191284583,1
128476,2012-10-10,0.2219114915138984,0
128477,2012-10-10,0.5834937443354081,0
128478,2012-10-10,0.22407939492361448,0
128479,2012-10-10,0.18471778596836613,0
128480,2012-10-10,0.23921827064488116,0
128481,2012-10-10,0.442912840750087,0
128482,2012-10-10,0.2635454901280391,0
128483,2012-10-10,0.3542160783101475,0
128484,2012-10-10,0.36689052922525334,0
128485,2012-10-10,0.229802595646689,1
128486,2012-10-10,0.4730500640508449,0
128487,2012-10-10,0.3129876937561238,0
128488,2012-10-10,0.14649513137399112,0
128489,2012-10-10,0.572385304817995,0
128490,2012-10-10,0.2466148556817184,1
128491,2012-10-10,0.3001441917811898,0
128492,2012-10-10,0.4054954224868444,0
128493,2012-10-10,0.42309542235596254,1
128494,2012-10-10,0.339824744209247,1
128495,2012-10-10,0.35838030831908074,0
128496,2012-10-10,0.4351277524868065,0
128497,2012-10-10,0.3194411678603959,0
128498,2012-10-10,0.3417930221335054,0
128499,2012-10-10,0.16288670863608215,1
128500,2012-10-10,0.4292956696356941,1
128501,2012-10-10,0.22549333082282036,0
128502,2012-10-10,0.25749223107721475,0
128503,2012-10-10,0.3950776667378288,1
128504,2012-10-10,0.17523437613960344,0
128505,2012-10-10,0.5254204400353611,1
128506,2012-10-10,0.4606826127478325,1
128507,2012-10-10,0.45451531066088097,0
128508,2012-10-10,0.4444528934356237,0
128509,2012-10-10,0.23751188431409553,0
128510,2012-10-10,0.3759199076734052,1
128511,2012-10-10,0.3328003708162805,0
128512,2012-10-10,0.3645477867940823,0
128513,2012-10-10,0.2562062305361179,0
128514,2012-10-10,0.2253426050565889,0
128515,2012-10-10,0.12474059907640148,0
128516,2012-10-10,0.3095184963106965,0
128517,2012-10-10,0.4787681487797921,0
128518,2012-10-10,0.36712370977325987,0
128519,2012-10-10,0.2765943891504422,1
128520,2012-10-10,0.36291410909596516,1
128521,2012-10-10,0.2991021413955972,0
128522,2012-10-10,0.21893491840436724,1
128523,2012-10-10,0.29945967507272314,0
128524,2012-10-10,0.36114037574818914,0
128525,2012-10-10,0.3683575588271995,0
128526,2012-10-10,0.2703328622567869,1
128527,2012-10-10,0.49145736375473276,1
128528,2012-10-10,0.2613670592587938,1
128529,2012-10-10,0.3565286996895522,1
128530,2012-10-10,0.41313095737876027,0
128531,2012-10-10,0.3426594935856105,1
128532,2012-10-10,0.36654916464304305,1
128533,2012-10-10,0.4510397801715517,0
128534,2012-10-10,0.14434491699264843,0
128535,2012-10-10,0.2587430141157209,0
128536,2012-10-10,0.29522937576983344,1
128537,2012-10-10,0.3426280589736978,0
128538,2012-10-10,0.42881883846503793,0
128539,2012-10-10,0.1320308501177232,0
128540,2012-10-10,0.33936243021413054,0
128541,2012-10-10,0.3134799866496305,0
128542,2012-10-10,0.44529101725554804,0
128543,2012-10-10,0.21765518607639908,0
128544,2012-10-10,0.23611924855193853,0
128545,2012-10-10,0.3955855487322647,0
128546,2012-10-10,0.2893459982109368,1
128547,2012-10-10,0.20525369795792742,0
128548,2012-10-10,0.4294602652840643,0
128549,2012-10-10,0.3426019918947602,0
128550,2012-10-10,0.3798556080804426,1
128551,2012-10-10,0.3396332584008665,0
128552,2012-10-10,0.35325276059518085,0
128553,2012-10-10,0.13842464808582847,0
128554,2012-10-10,0.42238613955806475,1
128555,2012-10-10,0.19340171990891536,0
128556,2012-10-10,0.20559940668758234,0
128557,2012-10-10,0.16812091429045428,0
128558,2012-10-10,0.270661116331745,1
128559,2012-10-10,0.26945679736993633,0
128560,2012-10-10,0.43293698493797683,0
128561,2012-10-10,0.6794830191612877,0
128562,2012-10-10,0.502066935354576,0
128563,2012-10-10,0.5793664114083993,1
128564,2012-10-10,0.30658128599350803,0
128565,2012-10-10,0.30973468102788343,1
128566,2012-10-10,0.6103253601895503,1
128567,2012-10-10,0.2761808371898685,1
128568,2012-10-10,0.3843246483388553,1
128569,2012-10-10,0.2779955323124159,0
128570,2012-10-10,0.31283635151674666,0
128571,2012-10-10,0.30525495985403844,0
128572,2012-10-10,0.2231591925365173,0
128573,2012-10-10,0.3589282728123936,0
128574,2012-10-10,0.08724304516152837,0
128575,2012-10-10,0.4922190766799723,1
128576,2012-10-10,0.40048194827651357,1
128577,2012-10-10,0.29843009599260323,0
128578,2012-10-10,0.3217681064433578,1
128579,2012-10-10,0.2386300825526268,0
128580,2012-10-10,0.15002783363269467,0
128581,2012-10-10,0.23727995017376363,0
128582,2012-10-10,0.3058642189668542,0
128583,2012-10-10,0.22956975521014422,0
128584,2012-10-10,0.285254734612043,0
128585,2012-10-10,0.5178626025148882,1
128586,2012-10-10,0.42522908091063794,1
128587,2012-10-10,0.525139671535258,1
128588,2012-10-10,0.29665102291283063,0
128589,2012-10-10,0.3702558369594418,0
128590,2012-10-10,0.29872306781173663,0
128591,2012-10-10,0.5289643352053975,0
128592,2012-10-10,0.5834455339923557,0
128593,2012-10-10,0.35784501588362105,0
128594,2012-10-10,0.15050598088896894,0
128595,2012-10-10,0.3895789375721532,0
128596,2012-10-10,0.3864270994387303,1
128597,2012-10-10,0.1613417244609298,0
128598,2012-10-10,0.22577679008380463,0
128599,2012-10-10,0.506825008618527,0
128600,2012-10-10,0.6750340161378665,0
128601,2012-10-10,0.12884864288588624,0
128602,2012-10-10,0.5431799176657047,0
128603,2012-10-10,0.5903696929000392,1
128604,2012-10-10,0.17911026389320192,1
128605,2012-10-10,0.24262656049577902,1
128606,2012-10-10,0.4146859624110215,1
128607,2012-10-10,0.45022614226916197,0
128608,2012-10-10,0.17720593775129398,0
128609,2012-10-10,0.46513454706512797,1
128610,2012-10-10,0.4333420409410818,1
128611,2012-10-10,0.4557175328305132,1
128612,2012-10-10,0.5391338225214246,1
128613,2012-10-10,0.37503414629018195,0
128614,2012-10-10,0.39629176063120125,1
128615,2012-10-10,0.6671893591164562,0
128616,2012-10-10,0.5393412245190066,1
128617,2012-10-10,0.286615225193755,0
128618,2012-10-10,0.21197701695222387,0
128619,2012-10-10,0.36273212602878496,1
128620,2012-10-10,0.607885036261048,1
128621,2012-10-10,0.08672916224719897,0
128622,2012-10-10,0.5234995538841837,1
128623,2012-10-10,0.3302790414198636,1
128624,2012-10-10,0.4648773350443016,1
128625,2012-10-10,0.2967062599227165,0
128626,2012-10-10,0.46286990727308835,0
128627,2012-10-10,0.40452440705165676,1
128628,2012-10-10,0.3315122726950967,0
128629,2012-10-10,0.6420899635429039,0
128630,2012-10-10,0.4425106987953243,0
128631,2012-10-10,0.4158946830786996,1
128632,2012-10-10,0.15909237907870075,0
128633,2012-10-10,0.3948968939186148,1
128634,2012-10-10,0.29486734231284406,0
128635,2012-10-10,0.1677607179076945,0
128636,2012-10-10,0.18568481137480675,1
128637,2012-10-10,0.512747560939328,1
128638,2012-10-10,0.47362184201273266,0
128639,2012-10-10,0.2373502332680988,0
128640,2012-10-10,0.2469265752500459,1
128641,2012-10-10,0.3447265722762833,1
128642,2012-10-10,0.27038112230184086,0
128643,2012-10-10,0.40962802716884605,1
128644,2012-10-10,0.25266523275899727,0
128645,2012-10-10,0.39325985922451245,0
128646,2012-10-10,0.27586301316838413,0
128647,2012-10-10,0.25887021145116845,0
128648,2012-10-10,0.40051671762764673,1
128649,2012-10-10,0.1944926640995772,0
128650,2012-10-10,0.29610944569256353,0
128651,2012-10-10,0.4028597711490456,0
128652,2012-10-10,0.44359075644393037,0
128653,2012-10-10,0.30635295515081534,0
128654,2012-10-10,0.44623159379914795,0
128655,2012-10-10,0.10070292906715272,0
128656,2012-10-10,0.33509002982183933,1
128657,2012-10-10,0.28728816903172655,0
128658,2012-10-10,0.39137934084962245,1
128659,2012-10-10,0.20625041670588018,0
128660,2012-10-10,0.3863510090430464,0
128661,2012-10-10,0.24283648953617848,0
128662,2012-10-10,0.40921786373045005,1
128663,2012-10-10,0.4680191872692679,1
128664,2012-10-10,0.5069251677015124,0
128665,2012-10-10,0.275444749088204,0
128666,2012-10-10,0.19335918768106009,0
128667,2012-10-10,0.33197652817024614,0
128668,2012-10-10,0.3566343048371831,0
128669,2012-10-10,0.34944409081341005,0
128670,2012-10-10,0.2914104139894843,1
128671,2012-10-10,0.25810069647936873,0
128672,2012-10-10,0.27713626290276927,0
128673,2012-10-10,0.3309385461532085,0
128674,2012-10-10,0.43471365771739756,0
128675,2012-10-10,0.24939281206620317,0
128676,2012-10-10,0.2573249456307579,0
128677,2012-10-10,0.6087841022537812,1
128678,2012-10-10,0.46898640247741524,0
128679,2012-10-10,0.4905356628757012,0
128680,2012-10-10,0.4143371895137375,0
128681,2012-10-10,0.2781537342386009,0
128682,2012-10-10,0.5685612727626908,0
128683,2012-10-10,0.3645608087379469,1
128684,2012-10-10,0.2685837102636319,0
128685,2012-10-10,0.2604764012981698,0
128686,2012-10-10,0.39849543741181215,0
128687,2012-10-10,0.27522469646759884,0
128688,2012-10-10,0.17462694946183593,0
128689,2012-10-10,0.15913498479066726,0
128690,2012-10-10,0.6281782814295357,0
128691,2012-10-10,0.31852759777449735,0
128692,2012-10-10,0.5178595892365375,1
128693,2012-10-10,0.6386544556279765,0
128694,2012-10-10,0.3031461607574846,0
128695,2012-10-10,0.26857006106159503,0
128696,2012-10-10,0.39590279965975195,1
128697,2012-10-10,0.35910995343977375,0
128698,2012-10-10,0.2570276482890789,1
128699,2012-10-10,0.4645468382946271,0
128700,2012-10-10,0.19301983631053637,0
128701,2012-10-10,0.33098493054753303,1
128702,2012-10-10,0.4090436478026625,0
128703,2012-10-10,0.44152001912509564,0
128704,2012-10-10,0.11372256352623136,0
128705,2012-10-10,0.4076253581963982,1
128706,2012-10-10,0.5624573698202193,1
128707,2012-10-10,0.6483190309735737,0
128708,2012-10-10,0.3853806170300968,0
128709,2012-10-10,0.3043653740234288,0
128710,2012-10-10,0.1328958107945553,0
128711,2012-10-10,0.2970553472568278,0
128712,2012-10-10,0.39620975850580076,0
128713,2012-10-10,0.3279746659772648,1
128714,2012-10-10,0.3752572368946423,0
128715,2012-10-10,0.19004375408501709,0
128716,2012-10-10,0.14879070971214128,0
128717,2012-10-10,0.3475253914830495,0
128718,2012-10-10,0.3436962568479481,1
128719,2012-10-10,0.6463084328158513,0
128720,2012-10-10,0.44530922946954093,0
128721,2012-10-10,0.24765020722382317,1
128722,2012-10-10,0.41506159935797277,0
128723,2012-10-10,0.6623114549993941,0
128724,2012-10-10,0.5137824425027415,1
128725,2012-10-10,0.29703512898824824,0
128726,2012-10-10,0.27105924656559705,0
128727,2012-10-10,0.41820863080183057,0
128728,2012-10-10,0.4561011149057875,1
128729,2012-10-10,0.27393095164938847,0
128730,2012-10-10,0.25589363807515897,0
128731,2012-10-10,0.33264430383853316,0
128732,2012-10-10,0.551042068983334,1
128733,2012-10-10,0.3353363849225309,0
128734,2012-10-10,0.3920041238109224,1
128735,2012-10-10,0.39481325016823615,0
128736,2012-10-10,0.3514741519855189,0
128737,2012-10-10,0.1222876440009371,0
128738,2012-10-10,0.3578761946792171,0
128739,2012-10-10,0.23034326191570623,0
128740,2012-10-10,0.434437842650876,1
128741,2012-10-10,0.16441191678085193,0
128742,2012-10-10,0.18249777661216124,0
128743,2012-10-10,0.4593086582687292,0
128744,2012-10-10,0.17751511318305635,0
128745,2012-10-10,0.31024175336139437,1
128746,2012-10-10,0.3504846700752788,1
128747,2012-10-10,0.5824701446923367,1
128748,2012-10-10,0.222578080138418,0
128749,2012-10-10,0.24571275505189738,0
128750,2012-10-10,0.2672409270674541,0
128751,2012-10-10,0.2607099024682272,1
128752,2012-10-10,0.27823569140325455,0
128753,2012-10-10,0.35662687304611573,1
128754,2012-10-10,0.1884787073610545,1
128755,2012-10-10,0.2363963879607875,0
128756,2012-10-10,0.18337868397320203,0
128757,2012-10-10,0.3349567837097788,0
128758,2012-10-10,0.3853628902515521,1
128759,2012-10-10,0.3805358300561551,0
128760,2012-10-10,0.477321030032987,1
128761,2012-10-10,0.36832276358719485,0
128762,2012-10-10,0.3310139991339682,0
128763,2012-10-10,0.47810423856215384,1
128764,2012-10-10,0.28934768026070884,0
128765,2012-10-10,0.41880928656688976,0
128766,2012-10-10,0.43960861495657605,0
128767,2012-10-10,0.2791211048092119,0
128768,2012-10-10,0.26787993864603793,0
128769,2012-10-10,0.3960240833277115,1
128770,2012-10-10,0.31398292378626663,0
128771,2012-10-10,0.23011797586725946,0
128772,2012-10-10,0.25587217079772073,1
128773,2012-10-10,0.38277932006937115,0
128774,2012-10-10,0.29865310920324706,1
128775,2012-10-10,0.5473790010152042,0
128776,2012-10-10,0.3756869812368375,0
128777,2012-10-10,0.30218907555273244,0
128778,2012-10-10,0.2886764112595272,0
128779,2012-10-10,0.44899654577868015,1
128780,2012-10-10,0.4261082265397636,1
128781,2012-10-10,0.3837280558117056,1
128782,2012-10-10,0.3604398890618141,0
128783,2012-10-10,0.33740869872587004,1
128784,2012-10-10,0.3999347573154785,0
128785,2012-10-10,0.3465817696203023,0
128786,2012-10-10,0.39356755075505356,0
128787,2012-10-10,0.2837729272298667,0
128788,2012-10-10,0.24089168060583,1
128789,2012-10-10,0.48742419066190884,0
128790,2012-10-10,0.2648420389857671,0
128791,2012-10-10,0.27772787752337763,1
128792,2012-10-10,0.42959092622289424,1
128793,2012-10-10,0.3810614480247553,1
128794,2012-10-10,0.46382547349331577,0
128795,2012-10-10,0.20854530380298894,0
128796,2012-10-10,0.21619426182882256,0
128797,2012-10-10,0.19605790950220447,0
128798,2012-10-10,0.1903949580166207,0
128799,2012-10-10,0.5066424440838292,1
128800,2012-10-10,0.38660594996676184,1
128801,2012-10-10,0.39956808778998887,1
128802,2012-10-10,0.14780229560908442,0
128803,2012-10-10,0.33678207962630724,1
128804,2012-10-10,0.20326651506357032,1
128805,2012-10-10,0.29910222121768104,0
128806,2012-10-10,0.5166329486406912,0
128807,2012-10-10,0.17724799624186294,0
128808,2012-10-10,0.17605962480784587,0
128809,2012-10-10,0.21765648971443496,0
128810,2012-10-10,0.31742196408376655,0
128811,2012-10-10,0.17276112738770433,0
128812,2012-10-10,0.3093762250315561,0
128813,2012-10-10,0.3357540963825768,0
128814,2012-10-10,0.32846755799413546,0
128815,2012-10-10,0.4362336512363451,0
128816,2012-10-10,0.39088403446831127,1
128817,2012-10-10,0.31104476585394,0
128818,2012-10-10,0.31770510960595044,0
128819,2012-10-10,0.36311699470948217,1
128820,2012-10-10,0.2621698402418793,0
128821,2012-10-10,0.1651652112819233,0
128822,2012-10-10,0.3616960843468904,0
128823,2012-10-10,0.3822574635428732,0
128824,2012-10-10,0.34110643728359363,0
128825,2012-10-10,0.5504319327684841,1
128826,2012-10-10,0.40777482631509004,1
128827,2012-10-10,0.3900898448941543,1
128828,2012-10-10,0.3863106474542,0
128829,2012-10-10,0.5000997096368933,1
128830,2012-10-10,0.21827449436160312,0
128831,2012-10-10,0.4516641193820206,1
128832,2012-10-10,0.2566244550523579,0
128833,2012-10-10,0.4092485887578285,0
128834,2012-10-10,0.16343734917804933,1
128835,2012-10-10,0.3663851188851135,0
128836,2012-10-10,0.22575912749562024,0
128837,2012-10-10,0.37927568178119575,0
128838,2012-10-10,0.5942808487393708,0
128839,2012-10-10,0.36244014284380693,1
128840,2012-10-10,0.40586012801653293,0
128841,2012-10-10,0.4840711289136759,0
128842,2012-10-10,0.41105048150060947,0
128843,2012-10-10,0.5144229589430205,0
128844,2012-10-10,0.4060536193056984,0
128845,2012-10-10,0.319037590035735,0
128846,2012-10-11,0.4943676568299787,1
128847,2012-10-11,0.3782404507176938,1
128848,2012-10-11,0.19830340007461164,0
128849,2012-10-11,0.220754247794729,1
128850,2012-10-11,0.29336225832791185,0
128851,2012-10-11,0.19294516557582,0
128852,2012-10-11,0.11673460094170986,0
128853,2012-10-11,0.39935386141107604,0
128854,2012-10-11,0.33947519882581145,0
128855,2012-10-11,0.4868571178881683,0
128856,2012-10-11,0.17429024009333566,0
128857,2012-10-11,0.25156761343075534,0
128858,2012-10-11,0.4683519091769004,0
128859,2012-10-11,0.3220935501748992,0
128860,2012-10-11,0.27629219868800087,0
128861,2012-10-11,0.32596500913505594,0
128862,2012-10-11,0.2872572968846869,0
128863,2012-10-11,0.42704303971783864,0
128864,2012-10-11,0.3122365973733533,0
128865,2012-10-11,0.3725459569505895,1
128866,2012-10-11,0.6103147064544694,0
128867,2012-10-11,0.07305145741103582,0
128868,2012-10-11,0.20464382992162908,0
128869,2012-10-11,0.2842864540214036,0
128870,2012-10-11,0.4888417100671661,1
128871,2012-10-11,0.24471953262893267,0
128872,2012-10-11,0.4496761956277247,1
128873,2012-10-11,0.2684817629266126,1
128874,2012-10-11,0.41609230280827053,1
128875,2012-10-11,0.13120594231041,0
128876,2012-10-11,0.1545802709376823,0
128877,2012-10-11,0.4773902589303171,0
128878,2012-10-11,0.1612269126859542,0
128879,2012-10-11,0.4001516862014986,0
128880,2012-10-11,0.372119148767173,0
128881,2012-10-11,0.3574762901873404,0
128882,2012-10-11,0.3201170984623252,0
128883,2012-10-11,0.32403233706303924,0
128884,2012-10-11,0.42608822861438883,1
128885,2012-10-11,0.31227561288112143,1
128886,2012-10-11,0.3745158186579822,0
128887,2012-10-11,0.3627291079193902,0
128888,2012-10-11,0.4638273911567201,0
128889,2012-10-11,0.36687526644069335,0
128890,2012-10-11,0.3192140539305597,0
128891,2012-10-11,0.4085738097579292,0
128892,2012-10-11,0.27747013331665854,1
128893,2012-10-11,0.39618302739016376,0
128894,2012-10-11,0.27204472741085267,0
128895,2012-10-11,0.5326452046308345,1
128896,2012-10-11,0.2018916907400408,0
128897,2012-10-11,0.30880970306358285,0
128898,2012-10-11,0.28838525461791714,0
128899,2012-10-11,0.5291862840683926,1
128900,2012-10-11,0.45551788326548365,1
128901,2012-10-11,0.4245581183883596,1
128902,2012-10-11,0.5544570079734031,0
128903,2012-10-11,0.36670194620803725,0
128904,2012-10-11,0.6410139885542869,0
128905,2012-10-11,0.5113351291064729,0
128906,2012-10-11,0.5445946737760415,0
128907,2012-10-11,0.5060878971125887,1
128908,2012-10-11,0.5914687248110457,1
128909,2012-10-11,0.235831151685185,0
128910,2012-10-11,0.41872923727935674,0
128911,2012-10-11,0.3691141204247821,0
128912,2012-10-11,0.09429903357159428,0
128913,2012-10-11,0.5475916600268648,1
128914,2012-10-11,0.3501618602551623,0
128915,2012-10-11,0.47927366845181757,1
128916,2012-10-11,0.4927607662457724,0
128917,2012-10-11,0.27716598268916093,0
128918,2012-10-11,0.3680211168420561,0
128919,2012-10-11,0.4050093130949756,0
128920,2012-10-11,0.34323943422794145,1
128921,2012-10-11,0.3289012544821161,0
128922,2012-10-11,0.46260415140272854,1
128923,2012-10-11,0.34321498701711417,1
128924,2012-10-11,0.34064175999673446,1
128925,2012-10-11,0.14966237403564256,1
128926,2012-10-11,0.37099158537666566,1
128927,2012-10-11,0.5914554733726128,1
128928,2012-10-11,0.4526970560741783,0
128929,2012-10-11,0.34196112029273706,0
128930,2012-10-11,0.18779618248358676,0
128931,2012-10-11,0.5614898669133321,0
128932,2012-10-11,0.3425898542829403,0
128933,2012-10-11,0.619346884457827,1
128934,2012-10-11,0.3331062455974412,0
128935,2012-10-11,0.3738003434559048,0
128936,2012-10-11,0.3799215878388365,0
128937,2012-10-11,0.6253677467162705,0
128938,2012-10-11,0.38124004487927265,0
128939,2012-10-11,0.6190923812917446,1
128940,2012-10-11,0.39674752612150677,0
128941,2012-10-11,0.3657740219417135,0
128942,2012-10-11,0.38451897792477474,0
128943,2012-10-11,0.7016308071674491,1
128944,2012-10-11,0.4407236635491277,0
128945,2012-10-11,0.5788124011235303,1
128946,2012-10-11,0.42687206695412805,1
128947,2012-10-11,0.43908561099324395,0
128948,2012-10-11,0.332322942929427,0
128949,2012-10-11,0.1739690076557029,0
128950,2012-10-11,0.3611521984353662,0
128951,2012-10-11,0.23858644623391606,0
128952,2012-10-11,0.44528673529977303,0
128953,2012-10-11,0.3890210407977743,0
128954,2012-10-11,0.30614453170204103,0
128955,2012-10-11,0.3451082031462236,0
128956,2012-10-11,0.6405749114799523,1
128957,2012-10-11,0.3042387910031798,0
128958,2012-10-11,0.2360935315329695,0
128959,2012-10-11,0.3319164003417571,0
128960,2012-10-11,0.517863656965813,1
128961,2012-10-11,0.5371773089132453,0
128962,2012-10-11,0.27588545815634935,0
128963,2012-10-11,0.19940841623529004,0
128964,2012-10-11,0.5956966503526409,1
128965,2012-10-11,0.1686354200409274,0
128966,2012-10-11,0.26548530822876504,0
128967,2012-10-11,0.26196867094089565,0
128968,2012-10-11,0.3205882214047066,0
128969,2012-10-11,0.46505943429602287,0
128970,2012-10-11,0.2904374983100181,1
128971,2012-10-11,0.19947214402484803,0
128972,2012-10-11,0.3365319207666725,0
128973,2012-10-11,0.24303046865418146,0
128974,2012-10-11,0.1544728139193036,0
128975,2012-10-11,0.32286760262823816,0
128976,2012-10-11,0.6974015355418309,1
128977,2012-10-11,0.271877818636875,1
128978,2012-10-11,0.4858784593692622,0
128979,2012-10-11,0.4676624608864713,1
128980,2012-10-11,0.34629739725787223,1
128981,2012-10-11,0.2881116158952252,1
128982,2012-10-11,0.3535349333068349,0
128983,2012-10-11,0.41909418390871345,0
128984,2012-10-11,0.26698621937648687,0
128985,2012-10-11,0.33755944958800166,0
128986,2012-10-11,0.1359601911803724,0
128987,2012-10-11,0.43518803066519757,0
128988,2012-10-11,0.27208561643380036,1
128989,2012-10-11,0.3521184752195587,0
128990,2012-10-11,0.619307893894899,1
128991,2012-10-11,0.4134428333971442,0
128992,2012-10-11,0.327838385453816,1
128993,2012-10-11,0.35892025362759555,1
128994,2012-10-11,0.2229066322225201,0
128995,2012-10-11,0.5837623527667497,0
128996,2012-10-11,0.26923714409824706,0
128997,2012-10-11,0.5530429652147446,1
128998,2012-10-11,0.2817573819173628,0
128999,2012-10-11,0.3724642444007166,1
129000,2012-10-11,0.5610978306105135,1
129001,2012-10-11,0.5364908178703959,0
129002,2012-10-11,0.49932115933059495,1
129003,2012-10-11,0.2527972858735022,0
129004,2012-10-11,0.3516098423779213,0
129005,2012-10-11,0.2760218716665128,0
129006,2012-10-11,0.24002761602016442,1
129007,2012-10-11,0.36712156191153594,1
129008,2012-10-11,0.176388281731707,0
129009,2012-10-11,0.16314880157156206,0
129010,2012-10-11,0.28227416040322384,1
129011,2012-10-11,0.5161397291900168,1
129012,2012-10-11,0.3094289133845969,1
129013,2012-10-11,0.29587065701081944,0
129014,2012-10-11,0.3666055847118186,0
129015,2012-10-11,0.439478965796218,0
129016,2012-10-11,0.40881847261603677,0
129017,2012-10-11,0.37489417626573124,0
129018,2012-10-11,0.5075432536236532,1
129019,2012-10-11,0.2160360996250538,0
129020,2012-10-11,0.2155484191390966,0
129021,2012-10-11,0.13748028756499514,0
129022,2012-10-11,0.3416113646618408,0
129023,2012-10-11,0.36395829292699766,0
129024,2012-10-11,0.3236177515338878,0
129025,2012-10-11,0.3646867440445433,1
129026,2012-10-11,0.31779572727792543,0
129027,2012-10-11,0.3104367885416576,0
129028,2012-10-11,0.3486968505905004,1
129029,2012-10-11,0.2633584070827795,0
129030,2012-10-11,0.2793799590034757,1
129031,2012-10-11,0.2654700160427286,0
129032,2012-10-11,0.4761703360028053,0
129033,2012-10-11,0.44476788211374657,0
129034,2012-10-11,0.4787254456536679,1
129035,2012-10-11,0.2022867149353417,0
129036,2012-10-11,0.4661957252902568,1
129037,2012-10-11,0.48238522787858684,1
129038,2012-10-11,0.4695619694126002,0
129039,2012-10-11,0.3750570739881199,0
129040,2012-10-11,0.3095448804719735,0
129041,2012-10-11,0.3294678773024973,0
129042,2012-10-11,0.41130632588932786,1
129043,2012-10-11,0.15844094316809115,0
129044,2012-10-11,0.5219056662831726,0
129045,2012-10-11,0.576711098460133,0
129046,2012-10-11,0.297706500066768,0
129047,2012-10-11,0.16378342763100612,0
129048,2012-10-11,0.06616821724365159,0
129049,2012-10-11,0.42977698676275555,1
129050,2012-10-11,0.32003095985447066,1
129051,2012-10-11,0.2129852531721908,0
129052,2012-10-11,0.16238881215492706,0
129053,2012-10-11,0.3940264001631853,0
129054,2012-10-11,0.4738165951645507,0
129055,2012-10-11,0.39247827470725555,0
129056,2012-10-11,0.31637267636459204,0
129057,2012-10-11,0.2267968753595111,0
129058,2012-10-11,0.25102520204792195,0
129059,2012-10-11,0.364170551071476,1
129060,2012-10-11,0.24717772822412373,0
129061,2012-10-11,0.5590883482151938,0
129062,2012-10-11,0.5663224352604371,0
129063,2012-10-11,0.3627536851847475,0
129064,2012-10-11,0.3164984961612261,0
129065,2012-10-11,0.24349330467168667,1
129066,2012-10-11,0.08700735541739933,0
129067,2012-10-11,0.10900466212221802,0
129068,2012-10-11,0.24240353748906146,0
129069,2012-10-11,0.3541220895340597,0
129070,2012-10-11,0.25136011137709163,0
129071,2012-10-11,0.4947070685331797,0
129072,2012-10-11,0.34030116765938556,0
129073,2012-10-11,0.25260128660087966,0
129074,2012-10-11,0.5384061410217397,0
129075,2012-10-11,0.23124589308522528,0
129076,2012-10-11,0.5148324309683112,1
129077,2012-10-11,0.4079224294574601,0
129078,2012-10-11,0.4071874673214414,0
129079,2012-10-11,0.24979083034991711,0
129080,2012-10-11,0.4327287028619957,0
129081,2012-10-11,0.3805671983340424,0
129082,2012-10-11,0.19792867237715936,1
129083,2012-10-11,0.2956418795312846,0
129084,2012-10-11,0.2954404894008863,0
129085,2012-10-11,0.31866213083457334,1
129086,2012-10-11,0.27310505392130496,0
129087,2012-10-11,0.5019664820895772,0
129088,2012-10-11,0.29824016552174254,0
129089,2012-10-11,0.2932584981728773,0
129090,2012-10-11,0.14655081523659141,0
129091,2012-10-11,0.06210705152559212,0
129092,2012-10-11,0.4447554152776589,0
129093,2012-10-11,0.2627885746884185,0
129094,2012-10-11,0.2979440048904831,0
129095,2012-10-11,0.2670965154628815,0
129096,2012-10-11,0.38303974953029185,0
129097,2012-10-11,0.3362071330962985,0
129098,2012-10-11,0.5210380157706135,0
129099,2012-10-11,0.5272612505129303,1
129100,2012-10-11,0.3175340990899163,0
129101,2012-10-11,0.3944483487278464,1
129102,2012-10-11,0.5141254743783227,0
129103,2012-10-11,0.4820348960901002,0
129104,2012-10-11,0.4092949829058324,0
129105,2012-10-11,0.27782672402290787,1
129106,2012-10-11,0.3586353169435415,0
129107,2012-10-11,0.32492095226234247,0
129108,2012-10-11,0.5344595515400286,1
129109,2012-10-11,0.3301741221254277,0
129110,2012-10-11,0.11998562071967382,0
129111,2012-10-11,0.14698325828576406,0
129112,2012-10-11,0.4097207256315507,1
129113,2012-10-11,0.3653343746180533,1
129114,2012-10-11,0.322585570027114,0
129115,2012-10-11,0.30549946611338585,0
129116,2012-10-11,0.3166192948188991,0
129117,2012-10-11,0.40873959246567726,1
129118,2012-10-11,0.6924814956773742,1
129119,2012-10-11,0.2517254678826585,0
129120,2012-10-11,0.4674071715570398,1
129121,2012-10-11,0.5377265826699295,1
129122,2012-10-11,0.14856604587035716,0
129123,2012-10-11,0.28333881894061475,1
129124,2012-10-11,0.2897007865275467,1
129125,2012-10-11,0.5813967812540117,0
129126,2012-10-11,0.39027505555817565,1
129127,2012-10-11,0.5265453569945117,0
129128,2012-10-11,0.5140803144250208,0
129129,2012-10-11,0.4135375163712767,1
129130,2012-10-11,0.22573383787374995,1
129131,2012-10-11,0.3111586035217987,0
129132,2012-10-11,0.3968259155857874,0
129133,2012-10-11,0.24603942347593286,1
129134,2012-10-11,0.4200489428015267,0
129135,2012-10-11,0.300962103367259,1
129136,2012-10-11,0.35937116121260787,0
129137,2012-10-11,0.21872195393933935,0
129138,2012-10-11,0.39713672733633304,0
129139,2012-10-11,0.1199837881948236,0
129140,2012-10-11,0.11920154554471939,0
129141,2012-10-11,0.3171770983802681,0
129142,2012-10-11,0.26964330896996186,0
129143,2012-10-11,0.3490040294255941,0
129144,2012-10-11,0.3249988528149623,0
129145,2012-10-11,0.30939519931394016,1
129146,2012-10-11,0.30934013208637295,0
129147,2012-10-11,0.38489404286892615,0
129148,2012-10-11,0.10790060964728149,0
129149,2012-10-11,0.12475995146241388,0
129150,2012-10-11,0.23151970927206558,0
129151,2012-10-11,0.6291366591393849,1
129152,2012-10-11,0.26031072165836217,0
129153,2012-10-11,0.5553707053820952,1
129154,2012-10-11,0.34996189006925393,1
129155,2012-10-11,0.5303571860889843,0
129156,2012-10-11,0.48787458840241427,1
129157,2012-10-11,0.2632086920222686,0
129158,2012-10-11,0.46200062621792704,0
129159,2012-10-11,0.22816475864810354,0
129160,2012-10-11,0.5605609755093368,0
129161,2012-10-11,0.649406391728522,1
129162,2012-10-11,0.37925726895721024,0
129163,2012-10-11,0.2646841891845716,0
129164,2012-10-11,0.35346532943044645,0
129165,2012-10-11,0.22229469289647177,0
129166,2012-10-11,0.32736701664533885,1
129167,2012-10-11,0.26918849844962023,0
129168,2012-10-11,0.1707987195099691,0
129169,2012-10-11,0.32957223450332795,1
129170,2012-10-11,0.5033952415614771,0
129171,2012-10-11,0.16527352450308966,0
129172,2012-10-11,0.2377929428392223,0
129173,2012-10-11,0.3835666030170631,0
129174,2012-10-11,0.6163996009551701,0
129175,2012-10-11,0.3682221667545786,0
129176,2012-10-11,0.4130574918788922,0
129177,2012-10-11,0.39793309371649555,0
129178,2012-10-11,0.3523130917500451,0
129179,2012-10-11,0.27656444672888664,0
129180,2012-10-11,0.6167384736111869,0
129181,2012-10-11,0.4081106021815588,0
129182,2012-10-11,0.32154656136870274,0
129183,2012-10-11,0.4297056198919144,1
129184,2012-10-11,0.3449974882997184,1
129185,2012-10-11,0.25730776809924155,0
129186,2012-10-11,0.39634817781719656,0
129187,2012-10-11,0.40761066434368753,0
129188,2012-10-11,0.5452640028606903,0
129189,2012-10-11,0.3001509829102723,1
129190,2012-10-11,0.23933131646987887,0
129191,2012-10-11,0.23850337931442547,0
129192,2012-10-11,0.23028916276918918,0
129193,2012-10-11,0.12910931174700088,0
129194,2012-10-11,0.2723044359608313,1
129195,2012-10-11,0.40976628112199687,0
129196,2012-10-11,0.4415419073697725,1
129197,2012-10-11,0.3319332440257103,0
129198,2012-10-11,0.17117901272673855,1
129199,2012-10-11,0.2925625935716366,0
129200,2012-10-11,0.512171495485596,0
129201,2012-10-11,0.6600923110958041,0
129202,2012-10-11,0.3130914553215282,0
129203,2012-10-11,0.34873672510948245,1
129204,2012-10-11,0.13390942647077986,1
129205,2012-10-11,0.26642947840854947,0
129206,2012-10-11,0.2592491718328474,0
129207,2012-10-11,0.3341668345546277,0
129208,2012-10-11,0.4017434552544107,0
129209,2012-10-11,0.4641719338925322,1
129210,2012-10-11,0.340592974527513,1
129211,2012-10-11,0.31636002232139526,1
129212,2012-10-11,0.4967446608486718,0
129213,2012-10-11,0.4300650083324508,0
129214,2012-10-11,0.23774605477786928,0
129215,2012-10-11,0.207924774802455,0
129216,2012-10-11,0.4443004479665429,0
129217,2012-10-11,0.3643522917199918,1
129218,2012-10-11,0.5851978762689896,1
129219,2012-10-11,0.4660197853464553,0
129220,2012-10-11,0.346056511276683,0
129221,2012-10-11,0.2857633657931688,0
129222,2012-10-11,0.38322559453711047,0
129223,2012-10-11,0.49409580196914976,0
129224,2012-10-11,0.23716452395922996,0
129225,2012-10-11,0.09335125763181681,0
129226,2012-10-11,0.3921631759223221,0
129227,2012-10-11,0.422697828803376,0
129228,2012-10-11,0.32675575150069147,0
129229,2012-10-11,0.30319783060345057,1
129230,2012-10-11,0.4260165214389048,0
129231,2012-10-11,0.34057540999454733,0
129232,2012-10-11,0.5999912099426773,1
129233,2012-10-11,0.4215896046741474,0
129234,2012-10-11,0.37607828799378173,1
129235,2012-10-11,0.29089403432447697,0
129236,2012-10-11,0.5812393611148103,0
129237,2012-10-11,0.4885346190356776,0
129238,2012-10-11,0.4498806460639151,1
129239,2012-10-11,0.4984443668529631,1
129240,2012-10-11,0.41930571595262334,0
129241,2012-10-11,0.17934710624301456,0
129242,2012-10-11,0.3181703802851613,1
129243,2012-10-11,0.3045378657296635,0
129244,2012-10-11,0.5112823306249181,0
129245,2012-10-11,0.2807240052714266,0
129246,2012-10-11,0.3242831736366111,1
129247,2012-10-11,0.49056227731238305,0
129248,2012-10-11,0.3133902793045627,0
129249,2012-10-11,0.14238135661149262,0
129250,2012-10-11,0.3810232001249423,0
129251,2012-10-11,0.2562134810623824,0
129252,2012-10-11,0.19066559610732386,1
129253,2012-10-11,0.5376045260525895,1
129254,2012-10-11,0.11709909421878936,0
129255,2012-10-11,0.477423189655069,1
129256,2012-10-11,0.3944446883185659,0
129257,2012-10-11,0.45076022890703044,0
129258,2012-10-11,0.38094755263082253,0
129259,2012-10-11,0.3730622173213543,1
129260,2012-10-11,0.27758947099072095,0
129261,2012-10-11,0.5189765847492487,1
129262,2012-10-11,0.2646229956075395,0
129263,2012-10-11,0.20604964730070652,0
129264,2012-10-11,0.2627152013134325,1
129265,2012-10-12,0.3679213425155994,1
129266,2012-10-12,0.28365689080451495,0
129267,2012-10-12,0.1783145120219386,1
129268,2012-10-12,0.19327939285289894,0
129269,2012-10-12,0.64173097479093,0
129270,2012-10-12,0.394751889718598,0
129271,2012-10-12,0.45029117565891874,0
129272,2012-10-12,0.1871620195029355,0
129273,2012-10-12,0.37137833255495334,0
129274,2012-10-12,0.2947170987125196,0
129275,2012-10-12,0.23054987687058764,0
129276,2012-10-12,0.4034514316241,0
129277,2012-10-12,0.20077902953715498,0
129278,2012-10-12,0.2663891311885707,0
129279,2012-10-12,0.5402978115883436,1
129280,2012-10-12,0.16706905959914004,0
129281,2012-10-12,0.20964671451025652,0
129282,2012-10-12,0.5206363316654071,1
129283,2012-10-12,0.3360426727588122,0
129284,2012-10-12,0.19405273153531027,0
129285,2012-10-12,0.46611868046976085,0
129286,2012-10-12,0.3307212127968356,0
129287,2012-10-12,0.2622741741300011,0
129288,2012-10-12,0.5184548108076521,0
129289,2012-10-12,0.08012217869702229,0
129290,2012-10-12,0.5099457933370551,0
129291,2012-10-12,0.5635256743421388,0
129292,2012-10-12,0.18773006826425778,0
129293,2012-10-12,0.5535446996312324,0
129294,2012-10-12,0.4916347602934925,1
129295,2012-10-12,0.5739977165686417,0
129296,2012-10-12,0.19542299136740948,0
129297,2012-10-12,0.41765338168434923,0
129298,2012-10-12,0.30083740425847344,0
129299,2012-10-12,0.14730984245784226,0
129300,2012-10-12,0.38340915659434344,0
129301,2012-10-12,0.5473983053776886,1
129302,2012-10-12,0.47022811904722916,1
129303,2012-10-12,0.5281903387231379,1
129304,2012-10-12,0.41621335792746683,0
129305,2012-10-12,0.16842218835848155,0
129306,2012-10-12,0.1586108265997188,0
129307,2012-10-12,0.23454493428975806,1
129308,2012-10-12,0.3954917881092595,0
129309,2012-10-12,0.31996531672328715,0
129310,2012-10-12,0.15808793691737996,0
129311,2012-10-12,0.494701783570247,1
129312,2012-10-12,0.3931336835368465,1
129313,2012-10-12,0.4921743580496359,0
129314,2012-10-12,0.46181113406984764,1
129315,2012-10-12,0.39778389586982943,0
129316,2012-10-12,0.25754733249532796,0
129317,2012-10-12,0.19914856088700783,0
129318,2012-10-12,0.3604934386241545,0
129319,2012-10-12,0.5301531031920377,0
129320,2012-10-12,0.5397318284064303,0
129321,2012-10-12,0.48225519371316056,1
129322,2012-10-12,0.46368473759419804,1
129323,2012-10-12,0.4509498860074856,1
129324,2012-10-12,0.1939182762404375,0
129325,2012-10-12,0.4567657579465012,0
129326,2012-10-12,0.541950825939893,1
129327,2012-10-12,0.20168202488531278,0
129328,2012-10-12,0.29657920189677284,0
129329,2012-10-12,0.41295302823933394,0
129330,2012-10-12,0.41038406247787984,0
129331,2012-10-12,0.4861624234397924,1
129332,2012-10-12,0.4124080904458942,0
129333,2012-10-12,0.48571559004468395,0
129334,2012-10-12,0.3605356274809189,0
129335,2012-10-12,0.5349501132980169,0
129336,2012-10-12,0.28072689445391236,0
129337,2012-10-12,0.3159466700750105,0
129338,2012-10-12,0.24413768110785086,0
129339,2012-10-12,0.3590512568453903,0
129340,2012-10-12,0.41981381326521605,0
129341,2012-10-12,0.2794871951637316,0
129342,2012-10-12,0.41996331929482417,0
129343,2012-10-12,0.17682475989779378,1
129344,2012-10-12,0.3836987108743349,0
129345,2012-10-12,0.5850874686819073,1
129346,2012-10-12,0.5017029415800889,1
129347,2012-10-12,0.38949216542301063,0
129348,2012-10-12,0.4037385569146367,0
129349,2012-10-12,0.3668301625617272,0
129350,2012-10-12,0.4061740341348859,1
129351,2012-10-12,0.1459682318210945,0
129352,2012-10-12,0.375895021474655,1
129353,2012-10-12,0.5026868707579317,0
129354,2012-10-12,0.17574688648978093,0
129355,2012-10-12,0.35925340085591256,0
129356,2012-10-12,0.43013031762501114,0
129357,2012-10-12,0.42823526145981466,1
129358,2012-10-12,0.1250848485252163,0
129359,2012-10-12,0.32560291514657197,0
129360,2012-10-12,0.3486503748687641,0
129361,2012-10-12,0.4163206743415514,0
129362,2012-10-12,0.36928231374626797,1
129363,2012-10-12,0.39033104849064854,1
129364,2012-10-12,0.11833146003081074,0
129365,2012-10-12,0.43378449311847456,0
129366,2012-10-12,0.2328903313677979,0
129367,2012-10-12,0.24520981170739858,0
129368,2012-10-12,0.15604321031880383,0
129369,2012-10-12,0.38554571056723475,0
129370,2012-10-12,0.4880192619744083,0
129371,2012-10-12,0.31856520654424353,0
129372,2012-10-12,0.2758608545212202,0
129373,2012-10-12,0.3057735424494595,0
129374,2012-10-12,0.3775501755824245,0
129375,2012-10-12,0.33865711605682836,0
129376,2012-10-12,0.3598502996765035,0
129377,2012-10-12,0.13169192693802342,0
129378,2012-10-12,0.18882859573382532,0
129379,2012-10-12,0.4114861425020754,0
129380,2012-10-12,0.4700662259446363,0
129381,2012-10-13,0.5283773785543608,0
129382,2012-10-13,0.2644131862673914,0
129383,2012-10-13,0.44284726669885394,0
129384,2012-10-13,0.14706001053195608,0
129385,2012-10-13,0.21572122297993493,0
129386,2012-10-13,0.46325221040113096,1
129387,2012-10-13,0.4287358455532545,0
129388,2012-10-13,0.5112190572741995,0
129389,2012-10-13,0.2943160104629556,0
129390,2012-10-13,0.2592716001145104,0
129391,2012-10-13,0.23628774793711063,0
129392,2012-10-13,0.44879242327775737,0
129393,2012-10-13,0.2897645353038063,0
129394,2012-10-13,0.1712450039425272,0
129395,2012-10-13,0.327080398892499,0
129396,2012-10-13,0.2978252234648799,0
129397,2012-10-13,0.28363428765130794,0
129398,2012-10-13,0.37243375288951713,0
129399,2012-10-13,0.22699559469630137,0
129400,2012-10-13,0.4195219518334031,1
129401,2012-10-13,0.27745042212410104,1
129402,2012-10-13,0.3394270930268378,0
129403,2012-10-13,0.5979445984328223,0
129404,2012-10-13,0.30194966759795266,0
129405,2012-10-13,0.41519877242695485,0
129406,2012-10-13,0.4142560159791413,0
129407,2012-10-13,0.3134562334596177,1
129408,2012-10-13,0.5077599085096195,0
129409,2012-10-13,0.4861910224825257,0
129410,2012-10-13,0.24656846359605059,1
129411,2012-10-13,0.3757061037560025,1
129412,2012-10-13,0.30532260418344775,0
129413,2012-10-13,0.3076709445726616,1
129414,2012-10-13,0.19093128877581123,0
129415,2012-10-13,0.33413363744595564,0
129416,2012-10-13,0.27952993970764023,0
129417,2012-10-13,0.29734284560544266,1
129418,2012-10-13,0.22021882618155267,0
129419,2012-10-13,0.30410352652106,0
129420,2012-10-13,0.18473336135119414,0
129421,2012-10-13,0.5411400326072168,1
129422,2012-10-13,0.17792927512893658,0
129423,2012-10-13,0.25521593135366466,0
129424,2012-10-13,0.3926233487417623,0
129425,2012-10-13,0.40080468456084384,0
129426,2012-10-13,0.5071620854425373,1
129427,2012-10-13,0.32846428708832853,0
129428,2012-10-13,0.3507061396733101,0
129429,2012-10-13,0.15824434431515008,0
129430,2012-10-13,0.21352689952901008,0
129431,2012-10-13,0.25601179074152414,0
129432,2012-10-13,0.39294160544090023,1
129433,2012-10-13,0.6342587251274109,0
129434,2012-10-13,0.2199532931762432,0
129435,2012-10-13,0.20727708145573218,0
129436,2012-10-13,0.4256953415615566,1
129437,2012-10-13,0.3851252737676733,1
129438,2012-10-13,0.3771850089095341,1
129439,2012-10-13,0.6900289820768678,0
129440,2012-10-13,0.41375322635718365,0
129441,2012-10-13,0.13060823460812837,0
129442,2012-10-13,0.31060251808017575,0
129443,2012-10-13,0.286335578517562,0
129444,2012-10-13,0.18212349314897597,0
129445,2012-10-13,0.2077869020284777,0
129446,2012-10-13,0.16843234282009462,0
129447,2012-10-13,0.5165534220529537,0
129448,2012-10-13,0.27999534387051195,0
129449,2012-10-13,0.3368724202345259,1
129450,2012-10-13,0.2946541490390267,0
129451,2012-10-13,0.13869125935950496,0
129452,2012-10-13,0.2492031322745577,1
129453,2012-10-13,0.25945883115835616,1
129454,2012-10-13,0.5165326217856213,1
129455,2012-10-13,0.19313438914080358,0
129456,2012-10-13,0.5137258587520858,0
129457,2012-10-13,0.2959351394030223,0
129458,2012-10-13,0.3272073589259468,1
129459,2012-10-13,0.3513462255234962,1
129460,2012-10-13,0.360985744790042,0
129461,2012-10-13,0.3279971212613006,0
129462,2012-10-13,0.34458236227723255,1
129463,2012-10-13,0.2123031047511467,0
129464,2012-10-13,0.4647267794524686,0
129465,2012-10-13,0.2119359915100863,0
129466,2012-10-13,0.21620323173382516,0
129467,2012-10-13,0.23882408424113077,0
129468,2012-10-13,0.5787175409270546,0
129469,2012-10-13,0.3843789916658663,0
129470,2012-10-13,0.3461931400880093,0
129471,2012-10-13,0.3215833006653214,0
129472,2012-10-13,0.1868027992444307,0
129473,2012-10-13,0.4194920020670271,0
129474,2012-10-13,0.35555820792720366,1
129475,2012-10-13,0.45257532122270394,0
129476,2012-10-13,0.3565125419230735,0
129477,2012-10-13,0.3883262723397375,0
129478,2012-10-13,0.25595118837085795,0
129479,2012-10-13,0.4899310109978165,0
129480,2012-10-13,0.299264306683273,0
129481,2012-10-13,0.435217459649786,1
129482,2012-10-13,0.3656655662820343,0
129483,2012-10-13,0.360951603817431,0
129484,2012-10-13,0.39061941175675147,0
129485,2012-10-13,0.3261036857186173,0
129486,2012-10-13,0.2262329020086025,0
129487,2012-10-13,0.336962972117529,0
129488,2012-10-13,0.5329145833178682,0
129489,2012-10-13,0.38478572486516766,0
129490,2012-10-13,0.2665963585420095,0
129491,2012-10-13,0.5500596882813598,0
129492,2012-10-13,0.3037990462105962,0
129493,2012-10-13,0.2934939649503451,1
129494,2012-10-13,0.302970961790119,0
129495,2012-10-13,0.6062151527756361,1
129496,2012-10-13,0.4058300034944006,0
129497,2012-10-13,0.18484731306330407,0
129498,2012-10-13,0.4809952819253215,0
129499,2012-10-13,0.361438712783559,0
129500,2012-10-13,0.39655920600116396,0
129501,2012-10-13,0.3622336986268556,1
129502,2012-10-13,0.41705063153942296,0
129503,2012-10-13,0.5846722145374205,0
129504,2012-10-13,0.45841854083188704,1
129505,2012-10-13,0.4825129761595757,1
129506,2012-10-13,0.22737040625165858,0
129507,2012-10-13,0.3982934591187289,0
129508,2012-10-13,0.48024610778713916,1
129509,2012-10-13,0.12607924233736575,0
129510,2012-10-13,0.14178291934100418,0
129511,2012-10-13,0.24995784757253184,0
129512,2012-10-13,0.30128676097511475,0
129513,2012-10-13,0.6108052382513554,1
129514,2012-10-13,0.21297514981047008,0
129515,2012-10-13,0.4464661425266317,0
129516,2012-10-13,0.4646214516890618,1
129517,2012-10-13,0.3739793722456353,0
129518,2012-10-13,0.2674931281915213,0
129519,2012-10-13,0.3832069325656256,0
129520,2012-10-13,0.31732060273155965,0
129521,2012-10-13,0.2499998146328728,0
129522,2012-10-13,0.3090194997879679,0
129523,2012-10-13,0.30056751980375473,0
129524,2012-10-13,0.3355164753533916,1
129525,2012-10-13,0.6595217404798501,1
129526,2012-10-13,0.2813548398734344,0
129527,2012-10-13,0.5649069521929065,0
129528,2012-10-13,0.33869213769933965,0
129529,2012-10-13,0.4032630675759583,1
129530,2012-10-13,0.5338920132882561,1
129531,2012-10-13,0.4221861107692944,1
129532,2012-10-13,0.31581927312190655,0
129533,2012-10-13,0.10119745991471008,0
129534,2012-10-13,0.3764641081564676,0
129535,2012-10-13,0.361655039981261,1
129536,2012-10-13,0.2085713193690051,0
129537,2012-10-13,0.17133268411770158,0
129538,2012-10-13,0.1944013552764079,0
129539,2012-10-13,0.4749780862939616,1
129540,2012-10-13,0.40713395428089355,0
129541,2012-10-13,0.34024544179473837,0
129542,2012-10-13,0.46258152251719986,1
129543,2012-10-13,0.5411716636614862,1
129544,2012-10-13,0.3134023081344367,0
129545,2012-10-13,0.449119293997192,0
129546,2012-10-13,0.3142186332616151,0
129547,2012-10-13,0.278510871321978,0
129548,2012-10-13,0.16630306360551972,0
129549,2012-10-13,0.23557764788754512,1
129550,2012-10-13,0.2715858898582147,0
129551,2012-10-13,0.30995197475140307,0
129552,2012-10-13,0.1773128379074343,0
129553,2012-10-13,0.3785362088796302,0
129554,2012-10-13,0.500551902557381,1
129555,2012-10-13,0.3414866537090975,1
129556,2012-10-13,0.387571132633314,1
129557,2012-10-13,0.4011582733072875,0
129558,2012-10-13,0.2526744943699834,0
129559,2012-10-13,0.32579317455785023,0
129560,2012-10-13,0.34026101331021213,0
129561,2012-10-13,0.4020790725586623,0
129562,2012-10-13,0.1844670814844404,0
129563,2012-10-13,0.2204150220096753,0
129564,2012-10-13,0.6248877662290918,1
129565,2012-10-13,0.5274204926525081,1
129566,2012-10-13,0.4648533620708331,1
129567,2012-10-13,0.2691874803609142,0
129568,2012-10-13,0.38435746822479433,0
129569,2012-10-13,0.47831042997916606,1
129570,2012-10-13,0.34353068766872685,0
129571,2012-10-13,0.40568567809788947,1
129572,2012-10-13,0.2198765803932538,0
129573,2012-10-13,0.19114813716532736,0
129574,2012-10-13,0.3143831655697349,0
129575,2012-10-13,0.3777515650352751,0
129576,2012-10-13,0.22647591861052366,0
129577,2012-10-13,0.42071856287345016,0
129578,2012-10-13,0.3196796808450422,0
129579,2012-10-13,0.07954975592891504,0
129580,2012-10-13,0.2871689623615136,0
129581,2012-10-13,0.20092247530881832,0
129582,2012-10-13,0.3182749946427925,1
129583,2012-10-13,0.2087734296765486,0
129584,2012-10-13,0.34376960677417556,1
129585,2012-10-13,0.20328081950658225,0
129586,2012-10-13,0.3975632305640322,0
129587,2012-10-13,0.5076276722802218,1
129588,2012-10-13,0.39060940475344735,0
129589,2012-10-13,0.25565452502136343,0
129590,2012-10-13,0.2759208731835759,0
129591,2012-10-13,0.4055730659116047,1
129592,2012-10-13,0.3362761101921836,0
129593,2012-10-13,0.3611820360306785,0
129594,2012-10-13,0.1130539146865508,0
129595,2012-10-13,0.3933350839630225,1
129596,2012-10-13,0.3189556620309727,1
129597,2012-10-13,0.2727040360809803,0
129598,2012-10-13,0.29934769762771074,0
129599,2012-10-13,0.19955396771174852,0
129600,2012-10-13,0.30730133117520975,1
129601,2012-10-13,0.1756821368699455,0
129602,2012-10-13,0.1588518405630061,0
129603,2012-10-13,0.1897441307482302,0
129604,2012-10-13,0.24125394038542464,0
129605,2012-10-13,0.393608151606128,0
129606,2012-10-13,0.376736642479415,0
129607,2012-10-13,0.2029636168765526,0
129608,2012-10-13,0.5206428265618471,0
129609,2012-10-13,0.30042766408504357,0
129610,2012-10-13,0.19566143971574151,0
129611,2012-10-13,0.3509846505033351,0
129612,2012-10-13,0.12236329552197171,0
129613,2012-10-13,0.4920958331057968,1
129614,2012-10-13,0.33570860249223355,0
129615,2012-10-13,0.2764941029588074,0
129616,2012-10-13,0.20064481497864678,0
129617,2012-10-13,0.21930313603610974,0
129618,2012-10-13,0.638915813799836,1
129619,2012-10-13,0.24692142391021002,0
129620,2012-10-13,0.4720205394686491,0
129621,2012-10-13,0.24945417171539594,1
129622,2012-10-13,0.19084616711767244,0
129623,2012-10-13,0.18344964189546212,1
129624,2012-10-13,0.3605510400702197,1
129625,2012-10-13,0.3574327410749817,0
129626,2012-10-13,0.35270432961988785,0
129627,2012-10-13,0.2379372828428953,1
129628,2012-10-13,0.48970858051336214,0
129629,2012-10-13,0.22713249439319974,0
129630,2012-10-13,0.45257532122270394,0
129631,2012-10-13,0.43337934986835,0
129632,2012-10-13,0.5134492233544168,0
129633,2012-10-13,0.2270108274580644,0
129634,2012-10-13,0.17470028501899657,0
129635,2012-10-13,0.3858964433610469,1
129636,2012-10-13,0.3337107153616659,0
129637,2012-10-13,0.3791748235927879,0
129638,2012-10-13,0.35895429838961346,0
129639,2012-10-13,0.30185824424158963,1
129640,2012-10-13,0.21183471427326186,0
129641,2012-10-13,0.4971308585680571,0
129642,2012-10-13,0.3279148028525239,0
129643,2012-10-13,0.21743681528901138,0
129644,2012-10-13,0.42152591118958366,0
129645,2012-10-13,0.46348838377396384,1
129646,2012-10-13,0.5521267087843509,1
129647,2012-10-13,0.39171368533357015,1
129648,2012-10-13,0.2968836286188887,1
129649,2012-10-13,0.28580439852138606,0
129650,2012-10-13,0.167880750202836,0
129651,2012-10-13,0.2803779694460413,0
129652,2012-10-13,0.21867123089060206,0
129653,2012-10-13,0.4329394339148058,1
129654,2012-10-13,0.2968741341125165,0
129655,2012-10-13,0.3933531638876075,0
129656,2012-10-13,0.5030299318260779,1
129657,2012-10-13,0.4300069050681928,0
129658,2012-10-13,0.231382785106287,1
129659,2012-10-13,0.6324808302388479,0
129660,2012-10-13,0.18242964196981365,0
129661,2012-10-13,0.3643648466327421,0
129662,2012-10-13,0.18482994984585893,0
129663,2012-10-13,0.1727697588692256,0
129664,2012-10-13,0.34868100802332713,0
129665,2012-10-13,0.2572779095015728,0
129666,2012-10-13,0.39165419427731074,0
129667,2012-10-13,0.2876555952305621,0
129668,2012-10-13,0.43448213525268753,1
129669,2012-10-13,0.45714679396968644,1
129670,2012-10-13,0.24898126804200127,0
129671,2012-10-13,0.23771164086637986,0
129672,2012-10-13,0.42516289547818464,1
129673,2012-10-13,0.1378321194959115,0
129674,2012-10-13,0.4391043230642297,1
129675,2012-10-13,0.13299907339817793,0
129676,2012-10-13,0.2440175763701937,0
129677,2012-10-13,0.24877863014231033,0
129678,2012-10-13,0.15102960988824504,0
129679,2012-10-13,0.3284269486765204,0
129680,2012-10-13,0.3029203836335919,0
129681,2012-10-13,0.5250064805252114,0
129682,2012-10-13,0.27380511619854814,0
129683,2012-10-13,0.49914588415876354,1
129684,2012-10-13,0.6406745367236154,1
129685,2012-10-13,0.2546351150213981,0
129686,2012-10-13,0.38544953878824434,0
129687,2012-10-13,0.310481176694768,1
129688,2012-10-13,0.26051601072895375,0
129689,2012-10-13,0.13640550826009976,0
129690,2012-10-13,0.412033007577036,0
129691,2012-10-13,0.25557951449499566,0
129692,2012-10-13,0.26447909235921885,1
129693,2012-10-13,0.1834321539673261,0
129694,2012-10-13,0.5171044463241911,1
129695,2012-10-13,0.3147301723492276,0
129696,2012-10-13,0.20961464397845656,0
129697,2012-10-13,0.3934953980501862,1
129698,2012-10-13,0.421650362592964,0
129699,2012-10-13,0.1808775558359044,0
129700,2012-10-13,0.27117354196101173,0
129701,2012-10-13,0.4814582125250731,0
129702,2012-10-13,0.39277210054452366,0
129703,2012-10-13,0.47883634480604964,1
129704,2012-10-13,0.4166571420245384,1
129705,2012-10-13,0.3076616371060195,0
129706,2012-10-13,0.34665023883247625,1
129707,2012-10-13,0.18931374632768933,1
129708,2012-10-13,0.21314073208965525,0
129709,2012-10-13,0.3156286317045173,0
129710,2012-10-13,0.31926694090090935,1
129711,2012-10-13,0.3926512115568603,0
129712,2012-10-13,0.33101721072194973,0
129713,2012-10-13,0.18828987234437347,0
129714,2012-10-13,0.2776752414858914,0
129715,2012-10-13,0.3624382461555639,0
129716,2012-10-13,0.20942763152892968,0
129717,2012-10-13,0.456604219179765,0
129718,2012-10-13,0.58068905713545,1
129719,2012-10-13,0.3525064220109233,0
129720,2012-10-13,0.2744130239148103,0
129721,2012-10-13,0.30094802596161235,1
129722,2012-10-13,0.2534584285413648,0
129723,2012-10-13,0.6073398327976522,1
129724,2012-10-13,0.3718045127957503,1
129725,2012-10-13,0.606923611315277,1
129726,2012-10-13,0.36362842601962736,1
129727,2012-10-13,0.3897566974412349,0
129728,2012-10-13,0.42363713063303066,0
129729,2012-10-13,0.49953723671619454,0
129730,2012-10-13,0.2940256164637526,0
129731,2012-10-13,0.1967543288102985,0
129732,2012-10-13,0.2053354202391079,1
129733,2012-10-13,0.44259783398054947,1
129734,2012-10-13,0.26093846070971904,0
129735,2012-10-13,0.3799376125797767,1
129736,2012-10-13,0.4359601422338814,1
129737,2012-10-13,0.3671394442480407,1
129738,2012-10-13,0.4212436894969336,0
129739,2012-10-13,0.057918565202987486,0
129740,2012-10-13,0.28197587737246704,0
129741,2012-10-13,0.43559171639528643,0
129742,2012-10-13,0.39687637836848855,0
129743,2012-10-13,0.3370160429874611,0
129744,2012-10-13,0.20481080183763015,0
129745,2012-10-13,0.6620138905345914,0
129746,2012-10-13,0.38774146057926867,0
129747,2012-10-13,0.47465490958207956,1
129748,2012-10-13,0.5684577001451091,1
129749,2012-10-13,0.38318652032732314,0
129750,2012-10-13,0.2383534229999141,1
129751,2012-10-13,0.42488091590975047,1
129752,2012-10-13,0.41994711772440624,0
129753,2012-10-13,0.315894112172288,0
129754,2012-10-13,0.24593489804275653,0
129755,2012-10-13,0.15577858776467285,0
129756,2012-10-13,0.40955198559453243,0
129757,2012-10-13,0.564356002665483,0
129758,2012-10-13,0.5391996458497402,1
129759,2012-10-13,0.4138354794405415,0
129760,2012-10-13,0.3285030025877121,0
129761,2012-10-13,0.11995730458105357,0
129762,2012-10-13,0.541533573347715,0
129763,2012-10-13,0.6109457481361225,1
129764,2012-10-13,0.2078253378688328,0
129765,2012-10-13,0.5204403680427843,0
129766,2012-10-13,0.17597324058538436,0
129767,2012-10-13,0.29952942395557375,0
129768,2012-10-13,0.5221575915765072,1
129769,2012-10-13,0.2866048484685041,0
129770,2012-10-13,0.23088583713543678,0
129771,2012-10-13,0.25049824328952564,0
129772,2012-10-13,0.3141742895412544,0
129773,2012-10-13,0.18928543927399158,0
129774,2012-10-13,0.5316355105461336,0
129775,2012-10-13,0.17549303635054117,0
129776,2012-10-13,0.31250356248759287,1
129777,2012-10-13,0.565753652501971,1
129778,2012-10-13,0.3891402673965969,1
129779,2012-10-13,0.47912625731691455,0
129780,2012-10-13,0.4268707608962079,1
129781,2012-10-13,0.4468393202921603,0
129782,2012-10-13,0.3966005188584707,0
129783,2012-10-13,0.2091582282372282,0
129784,2012-10-13,0.3353982408576881,0
129785,2012-10-13,0.6075672339624809,0
129786,2012-10-13,0.31258103838498036,1
129787,2012-10-13,0.3178888705728489,1
129788,2012-10-13,0.3925031335655261,0
129789,2012-10-13,0.17632032649993423,0
129790,2012-10-13,0.3826528865073416,1
129791,2012-10-13,0.3304130943265682,1
129792,2012-10-13,0.3579921780092365,0
129793,2012-10-13,0.22113839003720745,0
129794,2012-10-13,0.28012941485473597,0
129795,2012-10-13,0.4131388427357739,0
129796,2012-10-13,0.4841622326531129,1
129797,2012-10-13,0.5711877303673959,0
129798,2012-10-13,0.2987794784864622,1
129799,2012-10-13,0.6228788959420536,0
129800,2012-10-13,0.2667381172442572,0
129801,2012-10-13,0.28243197087881255,0
129802,2012-10-13,0.4449075664707077,0
129803,2012-10-13,0.28535433222320505,0
129804,2012-10-13,0.2415962113188701,0
129805,2012-10-13,0.35279948045578435,1
129806,2012-10-13,0.2866767687514925,0
129807,2012-10-13,0.22360262300062836,0
129808,2012-10-13,0.5562977601146135,0
129809,2012-10-13,0.6316987825565367,1
129810,2012-10-13,0.3111070540901906,0
129811,2012-10-13,0.28588429230913187,1
129812,2012-10-13,0.4889410958323963,0
129813,2012-10-13,0.3687331434458163,0
129814,2012-10-13,0.17434497829803788,0
129815,2012-10-13,0.15317657336720306,0
129816,2012-10-13,0.4380854747409198,0
129817,2012-10-13,0.27052939469475257,0
129818,2012-10-13,0.4998402323435509,0
129819,2012-10-13,0.4099116910530822,0
129820,2012-10-13,0.2700763599390531,0
129821,2012-10-13,0.13559294736652638,0
129822,2012-10-13,0.46114100476262715,0
129823,2012-10-13,0.463938445825794,0
129824,2012-10-13,0.314714254114761,1
129825,2012-10-13,0.40694231550858734,0
129826,2012-10-13,0.2429553961052816,0
129827,2012-10-13,0.3416296189531903,0
129828,2012-10-13,0.24468776187382935,0
129829,2012-10-13,0.4378601635699989,0
129830,2012-10-13,0.30167619880005675,0
129831,2012-10-13,0.23728621387397347,0
129832,2012-10-13,0.3426333760864748,0
129833,2012-10-13,0.18157715447603126,0
129834,2012-10-13,0.3277256716780159,0
129835,2012-10-13,0.2928045003572108,0
129836,2012-10-13,0.2738398466794116,0
129837,2012-10-13,0.2997771090755722,0
129838,2012-10-13,0.19646315789659938,0
129839,2012-10-13,0.3244880540214761,0
129840,2012-10-13,0.19087691541233232,0
129841,2012-10-13,0.08244195071953866,0
129842,2012-10-13,0.36288888599490043,0
129843,2012-10-13,0.44296048915964176,0
129844,2012-10-13,0.4771893924300458,0
129845,2012-10-13,0.27870927429053904,0
129846,2012-10-13,0.10369719269507809,0
129847,2012-10-13,0.19902727274858098,0
129848,2012-10-13,0.2121100417276472,0
129849,2012-10-13,0.30954529681524373,0
129850,2012-10-13,0.1669545186791576,0
129851,2012-10-13,0.18974874969366534,0
129852,2012-10-13,0.15686318241117592,0
129853,2012-10-13,0.28367833224872535,0
129854,2012-10-13,0.4278541871863385,0
129855,2012-10-13,0.3185416837279404,0
129856,2012-10-13,0.2714979345861553,1
129857,2012-10-13,0.3464957123645858,0
129858,2012-10-13,0.4497055017348933,1
129859,2012-10-13,0.4773299207582225,0
129860,2012-10-13,0.5739802586475553,1
129861,2012-10-13,0.29607498725820774,0
129862,2012-10-13,0.3479880925347883,0
129863,2012-10-13,0.3037570519484593,0
129864,2012-10-13,0.383472490354184,1
129865,2012-10-13,0.3445615369970151,0
129866,2012-10-13,0.3102282464649251,0
129867,2012-10-13,0.3719790989961306,0
129868,2012-10-13,0.22295672887777465,0
129869,2012-10-13,0.3875202977385479,0
129870,2012-10-13,0.12267504650434927,0
129871,2012-10-13,0.5823309072358617,0
129872,2012-10-13,0.34246303601015243,0
129873,2012-10-13,0.3385461186963318,0
129874,2012-10-13,0.3463199196151362,1
129875,2012-10-13,0.32107481168420327,0
129876,2012-10-13,0.26698110402773373,1
129877,2012-10-13,0.07510404228337425,0
129878,2012-10-13,0.6475663262333623,0
129879,2012-10-13,0.389404710642758,1
129880,2012-10-13,0.35045545249733384,0
129881,2012-10-13,0.5786747414879977,1
129882,2012-10-13,0.4302094398702232,1
129883,2012-10-13,0.5263514949800913,1
129884,2012-10-13,0.42960583219840576,1
129885,2012-10-13,0.09668760801535077,0
129886,2012-10-13,0.20001084001405908,0
129887,2012-10-13,0.46189213428287973,1
129888,2012-10-13,0.2892697098199375,0
129889,2012-10-13,0.43343260766397645,0
129890,2012-10-13,0.11205900534690047,0
129891,2012-10-13,0.3867436821435597,1
129892,2012-10-13,0.4706748412998874,1
129893,2012-10-13,0.3568063275994548,1
129894,2012-10-13,0.2711233316441777,0
129895,2012-10-13,0.15198490167757672,0
129896,2012-10-13,0.42244954067777296,0
129897,2012-10-13,0.11259993955579127,0
129898,2012-10-13,0.6946048536812878,1
129899,2012-10-13,0.5741027704372134,0
129900,2012-10-13,0.3590872377476481,1
129901,2012-10-13,0.3528852733117283,0
129902,2012-10-13,0.472166122037623,0
129903,2012-10-13,0.18264770004084513,0
129904,2012-10-13,0.2759179707057007,0
129905,2012-10-13,0.35571207705249464,1
129906,2012-10-13,0.6561947341487366,0
129907,2012-10-13,0.36836409968878553,0
129908,2012-10-13,0.47375194848579966,1
129909,2012-10-13,0.4717493231989259,0
129910,2012-10-13,0.48156353764428833,0
129911,2012-10-13,0.14242620929710106,0
129912,2012-10-13,0.27225732822437887,0
129913,2012-10-13,0.15669208516182978,0
129914,2012-10-13,0.3029297298756076,0
129915,2012-10-13,0.3458802893866733,0
129916,2012-10-13,0.2721936556755446,0
129917,2012-10-13,0.2590299293119218,0
129918,2012-10-13,0.24632881390033146,0
129919,2012-10-13,0.5497762491015183,0
129920,2012-10-13,0.4089852064771271,0
129921,2012-10-13,0.2887417080161285,0
129922,2012-10-13,0.1682926426443139,0
129923,2012-10-13,0.4836208551590574,0
129924,2012-10-13,0.2835802000305567,0
129925,2012-10-13,0.3515316557505953,0
129926,2012-10-13,0.40282583171552855,0
129927,2012-10-13,0.3413874566707314,1
129928,2012-10-13,0.4530084810697698,1
129929,2012-10-13,0.3518493812131605,1
129930,2012-10-13,0.33596805290293424,0
129931,2012-10-13,0.1868791073306171,0
129932,2012-10-13,0.25390478576845393,0
129933,2012-10-14,0.5324162570430427,1
129934,2012-10-14,0.2951920299263239,0
129935,2012-10-14,0.21150990558407204,1
129936,2012-10-14,0.2857356374745262,0
129937,2012-10-14,0.4193676024963913,0
129938,2012-10-14,0.14471262875975419,0
129939,2012-10-14,0.4861848237485163,1
129940,2012-10-14,0.5628544676933749,1
129941,2012-10-14,0.3154423958110905,0
129942,2012-10-14,0.4436577715852084,1
129943,2012-10-14,0.31669657969123044,0
129944,2012-10-14,0.3726931696402462,0
129945,2012-10-14,0.2112111549409569,0
129946,2012-10-14,0.29674622417173696,0
129947,2012-10-14,0.40707617910385846,1
129948,2012-10-14,0.25393851182782556,1
129949,2012-10-14,0.35891256400346455,0
129950,2012-10-14,0.26481178756938606,1
129951,2012-10-14,0.4552156126945492,1
129952,2012-10-14,0.24062908246208312,0
129953,2012-10-14,0.5633482791800807,1
129954,2012-10-14,0.7020660667125149,1
129955,2012-10-14,0.6033717310401677,0
129956,2012-10-14,0.4072542766749278,0
129957,2012-10-14,0.23781934398642274,0
129958,2012-10-14,0.3289102375328304,0
129959,2012-10-14,0.30444903747786134,0
129960,2012-10-14,0.5772936684351403,0
129961,2012-10-14,0.6064992989263658,1
129962,2012-10-14,0.5356865664113037,1
129963,2012-10-14,0.5090039964762547,0
129964,2012-10-14,0.3522015969952169,0
129965,2012-10-14,0.3502123404219968,0
129966,2012-10-14,0.35522784483391834,0
129967,2012-10-14,0.39810923305124,0
129968,2012-10-14,0.421110321273363,1
129969,2012-10-14,0.4953791805840896,0
129970,2012-10-14,0.15400742754330088,0
129971,2012-10-14,0.35001716559463514,0
129972,2012-10-14,0.431074987703107,0
129973,2012-10-14,0.17083231724879436,1
129974,2012-10-14,0.3837439638192368,0
129975,2012-10-14,0.3199570996916595,0
129976,2012-10-14,0.45592743675470715,0
129977,2012-10-14,0.35429208139038776,0
129978,2012-10-14,0.4800940959915898,0
129979,2012-10-14,0.4704145074969575,1
129980,2012-10-14,0.3101402714034555,1
129981,2012-10-14,0.2993150899529204,0
129982,2012-10-14,0.5850538737969645,0
129983,2012-10-14,0.38709002480074184,0
129984,2012-10-14,0.36696393467887173,0
129985,2012-10-14,0.25518856850029575,0
129986,2012-10-14,0.24884737002005852,0
129987,2012-10-14,0.3265945664785804,0
129988,2012-10-14,0.25627251759906017,0
129989,2012-10-14,0.3432846487177288,1
129990,2012-10-14,0.25868795814563084,0
129991,2012-10-14,0.3927468603782508,0
129992,2012-10-14,0.3855913739121939,1
129993,2012-10-14,0.355078341659747,0
129994,2012-10-14,0.4504044034621769,1
129995,2012-10-14,0.17797143389129724,1
129996,2012-10-14,0.43530210210957965,0
129997,2012-10-14,0.43047964447912945,1
129998,2012-10-14,0.19283698163603522,1
129999,2012-10-14,0.3065069289232794,0
130000,2012-10-14,0.15176674852041092,0
130001,2012-10-14,0.35109757011088566,1
130002,2012-10-14,0.2676335057349812,0
130003,2012-10-14,0.08467724542529854,0
130004,2012-10-14,0.5929069971848945,1
130005,2012-10-14,0.4207677132063355,0
130006,2012-10-14,0.31506320676533267,0
130007,2012-10-14,0.39759711210273596,1
130008,2012-10-14,0.20848120870503856,0
130009,2012-10-14,0.3586603452369271,0
130010,2012-10-14,0.5277340279647089,0
130011,2012-10-14,0.347299060795815,0
130012,2012-10-14,0.4097383693136044,0
130013,2012-10-14,0.435675765553681,0
130014,2012-10-14,0.4497423423022513,1
130015,2012-10-14,0.24711911376766943,0
130016,2012-10-14,0.40143276871601036,0
130017,2012-10-14,0.1593935391457842,0
130018,2012-10-14,0.33662375221466,1
130019,2012-10-14,0.37822757255927736,1
130020,2012-10-14,0.34545551885119047,0
130021,2012-10-14,0.3584854439727663,0
130022,2012-10-14,0.43673517904076575,0
130023,2012-10-14,0.3833686546864118,0
130024,2012-10-14,0.20198760095732202,0
130025,2012-10-14,0.36526959176004425,1
130026,2012-10-14,0.44875940039790724,0
130027,2012-10-14,0.37257509583916026,0
130028,2012-10-14,0.39981255351151884,1
130029,2012-10-14,0.5644404026507865,1
130030,2012-10-14,0.31935794531875117,0
130031,2012-10-14,0.2618847892548402,0
130032,2012-10-14,0.2984116464461614,0
130033,2012-10-14,0.6487369966305853,1
130034,2012-10-14,0.3231588753170378,1
130035,2012-10-14,0.4109653692238765,1
130036,2012-10-14,0.48565945060399746,0
130037,2012-10-14,0.27612011585723717,0
130038,2012-10-14,0.3747713587923981,1
130039,2012-10-14,0.38713378583692176,0
130040,2012-10-14,0.16830405232715057,0
130041,2012-10-14,0.488471599743633,0
130042,2012-10-14,0.6188798436438414,1
130043,2012-10-14,0.2999685408920439,0
130044,2012-10-14,0.4816841365505979,0
130045,2012-10-14,0.4549335795721722,0
130046,2012-10-14,0.3284757460248066,0
130047,2012-10-14,0.306640910959406,1
130048,2012-10-14,0.3240648939635909,0
130049,2012-10-14,0.4037171801457195,0
130050,2012-10-14,0.5397359874889905,1
130051,2012-10-14,0.5684527807718585,1
130052,2012-10-14,0.5053932729803234,0
130053,2012-10-14,0.41836401702915543,1
130054,2012-10-14,0.30527177372612363,1
130055,2012-10-14,0.41791718487252766,0
130056,2012-10-14,0.49636633117910617,1
130057,2012-10-14,0.28989799198338817,0
130058,2012-10-14,0.21132541211782072,0
130059,2012-10-14,0.4231047625361536,0
130060,2012-10-14,0.37385094691823273,1
130061,2012-10-14,0.713103321313283,0
130062,2012-10-14,0.3032994636534584,0
130063,2012-10-14,0.2820960843092057,0
130064,2012-10-14,0.34455632439451256,0
130065,2012-10-14,0.27666088633033165,0
130066,2012-10-14,0.1645372402143213,0
130067,2012-10-14,0.2592079641724795,0
130068,2012-10-14,0.3498594140785376,0
130069,2012-10-14,0.18287560242252465,0
130070,2012-10-14,0.5190345524863293,1
130071,2012-10-14,0.45286367907294944,1
130072,2012-10-14,0.49850510268638226,1
130073,2012-10-14,0.3917467947976833,1
130074,2012-10-14,0.47926560247713085,1
130075,2012-10-14,0.4330344589900741,0
130076,2012-10-14,0.5314342646938472,0
130077,2012-10-14,0.3719935439400859,1
130078,2012-10-14,0.3613086556701754,0
130079,2012-10-14,0.2751361461114378,0
130080,2012-10-14,0.4676786965399342,1
130081,2012-10-14,0.3270297788061102,0
130082,2012-10-14,0.21963357546350828,0
130083,2012-10-14,0.460428367349958,1
130084,2012-10-14,0.6459747399769066,1
130085,2012-10-14,0.35103314057413004,0
130086,2012-10-14,0.36190431150433344,0
130087,2012-10-14,0.3282043930644137,0
130088,2012-10-14,0.269565903528926,0
130089,2012-10-14,0.4083525896126859,0
130090,2012-10-14,0.17180154214836746,0
130091,2012-10-14,0.4104675834198457,1
130092,2012-10-14,0.38544089005543214,0
130093,2012-10-14,0.6041835455779727,1
130094,2012-10-14,0.4102419995303236,0
130095,2012-10-14,0.6135755413294494,0
130096,2012-10-14,0.3575882443620736,0
130097,2012-10-14,0.39055901566707873,0
130098,2012-10-14,0.41291922251272084,1
130099,2012-10-14,0.5431699906870302,0
130100,2012-10-14,0.3299256567538843,1
130101,2012-10-14,0.33040509015610786,0
130102,2012-10-14,0.43332996028031384,1
130103,2012-10-14,0.40796605408207187,1
130104,2012-10-14,0.20999473310310915,0
130105,2012-10-14,0.11266697725340523,0
130106,2012-10-14,0.4387877842785343,0
130107,2012-10-14,0.25144614166667684,0
130108,2012-10-14,0.20201444260959742,0
130109,2012-10-14,0.4017123523804918,1
130110,2012-10-14,0.49664666412422626,1
130111,2012-10-14,0.5937798098752329,1
130112,2012-10-14,0.2091845360680231,0
130113,2012-10-14,0.24388042782363814,0
130114,2012-10-14,0.33213103367166924,1
130115,2012-10-14,0.27594575926188075,0
130116,2012-10-14,0.44712381817469404,0
130117,2012-10-14,0.2368848870870399,0
130118,2012-10-14,0.5490826872123792,0
130119,2012-10-14,0.45027261067166363,0
130120,2012-10-14,0.2809895452221396,0
130121,2012-10-14,0.18545680190508035,0
130122,2012-10-14,0.41803398715494505,1
130123,2012-10-14,0.35079274302218977,1
130124,2012-10-14,0.24356621809677453,0
130125,2012-10-14,0.40558888267457927,1
130126,2012-10-14,0.2872541167067779,0
130127,2012-10-14,0.14515814515660602,0
130128,2012-10-14,0.44368959509970524,1
130129,2012-10-14,0.5627719606231922,1
130130,2012-10-14,0.3600420717412137,1
130131,2012-10-14,0.35703311889408257,0
130132,2012-10-14,0.41536374628716854,0
130133,2012-10-14,0.31842619613938394,1
130134,2012-10-14,0.4906447452007436,1
130135,2012-10-14,0.5086410947939277,0
130136,2012-10-14,0.12441333124823026,1
130137,2012-10-14,0.22090546160047786,0
130138,2012-10-14,0.27774266408484183,0
130139,2012-10-14,0.26742070164889653,1
130140,2012-10-14,0.3714315550105803,0
130141,2012-10-14,0.4397049051856744,1
130142,2012-10-14,0.31332058642496124,0
130143,2012-10-14,0.22441430707984392,0
130144,2012-10-14,0.3187625941700149,1
130145,2012-10-14,0.20251767163809853,0
130146,2012-10-14,0.37389378617605146,1
130147,2012-10-14,0.3942173735134213,0
130148,2012-10-14,0.3387085127706592,0
130149,2012-10-14,0.4200101284382319,1
130150,2012-10-14,0.27207768144829986,0
130151,2012-10-14,0.2914833663133444,0
130152,2012-10-14,0.16257818380980749,0
130153,2012-10-14,0.1826963555742067,0
130154,2012-10-14,0.3274986834301496,0
130155,2012-10-14,0.44740641190471653,0
130156,2012-10-14,0.43175219349553073,1
130157,2012-10-14,0.3790524106941547,1
130158,2012-10-14,0.3522624260123549,0
130159,2012-10-14,0.4717794325054051,1
130160,2012-10-14,0.32689405434208313,0
130161,2012-10-14,0.24920189763238176,0
130162,2012-10-14,0.43377810496765207,0
130163,2012-10-14,0.1080981314855878,0
130164,2012-10-14,0.39688552136865307,0
130165,2012-10-14,0.16612350725039993,0
130166,2012-10-14,0.28950289374804417,0
130167,2012-10-14,0.18285839284158792,0
130168,2012-10-14,0.24173407705779484,0
130169,2012-10-14,0.4631232537931515,1
130170,2012-10-14,0.12210954078148538,0
130171,2012-10-14,0.5942853719171585,0
130172,2012-10-14,0.5856865791783548,1
130173,2012-10-14,0.5336287956716184,1
130174,2012-10-14,0.17903559978025135,0
130175,2012-10-14,0.3143524626781517,1
130176,2012-10-14,0.36176643859039503,1
130177,2012-10-14,0.5471875911686825,0
130178,2012-10-14,0.30715407183045507,0
130179,2012-10-14,0.2884437609431411,0
130180,2012-10-14,0.24825219116730388,0
130181,2012-10-14,0.5204057552714876,1
130182,2012-10-14,0.3680528206317593,0
130183,2012-10-14,0.37628827503395196,0
130184,2012-10-14,0.27547824968562906,1
130185,2012-10-14,0.29460759452607155,1
130186,2012-10-14,0.42027831261180093,0
130187,2012-10-14,0.34542685138531287,0
130188,2012-10-14,0.1170576825730925,1
130189,2012-10-14,0.4980997970233309,1
130190,2012-10-14,0.373934317776739,0
130191,2012-10-14,0.2656068990167,0
130192,2012-10-14,0.5297346622029571,1
130193,2012-10-14,0.36509506922796864,1
130194,2012-10-14,0.6411495108068523,1
130195,2012-10-14,0.45209311416093534,1
130196,2012-10-14,0.22307398036721762,0
130197,2012-10-14,0.47244497892784043,1
130198,2012-10-14,0.5632991608472613,0
130199,2012-10-14,0.2619949982956632,0
130200,2012-10-14,0.349511609926515,1
130201,2012-10-14,0.30606185042397555,1
130202,2012-10-14,0.2577921534108335,0
130203,2012-10-14,0.3051424182057551,1
130204,2012-10-14,0.4123866193554968,1
130205,2012-10-14,0.21793523923476524,0
130206,2012-10-14,0.26881557125873884,0
130207,2012-10-14,0.3771255547947419,0
130208,2012-10-14,0.30455175250554023,1
130209,2012-10-14,0.2885171603920977,0
130210,2012-10-14,0.42694753015364617,0
130211,2012-10-14,0.5178427704633395,1
130212,2012-10-14,0.4556904506205318,1
130213,2012-10-14,0.27112678252535566,0
130214,2012-10-14,0.25585220346053233,0
130215,2012-10-14,0.30672215208850206,1
130216,2012-10-14,0.055229063834761276,0
130217,2012-10-14,0.1853339395724518,0
130218,2012-10-14,0.24865242848094737,0
130219,2012-10-14,0.37717875315321975,1
130220,2012-10-14,0.23090472886592056,0
130221,2012-10-14,0.4519634673856108,0
130222,2012-10-14,0.2331513925723984,0
130223,2012-10-14,0.4581918378067249,1
130224,2012-10-14,0.5383367699613306,1
130225,2012-10-14,0.3237754806416716,0
130226,2012-10-14,0.3339434846138204,0
130227,2012-10-14,0.42190887128199656,0
130228,2012-10-14,0.5940006770865504,1
130229,2012-10-14,0.4777866048698638,0
130230,2012-10-14,0.1916676246619379,1
130231,2012-10-14,0.31025545527442144,1
130232,2012-10-14,0.12277065153431765,0
130233,2012-10-14,0.15533089317494544,1
130234,2012-10-14,0.3950597012698888,1
130235,2012-10-14,0.37488384159990507,1
130236,2012-10-14,0.1532044998585227,0
130237,2012-10-14,0.272558367850518,1
130238,2012-10-14,0.1279188693394321,0
130239,2012-10-14,0.3033998234961659,0
130240,2012-10-14,0.4237890675225008,0
130241,2012-10-14,0.6487211650265396,0
130242,2012-10-14,0.4095461869267092,0
130243,2012-10-14,0.3858257948205548,1
130244,2012-10-14,0.2153161210238887,0
130245,2012-10-14,0.39875137576455566,1
130246,2012-10-14,0.32351747499066874,1
130247,2012-10-14,0.3164613048148528,0
130248,2012-10-14,0.6242497679864328,0
130249,2012-10-14,0.4270799581202775,1
130250,2012-10-14,0.1893892373089439,0
130251,2012-10-14,0.4224038901341743,0
130252,2012-10-14,0.34696500919348827,0
130253,2012-10-14,0.2522337605816162,0
130254,2012-10-14,0.3134305145811156,0
130255,2012-10-14,0.6369676072356214,0
130256,2012-10-14,0.6187483518436943,1
130257,2012-10-14,0.40328806454130506,1
130258,2012-10-14,0.3904050013120582,1
130259,2012-10-14,0.4432703743559698,0
130260,2012-10-14,0.3885978633380395,0
130261,2012-10-14,0.5561773616981455,1
130262,2012-10-14,0.35695332848580436,1
130263,2012-10-14,0.5154351143347256,1
130264,2012-10-14,0.39146014079410396,0
130265,2012-10-14,0.37597324447692887,0
130266,2012-10-14,0.37467528108101933,0
130267,2012-10-14,0.20978375775884348,0
130268,2012-10-14,0.31446957614871307,0
130269,2012-10-14,0.5435305894092931,1
130270,2012-10-14,0.5265355307708496,1
130271,2012-10-14,0.15483190838120764,0
130272,2012-10-14,0.28443115186415246,1
130273,2012-10-14,0.3749047179957475,0
130274,2012-10-14,0.2398180755102311,0
130275,2012-10-14,0.46912408719920723,0
130276,2012-10-14,0.39608326859054416,0
130277,2012-10-14,0.3900722893894121,0
130278,2012-10-14,0.2863297143699171,0
130279,2012-10-14,0.2528151968527966,0
130280,2012-10-14,0.3043981371927798,0
130281,2012-10-14,0.4373139250219826,0
130282,2012-10-14,0.29123900560821336,1
130283,2012-10-14,0.2371962455962145,0
130284,2012-10-14,0.34835890401310143,0
130285,2012-10-14,0.23418578910745913,0
130286,2012-10-14,0.13557031843340145,0
130287,2012-10-14,0.3623461188174208,0
130288,2012-10-14,0.2661224078661323,0
130289,2012-10-14,0.4250766726528404,1
130290,2012-10-14,0.2875322366203542,0
130291,2012-10-14,0.4080351099036555,1
130292,2012-10-14,0.23833118741446105,0
130293,2012-10-14,0.2602491482998928,0
130294,2012-10-14,0.5806156175257298,0
130295,2012-10-14,0.25578394909999175,0
130296,2012-10-14,0.2754977591834832,0
130297,2012-10-14,0.2894120785593998,0
130298,2012-10-14,0.17588648002941104,0
130299,2012-10-14,0.34876259916385594,0
130300,2012-10-14,0.4234495352691177,0
130301,2012-10-14,0.44364196095392766,1
130302,2012-10-14,0.4534422323187493,1
130303,2012-10-14,0.5083013927193214,0
130304,2012-10-14,0.22641695388406602,0
130305,2012-10-14,0.24480910846261325,0
130306,2012-10-14,0.3338184169693308,0
130307,2012-10-14,0.2643928316596431,0
130308,2012-10-14,0.2775413793097996,1
130309,2012-10-14,0.39861387173210105,1
130310,2012-10-14,0.1358652184559,0
130311,2012-10-14,0.35045356805062633,1
130312,2012-10-14,0.31301275857327543,0
130313,2012-10-14,0.400084981202148,0
130314,2012-10-14,0.4876726029827153,0
130315,2012-10-14,0.23715184423964836,0
130316,2012-10-14,0.45733404551165935,1
130317,2012-10-14,0.19669572580870429,0
130318,2012-10-14,0.3330288138688819,0
130319,2012-10-14,0.41359298931326266,0
130320,2012-10-14,0.15116702570087653,1
130321,2012-10-14,0.3367953620244967,0
130322,2012-10-14,0.36600937291733554,0
130323,2012-10-14,0.34214008877694696,1
130324,2012-10-14,0.36620667830988224,0
130325,2012-10-14,0.31269957295810646,0
130326,2012-10-14,0.3505644317832822,0
130327,2012-10-14,0.3321207147069886,0
130328,2012-10-14,0.2539987568656146,1
130329,2012-10-14,0.5097812833342832,0
130330,2012-10-14,0.5510660647709473,1
130331,2012-10-14,0.3059741378295272,0
130332,2012-10-14,0.33311106264382395,0
130333,2012-10-14,0.6039766111368009,0
130334,2012-10-14,0.2939375514395992,0
130335,2012-10-14,0.21260246317723394,0
130336,2012-10-14,0.45860876998778716,0
130337,2012-10-14,0.20457750892750032,0
130338,2012-10-14,0.39218782610429614,0
130339,2012-10-14,0.3259019888142835,0
130340,2012-10-14,0.5565721381367704,1
130341,2012-10-14,0.4193056631918648,0
130342,2012-10-14,0.34703325933772783,0
130343,2012-10-14,0.5627603684800659,0
130344,2012-10-14,0.5836949034375104,1
130345,2012-10-14,0.45266573417301237,0
130346,2012-10-14,0.5033073833320292,1
130347,2012-10-14,0.3632155640593059,0
130348,2012-10-14,0.2835203025040241,0
130349,2012-10-14,0.46774365133082774,1
130350,2012-10-14,0.4421908561377643,1
130351,2012-10-14,0.24354607031158781,0
130352,2012-10-14,0.29714934863407544,1
130353,2012-10-14,0.269088283188884,0
130354,2012-10-14,0.3895031758504574,1
130355,2012-10-14,0.38086517701696254,1
130356,2012-10-14,0.6359102488565027,1
130357,2012-10-14,0.32595052092001714,1
130358,2012-10-14,0.38935643536462916,0
130359,2012-10-14,0.34181153476246817,0
130360,2012-10-14,0.464825965069582,0
130361,2012-10-14,0.22188045198209286,1
130362,2012-10-14,0.5004781405489364,0
130363,2012-10-14,0.25230478452346666,0
130364,2012-10-14,0.28351629934902395,1
130365,2012-10-14,0.3094233925357507,0
130366,2012-10-14,0.5116755640054962,1
130367,2012-10-14,0.30890472734764235,0
130368,2012-10-14,0.22362671123274142,0
130369,2012-10-14,0.29604399576902835,0
130370,2012-10-14,0.3458150336608821,0
130371,2012-10-14,0.41166538646860706,1
130372,2012-10-14,0.18736080886225642,0
130373,2012-10-14,0.2663058900853577,0
130374,2012-10-14,0.41684104210488643,1
130375,2012-10-14,0.4515150053667764,0
130376,2012-10-14,0.29851307828622925,0
130377,2012-10-14,0.19189188757622785,0
130378,2012-10-14,0.40550765104501185,0
130379,2012-10-14,0.14319696759433276,0
130380,2012-10-14,0.15797737617438207,0
130381,2012-10-14,0.17847726899874997,0
130382,2012-10-14,0.7297012202767308,1
130383,2012-10-14,0.37949331001852143,0
130384,2012-10-14,0.2502054015731662,0
130385,2012-10-14,0.610356869174336,1
130386,2012-10-14,0.21134781209216477,0
130387,2012-10-14,0.34000288420865604,0
130388,2012-10-14,0.42763985091537454,0
130389,2012-10-14,0.41054553917621556,0
130390,2012-10-14,0.6203459260179259,0
130391,2012-10-14,0.32058101783733695,0
130392,2012-10-14,0.5385790216457672,0
130393,2012-10-14,0.3839614254721704,1
130394,2012-10-14,0.37022182809720616,0
130395,2012-10-14,0.38826271915647426,0
130396,2012-10-14,0.5444881366711208,1
130397,2012-10-14,0.4326189799218496,0
130398,2012-10-14,0.5399040989406976,1
130399,2012-10-14,0.3252581204770947,0
130400,2012-10-14,0.444232818173851,0
130401,2012-10-14,0.290604360369171,1
130402,2012-10-14,0.3037633273586995,0
130403,2012-10-14,0.3876478168449255,0
130404,2012-10-14,0.2921838056410632,0
130405,2012-10-15,0.2526348129868848,0
130406,2012-10-15,0.2708536451422435,0
130407,2012-10-15,0.30941536104474876,0
130408,2012-10-15,0.3171168782255341,1
130409,2012-10-15,0.2574422420828028,0
130410,2012-10-15,0.1902424901129077,0
130411,2012-10-15,0.32580427009954566,1
130412,2012-10-15,0.1652720373916166,0
130413,2012-10-15,0.27233588594173364,0
130414,2012-10-15,0.3065940773823422,1
130415,2012-10-15,0.19006532678083427,0
130416,2012-10-15,0.31408160741570323,1
130417,2012-10-15,0.2076630121639694,0
130418,2012-10-15,0.3335752548951236,0
130419,2012-10-15,0.4345452617560194,0
130420,2012-10-15,0.5691348074718785,0
130421,2012-10-15,0.3167259738730767,0
130422,2012-10-15,0.47682363229872393,0
130423,2012-10-15,0.17989435971444717,0
130424,2012-10-15,0.6034201568658055,0
130425,2012-10-15,0.41742490831657036,0
130426,2012-10-15,0.36531612676754444,0
130427,2012-10-15,0.2574016029500667,0
130428,2012-10-15,0.40852523180922123,0
130429,2012-10-15,0.3407383659486576,0
130430,2012-10-15,0.5678890753123761,1
130431,2012-10-15,0.4270827939174246,0
130432,2012-10-15,0.3268148389986865,0
130433,2012-10-15,0.4290616689640368,1
130434,2012-10-15,0.16403390206054047,0
130435,2012-10-15,0.48648918004425684,0
130436,2012-10-15,0.3579621966263434,0
130437,2012-10-15,0.43521786203164964,0
130438,2012-10-15,0.4412749087364054,1
130439,2012-10-15,0.44715463309460457,0
130440,2012-10-15,0.21403631096670384,0
130441,2012-10-15,0.22500938471375653,1
130442,2012-10-15,0.21197478277631118,0
130443,2012-10-15,0.2415501307158146,0
130444,2012-10-15,0.4163084860233774,0
130445,2012-10-15,0.33110313449649015,0
130446,2012-10-15,0.2225086141032444,0
130447,2012-10-15,0.2887677346903411,1
130448,2012-10-15,0.44462544513438745,1
130449,2012-10-15,0.16331893244330378,1
130450,2012-10-15,0.47676961116244193,0
130451,2012-10-15,0.6191134182758472,1
130452,2012-10-15,0.44163858665301753,0
130453,2012-10-15,0.31410562966728633,0
130454,2012-10-15,0.3696208562736535,1
130455,2012-10-15,0.19531452744202735,0
130456,2012-10-15,0.3869951592094522,1
130457,2012-10-15,0.23207389211317053,0
130458,2012-10-15,0.3496754753032352,0
130459,2012-10-15,0.3180132471609592,0
130460,2012-10-15,0.28374769362562785,0
130461,2012-10-15,0.1653575633667359,0
130462,2012-10-15,0.7119193903685257,1
130463,2012-10-15,0.35616924134579486,0
130464,2012-10-15,0.1454771167407141,0
130465,2012-10-15,0.48185545790854084,0
130466,2012-10-15,0.10979584707656455,0
130467,2012-10-15,0.35256766943164464,0
130468,2012-10-15,0.30238565898784225,0
130469,2012-10-15,0.36476250800605026,0
130470,2012-10-15,0.44337911014831155,1
130471,2012-10-15,0.4443890215933121,0
130472,2012-10-15,0.24537643902813766,0
130473,2012-10-15,0.2509377788491997,0
130474,2012-10-15,0.5101479355222931,0
130475,2012-10-15,0.28305368525699853,1
130476,2012-10-15,0.5888003025529961,0
130477,2012-10-15,0.26216778583125455,0
130478,2012-10-15,0.6578415103002606,1
130479,2012-10-15,0.5300470158570142,1
130480,2012-10-15,0.20028028217259686,0
130481,2012-10-15,0.3383536250637604,0
130482,2012-10-15,0.23642047517608783,0
130483,2012-10-15,0.28608298523775183,0
130484,2012-10-15,0.4436469623222053,0
130485,2012-10-15,0.49722747638585607,0
130486,2012-10-15,0.5612343268053932,1
130487,2012-10-15,0.5037899235021615,0
130488,2012-10-15,0.28383441261041803,0
130489,2012-10-15,0.3076078721950272,0
130490,2012-10-15,0.31504634480472693,0
130491,2012-10-15,0.38036660556397184,0
130492,2012-10-15,0.5727498128160194,0
130493,2012-10-15,0.5118972534641099,1
130494,2012-10-15,0.45088053233025077,0
130495,2012-10-15,0.29931117496965054,0
130496,2012-10-15,0.26468296318887924,0
130497,2012-10-15,0.22315217636825727,0
130498,2012-10-15,0.5623674543397821,0
130499,2012-10-15,0.5569969614713356,0
130500,2012-10-15,0.15606010611057364,0
130501,2012-10-15,0.2760284274248693,0
130502,2012-10-15,0.480520742221287,0
130503,2012-10-15,0.3592859940387856,0
130504,2012-10-15,0.4494763211164705,1
130505,2012-10-15,0.25261695854557503,0
130506,2012-10-15,0.5043864132667999,1
130507,2012-10-15,0.5675230834010886,0
130508,2012-10-15,0.34426400873635266,1
130509,2012-10-15,0.3942497326012834,0
130510,2012-10-15,0.18353318819712774,0
130511,2012-10-15,0.2970237280351785,0
130512,2012-10-15,0.2974808102419197,0
130513,2012-10-15,0.3944188922096579,0
130514,2012-10-15,0.32914716406252964,0
130515,2012-10-15,0.3147985682788688,0
130516,2012-10-15,0.241255899610672,0
130517,2012-10-15,0.48501246902338274,1
130518,2012-10-15,0.3479534569946663,1
130519,2012-10-15,0.4786048481546693,0
130520,2012-10-15,0.38968247120961264,1
130521,2012-10-15,0.31401001848214344,0
130522,2012-10-15,0.3065427602626227,0
130523,2012-10-15,0.22818953547608806,0
130524,2012-10-15,0.4598943211839046,1
130525,2012-10-15,0.30617186158575604,1
130526,2012-10-15,0.12845446219365544,0
130527,2012-10-15,0.42058102884942805,0
130528,2012-10-15,0.4550348334508409,1
130529,2012-10-15,0.342125074786635,1
130530,2012-10-15,0.25007314132019015,0
130531,2012-10-15,0.5738835635336508,1
130532,2012-10-15,0.3507775527744364,1
130533,2012-10-15,0.24235759691422878,0
130534,2012-10-15,0.5702119925263232,0
130535,2012-10-15,0.35757836335589344,1
130536,2012-10-15,0.3098867749253211,0
130537,2012-10-15,0.40807143516891176,1
130538,2012-10-15,0.4653460165435539,0
130539,2012-10-15,0.46956533296546393,1
130540,2012-10-15,0.44725879160892584,1
130541,2012-10-15,0.3301500121214023,1
130542,2012-10-15,0.2679983393374666,0
130543,2012-10-15,0.2743870712346198,1
130544,2012-10-15,0.4274157770710407,0
130545,2012-10-15,0.33479076180365075,0
130546,2012-10-15,0.5503184505259331,1
130547,2012-10-15,0.33965722320401304,0
130548,2012-10-15,0.41856668237583833,0
130549,2012-10-15,0.3732035312221071,0
130550,2012-10-15,0.3988301753685489,1
130551,2012-10-15,0.18441067299560093,0
130552,2012-10-15,0.44786011326918224,1
130553,2012-10-15,0.34033975904984604,0
130554,2012-10-15,0.4633122026319366,1
130555,2012-10-15,0.3111180542107937,1
130556,2012-10-15,0.1841096967128681,1
130557,2012-10-15,0.372938573712534,0
130558,2012-10-15,0.4391176563361549,0
130559,2012-10-15,0.27221186461153324,0
130560,2012-10-15,0.5355930770337803,1
130561,2012-10-15,0.48106537301745567,1
130562,2012-10-15,0.22903696879185664,0
130563,2012-10-15,0.2837861370682763,0
130564,2012-10-15,0.43472821654685967,0
130565,2012-10-15,0.5285586345369553,0
130566,2012-10-15,0.4077835643213693,1
130567,2012-10-15,0.3020960997721168,0
130568,2012-10-15,0.37780494326213143,0
130569,2012-10-15,0.30708572468466183,0
130570,2012-10-15,0.3557588771899655,1
130571,2012-10-15,0.17837106335738465,0
130572,2012-10-15,0.5291024962526287,1
130573,2012-10-15,0.3066242470758979,1
130574,2012-10-15,0.47862270853573713,1
130575,2012-10-15,0.389076236864678,1
130576,2012-10-15,0.29497853903790483,0
130577,2012-10-15,0.3852346207153531,0
130578,2012-10-15,0.35230506918934407,1
130579,2012-10-15,0.36875629497827156,1
130580,2012-10-15,0.29822074151863487,0
130581,2012-10-15,0.34505952711444454,0
130582,2012-10-15,0.5218689808362991,0
130583,2012-10-15,0.4059384872012436,0
130584,2012-10-15,0.23156018177638266,0
130585,2012-10-15,0.3059223924824764,0
130586,2012-10-15,0.23646958949059338,1
130587,2012-10-15,0.31068468407610733,1
130588,2012-10-15,0.24132738466360115,0
130589,2012-10-15,0.5265713544422951,0
130590,2012-10-15,0.49421732559398523,1
130591,2012-10-15,0.3192653649145668,0
130592,2012-10-15,0.3922556161991986,0
130593,2012-10-15,0.31569963341190926,1
130594,2012-10-15,0.3226990879974308,0
130595,2012-10-15,0.38428062784385214,0
130596,2012-10-15,0.4912152334629232,0
130597,2012-10-15,0.4130841703889519,1
130598,2012-10-15,0.5803628076913011,0
130599,2012-10-15,0.4469730671170596,0
130600,2012-10-15,0.30274318947641793,0
130601,2012-10-15,0.3686184458068697,1
130602,2012-10-15,0.12671531111388054,0
130603,2012-10-15,0.28807667368843143,1
130604,2012-10-15,0.6308462865046949,0
130605,2012-10-15,0.5062173507127348,0
130606,2012-10-15,0.40993627886423395,0
130607,2012-10-15,0.4281224945442502,1
130608,2012-10-15,0.4762162956115781,0
130609,2012-10-15,0.2801941020150487,0
130610,2012-10-15,0.14730031628127638,0
130611,2012-10-15,0.3356124461380412,1
130612,2012-10-15,0.3612743344716189,0
130613,2012-10-15,0.573436423144676,1
130614,2012-10-15,0.28409284931132717,1
130615,2012-10-15,0.37081741896652953,0
130616,2012-10-15,0.3199629990244644,0
130617,2012-10-15,0.26122753693905704,0
130618,2012-10-15,0.11100656384945998,0
130619,2012-10-15,0.41617427176188365,0
130620,2012-10-15,0.44122968327641116,0
130621,2012-10-15,0.3692113517715842,0
130622,2012-10-15,0.4225708515249581,1
130623,2012-10-15,0.5079035848728389,0
130624,2012-10-15,0.4251734813203276,1
130625,2012-10-15,0.46604322279244387,0
130626,2012-10-15,0.4177781420639853,1
130627,2012-10-15,0.3203252516000388,0
130628,2012-10-15,0.13221259274391242,0
130629,2012-10-15,0.2515861959998879,0
130630,2012-10-15,0.3576064708630309,1
130631,2012-10-15,0.37485808314232466,0
130632,2012-10-15,0.3179441200660434,0
130633,2012-10-15,0.13606675192122855,0
130634,2012-10-15,0.357502724367268,0
130635,2012-10-15,0.20245741808379417,0
130636,2012-10-15,0.4403465218247775,0
130637,2012-10-15,0.47291768782730237,0
130638,2012-10-15,0.5779030226176344,1
130639,2012-10-15,0.26281531039362327,0
130640,2012-10-15,0.2946762553733177,0
130641,2012-10-15,0.4123303063383322,1
130642,2012-10-15,0.32322485996190703,0
130643,2012-10-15,0.3275211404975651,0
130644,2012-10-15,0.4137437544959855,1
130645,2012-10-15,0.34207919878045073,0
130646,2012-10-15,0.3396596053547594,0
130647,2012-10-15,0.5176279947700565,0
130648,2012-10-15,0.3139900280154748,0
130649,2012-10-15,0.21694363729881228,0
130650,2012-10-15,0.13142981059969172,0
130651,2012-10-15,0.24814316643684856,1
130652,2012-10-15,0.49445145587689565,1
130653,2012-10-15,0.4806446192796955,1
130654,2012-10-15,0.5387411659396304,1
130655,2012-10-15,0.4362196052402881,1
130656,2012-10-15,0.3605047581010736,0
130657,2012-10-15,0.48967497457196146,1
130658,2012-10-15,0.2890685190375588,1
130659,2012-10-15,0.40409647101568225,0
130660,2012-10-15,0.27997722628792315,0
130661,2012-10-15,0.31071624094782424,0
130662,2012-10-15,0.34178342792050176,1
130663,2012-10-15,0.4661764622032867,0
130664,2012-10-15,0.1885697928382152,0
130665,2012-10-15,0.3029438610153375,0
130666,2012-10-15,0.5103048916366528,0
130667,2012-10-15,0.24840430147107836,0
130668,2012-10-15,0.3761057283956277,0
130669,2012-10-15,0.22921113998533232,0
130670,2012-10-15,0.4928130979413897,1
130671,2012-10-15,0.40999827474596584,0
130672,2012-10-15,0.3951176809976836,0
130673,2012-10-15,0.432647185045557,0
130674,2012-10-15,0.41006458071352,0
130675,2012-10-15,0.21446549802535714,0
130676,2012-10-15,0.1715534080558196,0
130677,2012-10-15,0.4762462034477893,0
130678,2012-10-15,0.37356486075541756,0
130679,2012-10-15,0.42070447286696916,1
130680,2012-10-15,0.33291704823636153,0
130681,2012-10-15,0.5509790675412958,1
130682,2012-10-15,0.5125070712258705,1
130683,2012-10-15,0.26012556023401723,0
130684,2012-10-15,0.1357530819260735,1
130685,2012-10-15,0.2609193001620737,0
130686,2012-10-15,0.22691635478798428,0
130687,2012-10-15,0.29201113746415,0
130688,2012-10-15,0.1763524540897536,0
130689,2012-10-15,0.4190507073531026,0
130690,2012-10-15,0.5278829123065212,1
130691,2012-10-15,0.26635692404206696,0
130692,2012-10-15,0.36768691999396197,0
130693,2012-10-15,0.5223591604262445,1
130694,2012-10-15,0.15246989945303266,0
130695,2012-10-15,0.5906054966007477,0
130696,2012-10-15,0.38570943810740954,1
130697,2012-10-15,0.6012383399039497,1
130698,2012-10-15,0.13330610595738765,0
130699,2012-10-15,0.2860673964108779,0
130700,2012-10-15,0.11325018643417469,1
130701,2012-10-15,0.2881814828856304,0
130702,2012-10-15,0.1705039790371094,0
130703,2012-10-15,0.4360238874528406,1
130704,2012-10-15,0.3403785180061961,1
130705,2012-10-15,0.3323322864418518,0
130706,2012-10-15,0.5007219553268618,0
130707,2012-10-15,0.3395853674442521,0
130708,2012-10-15,0.26385404806897456,0
130709,2012-10-15,0.1365765880108751,0
130710,2012-10-15,0.33637639653509316,0
130711,2012-10-15,0.35198958945428505,0
130712,2012-10-15,0.31367500205056864,0
130713,2012-10-15,0.4449823727398178,0
130714,2012-10-15,0.36986707603601,0
130715,2012-10-15,0.30963635879388807,1
130716,2012-10-15,0.1780502674471183,1
130717,2012-10-15,0.5295752001535579,0
130718,2012-10-15,0.24095587005806898,0
130719,2012-10-15,0.3588116510905498,0
130720,2012-10-15,0.3132377094760397,1
130721,2012-10-15,0.27752304973458364,0
130722,2012-10-15,0.4059384872012436,0
130723,2012-10-15,0.40749634575157,0
130724,2012-10-15,0.5153159950441024,0
130725,2012-10-15,0.32760537644768994,0
130726,2012-10-15,0.38697856719600554,0
130727,2012-10-15,0.2611256926788207,0
130728,2012-10-15,0.5024084550952254,1
130729,2012-10-15,0.22604779339251507,0
130730,2012-10-15,0.40780817814790005,1
130731,2012-10-15,0.2785218794435184,0
130732,2012-10-15,0.3560745644837527,0
130733,2012-10-15,0.4748618008670943,1
130734,2012-10-15,0.154307437331291,0
130735,2012-10-15,0.3393476651719502,0
130736,2012-10-15,0.4584375905370003,0
130737,2012-10-15,0.49252805378030684,0
130738,2012-10-15,0.3503304277149904,0
130739,2012-10-15,0.29649283563363216,0
130740,2012-10-15,0.4915828313228509,0
130741,2012-10-15,0.36413867237646413,0
130742,2012-10-15,0.3766041476132708,0
130743,2012-10-15,0.2557156793149417,1
130744,2012-10-15,0.3702695419912687,0
130745,2012-10-15,0.5307460556222057,0
130746,2012-10-15,0.4699212796314611,1
130747,2012-10-15,0.384540019227169,0
130748,2012-10-15,0.23000796352314076,0
130749,2012-10-15,0.45991341011269743,1
130750,2012-10-15,0.3933130195118525,1
130751,2012-10-15,0.702538703747644,0
130752,2012-10-15,0.14081973841054501,0
130753,2012-10-15,0.282189452093413,0
130754,2012-10-15,0.21265072221035689,0
130755,2012-10-15,0.48564571406734747,1
130756,2012-10-15,0.25342932641159266,0
130757,2012-10-15,0.5057237144913448,1
130758,2012-10-15,0.43975705083656025,1
130759,2012-10-15,0.1560663215075803,0
130760,2012-10-15,0.2193592380370139,0
130761,2012-10-15,0.3553748124380729,0
130762,2012-10-15,0.6478265431682001,0
130763,2012-10-15,0.27884118240942607,0
130764,2012-10-15,0.14278415352833848,0
130765,2012-10-15,0.3156025816700387,0
130766,2012-10-15,0.3483345398917459,0
130767,2012-10-15,0.44263802162451543,1
130768,2012-10-15,0.4354329610835314,0
130769,2012-10-15,0.22012994006486808,0
130770,2012-10-15,0.6201657058609441,1
130771,2012-10-15,0.5124172618312639,1
130772,2012-10-15,0.12390049273370551,0
130773,2012-10-15,0.2224184304625731,0
130774,2012-10-15,0.38839824406400636,1
130775,2012-10-15,0.392808552811626,0
130776,2012-10-15,0.34083290192110927,0
130777,2012-10-15,0.28183616926634625,0
130778,2012-10-15,0.32582029034937204,1
130779,2012-10-15,0.374452239350007,0
130780,2012-10-15,0.18588901453520346,0
130781,2012-10-15,0.6080140752513749,1
130782,2012-10-15,0.4018792020670886,0
130783,2012-10-15,0.47069950568605856,1
130784,2012-10-15,0.31037538524932723,0
130785,2012-10-15,0.22140510190752985,0
130786,2012-10-15,0.34362351060451674,0
130787,2012-10-15,0.24455368991109966,0
130788,2012-10-15,0.3930970190688494,1
130789,2012-10-15,0.17431004608814826,0
130790,2012-10-15,0.4183315809249241,0
130791,2012-10-15,0.28169252744583156,1
130792,2012-10-15,0.5929768386046453,1
130793,2012-10-15,0.5842288949979767,1
130794,2012-10-15,0.5982199918809111,0
130795,2012-10-15,0.3226102863326444,0
130796,2012-10-15,0.2643545829265316,0
130797,2012-10-15,0.5330283433257408,1
130798,2012-10-15,0.48423170781025254,1
130799,2012-10-15,0.2550692472091101,0
130800,2012-10-15,0.07751487224651693,0
130801,2012-10-15,0.45514655893733347,1
130802,2012-10-15,0.30628267538945303,0
130803,2012-10-15,0.23064902277903626,0
130804,2012-10-15,0.515947204062343,0
130805,2012-10-15,0.5679039025885708,1
130806,2012-10-15,0.33790330145539066,0
130807,2012-10-15,0.4570942985698433,1
130808,2012-10-15,0.3423076321101977,1
130809,2012-10-15,0.27180691596696466,0
130810,2012-10-15,0.5986117281896208,1
130811,2012-10-15,0.3172931568913632,0
130812,2012-10-15,0.19430095407092515,0
130813,2012-10-15,0.6120204600375581,1
130814,2012-10-15,0.20462976699641006,0
130815,2012-10-15,0.480231627926314,1
130816,2012-10-15,0.38047415258025913,0
130817,2012-10-15,0.3568193958432164,1
130818,2012-10-15,0.32864095688423867,0
130819,2012-10-15,0.31467661008937936,0
130820,2012-10-15,0.26718888268110985,0
130821,2012-10-15,0.317012221597227,0
130822,2012-10-15,0.5382139061354677,0
130823,2012-10-15,0.48333957543349676,0
130824,2012-10-15,0.40888950455486067,0
130825,2012-10-15,0.5720349909517035,1
130826,2012-10-15,0.5646740996283366,1
130827,2012-10-15,0.2795096960503468,1
130828,2012-10-15,0.5995672432444841,0
130829,2012-10-15,0.21016490098582644,0
130830,2012-10-15,0.4155530153687002,0
130831,2012-10-15,0.17780486132164092,1
130832,2012-10-15,0.4588178568221637,0
130833,2012-10-15,0.2799055931831758,0
130834,2012-10-15,0.4225964489789745,1
130835,2012-10-15,0.15294734979399247,0
130836,2012-10-15,0.39202539449259766,0
130837,2012-10-15,0.33586151826820165,0
130838,2012-10-15,0.10464790721948154,0
130839,2012-10-15,0.3659817635615884,0
130840,2012-10-15,0.42335373738446547,0
130841,2012-10-15,0.522431052895228,1
130842,2012-10-15,0.3380758934365795,0
130843,2012-10-15,0.2942601786366815,1
130844,2012-10-15,0.21612245980758918,0
130845,2012-10-15,0.3367103155857933,0
130846,2012-10-15,0.3106019785122604,0
130847,2012-10-15,0.49091084625842607,1
130848,2012-10-15,0.32620010231626023,0
130849,2012-10-15,0.5058946684271581,1
130850,2012-10-15,0.23776628600228397,0
130851,2012-10-15,0.4797372957284284,1
130852,2012-10-15,0.285381726873597,1
130853,2012-10-15,0.27216323055758057,0
130854,2012-10-15,0.27112194615104324,0
130855,2012-10-15,0.4130167134690821,1
130856,2012-10-15,0.35413742185833413,0
130857,2012-10-15,0.4901959601693205,1
130858,2012-10-15,0.38609063154096734,0
130859,2012-10-15,0.36186673543804965,0
130860,2012-10-15,0.29761995823296883,1
130861,2012-10-15,0.3024378752442455,0
130862,2012-10-15,0.5346528944740159,1
130863,2012-10-15,0.28470321683249256,0
130864,2012-10-15,0.17742833045536502,0
130865,2012-10-15,0.3906716230173901,0
130866,2012-10-15,0.32216162083162003,0
130867,2012-10-15,0.2768951527971688,0
130868,2012-10-15,0.34023754477587603,0
130869,2012-10-15,0.49851022389782557,0
130870,2012-10-15,0.3329047223627086,0
130871,2012-10-15,0.47388922059096644,1
130872,2012-10-15,0.5824457934137965,0
130873,2012-10-15,0.3475202352729878,1
130874,2012-10-15,0.43894936645266974,1
130875,2012-10-15,0.16546397728984694,0
130876,2012-10-15,0.36441176968581884,0
130877,2012-10-15,0.5451618810227685,1
130878,2012-10-15,0.21523279676821183,0
130879,2012-10-15,0.2087801288236292,0
130880,2012-10-15,0.4523737774480927,0
130881,2012-10-15,0.2202433822268973,0
130882,2012-10-15,0.4280183863109233,0
130883,2012-10-15,0.3410592692510426,0
130884,2012-10-15,0.305133370483464,1
130885,2012-10-15,0.48715262717271784,0
130886,2012-10-15,0.38419079605117834,1
130887,2012-10-15,0.4607576823684785,1
130888,2012-10-15,0.39200501700335966,1
130889,2012-10-15,0.3616728881619352,0
130890,2012-10-15,0.3934865236358311,1
130891,2012-10-15,0.3060659735930783,1
130892,2012-10-15,0.3515106634583795,0
130893,2012-10-15,0.29281240889083404,1
130894,2012-10-15,0.3581058276409977,0
130895,2012-10-15,0.31098204585215056,0
130896,2012-10-15,0.4188887936942914,0
130897,2012-10-15,0.2191868984226922,0
130898,2012-10-15,0.35857728572714703,0
130899,2012-10-15,0.5996046093940776,0
130900,2012-10-15,0.2442717733413927,0
130901,2012-10-15,0.34149054261012274,0
130902,2012-10-15,0.33906427801524713,0
130903,2012-10-15,0.2388863639969799,0
130904,2012-10-15,0.4958839366015728,0
130905,2012-10-15,0.42160181476565767,1
130906,2012-10-15,0.5657771333487787,0
130907,2012-10-15,0.31598100595357625,1
130908,2012-10-15,0.44523987407926846,1
130909,2012-10-15,0.4828599398017645,1
130910,2012-10-15,0.23853946613458438,0
130911,2012-10-15,0.22881086900002526,0
130912,2012-10-15,0.23313660773374995,0
130913,2012-10-15,0.2804670165203824,0
130914,2012-10-15,0.4911068503598933,1
130915,2012-10-15,0.3986805295905099,1
130916,2012-10-15,0.2580516508892445,1
130917,2012-10-15,0.6081481858824223,1
130918,2012-10-15,0.2520442431866462,0
130919,2012-10-15,0.29832405539755374,1
130920,2012-10-15,0.12336873474086608,0
130921,2012-10-15,0.3997572591620452,1
130922,2012-10-15,0.3613690360959527,1
130923,2012-10-15,0.3918812174991259,0
130924,2012-10-15,0.4414910195980769,1
130925,2012-10-15,0.3097410489459504,0
130926,2012-10-15,0.2613376855034608,0
130927,2012-10-15,0.3518305747917989,0
130928,2012-10-15,0.24177356815161263,0
130929,2012-10-15,0.33691120505495536,0
130930,2012-10-15,0.32100381452812216,0
130931,2012-10-15,0.31660022468347127,1
130932,2012-10-15,0.2386987416827465,0
130933,2012-10-15,0.16845422683966574,0
130934,2012-10-15,0.3786802521511022,0
130935,2012-10-15,0.33742308170387086,0
130936,2012-10-15,0.5243670125978357,1
130937,2012-10-15,0.4924654563595642,1
130938,2012-10-15,0.6512867660794995,1
130939,2012-10-15,0.4625367027104655,1
130940,2012-10-15,0.33965722320401304,0
130941,2012-10-15,0.24898756495481245,0
130942,2012-10-15,0.4015125062347807,0
130943,2012-10-15,0.21139529635526075,0
130944,2012-10-15,0.2596400153378535,0
130945,2012-10-15,0.5246876443771412,1
130946,2012-10-15,0.26406588098513833,0
130947,2012-10-15,0.26260552039976864,0
130948,2012-10-15,0.4486618246298709,1
130949,2012-10-15,0.21819924261337365,0
130950,2012-10-15,0.4048092462133153,0
130951,2012-10-15,0.39924635540180536,0
130952,2012-10-15,0.5186058963027769,1
130953,2012-10-15,0.2889079136190008,1
130954,2012-10-15,0.14511399074346068,0
130955,2012-10-15,0.16141961066074034,0
130956,2012-10-15,0.41572765749581564,1
130957,2012-10-15,0.4725054061488113,1
130958,2012-10-15,0.5676577106987813,1
130959,2012-10-15,0.25082396639608395,0
130960,2012-10-15,0.28496940362352685,0
130961,2012-10-15,0.29771996919519067,1
130962,2012-10-15,0.182606201983984,0
130963,2012-10-15,0.4128654459503117,1
130964,2012-10-15,0.2805489712150335,0
130965,2012-10-15,0.43095776349802567,0
130966,2012-10-15,0.2708870589703633,0
130967,2012-10-15,0.3165291506526571,1
130968,2012-10-15,0.07667271489472907,0
130969,2012-10-15,0.232268728291593,0
130970,2012-10-15,0.45485533456136396,1
130971,2012-10-15,0.3360129604973448,0
130972,2012-10-15,0.5052549753794638,1
130973,2012-10-15,0.2358667866200802,0
130974,2012-10-15,0.37128937737066536,0
130975,2012-10-15,0.3734264324857403,0
130976,2012-10-15,0.36947610922271973,1
130977,2012-10-15,0.37815932227094884,0
130978,2012-10-15,0.3074596517031066,0
130979,2012-10-15,0.39486430005348744,0
130980,2012-10-15,0.6464106580594826,1
130981,2012-10-15,0.20197649268032336,0
130982,2012-10-15,0.39458405099962246,1
130983,2012-10-15,0.37567889133531535,1
130984,2012-10-15,0.24203003755405128,0
130985,2012-10-15,0.22160300178332545,0
130986,2012-10-15,0.4329157544617254,0
130987,2012-10-15,0.363282815586091,1
130988,2012-10-15,0.17922478486789073,0
130989,2012-10-15,0.22923202275397492,0
130990,2012-10-15,0.26694136923844525,1
130991,2012-10-15,0.24048825887688396,1
130992,2012-10-15,0.3500005567998363,0
130993,2012-10-15,0.2431316001702223,0
130994,2012-10-15,0.4423378665615397,1
130995,2012-10-15,0.22034097677076767,0
130996,2012-10-15,0.20446690658335245,1
130997,2012-10-15,0.16168035770114136,0
130998,2012-10-15,0.22710725907823284,0
130999,2012-10-15,0.2655055522345538,0
131000,2012-10-15,0.3887095123410671,0
131001,2012-10-15,0.35275551713679476,0
131002,2012-10-15,0.4363068428778946,0
131003,2012-10-15,0.6085170898891626,1
131004,2012-10-15,0.2491252559596182,0
131005,2012-10-15,0.3286023677582129,0
131006,2012-10-15,0.18628819568609042,0
131007,2012-10-15,0.2520902100548342,0
131008,2012-10-15,0.29312474192171356,0
131009,2012-10-15,0.16384524590568283,0
131010,2012-10-15,0.477746199938456,1
131011,2012-10-15,0.4811897745932905,1
131012,2012-10-15,0.20732241841103785,0
131013,2012-10-15,0.3175746470990304,1
131014,2012-10-15,0.2446532066511081,0
131015,2012-10-15,0.3145050915814169,0
131016,2012-10-15,0.41917325142884115,1
131017,2012-10-15,0.3968860774374018,1
131018,2012-10-15,0.6491664624690356,1
131019,2012-10-15,0.4478298698260549,0
131020,2012-10-15,0.5319933272990672,0
131021,2012-10-15,0.5148235073070839,1
131022,2012-10-15,0.4744207380293093,1
131023,2012-10-15,0.23743009898371073,0
131024,2012-10-15,0.4736740625494317,0
131025,2012-10-15,0.40174454101506013,1
131026,2012-10-15,0.4665370763362086,1
131027,2012-10-15,0.34263297741120946,0
131028,2012-10-15,0.6665500293658704,0
131029,2012-10-15,0.5538868072462064,1
131030,2012-10-15,0.21269594545801154,1
131031,2012-10-15,0.24490473758068568,0
131032,2012-10-15,0.3516925023158589,0
131033,2012-10-15,0.29728114887949986,0
131034,2012-10-15,0.24303312977436528,0
131035,2012-10-15,0.34898660619963306,0
131036,2012-10-15,0.2037926434871663,0
131037,2012-10-15,0.3795374834384285,0
131038,2012-10-15,0.4625312655142543,1
131039,2012-10-15,0.2778997249368737,1
131040,2012-10-15,0.38206794710064174,0
131041,2012-10-15,0.2364630912365852,0
131042,2012-10-15,0.3628632829612908,1
131043,2012-10-15,0.1160260268457289,0
131044,2012-10-15,0.27650147975067874,0
131045,2012-10-15,0.31031750776262784,1
131046,2012-10-15,0.4713084099498114,1
131047,2012-10-15,0.31231637970006404,0
131048,2012-10-15,0.2643398367757457,0
131049,2012-10-15,0.5953906781464386,0
131050,2012-10-15,0.4916552625961218,0
131051,2012-10-15,0.36970759949059867,1
131052,2012-10-15,0.49695562995063025,0
131053,2012-10-15,0.3765263637938374,0
131054,2012-10-15,0.32172947108972577,0
131055,2012-10-15,0.38946676424895416,0
131056,2012-10-15,0.23403363295266377,0
131057,2012-10-15,0.4453707607018115,1
131058,2012-10-15,0.30510087772828437,0
131059,2012-10-15,0.416593437482554,0
131060,2012-10-15,0.574405126731963,0
131061,2012-10-15,0.28067281790631066,0
131062,2012-10-15,0.18025930003836102,0
131063,2012-10-15,0.18588841789947125,0
131064,2012-10-15,0.4131673295945598,0
131065,2012-10-15,0.40514002638092333,1
131066,2012-10-15,0.2743986524545336,0
131067,2012-10-15,0.28194147153387744,1
131068,2012-10-15,0.3667232824349464,1
131069,2012-10-15,0.6448938186317896,0
131070,2012-10-15,0.3281839732863822,0
131071,2012-10-15,0.41828423796452985,0
131072,2012-10-15,0.4008649058118727,0
131073,2012-10-15,0.35019044141098554,1
131074,2012-10-15,0.40507554736117884,0
131075,2012-10-15,0.36617812961082313,1
131076,2012-10-15,0.3604621671393459,0
131077,2012-10-15,0.3034905137729138,0
131078,2012-10-15,0.18103553751413295,0
131079,2012-10-15,0.19926521482760495,0
131080,2012-10-15,0.4376947088734847,1
131081,2012-10-15,0.2858795787980772,0
131082,2012-10-15,0.20718248394401217,0
131083,2012-10-15,0.3008645050526087,0
131084,2012-10-15,0.30995328406851147,0
131085,2012-10-15,0.5620652386317859,1
131086,2012-10-15,0.33227102368756034,0
131087,2012-10-15,0.30626624132056945,1
131088,2012-10-15,0.5467063158969052,1
131089,2012-10-15,0.33143552816021243,1
131090,2012-10-15,0.45876078353427885,0
131091,2012-10-15,0.45071458413934484,1
131092,2012-10-15,0.33881844083974905,1
131093,2012-10-15,0.3311498014639478,0
131094,2012-10-15,0.5714300416739068,1
131095,2012-10-15,0.2716472874280313,1
131096,2012-10-15,0.3258674182878966,0
131097,2012-10-15,0.3559833555882615,1
131098,2012-10-15,0.4156508697062485,0
131099,2012-10-15,0.2908776452732013,0
131100,2012-10-15,0.5345911920366684,1
131101,2012-10-15,0.23848973435685988,0
131102,2012-10-15,0.3407530355284338,0
131103,2012-10-15,0.6160068106414908,1
131104,2012-10-15,0.4770063025876788,0
131105,2012-10-15,0.6455896099076537,0
131106,2012-10-15,0.37228779898707687,0
131107,2012-10-15,0.45409104948527895,0
131108,2012-10-15,0.5396407041304264,0
131109,2012-10-15,0.30303277253055344,0
131110,2012-10-15,0.34036868703877043,0
131111,2012-10-15,0.14801482454104367,0
131112,2012-10-15,0.41666103678861616,1
131113,2012-10-15,0.17172583658308688,0
131114,2012-10-15,0.42534926322783384,1
131115,2012-10-15,0.2896289372131393,0
131116,2012-10-15,0.3235643252779358,0
131117,2012-10-15,0.31535295540459707,1
131118,2012-10-15,0.3531971917850178,0
131119,2012-10-15,0.3290478318245293,1
131120,2012-10-15,0.29342086527967604,0
131121,2012-10-15,0.24682560010857588,0
131122,2012-10-15,0.3693150037534631,1
131123,2012-10-15,0.3376486722215512,1
131124,2012-10-15,0.27859147003673773,0
131125,2012-10-15,0.3932837771294529,0
131126,2012-10-15,0.7294636616716834,1
131127,2012-10-15,0.4020464054912594,0
131128,2012-10-15,0.5759891197186281,1
131129,2012-10-15,0.34407669009138114,0
131130,2012-10-15,0.14805342862024085,0
131131,2012-10-15,0.3296568683619428,0
131132,2012-10-15,0.4167393413514924,1
131133,2012-10-15,0.3050315880743171,0
131134,2012-10-15,0.2288595842651247,0
131135,2012-10-15,0.39065036638428674,0
131136,2012-10-15,0.3316140865028814,0
131137,2012-10-15,0.3553380787348151,0
131138,2012-10-15,0.1866812279549781,0
131139,2012-10-15,0.3258458699520864,1
131140,2012-10-15,0.18804485694813913,0
131141,2012-10-15,0.32016633590917587,0
131142,2012-10-15,0.45248931616308097,1
131143,2012-10-15,0.5758956124646197,1
131144,2012-10-15,0.1946803266415177,1
131145,2012-10-15,0.18439110622951327,0
131146,2012-10-15,0.4642332676259415,1
131147,2012-10-15,0.41701115223082663,0
131148,2012-10-15,0.18728443948232934,0
131149,2012-10-15,0.4061035090843526,0
131150,2012-10-15,0.23793962176189817,0
131151,2012-10-15,0.4382602222332577,0
131152,2012-10-15,0.634929704484379,0
131153,2012-10-15,0.5015687869485852,1
131154,2012-10-15,0.6975908907747869,0
131155,2012-10-15,0.2041594014606845,0
131156,2012-10-15,0.3265603999501072,0
131157,2012-10-15,0.478087071075425,0
131158,2012-10-15,0.27287783681509664,0
131159,2012-10-15,0.22903157281256736,0
131160,2012-10-15,0.4545426450498874,1
131161,2012-10-15,0.5380451287375217,1
131162,2012-10-15,0.500984737390337,0
131163,2012-10-15,0.2867626128192075,0
131164,2012-10-15,0.1687020911191028,0
131165,2012-10-15,0.36246689345853006,0
131166,2012-10-15,0.41634089088660303,0
131167,2012-10-15,0.2919642199973616,0
131168,2012-10-15,0.3466061309148985,1
131169,2012-10-15,0.39882368921413863,1
131170,2012-10-15,0.2521251828973405,0
131171,2012-10-15,0.41591632886468294,0
131172,2012-10-15,0.14013137904738693,0
131173,2012-10-15,0.15722955407748915,0
131174,2012-10-15,0.4850881007457844,0
131175,2012-10-15,0.40705159462058393,1
131176,2012-10-15,0.26487754683930687,0
131177,2012-10-15,0.3071897582920772,0
131178,2012-10-15,0.4370256783029671,1
131179,2012-10-15,0.16930721405876933,0
131180,2012-10-15,0.2900197816086688,1
131181,2012-10-15,0.5031879007003153,0
131182,2012-10-15,0.5056419215459654,0
131183,2012-10-15,0.5882585609533073,1
131184,2012-10-15,0.21771119906034705,0
131185,2012-10-15,0.36393750432409305,0
131186,2012-10-15,0.17355369817187202,0
131187,2012-10-15,0.22069388790374683,0
131188,2012-10-15,0.37481275811732023,1
131189,2012-10-15,0.22068354227456197,0
131190,2012-10-15,0.4650501446925135,0
131191,2012-10-15,0.3030360298381503,0
131192,2012-10-15,0.32104633771917523,1
131193,2012-10-15,0.388087440839932,0
131194,2012-10-15,0.2414588523774323,0
131195,2012-10-15,0.5677934190909805,1
131196,2012-10-15,0.3495915213541584,1
131197,2012-10-15,0.5570589592513682,1
131198,2012-10-15,0.23115703489591163,0
131199,2012-10-15,0.30118663263086237,0
131200,2012-10-15,0.5093006999255616,1
131201,2012-10-15,0.6547797507895653,1
131202,2012-10-15,0.3464096042420733,0
131203,2012-10-15,0.23803140548483484,0
131204,2012-10-15,0.5957769593691981,0
131205,2012-10-15,0.3986878585556316,1
131206,2012-10-15,0.2209887460152319,0
131207,2012-10-15,0.30313600153030146,1
131208,2012-10-15,0.5611097089250194,0
131209,2012-10-15,0.2763098681548647,1
131210,2012-10-16,0.551228154283061,1
131211,2012-10-16,0.2986263522762953,0
131212,2012-10-16,0.5079437272491225,1
131213,2012-10-16,0.2829342911559095,0
131214,2012-10-16,0.4014231918650829,0
131215,2012-10-16,0.34175779512445215,0
131216,2012-10-16,0.2897152233107141,1
131217,2012-10-16,0.6491919176884363,0
131218,2012-10-16,0.1933672414478593,0
131219,2012-10-16,0.40031259512641454,0
131220,2012-10-16,0.38710072427968084,1
131221,2012-10-16,0.35888535045541115,1
131222,2012-10-16,0.37098664463162667,0
131223,2012-10-16,0.5250607936973344,1
131224,2012-10-16,0.27872821333159,0
131225,2012-10-16,0.6155496004439495,1
131226,2012-10-16,0.17948099956376118,0
131227,2012-10-16,0.48477072493946893,0
131228,2012-10-16,0.3927882490460348,0
131229,2012-10-16,0.2248726032861283,0
131230,2012-10-16,0.2933960503536159,0
131231,2012-10-16,0.4627859184296619,1
131232,2012-10-16,0.4553778162750931,1
131233,2012-10-16,0.5390408096080159,0
131234,2012-10-16,0.2401623984445233,0
131235,2012-10-16,0.39525334121813926,1
131236,2012-10-16,0.38125186666857214,0
131237,2012-10-16,0.21156261491800157,0
131238,2012-10-16,0.6336709101536127,1
131239,2012-10-16,0.40523276954408105,1
131240,2012-10-16,0.7018563852696816,0
131241,2012-10-16,0.38831814315155166,1
131242,2012-10-16,0.36987383458744183,0
131243,2012-10-16,0.22229149807650847,0
131244,2012-10-16,0.44501311484788786,1
131245,2012-10-16,0.5211608692084161,1
131246,2012-10-16,0.38997381957621685,0
131247,2012-10-16,0.48771848758527325,1
131248,2012-10-16,0.37407336993514384,0
131249,2012-10-16,0.5430406547084268,0
131250,2012-10-16,0.2959477489182264,0
131251,2012-10-16,0.45081461836624637,0
131252,2012-10-16,0.29801554458295243,1
131253,2012-10-16,0.6562455843749413,0
131254,2012-10-16,0.6700171149478757,1
131255,2012-10-16,0.4148335099443387,1
131256,2012-10-16,0.27717408281174927,1
131257,2012-10-16,0.5711989840722168,1
131258,2012-10-16,0.5403486761796676,1
131259,2012-10-16,0.4462849172679266,1
131260,2012-10-16,0.33743391255078864,0
131261,2012-10-16,0.5987435079825659,1
131262,2012-10-16,0.13154630817749818,0
131263,2012-10-16,0.3601782206639268,0
131264,2012-10-16,0.22232512552585618,1
131265,2012-10-16,0.4085836254243939,0
131266,2012-10-16,0.4181945079084769,0
131267,2012-10-16,0.38704671024753445,1
131268,2012-10-16,0.24022753538630232,1
131269,2012-10-16,0.3760855503862757,0
131270,2012-10-16,0.35700784383068396,0
131271,2012-10-16,0.4352497628753587,0
131272,2012-10-16,0.37334927803430124,0
131273,2012-10-16,0.397742928511519,0
131274,2012-10-16,0.4551702927756969,1
131275,2012-10-16,0.3096588706359217,0
131276,2012-10-16,0.4023867077903373,0
131277,2012-10-16,0.1598740050134245,1
131278,2012-10-16,0.31380131314310267,0
131279,2012-10-16,0.336631198401416,1
131280,2012-10-16,0.08871081978899518,0
131281,2012-10-16,0.25414635476116415,1
131282,2012-10-16,0.16281890465027182,1
131283,2012-10-16,0.4575396647496636,0
131284,2012-10-16,0.7232630366980518,0
131285,2012-10-16,0.397187838670803,0
131286,2012-10-16,0.3450620899255824,0
131287,2012-10-16,0.623437598681061,0
131288,2012-10-16,0.2638848298617276,0
131289,2012-10-16,0.303329520686459,1
131290,2012-10-16,0.28899438264975985,0
131291,2012-10-16,0.373500617826251,0
131292,2012-10-16,0.2977963776059396,0
131293,2012-10-16,0.2289178741138722,0
131294,2012-10-16,0.23487558340802822,0
131295,2012-10-16,0.24293737067500992,1
131296,2012-10-16,0.22021595546287834,0
131297,2012-10-16,0.3943884750919394,0
131298,2012-10-16,0.5767813075409174,1
131299,2012-10-16,0.3516383710502991,1
131300,2012-10-16,0.6824707442341146,0
131301,2012-10-16,0.49021563077176344,0
131302,2012-10-16,0.4042941812078677,0
131303,2012-10-16,0.3590033524881539,0
131304,2012-10-16,0.23332149062245566,0
131305,2012-10-16,0.2557350859982566,0
131306,2012-10-16,0.37224455941222306,0
131307,2012-10-16,0.6016091310592614,1
131308,2012-10-16,0.48070294659126706,0
131309,2012-10-16,0.5109712612224062,1
131310,2012-10-16,0.3709982667448829,1
131311,2012-10-16,0.38396704703853723,1
131312,2012-10-16,0.6244969969636572,1
131313,2012-10-16,0.29883138034028917,0
131314,2012-10-16,0.4216379058240409,0
131315,2012-10-16,0.20256917140016645,0
131316,2012-10-16,0.482229991937654,0
131317,2012-10-16,0.4900516387225103,0
131318,2012-10-16,0.3220434540770539,1
131319,2012-10-16,0.39554611035299303,1
131320,2012-10-16,0.13032150169853185,0
131321,2012-10-16,0.3085386764737431,0
131322,2012-10-16,0.444861136787171,0
131323,2012-10-16,0.26030380260570174,0
131324,2012-10-16,0.35029503782283544,0
131325,2012-10-16,0.38043906192743343,0
131326,2012-10-16,0.404192626260144,0
131327,2012-10-16,0.24373254145754977,0
131328,2012-10-16,0.46618613364127465,0
131329,2012-10-16,0.28521124962934846,0
131330,2012-10-16,0.3986906349579696,0
131331,2012-10-16,0.5403860748550743,1
131332,2012-10-16,0.3818917636713217,0
131333,2012-10-16,0.5634273877987377,0
131334,2012-10-16,0.32743996940072123,1
131335,2012-10-16,0.2934615686505577,0
131336,2012-10-16,0.4469450558401079,1
131337,2012-10-16,0.13086645779573758,0
131338,2012-10-16,0.5589360058561612,0
131339,2012-10-16,0.38783135220062637,0
131340,2012-10-16,0.5251422921636856,0
131341,2012-10-16,0.4146253344426288,0
131342,2012-10-16,0.14314623364881743,0
131343,2012-10-16,0.35387173072825984,1
131344,2012-10-16,0.33086227605729623,0
131345,2012-10-16,0.5147149357156422,1
131346,2012-10-16,0.4371640706583393,0
131347,2012-10-16,0.3597133720303278,0
131348,2012-10-16,0.38033419877160063,1
131349,2012-10-16,0.31395807475962595,0
131350,2012-10-16,0.42030843760426984,1
131351,2012-10-16,0.33049677390856375,0
131352,2012-10-16,0.5159151135535393,0
131353,2012-10-16,0.2720582962359646,0
131354,2012-10-16,0.4008392389412205,0
131355,2012-10-16,0.5685644431372026,0
131356,2012-10-16,0.31886056588855055,0
131357,2012-10-16,0.2824451976025264,0
131358,2012-10-16,0.43381827109239635,1
131359,2012-10-16,0.32896663957314914,0
131360,2012-10-16,0.5498844941801103,0
131361,2012-10-16,0.243490317787624,0
131362,2012-10-16,0.22624405821770835,0
131363,2012-10-16,0.44031368858006786,1
131364,2012-10-16,0.22071734151628938,0
131365,2012-10-16,0.499850041776209,1
131366,2012-10-16,0.38292868544597763,1
131367,2012-10-16,0.3307553564234188,0
131368,2012-10-16,0.24112758163232792,0
131369,2012-10-16,0.477679659398358,1
131370,2012-10-16,0.22053807575254733,0
131371,2012-10-16,0.28957897011979555,0
131372,2012-10-16,0.3549122425791019,1
131373,2012-10-16,0.409865849785469,0
131374,2012-10-16,0.39856324695482126,0
131375,2012-10-16,0.32829982690055765,0
131376,2012-10-16,0.48852646092975116,1
131377,2012-10-16,0.5540377338511887,0
131378,2012-10-16,0.20284898245752653,0
131379,2012-10-16,0.41274706589066695,0
131380,2012-10-16,0.23312009399395783,0
131381,2012-10-16,0.2884749108548235,1
131382,2012-10-16,0.1682642139111983,0
131383,2012-10-16,0.5308528291139152,0
131384,2012-10-16,0.18076121967236852,1
131385,2012-10-16,0.35271438330616023,1
131386,2012-10-16,0.1198945111202107,0
131387,2012-10-16,0.4556214481505043,0
131388,2012-10-16,0.19410270351939438,0
131389,2012-10-16,0.16026209256754692,0
131390,2012-10-16,0.38990403935258655,0
131391,2012-10-16,0.31756250002873354,1
131392,2012-10-16,0.5689492237916787,1
131393,2012-10-16,0.27239946164494117,1
131394,2012-10-16,0.2521710272554046,1
131395,2012-10-16,0.226335223158349,0
131396,2012-10-16,0.31259958347208994,1
131397,2012-10-16,0.3334864192657614,0
131398,2012-10-16,0.34412250992210325,0
131399,2012-10-16,0.29497887308596266,0
131400,2012-10-16,0.42799564725815425,0
131401,2012-10-16,0.3442650223131094,0
131402,2012-10-16,0.13692685299777455,0
131403,2012-10-16,0.47575105071503376,1
131404,2012-10-16,0.38022715548327074,0
131405,2012-10-16,0.38180261218917844,0
131406,2012-10-16,0.36228549378948677,0
131407,2012-10-16,0.6329340031499039,0
131408,2012-10-16,0.34043456402684574,0
131409,2012-10-16,0.2600927668384097,0
131410,2012-10-16,0.17780569792400863,0
131411,2012-10-16,0.23828388282493784,0
131412,2012-10-16,0.2865564645000453,0
131413,2012-10-16,0.3558227217018631,1
131414,2012-10-16,0.3050270900700937,0
131415,2012-10-16,0.38631063307151114,0
131416,2012-10-16,0.31843191340407545,0
131417,2012-10-16,0.17481413458272593,1
131418,2012-10-16,0.3626001011635767,0
131419,2012-10-16,0.23538752388963824,0
131420,2012-10-16,0.30394658252463064,0
131421,2012-10-16,0.3425413050723409,1
131422,2012-10-16,0.40679649042517485,1
131423,2012-10-16,0.29138333907864616,0
131424,2012-10-16,0.3440179914684958,0
131425,2012-10-16,0.6851452199877276,0
131426,2012-10-16,0.5545157701979376,1
131427,2012-10-16,0.3575001293235986,0
131428,2012-10-16,0.3761769538336956,0
131429,2012-10-16,0.36747372964006814,0
131430,2012-10-16,0.5441696333736636,0
131431,2012-10-16,0.23726922792376665,0
131432,2012-10-16,0.44275260937047795,1
131433,2012-10-16,0.4940573130360058,0
131434,2012-10-16,0.4087248223596488,1
131435,2012-10-16,0.43178128980265634,1
131436,2012-10-16,0.7295988489853145,1
131437,2012-10-16,0.3434659758474321,0
131438,2012-10-16,0.28242647385478814,0
131439,2012-10-16,0.2619336109426752,0
131440,2012-10-16,0.49081142601369154,0
131441,2012-10-16,0.4736299306374453,0
131442,2012-10-16,0.2658272246327853,1
131443,2012-10-16,0.21539798168895727,0
131444,2012-10-16,0.20417075142400776,0
131445,2012-10-16,0.3142437990142267,0
131446,2012-10-16,0.11014743139655667,1
131447,2012-10-16,0.38843119746066324,1
131448,2012-10-16,0.529800482440334,0
131449,2012-10-16,0.3588542042437867,0
131450,2012-10-16,0.4695447176050757,1
131451,2012-10-16,0.4941160880851752,0
131452,2012-10-16,0.30254015482518254,0
131453,2012-10-16,0.35324597119207735,0
131454,2012-10-16,0.295936607988063,1
131455,2012-10-16,0.34147602973022195,1
131456,2012-10-16,0.410985203748963,0
131457,2012-10-16,0.13794554399904801,1
131458,2012-10-16,0.3712572564106709,0
131459,2012-10-16,0.3251437011394529,0
131460,2012-10-16,0.7023428775361289,0
131461,2012-10-16,0.18197142439277206,0
131462,2012-10-16,0.3703118611300406,1
131463,2012-10-16,0.32817366388749586,0
131464,2012-10-16,0.2476417882570212,0
131465,2012-10-16,0.42316090985050325,0
131466,2012-10-16,0.34036932497471334,0
131467,2012-10-16,0.19630776248223267,1
131468,2012-10-16,0.31714219298997437,0
131469,2012-10-16,0.32041930084023773,0
131470,2012-10-16,0.507213528380228,0
131471,2012-10-16,0.2936287239363496,0
131472,2012-10-16,0.185276409914563,0
131473,2012-10-16,0.27789948717287927,1
131474,2012-10-16,0.376503928025092,1
131475,2012-10-16,0.3177384838376853,1
131476,2012-10-16,0.32174899473179547,0
131477,2012-10-16,0.5543582754996665,1
131478,2012-10-16,0.5125630710876998,0
131479,2012-10-16,0.5894438193332192,0
131480,2012-10-16,0.38466028705021066,1
131481,2012-10-16,0.3169414454231352,0
131482,2012-10-16,0.3131823537736589,0
131483,2012-10-16,0.27934205793583766,0
131484,2012-10-16,0.26561199981138617,0
131485,2012-10-16,0.4125847751845222,0
131486,2012-10-16,0.5012650980620053,1
131487,2012-10-16,0.30673426354010874,0
131488,2012-10-16,0.5447993469911876,0
131489,2012-10-16,0.452871231432495,1
131490,2012-10-16,0.5449878836040037,0
131491,2012-10-16,0.4026629357623025,0
131492,2012-10-16,0.3066890230545195,0
131493,2012-10-16,0.3369608384653581,0
131494,2012-10-16,0.48398720714041776,1
131495,2012-10-16,0.3957591040560195,0
131496,2012-10-16,0.48172744029854925,0
131497,2012-10-16,0.4264370783395173,0
131498,2012-10-16,0.4405144835620805,0
131499,2012-10-16,0.26550480295927276,0
131500,2012-10-16,0.6053453102477978,0
131501,2012-10-16,0.3026156478567166,0
131502,2012-10-16,0.45902238516351535,0
131503,2012-10-16,0.37749633301860025,1
131504,2012-10-16,0.557282620245758,0
131505,2012-10-16,0.49272472834944764,0
131506,2012-10-16,0.1862321078617,0
131507,2012-10-16,0.2981854122425866,1
131508,2012-10-16,0.1559513816716248,0
131509,2012-10-16,0.313210975171802,0
131510,2012-10-16,0.44900854893462805,0
131511,2012-10-16,0.3657058272768076,1
131512,2012-10-16,0.24189545598525494,1
131513,2012-10-16,0.21210803634288095,0
131514,2012-10-16,0.37296449818612026,0
131515,2012-10-16,0.2075374507991636,0
131516,2012-10-16,0.3844321163791475,0
131517,2012-10-16,0.21508530412796903,0
131518,2012-10-16,0.4054909050674488,1
131519,2012-10-16,0.5439220216912679,0
131520,2012-10-16,0.470222725953255,1
131521,2012-10-16,0.22375261712107497,0
131522,2012-10-16,0.25382574195964136,0
131523,2012-10-16,0.3311869851094734,1
131524,2012-10-16,0.35293302924455333,0
131525,2012-10-16,0.3563595053190807,0
131526,2012-10-16,0.20478435502314812,0
131527,2012-10-16,0.33933726216787086,1
131528,2012-10-16,0.3573621784917616,0
131529,2012-10-16,0.2758732528520095,1
131530,2012-10-16,0.5463115292444007,0
131531,2012-10-16,0.4360895874560064,1
131532,2012-10-16,0.2123795101905087,0
131533,2012-10-16,0.38662888896938413,0
131534,2012-10-16,0.3762159203023014,0
131535,2012-10-16,0.3161899037629493,0
131536,2012-10-16,0.19949925693688672,0
131537,2012-10-16,0.37901754163250057,0
131538,2012-10-16,0.2654279542098977,0
131539,2012-10-16,0.5315477321173904,0
131540,2012-10-16,0.5227864550603264,1
131541,2012-10-16,0.6170022332230738,0
131542,2012-10-16,0.3273053797953549,0
131543,2012-10-16,0.13428607945463414,0
131544,2012-10-16,0.43102129110872983,0
131545,2012-10-16,0.24230951198492037,1
131546,2012-10-16,0.454593926633231,0
131547,2012-10-16,0.46883623893763476,0
131548,2012-10-16,0.2300287700108767,0
131549,2012-10-16,0.21898857195187035,0
131550,2012-10-16,0.5429790345888141,0
131551,2012-10-16,0.27311612951585834,0
131552,2012-10-16,0.2105277529143322,0
131553,2012-10-16,0.3472119049564024,0
131554,2012-10-16,0.3248333343616904,1
131555,2012-10-16,0.34582970118530204,1
131556,2012-10-16,0.5314310606895635,1
131557,2012-10-16,0.18695422304620748,0
131558,2012-10-16,0.5412864688731419,0
131559,2012-10-16,0.3995736891357076,0
131560,2012-10-16,0.4209077436262404,0
131561,2012-10-16,0.21276705161102352,0
131562,2012-10-16,0.2802669689323847,0
131563,2012-10-16,0.4669654410726934,0
131564,2012-10-16,0.2969062225141173,1
131565,2012-10-16,0.4674655287435711,0
131566,2012-10-16,0.5254216196773713,0
131567,2012-10-16,0.41400357023969037,1
131568,2012-10-16,0.45282145203124613,1
131569,2012-10-16,0.2557804191007446,0
131570,2012-10-16,0.5852687133127051,0
131571,2012-10-16,0.4013620661225202,0
131572,2012-10-16,0.656943640061767,0
131573,2012-10-16,0.31104774222045667,1
131574,2012-10-16,0.37022016536563274,0
131575,2012-10-16,0.5112769882031268,0
131576,2012-10-16,0.32436549452900443,1
131577,2012-10-16,0.42281519555003916,0
131578,2012-10-16,0.5954710106792969,1
131579,2012-10-16,0.16530136197556622,0
131580,2012-10-16,0.3971922147248111,0
131581,2012-10-16,0.13712272472824721,0
131582,2012-10-16,0.2594253117236583,0
131583,2012-10-16,0.1867399006808549,0
131584,2012-10-16,0.2624976427401588,0
131585,2012-10-16,0.26578680575071045,0
131586,2012-10-16,0.5231612009512037,1
131587,2012-10-16,0.1269592685024015,0
131588,2012-10-16,0.3842079608612113,1
131589,2012-10-16,0.3844526475825963,0
131590,2012-10-16,0.4342205229104833,0
131591,2012-10-16,0.38873639473895655,1
131592,2012-10-16,0.36726001508078976,0
131593,2012-10-16,0.1509170507237799,0
131594,2012-10-16,0.3181131496465612,0
131595,2012-10-16,0.40282061111309514,1
131596,2012-10-16,0.4866425678198264,1
131597,2012-10-16,0.5729627320148787,1
131598,2012-10-16,0.33969109808028397,1
131599,2012-10-16,0.39868377049064363,0
131600,2012-10-16,0.2656628336608009,0
131601,2012-10-16,0.44468759730603924,0
131602,2012-10-16,0.4919512622808224,0
131603,2012-10-16,0.3257285327285244,1
131604,2012-10-16,0.26370593525499897,1
131605,2012-10-16,0.1229275455559217,0
131606,2012-10-16,0.41205787959037266,1
131607,2012-10-16,0.23271441191317244,0
131608,2012-10-16,0.4555187748330765,1
131609,2012-10-16,0.319258542438054,0
131610,2012-10-16,0.3701352681128637,1
131611,2012-10-16,0.41742499686472956,0
131612,2012-10-16,0.34481086349985857,0
131613,2012-10-16,0.49294780545890676,0
131614,2012-10-16,0.6366577907805795,0
131615,2012-10-16,0.2825537256280115,0
131616,2012-10-16,0.4296482900423533,0
131617,2012-10-16,0.30165989187489634,1
131618,2012-10-16,0.5043721095388486,1
131619,2012-10-16,0.6008405011573864,0
131620,2012-10-16,0.5442032437025738,0
131621,2012-10-16,0.41782992354869025,1
131622,2012-10-16,0.3617857491917846,1
131623,2012-10-16,0.43281623897233645,0
131624,2012-10-16,0.29170502606183557,0
131625,2012-10-16,0.15940812991734957,0
131626,2012-10-16,0.16490790552952914,0
131627,2012-10-16,0.3737405880680552,0
131628,2012-10-16,0.16868362380405236,0
131629,2012-10-16,0.3817503723653572,0
131630,2012-10-16,0.2316110077755003,0
131631,2012-10-16,0.23441334140549747,0
131632,2012-10-16,0.21804200444008076,1
131633,2012-10-16,0.31679627339568733,0
131634,2012-10-16,0.3295506579616165,1
131635,2012-10-16,0.261482020871107,0
131636,2012-10-16,0.3576626747620382,0
131637,2012-10-16,0.3196893666345704,0
131638,2012-10-16,0.4399060867320082,0
131639,2012-10-16,0.32379180159857235,0
131640,2012-10-16,0.22684288478790038,0
131641,2012-10-16,0.29289384539555585,0
131642,2012-10-16,0.40182011960377695,0
131643,2012-10-16,0.06268968623761338,1
131644,2012-10-16,0.5233645259982174,0
131645,2012-10-16,0.31886775431853087,0
131646,2012-10-16,0.22375989227184553,0
131647,2012-10-16,0.18909262942882496,0
131648,2012-10-16,0.5184589152255926,0
131649,2012-10-16,0.48160460156378193,0
131650,2012-10-16,0.4154989541456531,1
131651,2012-10-16,0.42299314315832665,1
131652,2012-10-16,0.32641123308007364,0
131653,2012-10-16,0.3628307723738535,0
131654,2012-10-16,0.5376115838617719,0
131655,2012-10-16,0.3158308928228831,0
131656,2012-10-16,0.25102845669876794,0
131657,2012-10-16,0.5472083061463642,1
131658,2012-10-16,0.18205046894487922,0
131659,2012-10-16,0.23659686003366315,0
131660,2012-10-16,0.5911478875957645,0
131661,2012-10-16,0.3575484088507054,0
131662,2012-10-16,0.34272095006605846,0
131663,2012-10-16,0.35040767797182865,1
131664,2012-10-16,0.3008123849461308,0
131665,2012-10-16,0.5076652363658246,1
131666,2012-10-16,0.359706063964763,0
131667,2012-10-16,0.1484139810168121,0
131668,2012-10-16,0.4649495227207873,0
131669,2012-10-16,0.14362677555353517,0
131670,2012-10-16,0.39546511959921266,1
131671,2012-10-16,0.16557812281971665,0
131672,2012-10-16,0.632621411748107,0
131673,2012-10-16,0.38831581405207527,0
131674,2012-10-16,0.4741759341959597,0
131675,2012-10-16,0.15853311658851474,0
131676,2012-10-16,0.42897950828371345,1
131677,2012-10-16,0.32039174066321785,0
131678,2012-10-16,0.4555729194476713,0
131679,2012-10-16,0.2744706761968263,0
131680,2012-10-16,0.3944788004143223,0
131681,2012-10-16,0.40716178766624206,0
131682,2012-10-16,0.35098084462605333,1
131683,2012-10-16,0.42275143210747773,0
131684,2012-10-16,0.4240281692743116,1
131685,2012-10-16,0.3615034599953792,1
131686,2012-10-16,0.1524461822913593,0
131687,2012-10-16,0.5650575630262509,0
131688,2012-10-16,0.35497247937763443,0
131689,2012-10-16,0.3099297723870395,0
131690,2012-10-16,0.5069618653283544,1
131691,2012-10-16,0.5743302179775637,0
131692,2012-10-16,0.17073486917412414,0
131693,2012-10-16,0.45645998506536967,1
131694,2012-10-16,0.29289384539555585,0
131695,2012-10-16,0.3937863368793764,0
131696,2012-10-16,0.42072780526903975,1
131697,2012-10-16,0.37464661145468986,0
131698,2012-10-16,0.3972985725710963,0
131699,2012-10-16,0.4522437398897331,0
131700,2012-10-16,0.4869135273121642,0
131701,2012-10-16,0.292068267757185,0
131702,2012-10-16,0.668015559114757,1
131703,2012-10-16,0.3409539436609536,0
131704,2012-10-16,0.5195645525950878,0
131705,2012-10-16,0.4775155877297007,0
131706,2012-10-16,0.33506410830116107,0
131707,2012-10-16,0.43617893880928793,0
131708,2012-10-16,0.1317920028919275,0
131709,2012-10-16,0.4383703632239216,0
131710,2012-10-16,0.18402313479756915,0
131711,2012-10-16,0.27023176720333353,0
131712,2012-10-16,0.43846508330381584,1
131713,2012-10-16,0.3454525891006984,0
131714,2012-10-16,0.29323598827936825,1
131715,2012-10-16,0.21149872152228705,0
131716,2012-10-16,0.40878076264028673,0
131717,2012-10-16,0.5538545932702589,0
131718,2012-10-16,0.2725839624397884,0
131719,2012-10-16,0.3210986200674013,1
131720,2012-10-16,0.17427076913293651,0
131721,2012-10-16,0.4086089868165803,1
131722,2012-10-16,0.4959147710441098,0
131723,2012-10-16,0.15878497277015477,0
131724,2012-10-16,0.4835176250704999,1
131725,2012-10-16,0.4098521821977964,1
131726,2012-10-16,0.3465186062077347,0
131727,2012-10-16,0.5423104534046154,1
131728,2012-10-16,0.3316372118134604,1
131729,2012-10-16,0.2750288592305297,0
131730,2012-10-16,0.31794454281290346,0
131731,2012-10-16,0.2967824013492298,0
131732,2012-10-16,0.5480379378734801,0
131733,2012-10-16,0.31154382140862735,0
131734,2012-10-16,0.6867598723899588,1
131735,2012-10-16,0.21860918378405078,0
131736,2012-10-16,0.2815470258939919,0
131737,2012-10-16,0.5793071773820253,1
131738,2012-10-16,0.47592340868398086,1
131739,2012-10-16,0.247663530826656,1
131740,2012-10-16,0.19666792888899864,0
131741,2012-10-16,0.12545490530429995,0
131742,2012-10-16,0.43959602641099293,0
131743,2012-10-16,0.24278530599119885,1
131744,2012-10-16,0.23715552857281075,0
131745,2012-10-16,0.20876008548582545,0
131746,2012-10-16,0.5032880049877196,0
131747,2012-10-16,0.13535775770914893,0
131748,2012-10-16,0.308366263201092,0
131749,2012-10-16,0.17857975078570507,0
131750,2012-10-16,0.30324511556283806,1
131751,2012-10-16,0.2118167703295786,0
131752,2012-10-16,0.5257582080326778,0
131753,2012-10-16,0.37334139940760047,0
131754,2012-10-16,0.3545714046454659,1
131755,2012-10-16,0.09977891681339998,0
131756,2012-10-16,0.4122592476051543,0
131757,2012-10-16,0.5539731085926584,1
131758,2012-10-16,0.13227039422785553,0
131759,2012-10-16,0.4429247930650925,1
131760,2012-10-16,0.4752944802011187,0
131761,2012-10-16,0.1493801873713142,0
131762,2012-10-16,0.5519179351249335,1
131763,2012-10-16,0.09071031371014951,0
131764,2012-10-16,0.30325092663484915,0
131765,2012-10-16,0.4740291727378769,1
131766,2012-10-16,0.1973244318069339,0
131767,2012-10-16,0.4865618299952997,0
131768,2012-10-16,0.2179370034416727,1
131769,2012-10-16,0.7067919108673688,0
131770,2012-10-16,0.26133195961427547,0
131771,2012-10-16,0.5856795030354551,0
131772,2012-10-16,0.4213689089331168,0
131773,2012-10-16,0.3798553105308918,0
131774,2012-10-16,0.6120892446780863,0
131775,2012-10-16,0.36482767434459534,0
131776,2012-10-16,0.3144090167070306,0
131777,2012-10-16,0.32255302605492786,0
131778,2012-10-16,0.30845931399822385,0
131779,2012-10-16,0.25216773553585453,0
131780,2012-10-16,0.5517883673261921,0
131781,2012-10-16,0.3600460695739616,0
131782,2012-10-16,0.5215842971937108,0
131783,2012-10-16,0.5161790057930887,0
131784,2012-10-16,0.3712199321136389,0
131785,2012-10-16,0.19594506779305634,0
131786,2012-10-16,0.3064429374550804,1
131787,2012-10-16,0.27337765010241094,0
131788,2012-10-16,0.2753253218718194,0
131789,2012-10-16,0.2572307414153042,0
131790,2012-10-16,0.2594076661378956,0
131791,2012-10-16,0.3554717363527316,0
131792,2012-10-16,0.22979309759601269,0
131793,2012-10-16,0.3231013579707938,1
131794,2012-10-16,0.3826967381811091,0
131795,2012-10-16,0.3228270310038277,0
131796,2012-10-16,0.25191213225022346,0
131797,2012-10-16,0.3607654408286901,1
131798,2012-10-16,0.2030134746469658,0
131799,2012-10-16,0.5311928028406857,0
131800,2012-10-16,0.23913832532905713,0
131801,2012-10-16,0.509770416920397,0
131802,2012-10-16,0.29909658939359723,0
131803,2012-10-16,0.2805818309118731,1
131804,2012-10-16,0.33144971552637703,0
131805,2012-10-16,0.39305550010546,0
131806,2012-10-16,0.5050799903117396,0
131807,2012-10-16,0.28328657532990453,0
131808,2012-10-16,0.2904846510417691,0
131809,2012-10-16,0.349722363048658,0
131810,2012-10-16,0.18953334460086488,0
131811,2012-10-16,0.4684168971459613,1
131812,2012-10-16,0.42509854995398266,0
131813,2012-10-16,0.21350218764415357,1
131814,2012-10-16,0.5338704955522395,0
131815,2012-10-16,0.37579960411906926,0
131816,2012-10-16,0.26531011472593613,1
131817,2012-10-16,0.4646206349527322,0
131818,2012-10-16,0.24650419397202292,1
131819,2012-10-16,0.18271685641143362,0
131820,2012-10-16,0.4143644038019795,0
131821,2012-10-16,0.36660801238078383,1
131822,2012-10-16,0.2918802320941801,0
131823,2012-10-16,0.27566514132343295,1
131824,2012-10-16,0.28246397167041093,0
131825,2012-10-16,0.461558867655148,0
131826,2012-10-16,0.49538695559661844,1
131827,2012-10-16,0.24700147236109288,0
131828,2012-10-16,0.3272797844265919,0
131829,2012-10-16,0.5155639138908789,0
131830,2012-10-16,0.20045906837892505,0
131831,2012-10-16,0.23606527885103007,1
131832,2012-10-16,0.356943018782851,0
131833,2012-10-16,0.2887919483424174,0
131834,2012-10-16,0.4313284106644617,1
131835,2012-10-16,0.41953937417129117,1
131836,2012-10-16,0.2040024950844593,0
131837,2012-10-16,0.41000343082683843,0
131838,2012-10-16,0.32270978310111187,0
131839,2012-10-16,0.27226121210409576,0
131840,2012-10-16,0.24654768653231848,0
131841,2012-10-16,0.3641762991308769,1
131842,2012-10-16,0.48369284929855266,0
131843,2012-10-16,0.32964474533024624,0
131844,2012-10-16,0.4076030084641897,0
131845,2012-10-16,0.6284828640916517,1
131846,2012-10-16,0.3829269694672002,1
131847,2012-10-16,0.5213816505847223,1
131848,2012-10-16,0.5799065432295665,1
131849,2012-10-16,0.3304547251643089,1
131850,2012-10-16,0.3814807139126636,0
131851,2012-10-16,0.3419115384553775,1
131852,2012-10-16,0.6620915291685309,0
131853,2012-10-16,0.2302319862509138,0
131854,2012-10-16,0.37796935023689465,0
131855,2012-10-16,0.14232799971111798,0
131856,2012-10-16,0.42625398854945745,0
131857,2012-10-16,0.41983592378809864,0
131858,2012-10-16,0.31434491812819926,0
131859,2012-10-16,0.3478721389415781,0
131860,2012-10-16,0.3235206066246432,1
131861,2012-10-16,0.488854006038518,0
131862,2012-10-16,0.26447674470520927,1
131863,2012-10-16,0.29738435675873637,0
131864,2012-10-16,0.4966983107638947,0
131865,2012-10-16,0.24875951633312368,0
131866,2012-10-16,0.47463716442569787,0
131867,2012-10-16,0.21366897225951467,0
131868,2012-10-16,0.4560786447894341,0
131869,2012-10-16,0.3309808488275493,1
131870,2012-10-16,0.5005609858350587,0
131871,2012-10-16,0.5134229834183894,0
131872,2012-10-16,0.4745754170639013,0
131873,2012-10-16,0.4219394915566362,1
131874,2012-10-16,0.29607216783152873,0
131875,2012-10-16,0.5022798649858679,0
131876,2012-10-16,0.34661143023742885,0
131877,2012-10-16,0.21045252638756423,0
131878,2012-10-16,0.3201347126323062,0
131879,2012-10-16,0.13325970064365883,0
131880,2012-10-16,0.3339095488061098,0
131881,2012-10-16,0.43886410574402607,1
131882,2012-10-16,0.25029328252471167,0
131883,2012-10-16,0.36520445581867245,0
131884,2012-10-16,0.21800720920318498,0
131885,2012-10-16,0.6667222185181423,1
131886,2012-10-16,0.33491172896834415,0
131887,2012-10-16,0.3374717321132873,0
131888,2012-10-16,0.33188984767867435,1
131889,2012-10-16,0.49559084667542125,1
131890,2012-10-16,0.26401317729250495,0
131891,2012-10-16,0.1439379771749048,0
131892,2012-10-16,0.18813981179316022,0
131893,2012-10-16,0.2905004100917689,0
131894,2012-10-16,0.2131173046773902,0
131895,2012-10-16,0.3016754666350798,0
131896,2012-10-16,0.21602734030619244,0
131897,2012-10-16,0.3301294518898243,0
131898,2012-10-16,0.30596553517927244,0
131899,2012-10-16,0.2666144362398383,0
131900,2012-10-16,0.3320256078983906,0
131901,2012-10-16,0.4844902828741223,0
131902,2012-10-16,0.43497540414415575,1
131903,2012-10-16,0.21410124720360338,0
131904,2012-10-16,0.5726565155793424,1
131905,2012-10-16,0.32461729100367354,0
131906,2012-10-16,0.3231426728829799,0
131907,2012-10-16,0.24333427142750547,0
131908,2012-10-16,0.259226698315536,0
131909,2012-10-16,0.2872163632938752,0
131910,2012-10-16,0.4785303009474659,0
131911,2012-10-16,0.3041341832938403,1
131912,2012-10-16,0.35522838898845943,0
131913,2012-10-16,0.2918327812152986,0
131914,2012-10-16,0.2552008366818885,0
131915,2012-10-16,0.3313985483976974,1
131916,2012-10-16,0.469688434720576,1
131917,2012-10-16,0.2703481702038006,0
131918,2012-10-16,0.19034959706241494,0
131919,2012-10-16,0.4083507778515296,0
131920,2012-10-16,0.5301976650589036,0
131921,2012-10-16,0.17917543808182185,0
131922,2012-10-16,0.2141437722387975,0
131923,2012-10-16,0.546539794711085,1
131924,2012-10-16,0.3770346085459404,1
131925,2012-10-16,0.2823308467215382,0
131926,2012-10-16,0.521302808445314,1
131927,2012-10-16,0.5455057972688495,1
131928,2012-10-16,0.4020839875397191,1
131929,2012-10-16,0.35082451068364534,0
131930,2012-10-16,0.5280360105211636,1
131931,2012-10-16,0.3442746087683549,1
131932,2012-10-16,0.3382237235785048,0
131933,2012-10-16,0.41457735052655664,0
131934,2012-10-16,0.46745663237952084,0
131935,2012-10-16,0.2649851027067169,0
131936,2012-10-16,0.4068435111020917,0
131937,2012-10-16,0.2958619199882271,0
131938,2012-10-16,0.5217635531815636,1
131939,2012-10-16,0.34307284605828026,0
131940,2012-10-16,0.3783535629419978,1
131941,2012-10-16,0.3152513315328886,0
131942,2012-10-16,0.4550727650505544,0
131943,2012-10-16,0.3497717042902855,0
131944,2012-10-16,0.33894399818959275,0
131945,2012-10-16,0.233991844208674,0
131946,2012-10-16,0.4064795007367559,0
131947,2012-10-16,0.31576383350570864,1
131948,2012-10-16,0.3478983835995396,1
131949,2012-10-16,0.38801406091941815,0
131950,2012-10-16,0.33759443810837336,0
131951,2012-10-16,0.45914331876687015,0
131952,2012-10-16,0.2079777277693401,0
131953,2012-10-16,0.4546833213286448,0
131954,2012-10-16,0.30191906920385164,0
131955,2012-10-16,0.38468149437116256,0
131956,2012-10-16,0.1498493899683458,0
131957,2012-10-16,0.46087949073877227,1
131958,2012-10-16,0.5088574858585567,0
131959,2012-10-16,0.18773274825876202,0
131960,2012-10-16,0.20965468500913453,0
131961,2012-10-16,0.395999692272405,0
131962,2012-10-16,0.3363521805400293,0
131963,2012-10-16,0.28213243190529763,0
131964,2012-10-16,0.1738272665190676,0
131965,2012-10-16,0.36850600594404537,0
131966,2012-10-16,0.1373633397711065,0
131967,2012-10-16,0.4079827927995284,0
131968,2012-10-16,0.3722150225085374,0
131969,2012-10-16,0.27191422289161254,0
131970,2012-10-16,0.43531289874563667,0
131971,2012-10-16,0.2705697889401771,1
131972,2012-10-16,0.35843578123356745,0
131973,2012-10-16,0.4445105859027392,0
131974,2012-10-16,0.3824176650739233,1
131975,2012-10-16,0.41650088870493596,1
131976,2012-10-16,0.47811531810323243,0
131977,2012-10-16,0.3342202126698066,0
131978,2012-10-16,0.4612086580713538,1
131979,2012-10-16,0.39565073797301,0
131980,2012-10-16,0.2435611689594644,1
131981,2012-10-16,0.18932531218374735,0
131982,2012-10-16,0.5413084097995849,0
131983,2012-10-16,0.33461515365197897,1
131984,2012-10-16,0.6755583083991713,1
131985,2012-10-16,0.39181668043051565,0
131986,2012-10-16,0.38795610359793903,0
131987,2012-10-16,0.5203279551928802,0
131988,2012-10-16,0.6894332366793658,0
131989,2012-10-16,0.4840756892392352,0
131990,2012-10-16,0.14876785135169676,0
131991,2012-10-16,0.3358959162348996,0
131992,2012-10-16,0.1586405337577375,0
131993,2012-10-16,0.5876164981149281,1
131994,2012-10-16,0.2303889562742304,0
131995,2012-10-16,0.3732158847888793,0
131996,2012-10-16,0.37702236371016756,0
131997,2012-10-16,0.2579803462148784,0
131998,2012-10-16,0.19160987941336147,0
131999,2012-10-16,0.2760487819560996,1
132000,2012-10-16,0.2505483353288098,1
132001,2012-10-16,0.5166637842178746,0
132002,2012-10-16,0.4018136123719201,1
132003,2012-10-16,0.4590610763481611,1
132004,2012-10-16,0.5639562574492786,0
132005,2012-10-16,0.5495120148479279,0
132006,2012-10-16,0.39309023614173244,1
132007,2012-10-16,0.43034535620878,0
132008,2012-10-16,0.41490651838071885,0
132009,2012-10-16,0.440555090702409,0
132010,2012-10-16,0.6185857923096797,0
132011,2012-10-16,0.34527670979769587,1
132012,2012-10-16,0.6336411021818005,1
132013,2012-10-16,0.30455750411146243,1
132014,2012-10-16,0.2641709838717088,0
132015,2012-10-16,0.4052684280130497,1
132016,2012-10-16,0.5340552125103858,0
132017,2012-10-16,0.4454761130624949,0
132018,2012-10-16,0.32136647678981306,0
132019,2012-10-16,0.4217705447935301,0
132020,2012-10-16,0.37376673852132425,0
132021,2012-10-16,0.49224402179661725,1
132022,2012-10-16,0.436756160496198,0
132023,2012-10-16,0.3194353736553164,1
132024,2012-10-16,0.23490854634582298,1
132025,2012-10-16,0.45458837616761694,0
132026,2012-10-16,0.6746899867855221,0
132027,2012-10-16,0.3662403907502147,0
132028,2012-10-16,0.6307804911703954,1
132029,2012-10-16,0.3220673640634747,1
132030,2012-10-16,0.4810459757787411,1
132031,2012-10-16,0.22276914454704683,0
132032,2012-10-16,0.6757129515831802,1
132033,2012-10-16,0.35426190051709183,1
132034,2012-10-16,0.32207365260452925,1
132035,2012-10-16,0.2637554196969137,0
132036,2012-10-16,0.3896380226298038,0
132037,2012-10-16,0.4113176459571189,0
132038,2012-10-16,0.2774242801623616,0
132039,2012-10-16,0.292348988115493,0
132040,2012-10-16,0.4703700171063925,1
132041,2012-10-16,0.1404864541233257,0
132042,2012-10-16,0.31438031208809547,1
132043,2012-10-16,0.173592720435434,0
132044,2012-10-16,0.46658692147425285,0
132045,2012-10-16,0.36551113469100194,0
132046,2012-10-16,0.1599627492533428,0
132047,2012-10-16,0.3507752278664577,0
132048,2012-10-16,0.3970756586964159,1
132049,2012-10-16,0.5921143441683234,0
132050,2012-10-16,0.2667410886590839,0
132051,2012-10-16,0.6473889279937205,1
132052,2012-10-16,0.2892923717043359,0
132053,2012-10-16,0.48194995544690805,0
132054,2012-10-16,0.42442917334649854,1
132055,2012-10-16,0.5210771053837109,0
132056,2012-10-16,0.3203899284845031,0
132057,2012-10-16,0.436157562049331,0
132058,2012-10-16,0.48082229905263635,0
132059,2012-10-16,0.5633339255384398,1
132060,2012-10-16,0.3634082840990617,1
132061,2012-10-16,0.11278740091350252,0
132062,2012-10-16,0.31627724655967315,0
132063,2012-10-16,0.5099628597820233,0
132064,2012-10-16,0.5205062479054897,1
132065,2012-10-16,0.4064477578998135,0
132066,2012-10-16,0.3244073469323833,0
132067,2012-10-16,0.4932603254729352,1
132068,2012-10-16,0.4309504544017511,1
132069,2012-10-16,0.39411561761930974,0
132070,2012-10-16,0.589109298341211,1
132071,2012-10-16,0.4420978435291064,0
132072,2012-10-16,0.3478580476870053,0
132073,2012-10-16,0.17877167547527062,0
132074,2012-10-16,0.2431576136830111,0
132075,2012-10-16,0.3466319352623613,0
132076,2012-10-16,0.39540303948246225,1
132077,2012-10-16,0.17458147642599273,0
132078,2012-10-16,0.2833666732723599,0
132079,2012-10-16,0.34485859988217105,1
132080,2012-10-16,0.3213155175479387,0
132081,2012-10-16,0.35104892760808126,1
132082,2012-10-16,0.1999616103236933,0
132083,2012-10-16,0.422949311750321,1
132084,2012-10-16,0.34687787087343086,1
132085,2012-10-16,0.4712249144995444,1
132086,2012-10-16,0.30554516578351437,0
132087,2012-10-16,0.18958109891152014,0
132088,2012-10-16,0.6490131316797609,0
132089,2012-10-16,0.6465578054950584,1
132090,2012-10-16,0.3462280583232885,0
132091,2012-10-16,0.4096133109802557,0
132092,2012-10-16,0.17872035332327305,0
132093,2012-10-16,0.4904022483086541,0
132094,2012-10-16,0.09718043609187467,0
132095,2012-10-16,0.42045314650661997,0
132096,2012-10-16,0.29349361405783153,0
132097,2012-10-16,0.40345328305013833,0
132098,2012-10-16,0.26746320461093004,0
132099,2012-10-16,0.6113825318474025,1
132100,2012-10-16,0.2697250884847584,0
132101,2012-10-16,0.24082792572849426,0
132102,2012-10-16,0.41166807758881857,1
132103,2012-10-16,0.3597427769273982,0
132104,2012-10-16,0.4461777532424777,0
132105,2012-10-16,0.1526111768766334,0
132106,2012-10-16,0.2738464585417648,1
132107,2012-10-16,0.3703920565017437,0
132108,2012-10-16,0.25261076322194664,0
132109,2012-10-16,0.19520727417764006,0
132110,2012-10-16,0.3739908152122022,0
132111,2012-10-16,0.610818001670044,1
132112,2012-10-16,0.29110242365597955,1
132113,2012-10-16,0.19269208953419653,0
132114,2012-10-16,0.42432736825279793,0
132115,2012-10-16,0.5588012642361921,0
132116,2012-10-16,0.4167468124718841,0
132117,2012-10-16,0.32600709082126533,1
132118,2012-10-16,0.4536332237272972,0
132119,2012-10-16,0.32810428107119116,1
132120,2012-10-16,0.14571532808186244,0
132121,2012-10-16,0.4774704725035933,0
132122,2012-10-17,0.3459939373106715,1
132123,2012-10-17,0.2453665031557218,0
132124,2012-10-17,0.29345105784406783,0
132125,2012-10-17,0.41203403088133506,0
132126,2012-10-17,0.3092871443292631,0
132127,2012-10-17,0.29256511345454966,0
132128,2012-10-17,0.4275898222889869,0
132129,2012-10-17,0.1849063209716627,0
132130,2012-10-17,0.3046444385490658,0
132131,2012-10-17,0.311307544349035,1
132132,2012-10-17,0.3149295214491682,0
132133,2012-10-17,0.44809217107816496,0
132134,2012-10-17,0.47983365018490415,0
132135,2012-10-17,0.3641578756584145,0
132136,2012-10-17,0.28221507871064616,0
132137,2012-10-17,0.6414739568609464,0
132138,2012-10-17,0.26693543839024614,0
132139,2012-10-17,0.5463234215520316,0
132140,2012-10-17,0.31259112272358414,0
132141,2012-10-17,0.1428828222017543,0
132142,2012-10-17,0.3276920955220742,0
132143,2012-10-17,0.26387988352217745,0
132144,2012-10-17,0.2784783248824557,0
132145,2012-10-17,0.39944532395941584,0
132146,2012-10-17,0.36274454245532,0
132147,2012-10-17,0.370539006522229,0
132148,2012-10-17,0.24617219968173665,0
132149,2012-10-17,0.13552951502745367,0
132150,2012-10-17,0.25610902582064027,1
132151,2012-10-17,0.2827816723214037,1
132152,2012-10-17,0.5536683501404452,1
132153,2012-10-17,0.35697043862211114,0
132154,2012-10-17,0.3290949578645257,0
132155,2012-10-17,0.45281535492423347,1
132156,2012-10-17,0.30720893275639194,0
132157,2012-10-17,0.2518680281922798,0
132158,2012-10-17,0.37865917431372903,1
132159,2012-10-17,0.4975597012879039,0
132160,2012-10-17,0.39034955110009173,0
132161,2012-10-17,0.3091951498913421,1
132162,2012-10-17,0.2602599348328773,0
132163,2012-10-17,0.2928068764644481,0
132164,2012-10-17,0.2826396993456022,0
132165,2012-10-17,0.6263205873374323,1
132166,2012-10-17,0.15715273803304802,0
132167,2012-10-17,0.12366923853528129,0
132168,2012-10-17,0.25218619402504916,0
132169,2012-10-17,0.4869524696535321,0
132170,2012-10-17,0.2855836905062367,0
132171,2012-10-17,0.3986951165822511,1
132172,2012-10-17,0.46125321386558005,0
132173,2012-10-17,0.36320043205285335,0
132174,2012-10-17,0.223659212617275,0
132175,2012-10-17,0.2493097884241777,1
132176,2012-10-17,0.353269789840871,0
132177,2012-10-17,0.12879521714749845,0
132178,2012-10-17,0.19674495343673062,0
132179,2012-10-17,0.2866783781284595,0
132180,2012-10-17,0.6082666075177163,0
132181,2012-10-17,0.3622683283185137,1
132182,2012-10-17,0.24622557806735723,0
132183,2012-10-17,0.5142097025318535,1
132184,2012-10-17,0.3832305505429455,0
132185,2012-10-17,0.46684063819514937,1
132186,2012-10-17,0.22391034000542195,0
132187,2012-10-17,0.18951404623446855,0
132188,2012-10-17,0.305535264296521,1
132189,2012-10-17,0.3865841520752474,0
132190,2012-10-17,0.6158748508051748,0
132191,2012-10-17,0.24097407853155264,0
132192,2012-10-17,0.21193687038776884,0
132193,2012-10-17,0.3099307488683738,1
132194,2012-10-17,0.3774111262694769,0
132195,2012-10-17,0.15600412521725873,0
132196,2012-10-17,0.2803117286669307,0
132197,2012-10-17,0.29895095601732835,0
132198,2012-10-17,0.3715494686594868,0
132199,2012-10-17,0.29088049949673445,1
132200,2012-10-17,0.41390847978179496,0
132201,2012-10-17,0.23661657571519878,0
132202,2012-10-17,0.40330083889011475,1
132203,2012-10-17,0.34431892910278217,0
132204,2012-10-17,0.385000782598759,0
132205,2012-10-17,0.28728504604540217,0
132206,2012-10-17,0.40952092367166903,0
132207,2012-10-17,0.5082030350773798,0
132208,2012-10-17,0.4688441039893743,1
132209,2012-10-17,0.5539728864205926,1
132210,2012-10-17,0.4964165335363766,0
132211,2012-10-17,0.7290294467247069,0
132212,2012-10-17,0.4538804554708267,0
132213,2012-10-17,0.35154866672195945,0
132214,2012-10-17,0.17852249658817046,0
132215,2012-10-17,0.48709854834184424,0
132216,2012-10-17,0.13921888304833574,1
132217,2012-10-17,0.4580542552023947,0
132218,2012-10-17,0.21014597243554228,0
132219,2012-10-17,0.42534595578001244,1
132220,2012-10-17,0.5385043824066337,0
132221,2012-10-17,0.17608437657564413,0
132222,2012-10-17,0.38605640730012086,0
132223,2012-10-17,0.29526805382601473,0
132224,2012-10-17,0.4506585859259472,0
132225,2012-10-17,0.5637776523410905,1
132226,2012-10-17,0.1713937813856207,0
132227,2012-10-17,0.44822269800312314,0
132228,2012-10-17,0.2458426390546826,0
132229,2012-10-17,0.2831453206946803,0
132230,2012-10-17,0.24192476712607472,0
132231,2012-10-17,0.33737388267776286,1
132232,2012-10-17,0.2457573517904159,0
132233,2012-10-17,0.345598772225041,0
132234,2012-10-17,0.3698918465850961,0
132235,2012-10-17,0.2995448621671767,0
132236,2012-10-17,0.3760448157862787,1
132237,2012-10-17,0.39182937453131533,1
132238,2012-10-17,0.4372954050433228,1
132239,2012-10-17,0.4137975424549723,1
132240,2012-10-17,0.5986561791876625,0
132241,2012-10-17,0.4306640447358076,1
132242,2012-10-17,0.33798472063981577,0
132243,2012-10-17,0.1884975512866453,1
132244,2012-10-17,0.19985964329109013,0
132245,2012-10-17,0.4043144171174901,0
132246,2012-10-17,0.1524556412930067,0
132247,2012-10-17,0.47721701341707345,1
132248,2012-10-17,0.2687573535147143,0
132249,2012-10-17,0.4493389282268208,0
132250,2012-10-17,0.21241066164042063,0
132251,2012-10-17,0.6899747380192737,0
132252,2012-10-17,0.342265472051172,0
132253,2012-10-17,0.36614581837636756,0
132254,2012-10-17,0.30091108131754346,0
132255,2012-10-17,0.1805316250432576,0
132256,2012-10-17,0.2676294670616337,0
132257,2012-10-17,0.3889355433345886,0
132258,2012-10-17,0.479914646709846,1
132259,2012-10-17,0.22836470814665277,0
132260,2012-10-17,0.055391551956363444,0
132261,2012-10-17,0.18426107476269893,0
132262,2012-10-17,0.17055717962429962,0
132263,2012-10-17,0.3002530519582676,1
132264,2012-10-17,0.3730207268183017,0
132265,2012-10-17,0.5075693708197402,1
132266,2012-10-17,0.20485214054312179,0
132267,2012-10-17,0.2752406573475834,0
132268,2012-10-17,0.3109442744422086,0
132269,2012-10-17,0.37527305201876665,0
132270,2012-10-17,0.1203721470071432,0
132271,2012-10-17,0.34744564752006785,1
132272,2012-10-17,0.3149351675989295,0
132273,2012-10-17,0.45501132038028824,0
132274,2012-10-17,0.409665636906966,0
132275,2012-10-17,0.2817921889445863,1
132276,2012-10-17,0.4289509861501172,1
132277,2012-10-17,0.19756182686522822,0
132278,2012-10-17,0.3799507452851682,0
132279,2012-10-17,0.44510730540424764,0
132280,2012-10-17,0.32183048806105796,0
132281,2012-10-17,0.247965594386149,0
132282,2012-10-17,0.5785962749420701,1
132283,2012-10-17,0.30410801042319036,0
132284,2012-10-17,0.2181379762149001,0
132285,2012-10-17,0.2433334043320146,0
132286,2012-10-17,0.47062226544588376,0
132287,2012-10-17,0.2615756807797912,0
132288,2012-10-17,0.37360473165882313,0
132289,2012-10-17,0.3445538961772574,0
132290,2012-10-17,0.4545565468242217,1
132291,2012-10-17,0.4937533910874489,1
132292,2012-10-17,0.4314174797429363,0
132293,2012-10-17,0.4686784746562012,0
132294,2012-10-17,0.5004989995439117,0
132295,2012-10-17,0.3073764414863205,0
132296,2012-10-17,0.3088220206488738,1
132297,2012-10-17,0.15248720012228204,0
132298,2012-10-17,0.2903309093286887,0
132299,2012-10-17,0.2913774878735033,1
132300,2012-10-17,0.21676106023328115,1
132301,2012-10-17,0.30294472713065096,0
132302,2012-10-17,0.21195506660915742,0
132303,2012-10-17,0.39963944929824957,0
132304,2012-10-17,0.20559184803030364,0
132305,2012-10-17,0.206805375384939,0
132306,2012-10-17,0.37106058661806984,0
132307,2012-10-17,0.23692183325164123,0
132308,2012-10-17,0.4101049049608383,1
132309,2012-10-17,0.34690333352661357,1
132310,2012-10-17,0.2049490227938911,0
132311,2012-10-17,0.4181362987285533,0
132312,2012-10-17,0.44726471825390646,1
132313,2012-10-17,0.3298144295175903,0
132314,2012-10-17,0.3311463224355396,0
132315,2012-10-17,0.2910526253239156,1
132316,2012-10-17,0.19740452957971583,0
132317,2012-10-17,0.4791724361534321,1
132318,2012-10-17,0.2675662886577151,0
132319,2012-10-17,0.5061912813745431,0
132320,2012-10-17,0.34458413166927565,0
132321,2012-10-17,0.5033387512166542,0
132322,2012-10-17,0.15120063992819502,0
132323,2012-10-17,0.17607105223635058,1
132324,2012-10-17,0.25356065525497384,0
132325,2012-10-17,0.40785778399140243,0
132326,2012-10-17,0.223149857097251,0
132327,2012-10-17,0.3031271150295616,0
132328,2012-10-17,0.49169803773902526,0
132329,2012-10-17,0.18781433206448914,0
132330,2012-10-17,0.3787444671868879,0
132331,2012-10-17,0.15869018992235495,0
132332,2012-10-17,0.17816391820025695,0
132333,2012-10-17,0.43011879634835826,0
132334,2012-10-17,0.49248999433631224,1
132335,2012-10-17,0.270155360950962,0
132336,2012-10-17,0.30428184608241193,0
132337,2012-10-17,0.21451734236566786,0
132338,2012-10-17,0.3196980792578394,0
132339,2012-10-17,0.22781301589750616,0
132340,2012-10-17,0.43273817120691993,0
132341,2012-10-17,0.269250016962295,0
132342,2012-10-17,0.33233950726675765,0
132343,2012-10-17,0.2153793284089732,0
132344,2012-10-17,0.2379010277515972,1
132345,2012-10-17,0.390896772131405,0
132346,2012-10-17,0.22959281261922768,0
132347,2012-10-17,0.2328843125988449,0
132348,2012-10-17,0.41955530738318697,0
132349,2012-10-17,0.12480747335878022,1
132350,2012-10-17,0.4144562317260636,0
132351,2012-10-17,0.26495527799186636,0
132352,2012-10-17,0.4052844223572666,0
132353,2012-10-17,0.19249208481842356,0
132354,2012-10-17,0.31335890510673314,0
132355,2012-10-17,0.19408455869811717,0
132356,2012-10-17,0.49691005227641566,1
132357,2012-10-17,0.34978810437043417,0
132358,2012-10-17,0.23260371638019856,0
132359,2012-10-17,0.6235418886834159,0
132360,2012-10-17,0.3619244368511674,0
132361,2012-10-17,0.3577604618207546,0
132362,2012-10-17,0.6491057384247493,0
132363,2012-10-17,0.28912110352154513,0
132364,2012-10-17,0.28484959281787386,1
132365,2012-10-17,0.46608731208044063,1
132366,2012-10-17,0.21097569784643613,0
132367,2012-10-17,0.4534176969165049,0
132368,2012-10-17,0.27952036555297505,0
132369,2012-10-17,0.4995235686952128,1
132370,2012-10-17,0.2224909922888022,0
132371,2012-10-17,0.28520320862839244,0
132372,2012-10-17,0.36280938504833776,0
132373,2012-10-17,0.45410008489463627,0
132374,2012-10-17,0.18910060644078236,0
132375,2012-10-17,0.1443322753394313,0
132376,2012-10-17,0.26415516302948366,0
132377,2012-10-17,0.4110387470427726,0
132378,2012-10-17,0.505939848615502,0
132379,2012-10-17,0.1979061269158166,0
132380,2012-10-17,0.35885686224134944,0
132381,2012-10-17,0.21165962194560584,0
132382,2012-10-17,0.4242939988754223,1
132383,2012-10-17,0.38825334423578234,0
132384,2012-10-17,0.4612884259287502,0
132385,2012-10-17,0.2925861940225326,0
132386,2012-10-17,0.29393021032914096,1
132387,2012-10-17,0.3413655796869731,1
132388,2012-10-17,0.43022893061787304,0
132389,2012-10-17,0.4094925739196607,1
132390,2012-10-17,0.45666016432912576,0
132391,2012-10-17,0.40684902164702014,0
132392,2012-10-17,0.5605531486182307,0
132393,2012-10-17,0.3288263204199596,1
132394,2012-10-17,0.32873555457721193,0
132395,2012-10-17,0.4678170440257452,1
132396,2012-10-17,0.6235778785227587,1
132397,2012-10-17,0.28129796200029983,0
132398,2012-10-17,0.31013334863601016,1
132399,2012-10-17,0.3651765311769921,0
132400,2012-10-17,0.2986302415020026,0
132401,2012-10-17,0.5674149801278655,0
132402,2012-10-17,0.3176758654392896,0
132403,2012-10-17,0.23108259789764823,0
132404,2012-10-17,0.4476865272542037,1
132405,2012-10-17,0.640839771630462,1
132406,2012-10-17,0.2755462226881961,0
132407,2012-10-17,0.4159559743197775,1
132408,2012-10-17,0.22449780063944003,0
132409,2012-10-17,0.3014516962932032,0
132410,2012-10-17,0.35324555180253986,0
132411,2012-10-17,0.4089460482639904,0
132412,2012-10-17,0.328472515400491,0
132413,2012-10-17,0.2132479744381312,0
132414,2012-10-17,0.3651455635722274,0
132415,2012-10-17,0.36118680569196193,0
132416,2012-10-17,0.2486210531850328,0
132417,2012-10-17,0.2658066818077705,0
132418,2012-10-17,0.6208322412687445,1
132419,2012-10-17,0.44180877272273755,1
132420,2012-10-17,0.5211996135714564,1
132421,2012-10-17,0.290528410988662,0
132422,2012-10-17,0.4122726962306437,1
132423,2012-10-17,0.4978888208212387,1
132424,2012-10-17,0.6187740940162275,0
132425,2012-10-17,0.2880260507273919,1
132426,2012-10-17,0.1520658770634594,0
132427,2012-10-17,0.289799485701095,0
132428,2012-10-17,0.12028207684325072,0
132429,2012-10-17,0.5189112322322642,0
132430,2012-10-17,0.5696752496099782,0
132431,2012-10-17,0.4374756223508814,0
132432,2012-10-17,0.26265956440428617,0
132433,2012-10-17,0.5691819621856599,0
132434,2012-10-17,0.3869420083962058,1
132435,2012-10-17,0.18559988118887452,0
132436,2012-10-17,0.5128170150452077,0
132437,2012-10-17,0.3476910704634045,1
132438,2012-10-17,0.2582211151674369,0
132439,2012-10-17,0.6532249106982803,0
132440,2012-10-17,0.20933381010279706,1
132441,2012-10-17,0.3466169419765828,0
132442,2012-10-17,0.37158559457428403,0
132443,2012-10-17,0.261413251066722,1
132444,2012-10-17,0.34980491139480124,0
132445,2012-10-17,0.5013999554446649,1
132446,2012-10-17,0.3224332833968564,1
132447,2012-10-17,0.5011505765542728,1
132448,2012-10-17,0.2109816435655593,0
132449,2012-10-17,0.4942018416163991,1
132450,2012-10-17,0.3520019172670905,0
132451,2012-10-17,0.19809629498217626,0
132452,2012-10-17,0.49283514141807955,0
132453,2012-10-17,0.4523839517358194,0
132454,2012-10-17,0.22467417052014116,0
132455,2012-10-17,0.548160905965132,1
132456,2012-10-17,0.457493177452783,0
132457,2012-10-17,0.3653664003755839,1
132458,2012-10-17,0.3320997338629522,0
132459,2012-10-17,0.38822479152052497,0
132460,2012-10-17,0.2787543473791182,1
132461,2012-10-17,0.48813088339793953,1
132462,2012-10-17,0.3338406661452402,0
132463,2012-10-17,0.6014893520734979,0
132464,2012-10-17,0.24686727995905694,0
132465,2012-10-17,0.2706299162463713,0
132466,2012-10-17,0.49445741384794073,0
132467,2012-10-17,0.538911892739951,1
132468,2012-10-17,0.2520983408378138,0
132469,2012-10-17,0.3381872433263449,0
132470,2012-10-17,0.4463820930719841,1
132471,2012-10-17,0.4865821565923532,0
132472,2012-10-17,0.5590257629331623,1
132473,2012-10-17,0.2987179061192085,0
132474,2012-10-17,0.39179462937938775,0
132475,2012-10-17,0.3261459965525003,1
132476,2012-10-17,0.4286638298290201,0
132477,2012-10-17,0.25420298157497206,0
132478,2012-10-17,0.3934420643982206,0
132479,2012-10-17,0.23040495004950748,0
132480,2012-10-17,0.2501377366530018,0
132481,2012-10-17,0.23879066506791286,0
132482,2012-10-17,0.5271036391162628,0
132483,2012-10-17,0.31949383667242337,0
132484,2012-10-17,0.35051458630816923,1
132485,2012-10-17,0.35009501910379687,0
132486,2012-10-17,0.2538297362333517,0
132487,2012-10-17,0.7921523130360055,1
132488,2012-10-17,0.2842500232645306,0
132489,2012-10-17,0.5768126047795056,1
132490,2012-10-17,0.35715698729476814,1
132491,2012-10-17,0.27331364278886133,0
132492,2012-10-17,0.3939799357877549,0
132493,2012-10-17,0.27996348130147297,0
132494,2012-10-17,0.3439766196720591,0
132495,2012-10-17,0.29085883548677194,1
132496,2012-10-17,0.5029222138571575,1
132497,2012-10-17,0.40766009753882143,0
132498,2012-10-17,0.5231077387746239,0
132499,2012-10-17,0.6205489748915258,0
132500,2012-10-17,0.2962092230065321,0
132501,2012-10-17,0.5300612840536639,1
132502,2012-10-17,0.23680098718054,0
132503,2012-10-17,0.34259578765116766,0
132504,2012-10-17,0.1410832252802995,0
132505,2012-10-17,0.49863782656557,1
132506,2012-10-17,0.3334933050804849,1
132507,2012-10-17,0.411697118175647,0
132508,2012-10-17,0.25581809746625356,0
132509,2012-10-17,0.3502956575954998,1
132510,2012-10-17,0.3915884803380141,0
132511,2012-10-17,0.4403416415344562,1
132512,2012-10-17,0.08368561383755821,0
132513,2012-10-17,0.5009440441642592,0
132514,2012-10-17,0.6441854681887547,0
132515,2012-10-17,0.37764621457591296,1
132516,2012-10-17,0.24961664111744725,0
132517,2012-10-17,0.16422979064104348,0
132518,2012-10-17,0.20357070023536586,0
132519,2012-10-17,0.25273855271511925,0
132520,2012-10-17,0.22987778999797392,0
132521,2012-10-17,0.4282153956700816,1
132522,2012-10-17,0.41443174692737533,0
132523,2012-10-17,0.19327499364426698,0
132524,2012-10-17,0.1693639584505969,0
132525,2012-10-17,0.1396714129954281,0
132526,2012-10-17,0.36534763948445764,1
132527,2012-10-17,0.5700880987756693,1
132528,2012-10-17,0.3009600801184575,0
132529,2012-10-17,0.25778516953231345,0
132530,2012-10-17,0.17158416593588086,1
132531,2012-10-17,0.21319458570558925,0
132532,2012-10-17,0.308511832911516,0
132533,2012-10-17,0.5935021482107323,0
132534,2012-10-17,0.5028174813805085,0
132535,2012-10-17,0.3262172547327937,0
132536,2012-10-17,0.33076215734357506,0
132537,2012-10-17,0.3675999530526169,0
132538,2012-10-17,0.46914661669613467,1
132539,2012-10-17,0.535817874215695,1
132540,2012-10-17,0.36211925879305423,0
132541,2012-10-17,0.40454476591269084,0
132542,2012-10-17,0.2539330180665173,0
132543,2012-10-17,0.23275813674952198,0
132544,2012-10-17,0.3716899636039815,0
132545,2012-10-17,0.33565818406036996,0
132546,2012-10-17,0.41240475860566456,1
132547,2012-10-17,0.2964564868679904,0
132548,2012-10-17,0.28477601212547465,0
132549,2012-10-17,0.6926878891852835,0
132550,2012-10-17,0.6159823182380483,1
132551,2012-10-17,0.29235639828523774,0
132552,2012-10-17,0.555112102861079,0
132553,2012-10-17,0.3786652971474919,0
132554,2012-10-17,0.5813403964299054,1
132555,2012-10-17,0.42209335668570014,0
132556,2012-10-17,0.2719095363395745,0
132557,2012-10-17,0.38156925436294487,0
132558,2012-10-17,0.21097569784643613,0
132559,2012-10-17,0.5141953692865362,1
132560,2012-10-17,0.7120381374395134,1
132561,2012-10-17,0.3499572454517162,0
132562,2012-10-17,0.21332316091339817,0
132563,2012-10-17,0.4621007355109975,0
132564,2012-10-17,0.31695131876328625,0
132565,2012-10-17,0.28856089780800065,0
132566,2012-10-17,0.14774041220128878,0
132567,2012-10-17,0.5754777680305095,1
132568,2012-10-17,0.5125621807986523,0
132569,2012-10-17,0.31926669072983493,0
132570,2012-10-17,0.3751569808640237,1
132571,2012-10-17,0.4858530082755606,0
132572,2012-10-17,0.15712820198241728,1
132573,2012-10-17,0.21427212394879813,0
132574,2012-10-17,0.3065551975828917,0
132575,2012-10-17,0.3842938190145913,0
132576,2012-10-17,0.40798838859735903,0
132577,2012-10-17,0.3577371089320302,0
132578,2012-10-17,0.3625744259859093,0
132579,2012-10-17,0.48582719126279356,1
132580,2012-10-17,0.3444348731254663,0
132581,2012-10-17,0.2913480216208924,0
132582,2012-10-17,0.3674061804990641,0
132583,2012-10-17,0.2107835701177612,0
132584,2012-10-17,0.3477420381303313,1
132585,2012-10-17,0.40513107033245954,1
132586,2012-10-17,0.12278693187214088,0
132587,2012-10-17,0.16446049629244855,0
132588,2012-10-17,0.3625230098655786,0
132589,2012-10-17,0.4538656322569137,1
132590,2012-10-17,0.5296523074337903,0
132591,2012-10-17,0.44797108620303244,0
132592,2012-10-17,0.3140175677125073,0
132593,2012-10-17,0.1746365417076038,0
132594,2012-10-17,0.4671322531250592,0
132595,2012-10-17,0.08884495336074683,0
132596,2012-10-17,0.6380000572384692,1
132597,2012-10-17,0.36737301977861203,0
132598,2012-10-17,0.4536322626256864,1
132599,2012-10-17,0.2664609013688116,0
132600,2012-10-17,0.4425680237277181,0
132601,2012-10-17,0.29977351801625934,0
132602,2012-10-17,0.43031626192315864,1
132603,2012-10-17,0.23036339118277677,0
132604,2012-10-17,0.2596411555585091,0
132605,2012-10-17,0.304091191542387,1
132606,2012-10-17,0.29404092961120953,0
132607,2012-10-17,0.2046521493079087,0
132608,2012-10-17,0.3706921631192638,1
132609,2012-10-17,0.19575509505449953,0
132610,2012-10-17,0.378191109004875,1
132611,2012-10-17,0.2790343209938196,0
132612,2012-10-17,0.2474921868620796,0
132613,2012-10-17,0.24945200074447177,0
132614,2012-10-17,0.34831791344033686,0
132615,2012-10-17,0.2504012346641776,0
132616,2012-10-17,0.3533679797847383,0
132617,2012-10-17,0.23196192092775755,0
132618,2012-10-17,0.3129828431321106,0
132619,2012-10-17,0.2712965294265055,0
132620,2012-10-17,0.503584186113202,0
132621,2012-10-17,0.2990593697286582,0
132622,2012-10-17,0.5791251475166297,1
132623,2012-10-17,0.2204215232758044,0
132624,2012-10-17,0.37635971202697993,0
132625,2012-10-17,0.3246185451183375,0
132626,2012-10-17,0.44650031449578576,0
132627,2012-10-17,0.43160670526462036,1
132628,2012-10-17,0.39140616590865845,1
132629,2012-10-17,0.3641129489883497,0
132630,2012-10-17,0.12671135397613315,0
132631,2012-10-17,0.22856954218848782,0
132632,2012-10-17,0.3089265979052633,0
132633,2012-10-17,0.14217730416201552,0
132634,2012-10-17,0.40514220310890414,1
132635,2012-10-17,0.4287575091366202,0
132636,2012-10-17,0.16911522395665032,0
132637,2012-10-17,0.5894946681613953,0
132638,2012-10-17,0.26283630176484785,1
132639,2012-10-17,0.16497386600342823,0
132640,2012-10-17,0.45092056986157086,0
132641,2012-10-17,0.4207101128354856,1
132642,2012-10-17,0.18768903167113574,0
132643,2012-10-17,0.2808930900863263,0
132644,2012-10-17,0.3694922049278642,0
132645,2012-10-17,0.22901105036394545,0
132646,2012-10-17,0.2507570391708264,0
132647,2012-10-17,0.46768227989805006,1
132648,2012-10-17,0.23020523264139578,0
132649,2012-10-17,0.3180814589860321,0
132650,2012-10-17,0.43213990224278076,0
132651,2012-10-17,0.41318929099882284,0
132652,2012-10-17,0.3216888689464708,0
132653,2012-10-17,0.4941586874757051,1
132654,2012-10-17,0.43723043532985384,1
132655,2012-10-17,0.3237106838979184,0
132656,2012-10-17,0.594973503322525,0
132657,2012-10-17,0.5293879874126602,1
132658,2012-10-17,0.23057268399174954,0
132659,2012-10-17,0.5794633100208028,1
132660,2012-10-17,0.4268443372717299,0
132661,2012-10-17,0.33302625255102875,0
132662,2012-10-17,0.4152739337151345,0
132663,2012-10-17,0.31701211854227496,1
132664,2012-10-17,0.4148042602505227,0
132665,2012-10-17,0.4270822834012196,1
132666,2012-10-17,0.6484885452402683,1
132667,2012-10-17,0.37826211468165455,0
132668,2012-10-17,0.5299713610959638,0
132669,2012-10-17,0.3312996166263549,0
132670,2012-10-17,0.3470923733634792,0
132671,2012-10-17,0.16554562280546992,0
132672,2012-10-17,0.6682086060598332,1
132673,2012-10-17,0.35239032015056054,0
132674,2012-10-17,0.3721793858535843,0
132675,2012-10-17,0.1629087101255769,0
132676,2012-10-17,0.40655777998792697,1
132677,2012-10-17,0.1789129351400972,0
132678,2012-10-17,0.3106017647926228,0
132679,2012-10-17,0.24653832607669232,0
132680,2012-10-17,0.3925825910701216,1
132681,2012-10-17,0.3735814563775078,1
132682,2012-10-17,0.18647363802413633,0
132683,2012-10-17,0.21225611065467262,0
132684,2012-10-17,0.3315104483375414,0
132685,2012-10-17,0.19187120239638664,0
132686,2012-10-17,0.43263185715487584,0
132687,2012-10-17,0.2586459940944636,0
132688,2012-10-17,0.29296625587961805,1
132689,2012-10-17,0.6776044117362032,0
132690,2012-10-17,0.14094110627827344,0
132691,2012-10-17,0.5231501742046439,1
132692,2012-10-17,0.48192697436995574,0
132693,2012-10-17,0.5062339306642618,0
132694,2012-10-17,0.3056657965222848,0
132695,2012-10-17,0.27580642589734744,0
132696,2012-10-17,0.11630685105593927,0
132697,2012-10-17,0.3339576857858614,0
132698,2012-10-17,0.4215567025126975,0
132699,2012-10-17,0.38848153145306435,0
132700,2012-10-17,0.3964833869684479,0
132701,2012-10-17,0.36201520842512047,0
132702,2012-10-17,0.3410969191557951,0
132703,2012-10-17,0.3562813905096409,0
132704,2012-10-17,0.3307474704769549,0
132705,2012-10-17,0.32323136414484044,0
132706,2012-10-17,0.30523382497747015,0
132707,2012-10-17,0.47384893230045316,0
132708,2012-10-17,0.33986148969550056,0
132709,2012-10-17,0.44748807050973455,0
132710,2012-10-17,0.2527602724010309,0
132711,2012-10-17,0.18659158279306817,0
132712,2012-10-17,0.35576837110304593,0
132713,2012-10-17,0.6306172039980203,1
132714,2012-10-17,0.4781868521247779,1
132715,2012-10-17,0.5083568823332576,0
132716,2012-10-17,0.32236097652647777,1
132717,2012-10-17,0.3384168810826043,0
132718,2012-10-17,0.42271288386035816,1
132719,2012-10-17,0.36329987544212244,0
132720,2012-10-17,0.2745655556807925,0
132721,2012-10-17,0.26528163818047895,0
132722,2012-10-17,0.17474299141754462,0
132723,2012-10-17,0.5261581399355972,1
132724,2012-10-17,0.3073796564050942,0
132725,2012-10-17,0.41226453676843466,1
132726,2012-10-17,0.38920078030304844,1
132727,2012-10-17,0.3451931693580912,0
132728,2012-10-17,0.31612655015745017,0
132729,2012-10-17,0.40655508562787535,1
132730,2012-10-17,0.3988108065697594,0
132731,2012-10-17,0.3480394306777954,0
132732,2012-10-17,0.1697174687580885,0
132733,2012-10-17,0.32871466776861935,1
132734,2012-10-17,0.19614468409473598,0
132735,2012-10-17,0.3785051321616655,0
132736,2012-10-17,0.19905810433702867,0
132737,2012-10-17,0.23868044704594987,0
132738,2012-10-17,0.16335372615100666,0
132739,2012-10-17,0.3297101955268387,0
132740,2012-10-17,0.45620678494692846,1
132741,2012-10-17,0.28128652189772774,0
132742,2012-10-17,0.49268353691661015,1
132743,2012-10-17,0.4353877396094434,0
132744,2012-10-17,0.5289184194543805,1
132745,2012-10-17,0.369748357447359,1
132746,2012-10-17,0.35040764976544697,0
132747,2012-10-17,0.341722297627276,0
132748,2012-10-17,0.2998760392425411,0
132749,2012-10-17,0.4568648678101322,0
132750,2012-10-17,0.23484505621545126,0
132751,2012-10-17,0.24794385749826717,0
132752,2012-10-17,0.42259645628676096,0
132753,2012-10-17,0.35804041213744664,0
132754,2012-10-17,0.45639734214896366,0
132755,2012-10-17,0.2084600813155201,0
132756,2012-10-17,0.4137437461042299,0
132757,2012-10-17,0.47488048875875016,1
132758,2012-10-17,0.1768957755853828,0
132759,2012-10-17,0.23038164422563007,0
132760,2012-10-17,0.46800561408448105,0
132761,2012-10-17,0.30524364950585914,1
132762,2012-10-17,0.42581591787168593,1
132763,2012-10-17,0.6117118135754819,0
132764,2012-10-17,0.34807580067796895,1
132765,2012-10-17,0.16082701289078705,0
132766,2012-10-17,0.25066722335582,0
132767,2012-10-17,0.4532230034127779,0
132768,2012-10-17,0.3359096615003826,1
132769,2012-10-17,0.4546894006604386,1
132770,2012-10-17,0.23573417470982624,0
132771,2012-10-17,0.23100522805399462,0
132772,2012-10-17,0.3952548643237985,0
132773,2012-10-17,0.33402284188052656,0
132774,2012-10-17,0.34645092348339307,1
132775,2012-10-17,0.3355020532604456,1
132776,2012-10-17,0.34347586563989146,0
132777,2012-10-17,0.40442318505617475,0
132778,2012-10-17,0.2898414815719522,0
132779,2012-10-17,0.6181572036959574,1
132780,2012-10-17,0.6536241267421448,0
132781,2012-10-17,0.616701888337521,1
132782,2012-10-17,0.5484649625417944,0
132783,2012-10-17,0.2696485511512743,0
132784,2012-10-17,0.42782601376439006,0
132785,2012-10-17,0.4221890082584879,0
132786,2012-10-17,0.35225053139982926,0
132787,2012-10-17,0.09283021676011832,0
132788,2012-10-17,0.564060722405946,1
132789,2012-10-17,0.41423290113126404,0
132790,2012-10-17,0.42761254583932734,0
132791,2012-10-17,0.3678576440948741,0
132792,2012-10-17,0.2825556347541991,0
132793,2012-10-17,0.22982077517320565,1
132794,2012-10-17,0.41820729035540194,0
132795,2012-10-17,0.5287039323124879,0
132796,2012-10-17,0.28413626828973976,0
132797,2012-10-17,0.43370318169491257,0
132798,2012-10-17,0.36341003930261906,1
132799,2012-10-17,0.2652547296415949,0
132800,2012-10-17,0.3698201714928612,0
132801,2012-10-17,0.398321113994322,0
132802,2012-10-17,0.32050565215582666,0
132803,2012-10-17,0.13557908218044015,0
132804,2012-10-17,0.30063506772349546,0
132805,2012-10-17,0.3972502331162403,0
132806,2012-10-17,0.4682971182284668,0
132807,2012-10-17,0.3418828196015225,0
132808,2012-10-17,0.3625748869461795,0
132809,2012-10-17,0.36862816881232435,0
132810,2012-10-17,0.49376458812186613,1
132811,2012-10-17,0.36127775939604456,0
132812,2012-10-17,0.5005170415006698,1
132813,2012-10-17,0.21114407718203806,0
132814,2012-10-17,0.21814587887683987,0
132815,2012-10-17,0.4031203230567208,0
132816,2012-10-17,0.46746552058758434,1
132817,2012-10-17,0.32902180724844904,0
132818,2012-10-17,0.1702476058136001,1
132819,2012-10-17,0.28179134458268335,1
132820,2012-10-17,0.2693844074950906,0
132821,2012-10-17,0.33881175094686955,1
132822,2012-10-17,0.2835481070820766,0
132823,2012-10-17,0.4345708571147944,0
132824,2012-10-17,0.47206043252760066,0
132825,2012-10-17,0.41188596133994965,0
132826,2012-10-17,0.5007816445956181,0
132827,2012-10-17,0.49623795032560714,0
132828,2012-10-17,0.5634312088626874,1
132829,2012-10-17,0.2603736209190795,0
132830,2012-10-17,0.21148348818881255,0
132831,2012-10-17,0.5921308227444609,0
132832,2012-10-17,0.18821995349902695,0
132833,2012-10-17,0.370993060888972,1
132834,2012-10-17,0.3162627111259051,0
132835,2012-10-17,0.2601548977043788,1
132836,2012-10-17,0.47597738089011815,1
132837,2012-10-17,0.26616862475191383,0
132838,2012-10-17,0.30298859535465106,1
132839,2012-10-17,0.43307789838110655,1
132840,2012-10-17,0.18922630206496147,1
132841,2012-10-17,0.3066451868927855,1
132842,2012-10-17,0.43411154207398833,1
132843,2012-10-17,0.14187674955610932,1
132844,2012-10-17,0.19557201348548212,1
132845,2012-10-17,0.5076071900551961,0
132846,2012-10-17,0.5652475376812454,1
132847,2012-10-17,0.3678022348209185,1
132848,2012-10-17,0.3020411899711994,0
132849,2012-10-17,0.48128510709197625,1
132850,2012-10-17,0.5442090794596588,1
132851,2012-10-17,0.34390344265304335,0
132852,2012-10-17,0.5068254223780801,1
132853,2012-10-17,0.20922878512061516,0
132854,2012-10-17,0.5173097599998897,1
132855,2012-10-17,0.34593999738735237,1
132856,2012-10-17,0.45889998022603673,1
132857,2012-10-17,0.4656778435511065,1
132858,2012-10-17,0.20858721197705435,0
132859,2012-10-17,0.317016611381397,0
132860,2012-10-17,0.49706188252211025,0
132861,2012-10-17,0.6643083076014821,1
132862,2012-10-17,0.180121485249228,0
132863,2012-10-17,0.41627448185664623,1
132864,2012-10-17,0.3991967504850628,0
132865,2012-10-17,0.2613571133412647,0
132866,2012-10-17,0.24180562630530078,0
132867,2012-10-17,0.5244910056217827,0
132868,2012-10-17,0.6215599885648629,0
132869,2012-10-17,0.5154809317927525,0
132870,2012-10-17,0.3569912944785217,0
132871,2012-10-17,0.29982533965665437,1
132872,2012-10-17,0.28937745046925983,0
132873,2012-10-17,0.6215927892052154,0
132874,2012-10-18,0.46440748834991274,0
132875,2012-10-18,0.2869035823048563,1
132876,2012-10-18,0.18116731322472346,0
132877,2012-10-18,0.4964553266338132,0
132878,2012-10-18,0.3597853511638516,0
132879,2012-10-18,0.4711135202172378,0
132880,2012-10-18,0.4004865219862469,0
132881,2012-10-18,0.4064224991130094,0
132882,2012-10-18,0.5598691988950818,1
132883,2012-10-18,0.5563053395558079,1
132884,2012-10-18,0.5464988865381437,1
132885,2012-10-18,0.4399432320522759,1
132886,2012-10-18,0.27537981570474573,1
132887,2012-10-18,0.405525384708528,0
132888,2012-10-18,0.2185430769911428,0
132889,2012-10-18,0.42990918367946496,0
132890,2012-10-18,0.326138711878048,0
132891,2012-10-18,0.25894176142068387,0
132892,2012-10-18,0.4512981426369053,0
132893,2012-10-18,0.37892694959604456,0
132894,2012-10-18,0.4296846716082933,0
132895,2012-10-18,0.24524915898018357,0
132896,2012-10-18,0.23253654188975142,0
132897,2012-10-18,0.6576926720107708,1
132898,2012-10-18,0.20499040215489592,0
132899,2012-10-18,0.6072160195875768,0
132900,2012-10-18,0.27795265190323076,0
132901,2012-10-18,0.7197157144730031,0
132902,2012-10-18,0.47577859509250153,1
132903,2012-10-18,0.27430189834063057,0
132904,2012-10-18,0.4047928310065637,0
132905,2012-10-18,0.4059505403159229,0
132906,2012-10-18,0.3247553363556385,1
132907,2012-10-18,0.14009773344941032,0
132908,2012-10-18,0.32407146820399596,0
132909,2012-10-18,0.3059640118437096,0
132910,2012-10-18,0.38926082300875636,0
132911,2012-10-18,0.48872297075139043,1
132912,2012-10-18,0.15710400905679167,0
132913,2012-10-18,0.2689584131081363,0
132914,2012-10-18,0.46502681289703307,0
132915,2012-10-18,0.6340095516488277,0
132916,2012-10-18,0.41266343667832733,1
132917,2012-10-18,0.3510528092759724,1
132918,2012-10-18,0.49947675178801354,0
132919,2012-10-18,0.1684731453010114,1
132920,2012-10-18,0.5625658135608197,0
132921,2012-10-18,0.3293581764116031,1
132922,2012-10-18,0.4456536806432523,1
132923,2012-10-18,0.6082842586164987,1
132924,2012-10-18,0.37185932569820906,0
132925,2012-10-18,0.6218335149604922,1
132926,2012-10-18,0.6120905649611305,0
132927,2012-10-18,0.19929798640040147,0
132928,2012-10-18,0.27007645668797325,0
132929,2012-10-18,0.4071392242015834,0
132930,2012-10-18,0.3418887581479372,0
132931,2012-10-18,0.2633895157759999,1
132932,2012-10-18,0.20894329615309157,0
132933,2012-10-18,0.25263128022551457,1
132934,2012-10-18,0.6209357796772182,1
132935,2012-10-18,0.32117080248580865,0
132936,2012-10-18,0.38815828940428426,0
132937,2012-10-18,0.43587364018052266,1
132938,2012-10-18,0.2443419257806537,1
132939,2012-10-18,0.6618332727524399,0
132940,2012-10-18,0.49913313590894604,1
132941,2012-10-18,0.11939481649801724,0
132942,2012-10-18,0.29654048006930867,0
132943,2012-10-18,0.5248134834546104,0
132944,2012-10-18,0.20417179093269336,1
132945,2012-10-18,0.3675255917446746,0
132946,2012-10-18,0.3764581070172577,1
132947,2012-10-18,0.49080973456948274,0
132948,2012-10-18,0.25844073984190213,0
132949,2012-10-18,0.3399079485930221,0
132950,2012-10-18,0.23055813324489505,0
132951,2012-10-18,0.3826938093395829,1
132952,2012-10-18,0.4717755154991877,0
132953,2012-10-18,0.3716873459926779,0
132954,2012-10-18,0.4176900831207046,0
132955,2012-10-18,0.2500412008830583,1
132956,2012-10-18,0.34492397156443705,0
132957,2012-10-18,0.4756232513931238,1
132958,2012-10-18,0.5576525328986968,1
132959,2012-10-18,0.2934242214084391,0
132960,2012-10-18,0.5081089093039743,1
132961,2012-10-18,0.2536116299416409,0
132962,2012-10-18,0.3487643298126899,0
132963,2012-10-18,0.213509321595809,0
132964,2012-10-18,0.12101575771190663,0
132965,2012-10-18,0.2569576024916243,0
132966,2012-10-18,0.402993943784931,0
132967,2012-10-18,0.534295948748003,0
132968,2012-10-18,0.30059043686482595,0
132969,2012-10-18,0.3942220622579938,0
132970,2012-10-18,0.4102739485431512,1
132971,2012-10-18,0.2641228946182898,1
132972,2012-10-18,0.6117771720992066,1
132973,2012-10-18,0.44557736934874603,0
132974,2012-10-18,0.14126187207311272,0
132975,2012-10-18,0.45329929242847217,0
132976,2012-10-18,0.5699286126491334,0
132977,2012-10-18,0.3201117746930399,0
132978,2012-10-18,0.33962394026851556,0
132979,2012-10-18,0.31774487494357445,0
132980,2012-10-18,0.41882787341701516,0
132981,2012-10-18,0.31204708651529356,0
132982,2012-10-18,0.11705391632689892,0
132983,2012-10-18,0.2834875996395465,0
132984,2012-10-18,0.4622730440324044,0
132985,2012-10-18,0.5770086610346524,0
132986,2012-10-18,0.43979441140823244,0
132987,2012-10-18,0.5518632301254313,1
132988,2012-10-18,0.3213889781099416,0
132989,2012-10-18,0.23807617154323657,0
132990,2012-10-18,0.44281343538776435,0
132991,2012-10-18,0.2856988628966851,0
132992,2012-10-18,0.13390505564420407,0
132993,2012-10-18,0.4215047288797041,1
132994,2012-10-18,0.5032083742625052,1
132995,2012-10-18,0.5283963637940655,0
132996,2012-10-18,0.22909095845035765,0
132997,2012-10-18,0.2670732104103961,1
132998,2012-10-18,0.4456930806514983,0
132999,2012-10-18,0.12136437290387245,1
133000,2012-10-18,0.2309516901776542,0
133001,2012-10-18,0.5752001611117661,0
133002,2012-10-18,0.394008601259532,1
133003,2012-10-18,0.4424657482145721,1
133004,2012-10-18,0.34209819578015593,0
133005,2012-10-18,0.23061083519197728,0
133006,2012-10-18,0.6543908535606509,0
133007,2012-10-18,0.6200605655020086,1
133008,2012-10-18,0.4082813332650341,0
133009,2012-10-18,0.3633008585969399,1
133010,2012-10-18,0.3936464246124281,0
133011,2012-10-18,0.344357134948226,0
133012,2012-10-18,0.4216615708956736,1
133013,2012-10-18,0.3995540926171722,0
133014,2012-10-18,0.38906061741454906,1
133015,2012-10-18,0.3659913864555102,0
133016,2012-10-18,0.20973878491917217,0
133017,2012-10-18,0.3186665644865424,0
133018,2012-10-18,0.3270536514703509,0
133019,2012-10-18,0.15202964772800484,0
133020,2012-10-18,0.29890764526498775,0
133021,2012-10-18,0.2663538990851115,0
133022,2012-10-18,0.5417970695385577,1
133023,2012-10-18,0.5506390286886861,1
133024,2012-10-18,0.5219744351792462,1
133025,2012-10-18,0.4625979435640749,0
133026,2012-10-18,0.20026367203214634,0
133027,2012-10-18,0.3456347439172962,0
133028,2012-10-18,0.3501788222209843,0
133029,2012-10-18,0.35923060003858953,0
133030,2012-10-18,0.09271581909627728,0
133031,2012-10-18,0.4549183841723614,1
133032,2012-10-18,0.6521640114784424,1
133033,2012-10-18,0.386299967123408,0
133034,2012-10-18,0.2973837999172172,0
133035,2012-10-18,0.6133844811254058,1
133036,2012-10-18,0.3183442108028969,1
133037,2012-10-18,0.3527487925506898,0
133038,2012-10-18,0.46943205297026325,0
133039,2012-10-18,0.2898683056135328,1
133040,2012-10-18,0.401146881645669,0
133041,2012-10-18,0.4533494206623505,1
133042,2012-10-18,0.3830375914971543,0
133043,2012-10-18,0.5547371548505909,0
133044,2012-10-18,0.4899943948484471,1
133045,2012-10-18,0.48660134353234924,0
133046,2012-10-18,0.3059158469049187,0
133047,2012-10-18,0.42818643758056607,0
133048,2012-10-18,0.3686644742790615,1
133049,2012-10-18,0.3358809229655271,0
133050,2012-10-18,0.27519642877663536,0
133051,2012-10-18,0.34330512432787574,1
133052,2012-10-18,0.31325674461951103,0
133053,2012-10-18,0.390465761743823,1
133054,2012-10-18,0.44494830812323927,0
133055,2012-10-18,0.2998195526665226,0
133056,2012-10-18,0.1711083048146395,1
133057,2012-10-18,0.24590087462845808,0
133058,2012-10-18,0.19480254711317996,0
133059,2012-10-18,0.7092035494819098,0
133060,2012-10-18,0.34978417026148595,1
133061,2012-10-18,0.5085870388924566,0
133062,2012-10-18,0.4995634359139538,0
133063,2012-10-18,0.2565497603325104,0
133064,2012-10-18,0.40266260387624186,1
133065,2012-10-18,0.48436172650488,0
133066,2012-10-18,0.4150202461855675,0
133067,2012-10-18,0.10256054404569157,0
133068,2012-10-18,0.24736057223628655,0
133069,2012-10-18,0.2330226129730581,1
133070,2012-10-18,0.21026470523526244,1
133071,2012-10-18,0.26367773164950464,0
133072,2012-10-18,0.2995478988098444,0
133073,2012-10-18,0.48536162510011444,0
133074,2012-10-18,0.3630583070141446,0
133075,2012-10-18,0.24305514519486518,0
133076,2012-10-18,0.3409531551808569,1
133077,2012-10-18,0.2884785716708034,0
133078,2012-10-18,0.39361309024379865,0
133079,2012-10-18,0.21754893023410635,0
133080,2012-10-18,0.40422254151313186,1
133081,2012-10-18,0.2849482542851173,0
133082,2012-10-18,0.5672806252047412,1
133083,2012-10-18,0.3090814170033482,0
133084,2012-10-18,0.36992933171170295,0
133085,2012-10-18,0.38465864546029227,0
133086,2012-10-18,0.3425512712103825,0
133087,2012-10-18,0.4039869589177482,0
133088,2012-10-18,0.554373480180347,0
133089,2012-10-18,0.28733292270891636,1
133090,2012-10-18,0.36873904839358596,0
133091,2012-10-18,0.36657406168551593,0
133092,2012-10-18,0.31039951619996425,0
133093,2012-10-18,0.13279538966964585,0
133094,2012-10-18,0.6363391838328466,0
133095,2012-10-18,0.508894908270405,0
133096,2012-10-18,0.5300280938877289,0
133097,2012-10-18,0.34103023923725967,1
133098,2012-10-18,0.2522662226366058,0
133099,2012-10-18,0.26924997069980666,0
133100,2012-10-18,0.3719151966640308,1
133101,2012-10-18,0.7007626347483393,1
133102,2012-10-18,0.5475558357578527,0
133103,2012-10-18,0.2080074061183734,1
133104,2012-10-18,0.2761408384699859,1
133105,2012-10-18,0.6021403350908955,0
133106,2012-10-18,0.3708640268076855,0
133107,2012-10-18,0.342736172777235,0
133108,2012-10-18,0.2632109075268176,1
133109,2012-10-18,0.11770789537369174,0
133110,2012-10-18,0.2474479943822422,0
133111,2012-10-18,0.26170142880391833,0
133112,2012-10-18,0.3477068468574806,0
133113,2012-10-18,0.14379063600381506,0
133114,2012-10-18,0.31011045632920003,0
133115,2012-10-18,0.17311162134447378,0
133116,2012-10-18,0.5143409344409519,0
133117,2012-10-18,0.2582754677245217,0
133118,2012-10-18,0.5187174848430074,1
133119,2012-10-18,0.457905250992416,1
133120,2012-10-18,0.44253772250787193,1
133121,2012-10-18,0.5613362240344824,1
133122,2012-10-18,0.20514895935641433,0
133123,2012-10-18,0.6288400458211459,0
133124,2012-10-18,0.24291457677367198,0
133125,2012-10-18,0.36096827339900744,1
133126,2012-10-18,0.21766248151630566,0
133127,2012-10-18,0.541105062226536,0
133128,2012-10-18,0.6767816289197968,1
133129,2012-10-18,0.45552878106525846,1
133130,2012-10-18,0.4450077717612093,0
133131,2012-10-18,0.36689414949055216,0
133132,2012-10-18,0.3795369146555095,1
133133,2012-10-18,0.3839741220276197,0
133134,2012-10-18,0.36704678603813873,0
133135,2012-10-18,0.48253439398558584,0
133136,2012-10-18,0.5077074159999301,0
133137,2012-10-18,0.3787597311863756,0
133138,2012-10-18,0.27114797930865653,0
133139,2012-10-18,0.5052080356678832,0
133140,2012-10-18,0.48075471806377096,1
133141,2012-10-18,0.239524486505794,0
133142,2012-10-18,0.24129431997117254,0
133143,2012-10-18,0.24201415263124842,0
133144,2012-10-18,0.08866266014282487,0
133145,2012-10-18,0.6500298275463088,0
133146,2012-10-18,0.3272689952866693,0
133147,2012-10-18,0.4183166548940407,0
133148,2012-10-18,0.6114493819112956,0
133149,2012-10-18,0.6523170950260608,0
133150,2012-10-18,0.1045899046634127,0
133151,2012-10-18,0.5016971370315739,0
133152,2012-10-18,0.5030229374463668,1
133153,2012-10-18,0.49085776841074114,0
133154,2012-10-18,0.4750714799045994,0
133155,2012-10-18,0.45460937464990303,0
133156,2012-10-18,0.3022979540438013,0
133157,2012-10-18,0.2984480870668627,0
133158,2012-10-18,0.31714471068230704,0
133159,2012-10-18,0.34041965591992435,0
133160,2012-10-18,0.23465414971881796,0
133161,2012-10-18,0.6009174937152462,0
133162,2012-10-18,0.32008705649431474,1
133163,2012-10-18,0.2978600923041317,0
133164,2012-10-18,0.25249789509798637,1
133165,2012-10-18,0.47699772926188816,1
133166,2012-10-18,0.26482026484708576,0
133167,2012-10-18,0.5973656225423233,1
133168,2012-10-18,0.41898224234457127,1
133169,2012-10-18,0.42904457172690924,1
133170,2012-10-18,0.36569297497355796,1
133171,2012-10-18,0.5344703091287671,0
133172,2012-10-18,0.43782055318042096,0
133173,2012-10-18,0.2834653812800078,0
133174,2012-10-18,0.40724699893900285,0
133175,2012-10-18,0.388339130419934,0
133176,2012-10-18,0.4127357190654551,1
133177,2012-10-18,0.33564972351637745,0
133178,2012-10-18,0.24794318330667373,0
133179,2012-10-18,0.3531560188136452,0
133180,2012-10-18,0.3489121054573108,1
133181,2012-10-18,0.3797277627007075,1
133182,2012-10-18,0.38997017666221945,1
133183,2012-10-18,0.5053381960202774,0
133184,2012-10-18,0.35940450541720714,0
133185,2012-10-18,0.333906699254897,1
133186,2012-10-18,0.35287341496702607,0
133187,2012-10-18,0.24422479667533498,0
133188,2012-10-18,0.4811210400941342,0
133189,2012-10-18,0.31098179532797804,0
133190,2012-10-18,0.4588652237880056,0
133191,2012-10-18,0.32356669726930487,1
133192,2012-10-18,0.679950382006008,0
133193,2012-10-18,0.359851793884685,0
133194,2012-10-18,0.41953148108756594,0
133195,2012-10-18,0.2843109308110158,0
133196,2012-10-18,0.3147216107590594,0
133197,2012-10-18,0.33416840594742675,0
133198,2012-10-18,0.6000005292454753,0
133199,2012-10-18,0.3374843893039722,0
133200,2012-10-18,0.31077036536489583,1
133201,2012-10-18,0.2433581027320495,0
133202,2012-10-18,0.2833702799921597,0
133203,2012-10-18,0.4579900667128701,0
133204,2012-10-18,0.24101260469522348,0
133205,2012-10-18,0.5716906176476946,1
133206,2012-10-18,0.2366061645628427,0
133207,2012-10-18,0.37966182427185274,0
133208,2012-10-18,0.23074556384084163,0
133209,2012-10-18,0.5621038316643587,0
133210,2012-10-18,0.3389364773404953,0
133211,2012-10-18,0.23621869386334773,0
133212,2012-10-18,0.3396992649623526,1
133213,2012-10-18,0.43199874142766787,1
133214,2012-10-18,0.412869839712063,1
133215,2012-10-18,0.20514895935641433,0
133216,2012-10-18,0.11774543689206007,0
133217,2012-10-18,0.4109614949079721,0
133218,2012-10-18,0.2805258159426182,0
133219,2012-10-18,0.5806905537466539,0
133220,2012-10-18,0.22906760918306296,0
133221,2012-10-18,0.2428518100027585,0
133222,2012-10-18,0.35320027094838824,0
133223,2012-10-18,0.33663525681388295,0
133224,2012-10-18,0.16493879818231527,0
133225,2012-10-18,0.4754840642698139,1
133226,2012-10-18,0.25847132090167285,0
133227,2012-10-18,0.1362360391816758,0
133228,2012-10-18,0.5119890953597934,1
133229,2012-10-18,0.2199586874043444,0
133230,2012-10-18,0.5265473263467122,0
133231,2012-10-18,0.39016673636168114,0
133232,2012-10-18,0.4554283928213189,1
133233,2012-10-18,0.516791327837961,0
133234,2012-10-18,0.3820994429040429,0
133235,2012-10-18,0.48784832377015513,0
133236,2012-10-18,0.2759903660468137,0
133237,2012-10-18,0.5398222471725991,1
133238,2012-10-18,0.5242317443563876,1
133239,2012-10-18,0.19849332471545564,0
133240,2012-10-18,0.5673765650993104,1
133241,2012-10-18,0.5246183004109848,1
133242,2012-10-18,0.35296990159308306,0
133243,2012-10-18,0.10879964227394263,0
133244,2012-10-18,0.3020840941348761,1
133245,2012-10-18,0.1193462288497565,0
133246,2012-10-18,0.5564312597018709,1
133247,2012-10-18,0.3135399697708955,0
133248,2012-10-19,0.44485021167105354,0
133249,2012-10-19,0.32955975714713936,0
133250,2012-10-19,0.3582639008743411,0
133251,2012-10-19,0.29490851670699164,0
133252,2012-10-19,0.41973483525254207,0
133253,2012-10-19,0.23544225427835289,0
133254,2012-10-19,0.6550473098102394,1
133255,2012-10-19,0.22027305549887427,1
133256,2012-10-19,0.1714629470308512,0
133257,2012-10-19,0.44131974492973175,0
133258,2012-10-19,0.24059210614267307,0
133259,2012-10-19,0.5006152118762807,1
133260,2012-10-19,0.4296408221181889,1
133261,2012-10-19,0.3285113107423861,0
133262,2012-10-19,0.42067083759349105,1
133263,2012-10-19,0.6211729953401587,1
133264,2012-10-19,0.5117131256163382,1
133265,2012-10-19,0.34123428568578784,0
133266,2012-10-19,0.6851447734245669,0
133267,2012-10-19,0.2864913027846148,1
133268,2012-10-19,0.3580000265359779,1
133269,2012-10-19,0.20003088254250626,0
133270,2012-10-19,0.2139283154152559,0
133271,2012-10-19,0.32854177091245823,0
133272,2012-10-19,0.352663391186354,0
133273,2012-10-19,0.44121244321775027,0
133274,2012-10-19,0.30897540443702426,0
133275,2012-10-19,0.1693967722158319,0
133276,2012-10-19,0.3087270472880005,0
133277,2012-10-19,0.26519657804069463,0
133278,2012-10-19,0.4481558929346247,0
133279,2012-10-19,0.49080537754527764,1
133280,2012-10-19,0.2205499244820723,1
133281,2012-10-19,0.3582518393609122,0
133282,2012-10-19,0.31892429836065483,0
133283,2012-10-19,0.16363982872417748,0
133284,2012-10-19,0.33208076656951646,0
133285,2012-10-19,0.28498926247043577,0
133286,2012-10-19,0.6160506020954222,1
133287,2012-10-19,0.11947428968096681,0
133288,2012-10-19,0.3242531763964575,0
133289,2012-10-19,0.3835544878964365,1
133290,2012-10-19,0.4182161407336841,1
133291,2012-10-19,0.4197081595209403,0
133292,2012-10-19,0.3633763903214041,0
133293,2012-10-19,0.5007621965831217,0
133294,2012-10-19,0.5601837390655503,1
133295,2012-10-19,0.40044913974236573,1
133296,2012-10-19,0.24629270835066264,1
133297,2012-10-19,0.4056833138369299,1
133298,2012-10-19,0.4574291868310381,1
133299,2012-10-19,0.24956383677357066,1
133300,2012-10-19,0.4151993460790947,1
133301,2012-10-19,0.2145297584717487,0
133302,2012-10-19,0.4365190279456043,1
133303,2012-10-19,0.5366702612162765,1
133304,2012-10-19,0.26178117272595763,0
133305,2012-10-19,0.09517832535174724,0
133306,2012-10-19,0.27687615484041317,0
133307,2012-10-19,0.36224775982980517,0
133308,2012-10-19,0.3342731796768538,0
133309,2012-10-19,0.3952891956760141,1
133310,2012-10-19,0.3303254556359288,1
133311,2012-10-19,0.23715401940271094,0
133312,2012-10-19,0.3244923870727232,1
133313,2012-10-19,0.6362681974141666,1
133314,2012-10-19,0.3321826765916214,0
133315,2012-10-19,0.22318208859136843,0
133316,2012-10-19,0.42158567680996645,0
133317,2012-10-19,0.6150504386269614,0
133318,2012-10-19,0.26214287365487976,0
133319,2012-10-19,0.20333101654949157,1
133320,2012-10-19,0.25601533249125275,1
133321,2012-10-19,0.5245815649339427,0
133322,2012-10-19,0.4482437141170111,0
133323,2012-10-19,0.34595062009840494,1
133324,2012-10-19,0.36586185850204495,0
133325,2012-10-19,0.4320415321966676,1
133326,2012-10-19,0.5861627012021873,1
133327,2012-10-19,0.30009788689232425,0
133328,2012-10-19,0.21152153706097435,0
133329,2012-10-19,0.19230530115532254,0
133330,2012-10-19,0.31537647865390583,0
133331,2012-10-19,0.41653933210687377,1
133332,2012-10-19,0.15868767311532633,1
133333,2012-10-19,0.20845754823496035,0
133334,2012-10-19,0.3530408527102569,1
133335,2012-10-19,0.41171235568209996,1
133336,2012-10-19,0.31516003918777186,0
133337,2012-10-19,0.5818614236006733,1
133338,2012-10-19,0.36858790545349507,1
133339,2012-10-19,0.33170841676500046,1
133340,2012-10-19,0.48450991491441625,1
133341,2012-10-19,0.33478961048728767,0
133342,2012-10-19,0.5771718079458789,1
133343,2012-10-19,0.39267151510318193,1
133344,2012-10-19,0.32335395571016257,1
133345,2012-10-19,0.21773038438774206,0
133346,2012-10-19,0.3948635226944747,0
133347,2012-10-19,0.21125086349411032,0
133348,2012-10-19,0.235378973620762,0
133349,2012-10-19,0.3497507752216351,0
133350,2012-10-19,0.39322885608449415,0
133351,2012-10-19,0.23644190728704384,0
133352,2012-10-19,0.2365075443886236,0
133353,2012-10-19,0.4393386651105522,0
133354,2012-10-19,0.3242130477488353,1
133355,2012-10-19,0.3437635770393715,0
133356,2012-10-19,0.4077294540932525,1
133357,2012-10-19,0.32135617116795884,0
133358,2012-10-19,0.2987250257276711,1
133359,2012-10-19,0.5734238103534068,0
133360,2012-10-19,0.41942531723906734,0
133361,2012-10-19,0.1991881510005033,0
133362,2012-10-19,0.6952429661239907,0
133363,2012-10-19,0.5045669416143913,1
133364,2012-10-19,0.3615923616664506,0
133365,2012-10-19,0.23826356737026863,1
133366,2012-10-19,0.16063339575338473,0
133367,2012-10-19,0.4139567954993869,1
133368,2012-10-19,0.28395455849214185,0
133369,2012-10-19,0.2897562715556022,0
133370,2012-10-19,0.24796055106180018,0
133371,2012-10-19,0.42946407392091557,0
133372,2012-10-19,0.4248165935906224,0
133373,2012-10-19,0.4912378554244998,1
133374,2012-10-19,0.42016744689820607,0
133375,2012-10-19,0.38514800770209257,1
133376,2012-10-19,0.15263392548584995,0
133377,2012-10-19,0.23065544471891036,0
133378,2012-10-19,0.30139849769972576,1
133379,2012-10-19,0.378612131833195,0
133380,2012-10-19,0.357241178540822,0
133381,2012-10-19,0.3605204921992375,0
133382,2012-10-19,0.47180674880102935,1
133383,2012-10-19,0.39328663679417064,1
133384,2012-10-19,0.5269910443027824,1
133385,2012-10-19,0.35150942373748206,1
133386,2012-10-19,0.21517492285759424,0
133387,2012-10-19,0.2837938266765762,0
133388,2012-10-19,0.572125043264453,0
133389,2012-10-19,0.46925178423530217,1
133390,2012-10-19,0.5114842243155714,0
133391,2012-10-19,0.38679180965740373,0
133392,2012-10-19,0.67925804871256,0
133393,2012-10-19,0.2539628035457516,0
133394,2012-10-19,0.39176370906653774,0
133395,2012-10-19,0.20780120751019288,0
133396,2012-10-19,0.2354482889695915,0
133397,2012-10-19,0.47418135913426324,1
133398,2012-10-19,0.4272783539990802,1
133399,2012-10-19,0.29491720489461243,0
133400,2012-10-19,0.23086948806745372,0
133401,2012-10-19,0.17697886963755788,0
133402,2012-10-19,0.19887709428476724,0
133403,2012-10-19,0.5525134170938862,1
133404,2012-10-19,0.44690388781926077,0
133405,2012-10-19,0.24650325888204513,0
133406,2012-10-19,0.3148261272457499,0
133407,2012-10-19,0.29823479461429364,1
133408,2012-10-19,0.2377492014887697,0
133409,2012-10-19,0.5965040618578153,0
133410,2012-10-19,0.5065980532459118,1
133411,2012-10-19,0.34064764052564167,0
133412,2012-10-19,0.275978739127735,0
133413,2012-10-19,0.7159379271356512,1
133414,2012-10-19,0.0925098558143342,0
133415,2012-10-19,0.30791227920290476,1
133416,2012-10-19,0.7353398457915429,1
133417,2012-10-19,0.37131330144500097,0
133418,2012-10-19,0.333095607431446,0
133419,2012-10-19,0.34078675769106975,1
133420,2012-10-19,0.5881299613918178,0
133421,2012-10-19,0.38796861711042935,1
133422,2012-10-19,0.33405099005208194,0
133423,2012-10-19,0.24995658954014593,0
133424,2012-10-19,0.4097390609029156,1
133425,2012-10-19,0.2829549355389568,0
133426,2012-10-19,0.2778265179016907,0
133427,2012-10-19,0.35922173013844905,0
133428,2012-10-19,0.4600892157513814,0
133429,2012-10-19,0.13549398080810734,0
133430,2012-10-19,0.16514583162216812,0
133431,2012-10-19,0.538145597117829,0
133432,2012-10-19,0.3566138354386363,1
133433,2012-10-19,0.46575621109830095,1
133434,2012-10-19,0.3210183493037448,0
133435,2012-10-19,0.21403440665063508,0
133436,2012-10-19,0.7601901487332224,1
133437,2012-10-19,0.5843673615362851,1
133438,2012-10-19,0.4640807090442262,0
133439,2012-10-19,0.39150076795288347,1
133440,2012-10-19,0.14681944375880027,0
133441,2012-10-19,0.41593546130974984,1
133442,2012-10-19,0.5585859670723053,1
133443,2012-10-19,0.2525795182343389,0
133444,2012-10-19,0.512765420631989,0
133445,2012-10-19,0.49151088317993097,1
133446,2012-10-19,0.20071936257313386,0
133447,2012-10-19,0.36780502994082115,0
133448,2012-10-19,0.12170633944068601,0
133449,2012-10-19,0.3997029479287,0
133450,2012-10-19,0.4439211187807962,0
133451,2012-10-19,0.5382426054203803,1
133452,2012-10-19,0.34911962489505105,0
133453,2012-10-19,0.39360089247808583,1
133454,2012-10-19,0.216464852911103,0
133455,2012-10-19,0.26682875144697965,0
133456,2012-10-19,0.4120580248445767,0
133457,2012-10-19,0.30499183719660644,0
133458,2012-10-19,0.4269792885801143,1
133459,2012-10-19,0.36755067845789247,1
133460,2012-10-19,0.1724675177292499,0
133461,2012-10-19,0.22886847808658817,0
133462,2012-10-19,0.5898101206767313,1
133463,2012-10-19,0.2674696036057877,0
133464,2012-10-19,0.27128756931904235,0
133465,2012-10-19,0.38064283261895643,0
133466,2012-10-19,0.26837239951697806,0
133467,2012-10-20,0.36905499024650756,0
133468,2012-10-20,0.46645771039685496,1
133469,2012-10-20,0.22260881443623265,0
133470,2012-10-20,0.16078984573995236,0
133471,2012-10-20,0.3654321128613425,0
133472,2012-10-20,0.41715922739474176,1
133473,2012-10-20,0.336993297801211,1
133474,2012-10-20,0.31189959089806996,0
133475,2012-10-20,0.39000930668586264,1
133476,2012-10-20,0.32872693376515144,1
133477,2012-10-20,0.6268012745105612,0
133478,2012-10-20,0.6189456378976316,0
133479,2012-10-20,0.3080496727230742,1
133480,2012-10-20,0.30583400726315535,0
133481,2012-10-20,0.33407175113693316,1
133482,2012-10-20,0.28828015855058553,0
133483,2012-10-20,0.3807244752131047,0
133484,2012-10-20,0.2925026261653328,0
133485,2012-10-20,0.32462496689515785,1
133486,2012-10-20,0.3717573682021129,0
133487,2012-10-20,0.13553958395682222,0
133488,2012-10-20,0.3621886234700215,1
133489,2012-10-20,0.38181792851997376,0
133490,2012-10-20,0.4051154458285358,1
133491,2012-10-20,0.18308711317363827,0
133492,2012-10-20,0.4281403170996085,1
133493,2012-10-20,0.2880335488400751,0
133494,2012-10-20,0.42097598321545643,1
133495,2012-10-20,0.33251730668716695,1
133496,2012-10-20,0.48777697600134645,0
133497,2012-10-20,0.3245108901476285,0
133498,2012-10-20,0.2017900482997164,0
133499,2012-10-20,0.31500797727551155,1
133500,2012-10-20,0.3096098440019204,0
133501,2012-10-20,0.3474289298521887,0
133502,2012-10-20,0.3009245745360374,1
133503,2012-10-20,0.20808166320725252,0
133504,2012-10-20,0.279512152835672,0
133505,2012-10-20,0.4556425709936549,0
133506,2012-10-20,0.2959384761481662,1
133507,2012-10-20,0.29333871389922256,0
133508,2012-10-20,0.37314350639257865,1
133509,2012-10-20,0.5269755973146639,1
133510,2012-10-20,0.2433000859349534,0
133511,2012-10-20,0.31108654835249866,0
133512,2012-10-20,0.43847684215954674,1
133513,2012-10-20,0.4074960239016289,0
133514,2012-10-20,0.3246529914658647,0
133515,2012-10-20,0.20811149244017862,0
133516,2012-10-20,0.2618094393445748,0
133517,2012-10-20,0.4839830803779602,0
133518,2012-10-20,0.15375830518030095,0
133519,2012-10-20,0.3698720464674889,0
133520,2012-10-20,0.1418032270389696,0
133521,2012-10-20,0.3643969766081886,0
133522,2012-10-20,0.2241093713208795,0
133523,2012-10-20,0.2656478442922956,0
133524,2012-10-20,0.36524007248267465,0
133525,2012-10-20,0.3092713732178428,0
133526,2012-10-20,0.6914617440000634,1
133527,2012-10-20,0.5488454222721996,1
133528,2012-10-20,0.45832969390249,0
133529,2012-10-20,0.3195441455671862,0
133530,2012-10-20,0.24897670790532775,1
133531,2012-10-20,0.5292435136073723,0
133532,2012-10-20,0.28492411985675986,0
133533,2012-10-20,0.4439401144607122,0
133534,2012-10-20,0.372336142675735,0
133535,2012-10-20,0.37371186264706324,1
133536,2012-10-20,0.42816340545304127,0
133537,2012-10-20,0.1940872331803155,0
133538,2012-10-20,0.2382583613912563,0
133539,2012-10-20,0.3616459873371368,0
133540,2012-10-20,0.5132275337319323,1
133541,2012-10-20,0.20102860706096543,0
133542,2012-10-20,0.25324966462861226,0
133543,2012-10-20,0.2984095416097458,0
133544,2012-10-20,0.5428901079601781,0
133545,2012-10-20,0.29529692338814806,0
133546,2012-10-20,0.18179884511787073,0
133547,2012-10-20,0.3922802116583124,1
133548,2012-10-20,0.29013837630048805,1
133549,2012-10-20,0.6527684964893777,0
133550,2012-10-20,0.5098506716861816,1
133551,2012-10-20,0.3490419943488943,1
133552,2012-10-20,0.45107891221273977,1
133553,2012-10-20,0.2544709142462797,0
133554,2012-10-20,0.4305916770055736,1
133555,2012-10-20,0.27460782746223167,0
133556,2012-10-20,0.25386867894556847,0
133557,2012-10-20,0.42163217431022015,1
133558,2012-10-20,0.41495888731066244,1
133559,2012-10-20,0.3234296564831736,0
133560,2012-10-20,0.4314577626267709,0
133561,2012-10-20,0.27852460970714554,0
133562,2012-10-20,0.266373359578678,0
133563,2012-10-20,0.23477022211247012,1
133564,2012-10-20,0.4445058733144089,0
133565,2012-10-20,0.32972922090728235,0
133566,2012-10-20,0.32732222486412027,0
133567,2012-10-20,0.1634725535927076,0
133568,2012-10-20,0.442173191261588,0
133569,2012-10-20,0.43302208933330166,1
133570,2012-10-20,0.33551647272764695,1
133571,2012-10-20,0.31200730844150903,0
133572,2012-10-20,0.47436087323034176,0
133573,2012-10-20,0.22001540055529867,1
133574,2012-10-20,0.22713943713707832,0
133575,2012-10-20,0.5069970425973931,0
133576,2012-10-20,0.19063733536931626,0
133577,2012-10-20,0.26666875921258026,0
133578,2012-10-20,0.53312699294668,1
133579,2012-10-20,0.6177965742210205,1
133580,2012-10-20,0.4645738979866368,0
133581,2012-10-20,0.5207441454035687,0
133582,2012-10-20,0.47846728471975786,0
133583,2012-10-20,0.27655537772288064,0
133584,2012-10-20,0.511424744874472,0
133585,2012-10-20,0.5318163491371525,0
133586,2012-10-20,0.3259765711167924,0
133587,2012-10-20,0.4359208729990226,0
133588,2012-10-20,0.46788389161380567,0
133589,2012-10-20,0.5767592922289703,0
133590,2012-10-20,0.24334192555042722,0
133591,2012-10-20,0.13041299014946306,0
133592,2012-10-20,0.26349822199583395,0
133593,2012-10-20,0.4295022609774752,1
133594,2012-10-20,0.3199220219621923,1
133595,2012-10-20,0.2581812900892885,0
133596,2012-10-20,0.5727370917073906,0
133597,2012-10-20,0.4084377244257372,1
133598,2012-10-20,0.3170393463100611,1
133599,2012-10-20,0.4246204738013425,0
133600,2012-10-20,0.30136054838396126,1
133601,2012-10-20,0.3336537024026435,0
133602,2012-10-20,0.41973614867395953,0
133603,2012-10-20,0.5721803194960436,1
133604,2012-10-20,0.3319869789313733,0
133605,2012-10-20,0.20636209128698943,0
133606,2012-10-20,0.3281088737327334,1
133607,2012-10-20,0.46029239405054506,0
133608,2012-10-20,0.23013703680707923,0
133609,2012-10-20,0.25945224634405206,0
133610,2012-10-20,0.2271658791545219,1
133611,2012-10-20,0.23192461921411814,0
133612,2012-10-20,0.21051697937007285,0
133613,2012-10-20,0.19217771389490287,0
133614,2012-10-20,0.45609332553844395,1
133615,2012-10-20,0.5845484473721038,0
133616,2012-10-20,0.6030858827881055,0
133617,2012-10-20,0.26085778294866013,0
133618,2012-10-20,0.42503576873597454,0
133619,2012-10-20,0.30489926662509664,0
133620,2012-10-20,0.2483188578277115,0
133621,2012-10-20,0.5205041352859748,1
133622,2012-10-20,0.28905705992612085,0
133623,2012-10-20,0.2655499616166877,0
133624,2012-10-20,0.3753559133703878,0
133625,2012-10-20,0.1682888853177569,0
133626,2012-10-20,0.24175836199948264,0
133627,2012-10-20,0.41042512624773764,0
133628,2012-10-20,0.11122685894692086,0
133629,2012-10-20,0.42469946551235477,1
133630,2012-10-20,0.587748893966166,0
133631,2012-10-20,0.47213986597386665,1
133632,2012-10-20,0.3730710570988402,0
133633,2012-10-20,0.280768243093018,1
133634,2012-10-20,0.45770685009004763,0
133635,2012-10-20,0.24178823411136707,1
133636,2012-10-20,0.42976964205185664,0
133637,2012-10-20,0.35596938065552314,0
133638,2012-10-20,0.1959054619989131,0
133639,2012-10-20,0.33315529359678925,0
133640,2012-10-20,0.364458132178804,0
133641,2012-10-20,0.2871102927737346,0
133642,2012-10-20,0.23947475494672615,0
133643,2012-10-20,0.5793228739370101,1
133644,2012-10-20,0.22538804922092354,0
133645,2012-10-20,0.2901788908674421,0
133646,2012-10-20,0.4824865865414865,0
133647,2012-10-20,0.17615788751063,0
133648,2012-10-20,0.5655755992434781,1
133649,2012-10-20,0.20454486625049978,0
133650,2012-10-20,0.2839923686513613,0
133651,2012-10-20,0.3153680339778857,0
133652,2012-10-20,0.26320182200386344,0
133653,2012-10-20,0.2573451075686611,1
133654,2012-10-20,0.2635458911815938,0
133655,2012-10-20,0.38185677301666704,0
133656,2012-10-20,0.2970400281994034,0
133657,2012-10-20,0.22273111995401576,0
133658,2012-10-20,0.43492516215013083,0
133659,2012-10-20,0.3506440863498102,0
133660,2012-10-20,0.4431379089283311,0
133661,2012-10-20,0.2775206706611842,1
133662,2012-10-20,0.19198344184780694,0
133663,2012-10-20,0.39749934721038926,1
133664,2012-10-20,0.365166121758086,0
133665,2012-10-20,0.5927254599225596,0
133666,2012-10-20,0.2653459010603793,1
133667,2012-10-20,0.5883082875417176,0
133668,2012-10-20,0.4364141551568488,0
133669,2012-10-20,0.30273176133231555,0
133670,2012-10-20,0.2689492322746958,0
133671,2012-10-20,0.3841093989707774,1
133672,2012-10-20,0.20005607574125067,1
133673,2012-10-20,0.28185055689442673,0
133674,2012-10-20,0.4673453825956404,0
133675,2012-10-20,0.3392467823401053,0
133676,2012-10-20,0.5331778945984766,0
133677,2012-10-20,0.29270780718561357,0
133678,2012-10-20,0.3910537432926987,0
133679,2012-10-20,0.35836701758933737,0
133680,2012-10-20,0.22147367867157766,0
133681,2012-10-20,0.5464329933701679,0
133682,2012-10-20,0.387121617645238,1
133683,2012-10-20,0.19507398964345077,0
133684,2012-10-20,0.3494887539777585,0
133685,2012-10-20,0.3267246379600018,0
133686,2012-10-20,0.22894670966252373,0
133687,2012-10-20,0.26405164023886374,0
133688,2012-10-20,0.41177811786266505,0
133689,2012-10-20,0.2977642763255103,1
133690,2012-10-20,0.38773428462318393,0
133691,2012-10-20,0.2416388182370073,0
133692,2012-10-20,0.32278179931967815,1
133693,2012-10-20,0.4604933948557399,0
133694,2012-10-20,0.23461633969415985,1
133695,2012-10-20,0.24707212776628135,0
133696,2012-10-20,0.45954734966068167,1
133697,2012-10-20,0.3796678340295469,1
133698,2012-10-20,0.09897817232086359,0
133699,2012-10-20,0.14633798282219163,0
133700,2012-10-20,0.13359598982739423,0
133701,2012-10-20,0.5049766276686656,0
133702,2012-10-20,0.3891503027892647,1
133703,2012-10-20,0.38670048022733977,0
133704,2012-10-20,0.41566486247123396,1
133705,2012-10-20,0.2134512395018442,1
133706,2012-10-20,0.37856881366047296,0
133707,2012-10-20,0.19484711671060398,0
133708,2012-10-20,0.3533253640463086,0
133709,2012-10-20,0.31584582225684854,0
133710,2012-10-20,0.4027580742970883,0
133711,2012-10-20,0.3808949573988183,0
133712,2012-10-20,0.36504121361096237,0
133713,2012-10-20,0.2467100770653046,1
133714,2012-10-20,0.38836015063738955,0
133715,2012-10-20,0.3736525031806501,1
133716,2012-10-20,0.46660216257695475,0
133717,2012-10-20,0.27468148327228353,1
133718,2012-10-20,0.34577389800779373,1
133719,2012-10-20,0.20749355111472936,0
133720,2012-10-20,0.20977956301076392,0
133721,2012-10-20,0.2173946705480568,0
133722,2012-10-20,0.5398996834391608,0
133723,2012-10-20,0.42190412318702836,0
133724,2012-10-20,0.42608516471947366,0
133725,2012-10-20,0.2362442517899813,1
133726,2012-10-20,0.4458678556181266,0
133727,2012-10-20,0.37061692008846464,1
133728,2012-10-20,0.33321617153860805,0
133729,2012-10-20,0.321024829350463,0
133730,2012-10-20,0.3842681333106861,0
133731,2012-10-20,0.1974204539727078,0
133732,2012-10-20,0.5944786548742758,1
133733,2012-10-20,0.39001422650873857,1
133734,2012-10-20,0.23205317683177804,0
133735,2012-10-20,0.273711091424773,1
133736,2012-10-20,0.2646506041231499,1
133737,2012-10-20,0.43978517915470944,0
133738,2012-10-20,0.2675208177155629,0
133739,2012-10-20,0.32231246138819614,0
133740,2012-10-20,0.2314438933593983,0
133741,2012-10-20,0.2826564730633506,0
133742,2012-10-20,0.21061535426086161,0
133743,2012-10-20,0.31548365465053596,0
133744,2012-10-20,0.2820660122570286,0
133745,2012-10-20,0.35435087177466196,0
133746,2012-10-20,0.2837780636151565,1
133747,2012-10-20,0.16572950456950797,0
133748,2012-10-20,0.5557856736956064,1
133749,2012-10-20,0.40379702176501786,0
133750,2012-10-20,0.35305662054281606,0
133751,2012-10-20,0.52462436363152,1
133752,2012-10-20,0.4464780809471186,1
133753,2012-10-20,0.5050528746312368,0
133754,2012-10-20,0.275959337834249,0
133755,2012-10-20,0.5379780963205618,1
133756,2012-10-20,0.4267039646730498,0
133757,2012-10-20,0.31966131045236595,0
133758,2012-10-20,0.40226438593402886,1
133759,2012-10-20,0.4524505724344283,1
133760,2012-10-20,0.2986594899326574,0
133761,2012-10-20,0.18280865068388247,0
133762,2012-10-20,0.4419204618096879,0
133763,2012-10-20,0.29713979787278655,0
133764,2012-10-20,0.4699701626778049,1
133765,2012-10-20,0.3842819824837476,0
133766,2012-10-20,0.2087394636884901,0
133767,2012-10-20,0.32439515120380175,0
133768,2012-10-20,0.16786646838424366,0
133769,2012-10-20,0.2376722415550637,0
133770,2012-10-20,0.35602216270771275,0
133771,2012-10-20,0.4336908077468425,0
133772,2012-10-20,0.2839843578356777,0
133773,2012-10-20,0.3124617913159429,0
133774,2012-10-20,0.3535305453218467,1
133775,2012-10-20,0.41388395022978663,0
133776,2012-10-20,0.29925639512776625,0
133777,2012-10-20,0.5843403363291265,0
133778,2012-10-20,0.16003579964876838,0
133779,2012-10-20,0.2530293495739099,0
133780,2012-10-20,0.1886839313258194,0
133781,2012-10-20,0.6306354647016271,1
133782,2012-10-20,0.4287145212020434,0
133783,2012-10-20,0.31231107065426017,1
133784,2012-10-20,0.2730078846625073,0
133785,2012-10-20,0.6663859578525579,0
133786,2012-10-20,0.37987267442912903,0
133787,2012-10-20,0.2745174388379545,0
133788,2012-10-20,0.34181941813347094,0
133789,2012-10-20,0.4341842598165625,0
133790,2012-10-20,0.5855713182535678,1
133791,2012-10-20,0.26637913288746484,0
133792,2012-10-20,0.5077962866788954,0
133793,2012-10-20,0.2026208732194157,0
133794,2012-10-20,0.17650646730445255,0
133795,2012-10-20,0.31068013914607534,0
133796,2012-10-20,0.2229661915419346,0
133797,2012-10-20,0.16620116843426266,0
133798,2012-10-20,0.21030301683445882,1
133799,2012-10-20,0.1415688032306649,0
133800,2012-10-20,0.35213938300007486,1
133801,2012-10-20,0.4967518573533372,0
133802,2012-10-20,0.42299553280524743,1
133803,2012-10-20,0.2668415288456485,1
133804,2012-10-20,0.44833632104828697,0
133805,2012-10-20,0.5267508248542875,0
133806,2012-10-20,0.15136893484767888,0
133807,2012-10-20,0.40025249851497263,1
133808,2012-10-20,0.16296137993455623,0
133809,2012-10-20,0.20632310738772475,0
133810,2012-10-20,0.2551788458003672,0
133811,2012-10-20,0.3937185881793897,1
133812,2012-10-20,0.583349597436226,1
133813,2012-10-20,0.2448525140578839,0
133814,2012-10-20,0.4545799179740129,1
133815,2012-10-20,0.18806356832263002,0
133816,2012-10-20,0.28784479572510757,0
133817,2012-10-20,0.17428655443176105,0
133818,2012-10-20,0.2979832494708678,0
133819,2012-10-20,0.48018576225524584,0
133820,2012-10-20,0.36744145041848264,1
133821,2012-10-20,0.4253240469630913,1
133822,2012-10-20,0.41865735182821645,0
133823,2012-10-20,0.22428946651648807,0
133824,2012-10-20,0.5383149006234599,1
133825,2012-10-20,0.34535291041851834,0
133826,2012-10-20,0.32657690363968755,0
133827,2012-10-20,0.4788323327104009,0
133828,2012-10-20,0.3780500401787169,0
133829,2012-10-20,0.21328081572713864,0
133830,2012-10-20,0.24829151383902226,0
133831,2012-10-20,0.2992472002138693,0
133832,2012-10-20,0.5921859182099021,1
133833,2012-10-20,0.1590858509736358,0
133834,2012-10-20,0.28542406058864317,0
133835,2012-10-20,0.4472004413219928,0
133836,2012-10-20,0.4062484522496535,0
133837,2012-10-20,0.29650217877960033,0
133838,2012-10-20,0.2765151279481753,0
133839,2012-10-20,0.27781252219276475,1
133840,2012-10-20,0.3252842529032004,1
133841,2012-10-20,0.3559816875741683,0
133842,2012-10-20,0.3561969778662772,1
133843,2012-10-20,0.42989679219560106,1
133844,2012-10-20,0.27619367758216395,0
133845,2012-10-20,0.44899702485665494,1
133846,2012-10-20,0.3806436437404137,1
133847,2012-10-20,0.43461659819634235,1
133848,2012-10-20,0.34251460186858085,0
133849,2012-10-20,0.15751229331967864,0
133850,2012-10-20,0.26072274270272006,0
133851,2012-10-20,0.5076904097473361,0
133852,2012-10-20,0.3487189979376892,0
133853,2012-10-20,0.3597604251509564,0
133854,2012-10-20,0.30552785396799687,1
133855,2012-10-20,0.25615785447760697,0
133856,2012-10-20,0.33114780010835015,0
133857,2012-10-20,0.2500581749879009,0
133858,2012-10-20,0.37151800130098916,1
133859,2012-10-20,0.2666513514041017,0
133860,2012-10-20,0.19201674851750825,0
133861,2012-10-20,0.17641229593795177,0
133862,2012-10-20,0.13924874539716484,0
133863,2012-10-20,0.429268292666813,1
133864,2012-10-20,0.3581193227834115,0
133865,2012-10-20,0.3625767939829963,0
133866,2012-10-20,0.3963750392020346,1
133867,2012-10-20,0.3672471585817364,0
133868,2012-10-20,0.3430020148573378,1
133869,2012-10-20,0.5825017620915209,0
133870,2012-10-20,0.4747489402779393,1
133871,2012-10-20,0.24874668675595818,0
133872,2012-10-20,0.17042569503300833,0
133873,2012-10-20,0.4868828431956121,1
133874,2012-10-20,0.7080745977422278,0
133875,2012-10-20,0.40478158958791444,0
133876,2012-10-20,0.37471126413532935,1
133877,2012-10-20,0.26541924289236596,0
133878,2012-10-20,0.4715160651418148,0
133879,2012-10-20,0.44895915082392934,1
133880,2012-10-20,0.2702475145702495,0
133881,2012-10-20,0.28003308601986426,0
133882,2012-10-20,0.31045069625310945,0
133883,2012-10-20,0.6109547288610477,0
133884,2012-10-20,0.3389291746826766,0
133885,2012-10-20,0.3550312778932852,0
133886,2012-10-20,0.26448596157086857,1
133887,2012-10-20,0.42118990643790943,0
133888,2012-10-20,0.16173552106247943,0
133889,2012-10-20,0.6651752973632029,1
133890,2012-10-20,0.3856159754445865,0
133891,2012-10-20,0.48458003986316617,0
133892,2012-10-20,0.18530459890418088,0
133893,2012-10-20,0.3839013458234479,1
133894,2012-10-20,0.28639251455491666,0
133895,2012-10-20,0.3449260898016119,0
133896,2012-10-20,0.621255885945909,1
133897,2012-10-20,0.5512735284455597,1
133898,2012-10-20,0.5282626060459256,1
133899,2012-10-20,0.1772251886887575,0
133900,2012-10-20,0.3000715170050789,0
133901,2012-10-20,0.48243307552128706,1
133902,2012-10-20,0.4404500362794043,0
133903,2012-10-20,0.22374551065066164,0
133904,2012-10-20,0.4233327117778805,0
133905,2012-10-20,0.3494646910502757,0
133906,2012-10-20,0.4118269965050061,0
133907,2012-10-20,0.23984039359927373,0
133908,2012-10-20,0.22614708873822306,0
133909,2012-10-20,0.09252206412917954,0
133910,2012-10-20,0.3870249159106772,1
133911,2012-10-20,0.11495144037426858,0
133912,2012-10-20,0.4729831742400636,1
133913,2012-10-20,0.34066364713135,0
133914,2012-10-21,0.3391000338486087,0
133915,2012-10-21,0.4194274355284046,0
133916,2012-10-21,0.18947286798852758,0
133917,2012-10-21,0.21720081157622825,1
133918,2012-10-21,0.499519235645461,0
133919,2012-10-21,0.36904678549280595,0
133920,2012-10-21,0.17736345390430058,0
133921,2012-10-21,0.4128498171314258,0
133922,2012-10-21,0.40943928444188965,1
133923,2012-10-21,0.698897608209528,0
133924,2012-10-21,0.34093127284864544,0
133925,2012-10-21,0.09760080371912681,0
133926,2012-10-21,0.20462944692688909,1
133927,2012-10-21,0.13891101436873543,0
133928,2012-10-21,0.33494250117234997,1
133929,2012-10-21,0.313765099776835,0
133930,2012-10-21,0.35792191620244257,0
133931,2012-10-21,0.4316883423680218,0
133932,2012-10-21,0.2607180355374208,0
133933,2012-10-21,0.342244511831607,0
133934,2012-10-21,0.38284263501428045,0
133935,2012-10-21,0.32334909579154764,0
133936,2012-10-21,0.3045335596564523,1
133937,2012-10-21,0.49014511610522415,0
133938,2012-10-21,0.26580322897012104,0
133939,2012-10-21,0.6176081675827961,1
133940,2012-10-21,0.2950978124133046,1
133941,2012-10-21,0.3141084678291997,0
133942,2012-10-21,0.44845700252318826,0
133943,2012-10-21,0.47388186580628533,0
133944,2012-10-21,0.529405110033453,1
133945,2012-10-21,0.415213462847142,1
133946,2012-10-21,0.42879043476248135,0
133947,2012-10-21,0.29590034569859697,0
133948,2012-10-21,0.34777310148573176,0
133949,2012-10-21,0.44944320260478476,1
133950,2012-10-21,0.3413695726858241,0
133951,2012-10-21,0.42625338674935287,0
133952,2012-10-21,0.1544035594332585,0
133953,2012-10-21,0.26927131509354507,0
133954,2012-10-21,0.37111918647797093,0
133955,2012-10-21,0.486439386126215,0
133956,2012-10-21,0.44224077943347095,0
133957,2012-10-21,0.31499888171463775,0
133958,2012-10-21,0.23496429309678868,0
133959,2012-10-21,0.48626251656084085,0
133960,2012-10-21,0.5216470489840356,0
133961,2012-10-21,0.23111351197598332,0
133962,2012-10-21,0.38163468071661666,1
133963,2012-10-21,0.21936393088806921,0
133964,2012-10-21,0.394756379875422,0
133965,2012-10-21,0.10591934989698641,1
133966,2012-10-21,0.41912456975249945,0
133967,2012-10-21,0.37274995607747635,1
133968,2012-10-21,0.38685939117489354,0
133969,2012-10-21,0.3102682490941199,0
133970,2012-10-21,0.24757234029854377,0
133971,2012-10-21,0.5180960760443908,0
133972,2012-10-21,0.5035910810486564,0
133973,2012-10-21,0.3335002836116631,0
133974,2012-10-21,0.47131708955215207,0
133975,2012-10-21,0.6541335136304642,0
133976,2012-10-21,0.1118648336663296,1
133977,2012-10-21,0.1936241353521862,0
133978,2012-10-21,0.34810656330609496,0
133979,2012-10-21,0.3097123969674696,0
133980,2012-10-21,0.25271683378480386,1
133981,2012-10-21,0.3986386981108017,1
133982,2012-10-21,0.35200571897587596,1
133983,2012-10-21,0.4499437464373203,0
133984,2012-10-21,0.3664501761000905,0
133985,2012-10-21,0.5499890956772405,0
133986,2012-10-21,0.25915386027966053,0
133987,2012-10-21,0.1771342521957112,0
133988,2012-10-21,0.20096132788600873,0
133989,2012-10-21,0.19635820894765044,0
133990,2012-10-21,0.3995483988385587,0
133991,2012-10-21,0.47768648216528053,1
133992,2012-10-21,0.4260996257490468,0
133993,2012-10-21,0.20443431784352,1
133994,2012-10-21,0.18046645248271911,0
133995,2012-10-21,0.6305049445189566,1
133996,2012-10-21,0.20211926554561835,0
133997,2012-10-21,0.41151933025784837,0
133998,2012-10-21,0.2665139998986496,1
133999,2012-10-21,0.43490340648004416,1
134000,2012-10-21,0.40364497293973073,0
134001,2012-10-21,0.42509181862324696,0
134002,2012-10-21,0.33888006754932987,0
134003,2012-10-21,0.4534436057047896,1
134004,2012-10-21,0.3280211013438063,0
134005,2012-10-21,0.324583033766495,0
134006,2012-10-21,0.3659088507503048,0
134007,2012-10-21,0.33463290016068936,0
134008,2012-10-21,0.29413510862387104,0
134009,2012-10-21,0.3106935697221779,0
134010,2012-10-21,0.19116722926195986,0
134011,2012-10-21,0.3733587252288957,0
134012,2012-10-21,0.374371257684829,0
134013,2012-10-21,0.5605082862192449,1
134014,2012-10-21,0.351744263902376,1
134015,2012-10-21,0.6426782448492722,0
134016,2012-10-21,0.3879437433023124,0
134017,2012-10-21,0.2919575825923833,0
134018,2012-10-21,0.22678698958191146,0
134019,2012-10-21,0.4672422883197958,0
134020,2012-10-21,0.30956216543209153,0
134021,2012-10-21,0.41065888641129256,1
134022,2012-10-21,0.3115773962873681,0
134023,2012-10-21,0.5278881634822061,0
134024,2012-10-21,0.36619124150689875,0
134025,2012-10-21,0.20002758919994745,0
134026,2012-10-21,0.21455548380196127,1
134027,2012-10-21,0.316333029273077,1
134028,2012-10-21,0.2937314919222618,0
134029,2012-10-21,0.4161720352760257,0
134030,2012-10-21,0.4929087441550579,0
134031,2012-10-21,0.2954713735436805,1
134032,2012-10-21,0.2629690096089668,0
134033,2012-10-21,0.5969629838736696,1
134034,2012-10-21,0.4304248590299407,0
134035,2012-10-21,0.35171434980328153,0
134036,2012-10-21,0.3162229735841428,1
134037,2012-10-21,0.33956734374781367,0
134038,2012-10-21,0.6367387901548012,0
134039,2012-10-21,0.2578604403847591,0
134040,2012-10-21,0.3306922018818723,0
134041,2012-10-21,0.40824260608940954,0
134042,2012-10-21,0.6151665054547502,0
134043,2012-10-21,0.35753573888051743,0
134044,2012-10-21,0.08917546347372547,0
134045,2012-10-21,0.23016737885067004,0
134046,2012-10-21,0.4260215167116422,0
134047,2012-10-21,0.23873226258895083,1
134048,2012-10-21,0.1132484925777902,0
134049,2012-10-21,0.42614989347893434,0
134050,2012-10-21,0.34637655888874325,1
134051,2012-10-21,0.5246061774684533,0
134052,2012-10-21,0.4174193345681051,0
134053,2012-10-21,0.3515503303877986,1
134054,2012-10-21,0.259636327113822,0
134055,2012-10-21,0.2259995157894615,0
134056,2012-10-21,0.44298925186557925,0
134057,2012-10-21,0.442343826335215,0
134058,2012-10-21,0.5849252395323941,1
134059,2012-10-21,0.4075832138229279,0
134060,2012-10-21,0.40098684309125504,0
134061,2012-10-21,0.4378220488438911,1
134062,2012-10-21,0.2687500927017088,0
134063,2012-10-21,0.3672633878644754,1
134064,2012-10-21,0.2750350051329472,1
134065,2012-10-21,0.5345096018981993,1
134066,2012-10-21,0.4301387001600043,0
134067,2012-10-21,0.44098111445421273,0
134068,2012-10-21,0.48195841214587243,1
134069,2012-10-21,0.21306362478249513,1
134070,2012-10-21,0.4930032020783031,1
134071,2012-10-21,0.3539966215264982,0
134072,2012-10-21,0.6370666592549291,0
134073,2012-10-21,0.22326687145060464,0
134074,2012-10-21,0.44320325756432094,0
134075,2012-10-21,0.1471915615163637,0
134076,2012-10-21,0.08138505041262624,0
134077,2012-10-21,0.4566539203090831,1
134078,2012-10-21,0.5768049869034282,0
134079,2012-10-21,0.2954880200012691,0
134080,2012-10-21,0.27686790080018964,1
134081,2012-10-21,0.30470419877593996,1
134082,2012-10-21,0.2853653726105034,0
134083,2012-10-21,0.42330312858246083,1
134084,2012-10-21,0.5752170610155375,0
134085,2012-10-21,0.3509212929027296,0
134086,2012-10-21,0.5834381877940952,0
134087,2012-10-21,0.3687065843698781,1
134088,2012-10-21,0.33023250155821315,0
134089,2012-10-21,0.27910970018938436,0
134090,2012-10-21,0.3154597069134754,0
134091,2012-10-21,0.2591728447361204,1
134092,2012-10-21,0.32936843546269706,0
134093,2012-10-21,0.4180464983895098,0
134094,2012-10-21,0.19772116905958328,0
134095,2012-10-21,0.3664217943609664,0
134096,2012-10-21,0.33699564264685655,0
134097,2012-10-21,0.17339407685113442,0
134098,2012-10-21,0.3365041255619857,0
134099,2012-10-21,0.11334858956654696,0
134100,2012-10-21,0.16128287003796724,0
134101,2012-10-21,0.5762561774772074,0
134102,2012-10-21,0.2302706991686748,0
134103,2012-10-21,0.33056646875120527,0
134104,2012-10-21,0.42856291447988926,0
134105,2012-10-21,0.11952763041871756,0
134106,2012-10-21,0.15475792386856144,0
134107,2012-10-21,0.4032076476569097,0
134108,2012-10-21,0.3794216216315957,0
134109,2012-10-21,0.34207120602195845,0
134110,2012-10-21,0.4931323776579995,1
134111,2012-10-21,0.39225264071775234,0
134112,2012-10-21,0.4280986212436501,0
134113,2012-10-21,0.6191830129293873,1
134114,2012-10-21,0.3353480613282778,0
134115,2012-10-21,0.3531782073330504,1
134116,2012-10-21,0.36092194800078825,0
134117,2012-10-21,0.2580739120282876,0
134118,2012-10-21,0.5607831557505083,0
134119,2012-10-21,0.24110458672212343,0
134120,2012-10-21,0.4069955624683691,1
134121,2012-10-21,0.1360653029256886,0
134122,2012-10-21,0.2040487964200338,0
134123,2012-10-21,0.46165895066540485,0
134124,2012-10-21,0.5640819160115539,0
134125,2012-10-21,0.44844857445064096,1
134126,2012-10-21,0.17915261436203514,0
134127,2012-10-21,0.649315416327032,1
134128,2012-10-21,0.23660579362381934,1
134129,2012-10-21,0.3429779049397207,0
134130,2012-10-21,0.45646609983469577,0
134131,2012-10-21,0.3325329769750468,0
134132,2012-10-21,0.5420243304682408,1
134133,2012-10-21,0.3286315984933077,1
134134,2012-10-21,0.3165957587402269,0
134135,2012-10-21,0.3472492604739215,1
134136,2012-10-21,0.4825431756378754,1
134137,2012-10-21,0.2538533851234923,0
134138,2012-10-21,0.4830996788742491,1
134139,2012-10-21,0.17460568488440145,0
134140,2012-10-21,0.5298609657444927,0
134141,2012-10-21,0.45565249096671284,0
134142,2012-10-21,0.30581985031447945,0
134143,2012-10-21,0.3076546893065861,0
134144,2012-10-21,0.46150749345937964,1
134145,2012-10-21,0.2527226177726461,1
134146,2012-10-21,0.37548092549387185,0
134147,2012-10-21,0.26711323927983477,0
134148,2012-10-21,0.43892295407975573,0
134149,2012-10-21,0.3488356062641693,0
134150,2012-10-21,0.3191139699195572,1
134151,2012-10-21,0.54480409612109,0
134152,2012-10-21,0.3415394202534584,0
134153,2012-10-21,0.3533792853622158,0
134154,2012-10-21,0.2856743978475102,0
134155,2012-10-21,0.2847050489142491,1
134156,2012-10-21,0.41503266154074614,0
134157,2012-10-21,0.39859520129251774,0
134158,2012-10-21,0.21533916722214955,0
134159,2012-10-21,0.5150438532285088,0
134160,2012-10-21,0.22505128654461332,0
134161,2012-10-21,0.3198787342495093,0
134162,2012-10-21,0.6220415545107091,1
134163,2012-10-21,0.2243003161332835,0
134164,2012-10-21,0.2788370141329344,0
134165,2012-10-21,0.22400365823962357,1
134166,2012-10-21,0.4449107078555261,0
134167,2012-10-21,0.6247567768958533,1
134168,2012-10-21,0.4046911069955888,0
134169,2012-10-21,0.558593670844187,0
134170,2012-10-21,0.15467795812095847,0
134171,2012-10-21,0.18200213831485962,0
134172,2012-10-21,0.3514642022516909,0
134173,2012-10-21,0.4815953203270858,0
134174,2012-10-21,0.5267145444776357,0
134175,2012-10-21,0.2644727482469644,1
134176,2012-10-21,0.24337434394471066,1
134177,2012-10-21,0.4443683983048049,0
134178,2012-10-21,0.20531673803783418,0
134179,2012-10-21,0.4499626084513337,0
134180,2012-10-21,0.22996713540524308,0
134181,2012-10-21,0.22866147259403663,0
134182,2012-10-21,0.2580285629133695,0
134183,2012-10-21,0.39834628296346924,0
134184,2012-10-21,0.24904051082301762,0
134185,2012-10-21,0.431897515775234,0
134186,2012-10-21,0.4047757280764405,0
134187,2012-10-21,0.2857593212924563,0
134188,2012-10-21,0.6008519355240253,0
134189,2012-10-21,0.5139045907969519,1
134190,2012-10-21,0.590310665661662,0
134191,2012-10-21,0.4731935305611757,0
134192,2012-10-21,0.36021803709211575,0
134193,2012-10-21,0.21681116206380494,0
134194,2012-10-21,0.28497160836839397,0
134195,2012-10-21,0.3888355743754001,0
134196,2012-10-21,0.21946396363395357,1
134197,2012-10-21,0.6092697109995061,0
134198,2012-10-21,0.3464041700040264,0
134199,2012-10-21,0.20544461940786565,0
134200,2012-10-21,0.19544755158392124,0
134201,2012-10-21,0.5024484541915293,0
134202,2012-10-21,0.37155243690144846,0
134203,2012-10-21,0.746677177101163,1
134204,2012-10-21,0.5747490214866269,0
134205,2012-10-21,0.3617835463859676,1
134206,2012-10-21,0.4673362628153632,1
134207,2012-10-21,0.25841159692282895,1
134208,2012-10-21,0.31980190528005287,1
134209,2012-10-21,0.39783849983777253,0
134210,2012-10-21,0.5430266543520297,1
134211,2012-10-21,0.31183454824023105,0
134212,2012-10-21,0.3360716021190644,0
134213,2012-10-21,0.4092832846217337,0
134214,2012-10-21,0.29636673158160315,1
134215,2012-10-21,0.6522970310520781,1
134216,2012-10-21,0.36283661777693815,1
134217,2012-10-21,0.24493055235715377,0
134218,2012-10-21,0.6489102232938615,1
134219,2012-10-21,0.5933859367838521,0
134220,2012-10-21,0.2365454671713369,1
134221,2012-10-21,0.24743052139414054,0
134222,2012-10-21,0.30773063754247326,1
134223,2012-10-21,0.25997619014891615,0
134224,2012-10-21,0.333746035371477,0
134225,2012-10-21,0.3468859797297163,0
134226,2012-10-21,0.4193405998474319,1
134227,2012-10-21,0.33057364727343,1
134228,2012-10-21,0.3648918900926822,1
134229,2012-10-21,0.3887692072510525,1
134230,2012-10-21,0.4626912071981686,0
134231,2012-10-21,0.16911282990039248,0
134232,2012-10-21,0.6497894815901909,1
134233,2012-10-21,0.337335716662452,0
134234,2012-10-21,0.29716185021462493,1
134235,2012-10-21,0.35978157239010655,0
134236,2012-10-21,0.14341371528992555,0
134237,2012-10-21,0.48448858880216533,1
134238,2012-10-21,0.36452818522875563,0
134239,2012-10-21,0.3777526572677558,1
134240,2012-10-21,0.2642814280587624,0
134241,2012-10-21,0.5847560643991963,0
134242,2012-10-21,0.3127078730726529,0
134243,2012-10-21,0.32118814771862525,0
134244,2012-10-21,0.24113909315247598,1
134245,2012-10-21,0.41290978476180135,0
134246,2012-10-21,0.4727943895623127,1
134247,2012-10-21,0.48898628458390775,0
134248,2012-10-21,0.27872291334841515,0
134249,2012-10-21,0.3353556477972385,0
134250,2012-10-21,0.43940422630968573,1
134251,2012-10-21,0.43345083568310216,0
134252,2012-10-21,0.4071921047665634,0
134253,2012-10-21,0.3359489692880761,0
134254,2012-10-21,0.24062287866490745,0
134255,2012-10-21,0.16612585907771782,0
134256,2012-10-21,0.3546926274856844,0
134257,2012-10-21,0.4324552939322882,0
134258,2012-10-21,0.33772413085633274,1
134259,2012-10-21,0.4446636692976448,0
134260,2012-10-21,0.4084390898712077,1
134261,2012-10-21,0.35418166375779403,1
134262,2012-10-21,0.32261395121347136,0
134263,2012-10-21,0.6611681074431692,1
134264,2012-10-21,0.4453064969050506,1
134265,2012-10-21,0.31720621217606876,1
134266,2012-10-21,0.26186613945010645,0
134267,2012-10-21,0.39463896006171556,1
134268,2012-10-21,0.4059836224420058,0
134269,2012-10-21,0.17894835292386002,0
134270,2012-10-21,0.25092702114966303,0
134271,2012-10-21,0.35124699477467675,1
134272,2012-10-21,0.5186010415372546,0
134273,2012-10-21,0.4703057805921312,1
134274,2012-10-21,0.24306207022113163,0
134275,2012-10-21,0.49129184989167984,0
134276,2012-10-21,0.36206182023670946,0
134277,2012-10-21,0.30260325984406744,0
134278,2012-10-21,0.4216898545761006,0
134279,2012-10-21,0.32997943990192113,0
134280,2012-10-21,0.3879767573526482,1
134281,2012-10-21,0.3135393088635373,1
134282,2012-10-21,0.27341331932347845,0
134283,2012-10-21,0.49590947385752104,0
134284,2012-10-21,0.23739050007487703,0
134285,2012-10-21,0.5205240118739192,0
134286,2012-10-21,0.4244936960060296,0
134287,2012-10-21,0.3310653727960366,1
134288,2012-10-21,0.4968980354056264,0
134289,2012-10-21,0.5294690059716325,1
134290,2012-10-21,0.2983164433938986,0
134291,2012-10-21,0.31129551482854084,0
134292,2012-10-21,0.5486268660725645,0
134293,2012-10-21,0.32499306550359375,1
134294,2012-10-21,0.29708461231507666,0
134295,2012-10-21,0.38775084853355185,0
134296,2012-10-21,0.1832105352973371,0
134297,2012-10-21,0.2869797893792773,0
134298,2012-10-21,0.40235624933373587,0
134299,2012-10-21,0.30876331561954873,0
134300,2012-10-21,0.4627683614627623,1
134301,2012-10-21,0.22854757359937602,0
134302,2012-10-21,0.4999701331683238,0
134303,2012-10-21,0.6844576657867545,0
134304,2012-10-21,0.6117519425652845,0
134305,2012-10-21,0.5082075316893303,1
134306,2012-10-21,0.36954739504686485,1
134307,2012-10-21,0.2193931363709566,0
134308,2012-10-21,0.45967557527343966,1
134309,2012-10-21,0.26208060541671163,0
134310,2012-10-21,0.43360424345751625,0
134311,2012-10-21,0.32558327836507567,0
134312,2012-10-21,0.22414200131072434,0
134313,2012-10-21,0.5702915548962607,0
134314,2012-10-21,0.46053110488351406,0
134315,2012-10-21,0.376785309999205,0
134316,2012-10-21,0.20547019637187602,0
134317,2012-10-21,0.4035755933807317,0
134318,2012-10-21,0.42261070813197177,1
134319,2012-10-21,0.3825032204671301,0
134320,2012-10-21,0.43742330551932807,0
134321,2012-10-21,0.4592806081311212,1
134322,2012-10-21,0.2576063128758135,0
134323,2012-10-21,0.24390331579199556,0
134324,2012-10-21,0.31988184798710895,0
134325,2012-10-21,0.40590163096367093,1
134326,2012-10-21,0.3443488016310888,0
134327,2012-10-21,0.30709500232852277,1
134328,2012-10-21,0.38781908838402923,1
134329,2012-10-21,0.22882326380901372,1
134330,2012-10-21,0.25728784674232463,0
134331,2012-10-21,0.33521727562624243,0
134332,2012-10-21,0.15433821772663942,0
134333,2012-10-21,0.26860183584907926,0
134334,2012-10-21,0.5047726180807234,1
134335,2012-10-21,0.37299007118315225,0
134336,2012-10-21,0.41778459541211854,0
134337,2012-10-21,0.2491003225905144,0
134338,2012-10-21,0.28398291074054616,0
134339,2012-10-21,0.3849451516863811,1
134340,2012-10-21,0.5325241409184749,0
134341,2012-10-21,0.0904193743257179,0
134342,2012-10-21,0.5810720122953441,0
134343,2012-10-21,0.3087073849212243,1
134344,2012-10-21,0.3858203344659083,0
134345,2012-10-21,0.33991375083161945,0
134346,2012-10-21,0.11984577759189712,0
134347,2012-10-21,0.27294065362826475,1
134348,2012-10-21,0.7266646366950599,1
134349,2012-10-21,0.5854621948744168,0
134350,2012-10-21,0.33720387421314796,0
134351,2012-10-21,0.39439159461315376,0
134352,2012-10-21,0.3122136724101879,0
134353,2012-10-21,0.5547268738860397,1
134354,2012-10-21,0.32238313022425047,0
134355,2012-10-21,0.3513877934564932,0
134356,2012-10-21,0.4497543303302088,0
134357,2012-10-21,0.3648097244636705,0
134358,2012-10-21,0.26612600191386787,0
134359,2012-10-21,0.21654936627453064,0
134360,2012-10-21,0.29970798519723973,0
134361,2012-10-21,0.3622207061976407,0
134362,2012-10-21,0.46620732056821684,0
134363,2012-10-21,0.44762109967578223,0
134364,2012-10-21,0.34335346476533046,0
134365,2012-10-21,0.16311372048150632,0
134366,2012-10-21,0.32760215850952373,0
134367,2012-10-21,0.3034444849284245,0
134368,2012-10-21,0.5030564823776039,0
134369,2012-10-21,0.37847334815415223,0
134370,2012-10-21,0.47868737661322996,0
134371,2012-10-21,0.24061557138559247,0
134372,2012-10-21,0.3451866613748884,0
134373,2012-10-21,0.4251480689188708,1
134374,2012-10-21,0.5941522880928719,1
134375,2012-10-21,0.3906770051597138,1
134376,2012-10-21,0.3073575913050647,0
134377,2012-10-21,0.3748163824302918,0
134378,2012-10-21,0.22740014116486898,0
134379,2012-10-21,0.24803054832346272,1
134380,2012-10-21,0.38732256728238446,0
134381,2012-10-21,0.09265606046933957,0
134382,2012-10-21,0.2501153177730998,0
134383,2012-10-21,0.28944109197555346,0
134384,2012-10-21,0.40836993203115296,1
134385,2012-10-21,0.35829816445999674,1
134386,2012-10-21,0.5130760774419185,0
134387,2012-10-21,0.2679125974717142,0
134388,2012-10-21,0.6863499122520887,0
134389,2012-10-21,0.3002868457039583,1
134390,2012-10-21,0.1619519791540286,0
134391,2012-10-21,0.41200334250286524,0
134392,2012-10-21,0.1951633777227802,0
134393,2012-10-22,0.3374851917479688,0
134394,2012-10-22,0.16224999568085743,0
134395,2012-10-22,0.14005119811029687,0
134396,2012-10-22,0.35938484387117725,0
134397,2012-10-22,0.18883837857708627,0
134398,2012-10-22,0.21796190812003374,0
134399,2012-10-22,0.3340493962240491,0
134400,2012-10-22,0.4260398387819365,1
134401,2012-10-22,0.4147541606269819,0
134402,2012-10-22,0.412988776506063,1
134403,2012-10-22,0.2499365438204569,0
134404,2012-10-22,0.2860317652514734,0
134405,2012-10-22,0.5682196128723477,1
134406,2012-10-22,0.4355887942191005,0
134407,2012-10-22,0.23884698065652318,1
134408,2012-10-22,0.242548149591332,0
134409,2012-10-22,0.5692570125177742,1
134410,2012-10-22,0.4260345711504327,0
134411,2012-10-22,0.30333182080515914,0
134412,2012-10-22,0.2766198045274713,0
134413,2012-10-22,0.2696666932683192,0
134414,2012-10-22,0.30609916375529084,0
134415,2012-10-22,0.17445537758233717,0
134416,2012-10-22,0.310517539726087,0
134417,2012-10-22,0.24176574618197527,0
134418,2012-10-22,0.4264069128940148,1
134419,2012-10-22,0.18666993945438698,0
134420,2012-10-22,0.22767029904419134,0
134421,2012-10-22,0.3039658409542942,0
134422,2012-10-22,0.611338636227026,1
134423,2012-10-22,0.2358609069682329,0
134424,2012-10-22,0.11807046210843454,0
134425,2012-10-22,0.4419989400416254,1
134426,2012-10-22,0.28526873838537,0
134427,2012-10-22,0.18747291064786106,0
134428,2012-10-22,0.1973038553753359,0
134429,2012-10-22,0.27462412122026353,0
134430,2012-10-22,0.40799692952558825,1
134431,2012-10-22,0.17217921240489445,1
134432,2012-10-22,0.3840392401918479,0
134433,2012-10-22,0.4223371962250214,1
134434,2012-10-22,0.44421510319093477,0
134435,2012-10-22,0.40578681138575756,0
134436,2012-10-22,0.3816334927312033,0
134437,2012-10-22,0.36352202994983046,0
134438,2012-10-22,0.10270426008107392,0
134439,2012-10-22,0.36598190738742986,0
134440,2012-10-22,0.6835384136624133,1
134441,2012-10-22,0.44176450155079705,1
134442,2012-10-22,0.4739372574156284,0
134443,2012-10-22,0.44411683814956443,1
134444,2012-10-22,0.6346431462655605,1
134445,2012-10-22,0.33962175336555067,1
134446,2012-10-22,0.3685556701149377,1
134447,2012-10-22,0.5656163140940242,1
134448,2012-10-22,0.38531915514342374,0
134449,2012-10-22,0.24186675419304465,0
134450,2012-10-22,0.5375607794838271,0
134451,2012-10-22,0.5236879635865797,1
134452,2012-10-22,0.4908621493425891,0
134453,2012-10-22,0.4598481892735264,0
134454,2012-10-22,0.4966115356885079,1
134455,2012-10-22,0.1552556591894604,1
134456,2012-10-22,0.2520483370517937,1
134457,2012-10-22,0.6755382421255768,0
134458,2012-10-22,0.5387474670658988,0
134459,2012-10-22,0.42591958337864466,0
134460,2012-10-22,0.22293930309377108,0
134461,2012-10-22,0.4431106385952372,0
134462,2012-10-22,0.6385338399333491,1
134463,2012-10-22,0.3912613382018595,0
134464,2012-10-22,0.39348651060853834,1
134465,2012-10-22,0.6718529034369222,0
134466,2012-10-22,0.42473568865161043,0
134467,2012-10-22,0.3688065969111507,0
134468,2012-10-22,0.37963918451187184,1
134469,2012-10-22,0.41192026140156607,0
134470,2012-10-22,0.25723354090825956,0
134471,2012-10-22,0.4385556774263631,0
134472,2012-10-22,0.3578523514813849,1
134473,2012-10-22,0.16735624489402612,0
134474,2012-10-22,0.31576394678231745,0
134475,2012-10-22,0.6368397564959609,1
134476,2012-10-22,0.4585499107159785,1
134477,2012-10-22,0.3890447293899355,1
134478,2012-10-22,0.26881652018983904,0
134479,2012-10-22,0.2447532168434379,0
134480,2012-10-22,0.12117898898418858,0
134481,2012-10-22,0.590480796267881,0
134482,2012-10-22,0.530864817759478,0
134483,2012-10-22,0.35258273844929255,0
134484,2012-10-22,0.34973383326709373,1
134485,2012-10-22,0.2971985854976309,0
134486,2012-10-22,0.505859785073121,0
134487,2012-10-22,0.36471878868769697,1
134488,2012-10-22,0.30445511359213207,1
134489,2012-10-22,0.6094079635322528,1
134490,2012-10-22,0.25209976473818346,0
134491,2012-10-22,0.35361579121691544,1
134492,2012-10-22,0.2789041790990394,0
134493,2012-10-22,0.35594941585335815,0
134494,2012-10-22,0.4658535645664251,0
134495,2012-10-22,0.3773217692915836,0
134496,2012-10-22,0.4604982735955964,1
134497,2012-10-22,0.5091764905702555,0
134498,2012-10-22,0.2045725541193161,0
134499,2012-10-22,0.30598559051591034,1
134500,2012-10-22,0.21159451688482914,0
134501,2012-10-22,0.29874944578901913,1
134502,2012-10-22,0.4195490506582809,0
134503,2012-10-22,0.14007850534423172,0
134504,2012-10-22,0.20823969383675242,0
134505,2012-10-22,0.28147121367199546,0
134506,2012-10-22,0.5611187312915634,0
134507,2012-10-22,0.2638629041163378,1
134508,2012-10-22,0.2694283274972439,0
134509,2012-10-22,0.41693787548229055,0
134510,2012-10-22,0.21584942564008738,0
134511,2012-10-22,0.34103889145670185,0
134512,2012-10-22,0.41607534419557496,0
134513,2012-10-22,0.648066632016439,0
134514,2012-10-22,0.5591443455659534,0
134515,2012-10-22,0.4232172598979523,1
134516,2012-10-22,0.6007448914699135,1
134517,2012-10-22,0.27170192339573235,0
134518,2012-10-22,0.5701189046238829,1
134519,2012-10-22,0.4300783119832738,1
134520,2012-10-22,0.15227027660372514,0
134521,2012-10-22,0.30470037621994905,0
134522,2012-10-22,0.6611879763718952,1
134523,2012-10-22,0.29901167409212837,1
134524,2012-10-22,0.5490653459330657,0
134525,2012-10-22,0.2444667585539701,0
134526,2012-10-22,0.3421811386197609,0
134527,2012-10-22,0.5058683222532662,0
134528,2012-10-22,0.43454778056756993,1
134529,2012-10-22,0.36640846882704936,1
134530,2012-10-22,0.5316619377409447,0
134531,2012-10-22,0.32910303341240826,0
134532,2012-10-22,0.5176537869717969,1
134533,2012-10-22,0.33190221215881016,0
134534,2012-10-22,0.21982788838294853,0
134535,2012-10-22,0.3474558236047224,0
134536,2012-10-22,0.29228439979792853,0
134537,2012-10-22,0.23184667238849144,1
134538,2012-10-22,0.26587642418383306,1
134539,2012-10-22,0.3768654554197816,0
134540,2012-10-22,0.3889138235606994,0
134541,2012-10-22,0.4563646368407304,1
134542,2012-10-22,0.6519802410753935,0
134543,2012-10-22,0.30639828656435647,0
134544,2012-10-22,0.5403283924822557,0
134545,2012-10-22,0.2024339992818633,0
134546,2012-10-22,0.363946653878155,0
134547,2012-10-22,0.5069585326396518,1
134548,2012-10-22,0.2836765869680465,0
134549,2012-10-22,0.3307704166094293,0
134550,2012-10-22,0.24474545508607315,0
134551,2012-10-22,0.6539128434203714,0
134552,2012-10-22,0.45190935267400056,0
134553,2012-10-22,0.440183883829391,1
134554,2012-10-22,0.22083300195002664,0
134555,2012-10-22,0.3302293536254205,0
134556,2012-10-22,0.3844667106326585,0
134557,2012-10-22,0.43460360048056784,1
134558,2012-10-22,0.6078161194559731,1
134559,2012-10-22,0.3202801598513262,0
134560,2012-10-22,0.23883039366115497,0
134561,2012-10-22,0.28389566743263256,0
134562,2012-10-22,0.23044768860260223,0
134563,2012-10-22,0.29601108684096106,0
134564,2012-10-22,0.2328723030720041,0
134565,2012-10-22,0.3615324445534588,0
134566,2012-10-22,0.33756304740939674,0
134567,2012-10-22,0.352996842085675,0
134568,2012-10-22,0.2503056340065806,0
134569,2012-10-22,0.49522529508077545,0
134570,2012-10-22,0.3928796630742759,1
134571,2012-10-22,0.4635726892708991,1
134572,2012-10-22,0.22584478154020424,0
134573,2012-10-22,0.3595654906984043,0
134574,2012-10-22,0.7305011517399561,0
134575,2012-10-22,0.28334666816735743,1
134576,2012-10-22,0.35581194239685493,1
134577,2012-10-22,0.2947354173949238,1
134578,2012-10-22,0.4125785152908473,0
134579,2012-10-22,0.47147274854403887,0
134580,2012-10-22,0.27185420615688005,0
134581,2012-10-22,0.3678971891858333,0
134582,2012-10-22,0.6117279641079465,0
134583,2012-10-22,0.2053878669255628,0
134584,2012-10-22,0.5714333014614638,0
134585,2012-10-22,0.23318294273734597,0
134586,2012-10-22,0.49945953103326063,0
134587,2012-10-22,0.37852576860010384,0
134588,2012-10-22,0.18243088713485642,0
134589,2012-10-22,0.6030008615029727,1
134590,2012-10-22,0.29703832069288916,0
134591,2012-10-22,0.3022662837556873,0
134592,2012-10-22,0.283765741137148,1
134593,2012-10-22,0.5812143163234381,0
134594,2012-10-22,0.6451045315884527,1
134595,2012-10-22,0.3680316548046615,0
134596,2012-10-22,0.451551233834663,1
134597,2012-10-22,0.30312485058440747,0
134598,2012-10-22,0.3515245823914839,0
134599,2012-10-22,0.33379252482684113,0
134600,2012-10-22,0.5344692539432114,0
134601,2012-10-22,0.19645780425419562,0
134602,2012-10-22,0.24606521074708207,0
134603,2012-10-22,0.3775789995647761,0
134604,2012-10-22,0.5148891989184632,0
134605,2012-10-22,0.38837647043061363,0
134606,2012-10-22,0.532656430807212,1
134607,2012-10-22,0.3291227436038573,0
134608,2012-10-22,0.21801564805594134,0
134609,2012-10-22,0.32870641193555156,1
134610,2012-10-22,0.40269129069512544,1
134611,2012-10-22,0.21613957298436598,0
134612,2012-10-22,0.20570041614726822,0
134613,2012-10-22,0.19879299223133975,1
134614,2012-10-22,0.5679188997560781,1
134615,2012-10-22,0.49040663416672453,1
134616,2012-10-22,0.32430333205689554,0
134617,2012-10-22,0.1436376951264092,0
134618,2012-10-22,0.5572639804055289,0
134619,2012-10-22,0.34428440237046193,0
134620,2012-10-22,0.3728123692197935,1
134621,2012-10-22,0.38354620525600774,1
134622,2012-10-22,0.24924174269073784,1
134623,2012-10-22,0.3569647904123502,0
134624,2012-10-22,0.631055483282425,1
134625,2012-10-22,0.6242833755779933,1
134626,2012-10-22,0.3950164542153602,0
134627,2012-10-22,0.4263368534794521,0
134628,2012-10-22,0.28152265077723465,0
134629,2012-10-22,0.6457388680747334,1
134630,2012-10-22,0.3597787880057204,1
134631,2012-10-22,0.3614079930759573,0
134632,2012-10-22,0.17399544359539432,1
134633,2012-10-22,0.3604046499630849,1
134634,2012-10-22,0.5679733909442402,1
134635,2012-10-22,0.4369552533001843,0
134636,2012-10-22,0.3077104182402013,0
134637,2012-10-22,0.2682843684941672,0
134638,2012-10-22,0.48743692467457,1
134639,2012-10-22,0.3219187127975874,0
134640,2012-10-22,0.3693092363260046,1
134641,2012-10-22,0.5389143248229431,1
134642,2012-10-22,0.4041006469251645,0
134643,2012-10-22,0.36442528602980157,0
134644,2012-10-22,0.16838170738485977,0
134645,2012-10-22,0.20252944619531507,0
134646,2012-10-22,0.1823653853068755,0
134647,2012-10-22,0.39511225239897585,0
134648,2012-10-22,0.2653613818883071,0
134649,2012-10-22,0.38801222507673655,1
134650,2012-10-22,0.3497793800927499,0
134651,2012-10-22,0.3136372624221769,0
134652,2012-10-22,0.29865204225918374,0
134653,2012-10-22,0.13151510263035582,0
134654,2012-10-22,0.5218771683664852,0
134655,2012-10-22,0.23559491776297217,0
134656,2012-10-22,0.26737645802471305,0
134657,2012-10-22,0.12972714634958388,0
134658,2012-10-22,0.20432795241569307,1
134659,2012-10-22,0.19350066056666682,1
134660,2012-10-22,0.20567325259434135,1
134661,2012-10-22,0.2364134232066751,0
134662,2012-10-22,0.33671300977571034,0
134663,2012-10-22,0.24803783936948365,1
134664,2012-10-22,0.36097136641712,0
134665,2012-10-22,0.3431046734379643,0
134666,2012-10-22,0.30195072113538146,1
134667,2012-10-22,0.5800208509743066,1
134668,2012-10-22,0.3443093537153239,0
134669,2012-10-22,0.5147410149481307,0
134670,2012-10-22,0.3898812539112835,0
134671,2012-10-22,0.4593703986485574,1
134672,2012-10-22,0.40922910377467,0
134673,2012-10-22,0.41845537366110874,0
134674,2012-10-22,0.19184772588627597,0
134675,2012-10-22,0.5232595118697393,0
134676,2012-10-22,0.37309190929765634,0
134677,2012-10-22,0.353536586158723,0
134678,2012-10-22,0.32662465790239553,0
134679,2012-10-22,0.21089001938716295,0
134680,2012-10-22,0.3990542828474183,0
134681,2012-10-22,0.23210411332169786,0
134682,2012-10-22,0.23460732200592904,0
134683,2012-10-22,0.5856540777459639,0
134684,2012-10-22,0.20508207160486927,1
134685,2012-10-22,0.24217578132296336,0
134686,2012-10-22,0.3223453248902123,1
134687,2012-10-22,0.4098065829557686,0
134688,2012-10-22,0.5229539240606308,0
134689,2012-10-22,0.24891385058729623,0
134690,2012-10-22,0.29461175534871903,0
134691,2012-10-22,0.1828856087174431,0
134692,2012-10-22,0.1832106704955674,1
134693,2012-10-22,0.38834585790090054,1
134694,2012-10-22,0.3715702135522211,0
134695,2012-10-22,0.32864700327931523,0
134696,2012-10-22,0.2543135808720447,0
134697,2012-10-22,0.31643052484077017,1
134698,2012-10-22,0.4149471208579252,0
134699,2012-10-22,0.2681335997217338,1
134700,2012-10-22,0.44336293644623287,1
134701,2012-10-22,0.3158626645690561,1
134702,2012-10-22,0.2484763452561391,1
134703,2012-10-22,0.43759088065590046,0
134704,2012-10-22,0.11411560206925862,0
134705,2012-10-22,0.614695836423619,0
134706,2012-10-22,0.6295839200248952,0
134707,2012-10-22,0.1908557989305304,0
134708,2012-10-22,0.44861650754987886,0
134709,2012-10-22,0.4775751676379557,0
134710,2012-10-22,0.33015552641989104,0
134711,2012-10-22,0.21678226548049878,0
134712,2012-10-22,0.48775379950565384,0
134713,2012-10-22,0.49553187426669454,1
134714,2012-10-22,0.13100189833905598,0
134715,2012-10-22,0.2919092474889148,0
134716,2012-10-22,0.24518952608079755,0
134717,2012-10-22,0.3455035488895633,0
134718,2012-10-22,0.24410079327214845,0
134719,2012-10-22,0.42703252486866305,0
134720,2012-10-22,0.29534547801326566,0
134721,2012-10-22,0.2032884080537646,0
134722,2012-10-22,0.15912175357501346,1
134723,2012-10-22,0.16850510088892737,0
134724,2012-10-22,0.2990610212125549,1
134725,2012-10-22,0.26258592942354914,0
134726,2012-10-22,0.49889282129035123,0
134727,2012-10-22,0.2089534117457028,0
134728,2012-10-22,0.3205699232865405,0
134729,2012-10-22,0.274740021058649,0
134730,2012-10-22,0.34672856071092867,0
134731,2012-10-22,0.20811347121520865,0
134732,2012-10-22,0.4699116099460981,1
134733,2012-10-22,0.21807980389524917,0
134734,2012-10-22,0.32785795079584257,0
134735,2012-10-22,0.47913626975193296,0
134736,2012-10-22,0.2053545095920061,0
134737,2012-10-22,0.440711513775609,1
134738,2012-10-22,0.520044576089512,1
134739,2012-10-22,0.19309944726033593,0
134740,2012-10-22,0.3933809454355474,0
134741,2012-10-22,0.3743556415265908,1
134742,2012-10-22,0.6360017496781288,0
134743,2012-10-22,0.4367511881320559,0
134744,2012-10-22,0.30423259512366996,0
134745,2012-10-22,0.3652214195038474,1
134746,2012-10-22,0.43556921769854945,1
134747,2012-10-22,0.6167682737837482,1
134748,2012-10-22,0.28569762487765216,0
134749,2012-10-22,0.3206522762801349,0
134750,2012-10-22,0.2774429668590803,0
134751,2012-10-22,0.3330356117122375,0
134752,2012-10-22,0.3251048489000116,0
134753,2012-10-22,0.4721447597760057,0
134754,2012-10-22,0.22170335249984505,1
134755,2012-10-22,0.18701108843128403,1
134756,2012-10-22,0.5009355868174333,0
134757,2012-10-22,0.41608977812764425,0
134758,2012-10-22,0.3543304850190792,1
134759,2012-10-22,0.18619692988856365,0
134760,2012-10-22,0.12758684166509332,0
134761,2012-10-22,0.4957377210287498,0
134762,2012-10-22,0.636175182641047,1
134763,2012-10-22,0.5086720225229852,1
134764,2012-10-22,0.33732725945800657,0
134765,2012-10-22,0.28774414376230906,1
134766,2012-10-22,0.3885301663510075,0
134767,2012-10-22,0.3011685993227975,0
134768,2012-10-22,0.2521137938210459,0
134769,2012-10-22,0.527505545872873,0
134770,2012-10-22,0.419079003580227,1
134771,2012-10-22,0.4062087985877336,0
134772,2012-10-22,0.36386567950104864,1
134773,2012-10-22,0.5054704353205882,0
134774,2012-10-22,0.3923633963844327,1
134775,2012-10-22,0.4224462864104403,0
134776,2012-10-22,0.2897280768188221,0
134777,2012-10-22,0.40410941607085976,1
134778,2012-10-22,0.4183083088928202,1
134779,2012-10-22,0.3915398162229463,0
134780,2012-10-22,0.5458410012446853,1
134781,2012-10-22,0.620928466573555,0
134782,2012-10-22,0.215773040586185,0
134783,2012-10-22,0.20207063173002895,0
134784,2012-10-22,0.28337165975402245,1
134785,2012-10-22,0.29887666169327376,0
134786,2012-10-22,0.3097142260654856,0
134787,2012-10-22,0.45114215958693304,0
134788,2012-10-22,0.33321677241203657,0
134789,2012-10-22,0.3040936214596966,1
134790,2012-10-22,0.2635349687276147,0
134791,2012-10-22,0.08122886781940626,0
134792,2012-10-22,0.6156611985273781,0
134793,2012-10-22,0.3649297890759647,0
134794,2012-10-22,0.5900325870861868,0
134795,2012-10-22,0.48395951265043363,1
134796,2012-10-22,0.36547574516573955,0
134797,2012-10-22,0.24432552502816068,1
134798,2012-10-22,0.34469190485132983,0
134799,2012-10-22,0.5416481493955535,1
134800,2012-10-22,0.6022033041339102,0
134801,2012-10-22,0.5215383431881899,0
134802,2012-10-22,0.37457652490821797,0
134803,2012-10-22,0.1724155011603254,0
134804,2012-10-22,0.1380571890331297,0
134805,2012-10-22,0.46622771376689576,1
134806,2012-10-22,0.5692830689258523,0
134807,2012-10-22,0.22117382510643863,1
134808,2012-10-22,0.26785059850159143,0
134809,2012-10-22,0.1533242875567483,0
134810,2012-10-22,0.1814008830175525,0
134811,2012-10-22,0.2924574364864966,0
134812,2012-10-22,0.3371107051868074,0
134813,2012-10-22,0.330090460676779,0
134814,2012-10-22,0.46339999991306163,1
134815,2012-10-22,0.13542194396996726,0
134816,2012-10-22,0.3371882679618356,0
134817,2012-10-22,0.46287578740095947,0
134818,2012-10-22,0.4811474223119756,0
134819,2012-10-22,0.4313152807955092,0
134820,2012-10-22,0.6302807700397054,0
134821,2012-10-22,0.2645696524103614,0
134822,2012-10-22,0.36405717201097726,0
134823,2012-10-22,0.5829618798362542,1
134824,2012-10-22,0.2807100132235805,0
134825,2012-10-22,0.15603917347402693,0
134826,2012-10-22,0.20684398152387892,0
134827,2012-10-22,0.2580565045366561,0
134828,2012-10-22,0.4373859983365584,1
134829,2012-10-22,0.5644388931589023,1
134830,2012-10-22,0.24937087053960974,0
134831,2012-10-22,0.27416158130598905,0
134832,2012-10-22,0.6400689724426372,0
134833,2012-10-22,0.1928777605991062,0
134834,2012-10-22,0.40350604388524075,0
134835,2012-10-22,0.2939496595963398,0
134836,2012-10-22,0.5840747271594753,0
134837,2012-10-22,0.31880725742973887,0
134838,2012-10-22,0.4816119836505553,0
134839,2012-10-22,0.4375819919058602,0
134840,2012-10-22,0.4804737508680282,0
134841,2012-10-22,0.4000594153933382,0
134842,2012-10-22,0.6119081059094429,1
134843,2012-10-22,0.5432069629569198,1
134844,2012-10-22,0.4608614615751254,0
134845,2012-10-22,0.21703208238346838,0
134846,2012-10-22,0.5408657437648677,0
134847,2012-10-22,0.3813190697436151,0
134848,2012-10-22,0.41776275908294025,0
134849,2012-10-22,0.31697591221965454,1
134850,2012-10-22,0.34572629185205245,0
134851,2012-10-22,0.4453876132700673,0
134852,2012-10-22,0.5070812114652755,1
134853,2012-10-22,0.431055809506952,0
134854,2012-10-22,0.14670873057982425,0
134855,2012-10-22,0.32161958877141805,0
134856,2012-10-22,0.4647514986372883,0
134857,2012-10-22,0.4407334751521478,0
134858,2012-10-22,0.2771593977395941,0
134859,2012-10-22,0.22987952360499997,0
134860,2012-10-22,0.31825683127741844,0
134861,2012-10-22,0.5086483225713774,1
134862,2012-10-22,0.2685976391721883,1
134863,2012-10-22,0.3466331225330552,1
134864,2012-10-22,0.5053919750684824,0
134865,2012-10-22,0.14588979000984895,0
134866,2012-10-22,0.6229693953073993,1
134867,2012-10-22,0.22689151993285842,0
134868,2012-10-22,0.49202523849314617,1
134869,2012-10-22,0.1458356033616337,0
134870,2012-10-22,0.4710901343811482,0
134871,2012-10-22,0.46231111096500543,0
134872,2012-10-22,0.30634349660898813,0
134873,2012-10-22,0.4539158228672685,1
134874,2012-10-22,0.3489663443486419,1
134875,2012-10-22,0.43278066708999147,1
134876,2012-10-22,0.39984914198534505,1
134877,2012-10-22,0.3951555147058477,0
134878,2012-10-22,0.18533733657997953,0
134879,2012-10-22,0.1688205692935533,0
134880,2012-10-22,0.42345000132820365,0
134881,2012-10-22,0.4266718320678025,0
134882,2012-10-22,0.32280601399208375,1
134883,2012-10-22,0.24818891226300355,0
134884,2012-10-22,0.475331052619268,0
134885,2012-10-22,0.5854887958453681,1
134886,2012-10-22,0.2804187175117449,0
134887,2012-10-22,0.5691185320334389,0
134888,2012-10-22,0.5224389978272242,1
134889,2012-10-22,0.3945987669563185,0
134890,2012-10-22,0.5911181306239167,0
134891,2012-10-22,0.44397426594606215,1
134892,2012-10-22,0.396006605619952,0
134893,2012-10-22,0.33574107981163587,1
134894,2012-10-22,0.3133906619872332,1
134895,2012-10-22,0.36986747929511726,1
134896,2012-10-22,0.45365403340296534,0
134897,2012-10-22,0.390749825361087,0
134898,2012-10-22,0.2819967853594677,1
134899,2012-10-22,0.21126994488550951,0
134900,2012-10-22,0.341969431316118,1
134901,2012-10-22,0.10988790402732995,0
134902,2012-10-22,0.6352481028259889,0
134903,2012-10-22,0.5173897872011696,0
134904,2012-10-22,0.24005350946110493,0
134905,2012-10-22,0.32071743097281974,0
134906,2012-10-22,0.410639470954924,1
134907,2012-10-22,0.48991332247844294,1
134908,2012-10-22,0.4173124587162386,0
134909,2012-10-22,0.4323570273808433,0
134910,2012-10-22,0.2457433124695136,1
134911,2012-10-22,0.17950483677468493,0
134912,2012-10-22,0.246738229031446,0
134913,2012-10-22,0.5150939416234205,1
134914,2012-10-22,0.46371860216112626,1
134915,2012-10-22,0.3685071748250878,0
134916,2012-10-22,0.37769909986803124,1
134917,2012-10-22,0.2493626340633786,0
134918,2012-10-22,0.23742458398173,0
134919,2012-10-22,0.22044079475604492,0
134920,2012-10-22,0.4555171144141262,0
134921,2012-10-22,0.6527867378409908,0
134922,2012-10-22,0.3479255257346648,1
134923,2012-10-22,0.17040215776379036,0
134924,2012-10-22,0.22757049009006283,1
134925,2012-10-22,0.37743494234711406,0
134926,2012-10-22,0.2520182942487707,0
134927,2012-10-22,0.1925226635577247,0
134928,2012-10-22,0.3350430424382674,1
134929,2012-10-22,0.42364163024942625,0
134930,2012-10-22,0.2697877652450962,0
134931,2012-10-22,0.3630234421889917,0
134932,2012-10-22,0.31594474847168547,0
134933,2012-10-22,0.3670478784555216,0
134934,2012-10-22,0.36488157492369244,1
134935,2012-10-22,0.5075584683811134,1
134936,2012-10-22,0.23496523314115947,0
134937,2012-10-22,0.3487919759161295,0
134938,2012-10-22,0.49342519743807667,0
134939,2012-10-22,0.09149841993796626,0
134940,2012-10-22,0.5853853969787916,1
134941,2012-10-22,0.23645623983456587,0
134942,2012-10-22,0.3152710390214473,0
134943,2012-10-22,0.3324962061668634,0
134944,2012-10-22,0.20119784190824772,0
134945,2012-10-22,0.16006713192973704,0
134946,2012-10-22,0.2284488589480711,0
134947,2012-10-22,0.2898856950563839,0
134948,2012-10-22,0.3303543538016385,0
134949,2012-10-22,0.2551234038379346,0
134950,2012-10-22,0.4212797999917086,1
134951,2012-10-22,0.28563510362135563,0
134952,2012-10-22,0.2582599212377244,0
134953,2012-10-22,0.44630700266461354,0
134954,2012-10-22,0.3691548357228047,0
134955,2012-10-22,0.5653933409725798,0
134956,2012-10-22,0.4980007474704767,0
134957,2012-10-22,0.5756106631323396,1
134958,2012-10-22,0.31531527502923423,1
134959,2012-10-22,0.38943557490778286,0
134960,2012-10-22,0.45062783524323496,1
134961,2012-10-22,0.36041297824426716,0
134962,2012-10-22,0.2847462522108884,0
134963,2012-10-22,0.5296329669748674,1
134964,2012-10-22,0.3881438002759209,0
134965,2012-10-22,0.2646256544555552,0
134966,2012-10-22,0.3681418873866229,0
134967,2012-10-22,0.27200464263475493,0
134968,2012-10-22,0.32110621857897503,1
134969,2012-10-22,0.2740060957535058,1
134970,2012-10-22,0.3589652228397932,0
134971,2012-10-22,0.44752522615153945,0
134972,2012-10-22,0.35349550061833324,0
134973,2012-10-22,0.5059685545113116,1
134974,2012-10-22,0.25432141126307933,0
134975,2012-10-22,0.3804334870174914,1
134976,2012-10-22,0.327127776134732,0
134977,2012-10-22,0.20893485015254917,0
134978,2012-10-22,0.3354970201827215,0
134979,2012-10-22,0.29887596687705387,0
134980,2012-10-22,0.38642355830581654,0
134981,2012-10-22,0.3971464050660163,0
134982,2012-10-22,0.2367476552482127,0
134983,2012-10-22,0.3647108721830874,0
134984,2012-10-22,0.5279928203237688,1
134985,2012-10-22,0.3744641705422161,0
134986,2012-10-22,0.4012149865219141,0
134987,2012-10-22,0.3474102726518639,0
134988,2012-10-22,0.330115962641515,0
134989,2012-10-22,0.22831512298830853,1
134990,2012-10-22,0.3366279182178072,0
134991,2012-10-22,0.5914158335189486,1
134992,2012-10-22,0.31960037515480916,1
134993,2012-10-22,0.27372109630498953,0
134994,2012-10-22,0.16182508957186914,0
134995,2012-10-22,0.19435832589723745,0
134996,2012-10-22,0.39609647871503423,0
134997,2012-10-22,0.2592904071537191,0
134998,2012-10-22,0.5068831656361057,1
134999,2012-10-22,0.3997804391491327,0
135000,2012-10-22,0.62043307292503,0
135001,2012-10-22,0.49626287612626097,1
135002,2012-10-22,0.3973006952459888,1
135003,2012-10-22,0.33931252442818866,0
135004,2012-10-22,0.4787501235934766,0
135005,2012-10-22,0.2009364880288635,1
135006,2012-10-22,0.63834339886489,0
135007,2012-10-22,0.1419679763766715,0
135008,2012-10-22,0.506089735890363,1
135009,2012-10-22,0.19294306242950135,0
135010,2012-10-22,0.22081277314926656,0
135011,2012-10-22,0.4958126744235418,0
135012,2012-10-22,0.36187040955941374,0
135013,2012-10-22,0.30296322793088326,0
135014,2012-10-22,0.5584700796112285,1
135015,2012-10-22,0.4579260115218387,0
135016,2012-10-22,0.26089425460515503,0
135017,2012-10-22,0.33647238760037174,0
135018,2012-10-22,0.6345189907696195,0
135019,2012-10-22,0.2988062745611037,0
135020,2012-10-22,0.2894890815466985,0
135021,2012-10-22,0.5097796959314495,0
135022,2012-10-22,0.5661763103182469,1
135023,2012-10-22,0.19564291520923321,0
135024,2012-10-22,0.5915421705315943,1
135025,2012-10-22,0.18876078629863002,1
135026,2012-10-22,0.42558594346218925,0
135027,2012-10-22,0.19366509332591647,0
135028,2012-10-22,0.42144603413203185,1
135029,2012-10-22,0.15966106936560276,0
135030,2012-10-22,0.4255925172802594,0
135031,2012-10-22,0.37248557071096483,0
135032,2012-10-22,0.26057774077101015,0
135033,2012-10-22,0.35098623632367365,0
135034,2012-10-22,0.30437592847049344,0
135035,2012-10-22,0.5085310353361931,1
135036,2012-10-22,0.21645856135344424,0
135037,2012-10-22,0.34012031061219605,0
135038,2012-10-22,0.5730695875584416,0
135039,2012-10-22,0.6235314075579882,1
135040,2012-10-22,0.4574250349302847,0
135041,2012-10-22,0.27482918568046144,1
135042,2012-10-22,0.4582317433151083,0
135043,2012-10-22,0.30020311716020653,0
135044,2012-10-22,0.27803053087438384,0
135045,2012-10-22,0.33949136550897796,0
135046,2012-10-22,0.34589228756201307,0
135047,2012-10-22,0.400842755939025,1
135048,2012-10-22,0.3164985837523167,0
135049,2012-10-22,0.1063863163271898,0
135050,2012-10-22,0.2140760282792266,0
135051,2012-10-22,0.4381375995136899,0
135052,2012-10-22,0.363858295391138,0
135053,2012-10-22,0.4452157300660847,1
135054,2012-10-22,0.5628556486231913,1
135055,2012-10-22,0.23593619978061245,0
135056,2012-10-22,0.2725832384963688,1
135057,2012-10-22,0.4025427742728363,1
135058,2012-10-22,0.3170925409158115,0
135059,2012-10-22,0.3872488154008373,0
135060,2012-10-22,0.29196326618251445,0
135061,2012-10-22,0.4592898697009408,1
135062,2012-10-22,0.28108860247522,0
135063,2012-10-22,0.49553838094008174,0
135064,2012-10-22,0.27797502761840304,0
135065,2012-10-22,0.6707092843922289,0
135066,2012-10-22,0.5963805186555023,1
135067,2012-10-22,0.3396637012743743,1
135068,2012-10-22,0.39685941182399465,0
135069,2012-10-22,0.22044021787746196,0
135070,2012-10-22,0.20179808674856176,0
135071,2012-10-22,0.5046245852458918,0
135072,2012-10-22,0.5953257985218349,1
135073,2012-10-22,0.24218942488294737,1
135074,2012-10-22,0.5513670575192587,1
135075,2012-10-22,0.5065777317093181,1
135076,2012-10-22,0.41212581962947603,1
135077,2012-10-22,0.25384995696120866,0
135078,2012-10-22,0.22592005147407693,0
135079,2012-10-22,0.46061491260836973,0
135080,2012-10-22,0.3282861809880392,0
135081,2012-10-22,0.5638392066799256,0
135082,2012-10-22,0.3693444165976606,1
135083,2012-10-22,0.24486135413402044,0
135084,2012-10-22,0.4150982661959401,1
135085,2012-10-22,0.30205255861573915,1
135086,2012-10-22,0.5533860949561463,1
135087,2012-10-22,0.3953000784439005,0
135088,2012-10-22,0.3859367432823861,0
135089,2012-10-22,0.18163483047031945,0
135090,2012-10-22,0.3654181894922327,0
135091,2012-10-22,0.36877592272932297,0
135092,2012-10-22,0.2854324818228238,0
135093,2012-10-22,0.34503111669627456,0
135094,2012-10-22,0.3493316641757916,0
135095,2012-10-22,0.33187852261602535,0
135096,2012-10-22,0.33976595024826906,0
135097,2012-10-22,0.5605093944386308,0
135098,2012-10-22,0.49623317055447297,0
135099,2012-10-22,0.2904221074590035,0
135100,2012-10-22,0.3832704757563998,0
135101,2012-10-22,0.4821935874661854,0
135102,2012-10-22,0.34013538895898937,0
135103,2012-10-22,0.3821474401520979,0
135104,2012-10-22,0.43316582223665534,0
135105,2012-10-22,0.4558394475881869,0
135106,2012-10-22,0.3546950772839102,0
135107,2012-10-22,0.4662098700324933,0
135108,2012-10-22,0.5613145589681289,1
135109,2012-10-22,0.420845395900836,0
135110,2012-10-22,0.4284367377873905,0
135111,2012-10-22,0.40129538165868395,1
135112,2012-10-22,0.3881341569988766,0
135113,2012-10-22,0.33162408783737174,0
135114,2012-10-22,0.1555907721643984,0
135115,2012-10-22,0.43377917423525003,0
135116,2012-10-22,0.5358393952685109,1
135117,2012-10-22,0.2655135229685881,0
135118,2012-10-22,0.27619237384251527,0
135119,2012-10-22,0.47348765627021244,0
135120,2012-10-22,0.3785563536915741,1
135121,2012-10-22,0.579982454246953,1
135122,2012-10-22,0.32778303159477085,0
135123,2012-10-22,0.26158274185576014,0
135124,2012-10-22,0.2173713201795831,0
135125,2012-10-22,0.23952316049312017,0
135126,2012-10-22,0.5654152645439057,1
135127,2012-10-22,0.38038520906336265,0
135128,2012-10-22,0.3222294229933547,0
135129,2012-10-22,0.1041730498933657,1
135130,2012-10-22,0.25791453239913287,0
135131,2012-10-22,0.2278429666827759,0
135132,2012-10-22,0.17700079647277175,0
135133,2012-10-22,0.3269195816212166,0
135134,2012-10-22,0.21998067567355614,0
135135,2012-10-22,0.19612674718837622,0
135136,2012-10-22,0.35289648079486213,0
135137,2012-10-22,0.30709762802419993,0
135138,2012-10-22,0.6962187609441207,1
135139,2012-10-22,0.6689300629943571,0
135140,2012-10-22,0.13786376827589839,0
135141,2012-10-22,0.37099353094479387,1
135142,2012-10-22,0.35627469711164594,0
135143,2012-10-22,0.2866505345625802,1
135144,2012-10-22,0.3948083242993832,1
135145,2012-10-22,0.5560399643373384,1
135146,2012-10-22,0.34255715543306603,1
135147,2012-10-22,0.5536730161867426,1
135148,2012-10-22,0.4391351809635435,1
135149,2012-10-22,0.5959276195404616,0
135150,2012-10-22,0.1723630692962628,0
135151,2012-10-22,0.28702548979799936,1
135152,2012-10-22,0.526137651033346,0
135153,2012-10-22,0.39297912293987136,1
135154,2012-10-22,0.27926476472226786,0
135155,2012-10-22,0.35274558302028824,1
135156,2012-10-22,0.2932913514349992,0
135157,2012-10-22,0.2263840200354501,1
135158,2012-10-22,0.37155282670648426,1
135159,2012-10-22,0.1677863295656277,1
135160,2012-10-22,0.4672563245265358,0
135161,2012-10-22,0.3789089710078007,0
135162,2012-10-22,0.25486896050506225,0
135163,2012-10-22,0.19810058016850177,0
135164,2012-10-22,0.48011914107057285,1
135165,2012-10-22,0.4553746562178343,1
135166,2012-10-22,0.5372460886075333,0
135167,2012-10-22,0.404903404912375,1
135168,2012-10-22,0.38582764956322535,1
135169,2012-10-22,0.26793115543226353,1
135170,2012-10-22,0.5749543990748464,0
135171,2012-10-22,0.20210867274841204,0
135172,2012-10-22,0.4691122636301695,1
135173,2012-10-22,0.2833081266014865,0
135174,2012-10-22,0.364435346759122,0
135175,2012-10-22,0.32930575097744,0
135176,2012-10-22,0.2957286712396074,0
135177,2012-10-22,0.3380725612243692,1
135178,2012-10-22,0.3033084784557229,1
135179,2012-10-22,0.2540667537287383,0
135180,2012-10-22,0.3358627236324562,0
135181,2012-10-22,0.48635769733982365,0
135182,2012-10-22,0.32615460642167327,0
135183,2012-10-22,0.2668764313314365,1
135184,2012-10-22,0.2990453819139035,0
135185,2012-10-22,0.2542634514528858,0
135186,2012-10-22,0.41962620428496267,1
135187,2012-10-22,0.3473378296957316,0
135188,2012-10-22,0.43506836975399726,1
135189,2012-10-22,0.1568739277235933,1
135190,2012-10-22,0.11218729676962602,0
135191,2012-10-22,0.36709178529048686,0
135192,2012-10-22,0.6759492208410534,1
135193,2012-10-22,0.3621840948586486,0
135194,2012-10-22,0.2072357314822753,0
135195,2012-10-22,0.6032546999293341,0
135196,2012-10-22,0.25674535477317595,0
135197,2012-10-22,0.2752470647905804,0
135198,2012-10-22,0.5520778531239222,0
135199,2012-10-22,0.31611934055190355,0
135200,2012-10-22,0.3243759251023014,0
135201,2012-10-22,0.45879107022345805,1
135202,2012-10-22,0.33959285417933416,0
135203,2012-10-22,0.38561689806451244,0
135204,2012-10-22,0.6587922121311188,1
135205,2012-10-22,0.31587243562122286,1
135206,2012-10-22,0.1889905732230426,1
135207,2012-10-22,0.45903462680561885,1
135208,2012-10-22,0.34751270358794445,1
135209,2012-10-22,0.42814975651069537,1
135210,2012-10-22,0.4756716463656237,0
135211,2012-10-22,0.14240624106586605,0
135212,2012-10-22,0.43483197024968034,0
135213,2012-10-22,0.6877122421383904,0
135214,2012-10-22,0.3590755299420306,0
135215,2012-10-22,0.5451622292592603,1
135216,2012-10-22,0.48575988163700895,1
135217,2012-10-22,0.15910294499915265,0
135218,2012-10-22,0.24436104630449662,0
135219,2012-10-22,0.32559791478564165,0
135220,2012-10-22,0.26698742210976556,0
135221,2012-10-22,0.6528698528711251,1
135222,2012-10-22,0.4702128190406411,0
135223,2012-10-22,0.4542595859192716,1
135224,2012-10-22,0.37308903849729635,0
135225,2012-10-22,0.2588994044259686,1
135226,2012-10-22,0.5398238030864911,0
135227,2012-10-22,0.35037305875898944,1
135228,2012-10-22,0.4957707422568515,1
135229,2012-10-22,0.5466570320622244,0
135230,2012-10-22,0.3471241829149955,1
135231,2012-10-22,0.5203770989052678,0
135232,2012-10-22,0.5329805281499903,1
135233,2012-10-22,0.30892499449724664,0
135234,2012-10-22,0.4082610833137126,1
135235,2012-10-22,0.46067470081215356,0
135236,2012-10-22,0.7209018471764744,1
135237,2012-10-22,0.3145878597532525,0
135238,2012-10-22,0.5146767661273606,0
135239,2012-10-22,0.5044863887508894,0
135240,2012-10-22,0.5885913280432288,0
135241,2012-10-22,0.4159495546339293,0
135242,2012-10-22,0.4029993896020666,0
135243,2012-10-22,0.35834519735173975,0
135244,2012-10-22,0.4136545002570372,1
135245,2012-10-22,0.28167721767199005,0
135246,2012-10-22,0.23467480886299477,0
135247,2012-10-22,0.3165135979899654,0
135248,2012-10-22,0.6455357937018124,1
135249,2012-10-22,0.459163301674808,0
135250,2012-10-22,0.4529320300811729,1
135251,2012-10-22,0.5111661907277776,0
135252,2012-10-22,0.6947884481361423,1
135253,2012-10-22,0.3264561745251807,0
135254,2012-10-22,0.40345995070557744,0
135255,2012-10-22,0.35538678382289385,1
135256,2012-10-22,0.13943130843569326,0
135257,2012-10-22,0.5085417344607135,0
135258,2012-10-22,0.5999687366975128,0
135259,2012-10-22,0.21474194402568744,0
135260,2012-10-22,0.285210909984416,0
135261,2012-10-22,0.16220257239734465,1
135262,2012-10-22,0.43039299871645087,1
135263,2012-10-22,0.4865786484530092,0
135264,2012-10-22,0.4059392553740437,1
135265,2012-10-22,0.5689933472636418,1
135266,2012-10-22,0.3148787195314466,0
135267,2012-10-22,0.3264478998590746,0
135268,2012-10-22,0.33439921458684707,0
135269,2012-10-22,0.43413300617362993,0
135270,2012-10-22,0.5162877792869476,1
135271,2012-10-22,0.3958363612923424,0
135272,2012-10-22,0.24572647286986624,0
135273,2012-10-22,0.5279686321324086,1
135274,2012-10-22,0.4290744201972719,1
135275,2012-10-22,0.19588128899071058,0
135276,2012-10-22,0.3305774067135987,1
135277,2012-10-22,0.2993642513136379,1
135278,2012-10-22,0.5125967051991492,0
135279,2012-10-22,0.6114043738663725,1
135280,2012-10-22,0.5567822651056241,0
135281,2012-10-22,0.640336047308807,1
135282,2012-10-22,0.5094890490442175,1
135283,2012-10-22,0.37234185835258954,0
135284,2012-10-22,0.4564461512736729,0
135285,2012-10-22,0.33126168799874856,1
135286,2012-10-22,0.2732694223947102,0
135287,2012-10-22,0.34440291856112343,0
135288,2012-10-22,0.5006435136258921,0
135289,2012-10-22,0.21260760553290875,0
135290,2012-10-22,0.5697229602151523,0
135291,2012-10-22,0.25425680215138,0
135292,2012-10-22,0.35343847247723015,1
135293,2012-10-22,0.37404890492543164,0
135294,2012-10-22,0.4072500441456757,0
135295,2012-10-22,0.30518557582617994,0
135296,2012-10-22,0.3097838771437041,0
135297,2012-10-22,0.3222595779001112,0
135298,2012-10-22,0.5740336186030419,1
135299,2012-10-22,0.37815484944029265,1
135300,2012-10-22,0.37372407532614044,0
135301,2012-10-22,0.41224753401054887,0
135302,2012-10-22,0.5321541699436723,1
135303,2012-10-22,0.583493915147979,0
135304,2012-10-22,0.4149771295351277,0
135305,2012-10-22,0.3799021551944895,0
135306,2012-10-22,0.403233889780778,0
135307,2012-10-22,0.3393987002550312,0
135308,2012-10-22,0.14655884962515994,0
135309,2012-10-22,0.43464182029245035,1
135310,2012-10-22,0.1788938248366908,0
135311,2012-10-22,0.3980614796372899,0
135312,2012-10-22,0.5231591698551762,0
135313,2012-10-22,0.526610420691118,0
135314,2012-10-22,0.40146087634702854,0
135315,2012-10-22,0.5176906234362878,0
135316,2012-10-22,0.11725185734830562,0
135317,2012-10-22,0.5572087758385282,1
135318,2012-10-22,0.3689269864019232,0
135319,2012-10-22,0.6827059008118586,1
135320,2012-10-22,0.23858624957704247,0
135321,2012-10-22,0.2558197671788111,0
135322,2012-10-22,0.40844060352668,0
135323,2012-10-22,0.16468054831081788,0
135324,2012-10-22,0.2700434425440265,0
135325,2012-10-22,0.13201929125447714,0
135326,2012-10-22,0.5430604661509281,0
135327,2012-10-22,0.5205385265327632,1
135328,2012-10-22,0.29279099394969005,0
135329,2012-10-22,0.3452211499694891,0
135330,2012-10-22,0.4367272385705118,0
135331,2012-10-22,0.235184428918065,1
135332,2012-10-22,0.22880458079085292,1
135333,2012-10-22,0.29435510357499617,0
135334,2012-10-22,0.47488954702654695,0
135335,2012-10-22,0.32863585150402685,0
135336,2012-10-22,0.3836106797689463,0
135337,2012-10-22,0.2565040350008301,1
135338,2012-10-22,0.2938780728296081,1
135339,2012-10-22,0.2613429931723522,0
135340,2012-10-22,0.40651182339043124,0
135341,2012-10-22,0.3672833285288821,0
135342,2012-10-22,0.38039142345573346,0
135343,2012-10-22,0.3287049599647999,0
135344,2012-10-22,0.423602087337729,0
135345,2012-10-22,0.32271194964845906,0
135346,2012-10-22,0.33108020690537204,1
135347,2012-10-22,0.5556499798284932,0
135348,2012-10-22,0.11709243432697287,0
135349,2012-10-22,0.45295767060279546,0
135350,2012-10-22,0.5278127576137465,1
135351,2012-10-22,0.28805787810315864,1
135352,2012-10-22,0.2880722836874462,0
135353,2012-10-22,0.30511824287065703,0
135354,2012-10-22,0.4132669724405146,0
135355,2012-10-22,0.3740321198433048,0
135356,2012-10-22,0.5945986964601935,1
135357,2012-10-22,0.4470158609362596,0
135358,2012-10-22,0.638623124808607,1
135359,2012-10-22,0.37133734057593054,1
135360,2012-10-22,0.30891192419891855,0
135361,2012-10-22,0.4628720380517772,1
135362,2012-10-22,0.2879895130533319,0
135363,2012-10-22,0.5242955083794627,0
135364,2012-10-22,0.442262729922142,0
135365,2012-10-22,0.15892646023395046,0
135366,2012-10-22,0.22804382422199218,0
135367,2012-10-22,0.34782720982172516,0
135368,2012-10-22,0.38919266237303585,1
135369,2012-10-22,0.2781836605936492,0
135370,2012-10-22,0.1589265069421391,0
135371,2012-10-22,0.4398035051431694,0
135372,2012-10-22,0.40242179880071033,0
135373,2012-10-22,0.6135479457695089,1
135374,2012-10-22,0.3614608937215991,0
135375,2012-10-22,0.5905604840573887,1
135376,2012-10-22,0.36763076471060946,0
135377,2012-10-22,0.2202943415334944,0
135378,2012-10-22,0.5498341275283917,1
135379,2012-10-22,0.42370564174765063,1
135380,2012-10-22,0.41071469786529086,1
135381,2012-10-22,0.49661980835598674,0
135382,2012-10-22,0.5951883621357291,0
135383,2012-10-22,0.4142248514552341,0
135384,2012-10-22,0.46829488982117584,0
135385,2012-10-22,0.5621399713116972,1
135386,2012-10-22,0.26703287414642013,0
135387,2012-10-22,0.2514580133834686,0
135388,2012-10-23,0.42954291669579686,0
135389,2012-10-23,0.3068253390030761,0
135390,2012-10-23,0.14513361097874794,0
135391,2012-10-23,0.21825617661444047,0
135392,2012-10-23,0.40064853069082146,0
135393,2012-10-23,0.5646996857049086,0
135394,2012-10-23,0.3102507695357896,0
135395,2012-10-23,0.4410506605440124,0
135396,2012-10-23,0.2438402060571879,0
135397,2012-10-23,0.3611520421466626,0
135398,2012-10-23,0.5115767894112847,0
135399,2012-10-23,0.2989596348997993,1
135400,2012-10-23,0.35396348810509354,0
135401,2012-10-23,0.46986249395129315,0
135402,2012-10-23,0.39033634151751306,0
135403,2012-10-23,0.4114347506462068,0
135404,2012-10-23,0.3220011498893732,0
135405,2012-10-23,0.5649229316111805,1
135406,2012-10-23,0.3736140489761063,0
135407,2012-10-23,0.3002342292079785,0
135408,2012-10-23,0.496783226126912,0
135409,2012-10-23,0.2817515358912467,0
135410,2012-10-23,0.190874805314601,0
135411,2012-10-23,0.1663766853049426,0
135412,2012-10-23,0.37092688766618165,0
135413,2012-10-23,0.31265268899476334,0
135414,2012-10-23,0.4945648520579228,1
135415,2012-10-23,0.43801788670559066,0
135416,2012-10-23,0.6062145329841887,1
135417,2012-10-23,0.3681148899702742,0
135418,2012-10-23,0.19877293675132116,1
135419,2012-10-23,0.6794900812066849,1
135420,2012-10-23,0.2859739646890977,0
135421,2012-10-23,0.42222832134706695,1
135422,2012-10-23,0.2602293304278725,0
135423,2012-10-23,0.35083714209834077,0
135424,2012-10-23,0.42649370358893884,0
135425,2012-10-23,0.3511697588577432,1
135426,2012-10-23,0.6447795175005958,0
135427,2012-10-23,0.35404062600556324,0
135428,2012-10-23,0.2659888311938378,0
135429,2012-10-23,0.4169740318158874,0
135430,2012-10-23,0.30838169221389683,1
135431,2012-10-23,0.1579694567619684,0
135432,2012-10-23,0.309765235634796,0
135433,2012-10-23,0.2896009213604393,0
135434,2012-10-23,0.35774686290496394,1
135435,2012-10-23,0.4646301420260694,0
135436,2012-10-23,0.377685220970149,0
135437,2012-10-23,0.20315527694641952,0
135438,2012-10-23,0.3033879914067578,0
135439,2012-10-23,0.2513259270038649,0
135440,2012-10-23,0.2816243597249295,0
135441,2012-10-23,0.3449928421000117,1
135442,2012-10-23,0.3649961209001188,0
135443,2012-10-23,0.5535295013673518,0
135444,2012-10-23,0.37306728074845846,0
135445,2012-10-23,0.3444891364860058,1
135446,2012-10-23,0.22288035466712475,0
135447,2012-10-23,0.2368332634647612,0
135448,2012-10-23,0.47925483299741267,0
135449,2012-10-23,0.44272047658915775,1
135450,2012-10-23,0.3921346719964309,0
135451,2012-10-23,0.44956369475112373,0
135452,2012-10-23,0.25940241978844125,0
135453,2012-10-23,0.4320839003053768,0
135454,2012-10-23,0.3837793618405798,0
135455,2012-10-23,0.40358291210514496,0
135456,2012-10-23,0.14585270928941615,0
135457,2012-10-23,0.46004052289804837,0
135458,2012-10-23,0.3501792373527874,0
135459,2012-10-23,0.482561752314928,1
135460,2012-10-23,0.2700050111775628,1
135461,2012-10-23,0.20426450301001284,0
135462,2012-10-23,0.2961663663130775,0
135463,2012-10-23,0.43075401462749835,0
135464,2012-10-23,0.2694358041000273,0
135465,2012-10-23,0.2754153704987942,0
135466,2012-10-23,0.5297472869918646,1
135467,2012-10-23,0.4448547311970937,0
135468,2012-10-23,0.6393134779141388,0
135469,2012-10-23,0.335822869943406,1
135470,2012-10-23,0.43912213287921364,0
135471,2012-10-23,0.11898188799174812,0
135472,2012-10-23,0.387442469376885,0
135473,2012-10-23,0.6050996873311653,1
135474,2012-10-23,0.3704865768066727,0
135475,2012-10-23,0.4218938198198936,0
135476,2012-10-23,0.43541733573419755,1
135477,2012-10-23,0.39584741874143764,0
135478,2012-10-23,0.5134413350370122,1
135479,2012-10-23,0.3958059610310537,0
135480,2012-10-23,0.3541335581032216,0
135481,2012-10-23,0.20795840090618758,0
135482,2012-10-23,0.3834107742008708,0
135483,2012-10-23,0.24767674587859786,0
135484,2012-10-23,0.2074954955015536,0
135485,2012-10-23,0.44582577545917634,0
135486,2012-10-23,0.24337002178201458,0
135487,2012-10-23,0.20001688134005943,0
135488,2012-10-23,0.3720046996267058,0
135489,2012-10-23,0.103738035466813,0
135490,2012-10-23,0.4395234793764086,0
135491,2012-10-23,0.23952479433546736,1
135492,2012-10-23,0.3115688508329015,1
135493,2012-10-23,0.3521654853230116,1
135494,2012-10-23,0.1645829843573568,0
135495,2012-10-23,0.3120799803176097,0
135496,2012-10-23,0.3993800158324668,1
135497,2012-10-23,0.18864578509653274,0
135498,2012-10-23,0.459489337240546,0
135499,2012-10-23,0.280054897922229,1
135500,2012-10-23,0.2995749078979144,0
135501,2012-10-23,0.3916178080411634,0
135502,2012-10-23,0.3774552743442088,0
135503,2012-10-23,0.4382568911589553,0
135504,2012-10-23,0.24732867121734078,0
135505,2012-10-23,0.4709352348220859,1
135506,2012-10-23,0.41185124303725906,1
135507,2012-10-23,0.5653839681477384,1
135508,2012-10-23,0.46164843778497344,0
135509,2012-10-23,0.29717560697447826,0
135510,2012-10-23,0.3101270111258191,0
135511,2012-10-23,0.1423684768178362,1
135512,2012-10-23,0.20403493960866909,1
135513,2012-10-23,0.23335995767673687,1
135514,2012-10-23,0.4059786499249676,1
135515,2012-10-23,0.28194996721008964,0
135516,2012-10-23,0.23351368286650068,0
135517,2012-10-23,0.3541050091956262,1
135518,2012-10-23,0.6631777413938439,1
135519,2012-10-23,0.38713136695845124,1
135520,2012-10-23,0.38426860882777575,0
135521,2012-10-23,0.39386159906676627,1
135522,2012-10-23,0.3030092258815658,0
135523,2012-10-23,0.5138654761458458,0
135524,2012-10-23,0.6421334085491031,0
135525,2012-10-23,0.2951645149450518,0
135526,2012-10-23,0.3307983070152034,1
135527,2012-10-23,0.2162016837294029,0
135528,2012-10-23,0.359459400119887,0
135529,2012-10-23,0.2106926606793647,0
135530,2012-10-23,0.5343700824568669,1
135531,2012-10-23,0.2562214221217668,0
135532,2012-10-23,0.2913687333887233,1
135533,2012-10-23,0.3444414536716369,0
135534,2012-10-23,0.27496749043040825,0
135535,2012-10-23,0.4362470453026047,1
135536,2012-10-23,0.38331832614896433,0
135537,2012-10-23,0.5533897933659241,0
135538,2012-10-23,0.46049168261385287,0
135539,2012-10-23,0.35323455005880616,0
135540,2012-10-23,0.09627547594089682,0
135541,2012-10-23,0.24189795021493343,0
135542,2012-10-23,0.5151122164970668,0
135543,2012-10-23,0.35821812188503177,0
135544,2012-10-23,0.1483668082042618,1
135545,2012-10-23,0.15351456913428502,0
135546,2012-10-23,0.3750019184560298,0
135547,2012-10-23,0.26858975209194996,0
135548,2012-10-23,0.3479007259283061,0
135549,2012-10-23,0.11508206932846587,0
135550,2012-10-23,0.3101682429963638,0
135551,2012-10-23,0.09178707649190121,0
135552,2012-10-23,0.07005698014569917,0
135553,2012-10-23,0.4783532681886744,0
135554,2012-10-23,0.19564865391424616,0
135555,2012-10-23,0.28665424649310955,0
135556,2012-10-23,0.6311158529959039,1
135557,2012-10-23,0.16951391374366084,0
135558,2012-10-23,0.3147350007105746,0
135559,2012-10-23,0.3215007981520807,0
135560,2012-10-23,0.3886251878394206,1
135561,2012-10-23,0.44722486734480826,0
135562,2012-10-23,0.13835729525459048,0
135563,2012-10-23,0.41068853568036356,0
135564,2012-10-23,0.24469305513450762,0
135565,2012-10-23,0.2772028649774931,0
135566,2012-10-23,0.5053947201021726,0
135567,2012-10-23,0.29623721899030186,0
135568,2012-10-23,0.450193154048566,0
135569,2012-10-23,0.32462777492024836,1
135570,2012-10-23,0.32613534487618095,0
135571,2012-10-23,0.6738056080688036,0
135572,2012-10-23,0.21343022830825334,1
135573,2012-10-23,0.4450235450178942,0
135574,2012-10-23,0.37122778444617405,0
135575,2012-10-23,0.29971173112025784,1
135576,2012-10-23,0.38107356541450393,0
135577,2012-10-23,0.3634974106728799,0
135578,2012-10-23,0.3911803817770863,0
135579,2012-10-23,0.4342314708378539,0
135580,2012-10-23,0.5926225223830609,1
135581,2012-10-23,0.35722967158200275,0
135582,2012-10-23,0.18764821467919718,0
135583,2012-10-23,0.6005856253630981,1
135584,2012-10-23,0.1681227956234039,0
135585,2012-10-23,0.36581062157949545,1
135586,2012-10-23,0.06261219843977113,0
135587,2012-10-23,0.43883906857351657,0
135588,2012-10-23,0.07811806866559096,0
135589,2012-10-23,0.3033718616722681,1
135590,2012-10-23,0.13769126130450518,0
135591,2012-10-23,0.2795111987834866,1
135592,2012-10-23,0.1805525954821455,0
135593,2012-10-23,0.41494609675299515,0
135594,2012-10-23,0.24488676237068244,0
135595,2012-10-23,0.28757069383440137,1
135596,2012-10-23,0.4491097598783573,1
135597,2012-10-23,0.48036389500957155,1
135598,2012-10-23,0.29226986068205696,1
135599,2012-10-23,0.2726290454892548,0
135600,2012-10-23,0.15872009034492596,0
135601,2012-10-23,0.43751864383425443,0
135602,2012-10-23,0.3994771526687911,0
135603,2012-10-23,0.38728501785226177,1
135604,2012-10-23,0.4193104717422046,0
135605,2012-10-23,0.45184588864747594,0
135606,2012-10-23,0.26305909196380894,0
135607,2012-10-23,0.3922596507355374,1
135608,2012-10-23,0.36680744986517116,1
135609,2012-10-23,0.18694867157692271,0
135610,2012-10-23,0.4148704131844829,1
135611,2012-10-23,0.6002655615036504,0
135612,2012-10-23,0.6218260973993791,1
135613,2012-10-23,0.25176346648225434,0
135614,2012-10-23,0.3989630560120535,0
135615,2012-10-23,0.34137628691828176,0
135616,2012-10-23,0.670901626731751,0
135617,2012-10-23,0.238711475739051,0
135618,2012-10-23,0.2386581604246978,0
135619,2012-10-23,0.5960481327157581,0
135620,2012-10-23,0.3063696436458311,1
135621,2012-10-23,0.25146259058281945,0
135622,2012-10-23,0.5933123841935924,1
135623,2012-10-23,0.34794487577070826,1
135624,2012-10-23,0.21785308689883606,0
135625,2012-10-23,0.2873633935584582,0
135626,2012-10-23,0.4005605326877367,1
135627,2012-10-23,0.3558033091235731,0
135628,2012-10-23,0.5796358509091272,1
135629,2012-10-23,0.38068609571967765,0
135630,2012-10-23,0.5349892959504298,0
135631,2012-10-23,0.245736492180588,1
135632,2012-10-23,0.3615135909351858,0
135633,2012-10-23,0.3077278675714324,0
135634,2012-10-23,0.3799779550959747,1
135635,2012-10-23,0.21196579230104934,0
135636,2012-10-23,0.3776917970531916,1
135637,2012-10-23,0.3527650053323801,0
135638,2012-10-23,0.4269412998081858,1
135639,2012-10-23,0.5077467514583651,0
135640,2012-10-23,0.35564153116734704,0
135641,2012-10-23,0.43902155210223837,1
135642,2012-10-23,0.44750882561411376,0
135643,2012-10-23,0.15971774988507526,0
135644,2012-10-23,0.28226316960271547,1
135645,2012-10-23,0.4322607292183694,0
135646,2012-10-23,0.3766307634073607,0
135647,2012-10-23,0.402661486355785,1
135648,2012-10-23,0.6121361695901391,0
135649,2012-10-23,0.16832015850471174,0
135650,2012-10-23,0.26510723458132,1
135651,2012-10-23,0.5368983166451556,1
135652,2012-10-23,0.20093376352503448,0
135653,2012-10-23,0.4929295174715995,0
135654,2012-10-23,0.2775157858117595,0
135655,2012-10-23,0.3575095573634796,0
135656,2012-10-23,0.4736187698097051,0
135657,2012-10-23,0.1778010469713624,0
135658,2012-10-23,0.4814423665127165,1
135659,2012-10-23,0.2639697596787638,1
135660,2012-10-23,0.262897830496951,1
135661,2012-10-23,0.2658881355234485,0
135662,2012-10-23,0.5485607964104774,1
135663,2012-10-23,0.2694502866269773,0
135664,2012-10-23,0.31616327018692253,0
135665,2012-10-23,0.4177989632045467,1
135666,2012-10-23,0.316960607679203,1
135667,2012-10-23,0.36588926498726027,0
135668,2012-10-23,0.47738954599776323,0
135669,2012-10-23,0.2294859031732298,0
135670,2012-10-23,0.3412047023904065,1
135671,2012-10-23,0.5822329003601524,0
135672,2012-10-23,0.3332322912162022,0
135673,2012-10-23,0.3619893221513203,0
135674,2012-10-23,0.5480374616169158,1
135675,2012-10-23,0.34043654434814347,1
135676,2012-10-23,0.2594917321508643,0
135677,2012-10-23,0.4223126508663516,0
135678,2012-10-23,0.7147959000997097,0
135679,2012-10-23,0.4779424197570117,1
135680,2012-10-23,0.31993668156363325,0
135681,2012-10-23,0.4937392303950079,0
135682,2012-10-23,0.16867343637657606,0
135683,2012-10-23,0.2993105232728132,0
135684,2012-10-23,0.421334568364514,1
135685,2012-10-23,0.424293199246076,1
135686,2012-10-23,0.4246072217494827,0
135687,2012-10-23,0.5210993028969655,0
135688,2012-10-23,0.487025459772364,0
135689,2012-10-23,0.36894023350190647,0
135690,2012-10-23,0.4908354701335656,1
135691,2012-10-23,0.36512028420270115,0
135692,2012-10-23,0.25594627398494085,0
135693,2012-10-23,0.2910296747562324,0
135694,2012-10-23,0.6760883164863287,1
135695,2012-10-23,0.3023126578864495,1
135696,2012-10-23,0.2864226257698593,1
135697,2012-10-23,0.38217737958166603,0
135698,2012-10-23,0.4706567150521502,0
135699,2012-10-23,0.5611897515358462,0
135700,2012-10-23,0.21469519932617404,1
135701,2012-10-23,0.38357964080601104,1
135702,2012-10-23,0.19786226034241838,0
135703,2012-10-23,0.2171062910028088,1
135704,2012-10-23,0.29609304622032,0
135705,2012-10-23,0.4084070264017767,0
135706,2012-10-23,0.5672029783113898,1
135707,2012-10-23,0.46135998323080574,1
135708,2012-10-23,0.174287187667632,0
135709,2012-10-23,0.35287399085999893,0
135710,2012-10-23,0.4067499497995469,1
135711,2012-10-23,0.21540391251877966,0
135712,2012-10-23,0.3082807735531026,0
135713,2012-10-23,0.1645886226110401,1
135714,2012-10-23,0.25178457543990324,0
135715,2012-10-23,0.15250161766818598,0
135716,2012-10-23,0.31945017282600674,0
135717,2012-10-23,0.6412247762324317,1
135718,2012-10-23,0.41366219988735653,0
135719,2012-10-23,0.4348335640098811,1
135720,2012-10-23,0.2948027240927886,0
135721,2012-10-23,0.4882638299366742,0
135722,2012-10-23,0.5838503532551458,1
135723,2012-10-23,0.20432800009026292,0
135724,2012-10-23,0.31673085887233726,0
135725,2012-10-23,0.1845485023590187,0
135726,2012-10-23,0.49470677149026265,1
135727,2012-10-23,0.595286029283563,0
135728,2012-10-23,0.282395342985978,1
135729,2012-10-23,0.4076162009779971,0
135730,2012-10-23,0.18505700191912977,0
135731,2012-10-23,0.14717693344897081,0
135732,2012-10-23,0.33662399725545106,0
135733,2012-10-23,0.4861796826140639,1
135734,2012-10-23,0.21215564138779458,0
135735,2012-10-23,0.4886385244392102,0
135736,2012-10-23,0.37954623024331546,0
135737,2012-10-23,0.5733711411389886,1
135738,2012-10-23,0.543950295735973,0
135739,2012-10-23,0.5618744027857032,0
135740,2012-10-23,0.26459003927249186,1
135741,2012-10-23,0.3047799796747769,1
135742,2012-10-23,0.20127763242536967,0
135743,2012-10-23,0.4108976929835167,0
135744,2012-10-23,0.35639389300758983,0
135745,2012-10-23,0.27473449891280294,0
135746,2012-10-23,0.2325982837841597,0
135747,2012-10-23,0.43416613263702775,1
135748,2012-10-23,0.44635651011740973,0
135749,2012-10-23,0.31947212815502535,0
135750,2012-10-23,0.5717371933655457,0
135751,2012-10-23,0.4101444675263428,0
135752,2012-10-23,0.29163435626697415,1
135753,2012-10-23,0.2899477904721825,1
135754,2012-10-23,0.31839724936374103,1
135755,2012-10-23,0.36126759671416814,0
135756,2012-10-23,0.22351829876261822,0
135757,2012-10-23,0.42764513311481417,0
135758,2012-10-23,0.245119933663834,0
135759,2012-10-23,0.4264859806325906,0
135760,2012-10-23,0.42682840135647726,1
135761,2012-10-23,0.22573062983303085,0
135762,2012-10-23,0.2327322591314533,0
135763,2012-10-23,0.3393605288020674,0
135764,2012-10-23,0.4145619894525174,0
135765,2012-10-23,0.2875387875332449,0
135766,2012-10-23,0.4836110195792421,0
135767,2012-10-23,0.40469213035101165,0
135768,2012-10-23,0.30730929884804126,0
135769,2012-10-23,0.4140519075101587,0
135770,2012-10-23,0.5249351189163255,0
135771,2012-10-23,0.35746563530791825,0
135772,2012-10-23,0.22577610376915352,0
135773,2012-10-23,0.27666764410664035,1
135774,2012-10-23,0.23382389793990793,0
135775,2012-10-23,0.5313348721465709,0
135776,2012-10-23,0.3916166988280322,0
135777,2012-10-23,0.3267913209389462,0
135778,2012-10-23,0.1943923546453803,0
135779,2012-10-23,0.3013801624054113,0
135780,2012-10-23,0.4785224008391932,0
135781,2012-10-23,0.2684609801110746,0
135782,2012-10-23,0.30636311401115607,0
135783,2012-10-23,0.5631988872862218,1
135784,2012-10-23,0.3270708774635182,0
135785,2012-10-23,0.44930585900617104,1
135786,2012-10-23,0.634576984183353,1
135787,2012-10-23,0.3559065838365191,0
135788,2012-10-23,0.10850167757980742,0
135789,2012-10-23,0.35487912312126124,0
135790,2012-10-23,0.33264865896925333,0
135791,2012-10-23,0.5295871155334773,0
135792,2012-10-23,0.34320441528541584,0
135793,2012-10-23,0.43540536453536943,0
135794,2012-10-24,0.5508529991306966,0
135795,2012-10-24,0.5186957216247049,0
135796,2012-10-24,0.5534346974477796,1
135797,2012-10-24,0.35823738065748173,1
135798,2012-10-24,0.242585330375869,1
135799,2012-10-24,0.41582267905620923,1
135800,2012-10-24,0.5400523306350996,0
135801,2012-10-24,0.5356955480323895,1
135802,2012-10-24,0.406666213571291,0
135803,2012-10-24,0.4474731432481298,1
135804,2012-10-24,0.4061048481692368,1
135805,2012-10-24,0.3749030544171203,0
135806,2012-10-24,0.526137651033346,1
135807,2012-10-24,0.06891999067980195,0
135808,2012-10-24,0.37727035434257356,0
135809,2012-10-24,0.11652473465641086,0
135810,2012-10-24,0.4750300156497595,0
135811,2012-10-24,0.3552120275630464,0
135812,2012-10-24,0.30725187270367016,0
135813,2012-10-24,0.3028473062262472,1
135814,2012-10-24,0.28606321965018894,1
135815,2012-10-24,0.3097047872428137,0
135816,2012-10-24,0.48365780152927235,1
135817,2012-10-24,0.26855665184318683,1
135818,2012-10-24,0.45608184428839593,0
135819,2012-10-24,0.3205732730349142,0
135820,2012-10-24,0.2910652033839131,0
135821,2012-10-24,0.5548099405119462,0
135822,2012-10-24,0.17868841994512907,0
135823,2012-10-24,0.6196289425240622,0
135824,2012-10-24,0.34658906408528284,1
135825,2012-10-24,0.3804803270693368,0
135826,2012-10-24,0.28215934377318996,0
135827,2012-10-24,0.14535605067753565,1
135828,2012-10-24,0.1753731245448789,0
135829,2012-10-24,0.47026443747892743,0
135830,2012-10-24,0.4572011766229903,0
135831,2012-10-24,0.4212880374036255,1
135832,2012-10-24,0.39894483141947523,0
135833,2012-10-24,0.627778204752603,0
135834,2012-10-24,0.4220419168165758,0
135835,2012-10-24,0.6088603452392135,0
135836,2012-10-24,0.238770297037447,0
135837,2012-10-24,0.4265459658849758,0
135838,2012-10-24,0.39414250043694926,0
135839,2012-10-24,0.3989041431805553,0
135840,2012-10-24,0.5315879255916027,0
135841,2012-10-24,0.3397542117484535,1
135842,2012-10-24,0.6192137005049532,0
135843,2012-10-24,0.2925337604979402,0
135844,2012-10-24,0.5310625080443508,1
135845,2012-10-24,0.4296925352098699,0
135846,2012-10-24,0.2558179239343475,1
135847,2012-10-24,0.6189490892156543,0
135848,2012-10-24,0.23920898428026813,0
135849,2012-10-24,0.3193442836207415,0
135850,2012-10-24,0.4140377648908558,1
135851,2012-10-24,0.661633556193784,1
135852,2012-10-24,0.3116372244845292,1
135853,2012-10-24,0.3197683170112144,0
135854,2012-10-24,0.15925699782816058,0
135855,2012-10-24,0.24586865172648148,0
135856,2012-10-24,0.5537778591303767,1
135857,2012-10-24,0.4022467042048656,1
135858,2012-10-24,0.31790897587178163,1
135859,2012-10-24,0.6601149985881954,1
135860,2012-10-24,0.5557529538391873,0
135861,2012-10-24,0.723613308786243,1
135862,2012-10-24,0.3127259281191084,1
135863,2012-10-24,0.3009625558034866,0
135864,2012-10-24,0.37712610086150067,0
135865,2012-10-24,0.3221983516563715,0
135866,2012-10-24,0.15058103181240867,1
135867,2012-10-24,0.36256982576950164,1
135868,2012-10-24,0.3907273716237472,1
135869,2012-10-24,0.23236896665957235,0
135870,2012-10-24,0.31897453352336286,0
135871,2012-10-24,0.3091800265191814,0
135872,2012-10-24,0.17345891630644356,0
135873,2012-10-24,0.608825784239364,0
135874,2012-10-24,0.6488068851375204,0
135875,2012-10-24,0.1501293128405159,0
135876,2012-10-24,0.2925366249652343,0
135877,2012-10-24,0.39986224366228723,1
135878,2012-10-24,0.44289222393159416,0
135879,2012-10-24,0.5132435832583123,0
135880,2012-10-24,0.1445396344279373,0
135881,2012-10-24,0.35528929713069207,0
135882,2012-10-24,0.267054076943311,0
135883,2012-10-24,0.317991537425587,0
135884,2012-10-24,0.41363187272484786,0
135885,2012-10-24,0.397001883488211,0
135886,2012-10-24,0.15222116717782044,0
135887,2012-10-24,0.5171124709510176,0
135888,2012-10-24,0.23105458778843316,0
135889,2012-10-24,0.3958722663979241,1
135890,2012-10-24,0.132941958078366,0
135891,2012-10-24,0.28695864199262644,0
135892,2012-10-24,0.39392657567102524,0
135893,2012-10-24,0.23451430375095889,0
135894,2012-10-24,0.499852154642693,0
135895,2012-10-24,0.2820005364416519,1
135896,2012-10-24,0.26168625558637676,0
135897,2012-10-24,0.3239234597932756,0
135898,2012-10-24,0.2081286300592461,0
135899,2012-10-24,0.39219596374341575,0
135900,2012-10-24,0.28036806902378486,0
135901,2012-10-24,0.33335381873619857,1
135902,2012-10-24,0.26609864670769207,1
135903,2012-10-24,0.3565567854058888,1
135904,2012-10-24,0.49905526117460897,1
135905,2012-10-24,0.6820425175241945,0
135906,2012-10-24,0.2041370026718186,0
135907,2012-10-24,0.37761462361991815,0
135908,2012-10-24,0.3699217645998051,0
135909,2012-10-24,0.31583084361894986,0
135910,2012-10-24,0.6384840094546698,0
135911,2012-10-24,0.3068971176257265,0
135912,2012-10-24,0.4133644682906839,1
135913,2012-10-24,0.1219243366043397,0
135914,2012-10-24,0.6487142508677716,1
135915,2012-10-24,0.35486897172249593,0
135916,2012-10-24,0.35216025827237063,0
135917,2012-10-24,0.26793034239518343,1
135918,2012-10-24,0.26274991981471063,0
135919,2012-10-24,0.5556239462031484,1
135920,2012-10-24,0.43370176685718237,0
135921,2012-10-24,0.20170263807369157,1
135922,2012-10-24,0.22598238079200353,0
135923,2012-10-24,0.28408662680496943,0
135924,2012-10-24,0.368667663075352,0
135925,2012-10-24,0.44367924328691183,0
135926,2012-10-24,0.19976659845560274,0
135927,2012-10-24,0.27624680793044665,1
135928,2012-10-24,0.52806354877321,0
135929,2012-10-24,0.40222868180664023,0
135930,2012-10-24,0.634656968144827,1
135931,2012-10-24,0.13012781910711654,0
135932,2012-10-24,0.36834939061007943,0
135933,2012-10-24,0.2927057813931463,0
135934,2012-10-24,0.3867983356417254,1
135935,2012-10-24,0.4336381186184522,0
135936,2012-10-24,0.3590180215859373,1
135937,2012-10-24,0.2085340977328659,0
135938,2012-10-24,0.1661807865880546,1
135939,2012-10-24,0.36156397895046427,1
135940,2012-10-24,0.12652602803372248,0
135941,2012-10-24,0.29044855661552027,0
135942,2012-10-24,0.23625746938465286,1
135943,2012-10-24,0.49626436365443305,1
135944,2012-10-24,0.42982468007075597,0
135945,2012-10-24,0.27116852052385393,0
135946,2012-10-24,0.4655762090818376,0
135947,2012-10-24,0.3970429673596344,0
135948,2012-10-24,0.31123577052095946,0
135949,2012-10-24,0.3054296967456742,0
135950,2012-10-24,0.22661972088941654,0
135951,2012-10-24,0.278753905675528,1
135952,2012-10-24,0.33149190711702575,0
135953,2012-10-24,0.3054271003612655,1
135954,2012-10-24,0.33367335970194417,0
135955,2012-10-24,0.39713117612120685,0
135956,2012-10-24,0.23239855526245265,0
135957,2012-10-24,0.24021216584670335,0
135958,2012-10-24,0.5293530212011993,1
135959,2012-10-24,0.5737624539383704,1
135960,2012-10-24,0.31616055721751346,0
135961,2012-10-24,0.19146776199595655,0
135962,2012-10-24,0.3450962893619591,0
135963,2012-10-24,0.18447445438159046,0
135964,2012-10-24,0.3640485532011159,0
135965,2012-10-24,0.23394491203136783,1
135966,2012-10-24,0.4497331232888,1
135967,2012-10-24,0.1923980319702704,0
135968,2012-10-24,0.5126075189118487,0
135969,2012-10-24,0.3888408029362316,0
135970,2012-10-24,0.27078794792968314,0
135971,2012-10-24,0.44362500368028507,0
135972,2012-10-24,0.2384821322539755,0
135973,2012-10-24,0.15609164403720194,0
135974,2012-10-24,0.23067681375587057,0
135975,2012-10-24,0.2712694205741472,0
135976,2012-10-24,0.4182831387148148,0
135977,2012-10-24,0.3760015349542498,1
135978,2012-10-24,0.25902720426756415,0
135979,2012-10-24,0.46352442136682603,0
135980,2012-10-24,0.28697973677140715,1
135981,2012-10-24,0.3778340504026212,0
135982,2012-10-24,0.43273453804895246,0
135983,2012-10-24,0.3599000001450631,0
135984,2012-10-24,0.4706996772970519,0
135985,2012-10-24,0.3014228583739027,1
135986,2012-10-24,0.3649767204947159,1
135987,2012-10-24,0.3057032297999616,0
135988,2012-10-24,0.4751579891298156,1
135989,2012-10-24,0.27266301601437065,0
135990,2012-10-24,0.3289269161358512,0
135991,2012-10-24,0.31298712002976226,0
135992,2012-10-24,0.47638985198876027,0
135993,2012-10-24,0.4007334113776625,1
135994,2012-10-24,0.44847880251889083,1
135995,2012-10-24,0.3116901506572044,1
135996,2012-10-24,0.47966012012182563,0
135997,2012-10-24,0.3833565403941593,1
135998,2012-10-24,0.28711841678342215,0
135999,2012-10-24,0.4861877390668131,1
136000,2012-10-24,0.5281566421600886,0
136001,2012-10-24,0.24140833765067501,0
136002,2012-10-24,0.5511045973415639,0
136003,2012-10-24,0.24662575700146597,0
136004,2012-10-24,0.24397509413373109,0
136005,2012-10-24,0.4285609224355589,1
136006,2012-10-24,0.3130066463261646,0
136007,2012-10-24,0.3478815941868266,0
136008,2012-10-24,0.33506757042498286,0
136009,2012-10-24,0.2226047164987608,0
136010,2012-10-24,0.39434958210798154,0
136011,2012-10-24,0.6089061261520577,1
136012,2012-10-24,0.26538283890682624,0
136013,2012-10-24,0.2403642184969202,0
136014,2012-10-24,0.36361865702654356,0
136015,2012-10-24,0.2503907431383703,0
136016,2012-10-24,0.547686360317113,0
136017,2012-10-24,0.5113292877083828,1
136018,2012-10-24,0.3561652690447682,1
136019,2012-10-24,0.4965202726676937,1
136020,2012-10-24,0.23252938202937315,0
136021,2012-10-24,0.13867514919030965,0
136022,2012-10-24,0.5251936669954962,0
136023,2012-10-24,0.13613758033546539,0
136024,2012-10-24,0.2204006806574578,0
136025,2012-10-24,0.26705889014631184,0
136026,2012-10-24,0.2915140212891125,0
136027,2012-10-24,0.5115187276051449,0
136028,2012-10-24,0.5145911241029735,0
136029,2012-10-24,0.14034265671300733,0
136030,2012-10-24,0.2419575280446706,1
136031,2012-10-24,0.2796139243141653,0
136032,2012-10-24,0.4842920128162622,1
136033,2012-10-24,0.36130731730653787,1
136034,2012-10-24,0.15612650685226664,0
136035,2012-10-24,0.5948787583511409,0
136036,2012-10-24,0.28567085035036455,0
136037,2012-10-24,0.17309580321906573,0
136038,2012-10-24,0.13226457378816672,0
136039,2012-10-24,0.16037208280946758,0
136040,2012-10-24,0.3262720883676127,0
136041,2012-10-24,0.34831049938154135,0
136042,2012-10-24,0.2331091961699274,0
136043,2012-10-24,0.28893739693590786,1
136044,2012-10-24,0.48994326340146116,0
136045,2012-10-24,0.3185680280838244,0
136046,2012-10-24,0.410472760516076,0
136047,2012-10-24,0.47982225747501456,1
136048,2012-10-24,0.5170490969361343,0
136049,2012-10-24,0.32075807623481684,0
136050,2012-10-24,0.3207089309477696,1
136051,2012-10-24,0.12677104413180607,0
136052,2012-10-24,0.21218127267815867,0
136053,2012-10-24,0.47292935604420794,0
136054,2012-10-24,0.22373059483219665,0
136055,2012-10-24,0.3255590911918444,1
136056,2012-10-24,0.25894383450542496,1
136057,2012-10-24,0.3306698004324348,1
136058,2012-10-24,0.4328767018876162,1
136059,2012-10-24,0.37580588191750436,1
136060,2012-10-24,0.21782452430734914,0
136061,2012-10-24,0.39150051362988036,0
136062,2012-10-24,0.4367281205196345,0
136063,2012-10-24,0.33652394919527145,0
136064,2012-10-24,0.27606117597403435,0
136065,2012-10-24,0.2568710562495476,1
136066,2012-10-24,0.48359622016880216,0
136067,2012-10-24,0.4640460637756618,0
136068,2012-10-24,0.1729720606825922,0
136069,2012-10-24,0.6757780666984364,1
136070,2012-10-24,0.29285391945091166,0
136071,2012-10-24,0.4904923633417056,1
136072,2012-10-24,0.37921193712605417,0
136073,2012-10-24,0.3777060779670861,1
136074,2012-10-24,0.3996098088565437,1
136075,2012-10-24,0.31522596949845294,0
136076,2012-10-24,0.3014914948444087,0
136077,2012-10-24,0.16861080506721177,0
136078,2012-10-24,0.34786766578649214,0
136079,2012-10-24,0.2929631225555645,0
136080,2012-10-24,0.3733303194267115,0
136081,2012-10-24,0.3883359341968804,1
136082,2012-10-24,0.31602552968411146,1
136083,2012-10-24,0.22308309579793875,0
136084,2012-10-24,0.21676396776695087,0
136085,2012-10-24,0.21288539145870863,1
136086,2012-10-24,0.3802420962355355,1
136087,2012-10-24,0.31220249711921744,0
136088,2012-10-24,0.3485904081185954,0
136089,2012-10-24,0.5436651377047981,1
136090,2012-10-24,0.29331453040081934,0
136091,2012-10-24,0.5802737934276946,0
136092,2012-10-24,0.3499371666302964,0
136093,2012-10-24,0.5971286500408113,1
136094,2012-10-24,0.6110677145850184,1
136095,2012-10-24,0.5875862076444717,0
136096,2012-10-24,0.12994527755537366,0
136097,2012-10-24,0.3678749553169013,1
136098,2012-10-24,0.19091697470977542,0
136099,2012-10-24,0.4094349792826584,1
136100,2012-10-24,0.24086130981423182,0
136101,2012-10-24,0.14309423791199705,0
136102,2012-10-24,0.11902555838224303,0
136103,2012-10-24,0.3936609211950919,0
136104,2012-10-24,0.49111924094607107,0
136105,2012-10-24,0.4162508939041464,1
136106,2012-10-24,0.3266225977518638,0
136107,2012-10-24,0.3206955325517253,0
136108,2012-10-24,0.48534451063191425,1
136109,2012-10-24,0.29822198002194716,0
136110,2012-10-24,0.15802758816893017,0
136111,2012-10-24,0.5722076466884984,1
136112,2012-10-24,0.5948875018256115,1
136113,2012-10-24,0.31781534840592174,0
136114,2012-10-24,0.23659522643456943,0
136115,2012-10-24,0.4461550425672665,1
136116,2012-10-24,0.6673791601320587,1
136117,2012-10-24,0.3515143085413985,1
136118,2012-10-24,0.28812650149887925,0
136119,2012-10-24,0.4239497556369769,1
136120,2012-10-24,0.23339935717762766,0
136121,2012-10-24,0.1927665178932499,0
136122,2012-10-24,0.1858836957259877,0
136123,2012-10-24,0.43784297567125763,1
136124,2012-10-24,0.20953052115740875,0
136125,2012-10-24,0.37614545325188026,0
136126,2012-10-24,0.43967916396309165,0
136127,2012-10-24,0.3725306445489449,1
136128,2012-10-24,0.30399645367438854,0
136129,2012-10-24,0.3172434574591379,1
136130,2012-10-24,0.25602521902146097,0
136131,2012-10-24,0.1870509513824828,0
136132,2012-10-24,0.31899887714400726,0
136133,2012-10-24,0.27617382101829147,0
136134,2012-10-24,0.26509366183934735,0
136135,2012-10-24,0.4677287354024026,1
136136,2012-10-24,0.39318506634673966,1
136137,2012-10-24,0.13386086551822837,0
136138,2012-10-24,0.43562329274080336,0
136139,2012-10-24,0.4317165798046529,0
136140,2012-10-24,0.28074736213203694,1
136141,2012-10-24,0.37431536877401694,0
136142,2012-10-24,0.2955248487111596,0
136143,2012-10-24,0.6381937056399045,1
136144,2012-10-24,0.5552279761569878,0
136145,2012-10-24,0.30338175410236234,0
136146,2012-10-24,0.2968006090631737,0
136147,2012-10-24,0.3177636244225162,1
136148,2012-10-24,0.34559542828522394,1
136149,2012-10-24,0.3315966319673811,0
136150,2012-10-24,0.4638768705097558,0
136151,2012-10-24,0.33897656563673,0
136152,2012-10-24,0.3312535312701438,1
136153,2012-10-24,0.2763946446314774,0
136154,2012-10-24,0.3872400693174698,0
136155,2012-10-24,0.4079418270889729,0
136156,2012-10-24,0.22832038004799124,0
136157,2012-10-24,0.16320482482791354,0
136158,2012-10-24,0.32131179531916065,0
136159,2012-10-24,0.2461699843152006,1
136160,2012-10-24,0.29502063413412144,1
136161,2012-10-24,0.37532093649051845,1
136162,2012-10-24,0.678038870118861,1
136163,2012-10-24,0.40173706337232357,0
136164,2012-10-24,0.2658245331678348,0
136165,2012-10-24,0.18717577718421055,0
136166,2012-10-24,0.3873108828954677,1
136167,2012-10-24,0.34671222769239873,0
136168,2012-10-24,0.39383126220993736,0
136169,2012-10-24,0.4526003313348219,1
136170,2012-10-24,0.6355147064558186,1
136171,2012-10-24,0.25157707015243697,1
136172,2012-10-24,0.4650353675037266,0
136173,2012-10-24,0.6574879546210896,0
136174,2012-10-24,0.273432687687929,0
136175,2012-10-24,0.4587620583373503,1
136176,2012-10-24,0.440980552148914,0
136177,2012-10-24,0.38123633944526714,0
136178,2012-10-24,0.21417837728126926,0
136179,2012-10-24,0.3007985468436968,1
136180,2012-10-24,0.3755156230869896,0
136181,2012-10-24,0.1371110180355459,0
136182,2012-10-24,0.3330703165353361,1
136183,2012-10-24,0.7088385895001708,1
136184,2012-10-24,0.38870014758584376,1
136185,2012-10-24,0.27834097128055574,0
136186,2012-10-24,0.3470050932317329,1
136187,2012-10-24,0.32748929653635905,1
136188,2012-10-24,0.3258306661986335,0
136189,2012-10-24,0.23488970305299856,0
136190,2012-10-24,0.2531330575220052,0
136191,2012-10-24,0.32472504569352956,0
136192,2012-10-24,0.4423843120893096,0
136193,2012-10-24,0.29703628598309484,0
136194,2012-10-24,0.17305571131985326,0
136195,2012-10-24,0.6078370504863566,0
136196,2012-10-24,0.2926977356828655,0
136197,2012-10-24,0.28092656450643344,0
136198,2012-10-24,0.22781704027491206,0
136199,2012-10-24,0.3602560101671239,0
136200,2012-10-24,0.2803630459610119,0
136201,2012-10-24,0.4330973658544049,1
136202,2012-10-24,0.1426095630812731,1
136203,2012-10-24,0.2938948960303131,0
136204,2012-10-24,0.41608010678433666,0
136205,2012-10-24,0.24946199069641178,0
136206,2012-10-24,0.535177555234972,1
136207,2012-10-24,0.2353684249757786,0
136208,2012-10-24,0.6038704089111616,0
136209,2012-10-24,0.16864807415636757,0
136210,2012-10-24,0.4047823558634353,0
136211,2012-10-24,0.4384997022283231,0
136212,2012-10-24,0.4092286231809764,0
136213,2012-10-24,0.4694911991799456,0
136214,2012-10-24,0.4247025410123549,1
136215,2012-10-24,0.5304835338766383,1
136216,2012-10-24,0.3337388513901455,1
136217,2012-10-24,0.4975040254558622,0
136218,2012-10-24,0.5912767869723168,1
136219,2012-10-24,0.3591233744143994,0
136220,2012-10-24,0.5173286387807167,0
136221,2012-10-24,0.5070604172214394,1
136222,2012-10-24,0.42315770331024666,0
136223,2012-10-24,0.4196163316171012,0
136224,2012-10-24,0.179092020588687,0
136225,2012-10-24,0.349925229207461,0
136226,2012-10-24,0.20786714585892901,1
136227,2012-10-24,0.41629850062117246,0
136228,2012-10-24,0.36755187855529564,1
136229,2012-10-24,0.18507857824215893,0
136230,2012-10-24,0.34757211176762537,1
136231,2012-10-24,0.3904060282098272,0
136232,2012-10-24,0.4289441835811275,0
136233,2012-10-24,0.4212386220086142,0
136234,2012-10-24,0.4440601443166503,1
136235,2012-10-24,0.26871612315097065,0
136236,2012-10-24,0.21879264439900536,0
136237,2012-10-24,0.3941796246807794,1
136238,2012-10-24,0.3453034255062347,0
136239,2012-10-24,0.3527218498797532,0
136240,2012-10-24,0.35893134807802124,0
136241,2012-10-24,0.21568366475822862,0
136242,2012-10-24,0.18129559904185738,0
136243,2012-10-24,0.34555508603821017,0
136244,2012-10-24,0.3553009378230703,0
136245,2012-10-24,0.16041098482345265,0
136246,2012-10-24,0.3881339655111151,0
136247,2012-10-24,0.2734799155767644,0
136248,2012-10-24,0.2924116321171871,0
136249,2012-10-24,0.5283415958567841,0
136250,2012-10-24,0.3950334936485755,1
136251,2012-10-24,0.5165008220295109,0
136252,2012-10-24,0.2466362645453504,0
136253,2012-10-24,0.41674784483270205,1
136254,2012-10-24,0.2840210971408391,0
136255,2012-10-24,0.2633356555404145,1
136256,2012-10-24,0.38051719442266013,1
136257,2012-10-24,0.4854959248525294,1
136258,2012-10-24,0.20908188960878069,0
136259,2012-10-24,0.3560196624659233,0
136260,2012-10-24,0.3144601907302054,0
136261,2012-10-24,0.30357378895590437,0
136262,2012-10-24,0.6767687192348406,1
136263,2012-10-24,0.6308285275091153,1
136264,2012-10-24,0.30260599339885325,0
136265,2012-10-24,0.537989089016142,0
136266,2012-10-24,0.4001022237585225,1
136267,2012-10-24,0.5079086408473776,0
136268,2012-10-24,0.3019320080548706,0
136269,2012-10-24,0.5545959144313657,1
136270,2012-10-24,0.3281143259819377,0
136271,2012-10-24,0.3852086927340149,0
136272,2012-10-24,0.2846411975780396,0
136273,2012-10-24,0.11455502251434808,0
136274,2012-10-24,0.34866640296265117,1
136275,2012-10-24,0.4707668454295622,1
136276,2012-10-24,0.19064272411059416,0
136277,2012-10-24,0.2658709327873506,0
136278,2012-10-24,0.28848990688586673,0
136279,2012-10-24,0.2505505625855424,0
136280,2012-10-24,0.18748420678803027,0
136281,2012-10-24,0.46838404178374116,0
136282,2012-10-24,0.4210073715890322,0
136283,2012-10-24,0.23723726745191903,0
136284,2012-10-24,0.24884012014897994,0
136285,2012-10-24,0.07583914760436375,0
136286,2012-10-24,0.24500269405282782,0
136287,2012-10-24,0.25776338734412796,0
136288,2012-10-24,0.08605440076089867,0
136289,2012-10-24,0.11763743465132977,0
136290,2012-10-24,0.2012153305351204,0
136291,2012-10-24,0.31500502784277107,0
136292,2012-10-24,0.2884456391034879,0
136293,2012-10-24,0.3583355290417172,0
136294,2012-10-24,0.19013646649023558,0
136295,2012-10-24,0.27313506749438626,0
136296,2012-10-24,0.6254746439088233,0
136297,2012-10-24,0.23128099853707898,0
136298,2012-10-24,0.3598953813595741,1
136299,2012-10-24,0.2959144586268743,0
136300,2012-10-24,0.47470105783138145,0
136301,2012-10-24,0.47395989053323045,1
136302,2012-10-24,0.3381696627231071,0
136303,2012-10-24,0.24574608320303806,1
136304,2012-10-24,0.5682371304798892,0
136305,2012-10-24,0.35035663822313634,1
136306,2012-10-24,0.30289004062385694,1
136307,2012-10-24,0.5066336671534412,0
136308,2012-10-24,0.4077919112401758,0
136309,2012-10-24,0.6021449854847656,1
136310,2012-10-24,0.5316317967027353,0
136311,2012-10-24,0.42710523168559344,0
136312,2012-10-24,0.5721303367147672,1
136313,2012-10-24,0.6375562237268375,1
136314,2012-10-24,0.3456762677137186,1
136315,2012-10-24,0.36516148035316776,1
136316,2012-10-24,0.22736678672985314,0
136317,2012-10-24,0.42323086365290985,0
136318,2012-10-24,0.4411234586487053,0
136319,2012-10-24,0.2946292824021981,0
136320,2012-10-24,0.2147175573355305,0
136321,2012-10-24,0.35378377075777634,0
136322,2012-10-24,0.09319879433473845,0
136323,2012-10-24,0.21626245658104873,0
136324,2012-10-24,0.20145297892693304,0
136325,2012-10-24,0.29095554626873416,0
136326,2012-10-24,0.5312667676642507,1
136327,2012-10-24,0.6304538007296558,0
136328,2012-10-24,0.7055416448622334,1
136329,2012-10-24,0.19423613896153524,0
136330,2012-10-24,0.22490093427331187,0
136331,2012-10-24,0.5833388895890541,0
136332,2012-10-24,0.4814431481829936,0
136333,2012-10-24,0.233444287785423,0
136334,2012-10-24,0.48234065762868944,1
136335,2012-10-24,0.395570242856094,1
136336,2012-10-24,0.3513858971330619,0
136337,2012-10-24,0.4986783747789825,1
136338,2012-10-24,0.24110017870618178,0
136339,2012-10-24,0.19537682058891642,0
136340,2012-10-24,0.22076306775881835,0
136341,2012-10-24,0.22502214792754177,0
136342,2012-10-24,0.4076504349498823,1
136343,2012-10-24,0.44141277040807964,1
136344,2012-10-24,0.3480084797749211,1
136345,2012-10-24,0.23748479226277197,0
136346,2012-10-24,0.1863709439197218,0
136347,2012-10-24,0.3983161903996899,0
136348,2012-10-24,0.05941883857356724,0
136349,2012-10-24,0.29391409941635244,0
136350,2012-10-24,0.4526697522506135,0
136351,2012-10-24,0.4757157068908942,0
136352,2012-10-24,0.21727749851565778,0
136353,2012-10-24,0.2991673915477846,1
136354,2012-10-24,0.3155953756294583,0
136355,2012-10-24,0.3995278551264486,0
136356,2012-10-24,0.2787485803249391,0
136357,2012-10-24,0.2656757645454874,0
136358,2012-10-24,0.4700292846191629,0
136359,2012-10-24,0.2336912467972489,0
136360,2012-10-24,0.28516621927163005,1
136361,2012-10-24,0.5734817980782423,1
136362,2012-10-24,0.3247497566389209,0
136363,2012-10-24,0.6887234726619879,1
136364,2012-10-24,0.27478842681454085,0
136365,2012-10-24,0.33223318707805305,0
136366,2012-10-24,0.26409492445633365,0
136367,2012-10-24,0.45586809083322094,0
136368,2012-10-24,0.32157177912954155,1
136369,2012-10-24,0.27348679214695226,0
136370,2012-10-24,0.27680026885190967,0
136371,2012-10-25,0.2966744830723619,0
136372,2012-10-25,0.40718113694760827,0
136373,2012-10-25,0.24319431128888308,1
136374,2012-10-25,0.3259143859434737,0
136375,2012-10-25,0.5983686674103608,0
136376,2012-10-25,0.3664773348727182,0
136377,2012-10-25,0.39922630801498693,0
136378,2012-10-25,0.5333747980451367,0
136379,2012-10-25,0.30403452066198494,1
136380,2012-10-25,0.5433228538480428,1
136381,2012-10-25,0.5229228181748212,1
136382,2012-10-25,0.31917372972809005,1
136383,2012-10-25,0.27653003241431956,1
136384,2012-10-25,0.30399583650495116,0
136385,2012-10-25,0.2953713910639317,1
136386,2012-10-25,0.2187980664190904,0
136387,2012-10-25,0.22734072389310353,0
136388,2012-10-25,0.3591533473643615,1
136389,2012-10-25,0.5614855617801529,0
136390,2012-10-25,0.19471816695970914,0
136391,2012-10-25,0.34046720744156156,0
136392,2012-10-25,0.3000980861548715,0
136393,2012-10-25,0.5253797373159456,0
136394,2012-10-25,0.24290422789437624,1
136395,2012-10-25,0.44156528020143093,0
136396,2012-10-25,0.2811474161738815,0
136397,2012-10-25,0.29621926743112803,0
136398,2012-10-25,0.40407954314167654,1
136399,2012-10-25,0.4360804398178132,1
136400,2012-10-25,0.34360486104537397,0
136401,2012-10-25,0.2261415460200687,0
136402,2012-10-25,0.3099361757504678,1
136403,2012-10-25,0.2871199974768012,0
136404,2012-10-25,0.23325337705981006,0
136405,2012-10-25,0.1386122939148802,0
136406,2012-10-25,0.2686638515062903,0
136407,2012-10-25,0.5295544223159756,1
136408,2012-10-25,0.3409790422032123,0
136409,2012-10-25,0.2883438521718315,0
136410,2012-10-25,0.42776666112890444,0
136411,2012-10-25,0.29220374175102676,1
136412,2012-10-25,0.328794429731859,0
136413,2012-10-25,0.30112328935607213,0
136414,2012-10-25,0.18602637206993847,0
136415,2012-10-25,0.42654149246104894,0
136416,2012-10-25,0.42556738907737335,0
136417,2012-10-25,0.5168916413775062,1
136418,2012-10-25,0.3840100706731211,1
136419,2012-10-25,0.2649974854910253,0
136420,2012-10-25,0.47734184761384824,0
136421,2012-10-25,0.2927055916702156,0
136422,2012-10-25,0.4076394260843231,0
136423,2012-10-25,0.6085087605551305,0
136424,2012-10-25,0.4140229349499304,0
136425,2012-10-25,0.47744800726907094,1
136426,2012-10-25,0.2835213063637623,0
136427,2012-10-25,0.17625889445127974,0
136428,2012-10-25,0.5033952675940571,0
136429,2012-10-25,0.3005176338385478,0
136430,2012-10-25,0.30424933186837605,0
136431,2012-10-25,0.31656379731862433,0
136432,2012-10-25,0.37747181593113416,0
136433,2012-10-25,0.20196753965150205,0
136434,2012-10-25,0.2790449109124357,0
136435,2012-10-25,0.229304401287289,0
136436,2012-10-25,0.26208192494984955,0
136437,2012-10-25,0.5456363326687182,1
136438,2012-10-25,0.22719035780955377,1
136439,2012-10-25,0.3866730080417925,0
136440,2012-10-25,0.5057525326250464,0
136441,2012-10-25,0.4377853567951361,1
136442,2012-10-25,0.4455793587237909,0
136443,2012-10-25,0.5668528493375555,1
136444,2012-10-25,0.5654461041280499,1
136445,2012-10-25,0.6371444456631852,1
136446,2012-10-25,0.2655119919720347,0
136447,2012-10-25,0.4095257435516576,1
136448,2012-10-25,0.3731446929027213,0
136449,2012-10-25,0.24823850421495675,0
136450,2012-10-25,0.44801683737289405,0
136451,2012-10-25,0.4207987127055811,0
136452,2012-10-25,0.16311572053893808,0
136453,2012-10-25,0.24248462966101275,1
136454,2012-10-25,0.5676306761329372,1
136455,2012-10-25,0.3618546949989625,1
136456,2012-10-25,0.22865198766511097,0
136457,2012-10-25,0.24724372977896755,0
136458,2012-10-25,0.40671646221248287,0
136459,2012-10-25,0.26606358141966385,0
136460,2012-10-25,0.6178474154385882,1
136461,2012-10-25,0.35012536051929743,0
136462,2012-10-25,0.3266789320548815,0
136463,2012-10-25,0.3772789738540017,1
136464,2012-10-25,0.3873447678358213,1
136465,2012-10-25,0.20547583182251253,1
136466,2012-10-25,0.3234333406811818,0
136467,2012-10-25,0.3591694479763708,0
136468,2012-10-25,0.22685807852217882,0
136469,2012-10-25,0.558904787023395,0
136470,2012-10-25,0.6264591090256784,0
136471,2012-10-25,0.086427362789242,0
136472,2012-10-25,0.5317771107958013,0
136473,2012-10-25,0.34579452307327474,0
136474,2012-10-25,0.32511893778984785,0
136475,2012-10-25,0.5064168423516736,0
136476,2012-10-25,0.28502392562933837,0
136477,2012-10-25,0.30925191323036155,0
136478,2012-10-25,0.24003576550103076,0
136479,2012-10-25,0.1854290863515687,0
136480,2012-10-25,0.4431216165822989,0
136481,2012-10-25,0.5023734113327984,0
136482,2012-10-25,0.31645067572994473,0
136483,2012-10-25,0.4922958236658243,1
136484,2012-10-25,0.14843874838713927,1
136485,2012-10-25,0.4407236269392006,0
136486,2012-10-25,0.47044716267562914,1
136487,2012-10-25,0.6358220736190954,1
136488,2012-10-25,0.4259709343089644,1
136489,2012-10-25,0.37889440515492084,0
136490,2012-10-25,0.3152756099443545,1
136491,2012-10-25,0.2319478992433827,0
136492,2012-10-25,0.3293820640988392,0
136493,2012-10-25,0.14452223087260413,0
136494,2012-10-25,0.3757052167515504,0
136495,2012-10-25,0.5154143559125935,0
136496,2012-10-25,0.3580656395066961,0
136497,2012-10-25,0.4826799050510868,1
136498,2012-10-25,0.32190555065000326,1
136499,2012-10-25,0.34473719330836233,0
136500,2012-10-25,0.13922393742681463,0
136501,2012-10-25,0.5803522277025204,0
136502,2012-10-25,0.4390473437033388,0
136503,2012-10-25,0.30015979380980734,0
136504,2012-10-25,0.42746997174419193,0
136505,2012-10-25,0.20101345581499125,0
136506,2012-10-25,0.09834684079479482,0
136507,2012-10-25,0.29561018538004713,0
136508,2012-10-25,0.4033326078345152,1
136509,2012-10-25,0.466634441291751,1
136510,2012-10-25,0.3714558283346269,0
136511,2012-10-25,0.37851645104047965,0
136512,2012-10-25,0.30545500831411576,1
136513,2012-10-25,0.7509755237548078,1
136514,2012-10-25,0.2555743029789984,1
136515,2012-10-25,0.5005662548941255,0
136516,2012-10-25,0.32953779630267477,0
136517,2012-10-25,0.37872836095179513,0
136518,2012-10-25,0.24171128133821687,0
136519,2012-10-25,0.38987792007029143,1
136520,2012-10-25,0.3329540166716766,0
136521,2012-10-25,0.2604542108567382,0
136522,2012-10-25,0.3736854736498916,0
136523,2012-10-25,0.39286072873539896,0
136524,2012-10-25,0.20352738760026615,0
136525,2012-10-25,0.20553856110152816,0
136526,2012-10-25,0.2932470692526947,1
136527,2012-10-25,0.1804042194874608,0
136528,2012-10-25,0.3857924085650434,0
136529,2012-10-25,0.19898916431701547,0
136530,2012-10-25,0.2708711406671659,1
136531,2012-10-25,0.45264708674171333,0
136532,2012-10-25,0.399408302031737,0
136533,2012-10-25,0.3830576701642392,0
136534,2012-10-25,0.35947365630997086,1
136535,2012-10-25,0.19192201576478643,0
136536,2012-10-25,0.2097759855808018,0
136537,2012-10-25,0.37916258709200956,0
136538,2012-10-25,0.2639089898877322,0
136539,2012-10-25,0.7201688480852803,0
136540,2012-10-25,0.36749911186926426,0
136541,2012-10-25,0.3245928231053603,1
136542,2012-10-25,0.3123653477572959,0
136543,2012-10-25,0.41948896296041066,1
136544,2012-10-25,0.3697287187680768,1
136545,2012-10-25,0.3232221274563315,0
136546,2012-10-25,0.23748760068817426,0
136547,2012-10-25,0.4759642179424212,1
136548,2012-10-25,0.599780461330169,0
136549,2012-10-25,0.38634387634049067,0
136550,2012-10-25,0.4402978769637762,0
136551,2012-10-25,0.3956639671222276,1
136552,2012-10-25,0.2938976973689454,0
136553,2012-10-25,0.5746794266435302,1
136554,2012-10-25,0.3680954370720553,0
136555,2012-10-25,0.5115283974697009,0
136556,2012-10-25,0.49644395761644666,1
136557,2012-10-25,0.3006272958115738,0
136558,2012-10-25,0.5354534550002097,0
136559,2012-10-25,0.10442437871429404,0
136560,2012-10-25,0.1966761933300572,0
136561,2012-10-25,0.5328431217424578,1
136562,2012-10-25,0.5055183497195944,1
136563,2012-10-25,0.31474182753484115,0
136564,2012-10-25,0.2589690496336882,0
136565,2012-10-25,0.4550696135391174,0
136566,2012-10-25,0.5166677505258267,0
136567,2012-10-25,0.20133757548935619,0
136568,2012-10-25,0.40026053273945683,0
136569,2012-10-25,0.4171071212649583,0
136570,2012-10-25,0.5674308349718298,1
136571,2012-10-25,0.42172490606646607,1
136572,2012-10-25,0.6188760309479677,1
136573,2012-10-25,0.37952367882079974,0
136574,2012-10-25,0.31765201965412704,0
136575,2012-10-25,0.39279128513548534,1
136576,2012-10-25,0.4089897467131465,1
136577,2012-10-25,0.43434040972054294,0
136578,2012-10-25,0.6389589693875734,0
136579,2012-10-25,0.48242504786381996,0
136580,2012-10-25,0.19007993630040076,1
136581,2012-10-25,0.3583744059418666,1
136582,2012-10-25,0.14868534923724663,0
136583,2012-10-25,0.5377188052748109,0
136584,2012-10-25,0.3912115359205135,1
136585,2012-10-25,0.37631941270094077,0
136586,2012-10-25,0.43636132400824795,1
136587,2012-10-25,0.3825196665989174,0
136588,2012-10-25,0.23120613592875136,0
136589,2012-10-25,0.4351817696650876,1
136590,2012-10-25,0.35800937955257456,1
136591,2012-10-25,0.3290001993205288,0
136592,2012-10-25,0.42582319438271643,0
136593,2012-10-25,0.5511889333052765,1
136594,2012-10-25,0.13069489256382957,0
136595,2012-10-25,0.4691518115688872,1
136596,2012-10-25,0.4103415948953706,1
136597,2012-10-25,0.24637345060221644,0
136598,2012-10-25,0.23582662410423946,0
136599,2012-10-25,0.603994013348145,1
136600,2012-10-25,0.41276217817289024,0
136601,2012-10-25,0.3875115788144181,1
136602,2012-10-25,0.24619331877963313,0
136603,2012-10-25,0.21869412068025967,1
136604,2012-10-25,0.5065532702269497,0
136605,2012-10-25,0.5032391423628352,0
136606,2012-10-25,0.28584682540145406,1
136607,2012-10-25,0.17494927553124742,0
136608,2012-10-25,0.49676251854880904,1
136609,2012-10-25,0.19814495041820893,0
136610,2012-10-25,0.35206597375992693,0
136611,2012-10-25,0.4247967236225126,0
136612,2012-10-25,0.2426209441528542,0
136613,2012-10-25,0.34679111813607955,0
136614,2012-10-25,0.32003547722637093,1
136615,2012-10-25,0.24474862503277295,0
136616,2012-10-25,0.41564810319473927,0
136617,2012-10-25,0.47935855170410924,1
136618,2012-10-25,0.20554680062043817,0
136619,2012-10-25,0.12239603533284574,0
136620,2012-10-25,0.13752671598959967,0
136621,2012-10-25,0.5660604251834793,1
136622,2012-10-25,0.4505098143249925,1
136623,2012-10-25,0.6286496430335355,0
136624,2012-10-25,0.4634611630047917,0
136625,2012-10-25,0.40309530778108954,0
136626,2012-10-25,0.5951346952603277,0
136627,2012-10-25,0.4185691067969857,0
136628,2012-10-25,0.49579808817517135,0
136629,2012-10-25,0.39423888324940937,0
136630,2012-10-25,0.5783570674039199,1
136631,2012-10-25,0.26921162963408135,0
136632,2012-10-25,0.3174794461824027,0
136633,2012-10-25,0.3861665553078011,1
136634,2012-10-25,0.3483012810695715,0
136635,2012-10-25,0.5299388303017472,1
136636,2012-10-25,0.38017612104176596,0
136637,2012-10-25,0.2719692972513378,0
136638,2012-10-25,0.39274208579432857,1
136639,2012-10-25,0.27896065080408633,0
136640,2012-10-25,0.31660309245593454,0
136641,2012-10-25,0.30735569281405534,0
136642,2012-10-25,0.36758339692219294,0
136643,2012-10-25,0.5058677749365691,0
136644,2012-10-25,0.2662773404704104,1
136645,2012-10-25,0.3171960207747584,1
136646,2012-10-25,0.3198179316657988,0
136647,2012-10-25,0.27691056797491337,0
136648,2012-10-25,0.4025900355330197,1
136649,2012-10-25,0.36604498295318144,0
136650,2012-10-25,0.6013180787774568,0
136651,2012-10-25,0.6041865153501503,1
136652,2012-10-25,0.12958077114132005,0
136653,2012-10-25,0.31223558376719074,0
136654,2012-10-25,0.396681365563272,0
136655,2012-10-25,0.513898892171448,0
136656,2012-10-25,0.2731965316034487,0
136657,2012-10-25,0.2348056836015037,1
136658,2012-10-25,0.4418533680432159,0
136659,2012-10-25,0.6117644927590428,1
136660,2012-10-25,0.27900475955582676,0
136661,2012-10-25,0.4763482052942539,1
136662,2012-10-25,0.3063165986650233,0
136663,2012-10-25,0.4200787427477527,0
136664,2012-10-25,0.3639278614934965,1
136665,2012-10-25,0.3452581756562705,0
136666,2012-10-25,0.5731782999159633,0
136667,2012-10-25,0.2472305564927514,0
136668,2012-10-25,0.3830904812999905,0
136669,2012-10-25,0.4315557111766515,0
136670,2012-10-25,0.5292293128073122,0
136671,2012-10-25,0.4570850446544526,0
136672,2012-10-25,0.5506482736508337,1
136673,2012-10-25,0.38672277888519774,1
136674,2012-10-25,0.6076642766120421,1
136675,2012-10-25,0.5654257945075796,1
136676,2012-10-25,0.4298521882946204,1
136677,2012-10-25,0.3291446322693161,0
136678,2012-10-25,0.2817062439138426,0
136679,2012-10-25,0.14048601709313,0
136680,2012-10-25,0.5486810477348507,1
136681,2012-10-25,0.3306597756003462,0
136682,2012-10-25,0.315278793373474,1
136683,2012-10-25,0.23866137213821292,0
136684,2012-10-25,0.27182142514888896,0
136685,2012-10-25,0.43335451027382205,1
136686,2012-10-25,0.26435945603141214,0
136687,2012-10-25,0.32166254981319586,1
136688,2012-10-25,0.28467388829393125,1
136689,2012-10-25,0.592085035532711,1
136690,2012-10-25,0.18536750843868183,1
136691,2012-10-25,0.15205068338772842,0
136692,2012-10-25,0.3094939192982189,0
136693,2012-10-25,0.27540474958732325,1
136694,2012-10-25,0.29992347035159495,0
136695,2012-10-25,0.3567682336225671,0
136696,2012-10-25,0.5978684188642377,0
136697,2012-10-25,0.1337292534567616,0
136698,2012-10-25,0.4573894206883126,1
136699,2012-10-25,0.3011225129449453,0
136700,2012-10-25,0.36393506065082815,0
136701,2012-10-25,0.28092073196851103,0
136702,2012-10-25,0.2510106421790657,0
136703,2012-10-25,0.2883438521718315,0
136704,2012-10-25,0.24448537701003925,1
136705,2012-10-25,0.3996077290673031,0
136706,2012-10-25,0.23232564194837288,1
136707,2012-10-25,0.322025002068971,0
136708,2012-10-25,0.3612831094237484,0
136709,2012-10-25,0.164254642292356,0
136710,2012-10-25,0.5663704850388143,1
136711,2012-10-25,0.2573194952333805,0
136712,2012-10-25,0.5786397735682762,1
136713,2012-10-25,0.3332549709761428,1
136714,2012-10-25,0.697760942046882,0
136715,2012-10-25,0.6029039206773089,1
136716,2012-10-25,0.21712186886980972,0
136717,2012-10-25,0.14878614323503841,1
136718,2012-10-25,0.3638138046886363,1
136719,2012-10-25,0.40679096655369307,0
136720,2012-10-25,0.3081586658634653,0
136721,2012-10-25,0.2782114177903516,0
136722,2012-10-25,0.2772118595127663,0
136723,2012-10-25,0.4045785605134851,0
136724,2012-10-25,0.5727150251955815,0
136725,2012-10-25,0.40540710970582805,0
136726,2012-10-25,0.6478275029347673,1
136727,2012-10-25,0.4370228577192107,1
136728,2012-10-25,0.29570411799471286,0
136729,2012-10-25,0.5672979566407105,0
136730,2012-10-25,0.369853771538957,1
136731,2012-10-25,0.3428171080468983,0
136732,2012-10-25,0.3541387752466673,1
136733,2012-10-25,0.3734110920410146,0
136734,2012-10-25,0.416549860580734,0
136735,2012-10-25,0.5335305210832998,1
136736,2012-10-25,0.11940302229437273,0
136737,2012-10-25,0.3303717632056756,1
136738,2012-10-25,0.45299076999825016,0
136739,2012-10-25,0.4256254228913746,0
136740,2012-10-25,0.24342894614517557,0
136741,2012-10-25,0.42412279028523797,1
136742,2012-10-25,0.2739471230944381,0
136743,2012-10-25,0.24066798999722763,0
136744,2012-10-25,0.437807740896083,1
136745,2012-10-25,0.18410659077060706,1
136746,2012-10-25,0.37042788203657573,0
136747,2012-10-25,0.4839390034527141,0
136748,2012-10-25,0.6452015981925037,1
136749,2012-10-25,0.17263100885340368,0
136750,2012-10-25,0.3587841886617154,1
136751,2012-10-25,0.33473675719368956,1
136752,2012-10-25,0.6790650679016462,1
136753,2012-10-25,0.2354807849173529,0
136754,2012-10-25,0.1934227675662771,0
136755,2012-10-25,0.27381256668433857,1
136756,2012-10-25,0.15410345906037845,0
136757,2012-10-25,0.3553143114642376,0
136758,2012-10-25,0.6738073817478257,1
136759,2012-10-25,0.4151899880750899,1
136760,2012-10-25,0.2721245800517836,0
136761,2012-10-25,0.289522160724691,1
136762,2012-10-25,0.21105085866725098,0
136763,2012-10-25,0.15396689299910954,0
136764,2012-10-25,0.3424878483448909,0
136765,2012-10-25,0.4148781790028359,1
136766,2012-10-25,0.2838329263192746,0
136767,2012-10-25,0.19898916431701547,0
136768,2012-10-25,0.5463054394025826,0
136769,2012-10-25,0.2119646487286214,0
136770,2012-10-25,0.433277146536198,0
136771,2012-10-25,0.18139740339564617,1
136772,2012-10-25,0.2718484159298314,0
136773,2012-10-25,0.2668075087281065,0
136774,2012-10-25,0.49703044797107937,0
136775,2012-10-25,0.5876973406563115,1
136776,2012-10-25,0.25197353410918505,0
136777,2012-10-25,0.5061555753339038,0
136778,2012-10-25,0.337709071963624,1
136779,2012-10-25,0.2567586459195826,0
136780,2012-10-25,0.41735365010207326,0
136781,2012-10-25,0.3832820617661354,1
136782,2012-10-25,0.22363677299466705,0
136783,2012-10-25,0.38573930363898506,1
136784,2012-10-25,0.16119387899817045,0
136785,2012-10-25,0.3950565228844156,0
136786,2012-10-25,0.3123685387307629,1
136787,2012-10-25,0.26453832476243927,0
136788,2012-10-25,0.3470708689582061,0
136789,2012-10-25,0.3222958416784368,0
136790,2012-10-25,0.3075440552578089,1
136791,2012-10-25,0.33153551178823276,0
136792,2012-10-25,0.3439042510983017,0
136793,2012-10-25,0.44592030457704435,0
136794,2012-10-25,0.2419749694736104,0
136795,2012-10-25,0.4146780881292713,0
136796,2012-10-25,0.35185745805202245,0
136797,2012-10-25,0.6271506049949398,1
136798,2012-10-26,0.39206476012389896,1
136799,2012-10-26,0.30355475741206833,0
136800,2012-10-26,0.6042048757513593,0
136801,2012-10-26,0.408855153979441,0
136802,2012-10-26,0.27495763337626644,0
136803,2012-10-26,0.22262629083244653,0
136804,2012-10-26,0.16193906773542674,0
136805,2012-10-26,0.3456277788935732,0
136806,2012-10-26,0.4060684934279599,0
136807,2012-10-26,0.4941276152864588,1
136808,2012-10-26,0.2030618342938595,0
136809,2012-10-26,0.3645535368555078,1
136810,2012-10-26,0.34265648002070204,0
136811,2012-10-26,0.3526595028756287,1
136812,2012-10-26,0.311062530144894,1
136813,2012-10-26,0.20349084801211634,0
136814,2012-10-26,0.35895559935395177,1
136815,2012-10-26,0.43439703536543994,0
136816,2012-10-26,0.18416432250962236,1
136817,2012-10-26,0.30010152757824704,0
136818,2012-10-26,0.6555857462298306,1
136819,2012-10-26,0.3797105367395485,0
136820,2012-10-26,0.3911621916202421,0
136821,2012-10-26,0.24732307916786664,0
136822,2012-10-26,0.3512147135225602,0
136823,2012-10-26,0.4495127577116131,0
136824,2012-10-26,0.3524201940968975,0
136825,2012-10-26,0.2858179488271689,0
136826,2012-10-26,0.41893571774737426,0
136827,2012-10-26,0.40155378734465336,0
136828,2012-10-26,0.6132385702993708,1
136829,2012-10-26,0.45995728753719994,1
136830,2012-10-26,0.44133201415528117,1
136831,2012-10-26,0.364275960842881,1
136832,2012-10-26,0.3482358831265521,0
136833,2012-10-26,0.6954469719546799,0
136834,2012-10-26,0.3281765216004172,0
136835,2012-10-26,0.43567284485118646,0
136836,2012-10-26,0.43774029057688385,0
136837,2012-10-26,0.25401518081524976,0
136838,2012-10-26,0.4341139285415262,1
136839,2012-10-26,0.30943614129806846,0
136840,2012-10-26,0.3680143803754776,0
136841,2012-10-26,0.290766081636329,0
136842,2012-10-26,0.33206702652441,0
136843,2012-10-26,0.5602524418222917,0
136844,2012-10-26,0.3352748569478467,0
136845,2012-10-26,0.3456244717048051,1
136846,2012-10-26,0.41628777280268364,0
136847,2012-10-26,0.44029457286804297,1
136848,2012-10-26,0.39570665919492504,0
136849,2012-10-26,0.3168806382888745,1
136850,2012-10-26,0.15310371520823932,0
136851,2012-10-26,0.37235744479434874,1
136852,2012-10-26,0.5266922428141082,1
136853,2012-10-26,0.4598549797366233,1
136854,2012-10-26,0.4183193359726162,1
136855,2012-10-26,0.29128068623702547,1
136856,2012-10-26,0.2855341513156576,0
136857,2012-10-26,0.4233268175426892,0
136858,2012-10-26,0.4117906737359623,0
136859,2012-10-26,0.11116895382172884,0
136860,2012-10-26,0.32003012090888666,0
136861,2012-10-26,0.2088888676303716,0
136862,2012-10-26,0.28254595928318205,1
136863,2012-10-26,0.18133558213229062,0
136864,2012-10-26,0.42114055835463166,1
136865,2012-10-26,0.20951030786673633,0
136866,2012-10-26,0.4422062843300974,1
136867,2012-10-26,0.6315688580343479,1
136868,2012-10-26,0.3558188593788977,0
136869,2012-10-26,0.5040734272989917,1
136870,2012-10-26,0.49221525501371033,0
136871,2012-10-26,0.3513012952402655,1
136872,2012-10-26,0.6510415565323556,0
136873,2012-10-26,0.34021331121461756,0
136874,2012-10-26,0.5883600007600247,0
136875,2012-10-26,0.4079540528349655,0
136876,2012-10-26,0.19805544093818667,0
136877,2012-10-26,0.2005507853806879,0
136878,2012-10-26,0.12678707648082818,0
136879,2012-10-26,0.27650708844707184,0
136880,2012-10-26,0.38134435645257403,0
136881,2012-10-26,0.37270895668425186,0
136882,2012-10-26,0.27113734730622374,0
136883,2012-10-26,0.3580373621224212,1
136884,2012-10-26,0.4278227878283834,0
136885,2012-10-26,0.31636452285281697,0
136886,2012-10-26,0.48160774309332016,0
136887,2012-10-26,0.4588311275212676,0
136888,2012-10-26,0.7035647993047467,0
136889,2012-10-26,0.30952934163648566,0
136890,2012-10-26,0.5546815045601227,0
136891,2012-10-26,0.5184932921187171,1
136892,2012-10-26,0.35211939929880764,0
136893,2012-10-26,0.30421977733288214,1
136894,2012-10-26,0.5412596859936439,1
136895,2012-10-26,0.23803431157109892,0
136896,2012-10-26,0.3496720758222816,0
136897,2012-10-26,0.26168210542672,0
136898,2012-10-26,0.45553126365691987,0
136899,2012-10-26,0.4603907817030993,0
136900,2012-10-26,0.279844468465604,0
136901,2012-10-26,0.5774818600135552,1
136902,2012-10-26,0.33762397240838515,1
136903,2012-10-26,0.5800432333739559,0
136904,2012-10-26,0.46448450383513923,1
136905,2012-10-26,0.3811966345370121,1
136906,2012-10-26,0.5649508236377052,0
136907,2012-10-26,0.2883343280187908,0
136908,2012-10-26,0.47879056074025955,0
136909,2012-10-26,0.1988183699052493,0
136910,2012-10-26,0.14221722260538738,0
136911,2012-10-26,0.4252794244899576,0
136912,2012-10-26,0.7105068027263988,0
136913,2012-10-26,0.22375292536906086,0
136914,2012-10-26,0.15969423320816112,0
136915,2012-10-26,0.12183549937026515,0
136916,2012-10-26,0.31487726669730814,1
136917,2012-10-26,0.2573937928692334,0
136918,2012-10-26,0.5754948801907817,1
136919,2012-10-26,0.560898842460596,0
136920,2012-10-26,0.4038492871325051,1
136921,2012-10-26,0.31204060072316897,1
136922,2012-10-26,0.4367967344879567,0
136923,2012-10-26,0.1494811482964511,0
136924,2012-10-26,0.2095022152535396,0
136925,2012-10-26,0.6932778181090539,1
136926,2012-10-26,0.4356233075815872,1
136927,2012-10-26,0.3601653154858028,1
136928,2012-10-26,0.24133681642277952,0
136929,2012-10-26,0.4764498749043311,0
136930,2012-10-26,0.45882840589745055,1
136931,2012-10-26,0.30850042791909654,0
136932,2012-10-26,0.3488086677410942,1
136933,2012-10-26,0.16911461661239527,0
136934,2012-10-26,0.4109551451343841,0
136935,2012-10-26,0.4520964916330216,1
136936,2012-10-26,0.45827630549302684,1
136937,2012-10-26,0.5623970455914395,1
136938,2012-10-26,0.47505926748849614,0
136939,2012-10-26,0.38318009048122964,0
136940,2012-10-26,0.402236541025906,0
136941,2012-10-26,0.4469332112476558,1
136942,2012-10-26,0.11858934330010495,0
136943,2012-10-26,0.41964905395724034,0
136944,2012-10-26,0.32039797172200957,0
136945,2012-10-26,0.3637835298701511,0
136946,2012-10-26,0.42659281908536184,0
136947,2012-10-26,0.3046505274133353,0
136948,2012-10-26,0.35198993868415374,1
136949,2012-10-26,0.24878548778657245,0
136950,2012-10-26,0.4602620964955791,1
136951,2012-10-26,0.3441835020725886,0
136952,2012-10-26,0.521716897357518,0
136953,2012-10-26,0.5290621317394223,0
136954,2012-10-26,0.4475192113148699,0
136955,2012-10-26,0.20304854686230814,0
136956,2012-10-26,0.30003558037805517,0
136957,2012-10-26,0.351670686167524,0
136958,2012-10-26,0.3563392069606658,0
136959,2012-10-26,0.32675539395697856,0
136960,2012-10-26,0.6015807738132549,1
136961,2012-10-26,0.21738197966057668,0
136962,2012-10-26,0.410459338865702,0
136963,2012-10-26,0.16886434221387822,0
136964,2012-10-26,0.13931409362413077,0
136965,2012-10-26,0.4439601448962402,0
136966,2012-10-26,0.4715284311993782,0
136967,2012-10-26,0.49698999711386765,0
136968,2012-10-26,0.3057908850957885,1
136969,2012-10-26,0.199181860804485,0
136970,2012-10-26,0.7528925823624232,0
136971,2012-10-26,0.44683432526958344,0
136972,2012-10-27,0.2483862863059751,0
136973,2012-10-27,0.4509777977682834,0
136974,2012-10-27,0.16657045188296554,0
136975,2012-10-27,0.3578550068053501,1
136976,2012-10-27,0.27048081676925806,0
136977,2012-10-27,0.39055039846995804,1
136978,2012-10-27,0.42616717558093575,0
136979,2012-10-27,0.25608096282058856,0
136980,2012-10-27,0.4106644115212366,1
136981,2012-10-27,0.173852297546617,0
136982,2012-10-27,0.16187961326148448,0
136983,2012-10-27,0.38670309006385045,1
136984,2012-10-27,0.4620487268637879,0
136985,2012-10-27,0.2259364453372613,1
136986,2012-10-27,0.4020833492835516,0
136987,2012-10-27,0.42857083093609316,1
136988,2012-10-27,0.3838568643010841,1
136989,2012-10-27,0.32226310826662913,0
136990,2012-10-27,0.4525574320488316,1
136991,2012-10-27,0.45930998436133225,0
136992,2012-10-27,0.5497853099957304,1
136993,2012-10-27,0.4346358813428671,0
136994,2012-10-27,0.3294333829692108,1
136995,2012-10-27,0.251835199479895,0
136996,2012-10-27,0.2936224426646277,0
136997,2012-10-27,0.36257760981793635,0
136998,2012-10-27,0.13525169586889021,0
136999,2012-10-27,0.24323446775487112,0
137000,2012-10-27,0.46014658587990626,1
137001,2012-10-27,0.4269794664245608,0
137002,2012-10-27,0.47396978225790165,0
137003,2012-10-27,0.17462340191749992,0
137004,2012-10-27,0.3210825174021718,0
137005,2012-10-27,0.5427705633820878,0
137006,2012-10-27,0.2639637072041095,1
137007,2012-10-27,0.28771974876439343,0
137008,2012-10-27,0.5073374749010744,0
137009,2012-10-27,0.36739781511764075,0
137010,2012-10-27,0.6152745500245418,1
137011,2012-10-27,0.7201329721683651,1
137012,2012-10-27,0.3083163193426881,0
137013,2012-10-27,0.4918996957928499,1
137014,2012-10-27,0.23728805753009802,0
137015,2012-10-27,0.45107793165080784,1
137016,2012-10-27,0.4475952312168404,1
137017,2012-10-27,0.43349095368490126,0
137018,2012-10-27,0.2113402854134903,0
137019,2012-10-27,0.09019390566329061,0
137020,2012-10-27,0.281122603430467,0
137021,2012-10-27,0.4197499316322815,0
137022,2012-10-27,0.2868534347645826,1
137023,2012-10-27,0.5172508694473539,0
137024,2012-10-27,0.31134085564949815,1
137025,2012-10-27,0.18860636394272243,0
137026,2012-10-27,0.39819436058517643,0
137027,2012-10-27,0.19946729719015344,0
137028,2012-10-27,0.5513022791887565,1
137029,2012-10-27,0.32972992587644595,0
137030,2012-10-27,0.33066177292769433,0
137031,2012-10-27,0.2654512460833609,0
137032,2012-10-27,0.21203605114541124,0
137033,2012-10-27,0.3018990859383403,0
137034,2012-10-27,0.38534894016338167,0
137035,2012-10-27,0.1784732249662745,0
137036,2012-10-27,0.5900100725211163,1
137037,2012-10-27,0.45727729932507527,1
137038,2012-10-27,0.35016483088430717,1
137039,2012-10-27,0.35306413914033924,1
137040,2012-10-27,0.4021234173613939,0
137041,2012-10-27,0.44199261678888896,1
137042,2012-10-27,0.5753795610247577,0
137043,2012-10-27,0.20313806114821112,0
137044,2012-10-27,0.5540016745571942,1
137045,2012-10-27,0.4146917489249323,0
137046,2012-10-27,0.47667268299573523,0
137047,2012-10-27,0.3933673505295943,0
137048,2012-10-27,0.3805130922308789,0
137049,2012-10-27,0.2776005710871013,0
137050,2012-10-27,0.17590837358656372,0
137051,2012-10-27,0.49093719686706533,0
137052,2012-10-27,0.3494827570129931,0
137053,2012-10-27,0.13656518804895418,0
137054,2012-10-27,0.35545565035181387,0
137055,2012-10-27,0.39999047505837504,1
137056,2012-10-27,0.3578090481145496,0
137057,2012-10-27,0.7279401903791347,1
137058,2012-10-27,0.3952728096255186,0
137059,2012-10-27,0.2426605183457938,0
137060,2012-10-27,0.3573663692262186,0
137061,2012-10-27,0.3051332911184598,0
137062,2012-10-27,0.1296446094325578,0
137063,2012-10-27,0.15077574124259074,0
137064,2012-10-27,0.26559542149279075,0
137065,2012-10-27,0.3419627002275489,1
137066,2012-10-27,0.3415623927826262,0
137067,2012-10-27,0.09195223798598723,0
137068,2012-10-27,0.48011204398424534,0
137069,2012-10-27,0.17699867225257968,0
137070,2012-10-27,0.3480648045941398,1
137071,2012-10-27,0.227177081152237,1
137072,2012-10-27,0.33863324240723874,0
137073,2012-10-27,0.2641953065429912,1
137074,2012-10-27,0.5405446223576647,1
137075,2012-10-27,0.35049030128508835,0
137076,2012-10-27,0.2875854276098759,0
137077,2012-10-27,0.2594719899342702,1
137078,2012-10-27,0.35558815269381955,0
137079,2012-10-27,0.6041463698998958,1
137080,2012-10-27,0.29518065177707775,0
137081,2012-10-27,0.2675901130480928,1
137082,2012-10-27,0.34252490400955166,0
137083,2012-10-27,0.4227735360543942,1
137084,2012-10-27,0.5973371392254451,0
137085,2012-10-27,0.5219978736949128,1
137086,2012-10-27,0.35147275028801905,0
137087,2012-10-27,0.47357633260823423,1
137088,2012-10-27,0.1290426909208435,0
137089,2012-10-27,0.4143586843276444,0
137090,2012-10-27,0.4781926471113028,0
137091,2012-10-27,0.3391306389675715,0
137092,2012-10-27,0.4537886477786052,0
137093,2012-10-27,0.6143369987986974,0
137094,2012-10-27,0.6013517648623133,0
137095,2012-10-27,0.33640444013446474,0
137096,2012-10-27,0.24224310823096576,0
137097,2012-10-27,0.4211966906747426,1
137098,2012-10-27,0.1967961579125545,1
137099,2012-10-27,0.37185348474620883,1
137100,2012-10-27,0.5546446283919866,1
137101,2012-10-27,0.3618867496385309,1
137102,2012-10-27,0.4022931689589433,0
137103,2012-10-27,0.4220239653690881,1
137104,2012-10-27,0.19321119754154584,0
137105,2012-10-27,0.43205053065325344,0
137106,2012-10-27,0.5446995209488221,0
137107,2012-10-27,0.7029263659229058,0
137108,2012-10-27,0.24539990339070433,0
137109,2012-10-27,0.25635017421564676,0
137110,2012-10-27,0.3629284619448893,0
137111,2012-10-27,0.24486915781315025,0
137112,2012-10-27,0.5895715070026183,1
137113,2012-10-27,0.28528312807331385,0
137114,2012-10-27,0.48555129855706075,1
137115,2012-10-27,0.27586450037811544,1
137116,2012-10-27,0.4747138813088238,0
137117,2012-10-27,0.11171636204695426,0
137118,2012-10-27,0.5800620446437051,0
137119,2012-10-27,0.3140468672427612,0
137120,2012-10-27,0.5396461919293792,1
137121,2012-10-27,0.3998081332533096,1
137122,2012-10-27,0.23005843293952308,0
137123,2012-10-27,0.44612935634972845,0
137124,2012-10-27,0.31721078881692816,0
137125,2012-10-27,0.27990621552795253,0
137126,2012-10-27,0.22184334633591016,0
137127,2012-10-27,0.56966700133926,1
137128,2012-10-27,0.5782048973172458,0
137129,2012-10-27,0.3946358521790052,1
137130,2012-10-27,0.11835047514126057,0
137131,2012-10-27,0.2043889504253527,1
137132,2012-10-27,0.45924010523227354,0
137133,2012-10-27,0.43343829674585954,1
137134,2012-10-27,0.34926834984906013,0
137135,2012-10-27,0.2566104148983251,0
137136,2012-10-27,0.39872858816129964,0
137137,2012-10-27,0.31226730553027765,0
137138,2012-10-27,0.4430939432366498,1
137139,2012-10-27,0.31362468209879835,0
137140,2012-10-27,0.29361604608165387,1
137141,2012-10-27,0.634462549809707,0
137142,2012-10-27,0.35462238528754425,0
137143,2012-10-27,0.2923467751946742,0
137144,2012-10-27,0.36646503574285344,0
137145,2012-10-27,0.17898470912587558,0
137146,2012-10-27,0.2092192750171524,0
137147,2012-10-27,0.713543572523618,1
137148,2012-10-27,0.3922223733249966,1
137149,2012-10-27,0.23667987906691004,0
137150,2012-10-27,0.19049725461544204,0
137151,2012-10-27,0.12756556052249463,0
137152,2012-10-27,0.32766514803448726,1
137153,2012-10-27,0.3720601055928301,0
137154,2012-10-27,0.3485380730076311,1
137155,2012-10-27,0.3119512988128064,1
137156,2012-10-27,0.4071956531746937,1
137157,2012-10-27,0.5232264389686466,1
137158,2012-10-27,0.2676755007586068,1
137159,2012-10-27,0.12615767610561943,0
137160,2012-10-27,0.5815606427954726,0
137161,2012-10-27,0.4866973280905483,0
137162,2012-10-27,0.5450384402295138,0
137163,2012-10-27,0.46299112464588343,1
137164,2012-10-27,0.2699925680820426,0
137165,2012-10-27,0.36284021337266875,0
137166,2012-10-27,0.3828782163437495,0
137167,2012-10-27,0.5690676515011307,0
137168,2012-10-27,0.4297503182096467,1
137169,2012-10-27,0.4155884177907878,0
137170,2012-10-27,0.22697607067143247,0
137171,2012-10-27,0.6553336761417496,1
137172,2012-10-27,0.3146355790665882,0
137173,2012-10-27,0.20420691296456647,1
137174,2012-10-27,0.15068280755790134,0
137175,2012-10-27,0.44580929190513485,1
137176,2012-10-27,0.2566310487627568,0
137177,2012-10-27,0.17425551308119985,0
137178,2012-10-27,0.3152141690241906,0
137179,2012-10-27,0.3462143262666847,0
137180,2012-10-27,0.34785660006971925,0
137181,2012-10-27,0.5012787275315992,1
137182,2012-10-27,0.24868399521735846,0
137183,2012-10-27,0.2548603809009532,0
137184,2012-10-27,0.4261027668872504,1
137185,2012-10-27,0.4059109972786197,1
137186,2012-10-27,0.5668487957685675,0
137187,2012-10-27,0.4091538231794085,0
137188,2012-10-27,0.4101945201976097,1
137189,2012-10-27,0.3141361649087297,0
137190,2012-10-27,0.5244101543966672,1
137191,2012-10-27,0.24992903466207947,0
137192,2012-10-27,0.32133568662439516,0
137193,2012-10-27,0.27206469214334167,0
137194,2012-10-27,0.3582942964434197,1
137195,2012-10-27,0.42302580117631705,0
137196,2012-10-27,0.23685171802145147,0
137197,2012-10-27,0.6738066686654236,0
137198,2012-10-27,0.48339834968661693,1
137199,2012-10-27,0.28442627310810353,0
137200,2012-10-27,0.528343657178077,1
137201,2012-10-27,0.566645081548392,1
137202,2012-10-27,0.4026530680814042,1
137203,2012-10-27,0.43349794638449407,0
137204,2012-10-27,0.3316242661902586,0
137205,2012-10-27,0.36585605686227146,0
137206,2012-10-27,0.31793814284679434,0
137207,2012-10-27,0.2606675120193069,0
137208,2012-10-27,0.2697962867113245,0
137209,2012-10-27,0.36307220600928647,0
137210,2012-10-27,0.27763608179601595,0
137211,2012-10-27,0.17228748502494637,0
137212,2012-10-27,0.19588040590463496,0
137213,2012-10-27,0.3434863230197069,1
137214,2012-10-27,0.5065922510446934,1
137215,2012-10-27,0.46724648378447503,1
137216,2012-10-27,0.20237051136638576,0
137217,2012-10-27,0.21431286424125773,0
137218,2012-10-27,0.5967228805770027,0
137219,2012-10-27,0.2696346022713095,0
137220,2012-10-27,0.37202942767762803,0
137221,2012-10-27,0.3198057688028169,1
137222,2012-10-27,0.13677494216237218,0
137223,2012-10-27,0.4561951004286307,0
137224,2012-10-27,0.3986706346361266,1
137225,2012-10-27,0.49728591978582004,0
137226,2012-10-27,0.35403750658463257,0
137227,2012-10-27,0.22887508837840856,0
137228,2012-10-27,0.20653999595985503,0
137229,2012-10-27,0.4460032584995256,0
137230,2012-10-27,0.37961278065669446,0
137231,2012-10-27,0.23007606640970327,1
137232,2012-10-27,0.5311983939986464,1
137233,2012-10-27,0.6051453787996618,1
137234,2012-10-27,0.4046156079126257,0
137235,2012-10-27,0.30823669219529,0
137236,2012-10-27,0.42438326593640224,0
137237,2012-10-27,0.33263029048823206,0
137238,2012-10-27,0.38799185955794774,0
137239,2012-10-27,0.2831734123572046,0
137240,2012-10-27,0.5686429954618534,0
137241,2012-10-27,0.4005536605145254,1
137242,2012-10-27,0.15466789693270794,0
137243,2012-10-27,0.3610648373452232,0
137244,2012-10-27,0.6503829701443652,1
137245,2012-10-27,0.3084759557094737,1
137246,2012-10-27,0.37522652166002624,0
137247,2012-10-27,0.49198002933011337,0
137248,2012-10-27,0.3083982657618184,0
137249,2012-10-27,0.2910297041906022,0
137250,2012-10-27,0.12410975083294054,0
137251,2012-10-27,0.10430998411461956,0
137252,2012-10-27,0.281867157243186,0
137253,2012-10-27,0.3909114851195245,0
137254,2012-10-27,0.3688493150700747,0
137255,2012-10-27,0.3968244467808244,1
137256,2012-10-27,0.2657618211631337,0
137257,2012-10-27,0.2988462409551551,0
137258,2012-10-27,0.41658431831330733,0
137259,2012-10-27,0.3923598317398664,1
137260,2012-10-27,0.27977297542528407,0
137261,2012-10-27,0.4701542810405787,0
137262,2012-10-27,0.4533044442941386,0
137263,2012-10-27,0.2291035122611261,0
137264,2012-10-27,0.18701568649794956,0
137265,2012-10-27,0.25973086656861577,0
137266,2012-10-27,0.3743845696481939,0
137267,2012-10-27,0.2631254415552592,0
137268,2012-10-27,0.49419560107699606,1
137269,2012-10-27,0.5506988255978065,1
137270,2012-10-27,0.4946828542340363,1
137271,2012-10-27,0.39143325751848923,1
137272,2012-10-27,0.6408856716421941,1
137273,2012-10-27,0.49944645016236605,1
137274,2012-10-28,0.44643827103860123,0
137275,2012-10-28,0.4995683211115872,0
137276,2012-10-28,0.34790473639698916,0
137277,2012-10-28,0.499709439318426,0
137278,2012-10-28,0.2587875192069551,0
137279,2012-10-28,0.3737552252511707,0
137280,2012-10-28,0.3769061137290619,1
137281,2012-10-28,0.439913474563657,1
137282,2012-10-28,0.5061742916466988,0
137283,2012-10-28,0.36127516774171015,0
137284,2012-10-28,0.34537211730339,0
137285,2012-10-28,0.46027980348547054,0
137286,2012-10-28,0.32261605900854234,0
137287,2012-10-28,0.6406470698416054,0
137288,2012-10-28,0.3192137081606992,0
137289,2012-10-28,0.18001327454064003,0
137290,2012-10-28,0.3257067074321226,1
137291,2012-10-28,0.4296082986723232,0
137292,2012-10-28,0.46107039200691124,0
137293,2012-10-28,0.5569414183628645,0
137294,2012-10-28,0.5005380430116615,0
137295,2012-10-28,0.354309730424186,0
137296,2012-10-28,0.6357513509838703,1
137297,2012-10-28,0.351447179878527,0
137298,2012-10-28,0.38357846432047615,0
137299,2012-10-28,0.24558922139102332,0
137300,2012-10-28,0.3781099566859598,0
137301,2012-10-28,0.506458383535892,0
137302,2012-10-28,0.6145402895409348,0
137303,2012-10-28,0.5448828576393279,0
137304,2012-10-28,0.5276972584783521,0
137305,2012-10-28,0.2979921647076341,0
137306,2012-10-28,0.3051039020217546,0
137307,2012-10-28,0.32460551921305314,0
137308,2012-10-28,0.2752077240751428,0
137309,2012-10-28,0.3686843989388417,0
137310,2012-10-28,0.4469097458118835,1
137311,2012-10-28,0.43462421491212966,0
137312,2012-10-28,0.3368655643622147,1
137313,2012-10-28,0.2253349345005253,1
137314,2012-10-28,0.5054368184295343,0
137315,2012-10-28,0.3514052703527838,0
137316,2012-10-28,0.4660604243850782,0
137317,2012-10-28,0.2553071997947716,0
137318,2012-10-28,0.4017998771965874,0
137319,2012-10-28,0.3637082494220523,1
137320,2012-10-28,0.2645640978034931,0
137321,2012-10-28,0.4613363761607955,0
137322,2012-10-28,0.6433175999468338,1
137323,2012-10-28,0.7122362883613939,0
137324,2012-10-28,0.2675814458173975,0
137325,2012-10-28,0.3275437437128605,0
137326,2012-10-28,0.5615422584966302,0
137327,2012-10-28,0.2696923470586979,0
137328,2012-10-28,0.45706188291864536,1
137329,2012-10-28,0.6855630615011773,1
137330,2012-10-28,0.45464942000210146,1
137331,2012-10-28,0.46736789801531303,0
137332,2012-10-28,0.35887979908571627,0
137333,2012-10-28,0.3925209833974313,0
137334,2012-10-28,0.22255968372487464,0
137335,2012-10-28,0.5337892156809974,0
137336,2012-10-28,0.43342887100159033,1
137337,2012-10-28,0.11473249225297706,0
137338,2012-10-28,0.3541936794783452,0
137339,2012-10-28,0.27318053326902786,0
137340,2012-10-28,0.28768291057729534,0
137341,2012-10-28,0.13975258646614439,0
137342,2012-10-28,0.3543566983603739,1
137343,2012-10-28,0.23659903874803345,0
137344,2012-10-28,0.37817935968478533,0
137345,2012-10-28,0.47025908892297524,1
137346,2012-10-28,0.17096710454395395,0
137347,2012-10-28,0.48745739364439367,0
137348,2012-10-28,0.4213721150018629,0
137349,2012-10-28,0.3937539244485746,1
137350,2012-10-28,0.41177777111686664,1
137351,2012-10-28,0.31202505764904787,0
137352,2012-10-28,0.4264412986463452,1
137353,2012-10-28,0.6950023294780936,1
137354,2012-10-28,0.572145785463432,0
137355,2012-10-28,0.431519602504793,0
137356,2012-10-28,0.1247118132425417,0
137357,2012-10-28,0.14720151081826177,0
137358,2012-10-28,0.2944294071739854,1
137359,2012-10-28,0.2790249736902632,0
137360,2012-10-28,0.2759398343580133,0
137361,2012-10-28,0.28634900059046614,0
137362,2012-10-28,0.4204645721097083,1
137363,2012-10-28,0.2537805335649039,0
137364,2012-10-28,0.1618303978357342,0
137365,2012-10-28,0.3258709665124083,0
137366,2012-10-28,0.25316764089272,0
137367,2012-10-28,0.2104608494475302,0
137368,2012-10-28,0.522545563762332,1
137369,2012-10-28,0.41176677562538094,0
137370,2012-10-28,0.27552651710374443,0
137371,2012-10-28,0.3541572597171543,1
137372,2012-10-28,0.21056770722610207,0
137373,2012-10-28,0.42704768806349264,0
137374,2012-10-28,0.22558694437061297,0
137375,2012-10-28,0.4550199635725502,0
137376,2012-10-28,0.3279312902650524,1
137377,2012-10-28,0.5273707430998517,1
137378,2012-10-28,0.5052399074696379,1
137379,2012-10-28,0.5369474481306346,0
137380,2012-10-28,0.5859975352153353,1
137381,2012-10-28,0.4063606011506791,0
137382,2012-10-28,0.32342044204587905,1
137383,2012-10-28,0.39239158776804356,0
137384,2012-10-28,0.3936977662756483,1
137385,2012-10-28,0.3116691679467255,0
137386,2012-10-28,0.3644625860184173,0
137387,2012-10-28,0.6569778039059342,0
137388,2012-10-28,0.35165322367752927,0
137389,2012-10-28,0.5412213950969935,0
137390,2012-10-28,0.3437249066393956,0
137391,2012-10-28,0.6065320438053425,0
137392,2012-10-28,0.5205484504532534,0
137393,2012-10-28,0.44305219257040734,1
137394,2012-10-28,0.3932134566472123,0
137395,2012-10-28,0.4523076529311805,0
137396,2012-10-28,0.3753380272573488,0
137397,2012-10-28,0.3221663091180252,0
137398,2012-10-28,0.42628353825837684,0
137399,2012-10-28,0.5413742007221864,1
137400,2012-10-28,0.13965254784907216,0
137401,2012-10-28,0.40617744078133755,1
137402,2012-10-28,0.40879723151848957,0
137403,2012-10-28,0.2672569017954325,0
137404,2012-10-28,0.2150010610801859,0
137405,2012-10-28,0.12001488224549207,0
137406,2012-10-28,0.6471029805165202,1
137407,2012-10-28,0.5199309572620815,0
137408,2012-10-28,0.6237240481801962,1
137409,2012-10-28,0.25353370861827684,0
137410,2012-10-28,0.5516546981914086,1
137411,2012-10-28,0.504819467504889,0
137412,2012-10-28,0.5061365827119687,0
137413,2012-10-28,0.3891763583194536,0
137414,2012-10-28,0.3591113365387193,0
137415,2012-10-28,0.4471577617089312,0
137416,2012-10-28,0.23490929255466694,0
137417,2012-10-28,0.3973800309393721,1
137418,2012-10-28,0.3278002556248943,0
137419,2012-10-28,0.19279379524990625,0
137420,2012-10-28,0.35250123173017345,1
137421,2012-10-28,0.14850469049961904,1
137422,2012-10-28,0.3363083312598547,1
137423,2012-10-28,0.5544650850039252,0
137424,2012-10-28,0.15251698873449906,0
137425,2012-10-28,0.26226828488257103,0
137426,2012-10-28,0.3269307805946928,1
137427,2012-10-28,0.3155041418908037,1
137428,2012-10-28,0.632283616053306,0
137429,2012-10-28,0.29434092675754653,0
137430,2012-10-28,0.35828472219843716,0
137431,2012-10-28,0.5763183330465895,1
137432,2012-10-28,0.41933589118212344,1
137433,2012-10-28,0.5063634240028718,0
137434,2012-10-28,0.41835599757833086,0
137435,2012-10-28,0.19491310682593516,0
137436,2012-10-28,0.4625613117689651,0
137437,2012-10-28,0.24433962602940099,0
137438,2012-10-28,0.27374298949865455,0
137439,2012-10-28,0.3099826280728241,0
137440,2012-10-28,0.4337526685598204,0
137441,2012-10-28,0.21045754258132437,1
137442,2012-10-28,0.22041749530586735,0
137443,2012-10-28,0.33502712284827985,0
137444,2012-10-28,0.5587473589678064,0
137445,2012-10-28,0.342238248084396,0
137446,2012-10-28,0.6440616042997203,1
137447,2012-10-28,0.507436400793042,0
137448,2012-10-28,0.12051988764805173,0
137449,2012-10-28,0.49888326045908526,0
137450,2012-10-28,0.47081953813984134,1
137451,2012-10-28,0.42386096407901136,0
137452,2012-10-28,0.5376242201661893,1
137453,2012-10-28,0.34204981940951323,0
137454,2012-10-28,0.37376274610006816,0
137455,2012-10-28,0.47967688757757443,1
137456,2012-10-28,0.5122581639654061,1
137457,2012-10-28,0.21201777868695756,0
137458,2012-10-28,0.46373625748282216,1
137459,2012-10-28,0.23217054305909524,0
137460,2012-10-28,0.3404750029390406,0
137461,2012-10-28,0.3823642905677832,1
137462,2012-10-28,0.17838694680001183,0
137463,2012-10-28,0.6092249517109224,0
137464,2012-10-28,0.4052665220523409,0
137465,2012-10-28,0.2286618796372916,0
137466,2012-10-28,0.3507682387740855,1
137467,2012-10-28,0.3001243987464238,0
137468,2012-10-28,0.27766590710484107,0
137469,2012-10-28,0.4860952651647424,0
137470,2012-10-28,0.28365694001568825,0
137471,2012-10-28,0.5991540594770253,1
137472,2012-10-28,0.32958530760559035,0
137473,2012-10-28,0.3854217321216496,0
137474,2012-10-28,0.3860167655931364,1
137475,2012-10-28,0.512938958781205,0
137476,2012-10-28,0.26013297611988506,0
137477,2012-10-28,0.29468951001375493,0
137478,2012-10-28,0.4143532199342669,1
137479,2012-10-28,0.3781470417413349,0
137480,2012-10-28,0.24725546639648835,0
137481,2012-10-28,0.38236448592417305,0
137482,2012-10-28,0.17906606066350753,0
137483,2012-10-28,0.6352632207161282,0
137484,2012-10-28,0.49268209794481593,1
137485,2012-10-28,0.1627043237534819,0
137486,2012-10-28,0.22766116823400392,1
137487,2012-10-28,0.5672450446750101,1
137488,2012-10-28,0.3877929759222091,0
137489,2012-10-28,0.46454772547692247,0
137490,2012-10-28,0.5733699529725451,0
137491,2012-10-28,0.5697263453434516,0
137492,2012-10-28,0.2187116549230521,0
137493,2012-10-28,0.6057319504402325,0
137494,2012-10-28,0.4768830573224588,0
137495,2012-10-28,0.3033294642980086,1
137496,2012-10-28,0.275182894659425,0
137497,2012-10-28,0.2565451892712303,0
137498,2012-10-28,0.2083648618812233,0
137499,2012-10-28,0.3795116257343854,0
137500,2012-10-28,0.42203947677951253,0
137501,2012-10-28,0.27194836519810633,1
137502,2012-10-28,0.42586851912970364,1
137503,2012-10-28,0.24205020954890796,0
137504,2012-10-28,0.2067754504254977,0
137505,2012-10-28,0.5262284655574861,1
137506,2012-10-28,0.514492707548804,1
137507,2012-10-28,0.3877430372373068,1
137508,2012-10-28,0.20809105045194226,0
137509,2012-10-28,0.4242590197226349,1
137510,2012-10-28,0.4375739466642609,0
137511,2012-10-28,0.25815632870977384,0
137512,2012-10-28,0.11783109682062594,0
137513,2012-10-28,0.22069033659132517,0
137514,2012-10-28,0.28161312035975916,0
137515,2012-10-28,0.47862512422277587,0
137516,2012-10-28,0.45749259340513954,1
137517,2012-10-28,0.6565385469247422,1
137518,2012-10-28,0.2923616054592606,0
137519,2012-10-28,0.3099252514721775,1
137520,2012-10-28,0.15580035881839227,0
137521,2012-10-28,0.17893239627129792,0
137522,2012-10-28,0.3860448428071774,1
137523,2012-10-28,0.2511112491793622,0
137524,2012-10-28,0.2587742732542392,1
137525,2012-10-28,0.2108400544648967,0
137526,2012-10-28,0.3594232332438432,0
137527,2012-10-28,0.43809410004270216,0
137528,2012-10-28,0.3752079465527282,0
137529,2012-10-28,0.31319877959716563,1
137530,2012-10-28,0.22921675373365535,0
137531,2012-10-28,0.14529077850832708,1
137532,2012-10-28,0.468832102134916,1
137533,2012-10-28,0.23862390377620113,0
137534,2012-10-28,0.45547498552620197,1
137535,2012-10-28,0.2864682012310416,1
137536,2012-10-28,0.5012442288696487,1
137537,2012-10-28,0.6423569524715323,1
137538,2012-10-28,0.5257549407331014,0
137539,2012-10-28,0.3131289091516776,0
137540,2012-10-28,0.30476184207891793,0
137541,2012-10-28,0.3298746603345306,0
137542,2012-10-28,0.4966316454064599,0
137543,2012-10-28,0.4279990853400934,0
137544,2012-10-28,0.4632871727396972,0
137545,2012-10-28,0.4515540177679544,1
137546,2012-10-28,0.4058732925487583,0
137547,2012-10-28,0.3917791849091722,0
137548,2012-10-28,0.34393174216216044,0
137549,2012-10-28,0.12096468321051647,1
137550,2012-10-28,0.2043435683285465,0
137551,2012-10-28,0.3322125003979301,0
137552,2012-10-28,0.44851797443526614,0
137553,2012-10-28,0.45649674767628573,0
137554,2012-10-28,0.4472716505867591,0
137555,2012-10-28,0.36782413635141,0
137556,2012-10-28,0.25644878302482854,0
137557,2012-10-28,0.23451826825922123,1
137558,2012-10-28,0.3522609525570502,1
137559,2012-10-28,0.49290267799631415,0
137560,2012-10-28,0.30980386657112746,0
137561,2012-10-28,0.3449892008716804,0
137562,2012-10-28,0.4639871201693615,1
137563,2012-10-28,0.20595553150701165,0
137564,2012-10-28,0.304276045558049,0
137565,2012-10-28,0.19546120542982762,0
137566,2012-10-28,0.43768082219072335,0
137567,2012-10-28,0.42542461379388335,0
137568,2012-10-28,0.3968580786113091,0
137569,2012-10-28,0.5648868845270222,1
137570,2012-10-28,0.29425355939524495,0
137571,2012-10-28,0.555621825994068,0
137572,2012-10-28,0.17176483574385648,0
137573,2012-10-28,0.3196425074507139,0
137574,2012-10-28,0.3979729998897405,0
137575,2012-10-28,0.5417661820464588,1
137576,2012-10-28,0.3469075803402308,0
137577,2012-10-28,0.4670385705295202,1
137578,2012-10-28,0.1752157840139231,0
137579,2012-10-28,0.5985678420241487,0
137580,2012-10-28,0.41971633425470556,1
137581,2012-10-28,0.5011203993550378,1
137582,2012-10-28,0.4350953729386522,1
137583,2012-10-28,0.25554515143924905,0
137584,2012-10-28,0.15949063285161677,0
137585,2012-10-28,0.2668989311797289,0
137586,2012-10-28,0.5409438077205317,1
137587,2012-10-28,0.30571832009289396,0
137588,2012-10-28,0.6679463434216799,0
137589,2012-10-28,0.35155287099091564,0
137590,2012-10-28,0.604418048757433,0
137591,2012-10-28,0.24402668257570476,1
137592,2012-10-28,0.1643761073996313,0
137593,2012-10-28,0.2961648073043278,0
137594,2012-10-28,0.4369228174493951,0
137595,2012-10-28,0.5606449712821552,1
137596,2012-10-28,0.49949201358496814,0
137597,2012-10-28,0.41029102003596374,0
137598,2012-10-28,0.21720776479109974,0
137599,2012-10-28,0.15887280962143177,0
137600,2012-10-28,0.4152486130599322,0
137601,2012-10-28,0.304733704260528,0
137602,2012-10-28,0.3583553796208469,1
137603,2012-10-28,0.27339392208305097,0
137604,2012-10-28,0.20639701689997808,0
137605,2012-10-28,0.5434910749912787,0
137606,2012-10-28,0.6762305645229841,0
137607,2012-10-28,0.19239243552263796,0
137608,2012-10-28,0.5242074459589922,1
137609,2012-10-28,0.5797631158984475,1
137610,2012-10-28,0.18439269019771462,0
137611,2012-10-28,0.283995862183532,0
137612,2012-10-28,0.39026936201560636,1
137613,2012-10-28,0.30118326132465856,0
137614,2012-10-28,0.48371285527095087,1
137615,2012-10-28,0.49615743855867234,0
137616,2012-10-28,0.23421935038451566,0
137617,2012-10-28,0.5389237741379744,1
137618,2012-10-28,0.4101528741435162,1
137619,2012-10-28,0.3088799354819105,0
137620,2012-10-28,0.5073710875730646,1
137621,2012-10-28,0.3816078942560806,1
137622,2012-10-28,0.6499660465512572,0
137623,2012-10-28,0.42577496991200336,0
137624,2012-10-28,0.48347472432171523,0
137625,2012-10-28,0.6068011488844781,0
137626,2012-10-28,0.5191513289476761,0
137627,2012-10-28,0.3115424575267105,0
137628,2012-10-28,0.15652515917664409,0
137629,2012-10-28,0.4017547255057179,0
137630,2012-10-28,0.5432466418438101,1
137631,2012-10-28,0.5727996464546808,1
137632,2012-10-28,0.25934727595837115,0
137633,2012-10-28,0.2571280197298241,0
137634,2012-10-28,0.3992490769385998,0
137635,2012-10-28,0.6657766746105411,0
137636,2012-10-28,0.3119368753609157,1
137637,2012-10-28,0.5132068429191766,0
137638,2012-10-28,0.3141918016466343,1
137639,2012-10-28,0.14408199734199956,0
137640,2012-10-28,0.18743628237064255,0
137641,2012-10-29,0.2602757030557704,0
137642,2012-10-29,0.39830101773101195,0
137643,2012-10-29,0.31889113017364973,1
137644,2012-10-29,0.42897132731351956,0
137645,2012-10-29,0.6368847753558888,1
137646,2012-10-29,0.30906796662582664,0
137647,2012-10-29,0.5244647341990778,0
137648,2012-10-29,0.5899960412095079,0
137649,2012-10-29,0.3192018828284553,0
137650,2012-10-29,0.4251241252345125,0
137651,2012-10-29,0.26582072722949945,0
137652,2012-10-29,0.4103597937646604,0
137653,2012-10-29,0.3909815626732252,0
137654,2012-10-29,0.24019489989546008,0
137655,2012-10-29,0.25810079052521456,0
137656,2012-10-29,0.29319051255156087,0
137657,2012-10-29,0.5404624030201335,1
137658,2012-10-29,0.45694041211431136,0
137659,2012-10-29,0.5317329866189229,0
137660,2012-10-29,0.5077408417252613,0
137661,2012-10-29,0.6061258316990807,0
137662,2012-10-29,0.17661273724510193,0
137663,2012-10-29,0.5674277757529566,1
137664,2012-10-29,0.49599525164274794,0
137665,2012-10-29,0.36148082606018994,0
137666,2012-10-29,0.6078762273012687,0
137667,2012-10-29,0.32516651678968606,0
137668,2012-10-29,0.2418815812440226,0
137669,2012-10-29,0.29726665800781477,1
137670,2012-10-29,0.3622936636378535,1
137671,2012-10-29,0.4242254072574818,0
137672,2012-10-29,0.2769364135925189,0
137673,2012-10-29,0.5186157979552084,1
137674,2012-10-29,0.30786062396500596,1
137675,2012-10-29,0.17382173461870615,0
137676,2012-10-29,0.17422200068542257,0
137677,2012-10-29,0.5886573901913558,0
137678,2012-10-29,0.4047431578701203,0
137679,2012-10-29,0.504235168003879,0
137680,2012-10-29,0.39602904117183263,0
137681,2012-10-29,0.3386280291658589,0
137682,2012-10-29,0.3958733806153933,0
137683,2012-10-29,0.6262395587639545,1
137684,2012-10-29,0.3048079913609334,0
137685,2012-10-29,0.5772420549671785,0
137686,2012-10-29,0.27807879876740493,1
137687,2012-10-29,0.4916340774419326,0
137688,2012-10-29,0.28095865849719526,1
137689,2012-10-29,0.19689823085367208,0
137690,2012-10-29,0.1935469748328844,0
137691,2012-10-29,0.19791560848641854,0
137692,2012-10-29,0.4369732440843617,1
137693,2012-10-29,0.401581639998431,0
137694,2012-10-29,0.44618593801490236,0
137695,2012-10-29,0.35361966916892257,1
137696,2012-10-29,0.403645207218886,1
137697,2012-10-29,0.4294060900578977,0
137698,2012-10-29,0.22186679679119728,0
137699,2012-10-29,0.3076962542665915,0
137700,2012-10-29,0.3210041668197232,1
137701,2012-10-29,0.3740620904010098,1
137702,2012-10-29,0.5072679293809018,1
137703,2012-10-29,0.279891993698042,0
137704,2012-10-29,0.3816707530307782,1
137705,2012-10-29,0.47702310703454864,1
137706,2012-10-29,0.42061276345996157,0
137707,2012-10-29,0.4216028556466883,0
137708,2012-10-29,0.4105690215452809,0
137709,2012-10-29,0.528715971111754,1
137710,2012-10-29,0.49653525429390083,1
137711,2012-10-29,0.3892055339544118,1
137712,2012-10-29,0.29391210596032513,0
137713,2012-10-29,0.20596747379842673,0
137714,2012-10-29,0.44680324866414056,1
137715,2012-10-29,0.25705526699784426,0
137716,2012-10-29,0.22610422410175474,0
137717,2012-10-29,0.3547452985295539,1
137718,2012-10-29,0.46695576484369855,1
137719,2012-10-29,0.422546928969635,0
137720,2012-10-29,0.40098684309125504,1
137721,2012-10-29,0.3328435366478788,0
137722,2012-10-29,0.22676465042718152,0
137723,2012-10-29,0.42576625486948416,0
137724,2012-10-29,0.4654859679269977,0
137725,2012-10-29,0.35180598525809104,1
137726,2012-10-29,0.47290105874105287,0
137727,2012-10-29,0.2036253872432603,0
137728,2012-10-29,0.5954364358795425,1
137729,2012-10-29,0.32279908798517976,0
137730,2012-10-29,0.4934859874489565,1
137731,2012-10-29,0.4820088967187546,0
137732,2012-10-29,0.515417702715435,1
137733,2012-10-29,0.3943459054920098,1
137734,2012-10-29,0.44057145438804207,0
137735,2012-10-29,0.4145615691357466,0
137736,2012-10-29,0.38468813349527237,0
137737,2012-10-29,0.5252650243526785,0
137738,2012-10-29,0.6269224396198626,0
137739,2012-10-29,0.14698758528133213,0
137740,2012-10-29,0.4429007745539103,1
137741,2012-10-29,0.19905361309736824,0
137742,2012-10-29,0.465592951022946,1
137743,2012-10-29,0.6399472201554925,0
137744,2012-10-29,0.648394395453258,0
137745,2012-10-29,0.19726485275170735,1
137746,2012-10-29,0.42647231671310126,1
137747,2012-10-29,0.3633859648853578,0
137748,2012-10-29,0.4590484187979706,1
137749,2012-10-29,0.33999248276026,0
137750,2012-10-29,0.3237687040581261,0
137751,2012-10-29,0.5096496117964625,0
137752,2012-10-29,0.3468795993256242,0
137753,2012-10-29,0.362325427878217,1
137754,2012-10-29,0.33551631030602325,0
137755,2012-10-29,0.379975726123274,0
137756,2012-10-29,0.24269107152315522,1
137757,2012-10-29,0.259699377836912,0
137758,2012-10-29,0.38935187461605253,0
137759,2012-10-29,0.4844234474316374,1
137760,2012-10-29,0.36460851063606836,0
137761,2012-10-29,0.4265590715732687,1
137762,2012-10-29,0.665662406366715,0
137763,2012-10-29,0.2883600152433686,0
137764,2012-10-29,0.5190403826536282,0
137765,2012-10-29,0.21607834756021518,0
137766,2012-10-29,0.2476996149917492,0
137767,2012-10-29,0.20805579000130908,0
137768,2012-10-29,0.334857377722924,1
137769,2012-10-29,0.4126432512006122,0
137770,2012-10-29,0.3203859693274353,0
137771,2012-10-29,0.3221624622613791,0
137772,2012-10-29,0.6254587721098684,1
137773,2012-10-29,0.5433012834020711,1
137774,2012-10-29,0.2734239722149875,0
137775,2012-10-29,0.5210825266797837,0
137776,2012-10-29,0.24412358039734705,0
137777,2012-10-29,0.47084741184858303,0
137778,2012-10-29,0.6273393749555278,1
137779,2012-10-29,0.1820278368618295,0
137780,2012-10-29,0.3740351666879932,0
137781,2012-10-29,0.5086921176402937,1
137782,2012-10-29,0.3131943495332575,1
137783,2012-10-29,0.45569137914905067,1
137784,2012-10-29,0.5043329371494077,1
137785,2012-10-29,0.5174401883005706,1
137786,2012-10-29,0.5308409634633462,1
137787,2012-10-29,0.29167924750803875,1
137788,2012-10-29,0.1983421205015066,1
137789,2012-10-29,0.3554901312190598,0
137790,2012-10-29,0.40599261846724205,0
137791,2012-10-29,0.5088441943998989,1
137792,2012-10-29,0.3395928821163221,1
137793,2012-10-29,0.30701899302993124,0
137794,2012-10-29,0.10285754252891689,0
137795,2012-10-29,0.47883401637415646,0
137796,2012-10-29,0.3109320836018248,1
137797,2012-10-29,0.27491407937899154,1
137798,2012-10-29,0.21831193921611286,0
137799,2012-10-29,0.2562208165804428,0
137800,2012-10-29,0.19819307447642587,0
137801,2012-10-29,0.3750580489727962,1
137802,2012-10-29,0.3555152205416939,1
137803,2012-10-29,0.4603915436965796,0
137804,2012-10-29,0.6928506287265915,0
137805,2012-10-29,0.3855325088982915,1
137806,2012-10-29,0.49037525848009844,0
137807,2012-10-29,0.3751450320922119,1
137808,2012-10-29,0.1669588275681878,1
137809,2012-10-29,0.44607902140956857,0
137810,2012-10-29,0.5936848025150223,1
137811,2012-10-29,0.4315788603476849,1
137812,2012-10-29,0.5701261288256169,0
137813,2012-10-29,0.5533463665162559,1
137814,2012-10-29,0.2938575859283791,1
137815,2012-10-29,0.4378298234257904,0
137816,2012-10-29,0.3338864766604311,0
137817,2012-10-29,0.39378499978897324,0
137818,2012-10-29,0.730577755189057,1
137819,2012-10-29,0.4243430039728875,1
137820,2012-10-29,0.20203456740202544,0
137821,2012-10-29,0.29152812465602573,0
137822,2012-10-29,0.4696268108700831,0
137823,2012-10-29,0.5249084997498422,0
137824,2012-10-29,0.37001737314728084,0
137825,2012-10-29,0.436618663573284,1
137826,2012-10-29,0.39889786239070324,1
137827,2012-10-29,0.4253323732913773,0
137828,2012-10-29,0.6781804082006997,1
137829,2012-10-29,0.4484465012434205,0
137830,2012-10-29,0.3940985379116443,0
137831,2012-10-29,0.29620251091627625,0
137832,2012-10-29,0.207406923016878,0
137833,2012-10-29,0.3195538294859106,0
137834,2012-10-29,0.3684454056673968,0
137835,2012-10-29,0.4103419507505238,1
137836,2012-10-29,0.16745099394988125,0
137837,2012-10-29,0.4594101468641999,1
137838,2012-10-29,0.13161192438799843,0
137839,2012-10-29,0.20765862475499228,0
137840,2012-10-29,0.24620506800379896,0
137841,2012-10-29,0.5523010124490981,1
137842,2012-10-29,0.28280137751401296,0
137843,2012-10-29,0.33536298210341214,0
137844,2012-10-29,0.5955459491129562,1
137845,2012-10-29,0.5476372990802241,1
137846,2012-10-29,0.2677720931529946,0
137847,2012-10-29,0.3876209338681638,1
137848,2012-10-29,0.5139569731314637,0
137849,2012-10-29,0.6048053687118667,0
137850,2012-10-29,0.2802430184176832,0
137851,2012-10-29,0.3963840626051898,0
137852,2012-10-29,0.40604120634153873,0
137853,2012-10-29,0.36915769832596845,0
137854,2012-10-29,0.24861113721655756,1
137855,2012-10-29,0.61820010199223,1
137856,2012-10-29,0.29768498063888404,1
137857,2012-10-29,0.5621844019437137,1
137858,2012-10-29,0.4505217045947972,0
137859,2012-10-29,0.5180601763748909,0
137860,2012-10-29,0.4503541256833668,0
137861,2012-10-29,0.4921193137352345,0
137862,2012-10-29,0.36058686872412044,1
137863,2012-10-29,0.41024666554583755,1
137864,2012-10-29,0.51864378710825,0
137865,2012-10-29,0.1319360420816927,0
137866,2012-10-29,0.18539490298691766,0
137867,2012-10-29,0.19609649588415032,0
137868,2012-10-29,0.6080462686959885,1
137869,2012-10-29,0.4148091586906364,1
137870,2012-10-29,0.3794111664323801,1
137871,2012-10-29,0.3663565181040682,1
137872,2012-10-29,0.5671561478650444,0
137873,2012-10-29,0.31700219274813096,0
137874,2012-10-29,0.5148260826319364,1
137875,2012-10-29,0.37941293498453654,1
137876,2012-10-29,0.2201636438252923,0
137877,2012-10-29,0.5995728125206246,1
137878,2012-10-29,0.2641563300734659,0
137879,2012-10-29,0.5171484741461408,0
137880,2012-10-29,0.31197930001295754,0
137881,2012-10-29,0.3343350668950919,0
137882,2012-10-29,0.26668380444187306,0
137883,2012-10-29,0.34669061233839643,1
137884,2012-10-29,0.224057749408131,0
137885,2012-10-29,0.33556315499465394,0
137886,2012-10-29,0.6574331623914922,0
137887,2012-10-29,0.4485590244283331,1
137888,2012-10-29,0.2522256568284406,0
137889,2012-10-29,0.6304240354298095,1
137890,2012-10-29,0.20552173134975815,1
137891,2012-10-29,0.154435347218317,0
137892,2012-10-29,0.32645862859559843,0
137893,2012-10-29,0.283689026095509,0
137894,2012-10-29,0.11874537123143572,0
137895,2012-10-29,0.44566348540286477,0
137896,2012-10-29,0.5193021395144554,1
137897,2012-10-29,0.3703654286696524,0
137898,2012-10-29,0.1395747818354154,0
137899,2012-10-29,0.3025027911729557,0
137900,2012-10-29,0.5021977256225075,0
137901,2012-10-29,0.5466584552862643,0
137902,2012-10-29,0.27336686038364605,1
137903,2012-10-29,0.4437847072723987,0
137904,2012-10-29,0.3668578333392101,0
137905,2012-10-29,0.32767821492539145,0
137906,2012-10-29,0.5979043449823177,0
137907,2012-10-29,0.4017499540619978,0
137908,2012-10-29,0.38302363793759875,1
137909,2012-10-29,0.3085217340571299,0
137910,2012-10-29,0.6592281889748008,0
137911,2012-10-29,0.2829977367299594,0
137912,2012-10-29,0.4343938480434726,1
137913,2012-10-29,0.3435609820226874,0
137914,2012-10-29,0.4545231695393152,1
137915,2012-10-29,0.2754486698264065,0
137916,2012-10-29,0.4492718974844197,0
137917,2012-10-29,0.48366289183964073,0
137918,2012-10-29,0.24409638004169773,0
137919,2012-10-29,0.5432448716057445,1
137920,2012-10-29,0.36208115872306484,1
137921,2012-10-29,0.511696324359854,1
137922,2012-10-29,0.4327408491311377,1
137923,2012-10-29,0.38368078012454343,0
137924,2012-10-29,0.26856209426948363,0
137925,2012-10-29,0.47525384561615464,0
137926,2012-10-29,0.31568089414121664,0
137927,2012-10-29,0.5437964822460948,0
137928,2012-10-29,0.4233264582223468,0
137929,2012-10-29,0.16210157730242594,0
137930,2012-10-29,0.33978946415858885,0
137931,2012-10-29,0.3977159300259525,0
137932,2012-10-29,0.3195077566326347,0
137933,2012-10-29,0.24185108762858412,0
137934,2012-10-29,0.5763813878650598,0
137935,2012-10-29,0.44036604535390095,0
137936,2012-10-29,0.4809038576785363,0
137937,2012-10-29,0.43374120134126704,0
137938,2012-10-29,0.4685961625761137,0
137939,2012-10-29,0.386225063727174,0
137940,2012-10-29,0.38841411042689195,0
137941,2012-10-29,0.43161106325896487,0
137942,2012-10-29,0.48355558573018304,1
137943,2012-10-29,0.3674625356734991,0
137944,2012-10-29,0.30775989073086,1
137945,2012-10-29,0.5430809196287432,0
137946,2012-10-29,0.33378421066351455,0
137947,2012-10-29,0.35646602870927624,0
137948,2012-10-29,0.31541244400468255,1
137949,2012-10-29,0.48323180436180674,1
137950,2012-10-29,0.6491866627668335,1
137951,2012-10-29,0.19065906886233455,1
137952,2012-10-29,0.2749427738064146,0
137953,2012-10-29,0.33920740438781716,0
137954,2012-10-29,0.3526470027971008,1
137955,2012-10-29,0.38639398211915515,0
137956,2012-10-29,0.14237358561220706,0
137957,2012-10-29,0.3284393766539486,0
137958,2012-10-29,0.44835737784279905,1
137959,2012-10-29,0.1335513013457472,0
137960,2012-10-29,0.5602772585661413,1
137961,2012-10-29,0.14816758177204675,0
137962,2012-10-29,0.12203533848925055,0
137963,2012-10-29,0.4709127033222235,0
137964,2012-10-29,0.37714539362373284,1
137965,2012-10-29,0.21756771825951193,0
137966,2012-10-29,0.23946429486412274,0
137967,2012-10-29,0.44582867466697484,1
137968,2012-10-29,0.6972323608374846,1
137969,2012-10-29,0.23946240030261068,0
137970,2012-10-29,0.5956692521751931,1
137971,2012-10-29,0.3790543335495011,0
137972,2012-10-29,0.6183076840102006,0
137973,2012-10-29,0.47307944983802835,1
137974,2012-10-29,0.19935946331323862,0
137975,2012-10-29,0.5823429832823667,0
137976,2012-10-29,0.40683734994809967,0
137977,2012-10-29,0.2738085791563284,0
137978,2012-10-29,0.3277133947977955,0
137979,2012-10-29,0.32187868795166336,0
137980,2012-10-29,0.26492732313517325,0
137981,2012-10-29,0.3363868595688339,0
137982,2012-10-29,0.3973967830384801,1
137983,2012-10-29,0.6059054843517852,1
137984,2012-10-29,0.3338181927148073,0
137985,2012-10-29,0.38054800902883645,0
137986,2012-10-29,0.3852544250392483,1
137987,2012-10-29,0.2807938128187382,0
137988,2012-10-29,0.26239889411550293,0
137989,2012-10-29,0.5229888816265077,0
137990,2012-10-29,0.335582797530726,1
137991,2012-10-29,0.26816601366392295,0
137992,2012-10-29,0.3302859159903159,0
137993,2012-10-29,0.38829517493513954,1
137994,2012-10-29,0.2859461764449159,0
137995,2012-10-29,0.34173932200947593,0
137996,2012-10-29,0.4841774536896748,1
137997,2012-10-29,0.34636348663154554,0
137998,2012-10-29,0.25814586882279067,1
137999,2012-10-29,0.3664609239332422,0
138000,2012-10-29,0.1876444083379247,0
138001,2012-10-29,0.2821339099782882,0
138002,2012-10-29,0.36027474250904895,1
138003,2012-10-29,0.4054180340783759,0
138004,2012-10-29,0.2585044424738639,0
138005,2012-10-29,0.36384937904687986,0
138006,2012-10-29,0.33462329479484787,0
138007,2012-10-29,0.5523749996732541,1
138008,2012-10-29,0.531708751786225,0
138009,2012-10-29,0.14820673057784006,0
138010,2012-10-29,0.4704845485463017,1
138011,2012-10-29,0.21169403727311112,0
138012,2012-10-30,0.4079651757900994,1
138013,2012-10-30,0.22289506976902096,1
138014,2012-10-30,0.2254258548485109,0
138015,2012-10-30,0.29824031059218375,0
138016,2012-10-30,0.240626031847162,0
138017,2012-10-30,0.34072906163898437,0
138018,2012-10-30,0.2651650529806919,0
138019,2012-10-30,0.18889355218137485,0
138020,2012-10-30,0.33040414629844994,0
138021,2012-10-30,0.30603392622728626,0
138022,2012-10-30,0.3236809066955289,0
138023,2012-10-30,0.6620096007827005,0
138024,2012-10-30,0.363658209433503,0
138025,2012-10-30,0.44254282576767984,1
138026,2012-10-30,0.34059021161440545,0
138027,2012-10-30,0.3975834171143132,1
138028,2012-10-30,0.5050917354979624,1
138029,2012-10-30,0.35014908884070395,0
138030,2012-10-30,0.390379379407497,0
138031,2012-10-30,0.5366731730330805,0
138032,2012-10-30,0.37116750679843563,0
138033,2012-10-30,0.16652047356698688,0
138034,2012-10-30,0.695268142085421,0
138035,2012-10-30,0.44378560529658323,0
138036,2012-10-30,0.48876573545054747,1
138037,2012-10-30,0.35093271992426456,0
138038,2012-10-30,0.29344435413000886,1
138039,2012-10-30,0.5746306869535002,0
138040,2012-10-30,0.2910254546241092,1
138041,2012-10-30,0.6534142159501224,1
138042,2012-10-30,0.3856826230781766,0
138043,2012-10-30,0.3597883616915561,0
138044,2012-10-30,0.4096663583365674,0
138045,2012-10-30,0.28133716143819937,1
138046,2012-10-30,0.36176341241980525,1
138047,2012-10-30,0.4014416402120361,0
138048,2012-10-30,0.16253424796353383,0
138049,2012-10-30,0.6503585854180455,1
138050,2012-10-30,0.35515242628005905,0
138051,2012-10-30,0.6142319830132659,1
138052,2012-10-30,0.36978141392913827,1
138053,2012-10-30,0.28908580698942266,0
138054,2012-10-30,0.5003014524010527,0
138055,2012-10-30,0.28523075343510645,1
138056,2012-10-30,0.28893107367764154,0
138057,2012-10-30,0.4690744780757194,1
138058,2012-10-30,0.13604879306103013,1
138059,2012-10-30,0.3118752470690429,0
138060,2012-10-30,0.26222569451463223,0
138061,2012-10-30,0.4891795574108157,0
138062,2012-10-30,0.39210448274058163,1
138063,2012-10-30,0.24644263349508436,0
138064,2012-10-30,0.11950461215766604,0
138065,2012-10-30,0.5647115109390054,0
138066,2012-10-30,0.3455686780526223,0
138067,2012-10-30,0.48737819233948987,0
138068,2012-10-30,0.11110568559537216,0
138069,2012-10-30,0.5546682616551807,0
138070,2012-10-30,0.34871879941562756,0
138071,2012-10-30,0.5107006812592763,1
138072,2012-10-30,0.3425269516556454,1
138073,2012-10-30,0.252263701669033,0
138074,2012-10-30,0.3999046401430896,1
138075,2012-10-30,0.49804179751837013,1
138076,2012-10-30,0.46322741763338604,0
138077,2012-10-30,0.4407136315285962,0
138078,2012-10-30,0.25747021086547245,0
138079,2012-10-30,0.41683735906033115,0
138080,2012-10-30,0.527403163554858,1
138081,2012-10-30,0.40369968435576287,1
138082,2012-10-30,0.518492520805181,1
138083,2012-10-30,0.21363058385351702,1
138084,2012-10-30,0.46687234290890783,0
138085,2012-10-30,0.17313970150070526,0
138086,2012-10-30,0.28827637377705456,0
138087,2012-10-30,0.6604444544268002,1
138088,2012-10-30,0.22486632928081352,0
138089,2012-10-30,0.3448476639510923,0
138090,2012-10-30,0.31708113086756423,0
138091,2012-10-30,0.5532491281349922,0
138092,2012-10-30,0.32082780521777643,1
138093,2012-10-30,0.18835445158214795,1
138094,2012-10-30,0.4324843659269147,1
138095,2012-10-30,0.229322839521827,0
138096,2012-10-30,0.26438542525778275,1
138097,2012-10-30,0.2829234448479619,0
138098,2012-10-30,0.4494057542847375,0
138099,2012-10-30,0.3150803658905204,0
138100,2012-10-30,0.5522772106417424,0
138101,2012-10-30,0.5368367531309135,0
138102,2012-10-30,0.3699667809416548,0
138103,2012-10-30,0.31357878191778094,0
138104,2012-10-30,0.38308514416697254,1
138105,2012-10-30,0.5718684805792492,0
138106,2012-10-30,0.4832230821641443,1
138107,2012-10-30,0.34528768008272603,0
138108,2012-10-30,0.24476905372572386,0
138109,2012-10-30,0.26752996010576585,0
138110,2012-10-30,0.189638283865128,0
138111,2012-10-30,0.674933123990896,0
138112,2012-10-30,0.28510711835288743,0
138113,2012-10-30,0.11496414042551115,0
138114,2012-10-30,0.47103496733638633,1
138115,2012-10-30,0.40458458654246887,0
138116,2012-10-30,0.5817285324335069,1
138117,2012-10-30,0.20701896910843778,0
138118,2012-10-30,0.5885208738193037,1
138119,2012-10-30,0.6111081196795728,1
138120,2012-10-30,0.19473540320385244,0
138121,2012-10-30,0.36508184606004146,1
138122,2012-10-30,0.3314065271734222,1
138123,2012-10-30,0.406017765545828,1
138124,2012-10-30,0.12892313312895054,0
138125,2012-10-30,0.4397460787630006,0
138126,2012-10-30,0.3431248716343608,1
138127,2012-10-30,0.5473669736152271,0
138128,2012-10-30,0.3491391353009521,0
138129,2012-10-30,0.18015245528837412,0
138130,2012-10-30,0.3210575585411325,0
138131,2012-10-30,0.506791139738809,0
138132,2012-10-30,0.3869119256999046,0
138133,2012-10-30,0.3781374083435807,0
138134,2012-10-30,0.32044351418734485,0
138135,2012-10-30,0.5041711432839974,1
138136,2012-10-30,0.5649606633298165,0
138137,2012-10-30,0.5785491401523764,0
138138,2012-10-30,0.20584317223282197,0
138139,2012-10-30,0.4231193099902981,0
138140,2012-10-30,0.35048566272822423,0
138141,2012-10-30,0.4627796834579644,0
138142,2012-10-30,0.1271281287350888,0
138143,2012-10-30,0.3306740899390875,0
138144,2012-10-30,0.4128007567416572,0
138145,2012-10-30,0.38870367654767235,0
138146,2012-10-30,0.21289294579860743,0
138147,2012-10-30,0.3909578102586297,1
138148,2012-10-30,0.43915827497738635,0
138149,2012-10-30,0.32446170593450074,0
138150,2012-10-30,0.3299440033781841,0
138151,2012-10-30,0.3212258308950726,0
138152,2012-10-30,0.36353903722554254,0
138153,2012-10-30,0.5964302276674418,0
138154,2012-10-30,0.37792303366713176,0
138155,2012-10-30,0.6921683507483796,1
138156,2012-10-30,0.33134509931965367,0
138157,2012-10-30,0.5452085076477663,0
138158,2012-10-30,0.28555879311995397,0
138159,2012-10-30,0.685214709721508,1
138160,2012-10-30,0.4677324986569868,0
138161,2012-10-30,0.14599767081399587,0
138162,2012-10-30,0.3980902555976871,1
138163,2012-10-30,0.42033610982104813,1
138164,2012-10-30,0.3785940805556275,1
138165,2012-10-30,0.2857285349809979,0
138166,2012-10-30,0.3597226615059345,0
138167,2012-10-30,0.3250998151033923,0
138168,2012-10-30,0.4386121148827169,0
138169,2012-10-30,0.39156982258497225,1
138170,2012-10-30,0.45741126108513996,0
138171,2012-10-30,0.5009374072192878,1
138172,2012-10-30,0.3757863897606748,1
138173,2012-10-30,0.13436974561736384,0
138174,2012-10-30,0.5618445658799014,1
138175,2012-10-30,0.5533251245160744,0
138176,2012-10-30,0.1565695423764758,0
138177,2012-10-30,0.3494367950103895,0
138178,2012-10-30,0.2582331353133303,0
138179,2012-10-30,0.32655099989439773,0
138180,2012-10-30,0.6762631687045596,0
138181,2012-10-30,0.3633903812974133,0
138182,2012-10-30,0.2288803235918796,0
138183,2012-10-30,0.22506709281856552,1
138184,2012-10-30,0.371600683134632,0
138185,2012-10-30,0.3116808380358625,0
138186,2012-10-30,0.27011691744935945,0
138187,2012-10-30,0.4324315360010702,1
138188,2012-10-30,0.4506720927615015,0
138189,2012-10-30,0.47845823076229743,0
138190,2012-10-30,0.3303116686266647,1
138191,2012-10-30,0.6363667338580284,0
138192,2012-10-30,0.31411227236969425,1
138193,2012-10-30,0.35070501314771785,0
138194,2012-10-30,0.21931155809720485,0
138195,2012-10-30,0.3824640310407986,1
138196,2012-10-30,0.40393431812355607,1
138197,2012-10-30,0.39320137974828273,1
138198,2012-10-30,0.18152653567081461,0
138199,2012-10-30,0.3296138407691096,1
138200,2012-10-30,0.3237754806416716,0
138201,2012-10-30,0.2707241956559916,0
138202,2012-10-30,0.5486080129956558,0
138203,2012-10-30,0.4557209673574979,0
138204,2012-10-30,0.30263193348493567,1
138205,2012-10-30,0.27827912787900677,0
138206,2012-10-30,0.588606012703425,1
138207,2012-10-30,0.4036354791947095,0
138208,2012-10-30,0.5630424185982699,1
138209,2012-10-30,0.35517583727262464,0
138210,2012-10-30,0.3341215223798804,0
138211,2012-10-30,0.6578679986654389,1
138212,2012-10-30,0.3790021264200006,1
138213,2012-10-30,0.2000949548752388,0
138214,2012-10-30,0.20346416204562237,0
138215,2012-10-30,0.43125590819026954,1
138216,2012-10-30,0.262529424767819,1
138217,2012-10-30,0.21597723654687717,1
138218,2012-10-30,0.35323517242947994,0
138219,2012-10-30,0.4968804942997215,0
138220,2012-10-30,0.29405585748767077,1
138221,2012-10-30,0.323167882542087,1
138222,2012-10-30,0.32841589629809603,1
138223,2012-10-30,0.6716336526478898,0
138224,2012-10-30,0.3785663897043936,0
138225,2012-10-30,0.45432065419469125,1
138226,2012-10-30,0.21633372016268027,0
138227,2012-10-30,0.4673104918242329,1
138228,2012-10-30,0.36240511593832925,0
138229,2012-10-30,0.3547603903468666,0
138230,2012-10-30,0.5960672155235549,0
138231,2012-10-30,0.5937226896141006,0
138232,2012-10-30,0.6588937859819206,0
138233,2012-10-30,0.5116417270613697,1
138234,2012-10-30,0.34687613934185596,0
138235,2012-10-30,0.46568697048122193,1
138236,2012-10-30,0.2777924982097629,0
138237,2012-10-30,0.40595532345350727,0
138238,2012-10-30,0.1913714201808408,1
138239,2012-10-30,0.31235726450240126,1
138240,2012-10-30,0.3064937330432203,1
138241,2012-10-30,0.6537729767210309,0
138242,2012-10-30,0.30373755595653246,0
138243,2012-10-30,0.4775581705840471,0
138244,2012-10-30,0.5499691203038938,1
138245,2012-10-30,0.3191040893308793,1
138246,2012-10-30,0.5228064594449097,1
138247,2012-10-30,0.20445971722676085,0
138248,2012-10-30,0.5029939219156981,0
138249,2012-10-30,0.5174944521467427,1
138250,2012-10-30,0.509905128623632,0
138251,2012-10-30,0.5026143344408693,0
138252,2012-10-30,0.6144771340090059,1
138253,2012-10-30,0.4242180894177725,0
138254,2012-10-30,0.3027398039677331,0
138255,2012-10-30,0.5866086989629946,1
138256,2012-10-30,0.36372798864851186,0
138257,2012-10-30,0.1313373057679773,0
138258,2012-10-30,0.5591000268048802,0
138259,2012-10-30,0.40648090204169063,1
138260,2012-10-30,0.2480780588491569,0
138261,2012-10-30,0.40640619475210593,0
138262,2012-10-30,0.4752244710245838,1
138263,2012-10-30,0.5672500658638753,1
138264,2012-10-30,0.403680018857204,1
138265,2012-10-30,0.517451824000916,0
138266,2012-10-30,0.19203420895078227,0
138267,2012-10-30,0.3511822729274088,0
138268,2012-10-30,0.26189202474772433,1
138269,2012-10-30,0.09282617603112037,0
138270,2012-10-30,0.3512325578003915,0
138271,2012-10-30,0.4249788077728157,1
138272,2012-10-30,0.46646521674632807,1
138273,2012-10-30,0.43679939605290463,1
138274,2012-10-30,0.27604043844983417,0
138275,2012-10-30,0.12659385979731339,0
138276,2012-10-30,0.5149890276172077,0
138277,2012-10-30,0.19453207173046258,0
138278,2012-10-30,0.5955416828278792,0
138279,2012-10-30,0.2975671961459527,1
138280,2012-10-30,0.3868962722717979,0
138281,2012-10-30,0.39017203192237404,1
138282,2012-10-30,0.07088562571653025,0
138283,2012-10-30,0.5081536551283364,1
138284,2012-10-30,0.31058594958119046,1
138285,2012-10-30,0.3609656037877333,0
138286,2012-10-30,0.1983311690257307,1
138287,2012-10-30,0.46460963899780783,0
138288,2012-10-30,0.4375849769056656,0
138289,2012-10-30,0.37451044345717677,1
138290,2012-10-30,0.6556870222472276,0
138291,2012-10-30,0.4742329815959217,1
138292,2012-10-30,0.3783154636155357,0
138293,2012-10-30,0.6311169374786029,1
138294,2012-10-30,0.4114419937778706,0
138295,2012-10-30,0.3771247740929933,0
138296,2012-10-30,0.4160882311874727,0
138297,2012-10-30,0.3125926000159164,0
138298,2012-10-30,0.6800286724447367,0
138299,2012-10-30,0.32551624678123825,1
138300,2012-10-30,0.4268169864606307,0
138301,2012-10-30,0.2100530923513635,0
138302,2012-10-30,0.4571937691019926,1
138303,2012-10-30,0.6612208588419695,0
138304,2012-10-30,0.37703791546448967,1
138305,2012-10-30,0.5226623716102662,0
138306,2012-10-30,0.24295832124334618,0
138307,2012-10-30,0.6131194720496986,0
138308,2012-10-30,0.2590922077645105,1
138309,2012-10-30,0.23291892289444313,0
138310,2012-10-30,0.453085027119703,1
138311,2012-10-30,0.5785994317627036,0
138312,2012-10-30,0.3872924805369496,0
138313,2012-10-30,0.2509058952981102,0
138314,2012-10-30,0.40760440192079295,1
138315,2012-10-30,0.3692092999518742,0
138316,2012-10-30,0.515525644935851,0
138317,2012-10-30,0.24917434313108552,0
138318,2012-10-30,0.3660486243102221,0
138319,2012-10-30,0.5436237784541459,1
138320,2012-10-30,0.29994014543323394,0
138321,2012-10-30,0.28237799787913714,1
138322,2012-10-30,0.30397136915509193,0
138323,2012-10-30,0.26102477491177856,0
138324,2012-10-30,0.2895281941031777,0
138325,2012-10-30,0.3762549728449177,0
138326,2012-10-30,0.5118561612897651,0
138327,2012-10-30,0.47860929293043786,0
138328,2012-10-30,0.4425316105798284,1
138329,2012-10-30,0.417202623854946,1
138330,2012-10-30,0.3508995348507763,0
138331,2012-10-30,0.3368694983300253,0
138332,2012-10-30,0.3557251938767733,1
138333,2012-10-30,0.1464813155472687,1
138334,2012-10-30,0.38431446221639953,1
138335,2012-10-30,0.17492937896571706,0
138336,2012-10-30,0.21861325708424653,0
138337,2012-10-30,0.4330966629555833,1
138338,2012-10-30,0.39027143421716354,0
138339,2012-10-30,0.5513710692782938,0
138340,2012-10-30,0.3611831239705864,0
138341,2012-10-30,0.3530697461182392,0
138342,2012-10-30,0.5715729497863777,1
138343,2012-10-30,0.17111626109995395,0
138344,2012-10-30,0.4116901912522916,1
138345,2012-10-30,0.6718054338567561,0
138346,2012-10-30,0.5553584713561018,0
138347,2012-10-30,0.14293009458653955,0
138348,2012-10-30,0.2958838299420728,0
138349,2012-10-30,0.6138013707201976,0
138350,2012-10-30,0.35894952562067894,1
138351,2012-10-30,0.2593489825638528,0
138352,2012-10-30,0.16952155828516274,0
138353,2012-10-30,0.49574549135895934,0
138354,2012-10-30,0.46729491283186475,0
138355,2012-10-30,0.48804275909427103,1
138356,2012-10-30,0.15178544985929912,0
138357,2012-10-30,0.573652964557146,1
138358,2012-10-30,0.2936934358642059,0
138359,2012-10-30,0.13011930882340159,0
138360,2012-10-30,0.44226404690360893,1
138361,2012-10-30,0.35590412398747995,0
138362,2012-10-30,0.4703987452256439,0
138363,2012-10-30,0.4049820293573126,0
138364,2012-10-30,0.21475863641951334,0
138365,2012-10-30,0.37209476007036013,0
138366,2012-10-30,0.5249629282951285,1
138367,2012-10-30,0.5289750991459027,0
138368,2012-10-30,0.4187373428243191,1
138369,2012-10-30,0.3780916161614836,1
138370,2012-10-30,0.35662935454841366,0
138371,2012-10-30,0.24296868794804025,1
138372,2012-10-30,0.3858013590905831,0
138373,2012-10-30,0.18609971668514794,1
138374,2012-10-30,0.3904419191489768,0
138375,2012-10-30,0.31437833501092427,1
138376,2012-10-30,0.3355626611300993,1
138377,2012-10-30,0.42477575625760766,0
138378,2012-10-30,0.42081307263856343,0
138379,2012-10-30,0.31874108459086736,0
138380,2012-10-30,0.4123020901257196,1
138381,2012-10-30,0.40683257542076723,0
138382,2012-10-30,0.2781293929029141,1
138383,2012-10-30,0.5489928069428175,1
138384,2012-10-30,0.40735083955229795,1
138385,2012-10-30,0.38641108628371024,0
138386,2012-10-30,0.21791594428290162,1
138387,2012-10-30,0.5094204731228682,1
138388,2012-10-30,0.39813640719898363,0
138389,2012-10-30,0.6533964183269921,0
138390,2012-10-30,0.4839328590480321,0
138391,2012-10-30,0.44186420567739393,0
138392,2012-10-30,0.24427932467175958,0
138393,2012-10-30,0.5185526276449772,0
138394,2012-10-30,0.29375788655808244,1
138395,2012-10-30,0.5477963367510394,0
138396,2012-10-30,0.1428334017950845,0
138397,2012-10-30,0.5354243057921104,0
138398,2012-10-30,0.6320376497287121,1
138399,2012-10-30,0.3556102479288718,1
138400,2012-10-30,0.3968971681855773,1
138401,2012-10-30,0.1536245286828226,0
138402,2012-10-30,0.22640629442658125,0
138403,2012-10-30,0.2240828520969803,1
138404,2012-10-31,0.35584299293174665,0
138405,2012-10-31,0.2483483416386931,0
138406,2012-10-31,0.27497207478647623,0
138407,2012-10-31,0.4661162377440626,1
138408,2012-10-31,0.285228233944463,1
138409,2012-10-31,0.6459046793918061,1
138410,2012-10-31,0.2026455859431189,0
138411,2012-10-31,0.39745053000416575,0
138412,2012-10-31,0.33740116873111853,0
138413,2012-10-31,0.24933108768361575,0
138414,2012-10-31,0.30179241047267347,0
138415,2012-10-31,0.30348318117086714,0
138416,2012-10-31,0.23736744270425428,0
138417,2012-10-31,0.3799794876252988,0
138418,2012-10-31,0.41801861757968106,0
138419,2012-10-31,0.49548891008148804,1
138420,2012-10-31,0.3479715394626257,1
138421,2012-10-31,0.31222359663056526,0
138422,2012-10-31,0.39115048535918895,1
138423,2012-10-31,0.24730798343509006,0
138424,2012-10-31,0.39146424046431105,0
138425,2012-10-31,0.19525804962438048,0
138426,2012-10-31,0.1858791281745,0
138427,2012-10-31,0.18667774143152435,0
138428,2012-10-31,0.511012910521851,1
138429,2012-10-31,0.2851071870643915,0
138430,2012-10-31,0.5585486734544179,1
138431,2012-10-31,0.401736889030671,1
138432,2012-10-31,0.4076989650205029,0
138433,2012-10-31,0.39241552108327815,1
138434,2012-10-31,0.30027222509128615,1
138435,2012-10-31,0.16435667983727054,0
138436,2012-10-31,0.419908220474974,0
138437,2012-10-31,0.5044124801367774,1
138438,2012-10-31,0.3868746814348879,1
138439,2012-10-31,0.22054009138898137,0
138440,2012-10-31,0.3903073456700611,0
138441,2012-10-31,0.4973848790578616,0
138442,2012-10-31,0.34615627911460123,0
138443,2012-10-31,0.7573088944607006,0
138444,2012-10-31,0.47681992929313655,1
138445,2012-10-31,0.22656023170883802,0
138446,2012-10-31,0.5101752062679672,0
138447,2012-10-31,0.3868150762166976,0
138448,2012-10-31,0.32326043032624846,1
138449,2012-10-31,0.23741169553409966,0
138450,2012-10-31,0.382636600121041,1
138451,2012-10-31,0.6119850093231829,1
138452,2012-10-31,0.3019453723597163,0
138453,2012-10-31,0.3220389781479524,1
138454,2012-10-31,0.21790140852124315,0
138455,2012-10-31,0.40041293671159806,1
138456,2012-10-31,0.4336384647254856,1
138457,2012-10-31,0.4306710309141348,0
138458,2012-10-31,0.37145269568437334,1
138459,2012-10-31,0.2568099112503138,0
138460,2012-10-31,0.3747508059439917,1
138461,2012-10-31,0.2797326188057948,0
138462,2012-10-31,0.2548749255310606,0
138463,2012-10-31,0.2150739529525508,0
138464,2012-10-31,0.2562592382928657,0
138465,2012-10-31,0.2877123329961198,1
138466,2012-10-31,0.5576508875791668,0
138467,2012-10-31,0.13332500696416724,0
138468,2012-10-31,0.5712375410409539,1
138469,2012-10-31,0.34978408965785834,0
138470,2012-10-31,0.3016900354366456,0
138471,2012-10-31,0.25818505928478375,1
138472,2012-10-31,0.3433587992580577,0
138473,2012-10-31,0.30958600336602876,0
138474,2012-10-31,0.1484105074833266,0
138475,2012-10-31,0.2556407634967966,0
138476,2012-10-31,0.3495116176212698,0
138477,2012-10-31,0.45546564397157163,1
138478,2012-10-31,0.14878502831262758,1
138479,2012-10-31,0.4193520475144792,1
138480,2012-10-31,0.23749762924547255,0
138481,2012-10-31,0.3708782171828138,0
138482,2012-10-31,0.6644528839963749,0
138483,2012-10-31,0.28026875652365246,0
138484,2012-10-31,0.38930632525562925,0
138485,2012-10-31,0.27989057293403513,0
138486,2012-10-31,0.1702011987709319,0
138487,2012-10-31,0.31495305305470683,0
138488,2012-10-31,0.25762952019825874,0
138489,2012-10-31,0.4684775990606437,1
138490,2012-10-31,0.34717008242709374,0
138491,2012-10-31,0.148300657378306,0
138492,2012-10-31,0.21812368291727335,0
138493,2012-10-31,0.30718271304480615,0
138494,2012-10-31,0.2556762925385487,0
138495,2012-10-31,0.2622846138718574,0
138496,2012-10-31,0.24137052498536749,0
138497,2012-10-31,0.3106355426261472,0
138498,2012-10-31,0.18371198618697243,1
138499,2012-10-31,0.2165765194587822,0
138500,2012-10-31,0.47743014570783704,0
138501,2012-10-31,0.4777108327199793,0
138502,2012-10-31,0.2841642699862957,0
138503,2012-10-31,0.1461953148526591,0
138504,2012-10-31,0.29716358947798516,0
138505,2012-10-31,0.2726887178925503,0
138506,2012-10-31,0.31269836063476647,1
138507,2012-10-31,0.2924401075405259,0
138508,2012-10-31,0.3650150161491062,0
138509,2012-10-31,0.44632346191191546,0
138510,2012-10-31,0.7083905621756477,0
138511,2012-10-31,0.277302830517234,1
138512,2012-10-31,0.38722222464855827,0
138513,2012-10-31,0.6457281701384686,0
138514,2012-10-31,0.24489707987033457,1
138515,2012-10-31,0.26684476039783445,1
138516,2012-10-31,0.4455763546913954,1
138517,2012-10-31,0.377360533291032,0
138518,2012-10-31,0.1850523458697513,0
138519,2012-10-31,0.3594208199940121,0
138520,2012-10-31,0.21775883759702525,0
138521,2012-10-31,0.3097768902307572,0
138522,2012-10-31,0.2893063137189966,0
138523,2012-10-31,0.22919675326782338,0
138524,2012-10-31,0.323352226787081,1
138525,2012-10-31,0.4200041028623856,0
138526,2012-10-31,0.2562097560969712,0
138527,2012-10-31,0.4160083253331493,0
138528,2012-10-31,0.23727696939716564,0
138529,2012-10-31,0.13823411174819855,0
138530,2012-10-31,0.39376552172738616,1
138531,2012-10-31,0.30422214256310237,1
138532,2012-10-31,0.1605002363052375,0
138533,2012-10-31,0.14480067180656744,0
138534,2012-10-31,0.33833593659711875,0
138535,2012-10-31,0.40520716063964707,0
138536,2012-10-31,0.5712131432383871,1
138537,2012-10-31,0.481761918820611,1
138538,2012-10-31,0.45454231976389703,0
138539,2012-10-31,0.5234670571887067,0
138540,2012-10-31,0.387715395834978,0
138541,2012-10-31,0.352775994394854,0
138542,2012-10-31,0.4639102087048734,1
138543,2012-10-31,0.507219491336113,0
138544,2012-10-31,0.574333875659513,1
138545,2012-10-31,0.2940492463722139,0
138546,2012-10-31,0.556690879058798,0
138547,2012-10-31,0.46639102157679985,0
138548,2012-11-01,0.5675490939477628,1
138549,2012-11-01,0.28914025938534826,0
138550,2012-11-01,0.3712790645086839,0
138551,2012-11-01,0.15233329834489193,0
138552,2012-11-01,0.3263345964493862,0
138553,2012-11-01,0.39570363330443525,0
138554,2012-11-01,0.5902985284567831,0
138555,2012-11-01,0.40941170283122635,1
138556,2012-11-01,0.4791178328997372,0
138557,2012-11-01,0.31695705300076915,0
138558,2012-11-01,0.2803340824555731,0
138559,2012-11-01,0.1944113918051639,1
138560,2012-11-01,0.2530694734426535,0
138561,2012-11-01,0.271850590685076,0
138562,2012-11-01,0.15840966942393497,0
138563,2012-11-01,0.31504586286506725,1
138564,2012-11-01,0.47209233680337137,1
138565,2012-11-01,0.310834042268748,0
138566,2012-11-01,0.40390621705361,0
138567,2012-11-01,0.22065391453256403,0
138568,2012-11-01,0.3407236333555065,1
138569,2012-11-01,0.428629282581166,0
138570,2012-11-01,0.2393271763515285,0
138571,2012-11-01,0.28528642401130255,1
138572,2012-11-01,0.6270510255359014,1
138573,2012-11-01,0.6256626567585015,0
138574,2012-11-01,0.3887656829983836,1
138575,2012-11-01,0.35397113191839175,0
138576,2012-11-01,0.5246228266004853,0
138577,2012-11-01,0.5036202034838715,1
138578,2012-11-01,0.41685377478988467,1
138579,2012-11-01,0.28195186330018795,0
138580,2012-11-01,0.29261731841571964,0
138581,2012-11-01,0.4376443851235414,1
138582,2012-11-01,0.29312569238721714,0
138583,2012-11-01,0.2823185092032806,0
138584,2012-11-01,0.42737202370896127,0
138585,2012-11-01,0.27155125196136165,0
138586,2012-11-01,0.28871293207976234,0
138587,2012-11-01,0.3280488988143812,0
138588,2012-11-01,0.08536186508562649,0
138589,2012-11-01,0.42217274333924204,0
138590,2012-11-01,0.5004316111439716,0
138591,2012-11-01,0.3129775303468318,0
138592,2012-11-01,0.5174997898347408,0
138593,2012-11-01,0.24606797944316483,1
138594,2012-11-01,0.3285382550023967,1
138595,2012-11-01,0.3364759089300616,0
138596,2012-11-01,0.2798199037737099,0
138597,2012-11-01,0.2366415294269599,0
138598,2012-11-01,0.39266817607937743,1
138599,2012-11-01,0.45078844851752514,0
138600,2012-11-01,0.3039831210145662,0
138601,2012-11-01,0.484171833890651,0
138602,2012-11-01,0.18014617566591204,0
138603,2012-11-01,0.11777073314653115,0
138604,2012-11-01,0.438996890126446,1
138605,2012-11-01,0.26948903429980775,0
138606,2012-11-01,0.5472214178844494,1
138607,2012-11-01,0.5243355186171695,0
138608,2012-11-01,0.3129687433537131,1
138609,2012-11-01,0.4169241104224659,0
138610,2012-11-01,0.42215092754980293,0
138611,2012-11-01,0.36693018942487304,1
138612,2012-11-01,0.13356849788496009,0
138613,2012-11-01,0.20166142927614036,0
138614,2012-11-01,0.310676134378637,0
138615,2012-11-01,0.41669767868283275,0
138616,2012-11-01,0.49055870649437977,0
138617,2012-11-01,0.36784417772057487,1
138618,2012-11-01,0.37861391400619776,0
138619,2012-11-01,0.4596015584916381,0
138620,2012-11-01,0.22259986765662412,0
138621,2012-11-01,0.4540894615375689,1
138622,2012-11-01,0.3149320884860762,1
138623,2012-11-01,0.4420980435113524,0
138624,2012-11-01,0.3498105848571961,1
138625,2012-11-01,0.2928759057275661,0
138626,2012-11-01,0.5183652517609991,1
138627,2012-11-01,0.4497437642268602,1
138628,2012-11-01,0.3104100700092049,0
138629,2012-11-01,0.37928083145486735,0
138630,2012-11-01,0.30436574564698554,0
138631,2012-11-01,0.44571353786145873,0
138632,2012-11-01,0.3623855216796107,1
138633,2012-11-01,0.24704020884627895,0
138634,2012-11-01,0.3733131583515338,1
138635,2012-11-01,0.2057251172638443,0
138636,2012-11-01,0.42885508374359765,1
138637,2012-11-01,0.2628796750828692,0
138638,2012-11-01,0.36255212833039374,0
138639,2012-11-01,0.3344584007566937,1
138640,2012-11-01,0.25906888082942775,0
138641,2012-11-01,0.4396284563727791,0
138642,2012-11-01,0.22937590025595286,0
138643,2012-11-01,0.3661327517059986,0
138644,2012-11-01,0.3732969837698452,0
138645,2012-11-01,0.3102684653261911,0
138646,2012-11-01,0.326504133209032,0
138647,2012-11-01,0.39400069008203575,0
138648,2012-11-01,0.17467072591982594,0
138649,2012-11-01,0.17706693296733145,0
138650,2012-11-01,0.4024439865992384,0
138651,2012-11-01,0.37559669572962956,0
138652,2012-11-01,0.20366440781780584,0
138653,2012-11-01,0.46198514032985655,1
138654,2012-11-01,0.5516182422927904,1
138655,2012-11-01,0.38607602659671486,0
138656,2012-11-01,0.23995987625435267,0
138657,2012-11-01,0.3840064270192026,1
138658,2012-11-01,0.5322406302526573,0
138659,2012-11-01,0.2214086947823944,0
138660,2012-11-01,0.11681644805463778,0
138661,2012-11-01,0.38863752139984753,1
138662,2012-11-01,0.7017829538382175,1
138663,2012-11-01,0.29966182241895795,0
138664,2012-11-01,0.2246829499342142,0
138665,2012-11-01,0.46706470226112073,0
138666,2012-11-01,0.23595453530620492,0
138667,2012-11-01,0.2589065320646496,0
138668,2012-11-01,0.4980311603734828,0
138669,2012-11-01,0.32398403363205747,0
138670,2012-11-01,0.3970297840517838,1
138671,2012-11-01,0.3532594087472803,0
138672,2012-11-01,0.3632281837556074,0
138673,2012-11-01,0.5121883245920071,1
138674,2012-11-01,0.3450128424621539,0
138675,2012-11-01,0.5029293857087894,0
138676,2012-11-01,0.3999124788378814,1
138677,2012-11-01,0.3737000574144243,0
138678,2012-11-01,0.7345854472364779,0
138679,2012-11-01,0.344521984200458,0
138680,2012-11-01,0.23383707312719693,0
138681,2012-11-01,0.17144970285663938,0
138682,2012-11-01,0.3223379335241818,0
138683,2012-11-01,0.3167946286193129,0
138684,2012-11-01,0.27005815900936747,1
138685,2012-11-01,0.4749889402230134,0
138686,2012-11-01,0.16125760141828693,0
138687,2012-11-01,0.62387326234987,0
138688,2012-11-01,0.46880247096570427,1
138689,2012-11-01,0.5626090432153119,0
138690,2012-11-01,0.6236952153779102,1
138691,2012-11-01,0.2960307899788932,1
138692,2012-11-01,0.1783117007942716,0
138693,2012-11-01,0.3943336406671003,1
138694,2012-11-01,0.3752689821381039,0
138695,2012-11-01,0.5871839556634344,0
138696,2012-11-01,0.420344444145316,0
138697,2012-11-01,0.16486418771357694,0
138698,2012-11-01,0.6662972412779709,1
138699,2012-11-01,0.2073449323324582,0
138700,2012-11-01,0.3446016644057616,0
138701,2012-11-01,0.3824885496906739,1
138702,2012-11-01,0.34232180282725955,0
138703,2012-11-01,0.4355565089270819,0
138704,2012-11-01,0.4676309845608647,1
138705,2012-11-01,0.4303868585305008,0
138706,2012-11-01,0.5473084981443865,1
138707,2012-11-01,0.3928420144830028,1
138708,2012-11-01,0.3633021356867592,0
138709,2012-11-01,0.5807780791375577,0
138710,2012-11-01,0.24526582426770516,0
138711,2012-11-01,0.5982985032441337,0
138712,2012-11-01,0.5133948682506332,0
138713,2012-11-01,0.340918957988336,1
138714,2012-11-01,0.3969837065947242,0
138715,2012-11-01,0.391302312867356,0
138716,2012-11-01,0.23076704891431554,0
138717,2012-11-01,0.33677344874932813,0
138718,2012-11-01,0.2665113001246402,0
138719,2012-11-01,0.30358872138186976,0
138720,2012-11-01,0.3385818133684783,0
138721,2012-11-01,0.2620062405483731,0
138722,2012-11-01,0.2716868994581248,0
138723,2012-11-01,0.28726216315825476,0
138724,2012-11-01,0.5256900365919537,0
138725,2012-11-01,0.4095004352463728,1
138726,2012-11-01,0.4108673031710883,0
138727,2012-11-01,0.41083862294216694,1
138728,2012-11-01,0.42851067286234246,0
138729,2012-11-01,0.2316527303542866,0
138730,2012-11-01,0.29092399868505475,0
138731,2012-11-01,0.3723582315612839,1
138732,2012-11-01,0.28549050293907907,1
138733,2012-11-01,0.19350824197204808,0
138734,2012-11-01,0.15826473290123608,0
138735,2012-11-01,0.33093571829429697,1
138736,2012-11-01,0.2662039662015558,1
138737,2012-11-01,0.30380305296370735,0
138738,2012-11-01,0.4886957020702141,0
138739,2012-11-01,0.45950997534519356,1
138740,2012-11-01,0.26977349812839224,0
138741,2012-11-01,0.37103815011428826,1
138742,2012-11-01,0.10519033747817866,0
138743,2012-11-01,0.35566145039704866,1
138744,2012-11-01,0.4400618952829232,0
138745,2012-11-01,0.4855905435311292,1
138746,2012-11-01,0.45443731964040973,0
138747,2012-11-01,0.22292127398006173,1
138748,2012-11-01,0.651720953894012,0
138749,2012-11-01,0.4048109815074739,0
138750,2012-11-01,0.30328212335297633,0
138751,2012-11-01,0.20121740968079532,0
138752,2012-11-01,0.35722736263771265,0
138753,2012-11-01,0.5826514234526274,1
138754,2012-11-01,0.21693615761640359,0
138755,2012-11-01,0.41731980106092026,0
138756,2012-11-01,0.305697779945949,0
138757,2012-11-01,0.5035973463482281,0
138758,2012-11-01,0.3431476001455358,0
138759,2012-11-01,0.27682658051956055,1
138760,2012-11-01,0.6069225352396846,0
138761,2012-11-01,0.4953554128067956,0
138762,2012-11-01,0.15044524276051327,1
138763,2012-11-01,0.14368540415135278,0
138764,2012-11-01,0.603550408597318,0
138765,2012-11-01,0.4591079403362511,1
138766,2012-11-01,0.2989958014868243,1
138767,2012-11-01,0.17782696624159902,0
138768,2012-11-01,0.5856020795481374,0
138769,2012-11-01,0.2046305706820823,0
138770,2012-11-01,0.3296424151767744,0
138771,2012-11-01,0.4273717511177072,0
138772,2012-11-01,0.4102902633138507,1
138773,2012-11-01,0.16900973758867793,0
138774,2012-11-01,0.39695803091930365,0
138775,2012-11-01,0.2535260375718446,0
138776,2012-11-01,0.4185308889422742,1
138777,2012-11-01,0.27888647040588543,0
138778,2012-11-01,0.637579862096559,0
138779,2012-11-01,0.33611583173479836,1
138780,2012-11-01,0.2672201621644424,0
138781,2012-11-01,0.25493403535249193,0
138782,2012-11-01,0.3243423626166734,0
138783,2012-11-01,0.42106894992866145,1
138784,2012-11-01,0.6555051873689843,1
138785,2012-11-01,0.44954811738038725,1
138786,2012-11-01,0.33720653760622027,0
138787,2012-11-01,0.3442615822468268,0
138788,2012-11-01,0.2700364139078923,0
138789,2012-11-01,0.4406896602835582,0
138790,2012-11-01,0.5753903741978328,0
138791,2012-11-01,0.1683869870226174,0
138792,2012-11-01,0.3733903592820376,0
138793,2012-11-01,0.4213964114690807,0
138794,2012-11-01,0.2714395188994844,1
138795,2012-11-01,0.24958120489444124,1
138796,2012-11-01,0.30700721378376117,0
