,date,y_proba,y_true
28614,2011-12-02,0.1808669884415292,0
28615,2011-12-02,0.27082381614919954,1
28616,2011-12-02,0.16338184908174774,0
28617,2011-12-02,0.1493955689754036,0
28618,2011-12-02,0.49330802293765885,0
28619,2011-12-02,0.3701420818587606,0
28620,2011-12-02,0.32179788910025126,0
28621,2011-12-02,0.2521883981854037,1
28622,2011-12-02,0.38047008834175916,1
28623,2011-12-02,0.2849202346134959,0
28624,2011-12-02,0.38109668342761005,1
28625,2011-12-02,0.3387272567286583,0
28626,2011-12-02,0.40629861466325123,0
28627,2011-12-02,0.24256985919547006,1
28628,2011-12-02,0.14039744691870074,0
28629,2011-12-02,0.4365138824716347,0
28630,2011-12-02,0.25235541094274055,0
28631,2011-12-02,0.23679386758739396,0
28632,2011-12-02,0.22719616921624405,0
28633,2011-12-02,0.4318633198010702,0
28634,2011-12-02,0.18241918466048015,0
28635,2011-12-02,0.4322586584757104,0
28636,2011-12-02,0.35448161137495854,0
28637,2011-12-02,0.18721732559212143,0
28638,2011-12-02,0.289311557545273,0
28639,2011-12-02,0.3215807455523663,0
28640,2011-12-02,0.18307205411415284,0
28641,2011-12-02,0.20801259892614316,0
28642,2011-12-02,0.6262385796745656,1
28643,2011-12-02,0.36785272932161706,0
28644,2011-12-02,0.48103726144760084,0
28645,2011-12-02,0.19468588786050187,0
28646,2011-12-02,0.6644528478748475,1
28647,2011-12-02,0.22363613629077544,0
28648,2011-12-02,0.5069991854285563,0
28649,2011-12-02,0.31490573792457993,0
28650,2011-12-02,0.2676561913851667,0
28651,2011-12-02,0.29893028601057325,1
28652,2011-12-02,0.30309913710916897,0
28653,2011-12-02,0.3349732124964138,1
28654,2011-12-02,0.29165196911184355,0
28655,2011-12-02,0.11599536700464164,0
28656,2011-12-02,0.2899056615192415,0
28657,2011-12-02,0.271385885110321,0
28658,2011-12-02,0.19134451130561309,0
28659,2011-12-02,0.343371122290717,0
28660,2011-12-02,0.23900396420711972,0
28661,2011-12-02,0.2950722564287607,0
28662,2011-12-02,0.16033189762626948,0
28663,2011-12-02,0.17972739521877223,0
28664,2011-12-02,0.2941950963479519,0
28665,2011-12-02,0.35713937931982004,0
28666,2011-12-02,0.23258227474625864,0
28667,2011-12-02,0.3261034683594395,0
28668,2011-12-02,0.539383915551869,1
28669,2011-12-02,0.4406001939356799,0
28670,2011-12-02,0.4354540768168923,0
28671,2011-12-02,0.3724796529692219,0
28672,2011-12-02,0.24086413190031997,0
28673,2011-12-02,0.3932087743804271,0
28674,2011-12-02,0.4479021122829878,0
28675,2011-12-02,0.3823165431368725,0
28676,2011-12-02,0.3292258863698052,0
28677,2011-12-02,0.557391632212,1
28678,2011-12-02,0.2238379845849133,0
28679,2011-12-02,0.5532403834607045,1
28680,2011-12-02,0.5007747303918629,0
28681,2011-12-02,0.5419962739530441,1
28682,2011-12-02,0.43758302935118115,1
28683,2011-12-02,0.37107558831926396,1
28684,2011-12-02,0.21353106551912185,0
28685,2011-12-02,0.35894554678165747,1
28686,2011-12-02,0.39531735005519447,0
28687,2011-12-02,0.29752177606006963,0
28688,2011-12-02,0.5082971298097194,1
28689,2011-12-02,0.23615762649578906,0
28690,2011-12-02,0.4640346055782782,0
28691,2011-12-02,0.575084414373799,0
28692,2011-12-02,0.3992719843824522,0
28693,2011-12-02,0.5887637343010097,0
28694,2011-12-02,0.11659097528398138,0
28695,2011-12-02,0.4132939461549374,0
28696,2011-12-02,0.19797061907947736,0
28697,2011-12-02,0.24630179700076665,0
28698,2011-12-02,0.15313562524822216,0
28699,2011-12-02,0.2841130244323761,0
28700,2011-12-02,0.20147990159951273,0
28701,2011-12-02,0.30942109294854603,1
28702,2011-12-02,0.3110377533113488,0
28703,2011-12-02,0.150733238304427,0
28704,2011-12-02,0.3663652016108441,1
28705,2011-12-02,0.26825976202845303,0
28706,2011-12-02,0.20273566068091148,0
28707,2011-12-02,0.3420038940378478,1
28708,2011-12-02,0.25958546495737606,0
28709,2011-12-02,0.11918577936894137,0
28710,2011-12-02,0.1617117195670017,0
28711,2011-12-02,0.3472535985254234,0
28712,2011-12-02,0.22590651007258342,0
28713,2011-12-02,0.42039480731207396,0
28714,2011-12-02,0.4012136888605955,0
28715,2011-12-02,0.4398792037433119,0
28716,2011-12-02,0.1676213620041963,0
28717,2011-12-02,0.2574704089646652,0
28718,2011-12-02,0.5903790661919569,0
28719,2011-12-02,0.42077683751056527,0
28720,2011-12-02,0.399811264308051,0
28721,2011-12-02,0.15011777257099704,0
28722,2011-12-02,0.347029823768522,0
28723,2011-12-02,0.5027546316620968,0
28724,2011-12-02,0.1735812441429025,0
28725,2011-12-02,0.21158733713703615,1
28726,2011-12-02,0.26796338623304705,0
28727,2011-12-02,0.34454213311781545,0
28728,2011-12-02,0.5573575658122673,0
28729,2011-12-02,0.3360806987748473,0
28730,2011-12-02,0.2464558461987099,0
28731,2011-12-02,0.2081985864104227,0
28732,2011-12-02,0.17146107978965802,0
28733,2011-12-02,0.2868895039183712,1
28734,2011-12-02,0.27602199075693895,0
28735,2011-12-02,0.17816858303398503,0
28736,2011-12-02,0.3852809645045644,0
28737,2011-12-02,0.1964851865823737,0
28738,2011-12-02,0.5328130828844947,0
28739,2011-12-02,0.2548739356425583,0
28740,2011-12-02,0.17008765328265651,0
28741,2011-12-02,0.4500138517635921,1
28742,2011-12-02,0.2104621343388372,0
28743,2011-12-02,0.35966846809837455,0
28744,2011-12-02,0.1568785655415397,0
28745,2011-12-02,0.44798071756123287,0
28746,2011-12-02,0.19845514151055618,0
28747,2011-12-02,0.2765619411068362,0
28748,2011-12-02,0.26783448965027573,0
28749,2011-12-02,0.19521344032841742,0
28750,2011-12-02,0.21325735454303493,0
28751,2011-12-02,0.21606504027538914,0
28752,2011-12-02,0.17062383002316334,0
28753,2011-12-02,0.29191032601532124,0
28754,2011-12-02,0.3541848402087703,0
28755,2011-12-02,0.40397657314144725,0
28756,2011-12-02,0.23948771947375902,0
28757,2011-12-02,0.25765105959872775,0
28758,2011-12-02,0.3736879833598266,0
28759,2011-12-02,0.47825984645305725,0
28760,2011-12-02,0.2932189359086073,1
28761,2011-12-02,0.30972072781202914,0
28762,2011-12-02,0.4426350510737385,0
28763,2011-12-02,0.35316874922258223,0
28764,2011-12-02,0.4045330403547731,1
28765,2011-12-02,0.31823788654976387,0
28766,2011-12-02,0.1748936401937106,0
28767,2011-12-02,0.4388280359126218,0
28768,2011-12-02,0.28740340023212246,0
28769,2011-12-02,0.30870063989786534,0
28770,2011-12-02,0.3684372137607139,0
28771,2011-12-02,0.2475417352841143,0
28772,2011-12-02,0.2544406294160392,0
28773,2011-12-02,0.42982048619360996,1
28774,2011-12-02,0.4272650583767873,0
28775,2011-12-02,0.23783788673989834,0
28776,2011-12-02,0.3258946100302396,0
28777,2011-12-02,0.30708378231327726,0
28778,2011-12-02,0.23742627574770092,0
28779,2011-12-02,0.2309591437751157,0
28780,2011-12-02,0.34088927828509086,0
28781,2011-12-02,0.209312621381609,0
28782,2011-12-02,0.3708412634176615,0
28783,2011-12-02,0.2596959734717681,0
28784,2011-12-02,0.3255070116540829,0
28785,2011-12-02,0.27567105534305875,0
28786,2011-12-02,0.16406296103067308,0
28787,2011-12-02,0.12970099193036955,0
28788,2011-12-02,0.3169718017105038,0
28789,2011-12-02,0.31725703746551837,0
28790,2011-12-02,0.3693865446905896,0
28791,2011-12-02,0.2544613442160218,0
28792,2011-12-02,0.25175650057276866,0
28793,2011-12-02,0.21566817794557933,0
28794,2011-12-02,0.2706295385089457,1
28795,2011-12-02,0.2997627538390546,0
28796,2011-12-02,0.2978141583888627,0
28797,2011-12-02,0.20282633423475266,0
28798,2011-12-02,0.2106483322972993,0
28799,2011-12-02,0.4087673862417189,0
28800,2011-12-02,0.4045450998678905,0
28801,2011-12-02,0.24015402077560813,0
28802,2011-12-02,0.2181679179616187,0
28803,2011-12-02,0.19803849807732668,0
28804,2011-12-02,0.391330264353745,0
28805,2011-12-02,0.11706266860296884,0
28806,2011-12-02,0.5892574832044881,1
28807,2011-12-02,0.3042014515891861,0
28808,2011-12-02,0.21054884223615972,0
28809,2011-12-02,0.41226039357891037,0
28810,2011-12-02,0.41541579351541275,1
28811,2011-12-02,0.34694047059296923,1
28812,2011-12-02,0.2544682638643296,1
28813,2011-12-02,0.33786397047262606,0
28814,2011-12-02,0.2916428827009693,0
28815,2011-12-02,0.21387833494445477,0
28816,2011-12-02,0.3691201815876889,1
28817,2011-12-02,0.13283830120932016,0
28818,2011-12-02,0.20013361344548755,1
28819,2011-12-02,0.23600821545061404,0
28820,2011-12-02,0.16849595718514138,0
28821,2011-12-02,0.42413147163429027,1
28822,2011-12-02,0.2662334846604186,0
28823,2011-12-02,0.12036753244863366,0
28824,2011-12-02,0.15409540151834503,0
28825,2011-12-02,0.3359158243779973,1
28826,2011-12-02,0.2707091481678372,0
28827,2011-12-02,0.49070581587630124,1
28828,2011-12-02,0.34632963897369246,0
28829,2011-12-02,0.30841371503265164,1
28830,2011-12-02,0.2556576827235669,1
28831,2011-12-02,0.2946612912641558,0
28832,2011-12-02,0.3397671223016742,0
28833,2011-12-02,0.12158040633605886,0
28834,2011-12-02,0.3866203750829763,0
28835,2011-12-02,0.2274756440981664,1
28836,2011-12-02,0.2449078306475004,0
28837,2011-12-02,0.18550480685952664,0
28838,2011-12-02,0.29294037110305077,1
28839,2011-12-02,0.14903597722880893,0
28840,2011-12-02,0.25135643133166885,1
28841,2011-12-02,0.2830475485719297,0
28842,2011-12-02,0.24076664026286254,0
28843,2011-12-02,0.2899313273296941,0
28844,2011-12-02,0.12200524772337783,1
28845,2011-12-02,0.1690235376994361,0
28846,2011-12-02,0.33710403774015063,1
28847,2011-12-02,0.3475243634328933,0
28848,2011-12-02,0.3003233476633601,0
28849,2011-12-02,0.30222708826398065,0
28850,2011-12-02,0.37149491690404907,0
28851,2011-12-02,0.3965154218760253,0
28852,2011-12-02,0.177962702722497,0
28853,2011-12-02,0.15791019980567575,0
28854,2011-12-02,0.17560513936986424,0
28855,2011-12-02,0.1905543274235037,0
28856,2011-12-02,0.32360179583687154,0
28857,2011-12-02,0.1441525732428426,0
28858,2011-12-02,0.22712046586216555,0
28859,2011-12-02,0.34039391724902196,0
28860,2011-12-02,0.41262268099215893,1
28861,2011-12-02,0.27477901243473807,0
28862,2011-12-02,0.45762954310377874,0
28863,2011-12-02,0.29295731850454554,0
28864,2011-12-02,0.38531295922656594,1
28865,2011-12-02,0.2953067868683619,0
28866,2011-12-02,0.32966619520347856,0
28867,2011-12-02,0.45546401700454714,0
28868,2011-12-02,0.2902421954494101,0
28869,2011-12-02,0.34889195477866314,0
28870,2011-12-02,0.2754211593479293,0
28871,2011-12-02,0.22750580197705936,0
28872,2011-12-02,0.1450908783833044,0
28873,2011-12-02,0.2650641202937169,0
28874,2011-12-02,0.27776145080508746,0
28875,2011-12-02,0.28174707300907154,0
28876,2011-12-02,0.49234709500372764,1
28877,2011-12-02,0.19092612760034738,0
28878,2011-12-02,0.16604641612748824,0
28879,2011-12-02,0.186495133052266,0
28880,2011-12-02,0.4314133964093493,0
28881,2011-12-02,0.37416138518323383,0
28882,2011-12-02,0.645371389922071,1
28883,2011-12-02,0.22714573578818809,0
28884,2011-12-02,0.37652265096012927,1
28885,2011-12-02,0.22693404457575228,0
28886,2011-12-02,0.4061409308529997,1
28887,2011-12-02,0.2963378054536355,0
28888,2011-12-02,0.27420862844062455,1
28889,2011-12-02,0.18804073739249497,0
28890,2011-12-02,0.19002842230613126,0
28891,2011-12-02,0.3083349859134472,1
28892,2011-12-02,0.16835945869379276,0
28893,2011-12-02,0.5263989959079501,0
28894,2011-12-02,0.25452256877157686,0
28895,2011-12-02,0.2454853577019498,1
28896,2011-12-02,0.4409602230158257,1
28897,2011-12-02,0.13360161742538182,0
28898,2011-12-02,0.26159510786395784,1
28899,2011-12-02,0.3335920472425303,0
28900,2011-12-02,0.20363664851849816,1
28901,2011-12-02,0.23708963010134115,0
28902,2011-12-02,0.35072894716112774,0
28903,2011-12-02,0.2883752459158826,0
28904,2011-12-02,0.27236812935017607,0
28905,2011-12-02,0.414363077824629,0
28906,2011-12-02,0.3310259168053349,1
28907,2011-12-02,0.3378074816969977,0
28908,2011-12-02,0.19886817026870113,1
28909,2011-12-02,0.2172359738049262,0
28910,2011-12-02,0.15310260697242567,0
28911,2011-12-02,0.2272079822261674,0
28912,2011-12-02,0.38765356245325505,1
28913,2011-12-02,0.3900215146155143,1
28914,2011-12-02,0.43093837038299965,1
28915,2011-12-02,0.28786508193165017,1
28916,2011-12-02,0.5878888801337574,1
28917,2011-12-02,0.27436701944384656,1
28918,2011-12-02,0.1811555140950742,1
28919,2011-12-02,0.2685017281514238,0
28920,2011-12-02,0.14812199536139922,0
28921,2011-12-02,0.32922191492006675,1
28922,2011-12-02,0.5355421404390278,1
28923,2011-12-02,0.2327621538260829,0
28924,2011-12-02,0.2038917638016228,0
28925,2011-12-02,0.2843614656673838,1
28926,2011-12-02,0.21249917796106652,0
28927,2011-12-02,0.42264968266521574,1
28928,2011-12-02,0.269380294798107,0
28929,2011-12-02,0.2537269717266791,0
28930,2011-12-02,0.40434895018579353,1
28931,2011-12-02,0.1669048863808427,0
28932,2011-12-02,0.3270793758515016,1
28933,2011-12-02,0.19876844663562349,0
28934,2011-12-02,0.44673314532162045,1
28935,2011-12-02,0.285011563085298,0
28936,2011-12-02,0.2912757621211634,1
28937,2011-12-02,0.39865420465353607,1
28938,2011-12-02,0.12551238616830426,0
28939,2011-12-02,0.22681951740501982,0
28940,2011-12-02,0.1249002985459443,0
28941,2011-12-02,0.37548671620915464,1
28942,2011-12-02,0.5778705173747709,1
28943,2011-12-02,0.3565551399243175,0
28944,2011-12-02,0.2638328044349554,0
28945,2011-12-02,0.30465855580358137,0
28946,2011-12-02,0.18535418519684543,0
28947,2011-12-02,0.1699317709228715,0
28948,2011-12-02,0.2349533148243448,0
28949,2011-12-02,0.3586925731596959,0
28950,2011-12-02,0.13358883593417456,0
28951,2011-12-02,0.2820517702452864,0
28952,2011-12-02,0.1855201562195621,0
28953,2011-12-02,0.20236005194471704,0
28954,2011-12-02,0.12028732440549908,0
28955,2011-12-02,0.1624018363143373,0
28956,2011-12-02,0.6126994848778534,0
28957,2011-12-02,0.5807179505379131,1
28958,2011-12-02,0.5635538269529662,1
28959,2011-12-02,0.1917488274188601,0
28960,2011-12-02,0.48211122663264533,1
28961,2011-12-02,0.3531773572275238,1
28962,2011-12-02,0.247986827876397,0
28963,2011-12-02,0.319987995022872,0
28964,2011-12-02,0.2638808639000424,0
28965,2011-12-02,0.28054092677458214,0
28966,2011-12-02,0.19022620867110818,0
28967,2011-12-02,0.40806529095371397,0
28968,2011-12-02,0.229307319190465,0
28969,2011-12-02,0.21315578373564587,0
28970,2011-12-02,0.09558702002491357,0
28971,2011-12-02,0.2874735829342173,0
28972,2011-12-02,0.4430945046386454,1
28973,2011-12-02,0.43730927101639444,1
28974,2011-12-02,0.3681258613197938,1
28975,2011-12-02,0.383960836375899,0
28976,2011-12-02,0.2586093012455307,0
28977,2011-12-02,0.365867059069509,0
28978,2011-12-02,0.5769986285174601,1
28979,2011-12-02,0.5325385576327574,0
28980,2011-12-02,0.18491814332888135,0
28981,2011-12-02,0.5881027260145087,0
28982,2011-12-02,0.3982752596741856,0
28983,2011-12-02,0.16020382175109216,0
28984,2011-12-02,0.3709965779166641,0
28985,2011-12-02,0.17224650844395115,0
28986,2011-12-02,0.1941182813727091,1
28987,2011-12-02,0.1571689056743003,0
28988,2011-12-02,0.28903122048005364,0
28989,2011-12-02,0.3175154578146266,0
28990,2011-12-02,0.1522776031328564,1
28991,2011-12-02,0.27726621148921354,0
28992,2011-12-02,0.31474703279002547,1
28993,2011-12-02,0.3421695349046233,1
28994,2011-12-02,0.32472011616861024,0
28995,2011-12-02,0.25668747044904455,0
28996,2011-12-02,0.14773849085289642,0
28997,2011-12-02,0.4800561720885801,1
28998,2011-12-02,0.2877134529204227,0
28999,2011-12-02,0.4340676880417412,0
29000,2011-12-02,0.23722392530647604,0
29001,2011-12-02,0.2589856458000915,0
29002,2011-12-02,0.2425860778784528,0
29003,2011-12-02,0.39156342685658846,0
29004,2011-12-02,0.2502684880936375,0
29005,2011-12-02,0.18497791346954787,0
29006,2011-12-02,0.19075026561116376,0
29007,2011-12-02,0.15278939287631696,0
29008,2011-12-02,0.43134603332145777,1
29009,2011-12-02,0.2724333100764652,0
29010,2011-12-02,0.2769041586705649,0
29011,2011-12-02,0.5413717876736832,1
29012,2011-12-02,0.16109178569746585,0
29013,2011-12-02,0.3563053551370311,1
29014,2011-12-02,0.20943333529198183,0
29015,2011-12-02,0.30396535062498786,0
29016,2011-12-02,0.31580293362428075,0
29017,2011-12-02,0.15230408398929418,0
29018,2011-12-02,0.1321065696596069,0
29019,2011-12-02,0.24490149506159106,1
29020,2011-12-02,0.187174565025518,0
29021,2011-12-02,0.3810395117115139,0
29022,2011-12-02,0.2172447139409995,1
29023,2011-12-02,0.34852461425365894,0
29024,2011-12-02,0.32505788075273095,0
29025,2011-12-02,0.2642274176911335,0
29026,2011-12-02,0.18927131985283724,0
29027,2011-12-02,0.1691994333394975,1
29028,2011-12-02,0.3456118353724991,0
29029,2011-12-02,0.22414888219631696,0
29030,2011-12-02,0.42584895905546993,0
29031,2011-12-02,0.3303704471232672,0
29032,2011-12-02,0.3057740567893195,0
29033,2011-12-02,0.23594103609612888,0
29034,2011-12-02,0.3603073994457272,0
29035,2011-12-02,0.6526727520425246,0
29036,2011-12-02,0.3056613326142436,0
29037,2011-12-02,0.32255451527237805,0
29038,2011-12-02,0.16859722164001512,0
29039,2011-12-02,0.3073921531152117,0
29040,2011-12-02,0.27117805951428053,0
29041,2011-12-02,0.3342442250123322,0
29042,2011-12-02,0.4120728794657061,0
29043,2011-12-02,0.4021825767960059,0
29044,2011-12-02,0.22149012788617142,0
29045,2011-12-02,0.38068271789944785,0
29046,2011-12-02,0.4400660261643573,0
29047,2011-12-02,0.27902144722784217,0
29048,2011-12-02,0.5218095269913272,1
29049,2011-12-02,0.2688836110226366,0
29050,2011-12-02,0.4147860148029507,1
29051,2011-12-02,0.597676400693667,0
29052,2011-12-02,0.5083662826446612,0
29053,2011-12-02,0.18158984530284783,0
29054,2011-12-02,0.3231726775058197,0
29055,2011-12-02,0.41248462269914327,0
29056,2011-12-02,0.11110491349060707,0
29057,2011-12-02,0.5348208566944226,1
29058,2011-12-02,0.23367889208975656,0
29059,2011-12-02,0.24702205529991744,1
29060,2011-12-02,0.41139812592460323,0
29061,2011-12-02,0.15125080797830662,0
29062,2011-12-02,0.27172105992375634,0
29063,2011-12-02,0.30834544838688327,0
29064,2011-12-02,0.23475063380280417,0
29065,2011-12-02,0.21993326274966332,0
29066,2011-12-02,0.17817287974478555,0
29067,2011-12-02,0.23541574055126185,0
29068,2011-12-02,0.18757531430135557,0
29069,2011-12-02,0.33267136241319945,0
29070,2011-12-02,0.47235176155923314,1
29071,2011-12-02,0.1404452657427822,0
29072,2011-12-02,0.20955981188195585,0
29073,2011-12-02,0.12150486150289963,0
29074,2011-12-02,0.2833786981422266,0
29075,2011-12-02,0.36245699831920675,1
29076,2011-12-02,0.3906788792135825,0
29077,2011-12-02,0.40668984647351697,1
29078,2011-12-02,0.16980330737633625,0
29079,2011-12-02,0.4147939655742153,0
29080,2011-12-02,0.10726841247151518,0
29081,2011-12-02,0.19492107295175773,0
29082,2011-12-02,0.25237527294305234,0
29083,2011-12-02,0.41195831382777126,0
29084,2011-12-02,0.35442905420867793,0
29085,2011-12-02,0.27049654376746674,0
29086,2011-12-02,0.27571311777233953,0
29087,2011-12-02,0.3105240038201265,0
29088,2011-12-02,0.15026301603126843,0
29089,2011-12-02,0.2162162584605247,0
29090,2011-12-02,0.3034730535611093,0
29091,2011-12-02,0.11527224348339743,0
29092,2011-12-02,0.27483472802183007,0
29093,2011-12-02,0.4187995416362592,1
29094,2011-12-02,0.24297967452278507,0
29095,2011-12-02,0.400023354238024,0
29096,2011-12-02,0.37680251014349525,1
29097,2011-12-02,0.3657522612962116,1
29098,2011-12-02,0.17387999932524545,0
29099,2011-12-02,0.18033369516833328,0
29100,2011-12-02,0.4236948639974588,1
29101,2011-12-02,0.24683700961772248,0
29102,2011-12-02,0.1854602131929143,0
29103,2011-12-02,0.16387464188135115,0
29104,2011-12-02,0.27676790429856757,1
29105,2011-12-02,0.18169355208008195,0
29106,2011-12-02,0.4772682433032734,0
29107,2011-12-02,0.4206606834463075,1
29108,2011-12-02,0.23455904143599735,0
29109,2011-12-02,0.3778692256984745,0
29110,2011-12-02,0.27917403391789053,0
29111,2011-12-02,0.28548600182846673,0
29112,2011-12-02,0.40513052280123585,0
29113,2011-12-02,0.5578111356365659,1
29114,2011-12-02,0.3570212433268654,0
29115,2011-12-02,0.20516584189730597,0
29116,2011-12-02,0.3563573389035439,0
29117,2011-12-02,0.1916426036735835,0
29118,2011-12-02,0.47881717507138977,1
29119,2011-12-02,0.30809554639100273,0
29120,2011-12-02,0.31948136681705597,0
29121,2011-12-02,0.5372493097736646,0
29122,2011-12-02,0.24044616703914728,0
29123,2011-12-02,0.3288424143901699,0
29124,2011-12-03,0.20314146070409306,0
29125,2011-12-03,0.25705871461278484,1
29126,2011-12-03,0.37998475531215825,0
29127,2011-12-03,0.405232172889611,0
29128,2011-12-03,0.3869221734743707,1
29129,2011-12-03,0.15412425432621263,0
29130,2011-12-03,0.15760820550037483,0
29131,2011-12-03,0.3725379934434317,0
29132,2011-12-03,0.20634174826328486,0
29133,2011-12-03,0.29292239662989633,1
29134,2011-12-03,0.4610558099092805,0
29135,2011-12-03,0.2923480475197944,0
29136,2011-12-03,0.17383297663914274,0
29137,2011-12-03,0.2550857229052257,0
29138,2011-12-03,0.19696419581442978,0
29139,2011-12-03,0.28661387717631104,1
29140,2011-12-03,0.22411979101778323,0
29141,2011-12-03,0.5453703561921843,1
29142,2011-12-03,0.6002225148735065,0
29143,2011-12-03,0.20265404785368551,1
29144,2011-12-03,0.3402207664390846,0
29145,2011-12-03,0.2648947917707055,0
29146,2011-12-03,0.45847268780336636,1
29147,2011-12-03,0.19207808135937252,0
29148,2011-12-03,0.2930389622983882,0
29149,2011-12-03,0.21772737602680695,1
29150,2011-12-03,0.20513289327211,0
29151,2011-12-03,0.220797731553082,0
29152,2011-12-03,0.22929896412083964,0
29153,2011-12-03,0.29726135786083124,0
29154,2011-12-03,0.2757931602986211,0
29155,2011-12-03,0.151193062379118,0
29156,2011-12-03,0.15932349688321862,0
29157,2011-12-03,0.3787586258746345,1
29158,2011-12-03,0.1826971850174204,0
29159,2011-12-03,0.30415026711453974,0
29160,2011-12-03,0.15768787071496482,0
29161,2011-12-03,0.12674929687306805,0
29162,2011-12-03,0.23340812334468505,0
29163,2011-12-03,0.30419626702717756,0
29164,2011-12-03,0.5342023373525495,0
29165,2011-12-03,0.5351686258402645,0
29166,2011-12-03,0.30041859319977043,1
29167,2011-12-03,0.2644315054966208,0
29168,2011-12-03,0.16249069763684187,0
29169,2011-12-03,0.15762871766991704,0
29170,2011-12-03,0.1714555965949172,0
29171,2011-12-03,0.2978047373521378,0
29172,2011-12-03,0.384238760558319,1
29173,2011-12-03,0.11537946120538659,1
29174,2011-12-03,0.23590550590830897,0
29175,2011-12-03,0.5316919328918724,0
29176,2011-12-03,0.6316371820169935,1
29177,2011-12-03,0.4673896193407803,1
29178,2011-12-03,0.14089607515420252,0
29179,2011-12-03,0.2542217410467165,0
29180,2011-12-03,0.35724960918533427,0
29181,2011-12-03,0.43776556815403017,1
29182,2011-12-03,0.40265087139725925,0
29183,2011-12-03,0.3999581601621339,0
29184,2011-12-03,0.34354532324847464,1
29185,2011-12-03,0.1175611225297468,1
29186,2011-12-03,0.30955493175000753,0
29187,2011-12-03,0.21406722679353427,0
29188,2011-12-03,0.4758980614444229,0
29189,2011-12-03,0.240900252999437,0
29190,2011-12-03,0.5906909804399533,0
29191,2011-12-03,0.3771528645049862,0
29192,2011-12-03,0.22171670486437137,0
29193,2011-12-03,0.30965391971918105,0
29194,2011-12-03,0.23251271819616162,0
29195,2011-12-03,0.1744406754157533,0
29196,2011-12-03,0.34063174869873336,1
29197,2011-12-03,0.19587775484144027,1
29198,2011-12-03,0.24865143123022046,0
29199,2011-12-03,0.31578786122621244,0
29200,2011-12-03,0.15615827627180373,0
29201,2011-12-03,0.3063620173109242,0
29202,2011-12-03,0.49206834417385337,1
29203,2011-12-03,0.312201609744163,1
29204,2011-12-03,0.28920715763084515,1
29205,2011-12-03,0.11086529980993023,0
29206,2011-12-03,0.2865106373912001,0
29207,2011-12-03,0.19015133894218347,0
29208,2011-12-03,0.21453434866501017,0
29209,2011-12-03,0.32441208068683314,0
29210,2011-12-03,0.3506981000724019,0
29211,2011-12-03,0.2912281356975417,0
29212,2011-12-03,0.1950003238547624,0
29213,2011-12-03,0.27757573946879655,0
29214,2011-12-03,0.2246244290595936,0
29215,2011-12-03,0.6298608190443952,1
29216,2011-12-03,0.20381531443590029,0
29217,2011-12-03,0.3576388079827241,0
29218,2011-12-03,0.2782506261018262,0
29219,2011-12-03,0.33601641641139546,1
29220,2011-12-03,0.32722291711891177,0
29221,2011-12-03,0.4427481239292729,1
29222,2011-12-03,0.20474981289676314,0
29223,2011-12-03,0.09606523109338484,0
29224,2011-12-03,0.4373772808846818,1
29225,2011-12-03,0.26435753132054846,0
29226,2011-12-03,0.21567169521246937,0
29227,2011-12-03,0.28005557206971493,0
29228,2011-12-03,0.1415075871270758,0
29229,2011-12-03,0.4990152941571212,0
29230,2011-12-03,0.3664650158411961,1
29231,2011-12-03,0.16500958966976298,0
29232,2011-12-03,0.17040285224687401,0
29233,2011-12-03,0.30749938644964875,0
29234,2011-12-03,0.3887512450105654,0
29235,2011-12-03,0.3582560360486013,0
29236,2011-12-03,0.28199976237962565,0
29237,2011-12-03,0.6556906742675381,0
29238,2011-12-03,0.4575019173272718,1
29239,2011-12-03,0.11417350452544948,0
29240,2011-12-03,0.20791079044928487,0
29241,2011-12-03,0.3827511472801233,0
29242,2011-12-03,0.2527707561464877,0
29243,2011-12-03,0.4320909216184671,0
29244,2011-12-03,0.29899932166538584,1
29245,2011-12-03,0.14411169912793442,0
29246,2011-12-03,0.14013970899545158,0
29247,2011-12-03,0.39478495352462883,0
29248,2011-12-03,0.21478011615518286,0
29249,2011-12-03,0.4121614777723713,0
29250,2011-12-03,0.2384796191277959,0
29251,2011-12-03,0.24376964064474127,0
29252,2011-12-03,0.564409762561734,0
29253,2011-12-03,0.30325318322766726,0
29254,2011-12-03,0.3662741812093838,0
29255,2011-12-03,0.4585048412606621,1
29256,2011-12-03,0.20974198622199985,0
29257,2011-12-03,0.39408330053031404,0
29258,2011-12-03,0.2834851452518271,0
29259,2011-12-03,0.1967156661926232,0
29260,2011-12-03,0.18618649705652118,0
29261,2011-12-03,0.22186737726541325,1
29262,2011-12-03,0.19778959231330645,1
29263,2011-12-03,0.21906064218608806,0
29264,2011-12-03,0.13116347744884033,0
29265,2011-12-03,0.45047446663465174,0
29266,2011-12-03,0.3340076316591149,0
29267,2011-12-03,0.18356609321208883,0
29268,2011-12-03,0.26782909786695114,0
29269,2011-12-03,0.10858927524410737,0
29270,2011-12-03,0.3859222898121919,0
29271,2011-12-03,0.29289398495075974,1
29272,2011-12-03,0.29004889239598436,0
29273,2011-12-03,0.16369349771149372,0
29274,2011-12-03,0.5201004830286723,1
29275,2011-12-03,0.46187717461942607,0
29276,2011-12-03,0.37264360530845275,0
29277,2011-12-03,0.1356542729101149,0
29278,2011-12-03,0.20713665395474964,0
29279,2011-12-03,0.4804288225964573,1
29280,2011-12-03,0.15446759066408128,0
29281,2011-12-03,0.36878020391473104,1
29282,2011-12-03,0.13283155678151456,0
29283,2011-12-03,0.49292431497245787,1
29284,2011-12-03,0.24570330762940015,0
29285,2011-12-03,0.5459656434911847,0
29286,2011-12-03,0.5105265957191544,1
29287,2011-12-03,0.11530049929522874,0
29288,2011-12-03,0.2332896873406678,0
29289,2011-12-03,0.2578164289097309,0
29290,2011-12-03,0.334773600213857,0
29291,2011-12-03,0.19903613706926523,0
29292,2011-12-03,0.2906681253200243,1
29293,2011-12-03,0.18156160439042388,1
29294,2011-12-03,0.21729679839526275,1
29295,2011-12-03,0.318240624063278,1
29296,2011-12-03,0.6130709264506696,1
29297,2011-12-03,0.19080485707207853,0
29298,2011-12-03,0.507688863303935,1
29299,2011-12-03,0.3132014063062045,1
29300,2011-12-03,0.48824405644997004,0
29301,2011-12-03,0.27779397186083576,0
29302,2011-12-03,0.434041726520381,0
29303,2011-12-03,0.3220416557575378,0
29304,2011-12-03,0.13937556375402876,0
29305,2011-12-03,0.3441285152508945,1
29306,2011-12-03,0.24220203343692162,0
29307,2011-12-03,0.14961369965568647,0
29308,2011-12-03,0.2091695023868163,1
29309,2011-12-03,0.5787326584128933,1
29310,2011-12-03,0.3466190625646206,1
29311,2011-12-03,0.40991137087490975,0
29312,2011-12-03,0.17936169629659782,0
29313,2011-12-03,0.3337270051170326,1
29314,2011-12-03,0.5808086278009005,1
29315,2011-12-03,0.20837032130644653,0
29316,2011-12-03,0.16499777481186254,0
29317,2011-12-03,0.4992922653167023,0
29318,2011-12-03,0.2125155051403781,0
29319,2011-12-03,0.3788880340506299,1
29320,2011-12-03,0.44395414510409353,1
29321,2011-12-03,0.31433209067145085,0
29322,2011-12-03,0.21031929314494913,0
29323,2011-12-03,0.2775533255168698,0
29324,2011-12-03,0.4644614467891236,0
29325,2011-12-03,0.4823831009490661,0
29326,2011-12-03,0.24831298635956525,0
29327,2011-12-03,0.30274609423509863,0
29328,2011-12-03,0.23318531867745165,0
29329,2011-12-03,0.3502586450148933,0
29330,2011-12-03,0.13500953665324855,0
29331,2011-12-03,0.22920940916144453,1
29332,2011-12-03,0.4420597678365915,1
29333,2011-12-03,0.37341233969409593,0
29334,2011-12-03,0.2821839942910708,0
29335,2011-12-03,0.33659608683698383,0
29336,2011-12-03,0.19010651085585312,0
29337,2011-12-03,0.182961870062627,0
29338,2011-12-03,0.27592844030031216,1
29339,2011-12-03,0.3758366582490462,1
29340,2011-12-03,0.27980542877094117,0
29341,2011-12-03,0.3961565181228864,0
29342,2011-12-03,0.3372987357064012,0
29343,2011-12-03,0.1737227837122796,0
29344,2011-12-03,0.13797078161051177,0
29345,2011-12-03,0.3277716493479701,0
29346,2011-12-03,0.2070964085159967,0
29347,2011-12-03,0.1615613386536262,0
29348,2011-12-03,0.21576492382001455,0
29349,2011-12-03,0.16055869662194622,0
29350,2011-12-03,0.21942759184924954,0
29351,2011-12-03,0.31542897743900167,1
29352,2011-12-03,0.3475545139759596,0
29353,2011-12-03,0.21738924599840007,0
29354,2011-12-03,0.3182467364559912,0
29355,2011-12-03,0.26292180467860293,0
29356,2011-12-03,0.26012168809931435,0
29357,2011-12-03,0.1306508110330651,1
29358,2011-12-03,0.24972448800148506,0
29359,2011-12-03,0.1550296300931031,0
29360,2011-12-03,0.3734745961126068,0
29361,2011-12-03,0.23571155057608942,1
29362,2011-12-03,0.2417059672552047,0
29363,2011-12-03,0.4042827761447906,0
29364,2011-12-03,0.21885054622180816,1
29365,2011-12-03,0.4648660753289284,1
29366,2011-12-03,0.257580503278793,0
29367,2011-12-03,0.2145415002849892,0
29368,2011-12-03,0.2136004507772657,0
29369,2011-12-03,0.41542446599491767,1
29370,2011-12-03,0.29224354769528654,0
29371,2011-12-03,0.16983201901858255,0
29372,2011-12-03,0.32719582245172063,0
29373,2011-12-03,0.23604332676518464,1
29374,2011-12-03,0.2227081343996097,0
29375,2011-12-03,0.4870027767446506,1
29376,2011-12-03,0.4023704828270625,0
29377,2011-12-03,0.12039269225251988,0
29378,2011-12-03,0.20731132668514032,0
29379,2011-12-03,0.23465560348318862,0
29380,2011-12-03,0.21009636676314464,0
29381,2011-12-03,0.48283371814844617,1
29382,2011-12-03,0.5093729179916774,0
29383,2011-12-03,0.2513314787982306,0
29384,2011-12-03,0.24577706875914923,0
29385,2011-12-03,0.2198419086874228,0
29386,2011-12-03,0.3870268610231556,1
29387,2011-12-03,0.32795420600498143,0
29388,2011-12-03,0.31352479798300653,1
29389,2011-12-03,0.13192160202171604,0
29390,2011-12-03,0.33258298722538343,0
29391,2011-12-03,0.2799157090549666,0
29392,2011-12-03,0.44839924413679255,0
29393,2011-12-03,0.18759168394270873,0
29394,2011-12-03,0.22689762927653032,0
29395,2011-12-03,0.21347142899934168,0
29396,2011-12-03,0.33151419789610387,0
29397,2011-12-03,0.3780075490757186,0
29398,2011-12-03,0.1388323892378617,0
29399,2011-12-03,0.31465879811528924,0
29400,2011-12-03,0.1882778604983627,0
29401,2011-12-03,0.17575988889658642,0
29402,2011-12-03,0.15554769795016746,0
29403,2011-12-03,0.5229796062428647,1
29404,2011-12-03,0.30220453832825217,1
29405,2011-12-03,0.13305028348576473,0
29406,2011-12-03,0.24274054140637968,0
29407,2011-12-03,0.31034227084042604,0
29408,2011-12-03,0.23183555269889336,0
29409,2011-12-03,0.3353329209960797,1
29410,2011-12-03,0.16560969025098707,0
29411,2011-12-03,0.43496189834893456,0
29412,2011-12-03,0.1826971850174204,0
29413,2011-12-03,0.36572675550449335,0
29414,2011-12-03,0.4453546151154861,0
29415,2011-12-04,0.18089999687374356,0
29416,2011-12-04,0.21396383176765296,0
29417,2011-12-04,0.17425815619369137,0
29418,2011-12-04,0.3715971984159356,0
29419,2011-12-04,0.3222825430019435,1
29420,2011-12-04,0.18990750737598935,0
29421,2011-12-04,0.16169183688809557,0
29422,2011-12-04,0.3121767956921081,1
29423,2011-12-04,0.17122333301437098,0
29424,2011-12-04,0.15804545421092572,0
29425,2011-12-04,0.3937981173369908,0
29426,2011-12-04,0.16492883898265745,0
29427,2011-12-04,0.4129891219735912,0
29428,2011-12-04,0.2689597823217551,0
29429,2011-12-04,0.4883054306347876,1
29430,2011-12-04,0.283359856904526,0
29431,2011-12-04,0.1255231752404567,0
29432,2011-12-04,0.31776054063180403,0
29433,2011-12-04,0.6015525436019892,0
29434,2011-12-04,0.3295331093193711,0
29435,2011-12-04,0.21785202969653586,0
29436,2011-12-04,0.377114736637677,1
29437,2011-12-04,0.30159441878753135,0
29438,2011-12-04,0.18213086887767296,1
29439,2011-12-04,0.26962317748043685,0
29440,2011-12-04,0.14924048592542402,0
29441,2011-12-04,0.23745948125248598,0
29442,2011-12-04,0.42081664720583123,0
29443,2011-12-04,0.381030511172467,0
29444,2011-12-04,0.2131216655760726,0
29445,2011-12-04,0.4329477511669374,1
29446,2011-12-04,0.5907916799590457,0
29447,2011-12-04,0.15410113381573548,0
29448,2011-12-04,0.26312196292612916,0
29449,2011-12-04,0.13624852365636853,0
29450,2011-12-04,0.30563275940865003,1
29451,2011-12-04,0.38420444760337996,0
29452,2011-12-04,0.16015534400449566,0
29453,2011-12-04,0.17038687931738472,0
29454,2011-12-04,0.3221593280895834,1
29455,2011-12-04,0.6009007229461998,0
29456,2011-12-04,0.32170902577996974,0
29457,2011-12-04,0.18337595575717475,0
29458,2011-12-04,0.19959967792406322,0
29459,2011-12-04,0.09125391131609999,0
29460,2011-12-04,0.36727688745996995,1
29461,2011-12-04,0.32980228485264546,0
29462,2011-12-04,0.30500656387658587,0
29463,2011-12-04,0.20749413339562817,1
29464,2011-12-04,0.26686557967673447,1
29465,2011-12-04,0.39495904120087566,1
29466,2011-12-04,0.32306904551364396,0
29467,2011-12-04,0.4819731080175257,1
29468,2011-12-04,0.32319065700604666,0
29469,2011-12-04,0.30483686269614746,0
29470,2011-12-04,0.21893545333604628,0
29471,2011-12-04,0.2161575969528922,0
29472,2011-12-04,0.4074237182723675,1
29473,2011-12-04,0.27866964470851835,0
29474,2011-12-04,0.2897450192239386,0
29475,2011-12-04,0.3355988151194897,0
29476,2011-12-04,0.30732710395820373,1
29477,2011-12-04,0.16621252817543242,0
29478,2011-12-04,0.28942319698406616,0
29479,2011-12-04,0.3165029316021223,1
29480,2011-12-04,0.1554546498392013,0
29481,2011-12-04,0.22666787943922992,1
29482,2011-12-04,0.5270011852517373,1
29483,2011-12-04,0.33145961447694716,0
29484,2011-12-04,0.21295715928507056,1
29485,2011-12-04,0.23033499401341492,0
29486,2011-12-04,0.24183683718413798,0
29487,2011-12-04,0.2642529891602173,0
29488,2011-12-04,0.28195872473512046,1
29489,2011-12-04,0.3031661832950572,0
29490,2011-12-04,0.39080991545654475,0
29491,2011-12-04,0.3635027422577274,1
29492,2011-12-04,0.33047895685724926,1
29493,2011-12-04,0.2948353525665302,1
29494,2011-12-04,0.4981089137377679,0
29495,2011-12-04,0.2307339841439425,1
29496,2011-12-04,0.4544449182769192,0
29497,2011-12-04,0.3135922623772046,0
29498,2011-12-04,0.2438056830682176,0
29499,2011-12-04,0.23307506978789885,1
29500,2011-12-04,0.2662845488130848,0
29501,2011-12-04,0.32612198438622053,0
29502,2011-12-04,0.3804803724853569,0
29503,2011-12-04,0.253451142181553,0
29504,2011-12-04,0.2322866794941093,0
29505,2011-12-04,0.2568549087597582,0
29506,2011-12-04,0.36994241272433714,0
29507,2011-12-04,0.2916878389330335,0
29508,2011-12-04,0.18482386539190487,0
29509,2011-12-04,0.20326301133791186,0
29510,2011-12-04,0.44364407573567205,1
29511,2011-12-04,0.18484809121808649,0
29512,2011-12-04,0.23928150333260806,0
29513,2011-12-04,0.4456318640981725,1
29514,2011-12-04,0.32447850553803503,0
29515,2011-12-04,0.30925370329428964,1
29516,2011-12-04,0.598198332272866,0
29517,2011-12-04,0.42943028299225255,1
29518,2011-12-04,0.47526806723617293,0
29519,2011-12-04,0.29276901563730817,0
29520,2011-12-04,0.10261030762057341,0
29521,2011-12-04,0.20622022072749183,0
29522,2011-12-04,0.5584743880950843,0
29523,2011-12-04,0.22017414908373778,0
29524,2011-12-04,0.2676484113527757,0
29525,2011-12-04,0.261066364319534,0
29526,2011-12-04,0.16518369381076514,0
29527,2011-12-04,0.4473337436367949,0
29528,2011-12-04,0.22762616847384534,0
29529,2011-12-04,0.2594329914634146,0
29530,2011-12-04,0.2465997428191167,0
29531,2011-12-04,0.3416259402304899,1
29532,2011-12-04,0.25345191420969365,0
29533,2011-12-04,0.2312187157212402,0
29534,2011-12-04,0.22356157814055014,0
29535,2011-12-04,0.19070844446972685,0
29536,2011-12-04,0.30140870996565905,0
29537,2011-12-04,0.24643498146281845,0
29538,2011-12-04,0.1429164960372967,0
29539,2011-12-04,0.2545559472426736,0
29540,2011-12-04,0.48361705333174027,0
29541,2011-12-04,0.19190421332416793,0
29542,2011-12-04,0.41596645275503796,0
29543,2011-12-04,0.40802170645265595,0
29544,2011-12-04,0.17085720855239728,0
29545,2011-12-04,0.12137382926538828,0
29546,2011-12-04,0.24102831558122043,0
29547,2011-12-04,0.22138789015789612,0
29548,2011-12-04,0.47270795896469325,1
29549,2011-12-04,0.48069252593118084,0
29550,2011-12-04,0.45137508723678427,0
29551,2011-12-04,0.36816016687705583,0
29552,2011-12-04,0.2426744068132864,0
29553,2011-12-04,0.2726376385447859,0
29554,2011-12-04,0.2570452237897884,1
29555,2011-12-04,0.308518729716903,0
29556,2011-12-04,0.17379932908621243,0
29557,2011-12-04,0.176019410303567,0
29558,2011-12-04,0.38221583890095634,1
29559,2011-12-04,0.2562899258197171,0
29560,2011-12-04,0.30440810821539144,0
29561,2011-12-04,0.23008085204391074,1
29562,2011-12-04,0.18750318155291842,0
29563,2011-12-04,0.22062318911798734,0
29564,2011-12-04,0.25034454779492427,0
29565,2011-12-04,0.16941516748151772,0
29566,2011-12-04,0.14977652139911168,0
29567,2011-12-04,0.36537750395506485,0
29568,2011-12-04,0.4137318408572681,0
29569,2011-12-04,0.17924956243787404,0
29570,2011-12-04,0.23539950915509777,0
29571,2011-12-04,0.3281052127361133,0
29572,2011-12-04,0.25585470515228026,0
29573,2011-12-04,0.44231955366837244,1
29574,2011-12-04,0.16797834188517854,0
29575,2011-12-04,0.19072470175196313,0
29576,2011-12-04,0.3273216080234661,1
29577,2011-12-04,0.29398923879365,1
29578,2011-12-04,0.622129287299204,1
29579,2011-12-04,0.257509980266642,0
29580,2011-12-04,0.2668645858077549,1
29581,2011-12-04,0.13433637274539983,0
29582,2011-12-04,0.24697974246906504,0
29583,2011-12-04,0.36555328481079796,0
29584,2011-12-04,0.23266341983523486,0
29585,2011-12-04,0.19526849373648172,0
29586,2011-12-04,0.207742937615068,1
29587,2011-12-04,0.1355852549550016,0
29588,2011-12-04,0.1745631663509909,0
29589,2011-12-04,0.20162187807609458,0
29590,2011-12-04,0.2654842547279475,0
29591,2011-12-04,0.30093221698490263,0
29592,2011-12-04,0.14509026697985164,0
29593,2011-12-04,0.3269108343360224,0
29594,2011-12-04,0.3069847083336407,0
29595,2011-12-04,0.20883189514819295,0
29596,2011-12-04,0.18281322550520882,0
29597,2011-12-04,0.3418349945322698,1
29598,2011-12-04,0.4028884365215261,0
29599,2011-12-04,0.2908614462003581,0
29600,2011-12-04,0.362874190462924,0
29601,2011-12-04,0.15550862766132273,0
29602,2011-12-04,0.37382410258108995,1
29603,2011-12-04,0.2865976476359948,0
29604,2011-12-04,0.3831748960314376,0
29605,2011-12-04,0.30584078629225214,0
29606,2011-12-04,0.18795366924138204,1
29607,2011-12-04,0.1997700155293029,0
29608,2011-12-04,0.13896044732700982,0
29609,2011-12-04,0.599712251130066,1
29610,2011-12-04,0.2508525405768368,0
29611,2011-12-04,0.3779705927295986,0
29612,2011-12-04,0.4184309625990493,0
29613,2011-12-04,0.22886071375176037,0
29614,2011-12-04,0.5380784392652473,1
29615,2011-12-04,0.21753669609159787,0
29616,2011-12-04,0.1383927480370532,1
29617,2011-12-04,0.2549866684816296,0
29618,2011-12-04,0.17678164392336604,1
29619,2011-12-04,0.29455777457829785,1
29620,2011-12-04,0.22092736659147622,0
29621,2011-12-04,0.49753438658030147,0
29622,2011-12-04,0.19172257654716088,0
29623,2011-12-04,0.44750214374412634,1
29624,2011-12-04,0.26398649442863903,0
29625,2011-12-04,0.191557073941453,0
29626,2011-12-04,0.25615851127905853,0
29627,2011-12-04,0.4108875002282604,0
29628,2011-12-04,0.3150010811597515,0
29629,2011-12-04,0.15499056704774317,1
29630,2011-12-04,0.3267005507840726,1
29631,2011-12-04,0.3334961419245484,0
29632,2011-12-04,0.22577524492237694,0
29633,2011-12-04,0.4188646089884403,0
29634,2011-12-04,0.500755069669776,1
29635,2011-12-04,0.2834875266443406,0
29636,2011-12-04,0.3765128691665909,0
29637,2011-12-04,0.29501299865922004,0
29638,2011-12-04,0.3506129925092273,0
29639,2011-12-04,0.32958974168931,1
29640,2011-12-04,0.1383159700698179,0
29641,2011-12-04,0.24744743397058255,0
29642,2011-12-04,0.1385659642550521,0
29643,2011-12-04,0.48293788909944535,0
29644,2011-12-04,0.17468449757660046,0
29645,2011-12-04,0.17070842915736642,0
29646,2011-12-04,0.2901704907259414,0
29647,2011-12-04,0.3566923076622534,1
29648,2011-12-04,0.20436193077521606,0
29649,2011-12-04,0.37336660821878254,0
29650,2011-12-04,0.25322559023135177,0
29651,2011-12-04,0.4203217777698588,0
29652,2011-12-04,0.39030108623193693,1
29653,2011-12-04,0.19611416713345448,0
29654,2011-12-04,0.31831318796183,0
29655,2011-12-04,0.5446274660184145,0
29656,2011-12-04,0.23956824097139723,0
29657,2011-12-04,0.15770153692894076,0
29658,2011-12-04,0.41294999434086366,1
29659,2011-12-04,0.13867334017871394,0
29660,2011-12-04,0.2677922226901353,0
29661,2011-12-04,0.3377856115621541,0
29662,2011-12-04,0.1414028572279709,0
29663,2011-12-04,0.23967159777847596,0
29664,2011-12-04,0.15438505406723313,0
29665,2011-12-04,0.4977804520038453,0
29666,2011-12-04,0.25814291918374815,0
29667,2011-12-04,0.11007087882944445,0
29668,2011-12-04,0.16190449592691614,0
29669,2011-12-04,0.5213758990324856,1
29670,2011-12-04,0.2575642127793663,0
29671,2011-12-04,0.4227543761636152,0
29672,2011-12-04,0.4853120126395425,0
29673,2011-12-04,0.21661553779002424,0
29674,2011-12-04,0.14435372975717706,0
29675,2011-12-04,0.2299485191711813,0
29676,2011-12-04,0.2557226969312326,1
29677,2011-12-04,0.6060324559914944,0
29678,2011-12-04,0.17338389988140715,0
29679,2011-12-04,0.15219916197028116,0
29680,2011-12-04,0.2816781388506662,0
29681,2011-12-04,0.43549645494111033,0
29682,2011-12-04,0.26652134475583505,0
29683,2011-12-04,0.14159864138601333,1
29684,2011-12-04,0.31483408769397264,0
29685,2011-12-04,0.25478106702270387,1
29686,2011-12-04,0.394642129833381,0
29687,2011-12-04,0.231200537440469,0
29688,2011-12-04,0.32218449565140067,1
29689,2011-12-04,0.1921095418365294,0
29690,2011-12-04,0.3498477535281574,0
29691,2011-12-04,0.29664552273911016,0
29692,2011-12-04,0.2958190311962563,0
29693,2011-12-04,0.3317682369307775,1
29694,2011-12-04,0.4368881456606536,0
29695,2011-12-04,0.1606032749134433,0
29696,2011-12-04,0.15168728000875956,0
29697,2011-12-04,0.3632791673500111,0
29698,2011-12-04,0.26508032011727706,0
29699,2011-12-04,0.29577682099727626,1
29700,2011-12-04,0.6271764089943128,0
29701,2011-12-04,0.4587893714394088,0
29702,2011-12-04,0.405464087740302,0
29703,2011-12-04,0.23941064278692292,1
29704,2011-12-04,0.2679424641423015,0
29705,2011-12-04,0.4557424666085097,0
29706,2011-12-04,0.1877313661660329,0
29707,2011-12-04,0.5919050447333832,1
29708,2011-12-04,0.3703116329691703,1
29709,2011-12-04,0.27874009465962907,0
29710,2011-12-04,0.3353676105845999,0
29711,2011-12-04,0.23586462341294878,0
29712,2011-12-04,0.15460320859461427,0
29713,2011-12-04,0.25417009230102516,0
29714,2011-12-04,0.25305702330240337,0
29715,2011-12-04,0.20465594016753716,0
29716,2011-12-04,0.4841508445376916,1
29717,2011-12-04,0.2785073380980278,0
29718,2011-12-04,0.2888969165299172,0
29719,2011-12-04,0.19750094524899092,0
29720,2011-12-04,0.11616895835137342,0
29721,2011-12-04,0.11912600594381276,0
29722,2011-12-04,0.16974641764690374,0
29723,2011-12-04,0.30693682847280895,0
29724,2011-12-04,0.2546101714921139,0
29725,2011-12-04,0.14068043716314338,0
29726,2011-12-04,0.17489681089745238,0
29727,2011-12-04,0.288547406849782,0
29728,2011-12-04,0.3467927370274583,1
29729,2011-12-04,0.1558872940765473,0
29730,2011-12-04,0.24646510294516638,0
29731,2011-12-04,0.2142270202272299,0
29732,2011-12-04,0.28948190669408,0
29733,2011-12-04,0.44807669901828273,0
29734,2011-12-04,0.15776697161427147,0
29735,2011-12-04,0.31204956602799,0
29736,2011-12-04,0.352039229054962,0
29737,2011-12-04,0.22534827274805055,0
29738,2011-12-04,0.3082946350511109,0
29739,2011-12-04,0.5296947685229478,1
29740,2011-12-04,0.31041988946712784,0
29741,2011-12-04,0.22203740034129157,1
29742,2011-12-04,0.4401847296342709,0
29743,2011-12-04,0.09429119624116303,0
29744,2011-12-04,0.34139160965122756,0
29745,2011-12-04,0.29640486877947947,0
29746,2011-12-04,0.27182537766491405,0
29747,2011-12-04,0.22166681927928772,1
29748,2011-12-04,0.26996107301905253,1
29749,2011-12-04,0.24087115310122448,0
29750,2011-12-04,0.3436023752105417,0
29751,2011-12-04,0.5338819516864994,0
29752,2011-12-04,0.26438593254413906,0
29753,2011-12-04,0.24898449378963902,0
29754,2011-12-04,0.1863408204275602,0
29755,2011-12-04,0.2068437088956491,0
29756,2011-12-04,0.280316871593203,0
29757,2011-12-05,0.32466769925995786,0
29758,2011-12-05,0.2214592751092863,0
29759,2011-12-05,0.36377777370583897,0
29760,2011-12-05,0.4057231087994892,0
29761,2011-12-05,0.3461261734910892,1
29762,2011-12-05,0.13685395228990888,0
29763,2011-12-05,0.17199023364485352,0
29764,2011-12-05,0.515032668282485,1
29765,2011-12-05,0.4420982345250045,1
29766,2011-12-05,0.2006086587192598,0
29767,2011-12-05,0.3291255353742189,1
29768,2011-12-05,0.5098058448071833,0
29769,2011-12-05,0.3768628502294194,1
29770,2011-12-05,0.20375371213621374,0
29771,2011-12-05,0.2504063494968767,0
29772,2011-12-05,0.312707063343304,0
29773,2011-12-05,0.1810593365339832,0
29774,2011-12-05,0.2625086089678619,0
29775,2011-12-05,0.2679984445874146,0
29776,2011-12-05,0.11725162572704884,0
29777,2011-12-05,0.4718712217514762,0
29778,2011-12-05,0.3829654453301406,1
29779,2011-12-05,0.1266189096413774,0
29780,2011-12-05,0.4387547760345741,0
29781,2011-12-05,0.23221255007157973,0
29782,2011-12-05,0.2862399448088919,0
29783,2011-12-05,0.11769682600464391,0
29784,2011-12-05,0.3357735479822985,1
29785,2011-12-05,0.3198832919900275,0
29786,2011-12-05,0.37977779573796594,1
29787,2011-12-05,0.2691255202903132,0
29788,2011-12-05,0.6127627832854379,1
29789,2011-12-05,0.25259980772660945,0
29790,2011-12-05,0.19097147630874164,0
29791,2011-12-05,0.2557271095280727,0
29792,2011-12-05,0.3240387038737468,0
29793,2011-12-05,0.3003557958837938,0
29794,2011-12-05,0.31285592208689017,0
29795,2011-12-05,0.37460181979438417,1
29796,2011-12-05,0.19585270802298507,0
29797,2011-12-05,0.16738442522446378,0
29798,2011-12-05,0.32494594617287,0
29799,2011-12-05,0.6200327380647813,0
29800,2011-12-05,0.3255628678794966,0
29801,2011-12-05,0.3221677226125543,1
29802,2011-12-05,0.18807132651927988,1
29803,2011-12-05,0.2795867945348531,1
29804,2011-12-05,0.2092898179595243,0
29805,2011-12-05,0.14360356782609013,0
29806,2011-12-05,0.1839065476460316,0
29807,2011-12-05,0.4214801843616047,0
29808,2011-12-05,0.4138479469750794,0
29809,2011-12-05,0.18420992808614478,0
29810,2011-12-05,0.1933586005307879,0
29811,2011-12-05,0.27932672100667577,0
29812,2011-12-05,0.37686235833602594,1
29813,2011-12-05,0.27925796290827437,0
29814,2011-12-05,0.4301044228063579,1
29815,2011-12-05,0.23149144159269597,0
29816,2011-12-05,0.49594530665675807,0
29817,2011-12-05,0.2803440834038271,0
29818,2011-12-05,0.2382222050476095,0
29819,2011-12-05,0.400915659375777,0
29820,2011-12-05,0.2507016512934704,0
29821,2011-12-05,0.2777471334079756,0
29822,2011-12-05,0.15261872577632463,0
29823,2011-12-05,0.26151121050080073,0
29824,2011-12-05,0.4756074478228965,0
29825,2011-12-05,0.30596722667462684,0
29826,2011-12-05,0.4121169142971732,1
29827,2011-12-05,0.44340635461181227,0
29828,2011-12-05,0.18191153393353343,1
29829,2011-12-05,0.42032544168324903,1
29830,2011-12-05,0.41699801837351796,0
29831,2011-12-05,0.2654007200597374,1
29832,2011-12-05,0.21871459409963,0
29833,2011-12-05,0.28165140392088567,0
29834,2011-12-05,0.3079524506750369,0
29835,2011-12-05,0.21636684247827498,0
29836,2011-12-05,0.6540259599919158,1
29837,2011-12-05,0.16611655386771718,0
29838,2011-12-05,0.25994440887274417,0
29839,2011-12-05,0.24477812523884496,0
29840,2011-12-05,0.3123853961300643,1
29841,2011-12-05,0.48142120257969995,0
29842,2011-12-05,0.22847029181668732,0
29843,2011-12-05,0.3812859466543725,1
29844,2011-12-05,0.36006796048287026,0
29845,2011-12-05,0.11603885811930938,0
29846,2011-12-05,0.18280320303148453,0
29847,2011-12-05,0.3758961528184352,1
29848,2011-12-05,0.08650154484529066,0
29849,2011-12-05,0.5461457347987767,1
29850,2011-12-05,0.1920981349207646,0
29851,2011-12-05,0.5101975623923484,0
29852,2011-12-05,0.31550919934906296,0
29853,2011-12-05,0.5707100880530569,1
29854,2011-12-05,0.14271580246215063,0
29855,2011-12-05,0.21415179448557942,1
29856,2011-12-05,0.5703337438800723,0
29857,2011-12-05,0.37472353874514136,1
29858,2011-12-05,0.22763964275084486,0
29859,2011-12-05,0.24184419274658409,0
29860,2011-12-05,0.15509235631507554,0
29861,2011-12-05,0.22199311352116238,0
29862,2011-12-05,0.23350259470522358,0
29863,2011-12-05,0.2797098308886106,0
29864,2011-12-05,0.3400257657172508,1
29865,2011-12-05,0.47729347228099867,0
29866,2011-12-05,0.22974334414015798,0
29867,2011-12-05,0.3053415324728836,0
29868,2011-12-05,0.3039029564209721,0
29869,2011-12-05,0.399870800579807,1
29870,2011-12-05,0.17460751583709827,0
29871,2011-12-05,0.181644344772035,0
29872,2011-12-05,0.1696531711615302,0
29873,2011-12-05,0.29883143481652363,0
29874,2011-12-05,0.3193157394376552,0
29875,2011-12-05,0.27577363836964885,0
29876,2011-12-05,0.13412430930490823,0
29877,2011-12-05,0.19909874379929876,0
29878,2011-12-05,0.20711001375202048,0
29879,2011-12-05,0.24074384627491477,0
29880,2011-12-05,0.37376575605528406,1
29881,2011-12-05,0.16860455065212374,0
29882,2011-12-05,0.1519832833078066,0
29883,2011-12-05,0.1334214075782084,0
29884,2011-12-05,0.23108994644336253,0
29885,2011-12-05,0.2650817033064216,0
29886,2011-12-05,0.16862755761464077,0
29887,2011-12-05,0.4194034013124337,1
29888,2011-12-05,0.26125288362497207,0
29889,2011-12-05,0.15354030789370315,0
29890,2011-12-05,0.21252876271900953,0
29891,2011-12-05,0.11366436555623126,0
29892,2011-12-05,0.1795362731161192,0
29893,2011-12-05,0.20429267161746673,0
29894,2011-12-05,0.5161992696568088,1
29895,2011-12-05,0.22591658413267526,0
29896,2011-12-05,0.250095090033404,0
29897,2011-12-05,0.3203067829893786,0
29898,2011-12-05,0.5936078888856148,0
29899,2011-12-05,0.14567210370923767,1
29900,2011-12-05,0.22158730433825294,0
29901,2011-12-05,0.42564071751497107,0
29902,2011-12-05,0.23475379644206662,0
29903,2011-12-05,0.27159796936086067,0
29904,2011-12-05,0.18216886243474312,0
29905,2011-12-05,0.3586094356996998,1
29906,2011-12-05,0.24884346006307081,0
29907,2011-12-05,0.30223088860978964,0
29908,2011-12-05,0.22124031421360166,0
29909,2011-12-05,0.38819159127197594,1
29910,2011-12-05,0.23179823399720165,1
29911,2011-12-05,0.3204444135389565,0
29912,2011-12-05,0.22109891455860842,0
29913,2011-12-05,0.34770746007249015,0
29914,2011-12-05,0.23875152411460301,0
29915,2011-12-05,0.3976995324920007,0
29916,2011-12-05,0.24230247878253042,0
29917,2011-12-05,0.3169453140191697,0
29918,2011-12-05,0.2754088709112841,0
29919,2011-12-05,0.6408458467472953,1
29920,2011-12-05,0.3322075860818183,1
29921,2011-12-05,0.3695058696853274,0
29922,2011-12-05,0.3550656663323814,0
29923,2011-12-05,0.25477290727753016,0
29924,2011-12-05,0.22282674488379017,0
29925,2011-12-05,0.35180741733116994,0
29926,2011-12-05,0.45653975744809033,0
29927,2011-12-05,0.4622441141987655,0
29928,2011-12-05,0.2093103510770689,0
29929,2011-12-05,0.1619428374301599,0
29930,2011-12-05,0.184399765781028,0
29931,2011-12-05,0.2609534974709803,0
29932,2011-12-05,0.2833735912330102,0
29933,2011-12-05,0.5192268720300006,1
29934,2011-12-05,0.21869414431759776,0
29935,2011-12-05,0.310530430732783,0
29936,2011-12-05,0.4221778551329182,1
29937,2011-12-05,0.26358550246112855,0
29938,2011-12-05,0.5546782860519355,1
29939,2011-12-05,0.3552699784934073,1
29940,2011-12-05,0.3969083427060725,0
29941,2011-12-05,0.31465885164222923,1
29942,2011-12-05,0.2994457540477103,1
29943,2011-12-05,0.39640546551240213,1
29944,2011-12-05,0.14400604514477663,0
29945,2011-12-05,0.18850139871494515,0
29946,2011-12-05,0.22745460060926861,0
29947,2011-12-05,0.17129440659440642,0
29948,2011-12-05,0.37338356920203986,0
29949,2011-12-05,0.24265620633041726,0
29950,2011-12-05,0.1997760581543621,0
29951,2011-12-05,0.16568896810755754,0
29952,2011-12-05,0.3987253924382454,1
29953,2011-12-05,0.1870433387572839,0
29954,2011-12-05,0.13518413912752533,0
29955,2011-12-05,0.25730359403660874,0
29956,2011-12-05,0.4270778321796937,1
29957,2011-12-05,0.5376675455448245,0
29958,2011-12-05,0.46132504776655053,1
29959,2011-12-05,0.3020763737327661,0
29960,2011-12-05,0.14230119322642756,0
29961,2011-12-05,0.3352991256351414,1
29962,2011-12-05,0.28665351154959723,0
29963,2011-12-05,0.2823613900412084,1
29964,2011-12-05,0.38743772885023325,0
29965,2011-12-05,0.2712481265946455,0
29966,2011-12-05,0.4291321564120226,0
29967,2011-12-05,0.354700277525342,0
29968,2011-12-05,0.34869353897953864,1
29969,2011-12-05,0.3838125695072521,0
29970,2011-12-05,0.2709135631049112,0
29971,2011-12-05,0.31443175090308395,1
29972,2011-12-05,0.32447624683141324,0
29973,2011-12-05,0.32271067099073864,0
29974,2011-12-05,0.5210116515085417,1
29975,2011-12-05,0.2905952665260234,0
29976,2011-12-05,0.26835411110733237,0
29977,2011-12-05,0.3897854517999343,0
29978,2011-12-05,0.3264687770895991,0
29979,2011-12-05,0.23113917572960543,0
29980,2011-12-05,0.29442967352473176,0
29981,2011-12-05,0.25188832844967696,0
29982,2011-12-05,0.2834012265542061,0
29983,2011-12-05,0.30581768449231483,0
29984,2011-12-05,0.3906128511693928,0
29985,2011-12-05,0.2831923301511813,0
29986,2011-12-05,0.18250845299598112,0
29987,2011-12-05,0.24823253721710725,0
29988,2011-12-05,0.22123232468228826,0
29989,2011-12-05,0.2516575369542819,0
29990,2011-12-05,0.2502105798992909,0
29991,2011-12-05,0.11013216678799947,0
29992,2011-12-05,0.41976623374170446,0
29993,2011-12-05,0.17414232189031248,0
29994,2011-12-05,0.2198272133415171,0
29995,2011-12-05,0.08435024740269038,0
29996,2011-12-05,0.3934635882973556,0
29997,2011-12-05,0.5666526758594322,1
29998,2011-12-05,0.20150975318163195,0
29999,2011-12-05,0.20700654146637887,0
30000,2011-12-05,0.1758403524741712,0
30001,2011-12-05,0.1622907884018836,0
30002,2011-12-05,0.15520541056432352,0
30003,2011-12-05,0.6324446535652004,1
30004,2011-12-05,0.3194318859953057,1
30005,2011-12-05,0.42134087235349227,1
30006,2011-12-05,0.551673030339521,0
30007,2011-12-05,0.1709254304482426,0
30008,2011-12-05,0.3279180871994759,1
30009,2011-12-05,0.23834336303837733,0
30010,2011-12-05,0.16257598044193827,0
30011,2011-12-05,0.40036322367672655,0
30012,2011-12-05,0.14563014899450552,0
30013,2011-12-05,0.14622142107478017,0
30014,2011-12-05,0.1645096875536685,0
30015,2011-12-05,0.1793695698300855,0
30016,2011-12-05,0.20464931323995497,0
30017,2011-12-05,0.10355086835641131,0
30018,2011-12-05,0.5595478065450451,0
30019,2011-12-05,0.3486053357581911,0
30020,2011-12-05,0.1943761752746891,0
30021,2011-12-05,0.4948401566971807,0
30022,2011-12-05,0.36444831331991195,0
30023,2011-12-05,0.13451648504388866,0
30024,2011-12-05,0.21934180590617847,0
30025,2011-12-05,0.21323577482311182,0
30026,2011-12-05,0.37215122753659646,0
30027,2011-12-05,0.27586233366637,1
30028,2011-12-05,0.5675989487029037,1
30029,2011-12-05,0.4566990577811622,0
30030,2011-12-05,0.3262307492458163,0
30031,2011-12-05,0.23285197772953967,0
30032,2011-12-05,0.38533218322437696,0
30033,2011-12-05,0.14735605342300365,0
30034,2011-12-05,0.16646214574654658,0
30035,2011-12-05,0.21128479933278266,0
30036,2011-12-05,0.21087211237902462,0
30037,2011-12-05,0.19582268229802577,0
30038,2011-12-05,0.1987414845103194,1
30039,2011-12-05,0.33635893088641133,1
30040,2011-12-05,0.1311841724864563,0
30041,2011-12-05,0.2454462977109368,0
30042,2011-12-05,0.219887046858628,0
30043,2011-12-05,0.19245058914627958,0
30044,2011-12-05,0.24221727168040796,0
30045,2011-12-05,0.4120000224445793,1
30046,2011-12-05,0.33422293718467155,0
30047,2011-12-05,0.18579431735399884,0
30048,2011-12-05,0.3636379980759369,1
30049,2011-12-05,0.16138466029654241,0
30050,2011-12-05,0.16982437277196002,0
30051,2011-12-05,0.25397597383982856,0
30052,2011-12-05,0.4019268089848764,0
30053,2011-12-05,0.26974463647451286,0
30054,2011-12-05,0.4099262489782917,0
30055,2011-12-05,0.37153188444405605,0
30056,2011-12-05,0.15247364531967345,1
30057,2011-12-05,0.2723378875669015,0
30058,2011-12-05,0.2781870322895451,0
30059,2011-12-05,0.22640312400196033,0
30060,2011-12-05,0.3947699516136235,0
30061,2011-12-05,0.18804236132058347,0
30062,2011-12-05,0.23619091341503398,0
30063,2011-12-05,0.27574403259596664,0
30064,2011-12-05,0.2614317054919695,0
30065,2011-12-05,0.18378735720913605,0
30066,2011-12-05,0.1928310541704774,1
30067,2011-12-05,0.20977117543037382,0
30068,2011-12-05,0.2878256585346185,1
30069,2011-12-05,0.32018966131630405,0
30070,2011-12-05,0.3587181396624249,0
30071,2011-12-05,0.1837824582652629,0
30072,2011-12-05,0.38271138336655586,0
30073,2011-12-05,0.2777706058707689,0
30074,2011-12-05,0.2625500849172143,0
30075,2011-12-05,0.2117283213435356,0
30076,2011-12-05,0.1491623813986651,0
30077,2011-12-05,0.20095202944036014,0
30078,2011-12-05,0.27436154032122345,0
30079,2011-12-05,0.24814143954707765,0
30080,2011-12-05,0.44983581030172765,0
30081,2011-12-05,0.18854754724940254,1
30082,2011-12-05,0.45613266865708246,0
30083,2011-12-05,0.3375131150832277,0
30084,2011-12-05,0.24098955469023672,1
30085,2011-12-05,0.3868269474689231,0
30086,2011-12-05,0.24484566945861602,0
30087,2011-12-05,0.2527133890774508,0
30088,2011-12-05,0.4639699466184906,0
30089,2011-12-05,0.42234008657502853,0
30090,2011-12-05,0.2135708129449996,0
30091,2011-12-05,0.38297377323272586,0
30092,2011-12-05,0.34521775151392503,1
30093,2011-12-05,0.23690856884184675,0
30094,2011-12-05,0.28987527850319544,1
30095,2011-12-05,0.17700105360721505,0
30096,2011-12-05,0.23546809379524317,0
30097,2011-12-05,0.33912819046830306,0
30098,2011-12-05,0.30145765936008484,0
30099,2011-12-05,0.1821855976452643,1
30100,2011-12-05,0.13152563392669442,0
30101,2011-12-05,0.38889358598784685,0
30102,2011-12-05,0.2304002380368202,0
30103,2011-12-05,0.31881588900203156,0
30104,2011-12-05,0.2959734681176726,1
30105,2011-12-05,0.5562333325934226,1
30106,2011-12-05,0.16184979991672097,0
30107,2011-12-05,0.41437012071184504,1
30108,2011-12-05,0.17612693684122865,1
30109,2011-12-05,0.49000038983395106,0
30110,2011-12-05,0.41000106327022945,0
30111,2011-12-05,0.2917869990027122,0
30112,2011-12-05,0.32504067642317214,1
30113,2011-12-05,0.5919218281716433,0
30114,2011-12-05,0.2591083081911238,0
30115,2011-12-05,0.35312548359104534,0
30116,2011-12-05,0.30993689035879896,0
30117,2011-12-05,0.2613577996539402,0
30118,2011-12-05,0.3562841607992368,0
30119,2011-12-05,0.36306156677298707,0
30120,2011-12-05,0.22390665756689532,0
30121,2011-12-05,0.19880369585804322,0
30122,2011-12-05,0.18995209136521718,0
30123,2011-12-05,0.4141758723690325,0
30124,2011-12-05,0.3557198886305763,0
30125,2011-12-05,0.2410123405710877,0
30126,2011-12-05,0.45362385038192876,0
30127,2011-12-05,0.15673470283395619,0
30128,2011-12-05,0.32865160174245955,0
30129,2011-12-05,0.5285006160972162,1
30130,2011-12-05,0.2969788275749589,0
30131,2011-12-05,0.24573658712508062,0
30132,2011-12-05,0.443120290478443,0
30133,2011-12-05,0.29430263795361616,0
30134,2011-12-05,0.1541620373136978,0
30135,2011-12-05,0.17633817798135085,0
30136,2011-12-05,0.6604291577449234,1
30137,2011-12-05,0.42000297888114113,0
30138,2011-12-05,0.4246052170942069,0
30139,2011-12-05,0.25869076305878214,0
30140,2011-12-05,0.34959221630851617,0
30141,2011-12-05,0.15305797016739955,0
30142,2011-12-05,0.23355488764090096,0
30143,2011-12-05,0.37183093894462205,1
30144,2011-12-05,0.36639670743399133,0
30145,2011-12-05,0.2665290487362128,0
30146,2011-12-05,0.3213649390047792,1
30147,2011-12-05,0.5051084961644957,1
30148,2011-12-05,0.44343911511879813,0
30149,2011-12-05,0.11146160600270875,0
30150,2011-12-05,0.26157608681936373,0
30151,2011-12-05,0.4231138908725162,0
30152,2011-12-05,0.33717466325500156,0
30153,2011-12-05,0.38514274283226446,1
30154,2011-12-05,0.22398552073897438,0
30155,2011-12-05,0.25474480121877496,0
30156,2011-12-05,0.2717744812806269,0
30157,2011-12-05,0.2564467169800274,1
30158,2011-12-05,0.2063420507521822,0
30159,2011-12-05,0.4436603993273931,1
30160,2011-12-05,0.29095338489330325,0
30161,2011-12-05,0.1315210050246731,0
30162,2011-12-05,0.33623265827493976,0
30163,2011-12-05,0.31243278928489576,0
30164,2011-12-06,0.232144895550535,1
30165,2011-12-06,0.25039655799159877,0
30166,2011-12-06,0.12842997252603497,0
30167,2011-12-06,0.23831298365611667,0
30168,2011-12-06,0.42529723200828917,0
30169,2011-12-06,0.1546687244513221,0
30170,2011-12-06,0.37567119457158854,0
30171,2011-12-06,0.29449228236881314,0
30172,2011-12-06,0.17180322965176073,0
30173,2011-12-06,0.2516181664574724,0
30174,2011-12-06,0.1550121661078027,0
30175,2011-12-06,0.2235246848307296,0
30176,2011-12-06,0.35589144115016635,1
30177,2011-12-06,0.17976413139981248,0
30178,2011-12-06,0.28032205687743295,0
30179,2011-12-06,0.2251793152989347,0
30180,2011-12-06,0.44737398969226877,1
30181,2011-12-06,0.43223903701298966,1
30182,2011-12-06,0.2626569904919764,0
30183,2011-12-06,0.40236978221746744,0
30184,2011-12-06,0.1553699182753968,0
30185,2011-12-06,0.15195896482270177,0
30186,2011-12-06,0.3526022342903032,0
30187,2011-12-06,0.2282196431464976,0
30188,2011-12-06,0.19907338975420497,0
30189,2011-12-06,0.28431554041227153,0
30190,2011-12-06,0.21453964981311063,1
30191,2011-12-06,0.3342807854666933,0
30192,2011-12-06,0.32837189719966803,1
30193,2011-12-06,0.2045896970320991,0
30194,2011-12-06,0.35330177087014353,0
30195,2011-12-06,0.3050467735935515,0
30196,2011-12-06,0.12658003999265108,0
30197,2011-12-06,0.3336863923026621,1
30198,2011-12-06,0.3503104690362175,0
30199,2011-12-06,0.17137673804303402,0
30200,2011-12-06,0.2812385817293304,0
30201,2011-12-06,0.26028830808309733,1
30202,2011-12-06,0.36351320620259703,1
30203,2011-12-06,0.3496886342482112,0
30204,2011-12-06,0.3535137038001278,1
30205,2011-12-06,0.366162238203004,0
30206,2011-12-06,0.25415495996374293,0
30207,2011-12-06,0.4471800957030512,1
30208,2011-12-06,0.1717615307224636,1
30209,2011-12-06,0.2486505937836906,0
30210,2011-12-06,0.20883362847226253,0
30211,2011-12-06,0.26621445686684436,0
30212,2011-12-06,0.3520417572978862,1
30213,2011-12-06,0.14293246672166218,0
30214,2011-12-06,0.2439713598366311,0
30215,2011-12-06,0.2708041206934845,1
30216,2011-12-06,0.2415103195861635,0
30217,2011-12-06,0.23081721448688394,1
30218,2011-12-06,0.3316014761527869,1
30219,2011-12-06,0.28820392213740637,0
30220,2011-12-06,0.42072490211372754,0
30221,2011-12-06,0.2745780259692353,0
30222,2011-12-06,0.17012010617508386,0
30223,2011-12-06,0.31337577896766583,0
30224,2011-12-06,0.36330787710700746,0
30225,2011-12-06,0.18597091844910468,0
30226,2011-12-06,0.525582988132802,0
30227,2011-12-06,0.21557813548299065,0
30228,2011-12-06,0.2595508123106277,1
30229,2011-12-06,0.23702687192642344,0
30230,2011-12-06,0.455084355268291,0
30231,2011-12-06,0.397792560779215,0
30232,2011-12-06,0.1885847295740955,0
30233,2011-12-06,0.2786050658541617,0
30234,2011-12-06,0.2683262078731005,0
30235,2011-12-06,0.18035853746762043,0
30236,2011-12-06,0.15337847672027619,1
30237,2011-12-06,0.429365625591965,1
30238,2011-12-06,0.18997616864405756,0
30239,2011-12-06,0.18437448913401527,1
30240,2011-12-06,0.23638175762385424,1
30241,2011-12-06,0.4823669656529085,0
30242,2011-12-06,0.19515885080833512,0
30243,2011-12-06,0.37244872816878655,1
30244,2011-12-06,0.2855678992995555,0
30245,2011-12-06,0.38195801185830314,1
30246,2011-12-06,0.219871726847108,0
30247,2011-12-06,0.42412961196605653,0
30248,2011-12-06,0.1718605355700549,1
30249,2011-12-06,0.40570902341972154,0
30250,2011-12-06,0.42303996453191894,0
30251,2011-12-06,0.36733415083336673,1
30252,2011-12-06,0.1097576085653421,0
30253,2011-12-06,0.4265742865724007,1
30254,2011-12-06,0.1478476234690055,0
30255,2011-12-06,0.32680537244989694,0
30256,2011-12-06,0.37292539991736967,0
30257,2011-12-06,0.3316932925607106,1
30258,2011-12-06,0.14810758141705754,0
30259,2011-12-06,0.18998293048223436,1
30260,2011-12-06,0.4963143197806159,0
30261,2011-12-06,0.23934351570283724,0
30262,2011-12-06,0.2804766657296249,0
30263,2011-12-06,0.14899640199704273,1
30264,2011-12-06,0.21032036854054703,0
30265,2011-12-06,0.23289085969186307,0
30266,2011-12-06,0.256619780898453,0
30267,2011-12-06,0.28526644450868544,0
30268,2011-12-06,0.18176744570822653,0
30269,2011-12-06,0.10930042154854092,0
30270,2011-12-06,0.21000481756496472,0
30271,2011-12-06,0.32402751899222704,1
30272,2011-12-06,0.32122672330487545,0
30273,2011-12-06,0.37778348211988927,1
30274,2011-12-06,0.32808017341698004,0
30275,2011-12-06,0.17934213757186235,1
30276,2011-12-06,0.17780474388351056,0
30277,2011-12-06,0.3974041761551195,0
30278,2011-12-06,0.17118343257658616,0
30279,2011-12-06,0.29249541887518415,0
30280,2011-12-06,0.3899608083718506,0
30281,2011-12-06,0.39189039713411045,1
30282,2011-12-06,0.2224701611385083,0
30283,2011-12-06,0.37219118804960166,0
30284,2011-12-06,0.17964233250802789,0
30285,2011-12-06,0.16943760392205062,0
30286,2011-12-06,0.3227176306904875,1
30287,2011-12-06,0.16456802137823692,0
30288,2011-12-06,0.34961679857563593,0
30289,2011-12-06,0.30450142854093626,0
30290,2011-12-06,0.3334585763783209,0
30291,2011-12-06,0.3183133280602635,0
30292,2011-12-06,0.16349686636975125,0
30293,2011-12-06,0.24744040428082711,0
30294,2011-12-06,0.2029714375528118,0
30295,2011-12-06,0.33229060865947424,1
30296,2011-12-06,0.1129612721713731,0
30297,2011-12-06,0.6313789925168126,1
30298,2011-12-06,0.17856454042435121,0
30299,2011-12-06,0.2556359073629673,0
30300,2011-12-06,0.27596168699001317,1
30301,2011-12-06,0.5395569523699212,0
30302,2011-12-06,0.6349070853720534,1
30303,2011-12-06,0.34619583959821965,1
30304,2011-12-06,0.22611935512080003,0
30305,2011-12-06,0.5491900852545393,0
30306,2011-12-06,0.352558333122531,1
30307,2011-12-06,0.4760593717711912,0
30308,2011-12-06,0.2322140248218933,0
30309,2011-12-06,0.21734550228944,0
30310,2011-12-06,0.5935440656964197,1
30311,2011-12-06,0.1392286306524635,0
30312,2011-12-06,0.39516344385503815,0
30313,2011-12-06,0.2298357443264774,0
30314,2011-12-06,0.5825842164557775,0
30315,2011-12-06,0.3052873272178853,1
30316,2011-12-06,0.20035519033519156,0
30317,2011-12-06,0.25094722866086433,0
30318,2011-12-06,0.2975642008236949,1
30319,2011-12-06,0.43882541974527134,0
30320,2011-12-06,0.2808617094100571,1
30321,2011-12-06,0.2940936486021224,0
30322,2011-12-06,0.18993831151264404,0
30323,2011-12-06,0.3435872937628151,1
30324,2011-12-06,0.19895470258587727,0
30325,2011-12-06,0.3729441719670555,0
30326,2011-12-06,0.12176037099904341,0
30327,2011-12-06,0.19911743029336562,0
30328,2011-12-06,0.28199657796746763,0
30329,2011-12-06,0.49905373408666154,1
30330,2011-12-06,0.515139769245583,0
30331,2011-12-06,0.30961629087926906,1
30332,2011-12-06,0.4094173177669151,1
30333,2011-12-06,0.14659231438075113,0
30334,2011-12-06,0.1968771203738138,0
30335,2011-12-06,0.4048060787457194,1
30336,2011-12-06,0.37961054462793303,0
30337,2011-12-06,0.27853589872922085,0
30338,2011-12-06,0.34096033257362174,1
30339,2011-12-06,0.1697907694465259,0
30340,2011-12-06,0.2926358150120244,0
30341,2011-12-06,0.2024315288920876,0
30342,2011-12-06,0.3799664755154748,0
30343,2011-12-06,0.35793963725850864,0
30344,2011-12-06,0.29617995016071985,0
30345,2011-12-06,0.37844911044410706,0
30346,2011-12-06,0.28177559175569966,1
30347,2011-12-06,0.15625871943455544,0
30348,2011-12-06,0.3178263276678349,0
30349,2011-12-06,0.3212665769892888,0
30350,2011-12-06,0.4332392743085244,1
30351,2011-12-06,0.1846467514515318,0
30352,2011-12-06,0.2398688012611184,0
30353,2011-12-06,0.56102786505452,1
30354,2011-12-06,0.36403777200720466,0
30355,2011-12-06,0.21264065312925204,0
30356,2011-12-06,0.3233857483077761,0
30357,2011-12-06,0.21394594656744012,0
30358,2011-12-06,0.22366182231282977,0
30359,2011-12-06,0.20649917833787687,0
30360,2011-12-06,0.36019758272967106,1
30361,2011-12-06,0.11646145011054931,0
30362,2011-12-06,0.2858596556829083,0
30363,2011-12-06,0.32539032839010407,1
30364,2011-12-06,0.4154855086291532,0
30365,2011-12-06,0.13927356246168873,1
30366,2011-12-06,0.210062657837093,1
30367,2011-12-06,0.3170198305266801,1
30368,2011-12-06,0.2910087140513169,0
30369,2011-12-06,0.2784639518917601,0
30370,2011-12-06,0.3263680246261187,0
30371,2011-12-06,0.42399403092526333,0
30372,2011-12-06,0.12796527979802552,0
30373,2011-12-06,0.2756479684587659,1
30374,2011-12-06,0.2446429953654712,0
30375,2011-12-06,0.561696052112068,0
30376,2011-12-06,0.30380459873341387,0
30377,2011-12-06,0.1905999412524049,0
30378,2011-12-06,0.25438548105299286,0
30379,2011-12-06,0.3485505325472322,0
30380,2011-12-06,0.2980732639318096,0
30381,2011-12-06,0.2848526719068666,0
30382,2011-12-06,0.5642596035962909,0
30383,2011-12-06,0.15228677186267014,0
30384,2011-12-06,0.19735673797851203,0
30385,2011-12-06,0.2522978888418003,0
30386,2011-12-06,0.18592137611358125,0
30387,2011-12-06,0.30170890019500485,0
30388,2011-12-06,0.42316236815621505,0
30389,2011-12-06,0.29475211612106417,0
30390,2011-12-06,0.2131360985728382,0
30391,2011-12-06,0.4246318380653415,0
30392,2011-12-06,0.24238561123464486,0
30393,2011-12-06,0.35465204577455367,0
30394,2011-12-06,0.41294972922652035,0
30395,2011-12-06,0.22362895804422767,1
30396,2011-12-06,0.3001060554172315,0
30397,2011-12-06,0.19441137779240977,0
30398,2011-12-06,0.24959620386799344,0
30399,2011-12-06,0.4301551083158123,1
30400,2011-12-06,0.17031308545898635,1
30401,2011-12-06,0.36412805726244024,1
30402,2011-12-06,0.18387124636763633,0
30403,2011-12-06,0.16590157877240852,0
30404,2011-12-06,0.17296084134286002,0
30405,2011-12-06,0.2133927571341719,0
30406,2011-12-06,0.2835183659788927,1
30407,2011-12-06,0.20461061795765528,0
30408,2011-12-06,0.4861654382554149,1
30409,2011-12-06,0.2782899003667864,0
30410,2011-12-06,0.15271449981418533,0
30411,2011-12-06,0.14714324992348077,0
30412,2011-12-06,0.13913456658746576,0
30413,2011-12-06,0.1872089447911201,0
30414,2011-12-06,0.20558136247111616,0
30415,2011-12-06,0.27484160154857235,0
30416,2011-12-06,0.5422618671694868,1
30417,2011-12-06,0.383240715930781,1
30418,2011-12-06,0.27282245028812147,0
30419,2011-12-06,0.17693658257188058,0
30420,2011-12-06,0.39190361288026837,0
30421,2011-12-06,0.34996711411505127,1
30422,2011-12-06,0.4674105691770924,0
30423,2011-12-06,0.31822644641784287,1
30424,2011-12-06,0.1275999175830348,0
30425,2011-12-06,0.18869615514742222,0
30426,2011-12-06,0.4886795357079543,1
30427,2011-12-06,0.42847016613906835,1
30428,2011-12-06,0.2902322297885126,0
30429,2011-12-06,0.3401336272937905,1
30430,2011-12-06,0.40408729295509577,0
30431,2011-12-06,0.2554851949494635,0
30432,2011-12-06,0.2988741559646216,0
30433,2011-12-06,0.3911426253864197,0
30434,2011-12-06,0.412381542304012,0
30435,2011-12-06,0.33942364881342924,0
30436,2011-12-06,0.2606022430587062,0
30437,2011-12-06,0.23557276574162314,0
30438,2011-12-06,0.15790707071657203,0
30439,2011-12-06,0.20282020866822295,0
30440,2011-12-06,0.2954457807699917,0
30441,2011-12-06,0.1733030867740783,0
30442,2011-12-06,0.2457562804790113,0
30443,2011-12-06,0.2805581949370599,1
30444,2011-12-06,0.18059426027533507,0
30445,2011-12-06,0.19255177343706786,1
30446,2011-12-06,0.3212020517705732,0
30447,2011-12-06,0.5699513559675519,0
30448,2011-12-06,0.3250878363605315,0
30449,2011-12-06,0.2362697181259136,0
30450,2011-12-06,0.2040541309266016,1
30451,2011-12-06,0.15529860623344205,0
30452,2011-12-06,0.39795023223950177,1
30453,2011-12-06,0.1946562649042535,0
30454,2011-12-06,0.30488817524789336,1
30455,2011-12-06,0.2501446952913841,0
30456,2011-12-06,0.3574790241676369,0
30457,2011-12-06,0.22952807236130604,0
30458,2011-12-06,0.22860796309399725,0
30459,2011-12-06,0.1750311405116958,0
30460,2011-12-06,0.13898048459124648,0
30461,2011-12-06,0.2643940058217446,0
30462,2011-12-06,0.3462538657674279,1
30463,2011-12-06,0.1932561648780792,0
30464,2011-12-06,0.3096338788405599,0
30465,2011-12-06,0.18945427687865812,1
30466,2011-12-06,0.2965614331681437,0
30467,2011-12-06,0.2505989210503851,0
30468,2011-12-06,0.28259223916490717,0
30469,2011-12-06,0.5121290050804447,0
30470,2011-12-06,0.15448742320436842,0
30471,2011-12-06,0.3538518158547936,1
30472,2011-12-06,0.23495616723513016,0
30473,2011-12-06,0.3303635577394972,0
30474,2011-12-06,0.22858002072234648,1
30475,2011-12-06,0.36607522822676186,1
30476,2011-12-06,0.4172689318797016,0
30477,2011-12-06,0.21205511800565982,0
30478,2011-12-06,0.20702883581118908,0
30479,2011-12-06,0.23610970624863514,0
30480,2011-12-06,0.1951635205684798,0
30481,2011-12-06,0.20957901319414904,1
30482,2011-12-06,0.1889293479239933,0
30483,2011-12-06,0.1932864066331386,0
30484,2011-12-06,0.1720648832547306,0
30485,2011-12-06,0.2865097484133265,0
30486,2011-12-06,0.44918464086175314,0
30487,2011-12-06,0.31624714522017733,0
30488,2011-12-06,0.2272184968681776,0
30489,2011-12-06,0.22692860045740787,0
30490,2011-12-06,0.11698621516106697,0
30491,2011-12-06,0.40851335599178756,0
30492,2011-12-06,0.25799833170186165,0
30493,2011-12-06,0.24213523626886282,0
30494,2011-12-06,0.2389134125570646,1
30495,2011-12-06,0.5028696022035363,1
30496,2011-12-06,0.14081800500966374,0
30497,2011-12-06,0.2645588210575108,0
30498,2011-12-06,0.18976110127239146,0
30499,2011-12-06,0.11868531499498332,0
30500,2011-12-06,0.25503777015514195,0
30501,2011-12-06,0.3903030280682176,0
30502,2011-12-06,0.2737377379427264,1
30503,2011-12-06,0.20113599793771814,0
30504,2011-12-06,0.22249474076737583,1
30505,2011-12-06,0.4021175988640479,1
30506,2011-12-06,0.1645502046799004,0
30507,2011-12-06,0.17685378807761737,0
30508,2011-12-06,0.3341445348256696,0
30509,2011-12-06,0.2907753188749667,0
30510,2011-12-06,0.2692897579694714,0
30511,2011-12-06,0.2746953450796988,0
30512,2011-12-06,0.31771471347571617,0
30513,2011-12-06,0.3458101479417525,0
30514,2011-12-06,0.1910793372506384,0
30515,2011-12-06,0.14003702184035213,0
30516,2011-12-06,0.3402742580054422,0
30517,2011-12-06,0.5390013797574263,0
30518,2011-12-06,0.17637992956940246,0
30519,2011-12-06,0.27505167988159424,0
30520,2011-12-06,0.14821737158857248,1
30521,2011-12-06,0.3750852405105658,0
30522,2011-12-06,0.1184441504243994,0
30523,2011-12-06,0.15464456996770964,0
30524,2011-12-06,0.1265491710379245,0
30525,2011-12-06,0.2110266317174572,0
30526,2011-12-06,0.1768716861262831,0
30527,2011-12-06,0.3512518295165588,0
30528,2011-12-06,0.2853012372938643,0
30529,2011-12-06,0.1864126973526148,0
30530,2011-12-06,0.2345924351391386,0
30531,2011-12-06,0.22238435067088458,0
30532,2011-12-06,0.3234621391440429,0
30533,2011-12-06,0.14294470972976628,0
30534,2011-12-06,0.3447832623610876,0
30535,2011-12-06,0.21828696024051655,0
30536,2011-12-06,0.13467797855833782,0
30537,2011-12-06,0.17383250283992244,0
30538,2011-12-06,0.2325958005030429,0
30539,2011-12-06,0.10471574829970562,0
30540,2011-12-06,0.2859783002332602,0
30541,2011-12-06,0.38685477035778526,0
30542,2011-12-06,0.3524086392898756,0
30543,2011-12-06,0.4332750784358076,0
30544,2011-12-06,0.2836915380432329,0
30545,2011-12-06,0.2821488434389266,0
30546,2011-12-06,0.16107679606692676,0
30547,2011-12-06,0.45743158214710034,0
30548,2011-12-06,0.23463324053799522,1
30549,2011-12-06,0.3597113385060752,1
30550,2011-12-06,0.1786396075170812,0
30551,2011-12-06,0.13687101970898283,0
30552,2011-12-06,0.5607139438339018,1
30553,2011-12-06,0.4109636868991402,1
30554,2011-12-06,0.3232977873924858,1
30555,2011-12-06,0.23705156935365468,1
30556,2011-12-06,0.31020142504937215,0
30557,2011-12-06,0.4171086896368965,1
30558,2011-12-06,0.36129838274040355,0
30559,2011-12-06,0.3080270130546529,0
30560,2011-12-06,0.15257874232869698,0
30561,2011-12-06,0.1291027057145631,1
30562,2011-12-06,0.3630914433282038,1
30563,2011-12-06,0.6007349903203237,1
30564,2011-12-06,0.4211277582065686,0
30565,2011-12-06,0.1910962268218726,0
30566,2011-12-06,0.19170219951641648,0
30567,2011-12-06,0.11374370911028817,0
30568,2011-12-06,0.22342858024042708,0
30569,2011-12-06,0.2836994493318817,0
30570,2011-12-06,0.2907001762809326,0
30571,2011-12-06,0.48639303133585327,0
30572,2011-12-06,0.36964813511807043,0
30573,2011-12-06,0.6369318463757838,0
30574,2011-12-06,0.15077448532733373,1
30575,2011-12-06,0.2012113852554769,0
30576,2011-12-06,0.3370458133267627,1
30577,2011-12-06,0.1862773392022291,0
30578,2011-12-06,0.13059490344675007,1
30579,2011-12-06,0.25717788017817855,0
30580,2011-12-06,0.3330522225640901,1
30581,2011-12-06,0.33567164066484917,0
30582,2011-12-06,0.4044963227585079,0
30583,2011-12-06,0.16600375059883662,0
30584,2011-12-06,0.33628480604536304,0
30585,2011-12-06,0.17891657044837173,1
30586,2011-12-06,0.43743368841107805,0
30587,2011-12-06,0.22113358576488393,0
30588,2011-12-06,0.36308419208304976,0
30589,2011-12-06,0.23545454986427986,0
30590,2011-12-06,0.34535140027197075,1
30591,2011-12-06,0.3990471521446421,0
30592,2011-12-06,0.19504909937263445,0
30593,2011-12-06,0.1538171402973617,0
30594,2011-12-06,0.42713839586132585,1
30595,2011-12-06,0.2746368102759423,0
30596,2011-12-06,0.3036867590585299,0
30597,2011-12-06,0.36164736642122536,0
30598,2011-12-06,0.11197280275672271,0
30599,2011-12-06,0.3345336033254521,0
30600,2011-12-06,0.1883558086216819,0
30601,2011-12-06,0.38157567061471764,0
30602,2011-12-06,0.16315304503714187,0
30603,2011-12-06,0.2962981953568041,1
30604,2011-12-06,0.21312420171599036,0
30605,2011-12-06,0.3484136826980824,1
30606,2011-12-06,0.525661645791422,1
30607,2011-12-06,0.18826719223754831,0
30608,2011-12-06,0.48437792505707955,1
30609,2011-12-06,0.14036495892681897,0
30610,2011-12-06,0.4020487439361332,1
30611,2011-12-06,0.37917143730208075,1
30612,2011-12-06,0.36886976060967125,0
30613,2011-12-06,0.2789605237175902,0
30614,2011-12-06,0.2849162050392897,0
30615,2011-12-06,0.2248018340754863,0
30616,2011-12-06,0.5317269192953534,1
30617,2011-12-06,0.4783600480581643,1
30618,2011-12-06,0.24577373611024253,0
30619,2011-12-06,0.40658763555959604,0
30620,2011-12-06,0.30795953314874286,0
30621,2011-12-06,0.34711109684989283,0
30622,2011-12-06,0.3062882203807194,0
30623,2011-12-06,0.3338216953231402,0
30624,2011-12-06,0.1837544029079906,0
30625,2011-12-06,0.2844158092622206,0
30626,2011-12-06,0.2941512051199303,0
30627,2011-12-06,0.3809636575224174,1
30628,2011-12-06,0.23735368788221103,0
30629,2011-12-06,0.6030470850454687,1
30630,2011-12-06,0.2091418355062573,0
30631,2011-12-06,0.2982381210069846,0
30632,2011-12-06,0.34867501865692335,1
30633,2011-12-06,0.32787689832193523,1
30634,2011-12-06,0.37192979072717713,0
30635,2011-12-06,0.4498565932951266,0
30636,2011-12-06,0.17388403986065468,0
30637,2011-12-06,0.584931833247476,1
30638,2011-12-06,0.2383393069693889,0
30639,2011-12-06,0.4153695377125812,1
30640,2011-12-06,0.34287355016015947,0
30641,2011-12-06,0.20474726959305353,0
30642,2011-12-06,0.1778629292232081,0
30643,2011-12-06,0.37981004329198675,0
30644,2011-12-06,0.1452458830538728,0
30645,2011-12-06,0.1673662100173366,0
30646,2011-12-06,0.37565150929810004,0
30647,2011-12-06,0.30487585602115086,0
30648,2011-12-06,0.38657537982958823,0
30649,2011-12-06,0.2347368671378122,0
30650,2011-12-06,0.43285579679477454,0
30651,2011-12-06,0.16786185492222544,0
30652,2011-12-06,0.17484112235093516,0
30653,2011-12-06,0.28146345578834114,0
30654,2011-12-06,0.5469074771332146,0
30655,2011-12-06,0.215065241555986,0
30656,2011-12-06,0.15294514059704023,0
30657,2011-12-06,0.23956639631689472,0
30658,2011-12-06,0.18212996889042793,0
30659,2011-12-06,0.41125512191891295,0
30660,2011-12-06,0.15196379736291082,0
30661,2011-12-06,0.2568124630445646,0
30662,2011-12-06,0.23844538130095475,0
30663,2011-12-06,0.22208943999705658,0
30664,2011-12-06,0.3110565921834813,0
30665,2011-12-06,0.25215995969940924,0
30666,2011-12-06,0.3739786477618896,0
30667,2011-12-06,0.38016287859201514,0
30668,2011-12-06,0.2619737181658696,0
30669,2011-12-06,0.09785021671569133,0
30670,2011-12-06,0.20493428173056505,0
30671,2011-12-06,0.42264394954365536,0
30672,2011-12-06,0.3023484880325874,0
30673,2011-12-06,0.22570396730833447,0
30674,2011-12-06,0.41042564977926443,0
30675,2011-12-06,0.18918044417090427,0
30676,2011-12-06,0.3655025495872105,0
30677,2011-12-06,0.24257972902667962,1
30678,2011-12-06,0.5102891426573308,1
30679,2011-12-06,0.1749652057126422,0
30680,2011-12-06,0.3681899270894389,0
30681,2011-12-06,0.5312608051562209,0
30682,2011-12-06,0.48310184068836204,0
30683,2011-12-06,0.10292183634339946,0
30684,2011-12-06,0.35310484871776043,1
30685,2011-12-06,0.27356806652525156,0
30686,2011-12-06,0.23261437993574274,0
30687,2011-12-06,0.3807770665294467,0
30688,2011-12-06,0.530914007285555,1
30689,2011-12-06,0.2855340399191852,1
30690,2011-12-06,0.22948801951926592,0
30691,2011-12-06,0.25359181158019295,0
30692,2011-12-06,0.5115845932421575,0
30693,2011-12-06,0.18580056207645243,0
30694,2011-12-06,0.4705231885111537,1
30695,2011-12-06,0.34418234136190445,1
30696,2011-12-06,0.10641330575436876,0
30697,2011-12-06,0.15198170828150415,0
30698,2011-12-06,0.24740794739615518,0
30699,2011-12-06,0.24508482999011041,1
30700,2011-12-06,0.21561399445551682,0
30701,2011-12-06,0.24000091332354587,0
30702,2011-12-06,0.178832180817668,0
30703,2011-12-06,0.3075378470056544,0
30704,2011-12-06,0.18031986008202297,0
30705,2011-12-06,0.26673201821680104,0
30706,2011-12-06,0.36995316408626755,0
30707,2011-12-06,0.1559327399786314,0
30708,2011-12-06,0.3665840571863152,1
30709,2011-12-06,0.17130184093514378,0
30710,2011-12-06,0.32907908382278994,0
30711,2011-12-06,0.21822093728048123,0
30712,2011-12-06,0.27417281257303594,0
30713,2011-12-06,0.4962291465713568,0
30714,2011-12-06,0.12503181845427006,0
30715,2011-12-06,0.22334353340551336,0
30716,2011-12-06,0.2240652312725261,0
30717,2011-12-06,0.18299394496646434,0
30718,2011-12-06,0.20907759104994444,0
30719,2011-12-06,0.2869587917739601,1
30720,2011-12-06,0.41163024904443785,1
30721,2011-12-06,0.1495323283385487,0
30722,2011-12-06,0.13195705523575238,0
30723,2011-12-06,0.16831273670895236,0
30724,2011-12-06,0.3505147483457876,0
30725,2011-12-06,0.25173066506494324,0
30726,2011-12-06,0.21512682392404514,0
30727,2011-12-06,0.26401099822844826,0
30728,2011-12-06,0.27987003267382266,0
30729,2011-12-06,0.2526736101638494,0
30730,2011-12-06,0.2593177498211185,0
30731,2011-12-06,0.20277028199775715,1
30732,2011-12-06,0.4309868716268009,1
30733,2011-12-06,0.3428160825945171,1
30734,2011-12-06,0.34489976175763176,0
30735,2011-12-06,0.24850797417671824,0
30736,2011-12-06,0.26499763705331597,1
30737,2011-12-06,0.26930704469106964,0
30738,2011-12-06,0.245446902388454,0
30739,2011-12-06,0.33390400899296785,0
30740,2011-12-06,0.35888800113854424,0
30741,2011-12-06,0.29628145721576593,0
30742,2011-12-06,0.44035172705046693,1
30743,2011-12-06,0.20190022659401438,0
30744,2011-12-06,0.34515055808894307,0
30745,2011-12-06,0.4201347442459369,1
30746,2011-12-06,0.2675192961702135,0
30747,2011-12-06,0.2784503296275895,0
30748,2011-12-06,0.3369394167955375,0
30749,2011-12-06,0.36035916198217277,1
30750,2011-12-06,0.19040061827859495,0
30751,2011-12-06,0.15255307870534326,0
30752,2011-12-06,0.15873431482080186,0
30753,2011-12-06,0.1519592304486998,0
30754,2011-12-06,0.14515419571286448,0
30755,2011-12-06,0.22115760830800107,0
30756,2011-12-06,0.1920299118640891,0
30757,2011-12-06,0.19719523913297674,0
30758,2011-12-06,0.16013890216360452,0
30759,2011-12-06,0.20092881896717976,0
30760,2011-12-06,0.164662396991225,0
30761,2011-12-06,0.20648070710114363,0
30762,2011-12-06,0.4756923349819959,0
30763,2011-12-06,0.2058690983964302,0
30764,2011-12-06,0.4601369292468094,1
30765,2011-12-06,0.21738774627607085,0
30766,2011-12-06,0.16153285566166872,0
30767,2011-12-06,0.2657453722660102,1
30768,2011-12-06,0.32152061297374906,0
30769,2011-12-06,0.18771234656811125,1
30770,2011-12-06,0.6766075585423091,1
30771,2011-12-06,0.4848264681558449,0
30772,2011-12-06,0.4322247699437574,1
30773,2011-12-06,0.3479885423840777,0
30774,2011-12-06,0.2201573258948164,0
30775,2011-12-06,0.4973479674536913,0
30776,2011-12-06,0.19929998275357,0
30777,2011-12-06,0.18790304789040552,0
30778,2011-12-06,0.3756769577458201,0
30779,2011-12-06,0.22327798327097234,0
30780,2011-12-06,0.16772114767123053,0
30781,2011-12-06,0.4645745150575623,0
30782,2011-12-06,0.18671745957483515,1
30783,2011-12-06,0.3596678345423768,0
30784,2011-12-06,0.3220843871670877,0
30785,2011-12-06,0.32099486733921806,1
30786,2011-12-06,0.2216173759542974,0
30787,2011-12-06,0.5647759492734203,0
30788,2011-12-06,0.254576159232432,0
30789,2011-12-06,0.18411451349112723,0
30790,2011-12-06,0.16871828859634283,0
30791,2011-12-06,0.21257737355125156,0
30792,2011-12-06,0.2673716423649537,0
30793,2011-12-06,0.609907719109579,0
30794,2011-12-06,0.24104774753822172,0
30795,2011-12-06,0.3754203584887653,0
30796,2011-12-06,0.39049949268378836,0
30797,2011-12-06,0.22104670441365135,1
30798,2011-12-06,0.22724785472409792,0
30799,2011-12-06,0.1792753497517757,0
30800,2011-12-06,0.2989398289294206,0
30801,2011-12-06,0.18878649470869469,0
30802,2011-12-06,0.22060344010760366,0
30803,2011-12-06,0.11582524757324782,0
30804,2011-12-06,0.22210457562019195,0
30805,2011-12-06,0.41934396702000504,0
30806,2011-12-06,0.38516712225595595,0
30807,2011-12-06,0.2546763171330566,0
30808,2011-12-06,0.4546876141953136,0
30809,2011-12-06,0.34834916907218527,0
30810,2011-12-06,0.2507746765023296,0
30811,2011-12-06,0.25626708288189765,0
30812,2011-12-06,0.19811672774202288,0
30813,2011-12-06,0.2547163778038192,0
30814,2011-12-06,0.14037523886808073,0
30815,2011-12-06,0.24816981926700843,0
30816,2011-12-06,0.2030711951450024,0
30817,2011-12-06,0.2246963250831913,0
30818,2011-12-06,0.2351746209418277,1
30819,2011-12-06,0.3492723230449024,1
30820,2011-12-06,0.4245514114891167,1
30821,2011-12-06,0.3443239905087951,0
30822,2011-12-06,0.22315271899267022,0
30823,2011-12-06,0.18509923372180365,0
30824,2011-12-06,0.2341793017022835,0
30825,2011-12-06,0.4817011324890148,0
30826,2011-12-06,0.11939290543893043,0
30827,2011-12-06,0.5165867842178029,0
30828,2011-12-06,0.3709934216829858,0
30829,2011-12-06,0.31080787178341057,1
30830,2011-12-06,0.32841665895413225,0
30831,2011-12-06,0.38755521581811264,0
30832,2011-12-06,0.18568860755132346,0
30833,2011-12-06,0.4217993456486087,0
30834,2011-12-06,0.4524662294479079,0
30835,2011-12-06,0.16626479897132718,0
30836,2011-12-06,0.2530987896917433,0
30837,2011-12-06,0.10127858172445879,0
30838,2011-12-06,0.3276935476107299,0
30839,2011-12-06,0.36882008480090595,1
30840,2011-12-06,0.18660616927277004,0
30841,2011-12-06,0.14613807046121843,0
30842,2011-12-06,0.3591400624823022,1
30843,2011-12-06,0.3188068766213175,0
30844,2011-12-06,0.16403399330583407,0
30845,2011-12-06,0.2817352950432849,0
30846,2011-12-06,0.2561521647014349,0
30847,2011-12-06,0.16786764551425412,0
30848,2011-12-06,0.2691453732333951,0
30849,2011-12-06,0.1330037015832671,1
30850,2011-12-06,0.41917255210712995,0
30851,2011-12-06,0.39904423784615756,0
30852,2011-12-06,0.262254495963523,0
30853,2011-12-06,0.2699489573845665,1
30854,2011-12-06,0.29239003692130916,0
30855,2011-12-06,0.18604237411978572,0
30856,2011-12-06,0.34224219344292867,0
30857,2011-12-06,0.45138320606146953,1
30858,2011-12-06,0.32232498865744524,0
30859,2011-12-06,0.23780184866652077,1
30860,2011-12-06,0.31541510610776635,0
30861,2011-12-06,0.3144080026596639,0
30862,2011-12-06,0.14485615722133355,0
30863,2011-12-06,0.26285576798370897,0
30864,2011-12-06,0.4146592633171467,0
30865,2011-12-06,0.31827365462372015,0
30866,2011-12-06,0.1433150640395374,0
30867,2011-12-06,0.3047749350085334,0
30868,2011-12-06,0.2920192536810228,0
30869,2011-12-06,0.3131644168568667,0
30870,2011-12-06,0.40078639344069933,0
30871,2011-12-06,0.5153745560665539,1
30872,2011-12-06,0.2417936916175348,0
30873,2011-12-06,0.21741708351344202,1
30874,2011-12-06,0.3558247136552518,0
30875,2011-12-06,0.19796883711477048,0
30876,2011-12-06,0.2951529020031744,0
30877,2011-12-06,0.2802299553630924,0
30878,2011-12-06,0.42491519007944767,1
30879,2011-12-06,0.1798522964233649,1
30880,2011-12-06,0.25227410114008286,0
30881,2011-12-06,0.2245389200964427,0
30882,2011-12-06,0.13865870001800004,0
30883,2011-12-06,0.3182714720110469,0
30884,2011-12-06,0.531912561207881,0
30885,2011-12-06,0.3314466487851714,1
30886,2011-12-06,0.3482703867047343,0
30887,2011-12-07,0.2324289430178456,0
30888,2011-12-07,0.398804217699625,1
30889,2011-12-07,0.1852993810548204,0
30890,2011-12-07,0.29965086178087863,0
30891,2011-12-07,0.49251509714625546,1
30892,2011-12-07,0.45248525544104834,0
30893,2011-12-07,0.3457048203421484,1
30894,2011-12-07,0.43249936645370063,1
30895,2011-12-07,0.19498517592479997,0
30896,2011-12-07,0.17524197143231748,0
30897,2011-12-07,0.21322316504275227,0
30898,2011-12-07,0.357097241971303,0
30899,2011-12-07,0.20659816034671616,0
30900,2011-12-07,0.2514789344172411,0
30901,2011-12-07,0.44298765873964824,0
30902,2011-12-07,0.46342768455846917,1
30903,2011-12-07,0.20607329157941343,0
30904,2011-12-07,0.3980412272508493,1
30905,2011-12-07,0.3199173729001207,1
30906,2011-12-07,0.44997556433943525,1
30907,2011-12-07,0.19047675437194309,0
30908,2011-12-07,0.3554216684885665,0
30909,2011-12-07,0.2512532270550507,0
30910,2011-12-07,0.3741547118117428,0
30911,2011-12-07,0.18271323682708404,1
30912,2011-12-07,0.1706297675369592,0
30913,2011-12-07,0.13431499638661168,1
30914,2011-12-07,0.2801203213548805,0
30915,2011-12-07,0.5715017254899625,1
30916,2011-12-07,0.4687683779387378,0
30917,2011-12-07,0.18431001971892572,0
30918,2011-12-07,0.43293449417948887,1
30919,2011-12-07,0.13356015248468459,0
30920,2011-12-07,0.28442249910748824,0
30921,2011-12-07,0.2108780885712782,0
30922,2011-12-07,0.15576621539395485,0
30923,2011-12-07,0.32246695540337283,0
30924,2011-12-07,0.35798544132004434,1
30925,2011-12-07,0.2167958681728721,0
30926,2011-12-07,0.13232333028484916,0
30927,2011-12-07,0.2471805240782898,1
30928,2011-12-07,0.4388117568908463,1
30929,2011-12-07,0.22513339538935626,0
30930,2011-12-07,0.45254250564505133,0
30931,2011-12-07,0.13006890078469724,0
30932,2011-12-07,0.4245490889223371,0
30933,2011-12-07,0.21878330311093147,0
30934,2011-12-07,0.2615557152952264,0
30935,2011-12-07,0.4156943943795558,0
30936,2011-12-07,0.26341199181756647,0
30937,2011-12-07,0.2847421330659756,0
30938,2011-12-07,0.15993189948605396,0
30939,2011-12-07,0.29967807672486074,0
30940,2011-12-07,0.16701990016763568,1
30941,2011-12-07,0.2900947526026159,0
30942,2011-12-07,0.3678304130238322,0
30943,2011-12-07,0.25241663852733504,0
30944,2011-12-07,0.5599502171054835,1
30945,2011-12-07,0.2039732579653834,0
30946,2011-12-07,0.46832450982714485,0
30947,2011-12-07,0.26182540096452384,1
30948,2011-12-07,0.13187812729349502,0
30949,2011-12-07,0.20766928057416473,0
30950,2011-12-07,0.22138661669381443,0
30951,2011-12-07,0.30986329762350934,0
30952,2011-12-07,0.30153114619235644,0
30953,2011-12-07,0.414288548785456,0
30954,2011-12-07,0.3449710209085158,0
30955,2011-12-07,0.3318017880476332,0
30956,2011-12-07,0.28295301934556544,1
30957,2011-12-07,0.328425878411838,0
30958,2011-12-07,0.5585613583372318,1
30959,2011-12-07,0.35367081473362266,0
30960,2011-12-07,0.49819144440349816,0
30961,2011-12-07,0.16211740630317042,0
30962,2011-12-07,0.5248519135163301,1
30963,2011-12-07,0.13766609083635456,1
30964,2011-12-07,0.23040714092673087,1
30965,2011-12-07,0.17345045000664336,0
30966,2011-12-07,0.3606376793479345,0
30967,2011-12-07,0.2863187080069819,0
30968,2011-12-07,0.2698007420504895,0
30969,2011-12-07,0.18211013368654463,0
30970,2011-12-07,0.24015672897191934,0
30971,2011-12-07,0.4165524698931279,0
30972,2011-12-07,0.5428323909632013,1
30973,2011-12-07,0.2148121031692603,1
30974,2011-12-07,0.28398552669061417,0
30975,2011-12-07,0.1588042987284792,0
30976,2011-12-07,0.13382832726423272,1
30977,2011-12-07,0.38409598971800357,0
30978,2011-12-07,0.17923924819006082,0
30979,2011-12-07,0.46926762627798535,0
30980,2011-12-07,0.5536182572565215,1
30981,2011-12-07,0.2653544924829225,0
30982,2011-12-07,0.5480349973575607,1
30983,2011-12-07,0.202440059655166,0
30984,2011-12-07,0.17942980270929715,0
30985,2011-12-07,0.31665842970582747,0
30986,2011-12-07,0.21014483533565756,1
30987,2011-12-07,0.46358968181633653,0
30988,2011-12-07,0.2093778961612221,0
30989,2011-12-07,0.29581647590095006,0
30990,2011-12-07,0.3718675672853532,1
30991,2011-12-07,0.17316619108018472,0
30992,2011-12-07,0.19933821599161092,0
30993,2011-12-07,0.3048549731882498,0
30994,2011-12-07,0.3441089896499271,0
30995,2011-12-07,0.3093059529417377,1
30996,2011-12-07,0.25225409441526103,1
30997,2011-12-07,0.2124705377588859,0
30998,2011-12-07,0.23829157748167035,0
30999,2011-12-07,0.2477915827760272,0
31000,2011-12-07,0.4841195968687338,1
31001,2011-12-07,0.18487830659428633,0
31002,2011-12-07,0.2695462651026357,1
31003,2011-12-07,0.4295870571438278,1
31004,2011-12-07,0.26885987155668517,0
31005,2011-12-07,0.2583347407158965,0
31006,2011-12-07,0.3603165726037157,0
31007,2011-12-07,0.16076935952358162,0
31008,2011-12-07,0.22117968154856718,0
31009,2011-12-07,0.11776058440688357,0
31010,2011-12-07,0.1455227757174615,0
31011,2011-12-07,0.27038099454823994,0
31012,2011-12-07,0.20967893151525624,0
31013,2011-12-07,0.2540509566257846,0
31014,2011-12-07,0.20885470005437728,0
31015,2011-12-07,0.22512148885867736,1
31016,2011-12-07,0.26168501940532046,0
31017,2011-12-07,0.3762954094227506,0
31018,2011-12-07,0.17507716151772731,0
31019,2011-12-07,0.2131412965295909,0
31020,2011-12-07,0.17570054305075186,0
31021,2011-12-07,0.2500907220350154,0
31022,2011-12-07,0.11449074867864217,0
31023,2011-12-07,0.3215456435379291,1
31024,2011-12-07,0.23394612202130896,0
31025,2011-12-07,0.2705246623257318,0
31026,2011-12-07,0.320723457758251,1
31027,2011-12-07,0.6105598329138375,1
31028,2011-12-07,0.17866474276488206,0
31029,2011-12-07,0.21009887045080203,0
31030,2011-12-07,0.16628996409632965,0
31031,2011-12-07,0.27997661559312614,0
31032,2011-12-07,0.4055403062148944,1
31033,2011-12-07,0.1513122565595539,0
31034,2011-12-07,0.145797700693203,1
31035,2011-12-07,0.16185740556657036,0
31036,2011-12-07,0.15099685131971796,0
31037,2011-12-07,0.2905769179680962,0
31038,2011-12-07,0.3792645914483691,0
31039,2011-12-07,0.27369875401882265,0
31040,2011-12-07,0.11766339532961889,0
31041,2011-12-07,0.34820385072665216,0
31042,2011-12-07,0.2079889785096294,0
31043,2011-12-07,0.399953490131416,0
31044,2011-12-07,0.42450719452676516,1
31045,2011-12-07,0.4605099258192512,0
31046,2011-12-07,0.36756186765702936,0
31047,2011-12-07,0.12034328855918108,0
31048,2011-12-07,0.18919296274908134,0
31049,2011-12-07,0.5134703707719914,1
31050,2011-12-07,0.2779506859769338,0
31051,2011-12-07,0.11780184802191124,0
31052,2011-12-07,0.2231986177842313,0
31053,2011-12-07,0.18804472387911852,0
31054,2011-12-07,0.2801316962700461,0
31055,2011-12-07,0.2963796418463854,0
31056,2011-12-07,0.14075383329888583,0
31057,2011-12-07,0.2136273740126283,0
31058,2011-12-07,0.18918040581453635,0
31059,2011-12-07,0.2197536613648596,0
31060,2011-12-07,0.30677265590524505,0
31061,2011-12-07,0.23215661267519663,0
31062,2011-12-07,0.21798234352033058,0
31063,2011-12-07,0.41832963785610283,1
31064,2011-12-07,0.26344292354228255,0
31065,2011-12-07,0.5063783343573363,0
31066,2011-12-07,0.2713152853092776,0
31067,2011-12-07,0.29610515835042617,0
31068,2011-12-07,0.2291774479429855,0
31069,2011-12-07,0.1862974731997044,0
31070,2011-12-07,0.26753018940721035,1
31071,2011-12-07,0.2715065412718302,0
31072,2011-12-07,0.27808496309776765,1
31073,2011-12-07,0.10289787783440099,0
31074,2011-12-07,0.18161753837195657,0
31075,2011-12-07,0.264600727213194,0
31076,2011-12-07,0.2206753287237503,0
31077,2011-12-07,0.2122605920690289,0
31078,2011-12-07,0.20633079259312087,0
31079,2011-12-07,0.45592285176734293,0
31080,2011-12-07,0.416090697733234,0
31081,2011-12-07,0.21103037560314328,0
31082,2011-12-07,0.224522263472518,0
31083,2011-12-07,0.5069351602355978,0
31084,2011-12-07,0.5838410476131906,1
31085,2011-12-07,0.32446525774045826,1
31086,2011-12-07,0.21071531606337474,1
31087,2011-12-07,0.1976917363343556,0
31088,2011-12-07,0.33989923203342026,1
31089,2011-12-07,0.3924104184151349,1
31090,2011-12-07,0.4578313498871557,0
31091,2011-12-07,0.2942065090352408,0
31092,2011-12-07,0.22090117456992447,0
31093,2011-12-07,0.19861254522037255,0
31094,2011-12-07,0.3772206610998325,0
31095,2011-12-07,0.27043226911284834,0
31096,2011-12-07,0.14460681974786072,0
31097,2011-12-07,0.1971474569720972,0
31098,2011-12-07,0.3716207527541538,1
31099,2011-12-07,0.20963185071196597,0
31100,2011-12-07,0.22853860291336942,0
31101,2011-12-07,0.18351116707690135,0
31102,2011-12-07,0.1308772839439738,1
31103,2011-12-07,0.20748825055222384,0
31104,2011-12-07,0.3336094679439762,0
31105,2011-12-07,0.3624073261241764,1
31106,2011-12-07,0.44476292387872096,1
31107,2011-12-07,0.316659689279655,0
31108,2011-12-07,0.17126017850659567,0
31109,2011-12-07,0.16731193555759105,0
31110,2011-12-07,0.4224928970881636,0
31111,2011-12-07,0.4066990346896873,0
31112,2011-12-07,0.15392464583302456,0
31113,2011-12-07,0.32869978976614816,1
31114,2011-12-07,0.6294326075750086,1
31115,2011-12-07,0.13834167848157658,0
31116,2011-12-07,0.3814891342185914,1
31117,2011-12-07,0.22950134116003124,0
31118,2011-12-07,0.5632866765586474,0
31119,2011-12-07,0.2679064217735103,1
31120,2011-12-07,0.2323658427322153,1
31121,2011-12-07,0.20000303290455335,0
31122,2011-12-07,0.2586535721249693,0
31123,2011-12-07,0.2671439719201296,0
31124,2011-12-07,0.46883259333068505,0
31125,2011-12-07,0.19333975923037525,0
31126,2011-12-07,0.19201968125607208,0
31127,2011-12-07,0.34557846000072845,0
31128,2011-12-07,0.17412414602102338,0
31129,2011-12-07,0.38168539983477917,1
31130,2011-12-07,0.2611952109555657,0
31131,2011-12-07,0.24778846906719362,0
31132,2011-12-07,0.4348819249459751,1
31133,2011-12-07,0.502815324804712,0
31134,2011-12-07,0.10760555024864664,0
31135,2011-12-07,0.21177899278159074,0
31136,2011-12-07,0.20631122475302813,0
31137,2011-12-07,0.15725653967226969,0
31138,2011-12-07,0.17483378576746844,0
31139,2011-12-07,0.15807164328191722,0
31140,2011-12-07,0.3674212259082288,0
31141,2011-12-07,0.45018511536830186,0
31142,2011-12-07,0.19814565318421448,0
31143,2011-12-07,0.2399449266434595,0
31144,2011-12-07,0.1713499749773322,0
31145,2011-12-07,0.28285344713976857,1
31146,2011-12-07,0.1278465368931293,0
31147,2011-12-07,0.37415882150307306,0
31148,2011-12-07,0.16343945344043262,0
31149,2011-12-07,0.22450750421896035,0
31150,2011-12-07,0.31523426489185347,0
31151,2011-12-07,0.27947247741638165,1
31152,2011-12-07,0.25916062668014,0
31153,2011-12-07,0.352052945503084,0
31154,2011-12-07,0.4224392096296395,0
31155,2011-12-07,0.13413566317587916,0
31156,2011-12-07,0.21869578601298365,0
31157,2011-12-07,0.1424303181730371,0
31158,2011-12-07,0.20015361842709062,1
31159,2011-12-07,0.3639604652919767,0
31160,2011-12-07,0.1954620584890071,0
31161,2011-12-07,0.1488217568491407,0
31162,2011-12-07,0.23982146055217596,1
31163,2011-12-07,0.31629495546012826,0
31164,2011-12-07,0.34104727595748313,0
31165,2011-12-07,0.2842522726980532,0
31166,2011-12-07,0.14534029481661226,0
31167,2011-12-07,0.12618949204594687,0
31168,2011-12-07,0.3516977278715595,0
31169,2011-12-07,0.4664567823009087,0
31170,2011-12-07,0.5137317978723918,0
31171,2011-12-07,0.22104512896440778,0
31172,2011-12-07,0.16798628880527153,1
31173,2011-12-07,0.16199565861698667,0
31174,2011-12-07,0.3197381062182321,0
31175,2011-12-07,0.20399703347405207,0
31176,2011-12-07,0.18757882171905166,0
31177,2011-12-07,0.24098950093659602,1
31178,2011-12-07,0.19302734421307044,1
31179,2011-12-07,0.20652254659873695,0
31180,2011-12-07,0.24987941961956736,1
31181,2011-12-07,0.20116506013206314,0
31182,2011-12-07,0.43972695660945604,1
31183,2011-12-07,0.5863653950447558,1
31184,2011-12-07,0.42053279073567906,1
31185,2011-12-07,0.10140513496559819,0
31186,2011-12-07,0.1617595605082592,0
31187,2011-12-07,0.19976218846841567,0
31188,2011-12-07,0.19637481709568116,0
31189,2011-12-07,0.38531263313427594,1
31190,2011-12-07,0.19189911607061164,0
31191,2011-12-07,0.28381667021683266,0
31192,2011-12-07,0.2273963491316391,0
31193,2011-12-07,0.15417940141382105,0
31194,2011-12-07,0.23694693226443778,0
31195,2011-12-07,0.31441857949750673,0
31196,2011-12-07,0.2305649786976084,0
31197,2011-12-07,0.3344351412482157,1
31198,2011-12-07,0.5202947392348554,1
31199,2011-12-07,0.27203965849260914,0
31200,2011-12-07,0.192111038720547,0
31201,2011-12-07,0.2159684169680167,0
31202,2011-12-07,0.17013793156147067,0
31203,2011-12-07,0.17026140038775772,0
31204,2011-12-07,0.3181844757170641,0
31205,2011-12-07,0.2005988572227516,0
31206,2011-12-07,0.2619930238142461,1
31207,2011-12-07,0.14697985087523,0
31208,2011-12-07,0.15983283818895327,0
31209,2011-12-07,0.13723776081396233,0
31210,2011-12-07,0.4352496218629451,1
31211,2011-12-07,0.17545287244456517,0
31212,2011-12-07,0.29563006473783265,0
31213,2011-12-07,0.11737321219974085,0
31214,2011-12-07,0.39406734463080695,1
31215,2011-12-07,0.411627864781828,0
31216,2011-12-07,0.29128647032462696,0
31217,2011-12-07,0.3074960041339952,0
31218,2011-12-07,0.46725307600300714,1
31219,2011-12-07,0.32116311245968027,0
31220,2011-12-07,0.15432547915878425,0
31221,2011-12-07,0.21157529128294297,1
31222,2011-12-07,0.3239140616686175,0
31223,2011-12-07,0.3745156153437387,1
31224,2011-12-07,0.20205432996443176,0
31225,2011-12-07,0.29323771260848924,0
31226,2011-12-07,0.46003407305117056,1
31227,2011-12-07,0.23157544168958194,0
31228,2011-12-07,0.11805093345491809,0
31229,2011-12-07,0.19645890843322034,0
31230,2011-12-07,0.29245367125042715,0
31231,2011-12-07,0.40001428638552083,1
31232,2011-12-07,0.20617185964076407,0
31233,2011-12-07,0.37325120344840806,0
31234,2011-12-07,0.47401483583186,1
31235,2011-12-07,0.3247533096104999,0
31236,2011-12-07,0.1969350673199679,0
31237,2011-12-07,0.32699159060621075,1
31238,2011-12-07,0.30046990035228915,1
31239,2011-12-07,0.2693266439872145,0
31240,2011-12-07,0.4103300690985418,1
31241,2011-12-07,0.40656792217482773,1
31242,2011-12-07,0.14600055276401439,1
31243,2011-12-07,0.22914298656354037,0
31244,2011-12-07,0.2721062697182154,0
31245,2011-12-07,0.2113362710916681,0
31246,2011-12-07,0.3736896344091248,1
31247,2011-12-07,0.2897545040402429,0
31248,2011-12-07,0.13551807608288324,0
31249,2011-12-07,0.29249239236339686,0
31250,2011-12-07,0.2750450390696562,0
31251,2011-12-07,0.414032167203452,0
31252,2011-12-07,0.1802990793740512,0
31253,2011-12-07,0.25487216136783913,0
31254,2011-12-07,0.16589189783623629,0
31255,2011-12-07,0.3123202240669831,0
31256,2011-12-07,0.36783013037414664,1
31257,2011-12-07,0.23806742201246162,0
31258,2011-12-07,0.3253988674313366,0
31259,2011-12-07,0.29282075891796067,0
31260,2011-12-07,0.17910960019318842,0
31261,2011-12-07,0.3019831769362281,0
31262,2011-12-07,0.19955580368697864,0
31263,2011-12-07,0.4017520594745085,0
31264,2011-12-07,0.12248022310506665,0
31265,2011-12-07,0.18227867392607655,0
31266,2011-12-07,0.1774388594982798,0
31267,2011-12-07,0.1484578965389758,0
31268,2011-12-07,0.22252432640092815,0
31269,2011-12-07,0.14427676455179061,0
31270,2011-12-07,0.22209532700584153,0
31271,2011-12-07,0.31834488686819745,1
31272,2011-12-07,0.3168525727113543,0
31273,2011-12-07,0.1766092011954125,0
31274,2011-12-07,0.3936763532542895,1
31275,2011-12-07,0.14922729123791897,0
31276,2011-12-07,0.28715511326682064,1
31277,2011-12-07,0.3597626144129962,0
31278,2011-12-07,0.24199517759756645,0
31279,2011-12-07,0.1967010125282679,0
31280,2011-12-07,0.16307566224956244,0
31281,2011-12-07,0.24532744223635364,0
31282,2011-12-07,0.12420033663891292,0
31283,2011-12-07,0.2921068044359694,1
31284,2011-12-07,0.18036052121281007,0
31285,2011-12-07,0.2055047135203085,0
31286,2011-12-07,0.2219668979772138,1
31287,2011-12-07,0.20083658723748019,0
31288,2011-12-07,0.2621530676942312,0
31289,2011-12-07,0.30950416086203303,0
31290,2011-12-07,0.6735806780924856,0
31291,2011-12-07,0.12927900402936263,0
31292,2011-12-07,0.21702765662053414,0
31293,2011-12-07,0.3596201145473653,0
31294,2011-12-07,0.19733787402416045,0
31295,2011-12-07,0.165950988068891,1
31296,2011-12-07,0.248871943243986,0
31297,2011-12-07,0.36082681925353227,0
31298,2011-12-07,0.354240290282738,0
31299,2011-12-07,0.26603717104812163,0
31300,2011-12-07,0.2664749196694974,0
31301,2011-12-07,0.3432583442980104,0
31302,2011-12-07,0.46293738696429865,1
31303,2011-12-07,0.40019722661566565,0
31304,2011-12-07,0.44512203604307804,1
31305,2011-12-07,0.2096555935850837,0
31306,2011-12-07,0.21651177186719664,0
31307,2011-12-07,0.3091112494063658,0
31308,2011-12-07,0.1365848009192864,0
31309,2011-12-07,0.23722151097292282,0
31310,2011-12-07,0.11490764488490703,0
31311,2011-12-07,0.2868190339702075,0
31312,2011-12-07,0.12652015549819673,0
31313,2011-12-07,0.27762206763359754,0
31314,2011-12-07,0.3368877482413216,0
31315,2011-12-07,0.3245069942306627,0
31316,2011-12-07,0.20867995841244308,0
31317,2011-12-07,0.30427966373760795,0
31318,2011-12-07,0.26878694295503347,0
31319,2011-12-07,0.201374793610934,0
31320,2011-12-07,0.20663736951428413,0
31321,2011-12-07,0.17642675030465718,0
31322,2011-12-07,0.25195283912331035,0
31323,2011-12-07,0.2831696630566173,0
31324,2011-12-07,0.2670376128618029,0
31325,2011-12-07,0.30313048542912885,0
31326,2011-12-07,0.32715545442475885,0
31327,2011-12-07,0.288407476967205,0
31328,2011-12-07,0.28289700828311803,1
31329,2011-12-07,0.319506147322566,0
31330,2011-12-07,0.16184791295056739,0
31331,2011-12-07,0.5213399866808808,0
31332,2011-12-07,0.2266339729001989,0
31333,2011-12-07,0.3042334990016427,0
31334,2011-12-07,0.38676830531160555,0
31335,2011-12-07,0.3487535074997318,0
31336,2011-12-07,0.18296161317921106,0
31337,2011-12-07,0.34586051879640706,0
31338,2011-12-07,0.23516508071002287,0
31339,2011-12-07,0.19222636018976705,0
31340,2011-12-07,0.2561457155923232,0
31341,2011-12-07,0.18989870093004305,0
31342,2011-12-07,0.2172148804555776,0
31343,2011-12-07,0.26457233005424124,0
31344,2011-12-07,0.20501026458030291,0
31345,2011-12-07,0.6259681027417137,1
31346,2011-12-07,0.31679017157818035,0
31347,2011-12-07,0.2766537665242727,0
31348,2011-12-07,0.16141262901532874,0
31349,2011-12-07,0.43775474844974704,0
31350,2011-12-07,0.34557840278925867,0
31351,2011-12-07,0.2882460818444619,1
31352,2011-12-07,0.1350174458978537,0
31353,2011-12-07,0.13175631741119068,0
31354,2011-12-07,0.4755201799674503,1
31355,2011-12-07,0.14360024278398875,0
31356,2011-12-07,0.44441538029070904,0
31357,2011-12-07,0.27374131038454824,0
31358,2011-12-07,0.36704099230557863,0
31359,2011-12-07,0.5465214901919302,0
31360,2011-12-07,0.5378081946207816,0
31361,2011-12-07,0.18413226992432982,0
31362,2011-12-07,0.12065512715208901,1
31363,2011-12-07,0.16021811568365257,0
31364,2011-12-07,0.27453062474303447,1
31365,2011-12-07,0.41337530330343975,0
31366,2011-12-07,0.2772408824358992,0
31367,2011-12-07,0.19183370755437662,0
31368,2011-12-07,0.11856411925111858,1
31369,2011-12-07,0.37963810184262115,0
31370,2011-12-07,0.229935887998251,1
31371,2011-12-07,0.26749164987226015,0
31372,2011-12-07,0.31271851323376637,0
31373,2011-12-07,0.2158362604663373,0
31374,2011-12-07,0.24343892805729006,0
31375,2011-12-07,0.14502774874983412,0
31376,2011-12-07,0.5522214309935632,1
31377,2011-12-07,0.307996558163917,0
31378,2011-12-07,0.2041273119405081,0
31379,2011-12-07,0.30057261706445526,0
31380,2011-12-07,0.3087393488327777,0
31381,2011-12-07,0.5353636319722179,0
31382,2011-12-07,0.28461593305558425,0
31383,2011-12-07,0.18808913788554266,0
31384,2011-12-07,0.15791121911202477,0
31385,2011-12-07,0.24124139678025203,0
31386,2011-12-07,0.21931760284316792,0
31387,2011-12-07,0.2333578070742737,0
31388,2011-12-07,0.5384158303973653,1
31389,2011-12-07,0.29395482257322136,0
31390,2011-12-07,0.2163105154028435,0
31391,2011-12-07,0.4405871482217402,0
31392,2011-12-07,0.23739971794768974,0
31393,2011-12-07,0.13971685523361602,0
31394,2011-12-07,0.3183793444640023,0
31395,2011-12-07,0.5006429884544104,0
31396,2011-12-07,0.180803605359183,0
31397,2011-12-07,0.3448141900075251,1
31398,2011-12-07,0.5481433871194108,1
31399,2011-12-07,0.10433813576159015,0
31400,2011-12-07,0.2920848407710656,0
31401,2011-12-07,0.18529559245568816,0
31402,2011-12-07,0.3838384510978006,0
31403,2011-12-07,0.30601139740489225,0
31404,2011-12-07,0.28112812643878,0
31405,2011-12-07,0.2923643131083088,0
31406,2011-12-07,0.2641543763224171,0
31407,2011-12-07,0.24857599032339683,0
31408,2011-12-07,0.31594052083123103,0
31409,2011-12-07,0.2981127218164793,0
31410,2011-12-07,0.16186880970195563,0
31411,2011-12-07,0.5044991526259205,1
31412,2011-12-07,0.332180679924271,1
31413,2011-12-07,0.569643997485576,0
31414,2011-12-07,0.3084343304852443,0
31415,2011-12-07,0.2853888506390601,1
31416,2011-12-07,0.2309122149394139,1
31417,2011-12-07,0.29977651137558964,0
31418,2011-12-07,0.4663559126508643,1
31419,2011-12-07,0.28205394690575514,0
31420,2011-12-07,0.4060979070181501,0
31421,2011-12-07,0.3309757306566249,0
31422,2011-12-07,0.313996529836416,0
31423,2011-12-07,0.32783609693071225,0
31424,2011-12-07,0.38664001182517005,1
31425,2011-12-07,0.16883113214645704,0
31426,2011-12-07,0.44116971327767435,1
31427,2011-12-07,0.2736777602084724,0
31428,2011-12-07,0.15143519283502746,0
31429,2011-12-07,0.2552915812728703,0
31430,2011-12-07,0.3804807772464048,1
31431,2011-12-07,0.18013459532131648,0
31432,2011-12-07,0.20608363574894686,0
31433,2011-12-07,0.2191120692204156,0
31434,2011-12-07,0.34928342401317,0
31435,2011-12-07,0.30126161703720167,0
31436,2011-12-07,0.4003367038398803,0
31437,2011-12-07,0.23572668815903186,0
31438,2011-12-07,0.17850895227508753,0
31439,2011-12-07,0.40217982091632437,1
31440,2011-12-07,0.2592413725364384,0
31441,2011-12-07,0.4728692456780065,0
31442,2011-12-07,0.3307418223414059,0
31443,2011-12-07,0.21831643792679445,1
31444,2011-12-07,0.3964265154801975,0
31445,2011-12-07,0.24941308492902606,0
31446,2011-12-07,0.3059237576071115,0
31447,2011-12-07,0.17781848902454542,0
31448,2011-12-07,0.45206971094877085,1
31449,2011-12-07,0.17719054563411854,0
31450,2011-12-07,0.4076093466079919,1
31451,2011-12-07,0.2277975385556097,1
31452,2011-12-07,0.19236990188534103,1
31453,2011-12-07,0.2556706442804307,0
31454,2011-12-07,0.3525648368612174,0
31455,2011-12-07,0.1746434221889789,0
31456,2011-12-07,0.31175895706836687,1
31457,2011-12-07,0.2822393599034826,1
31458,2011-12-07,0.29225168443006455,0
31459,2011-12-07,0.40230542893143056,0
31460,2011-12-07,0.20592754209029865,0
31461,2011-12-07,0.37180058286537565,1
31462,2011-12-07,0.2746975756586367,1
31463,2011-12-07,0.33905868159778774,0
31464,2011-12-07,0.29956724036169824,0
31465,2011-12-07,0.3128896721052391,0
31466,2011-12-07,0.32198909144938903,0
31467,2011-12-07,0.36852430374266143,1
31468,2011-12-07,0.1427592020990309,0
31469,2011-12-07,0.15781697912475892,0
31470,2011-12-07,0.19382613475193808,1
31471,2011-12-07,0.5506240762921474,1
31472,2011-12-07,0.5118311629210658,0
31473,2011-12-07,0.39528213761253334,0
31474,2011-12-07,0.16916694225413517,1
31475,2011-12-07,0.4899970481842375,0
31476,2011-12-07,0.2413740254804055,0
31477,2011-12-07,0.16660369814049092,0
31478,2011-12-07,0.4319488724134249,0
31479,2011-12-07,0.12976618403633186,0
31480,2011-12-07,0.19092975967453268,0
31481,2011-12-07,0.13664869014167436,0
31482,2011-12-07,0.29587001489241543,0
31483,2011-12-07,0.23278172436983138,1
31484,2011-12-07,0.27112908866232244,0
31485,2011-12-07,0.45859540160944995,0
31486,2011-12-07,0.51569781718332,0
31487,2011-12-07,0.21781216877380746,0
31488,2011-12-07,0.25882712442173833,0
31489,2011-12-07,0.2787391676998705,0
31490,2011-12-07,0.20356449912384728,0
31491,2011-12-07,0.2111726977703654,0
31492,2011-12-07,0.21406654876617592,0
31493,2011-12-07,0.12877756205820243,1
31494,2011-12-07,0.3777660751393985,1
31495,2011-12-07,0.3179826852035861,0
31496,2011-12-07,0.40260413173427995,0
31497,2011-12-07,0.4081863413423668,0
31498,2011-12-07,0.24129243336847234,0
31499,2011-12-07,0.31044466072156696,0
31500,2011-12-07,0.3930273180691207,0
31501,2011-12-07,0.2675548309477228,0
31502,2011-12-07,0.1829148872721982,0
31503,2011-12-07,0.3105209911669452,1
31504,2011-12-07,0.22744357977450547,0
31505,2011-12-07,0.3365468746672702,1
31506,2011-12-07,0.4077186965786102,1
31507,2011-12-07,0.24458406170943547,0
31508,2011-12-07,0.4057674474918957,1
31509,2011-12-07,0.3483822024326057,0
31510,2011-12-07,0.19684871363740683,0
31511,2011-12-07,0.22162663152383025,0
31512,2011-12-07,0.34989827876566937,0
31513,2011-12-07,0.399224411649709,1
31514,2011-12-07,0.24117271287775757,0
31515,2011-12-07,0.321983382626717,0
31516,2011-12-07,0.18903796739508621,1
31517,2011-12-07,0.36269874027474214,0
31518,2011-12-07,0.3829912782816116,0
31519,2011-12-07,0.41392736432714816,0
31520,2011-12-07,0.21574409710558698,0
31521,2011-12-07,0.16871157206243384,0
31522,2011-12-07,0.15353493488753756,0
31523,2011-12-07,0.3318565967359815,0
31524,2011-12-07,0.35929437069045816,0
31525,2011-12-07,0.18258481143913108,0
31526,2011-12-07,0.28028537669522535,0
31527,2011-12-07,0.554323083053835,0
31528,2011-12-07,0.3037560095003541,0
31529,2011-12-07,0.30245086333761606,0
31530,2011-12-07,0.12455914889403379,0
31531,2011-12-07,0.21948656734093505,0
31532,2011-12-07,0.4320941642658448,1
31533,2011-12-07,0.4739831404058071,0
31534,2011-12-07,0.4255921132822741,1
31535,2011-12-07,0.15304844311761967,0
31536,2011-12-07,0.15232533334872222,0
31537,2011-12-07,0.34130751796857095,0
31538,2011-12-07,0.3394954849982743,1
31539,2011-12-07,0.4398915609240145,0
31540,2011-12-07,0.1534481812846834,0
31541,2011-12-07,0.18223382304792257,0
31542,2011-12-07,0.12164780828667242,0
31543,2011-12-07,0.224299422432623,0
31544,2011-12-07,0.34539816500387804,0
31545,2011-12-07,0.1609849428788733,0
31546,2011-12-07,0.20060919265980479,0
31547,2011-12-07,0.22374640179642316,0
31548,2011-12-07,0.2517951203972701,0
31549,2011-12-07,0.16378763537397253,0
31550,2011-12-07,0.47781029693707816,0
31551,2011-12-07,0.14557589342895175,0
31552,2011-12-07,0.20856374314194068,0
31553,2011-12-07,0.2426141244562946,0
31554,2011-12-07,0.27779683572636293,0
31555,2011-12-07,0.19925592242685905,0
31556,2011-12-07,0.333558495213043,0
31557,2011-12-07,0.3017920454224552,0
31558,2011-12-07,0.16535039041418698,0
31559,2011-12-07,0.15653279072869855,0
31560,2011-12-07,0.6106516502762618,0
31561,2011-12-07,0.10365257278955062,0
31562,2011-12-07,0.3777420737670107,0
31563,2011-12-07,0.4012646257364181,1
31564,2011-12-07,0.4479338805206593,0
31565,2011-12-07,0.21498935934842392,0
31566,2011-12-07,0.3796658753954402,0
31567,2011-12-07,0.14118052327921277,0
31568,2011-12-07,0.4098129867478357,1
31569,2011-12-07,0.37571378246884735,0
31570,2011-12-07,0.2474497400240661,0
31571,2011-12-07,0.28095799770630675,0
31572,2011-12-07,0.2045838831150187,0
31573,2011-12-07,0.33353730524428105,0
31574,2011-12-07,0.3807917484651247,0
31575,2011-12-07,0.2745733391648392,0
31576,2011-12-07,0.4500310477282964,1
31577,2011-12-07,0.3367981460039427,0
31578,2011-12-07,0.24619733068422087,0
31579,2011-12-07,0.18753452090607173,0
31580,2011-12-07,0.2943159502960666,0
31581,2011-12-07,0.2142085319569139,0
31582,2011-12-07,0.280856843910212,0
31583,2011-12-07,0.29346034560783146,0
31584,2011-12-07,0.2581525697352852,1
31585,2011-12-07,0.13521811797569358,0
31586,2011-12-07,0.18842756072058706,1
31587,2011-12-07,0.2564722749391042,0
31588,2011-12-07,0.16597402828887678,1
31589,2011-12-07,0.1242565220696699,1
31590,2011-12-07,0.2606928000351706,1
31591,2011-12-07,0.20000442978119942,0
31592,2011-12-07,0.4288688302836761,1
31593,2011-12-07,0.3308266753088298,0
31594,2011-12-07,0.26165309459761255,0
31595,2011-12-08,0.18582787738030157,0
31596,2011-12-08,0.39857115917928554,0
31597,2011-12-08,0.30447178082222703,0
31598,2011-12-08,0.16028339991133342,0
31599,2011-12-08,0.4334560688798301,0
31600,2011-12-08,0.23668424345796255,0
31601,2011-12-08,0.16406745243435766,0
31602,2011-12-08,0.5602161041251097,0
31603,2011-12-08,0.30620130002468277,0
31604,2011-12-08,0.34192281867436114,0
31605,2011-12-08,0.19586065382194062,0
31606,2011-12-08,0.18484417153533658,0
31607,2011-12-08,0.22020266113776787,0
31608,2011-12-08,0.47332401447340633,1
31609,2011-12-08,0.20072228966292033,0
31610,2011-12-08,0.3136895727260004,0
31611,2011-12-08,0.3822233595900906,1
31612,2011-12-08,0.4890596872000107,1
31613,2011-12-08,0.25155342939730085,0
31614,2011-12-08,0.19760376265552757,0
31615,2011-12-08,0.657066885570513,1
31616,2011-12-08,0.44959807054099704,0
31617,2011-12-08,0.12977611902588393,0
31618,2011-12-08,0.3240106611653614,0
31619,2011-12-08,0.6100057408821404,0
31620,2011-12-08,0.18698471656216012,1
31621,2011-12-08,0.22227245291738923,0
31622,2011-12-08,0.25932804357239875,0
31623,2011-12-08,0.33333833700166915,0
31624,2011-12-08,0.2660326629393044,0
31625,2011-12-08,0.4479905025679492,1
31626,2011-12-08,0.23434158227407295,0
31627,2011-12-08,0.29887993722754125,0
31628,2011-12-08,0.2827857886292186,0
31629,2011-12-08,0.2917337008922947,0
31630,2011-12-08,0.3048218282338668,0
31631,2011-12-08,0.16396924045621536,0
31632,2011-12-08,0.4368716592290065,1
31633,2011-12-08,0.2653343884393568,0
31634,2011-12-08,0.27059479548933596,0
31635,2011-12-08,0.2074425612745663,0
31636,2011-12-08,0.277683211675434,1
31637,2011-12-08,0.28745313562770536,0
31638,2011-12-08,0.2759182294905521,0
31639,2011-12-08,0.4716429092357967,0
31640,2011-12-08,0.31289078926104436,0
31641,2011-12-08,0.13742325605021283,0
31642,2011-12-08,0.146537778989496,0
31643,2011-12-08,0.27573400926163005,0
31644,2011-12-08,0.20331572857108474,0
31645,2011-12-08,0.550882288352822,1
31646,2011-12-08,0.38296905702622686,0
31647,2011-12-08,0.2589659581224782,0
31648,2011-12-08,0.1937370648134472,0
31649,2011-12-08,0.3801445903937186,0
31650,2011-12-08,0.6652901999418398,1
31651,2011-12-08,0.2864756002219111,0
31652,2011-12-08,0.28819323395964125,0
31653,2011-12-08,0.30570830284662653,0
31654,2011-12-08,0.24275965182839548,0
31655,2011-12-08,0.22003422215693705,0
31656,2011-12-08,0.1346837263196649,0
31657,2011-12-08,0.22682155060603387,0
31658,2011-12-08,0.11894388055420892,0
31659,2011-12-08,0.17149881815285467,0
31660,2011-12-08,0.39359846961934203,1
31661,2011-12-08,0.4058700212306918,0
31662,2011-12-08,0.28800355124461374,0
31663,2011-12-08,0.24961483235658397,1
31664,2011-12-08,0.5605160551740332,0
31665,2011-12-08,0.3751510597580529,0
31666,2011-12-08,0.31224901506389646,0
31667,2011-12-08,0.20008743181810787,0
31668,2011-12-08,0.5670745161168467,0
31669,2011-12-08,0.37495740158821117,1
31670,2011-12-08,0.19618109243275472,1
31671,2011-12-08,0.3654544614266109,0
31672,2011-12-08,0.20358382240861786,0
31673,2011-12-08,0.13811557485138737,0
31674,2011-12-08,0.46943806205438676,1
31675,2011-12-08,0.2588511521152592,0
31676,2011-12-08,0.2700798709010805,0
31677,2011-12-08,0.6102268172265165,1
31678,2011-12-08,0.24087185578905435,0
31679,2011-12-08,0.2907061365135359,1
31680,2011-12-08,0.38801198938617637,0
31681,2011-12-08,0.3839911064708357,1
31682,2011-12-08,0.11045271101508478,0
31683,2011-12-08,0.34951020350929457,0
31684,2011-12-08,0.32296559209057335,0
31685,2011-12-08,0.23718782453803725,1
31686,2011-12-08,0.6055262519035117,0
31687,2011-12-08,0.3090750749432544,0
31688,2011-12-08,0.2118631118023097,0
31689,2011-12-08,0.6557304718543129,1
31690,2011-12-08,0.3049041116305841,0
31691,2011-12-08,0.28236362817686167,1
31692,2011-12-08,0.2504610559955494,0
31693,2011-12-08,0.3841691754483599,0
31694,2011-12-08,0.35733280651205646,0
31695,2011-12-08,0.13765506880304537,0
31696,2011-12-08,0.31499614024115474,0
31697,2011-12-08,0.247420284297924,1
31698,2011-12-08,0.4500538845754087,0
31699,2011-12-08,0.39319383525289814,0
31700,2011-12-08,0.2010444223086897,0
31701,2011-12-08,0.31057864729952706,0
31702,2011-12-08,0.17422425756328938,0
31703,2011-12-08,0.12922516334306955,0
31704,2011-12-08,0.2495842521541107,0
31705,2011-12-08,0.17228924432115303,0
31706,2011-12-08,0.2495562425945293,0
31707,2011-12-08,0.3865303765901214,1
31708,2011-12-08,0.21267215532372596,0
31709,2011-12-08,0.3836073682901035,0
31710,2011-12-08,0.31757714627397693,0
31711,2011-12-08,0.2425814469713271,0
31712,2011-12-08,0.24483572631277148,1
31713,2011-12-08,0.5645960829504437,1
31714,2011-12-08,0.10894387181923615,0
31715,2011-12-08,0.1646451478353247,0
31716,2011-12-08,0.20253358543004896,0
31717,2011-12-08,0.19987634346614663,0
31718,2011-12-08,0.3533857647060663,0
31719,2011-12-08,0.2526575890226816,0
31720,2011-12-08,0.14204225084844138,0
31721,2011-12-08,0.3961298915614838,0
31722,2011-12-08,0.10794011267713917,1
31723,2011-12-08,0.42328448926898665,0
31724,2011-12-08,0.2574848427049472,1
31725,2011-12-08,0.47726084338916397,0
31726,2011-12-08,0.2690621776941821,0
31727,2011-12-08,0.4456331597820766,1
31728,2011-12-08,0.16178091939706862,0
31729,2011-12-08,0.3213213867636966,1
31730,2011-12-08,0.414564955851263,1
31731,2011-12-08,0.20939683090613392,1
31732,2011-12-08,0.5770497477221933,1
31733,2011-12-08,0.2791145181334174,0
31734,2011-12-08,0.4809283345183154,1
31735,2011-12-08,0.42431186051955005,1
31736,2011-12-08,0.4024123208313964,0
31737,2011-12-08,0.5254165938862234,1
31738,2011-12-08,0.3275776390777628,1
31739,2011-12-08,0.44075366932732096,0
31740,2011-12-08,0.17692127385090092,0
31741,2011-12-08,0.1942862390744583,0
31742,2011-12-08,0.22570626786802261,0
31743,2011-12-08,0.4489390328983944,1
31744,2011-12-08,0.459337450633044,1
31745,2011-12-08,0.3585432094926621,1
31746,2011-12-08,0.23427138340128864,0
31747,2011-12-08,0.17952399529575677,0
31748,2011-12-08,0.13410128931245288,0
31749,2011-12-08,0.26259709358902245,0
31750,2011-12-08,0.35997370844218407,0
31751,2011-12-08,0.17995873998230674,0
31752,2011-12-08,0.6260080017590385,1
31753,2011-12-08,0.6757416184384326,0
31754,2011-12-08,0.2607703992310888,0
31755,2011-12-08,0.4489895066707219,1
31756,2011-12-08,0.22225004262058545,0
31757,2011-12-08,0.35565650987169656,0
31758,2011-12-08,0.19939233608310267,1
31759,2011-12-08,0.19993445611778574,0
31760,2011-12-08,0.22418809545531407,1
31761,2011-12-08,0.20594134069982012,0
31762,2011-12-08,0.2827380244339988,0
31763,2011-12-08,0.2521332334684989,0
31764,2011-12-08,0.2790219829738776,0
31765,2011-12-08,0.2220713306524632,0
31766,2011-12-08,0.101499991057171,0
31767,2011-12-08,0.35797926447425227,0
31768,2011-12-08,0.4394820477670818,0
31769,2011-12-08,0.2833958367443804,0
31770,2011-12-08,0.4181124284181044,0
31771,2011-12-08,0.29904246891579456,0
31772,2011-12-08,0.39475107404713217,0
31773,2011-12-08,0.2596424761732409,0
31774,2011-12-08,0.1450778409847934,0
31775,2011-12-08,0.35996074982365744,1
31776,2011-12-08,0.349425989096842,1
31777,2011-12-08,0.37413268882956363,0
31778,2011-12-08,0.3680367738015162,0
31779,2011-12-08,0.15208134121581873,0
31780,2011-12-08,0.28882206868943106,0
31781,2011-12-08,0.2418928665008971,0
31782,2011-12-08,0.3722641137369744,0
31783,2011-12-08,0.19349874524890975,0
31784,2011-12-08,0.21541761374482177,0
31785,2011-12-08,0.39501947860754744,0
31786,2011-12-08,0.22392219519781023,0
31787,2011-12-08,0.2822469216815259,0
31788,2011-12-08,0.14473878406048377,0
31789,2011-12-08,0.14090352525373465,0
31790,2011-12-08,0.46510548934886525,1
31791,2011-12-08,0.3967980388948588,1
31792,2011-12-08,0.28099221255125273,0
31793,2011-12-08,0.24552888759557076,0
31794,2011-12-08,0.18359943590914607,0
31795,2011-12-08,0.2599046311937532,0
31796,2011-12-08,0.33565652761400866,1
31797,2011-12-08,0.1381412794877557,0
31798,2011-12-08,0.22651285587746564,1
31799,2011-12-08,0.4063556441436166,0
31800,2011-12-08,0.18434025580784869,0
31801,2011-12-08,0.31903587868763505,1
31802,2011-12-08,0.22376547525430657,0
31803,2011-12-08,0.1389406709516601,0
31804,2011-12-08,0.26422714019645316,1
31805,2011-12-08,0.19879685599799402,0
31806,2011-12-08,0.23439276941022053,0
31807,2011-12-08,0.45206414792318733,0
31808,2011-12-08,0.2159570123274728,0
31809,2011-12-08,0.15178028067737487,0
31810,2011-12-08,0.1626095160113645,0
31811,2011-12-08,0.17288205674651785,0
31812,2011-12-08,0.4254385862093274,0
31813,2011-12-08,0.34037023658525295,0
31814,2011-12-08,0.36399335112579856,1
31815,2011-12-08,0.2323597470493335,0
31816,2011-12-08,0.4628491232598157,0
31817,2011-12-08,0.3020356677819524,0
31818,2011-12-08,0.422275386001709,0
31819,2011-12-08,0.5013676525428287,1
31820,2011-12-08,0.2518025830767622,0
31821,2011-12-08,0.17865173672282994,0
31822,2011-12-08,0.1396403324042486,0
31823,2011-12-08,0.18231972293117626,0
31824,2011-12-08,0.4044341081418571,0
31825,2011-12-08,0.42690662868644746,1
31826,2011-12-08,0.16044412931948787,0
31827,2011-12-08,0.16157495651793696,0
31828,2011-12-08,0.4919615040234815,1
31829,2011-12-08,0.18930755208395014,0
31830,2011-12-08,0.3161708958982201,0
31831,2011-12-08,0.2898665758489112,0
31832,2011-12-08,0.16471060609401658,0
31833,2011-12-08,0.5259865050091722,1
31834,2011-12-08,0.37317607475134,0
31835,2011-12-08,0.35547146332263574,1
31836,2011-12-08,0.17825730137730633,0
31837,2011-12-08,0.2500364124265234,0
31838,2011-12-08,0.2098949592587876,0
31839,2011-12-08,0.18183341904526856,0
31840,2011-12-08,0.5131543573296242,1
31841,2011-12-08,0.1762118814070305,0
31842,2011-12-08,0.31268972649752536,0
31843,2011-12-08,0.4450840817938345,0
31844,2011-12-08,0.33487156795644524,0
31845,2011-12-08,0.4033372426741671,1
31846,2011-12-08,0.2751383063174639,0
31847,2011-12-08,0.2322010838505851,0
31848,2011-12-08,0.17784734989950965,1
31849,2011-12-08,0.15112547042229688,0
31850,2011-12-08,0.5378989602942741,1
31851,2011-12-08,0.1972820427613721,0
31852,2011-12-08,0.16044454237581898,0
31853,2011-12-08,0.3318350870814445,0
31854,2011-12-08,0.39596202828512816,0
31855,2011-12-08,0.22389013679473174,0
31856,2011-12-08,0.24933470801836577,0
31857,2011-12-08,0.12941733023602556,0
31858,2011-12-08,0.280003667878341,0
31859,2011-12-08,0.37643451093699715,0
31860,2011-12-08,0.2017176557347749,0
31861,2011-12-08,0.3285201407613342,0
31862,2011-12-08,0.14497565216427463,0
31863,2011-12-08,0.17725092723594701,0
31864,2011-12-08,0.4242390240133661,0
31865,2011-12-08,0.21918563995891097,0
31866,2011-12-08,0.13110047880513276,0
31867,2011-12-08,0.16786718825418906,0
31868,2011-12-08,0.16890633586252338,0
31869,2011-12-08,0.4130190404431449,0
31870,2011-12-08,0.28072787345112193,1
31871,2011-12-08,0.40030016155657566,1
31872,2011-12-08,0.48895341824252214,0
31873,2011-12-08,0.20408497830928124,0
31874,2011-12-08,0.13935463955309882,0
31875,2011-12-08,0.20412981282729878,1
31876,2011-12-08,0.22060496869458268,0
31877,2011-12-08,0.31419049663390225,0
31878,2011-12-08,0.2118159764339028,0
31879,2011-12-08,0.2329022603126193,0
31880,2011-12-08,0.37458943786189586,0
31881,2011-12-08,0.4314318659525879,0
31882,2011-12-08,0.5315006517024047,1
31883,2011-12-08,0.23947060310809964,0
31884,2011-12-08,0.3854423563723469,0
31885,2011-12-08,0.20191582744959638,0
31886,2011-12-08,0.3038056199313388,0
31887,2011-12-08,0.26678993107333193,0
31888,2011-12-08,0.3201051756564726,0
31889,2011-12-08,0.507547370784363,0
31890,2011-12-08,0.19073422181305513,0
31891,2011-12-08,0.2975430890596422,1
31892,2011-12-08,0.37924106645381345,1
31893,2011-12-08,0.2577660671391756,0
31894,2011-12-08,0.09322327772778029,0
31895,2011-12-08,0.2083361777604252,0
31896,2011-12-08,0.5326230674588813,1
31897,2011-12-08,0.14769651241042517,0
31898,2011-12-08,0.2308720121383545,0
31899,2011-12-08,0.36908142154060936,0
31900,2011-12-08,0.20958997219220296,0
31901,2011-12-08,0.47553974759081596,1
31902,2011-12-08,0.36189748784602543,0
31903,2011-12-08,0.375070897278014,0
31904,2011-12-08,0.24916603150539907,0
31905,2011-12-08,0.4258962243914075,0
31906,2011-12-08,0.48628913366582494,1
31907,2011-12-08,0.39012530494024383,0
31908,2011-12-08,0.4148759646959774,0
31909,2011-12-08,0.3177112692246894,0
31910,2011-12-08,0.25764298815433784,1
31911,2011-12-08,0.2966329840355861,1
31912,2011-12-08,0.3528100100961005,1
31913,2011-12-08,0.18282787272219814,0
31914,2011-12-08,0.3311205443884958,0
31915,2011-12-08,0.18121284845016875,0
31916,2011-12-08,0.3342788621473015,0
31917,2011-12-08,0.20536916791724616,0
31918,2011-12-08,0.35097801174965637,0
31919,2011-12-08,0.17520869809180772,0
31920,2011-12-08,0.16673498930909056,1
31921,2011-12-08,0.2780181783451785,0
31922,2011-12-08,0.48503917069840236,1
31923,2011-12-08,0.14829073040303647,0
31924,2011-12-08,0.18214846605051224,0
31925,2011-12-08,0.2836749609476394,0
31926,2011-12-08,0.5506193812643291,0
31927,2011-12-08,0.29634123250322086,1
31928,2011-12-08,0.36444831331991195,0
31929,2011-12-08,0.33755884272624903,0
31930,2011-12-08,0.44485021374487477,0
31931,2011-12-08,0.22528546124298843,0
31932,2011-12-08,0.5999483920920703,1
31933,2011-12-08,0.3349153401999792,1
31934,2011-12-08,0.22680721548758298,0
31935,2011-12-08,0.16973462545202683,0
31936,2011-12-08,0.4865565276509874,0
31937,2011-12-08,0.495213064147361,0
31938,2011-12-08,0.3455697655895475,0
31939,2011-12-08,0.168475635255352,0
31940,2011-12-08,0.346540580376802,1
31941,2011-12-08,0.46739177196043025,0
31942,2011-12-08,0.26594856741660833,0
31943,2011-12-08,0.1844993012994268,0
31944,2011-12-08,0.44452810107040547,1
31945,2011-12-08,0.3290650492565005,0
31946,2011-12-08,0.5680524894774082,1
31947,2011-12-08,0.38853316856960746,1
31948,2011-12-08,0.2705520400691094,0
31949,2011-12-08,0.17414982602731033,0
31950,2011-12-08,0.31146161478500184,1
31951,2011-12-08,0.6349843715765287,1
31952,2011-12-08,0.3064356740409921,0
31953,2011-12-08,0.24842310153926553,0
31954,2011-12-08,0.32356492640852474,0
31955,2011-12-08,0.15882058301750362,0
31956,2011-12-08,0.21470125584778654,0
31957,2011-12-08,0.2699884522716126,0
31958,2011-12-08,0.16891290023927205,0
31959,2011-12-08,0.16700497032358705,0
31960,2011-12-08,0.2328628440119507,0
31961,2011-12-08,0.1174242628570114,0
31962,2011-12-08,0.2173544461479312,1
31963,2011-12-08,0.2500991895712344,0
31964,2011-12-08,0.22608118496523863,0
31965,2011-12-08,0.25753226343742996,0
31966,2011-12-08,0.2336163746915439,0
31967,2011-12-08,0.4518871865559586,0
31968,2011-12-08,0.2921373016816136,0
31969,2011-12-08,0.31135242929296614,0
31970,2011-12-08,0.32539032839010407,0
31971,2011-12-08,0.31971202345184185,0
31972,2011-12-08,0.29259231127807495,0
31973,2011-12-08,0.23373255523670425,0
31974,2011-12-08,0.11273527960076155,0
31975,2011-12-08,0.5714042031733949,0
31976,2011-12-08,0.19644998753734028,1
31977,2011-12-08,0.4101729806207586,0
31978,2011-12-08,0.20805105788106526,0
31979,2011-12-08,0.23680072859994875,0
31980,2011-12-08,0.23904132353880084,1
31981,2011-12-08,0.20948146467461687,0
31982,2011-12-08,0.38810152249762725,0
31983,2011-12-08,0.22027327625707172,0
31984,2011-12-08,0.4502899477306233,0
31985,2011-12-08,0.24726493204123606,0
31986,2011-12-08,0.3969005115677612,1
31987,2011-12-08,0.2811203609837961,0
31988,2011-12-08,0.14177003759971477,0
31989,2011-12-08,0.24271682557952381,0
31990,2011-12-08,0.2167988963275675,0
31991,2011-12-08,0.5911570035053607,0
31992,2011-12-08,0.2550489830888618,0
31993,2011-12-08,0.2152784393448722,0
31994,2011-12-08,0.4054153305151019,0
31995,2011-12-08,0.25672904559888476,0
31996,2011-12-08,0.26657459239761816,0
31997,2011-12-08,0.25107442791186113,0
31998,2011-12-08,0.55800299348958,1
31999,2011-12-08,0.30675073906134626,0
32000,2011-12-08,0.25544491443040845,0
32001,2011-12-08,0.29801578186554273,0
32002,2011-12-08,0.34465991279803593,0
32003,2011-12-08,0.17577248183335195,0
32004,2011-12-08,0.3907392629494374,0
32005,2011-12-08,0.5532764559168142,1
32006,2011-12-08,0.3586241752061573,1
32007,2011-12-08,0.15429236272032018,0
32008,2011-12-08,0.36572675550449335,0
32009,2011-12-08,0.28661342482522884,0
32010,2011-12-08,0.5358303605361266,0
32011,2011-12-08,0.2500803813315156,0
32012,2011-12-08,0.19910486006365127,0
32013,2011-12-08,0.39053224881789095,0
32014,2011-12-08,0.30975699341331475,0
32015,2011-12-08,0.3309525465004627,0
32016,2011-12-08,0.21091035459374388,0
32017,2011-12-08,0.20616430956118523,0
32018,2011-12-08,0.2483377795488047,0
32019,2011-12-08,0.38554374337374675,0
32020,2011-12-08,0.39300106403495705,0
32021,2011-12-08,0.38110348326151117,0
32022,2011-12-08,0.1952724321146615,1
32023,2011-12-08,0.3849835815691454,0
32024,2011-12-08,0.26971064529710265,0
32025,2011-12-08,0.4411940361372149,0
32026,2011-12-08,0.2000057958291429,0
32027,2011-12-08,0.11090996701656666,0
32028,2011-12-08,0.2210954718518103,0
32029,2011-12-08,0.1801516407078642,0
32030,2011-12-08,0.1614654882425382,0
32031,2011-12-08,0.2711723415852764,0
32032,2011-12-08,0.2740538581696077,0
32033,2011-12-08,0.5573134939799903,0
32034,2011-12-08,0.44421167785397375,0
32035,2011-12-08,0.2925879005069734,0
32036,2011-12-08,0.22746535385045677,0
32037,2011-12-08,0.1799566282551357,0
32038,2011-12-08,0.29663352561797335,0
32039,2011-12-08,0.5460518323934315,1
32040,2011-12-08,0.3641900366312143,1
32041,2011-12-08,0.1356788907547556,0
32042,2011-12-08,0.33861472990177865,0
32043,2011-12-08,0.17655134558658125,0
32044,2011-12-08,0.2383838401614092,0
32045,2011-12-08,0.22487908195091608,0
32046,2011-12-08,0.49133814875243836,0
32047,2011-12-08,0.3074672157037339,0
32048,2011-12-08,0.31830572808481244,0
32049,2011-12-08,0.33147378784871545,0
32050,2011-12-08,0.34834245986571766,1
32051,2011-12-09,0.28654998674392995,1
32052,2011-12-09,0.27823519706575983,0
32053,2011-12-09,0.2625016189831935,0
32054,2011-12-09,0.30685710152951207,0
32055,2011-12-09,0.22762146683587073,1
32056,2011-12-09,0.33981092751444464,0
32057,2011-12-09,0.3442819586572309,0
32058,2011-12-09,0.3154769452908735,0
32059,2011-12-09,0.47203713276334736,0
32060,2011-12-09,0.2594556504275997,0
32061,2011-12-09,0.28539735336146926,0
32062,2011-12-09,0.25622611841682325,0
32063,2011-12-09,0.2679351639743992,0
32064,2011-12-09,0.37668919486875846,0
32065,2011-12-09,0.4912994684591376,0
32066,2011-12-09,0.12798787963010463,0
32067,2011-12-09,0.17327793446170633,0
32068,2011-12-09,0.35939363256520473,0
32069,2011-12-09,0.20250663867553656,0
32070,2011-12-09,0.36491204004341965,0
32071,2011-12-09,0.4122837996943828,0
32072,2011-12-09,0.39976905282216646,1
32073,2011-12-09,0.17999556869332253,0
32074,2011-12-09,0.14297133768237957,0
32075,2011-12-09,0.510125890421075,1
32076,2011-12-09,0.36485913312837426,0
32077,2011-12-09,0.22035493500779688,0
32078,2011-12-09,0.47422655527595525,1
32079,2011-12-09,0.26454192910356333,0
32080,2011-12-09,0.18907621934431806,0
32081,2011-12-09,0.17698893462243698,0
32082,2011-12-09,0.3374352806371076,1
32083,2011-12-09,0.5132012267589142,1
32084,2011-12-09,0.21957720565402725,0
32085,2011-12-09,0.3417831458919559,0
32086,2011-12-09,0.36702335897627486,0
32087,2011-12-09,0.2828723202946648,0
32088,2011-12-09,0.19139660522433513,0
32089,2011-12-09,0.28798543922946446,0
32090,2011-12-09,0.46331113829677395,0
32091,2011-12-09,0.24171890757544298,0
32092,2011-12-09,0.39082689064638904,0
32093,2011-12-09,0.17567169086222284,0
32094,2011-12-09,0.4009006130371606,0
32095,2011-12-09,0.39991102567497316,0
32096,2011-12-09,0.224600967601261,0
32097,2011-12-09,0.17509804043262545,1
32098,2011-12-09,0.40736889685908334,0
32099,2011-12-09,0.2815405655679044,0
32100,2011-12-09,0.20657927535271023,0
32101,2011-12-09,0.2951454948770279,0
32102,2011-12-09,0.5270840596334608,1
32103,2011-12-09,0.17592410308040848,0
32104,2011-12-09,0.2800754393023008,0
32105,2011-12-09,0.32833703534477127,0
32106,2011-12-09,0.2504543038286284,0
32107,2011-12-09,0.26291242512167107,0
32108,2011-12-09,0.32087729543392346,0
32109,2011-12-09,0.5524583471854244,0
32110,2011-12-09,0.2682954413983968,0
32111,2011-12-09,0.19414921221077974,0
32112,2011-12-09,0.13636557441846514,0
32113,2011-12-09,0.23472363055833964,0
32114,2011-12-09,0.26648604473132614,0
32115,2011-12-09,0.24927014991299287,0
32116,2011-12-09,0.3954648593829092,0
32117,2011-12-09,0.20407878356129455,0
32118,2011-12-09,0.35117604042950007,0
32119,2011-12-09,0.20448700576873918,0
32120,2011-12-09,0.2971834419731004,1
32121,2011-12-09,0.22588918529744573,0
32122,2011-12-09,0.39123854860812624,0
32123,2011-12-09,0.2729571137694273,0
32124,2011-12-09,0.3650285714122547,1
32125,2011-12-09,0.2762994070602575,0
32126,2011-12-09,0.18193867084949353,0
32127,2011-12-09,0.4168413636171354,0
32128,2011-12-09,0.17555771555275604,0
32129,2011-12-09,0.2648782434194995,1
32130,2011-12-09,0.20367321871602992,0
32131,2011-12-09,0.12367249560724766,0
32132,2011-12-09,0.3177558324576188,1
32133,2011-12-09,0.23764171236471412,0
32134,2011-12-09,0.27943893825391497,0
32135,2011-12-09,0.3701685447332626,1
32136,2011-12-09,0.20713382243377462,1
32137,2011-12-09,0.1581218019768311,0
32138,2011-12-09,0.2880309493899046,0
32139,2011-12-09,0.17468330574131774,0
32140,2011-12-09,0.14403209885756468,0
32141,2011-12-09,0.30053394018184193,0
32142,2011-12-09,0.16752798104538388,0
32143,2011-12-09,0.49377368936379,1
32144,2011-12-09,0.14213678826160536,0
32145,2011-12-09,0.4752128694165006,0
32146,2011-12-09,0.16974125909261958,0
32147,2011-12-09,0.39911686958681997,1
32148,2011-12-09,0.15158423792295184,0
32149,2011-12-09,0.24644041959452018,0
32150,2011-12-09,0.23922826444472592,0
32151,2011-12-09,0.14721966327086974,1
32152,2011-12-09,0.24012293907994442,1
32153,2011-12-09,0.29707773915301144,0
32154,2011-12-09,0.4981541109714186,1
32155,2011-12-09,0.30522834786554365,1
32156,2011-12-09,0.11390949905140085,0
32157,2011-12-09,0.21041992028397669,0
32158,2011-12-09,0.22063803969228885,0
32159,2011-12-09,0.18838987926373937,0
32160,2011-12-09,0.1711454040610053,0
32161,2011-12-09,0.20814602776751118,0
32162,2011-12-09,0.20153018054103322,0
32163,2011-12-09,0.28963581838791835,0
32164,2011-12-09,0.20778493970666714,0
32165,2011-12-09,0.28508484524775696,0
32166,2011-12-09,0.27472405129037225,0
32167,2011-12-09,0.39113372608759733,0
32168,2011-12-09,0.2784980355547767,0
32169,2011-12-09,0.13696730313243335,0
32170,2011-12-09,0.2859829898428573,0
32171,2011-12-09,0.5451374968881572,1
32172,2011-12-09,0.25362178772377364,1
32173,2011-12-09,0.19177385975663053,0
32174,2011-12-09,0.17237429871428095,1
32175,2011-12-09,0.2929864548737882,1
32176,2011-12-09,0.324556253596094,0
32177,2011-12-09,0.2729738110035584,0
32178,2011-12-09,0.5055276891980856,0
32179,2011-12-09,0.13266545156506093,0
32180,2011-12-09,0.3416297248417046,0
32181,2011-12-09,0.45872898295629794,1
32182,2011-12-09,0.15972844135796985,0
32183,2011-12-09,0.19208648806267073,0
32184,2011-12-09,0.28142586669232156,0
32185,2011-12-09,0.28336652302899934,0
32186,2011-12-09,0.33123315620683275,0
32187,2011-12-09,0.2011001608109638,0
32188,2011-12-09,0.26100097281672446,0
32189,2011-12-09,0.4512886903887074,1
32190,2011-12-09,0.16514107783773047,0
32191,2011-12-09,0.17579126615016494,0
32192,2011-12-09,0.5187017822903562,1
32193,2011-12-09,0.2149991456293267,0
32194,2011-12-09,0.1948696791744405,0
32195,2011-12-09,0.33307097693991916,0
32196,2011-12-09,0.3132099207368306,0
32197,2011-12-09,0.25410222901217266,0
32198,2011-12-09,0.260861902869991,0
32199,2011-12-09,0.523863021980572,1
32200,2011-12-09,0.3103253911104737,0
32201,2011-12-09,0.18571326464702162,0
32202,2011-12-09,0.35486227959742517,0
32203,2011-12-09,0.305983034964351,0
32204,2011-12-09,0.4281900407726597,1
32205,2011-12-09,0.19925003463359858,0
32206,2011-12-09,0.15866589798712713,0
32207,2011-12-09,0.4866816564433919,1
32208,2011-12-09,0.1899589833457902,0
32209,2011-12-09,0.48548779544717086,1
32210,2011-12-09,0.561448512316281,1
32211,2011-12-09,0.3938988729643054,0
32212,2011-12-09,0.43465163357509945,0
32213,2011-12-09,0.34896507120415915,0
32214,2011-12-09,0.24272803692978767,0
32215,2011-12-09,0.18107134458316643,0
32216,2011-12-09,0.24678033485708828,0
32217,2011-12-09,0.2607979090468119,0
32218,2011-12-09,0.49539966444741845,0
32219,2011-12-09,0.29923363296414407,1
32220,2011-12-09,0.30932920054818164,0
32221,2011-12-09,0.21487414263518878,0
32222,2011-12-09,0.21259780099393957,0
32223,2011-12-09,0.12219003582914596,0
32224,2011-12-09,0.18838640223883757,0
32225,2011-12-09,0.2891454023026738,0
32226,2011-12-09,0.17444838142966623,0
32227,2011-12-09,0.1543753073561869,1
32228,2011-12-09,0.5511801891610937,1
32229,2011-12-09,0.1631051511105727,0
32230,2011-12-09,0.23943390899260963,0
32231,2011-12-09,0.11612789170770231,0
32232,2011-12-09,0.26827682818106,0
32233,2011-12-09,0.20406213148226493,0
32234,2011-12-09,0.2750927926426644,0
32235,2011-12-09,0.13296159936418997,1
32236,2011-12-09,0.18434855817149545,0
32237,2011-12-09,0.24834558368031165,0
32238,2011-12-09,0.220875454978235,0
32239,2011-12-09,0.1772374649809944,0
32240,2011-12-09,0.41304020872320135,1
32241,2011-12-09,0.5833994738886581,1
32242,2011-12-09,0.38500652213123904,0
32243,2011-12-09,0.22658533279553528,0
32244,2011-12-09,0.37246816636760305,0
32245,2011-12-09,0.25313582633701437,0
32246,2011-12-09,0.5035197812608321,0
32247,2011-12-09,0.23284827085689802,0
32248,2011-12-09,0.14316067377187894,0
32249,2011-12-09,0.3110027374853735,0
32250,2011-12-09,0.37206113675333324,0
32251,2011-12-09,0.2891687877194328,0
32252,2011-12-09,0.20205366768327035,0
32253,2011-12-09,0.18771233211566238,0
32254,2011-12-09,0.16434370656918926,0
32255,2011-12-09,0.381925677261838,0
32256,2011-12-09,0.13301214226729635,1
32257,2011-12-09,0.29650085727831865,0
32258,2011-12-09,0.13913789247516692,0
32259,2011-12-09,0.25233126576597,0
32260,2011-12-09,0.14712423496708973,0
32261,2011-12-09,0.2094293893952352,0
32262,2011-12-09,0.16154392409652985,0
32263,2011-12-09,0.20521197616474673,0
32264,2011-12-09,0.44220196614944374,1
32265,2011-12-09,0.2598790688484867,0
32266,2011-12-09,0.3377065455251248,1
32267,2011-12-09,0.2897545040402429,0
32268,2011-12-09,0.2239752656963128,0
32269,2011-12-09,0.3390929724064932,0
32270,2011-12-09,0.23978331603805683,0
32271,2011-12-09,0.2671004464324956,0
32272,2011-12-09,0.23275993015086904,0
32273,2011-12-09,0.39418326733732606,1
32274,2011-12-09,0.2791431447926189,0
32275,2011-12-09,0.37467300527460456,0
32276,2011-12-09,0.41234018055244304,1
32277,2011-12-09,0.3671420352475597,0
32278,2011-12-09,0.24887626858486606,0
32279,2011-12-09,0.21728455398091595,0
32280,2011-12-09,0.33677430084972776,0
32281,2011-12-09,0.2755572419392665,0
32282,2011-12-09,0.4324985357911231,0
32283,2011-12-09,0.29770912750960493,0
32284,2011-12-09,0.24099605334228463,0
32285,2011-12-09,0.21639478232138898,0
32286,2011-12-09,0.18915650051725333,0
32287,2011-12-09,0.33971775750986316,0
32288,2011-12-09,0.2110374151091239,0
32289,2011-12-09,0.42229128926199877,1
32290,2011-12-09,0.37593928873991367,0
32291,2011-12-09,0.3167150002970281,0
32292,2011-12-09,0.3015834625973203,0
32293,2011-12-09,0.21908261028768689,0
32294,2011-12-09,0.40261584218072727,0
32295,2011-12-09,0.21999785517712384,0
32296,2011-12-09,0.23129725587055755,0
32297,2011-12-09,0.39452695642158764,0
32298,2011-12-09,0.2189397195305797,0
32299,2011-12-09,0.6461395074175074,0
32300,2011-12-09,0.35809005910443387,0
32301,2011-12-09,0.49520427429441277,1
32302,2011-12-09,0.2663024917053966,0
32303,2011-12-09,0.40273055093603605,0
32304,2011-12-09,0.20156538724198325,0
32305,2011-12-09,0.1883302313620084,0
32306,2011-12-09,0.30093608236981206,0
32307,2011-12-09,0.26428862045835255,0
32308,2011-12-09,0.1279943935676597,0
32309,2011-12-09,0.46898459470735826,0
32310,2011-12-09,0.25923156610254366,0
32311,2011-12-09,0.27369383287280685,0
32312,2011-12-09,0.2736499373369832,0
32313,2011-12-09,0.1950505851363362,0
32314,2011-12-09,0.14342422734730487,0
32315,2011-12-09,0.3653943818862723,0
32316,2011-12-09,0.13624622028046404,0
32317,2011-12-09,0.1592934639821634,0
32318,2011-12-09,0.1831921151307687,0
32319,2011-12-09,0.18037172633018328,0
32320,2011-12-09,0.15365234064154498,0
32321,2011-12-09,0.1997554108330656,0
32322,2011-12-09,0.13319547980523241,0
32323,2011-12-09,0.29965107246612216,0
32324,2011-12-09,0.21414871256952836,0
32325,2011-12-09,0.22568830473518584,0
32326,2011-12-09,0.2686827443098058,0
32327,2011-12-09,0.5355215260578617,0
32328,2011-12-09,0.379034192017,1
32329,2011-12-09,0.23323602211065392,0
32330,2011-12-09,0.36393597920675846,0
32331,2011-12-09,0.3733529788189315,0
32332,2011-12-09,0.34186353468277003,1
32333,2011-12-09,0.28851715101869635,0
32334,2011-12-09,0.21436062676619802,0
32335,2011-12-09,0.29115668068394895,0
32336,2011-12-09,0.30781643922239366,0
32337,2011-12-09,0.36613656217526913,0
32338,2011-12-09,0.30072800369632924,0
32339,2011-12-09,0.20660171397853794,0
32340,2011-12-09,0.11760263496964847,0
32341,2011-12-09,0.47957095516636394,1
32342,2011-12-09,0.2914188990781545,0
32343,2011-12-09,0.4881579902241256,0
32344,2011-12-09,0.2948035266599752,0
32345,2011-12-09,0.3704205361123435,0
32346,2011-12-09,0.14842556932899328,0
32347,2011-12-09,0.2946469176197462,0
32348,2011-12-09,0.4914584181794995,0
32349,2011-12-09,0.2073458439912182,0
32350,2011-12-09,0.25815879897411176,1
32351,2011-12-09,0.20610589902525087,0
32352,2011-12-09,0.3194570074264922,1
32353,2011-12-09,0.1376498240861773,0
32354,2011-12-09,0.33561597847156677,0
32355,2011-12-09,0.2999196780695376,0
32356,2011-12-09,0.18976137998423037,0
32357,2011-12-09,0.28671357592363506,0
32358,2011-12-09,0.37934845504280784,0
32359,2011-12-09,0.28407780040314595,0
32360,2011-12-09,0.2441450413051483,0
32361,2011-12-09,0.28356657291561005,0
32362,2011-12-09,0.31375042882535503,0
32363,2011-12-09,0.3560844675429407,0
32364,2011-12-09,0.2840141368512366,0
32365,2011-12-09,0.21768944357748424,0
32366,2011-12-09,0.18466612854415076,0
32367,2011-12-09,0.3003449741624039,0
32368,2011-12-09,0.3283495898516491,1
32369,2011-12-09,0.25973933150138984,0
32370,2011-12-09,0.283988504643621,0
32371,2011-12-09,0.25393281680346147,0
32372,2011-12-09,0.18221277664582594,0
32373,2011-12-09,0.40153432562731295,0
32374,2011-12-09,0.17375363389804988,0
32375,2011-12-09,0.13586210027047058,0
32376,2011-12-09,0.22560946100626975,0
32377,2011-12-09,0.26562978493954154,0
32378,2011-12-09,0.488179114830485,1
32379,2011-12-09,0.2037621632557884,0
32380,2011-12-09,0.44487870253676526,1
32381,2011-12-09,0.49706422535965583,0
32382,2011-12-09,0.443556221274401,1
32383,2011-12-09,0.2007539176774045,0
32384,2011-12-09,0.24877580577256095,1
32385,2011-12-09,0.2639566308126164,0
32386,2011-12-09,0.3354768906419669,1
32387,2011-12-09,0.16826541702063266,0
32388,2011-12-09,0.49394635798698683,1
32389,2011-12-09,0.148897682212874,0
32390,2011-12-09,0.4325564569374285,1
32391,2011-12-09,0.30491829292981265,0
32392,2011-12-09,0.3000646992066617,0
32393,2011-12-09,0.3676239034286739,1
32394,2011-12-09,0.3330990274905197,0
32395,2011-12-09,0.3179270904302718,0
32396,2011-12-09,0.1970119533703508,0
32397,2011-12-09,0.13271726171448825,0
32398,2011-12-09,0.2707054599996607,0
32399,2011-12-09,0.20422402795254804,0
32400,2011-12-09,0.21385303509566136,0
32401,2011-12-09,0.4832695310190505,1
32402,2011-12-09,0.42208501480524463,0
32403,2011-12-09,0.2123591068618408,0
32404,2011-12-09,0.30432965540842566,0
32405,2011-12-09,0.1692814300803135,0
32406,2011-12-09,0.1742030272216672,0
32407,2011-12-09,0.21995657395178145,0
32408,2011-12-09,0.24985014395050537,0
32409,2011-12-09,0.27529967849678466,0
32410,2011-12-09,0.3901835778023324,0
32411,2011-12-09,0.2574207560922887,0
32412,2011-12-09,0.2466122004946866,1
32413,2011-12-09,0.18849169603210594,0
32414,2011-12-09,0.12835771559766115,0
32415,2011-12-09,0.3701977629175868,0
32416,2011-12-09,0.2969976583149067,0
32417,2011-12-09,0.5297082944590404,1
32418,2011-12-09,0.30442521113559007,1
32419,2011-12-09,0.2576126854984686,0
32420,2011-12-09,0.19341007797156318,0
32421,2011-12-09,0.15111865510877187,0
32422,2011-12-09,0.19538476490309858,0
32423,2011-12-09,0.2784859265444375,0
32424,2011-12-09,0.27439341419371677,0
32425,2011-12-09,0.353391767919418,0
32426,2011-12-09,0.3722644262452953,1
32427,2011-12-09,0.3539809788180009,0
32428,2011-12-09,0.40223285939306264,1
32429,2011-12-09,0.36444831331991195,0
32430,2011-12-09,0.19576449871353624,0
32431,2011-12-09,0.45448066721856006,0
32432,2011-12-09,0.20499806928137565,0
32433,2011-12-09,0.44932795391672503,0
32434,2011-12-09,0.14709230406509766,0
32435,2011-12-09,0.15405369870946564,0
32436,2011-12-09,0.29579117941129346,0
32437,2011-12-09,0.19584256052282012,0
32438,2011-12-09,0.15850136873821002,1
32439,2011-12-09,0.3973104606960839,1
32440,2011-12-09,0.3550310303952009,0
32441,2011-12-09,0.3680972847318894,0
32442,2011-12-09,0.33603781779776337,0
32443,2011-12-09,0.3288946564834473,0
32444,2011-12-09,0.5178716925870765,0
32445,2011-12-09,0.21117399958779154,0
32446,2011-12-09,0.29299377942647026,0
32447,2011-12-09,0.1921149941340353,0
32448,2011-12-09,0.20412952246756258,0
32449,2011-12-09,0.3330133572168997,1
32450,2011-12-09,0.33243618499287103,0
32451,2011-12-09,0.4003788859753846,0
32452,2011-12-09,0.21307631452542797,0
32453,2011-12-09,0.3014161879166232,0
32454,2011-12-09,0.2115200230209116,0
32455,2011-12-09,0.33167976121298365,0
32456,2011-12-09,0.2604114027366775,0
32457,2011-12-09,0.4381728086115327,0
32458,2011-12-09,0.322508842928836,1
32459,2011-12-09,0.35059916380317707,1
32460,2011-12-09,0.17628551397992184,0
32461,2011-12-09,0.12625178892930358,0
32462,2011-12-09,0.1598930728349916,0
32463,2011-12-09,0.305346490212453,1
32464,2011-12-09,0.2310950128378087,0
32465,2011-12-09,0.21840930955366505,0
32466,2011-12-09,0.2969837008102522,0
32467,2011-12-09,0.2108747384703785,0
32468,2011-12-09,0.21352713838549195,0
32469,2011-12-09,0.5312781012892195,0
32470,2011-12-09,0.22027920355321837,0
32471,2011-12-09,0.1736317990149029,0
32472,2011-12-09,0.4125143463211796,0
32473,2011-12-09,0.5561301626465014,1
32474,2011-12-09,0.14764071189533834,0
32475,2011-12-09,0.33740563856554706,0
32476,2011-12-09,0.272395845599132,0
32477,2011-12-09,0.2528412239228406,0
32478,2011-12-09,0.5386467810865043,1
32479,2011-12-09,0.20165123242683033,0
32480,2011-12-09,0.35444232982554713,0
32481,2011-12-09,0.26388093557210296,0
32482,2011-12-09,0.23902500349377373,0
32483,2011-12-09,0.29187049717456376,0
32484,2011-12-09,0.23215537233319444,0
32485,2011-12-09,0.1340113922633262,0
32486,2011-12-09,0.40064542327577646,0
32487,2011-12-09,0.1713641254042281,0
32488,2011-12-09,0.12203662671792935,0
32489,2011-12-09,0.16663529460611173,0
32490,2011-12-09,0.5565598286763351,0
32491,2011-12-09,0.4022002116157916,0
32492,2011-12-09,0.23374508402217847,1
32493,2011-12-09,0.2541894727402953,0
32494,2011-12-09,0.4218397736398288,0
32495,2011-12-09,0.3639792759615417,0
32496,2011-12-09,0.3326036907230088,0
32497,2011-12-09,0.18120710372809495,0
32498,2011-12-09,0.26435293197510423,1
32499,2011-12-09,0.5209489445845299,1
32500,2011-12-09,0.1710908115962534,0
32501,2011-12-09,0.2164560014132683,0
32502,2011-12-09,0.3126597805188412,0
32503,2011-12-09,0.18432369572213636,1
32504,2011-12-09,0.28784478763804067,0
32505,2011-12-09,0.27266607839834894,1
32506,2011-12-09,0.4837564216505097,0
32507,2011-12-09,0.11687859778955033,0
32508,2011-12-09,0.35113176331415547,0
32509,2011-12-09,0.48428161571621403,1
32510,2011-12-09,0.22856358473566568,0
32511,2011-12-09,0.3145832835893845,0
32512,2011-12-09,0.35342175777873236,0
32513,2011-12-09,0.3606602542819269,0
32514,2011-12-09,0.2117126140642748,0
32515,2011-12-09,0.33341532329902845,1
32516,2011-12-09,0.2036866814874476,0
32517,2011-12-09,0.17879753973550525,0
32518,2011-12-09,0.15524641451017882,0
32519,2011-12-09,0.24290684631927534,1
32520,2011-12-09,0.37961484435231163,1
32521,2011-12-09,0.22949325015913055,0
32522,2011-12-09,0.2597253970419186,0
32523,2011-12-09,0.16201628423993397,0
32524,2011-12-09,0.1719840845788416,0
32525,2011-12-09,0.26032034735262993,1
32526,2011-12-09,0.193648458413661,1
32527,2011-12-09,0.18652597505345522,0
32528,2011-12-09,0.22568346848744011,0
32529,2011-12-09,0.1879403602815562,0
32530,2011-12-09,0.1253546698880603,0
32531,2011-12-09,0.20229104388557664,0
32532,2011-12-09,0.3550758950161342,0
32533,2011-12-09,0.3362885987085621,1
32534,2011-12-09,0.2232966560815379,0
32535,2011-12-09,0.18015699017337236,0
32536,2011-12-09,0.3530877967965568,1
32537,2011-12-09,0.3760413117281054,1
32538,2011-12-09,0.12983104982496071,0
32539,2011-12-09,0.45067748774414235,1
32540,2011-12-09,0.3851927670688873,1
32541,2011-12-09,0.29401135317178617,0
32542,2011-12-09,0.5024106024141366,1
32543,2011-12-09,0.22697808842130304,0
32544,2011-12-09,0.1843343037567412,0
32545,2011-12-09,0.2034427519303948,0
32546,2011-12-09,0.4197036854886688,0
32547,2011-12-09,0.321395635808626,0
32548,2011-12-09,0.20319866608536297,0
32549,2011-12-09,0.17781442592704708,0
32550,2011-12-09,0.13604575013430112,0
32551,2011-12-09,0.4008201646933545,0
32552,2011-12-09,0.4510468265050374,0
32553,2011-12-09,0.18872234441529342,0
32554,2011-12-09,0.20956712536515165,0
32555,2011-12-09,0.2743643698583149,0
32556,2011-12-09,0.30600131190642815,0
32557,2011-12-09,0.4841271173232713,0
32558,2011-12-09,0.23035603803507992,0
32559,2011-12-09,0.3336143873492256,0
32560,2011-12-09,0.3013092562183228,0
32561,2011-12-09,0.3759842346644659,1
32562,2011-12-09,0.28122767618733124,0
32563,2011-12-09,0.15057148101056117,0
32564,2011-12-09,0.15918944187702325,0
32565,2011-12-09,0.2626339727837869,0
32566,2011-12-09,0.2506894753174334,0
32567,2011-12-09,0.32232587867047596,1
32568,2011-12-09,0.25303142693754344,0
32569,2011-12-09,0.24076065937197189,0
32570,2011-12-09,0.3701473861001152,0
32571,2011-12-09,0.28918465165767415,0
32572,2011-12-09,0.2999256810874216,0
32573,2011-12-09,0.2207365845870033,0
32574,2011-12-09,0.22207899834968894,0
32575,2011-12-09,0.11795776178688551,0
32576,2011-12-09,0.19832419899774997,1
32577,2011-12-09,0.3059204009815469,0
32578,2011-12-09,0.24925501191326616,0
32579,2011-12-09,0.2987505689289256,1
32580,2011-12-09,0.1495144806209514,0
32581,2011-12-09,0.23962433752791779,0
32582,2011-12-09,0.18702057273638908,0
32583,2011-12-09,0.1844435379632137,0
32584,2011-12-09,0.2707348753313143,1
32585,2011-12-09,0.33653389674675105,0
32586,2011-12-09,0.1905880855417624,0
32587,2011-12-09,0.251697776472612,0
32588,2011-12-09,0.15376345923267795,0
32589,2011-12-09,0.11274343236000305,0
32590,2011-12-09,0.18913341736701147,0
32591,2011-12-09,0.4626743492449816,0
32592,2011-12-09,0.30675896369008154,1
32593,2011-12-09,0.3841206357422839,0
32594,2011-12-09,0.1793472596318604,1
32595,2011-12-09,0.41195711765895365,1
32596,2011-12-09,0.1886503603243289,0
32597,2011-12-09,0.2912800911836738,1
32598,2011-12-09,0.20054596350423778,0
32599,2011-12-09,0.1188579769565662,0
32600,2011-12-09,0.40870935305126965,0
32601,2011-12-09,0.44168989400134867,1
32602,2011-12-09,0.2050755602986709,0
32603,2011-12-09,0.13664058734130766,0
32604,2011-12-09,0.42553669039217124,0
32605,2011-12-09,0.2933498048823961,1
32606,2011-12-09,0.3903617295199858,1
32607,2011-12-09,0.21931760284316792,0
32608,2011-12-09,0.17678853831711788,0
32609,2011-12-09,0.3316452611686088,0
32610,2011-12-09,0.18235675536087767,0
32611,2011-12-09,0.24995065531895483,0
32612,2011-12-09,0.21464276068862667,0
32613,2011-12-09,0.2497299679008098,0
32614,2011-12-09,0.10578545104177185,0
32615,2011-12-09,0.2588377204399222,0
32616,2011-12-09,0.2925886596411963,1
32617,2011-12-09,0.23630822390693973,0
32618,2011-12-09,0.2554942583440499,0
32619,2011-12-09,0.22606028307821915,0
32620,2011-12-09,0.22439627509640814,0
32621,2011-12-09,0.3497246574107463,1
32622,2011-12-09,0.4325713319946108,0
32623,2011-12-09,0.16818222811398242,0
32624,2011-12-09,0.4852006564087488,0
32625,2011-12-09,0.09645491112840703,0
32626,2011-12-09,0.18700750560353058,0
32627,2011-12-09,0.44991633570133766,0
32628,2011-12-09,0.40320202223379636,0
32629,2011-12-09,0.2055288601033651,0
32630,2011-12-09,0.2768669558253197,1
32631,2011-12-09,0.20339141300760546,0
32632,2011-12-09,0.3273474433826037,0
32633,2011-12-09,0.2642818055264058,0
32634,2011-12-09,0.13391759151465701,0
32635,2011-12-09,0.4016051430173921,0
32636,2011-12-09,0.21904524407714257,0
32637,2011-12-09,0.1544006701271879,0
32638,2011-12-09,0.5029419507677715,1
32639,2011-12-09,0.2639884267152589,0
32640,2011-12-09,0.5845068763399398,1
32641,2011-12-09,0.1802821651401511,0
32642,2011-12-09,0.31488003996768,0
32643,2011-12-09,0.26424383666714585,0
32644,2011-12-09,0.20086643256884526,1
32645,2011-12-09,0.31192203411007313,0
32646,2011-12-09,0.1721391620716435,1
32647,2011-12-09,0.33852053484018185,1
32648,2011-12-09,0.4045200362446471,0
32649,2011-12-09,0.3847354770602182,0
32650,2011-12-09,0.17054789730815934,0
32651,2011-12-09,0.14480436667372293,0
32652,2011-12-09,0.18267083126692243,0
32653,2011-12-09,0.36840855928860944,1
32654,2011-12-09,0.217334956752508,0
32655,2011-12-09,0.5212252737839842,0
32656,2011-12-09,0.3217521267283809,0
32657,2011-12-09,0.31309687867133723,0
32658,2011-12-09,0.3965716002578827,0
32659,2011-12-09,0.40639621383403896,1
32660,2011-12-09,0.5267708987843253,1
32661,2011-12-09,0.3760099319539013,0
32662,2011-12-09,0.17539279635264216,0
32663,2011-12-09,0.2992698458581573,0
32664,2011-12-09,0.2199608409746321,0
32665,2011-12-09,0.31220022136774817,0
32666,2011-12-09,0.16292054884437687,1
32667,2011-12-09,0.5497843971485645,0
32668,2011-12-09,0.4621944131742997,0
32669,2011-12-09,0.14048641130720252,0
32670,2011-12-09,0.4475903973317389,1
32671,2011-12-09,0.22000346124912373,0
32672,2011-12-09,0.4381481570219431,1
32673,2011-12-09,0.3939826714201826,0
32674,2011-12-09,0.24023991755880567,0
32675,2011-12-09,0.16036611489861544,1
32676,2011-12-09,0.2356353165119615,0
32677,2011-12-09,0.5523136185234159,1
32678,2011-12-09,0.23350416032863788,1
32679,2011-12-09,0.1627997874235055,0
32680,2011-12-09,0.34985373349270593,0
32681,2011-12-09,0.2936403204959677,0
32682,2011-12-09,0.2281142539838686,0
32683,2011-12-09,0.2157548403960041,0
32684,2011-12-09,0.24671891296830756,0
32685,2011-12-09,0.297143307920815,0
32686,2011-12-09,0.3755197939755743,0
32687,2011-12-09,0.15065961413748521,0
32688,2011-12-09,0.3012307262148305,1
32689,2011-12-09,0.27736796859964824,0
32690,2011-12-09,0.18423407897194222,0
32691,2011-12-09,0.20786515229148894,0
32692,2011-12-09,0.3406549325647365,0
32693,2011-12-09,0.3415489186717341,0
32694,2011-12-09,0.2452486621951811,1
32695,2011-12-09,0.22229781658311942,1
32696,2011-12-09,0.25049613784608865,0
32697,2011-12-09,0.48769526550972137,1
32698,2011-12-09,0.1867977594851644,0
32699,2011-12-09,0.31447102449333425,0
32700,2011-12-09,0.3365100364532493,0
32701,2011-12-09,0.5530516569173731,1
32702,2011-12-09,0.25742649212016394,0
32703,2011-12-09,0.19653628403923476,0
32704,2011-12-09,0.4310631062169546,1
32705,2011-12-09,0.11797278591564155,0
32706,2011-12-09,0.2180438253269657,0
32707,2011-12-09,0.3681465611302913,0
32708,2011-12-09,0.32342712796322226,0
32709,2011-12-09,0.3199270206161829,0
32710,2011-12-09,0.2044479258181415,0
32711,2011-12-09,0.21391500258357246,0
32712,2011-12-09,0.3101847676783,1
32713,2011-12-09,0.2550492667410003,0
32714,2011-12-09,0.5336054593146426,1
32715,2011-12-09,0.34612483931607685,0
32716,2011-12-09,0.36673154057106255,1
32717,2011-12-09,0.22524218259048928,0
32718,2011-12-09,0.32420739633485934,0
32719,2011-12-09,0.15285706150327938,0
32720,2011-12-09,0.24899415782183526,0
32721,2011-12-09,0.2519403693742102,0
32722,2011-12-09,0.23872908895169054,1
32723,2011-12-09,0.5222744848397636,1
32724,2011-12-09,0.2182832195071835,0
32725,2011-12-09,0.5251820701067876,1
32726,2011-12-09,0.19485243931603238,0
32727,2011-12-09,0.46118132132098566,0
32728,2011-12-09,0.2719056362598448,0
32729,2011-12-09,0.1667483814543311,0
32730,2011-12-09,0.2727630597230312,1
32731,2011-12-09,0.3251754865153062,0
32732,2011-12-09,0.2617815634923894,0
32733,2011-12-09,0.18445862128949506,0
32734,2011-12-09,0.3590509839292227,0
32735,2011-12-09,0.4645698629453296,0
32736,2011-12-09,0.4115587840405012,1
32737,2011-12-09,0.2931668894051471,0
32738,2011-12-09,0.4945983981266235,1
32739,2011-12-09,0.27761992541551034,0
32740,2011-12-09,0.2328988755898734,0
32741,2011-12-09,0.5448010820888466,1
32742,2011-12-09,0.3444680292664692,0
32743,2011-12-09,0.3335680860869528,1
32744,2011-12-09,0.22171321964335539,0
32745,2011-12-09,0.25422459104308015,0
32746,2011-12-09,0.13528410264589302,0
32747,2011-12-09,0.313104603377522,0
32748,2011-12-09,0.2852742916396057,0
32749,2011-12-09,0.16183896204664036,1
32750,2011-12-09,0.34884516855145103,1
32751,2011-12-09,0.3855657125434729,0
32752,2011-12-09,0.28825057692729383,0
32753,2011-12-09,0.3412798728503783,1
32754,2011-12-09,0.3626643916235993,0
32755,2011-12-09,0.22438342507138948,0
32756,2011-12-09,0.22322931095920281,0
32757,2011-12-09,0.12078296317740025,0
32758,2011-12-09,0.24660379737100777,0
32759,2011-12-09,0.24455052565877644,0
32760,2011-12-09,0.36727831270467054,1
32761,2011-12-09,0.2385410668460439,0
32762,2011-12-09,0.3237890799281419,0
32763,2011-12-09,0.30754768278144584,0
32764,2011-12-09,0.41891293923932205,1
32765,2011-12-09,0.4201375445037013,0
32766,2011-12-09,0.16935234724391546,0
32767,2011-12-09,0.2838270189200764,0
32768,2011-12-09,0.22692823916537444,0
32769,2011-12-09,0.5400177586811241,0
32770,2011-12-09,0.5211232833299707,1
32771,2011-12-09,0.19055761433012314,0
32772,2011-12-09,0.13992828777345642,0
32773,2011-12-09,0.25802540827860976,0
32774,2011-12-09,0.4214871599685791,0
32775,2011-12-09,0.3180744553600571,0
32776,2011-12-09,0.4756316204746685,0
32777,2011-12-09,0.2732876022386179,1
32778,2011-12-09,0.45644955477364524,0
32779,2011-12-09,0.22380460067587302,0
32780,2011-12-09,0.4464417423352311,0
32781,2011-12-09,0.24803795741905055,0
32782,2011-12-09,0.20113153301718578,0
32783,2011-12-09,0.28441806296880023,0
32784,2011-12-09,0.2870856152024603,0
32785,2011-12-09,0.24965296096743778,0
32786,2011-12-09,0.2786966903306302,0
32787,2011-12-09,0.21091538275170538,1
32788,2011-12-09,0.16330948389850727,0
32789,2011-12-09,0.27350558679253323,0
32790,2011-12-09,0.5058233940910155,0
32791,2011-12-09,0.2123761805663084,0
32792,2011-12-09,0.12418430639956579,0
32793,2011-12-09,0.11308262671227488,0
32794,2011-12-09,0.1863851385380814,0
32795,2011-12-09,0.23609841448029575,0
32796,2011-12-09,0.4075811450377343,1
32797,2011-12-09,0.3286879448983453,1
32798,2011-12-09,0.23318175027122212,0
32799,2011-12-09,0.2950855289075125,0
32800,2011-12-09,0.28056680770249387,0
32801,2011-12-09,0.2672383755363753,1
32802,2011-12-09,0.414171736615692,1
32803,2011-12-09,0.3613062618691604,0
32804,2011-12-09,0.1966208885521341,0
32805,2011-12-09,0.15874769057022547,0
32806,2011-12-09,0.2887131489255559,1
32807,2011-12-09,0.34542260499548316,0
32808,2011-12-09,0.1195107174585716,0
32809,2011-12-09,0.10041059233296919,0
32810,2011-12-09,0.274493285673122,0
32811,2011-12-09,0.40515007414514986,0
32812,2011-12-09,0.2237051666060517,0
32813,2011-12-09,0.20806771640106428,0
32814,2011-12-09,0.32048602961321954,0
32815,2011-12-09,0.27854530888917123,0
32816,2011-12-09,0.2970660190755752,0
32817,2011-12-09,0.4230018649909684,1
32818,2011-12-09,0.36501646814298017,0
32819,2011-12-09,0.2093063536237205,0
32820,2011-12-09,0.3248785777767422,0
32821,2011-12-09,0.28105320243385784,0
32822,2011-12-09,0.3493007859843132,1
32823,2011-12-09,0.5927752098681595,0
32824,2011-12-09,0.3375127338064385,0
32825,2011-12-09,0.20738719505570224,1
32826,2011-12-09,0.22470292838187392,0
32827,2011-12-09,0.4980092440218701,1
32828,2011-12-09,0.3148084129062706,0
32829,2011-12-09,0.3360213589238423,1
32830,2011-12-09,0.16935588752977246,0
32831,2011-12-09,0.381741103697519,1
32832,2011-12-09,0.2786094096884358,0
32833,2011-12-09,0.20776977057803522,1
32834,2011-12-09,0.24531689255229966,0
32835,2011-12-09,0.2447154648211789,0
32836,2011-12-09,0.25482616073346476,0
32837,2011-12-09,0.18420865682553844,0
32838,2011-12-09,0.31974064235842714,1
32839,2011-12-09,0.23930214199286476,0
32840,2011-12-09,0.13605649829488053,0
32841,2011-12-09,0.32390250851233804,0
32842,2011-12-09,0.342156191609278,0
32843,2011-12-09,0.27370629454724893,0
32844,2011-12-09,0.2210949156895159,0
32845,2011-12-09,0.15393593985927453,0
32846,2011-12-09,0.4705302296992394,0
32847,2011-12-09,0.19407412154144227,0
32848,2011-12-09,0.2941970005700873,0
32849,2011-12-09,0.19501457579932704,0
32850,2011-12-09,0.22691775985271004,0
32851,2011-12-09,0.22800482871923602,0
32852,2011-12-09,0.28031188086682757,0
32853,2011-12-09,0.4060550941553218,1
32854,2011-12-09,0.1173026645035521,0
32855,2011-12-09,0.29724723291958993,0
32856,2011-12-09,0.35242420999525204,0
32857,2011-12-09,0.17744722771178925,0
32858,2011-12-09,0.5077429392150563,1
32859,2011-12-09,0.16341213595947887,0
32860,2011-12-09,0.21758925237240678,0
32861,2011-12-09,0.19538760614001335,0
32862,2011-12-09,0.36584569227269476,1
32863,2011-12-09,0.28582448914137937,0
32864,2011-12-09,0.15197988215439256,0
32865,2011-12-09,0.24739734696185275,0
32866,2011-12-09,0.23555656528046967,1
32867,2011-12-09,0.19180399760425038,0
32868,2011-12-09,0.3702889381906426,1
32869,2011-12-09,0.4572509666507581,0
32870,2011-12-09,0.16769761091375904,0
32871,2011-12-09,0.3525643139637256,0
32872,2011-12-09,0.3805446727526486,0
32873,2011-12-09,0.3833518439042615,0
32874,2011-12-09,0.1696148225597131,0
32875,2011-12-09,0.3248915697526427,0
32876,2011-12-09,0.2445259465706405,1
32877,2011-12-09,0.27016716677534947,0
32878,2011-12-09,0.24016342576100894,0
32879,2011-12-09,0.18780122302874497,0
32880,2011-12-09,0.43300485902550134,0
32881,2011-12-09,0.2969725394704669,0
32882,2011-12-09,0.20655471548213208,0
32883,2011-12-09,0.2691513032647749,1
32884,2011-12-09,0.23201070106156085,0
32885,2011-12-09,0.29124726750223096,0
32886,2011-12-09,0.21726983406034434,0
32887,2011-12-09,0.3503911610214008,0
32888,2011-12-09,0.3225397259971152,0
32889,2011-12-09,0.20401815532966727,0
32890,2011-12-09,0.20621393423433193,0
32891,2011-12-09,0.5788290717143485,1
32892,2011-12-09,0.41700837905709864,1
32893,2011-12-09,0.21671834815755014,0
32894,2011-12-09,0.21583539502523938,0
32895,2011-12-09,0.3019615681390846,0
32896,2011-12-09,0.24410097937427405,0
32897,2011-12-09,0.5330038035809994,1
32898,2011-12-09,0.16640931683435936,0
32899,2011-12-09,0.15106097868150192,0
32900,2011-12-09,0.2374518457989984,0
32901,2011-12-09,0.2519739324425339,0
32902,2011-12-09,0.25939231350534364,1
32903,2011-12-09,0.574449930409349,1
32904,2011-12-09,0.24926717757150363,0
32905,2011-12-09,0.20386382250299578,0
32906,2011-12-09,0.13048649692935804,0
32907,2011-12-09,0.27529967952527457,0
32908,2011-12-09,0.2328464558467395,0
32909,2011-12-09,0.5943002243684148,1
32910,2011-12-09,0.609802617967016,0
32911,2011-12-09,0.1491411511133798,0
32912,2011-12-09,0.19694605473081442,1
32913,2011-12-09,0.2244614500287758,1
32914,2011-12-09,0.26963632519558367,0
32915,2011-12-09,0.3880452317770688,1
32916,2011-12-09,0.4285599176010072,0
32917,2011-12-09,0.24954525030012253,0
32918,2011-12-09,0.19004011608214272,0
32919,2011-12-09,0.5060074809309717,1
32920,2011-12-09,0.20011518200489717,1
32921,2011-12-09,0.42625932450628845,1
32922,2011-12-09,0.23104944383157447,0
32923,2011-12-09,0.39298888881783334,0
32924,2011-12-09,0.22549484640121342,0
32925,2011-12-09,0.18514537292828204,0
32926,2011-12-09,0.1584902064202732,0
32927,2011-12-09,0.5294753251680583,0
32928,2011-12-09,0.21115158394155978,0
32929,2011-12-09,0.3457223715476929,0
32930,2011-12-09,0.4545414847399443,0
32931,2011-12-09,0.13651895899040828,0
32932,2011-12-09,0.3079614748919063,0
32933,2011-12-09,0.36668582683663337,1
32934,2011-12-09,0.17553534730994796,0
32935,2011-12-09,0.20955778278002773,0
32936,2011-12-09,0.284879632307326,1
32937,2011-12-09,0.2668446535688442,0
32938,2011-12-09,0.25869405456356065,0
32939,2011-12-09,0.27660089792730735,0
32940,2011-12-09,0.48186948099509774,1
32941,2011-12-09,0.16509346892104887,0
32942,2011-12-09,0.4628843378897184,1
32943,2011-12-09,0.2150194781697265,0
32944,2011-12-09,0.2562023442110033,0
32945,2011-12-09,0.5460150862340526,0
32946,2011-12-09,0.1655516063381583,0
32947,2011-12-09,0.5195546692835242,1
32948,2011-12-09,0.3075378470056544,1
32949,2011-12-09,0.3051631529058445,0
32950,2011-12-09,0.18226103975073232,0
32951,2011-12-09,0.4933205411618346,0
32952,2011-12-09,0.19628281643720744,1
32953,2011-12-09,0.19377150843317953,0
32954,2011-12-09,0.10654370863339536,0
32955,2011-12-09,0.3826401804955355,0
32956,2011-12-09,0.18576126597051498,0
32957,2011-12-09,0.15959183419255704,0
32958,2011-12-09,0.4420060001185975,1
32959,2011-12-09,0.21790736660992047,0
32960,2011-12-09,0.37750306333017497,0
32961,2011-12-09,0.31149886169841146,0
32962,2011-12-09,0.2149301391412195,0
32963,2011-12-09,0.28369291155141335,0
32964,2011-12-09,0.2892901765157756,0
32965,2011-12-09,0.44672913109441614,0
32966,2011-12-09,0.19432648919886727,0
32967,2011-12-09,0.24798589445949867,0
32968,2011-12-09,0.08623652451376408,0
32969,2011-12-09,0.336132026856753,0
32970,2011-12-09,0.30289576476754054,0
32971,2011-12-09,0.14045903985749322,0
32972,2011-12-09,0.25409560994750474,1
32973,2011-12-09,0.3610597749793716,1
32974,2011-12-09,0.1969217515714685,0
32975,2011-12-09,0.2636880625745437,0
32976,2011-12-09,0.22827539808886513,0
32977,2011-12-09,0.22279589849502346,0
32978,2011-12-09,0.26197090455202016,1
32979,2011-12-09,0.5113400629980073,0
32980,2011-12-09,0.1725166031282861,1
32981,2011-12-09,0.17556107345919744,0
32982,2011-12-09,0.18963220749224755,0
32983,2011-12-09,0.5481854087598945,1
32984,2011-12-09,0.26887534628564286,0
32985,2011-12-09,0.47111421565275174,0
32986,2011-12-09,0.19605779531308573,0
32987,2011-12-09,0.416387045907834,1
32988,2011-12-09,0.4756204779254758,1
32989,2011-12-09,0.2586502779122598,1
32990,2011-12-09,0.24342348071560865,0
32991,2011-12-09,0.3929728021360772,0
32992,2011-12-09,0.24134508098527566,0
32993,2011-12-09,0.41628736794002785,0
32994,2011-12-09,0.13291116132325814,0
32995,2011-12-09,0.22704435938473919,0
32996,2011-12-09,0.19788138315431528,0
32997,2011-12-09,0.6538821794893594,1
32998,2011-12-09,0.14390370237624575,0
32999,2011-12-09,0.2098289500171701,0
33000,2011-12-09,0.32422246340384797,0
33001,2011-12-09,0.46351917691280314,0
33002,2011-12-09,0.41491495844198023,1
33003,2011-12-09,0.24111097745391674,0
33004,2011-12-09,0.2514073791348439,0
33005,2011-12-09,0.5586485404243849,0
33006,2011-12-09,0.4768522252935485,1
33007,2011-12-09,0.25690214402304,1
33008,2011-12-09,0.3492807815980902,0
33009,2011-12-09,0.20043867831957415,0
33010,2011-12-09,0.28499952099665865,0
33011,2011-12-09,0.2800754393023008,1
33012,2011-12-09,0.3806958398658434,0
33013,2011-12-09,0.2720167299525016,0
33014,2011-12-09,0.23990416289934205,0
33015,2011-12-09,0.25017824799223093,0
33016,2011-12-09,0.20769800507807043,0
33017,2011-12-09,0.36362668682876137,1
33018,2011-12-09,0.21775454544342795,0
33019,2011-12-09,0.2537065218769081,0
33020,2011-12-09,0.20621319838850216,1
33021,2011-12-09,0.19691390112715249,0
33022,2011-12-09,0.2021564895300287,0
33023,2011-12-09,0.36295576818293135,1
33024,2011-12-09,0.1853469377531985,0
33025,2011-12-09,0.16526490965080554,0
33026,2011-12-09,0.21228841255645295,0
33027,2011-12-09,0.231548997378072,0
33028,2011-12-09,0.2965179649637028,0
33029,2011-12-09,0.16625215383312322,0
33030,2011-12-09,0.29997344893472155,0
33031,2011-12-09,0.46292834044037534,1
33032,2011-12-09,0.24310740689044577,0
33033,2011-12-09,0.18990897951980287,0
33034,2011-12-09,0.3069233850613036,0
33035,2011-12-09,0.2823120597308014,0
33036,2011-12-09,0.35349107266128477,0
33037,2011-12-09,0.6498826642907096,1
33038,2011-12-09,0.20640471505034147,0
33039,2011-12-09,0.2378936170227451,0
33040,2011-12-09,0.5689295513130854,0
33041,2011-12-09,0.2692798379615509,0
33042,2011-12-09,0.3804152571782284,0
33043,2011-12-09,0.148364823964392,0
33044,2011-12-09,0.3097418426866767,0
33045,2011-12-09,0.4329658228631973,0
33046,2011-12-09,0.30196438259010944,0
33047,2011-12-09,0.2512946757388691,0
33048,2011-12-09,0.10841475044858327,0
33049,2011-12-09,0.19527062162220807,0
33050,2011-12-09,0.17748203401670656,1
33051,2011-12-09,0.12693159488664457,0
33052,2011-12-09,0.6584639487267605,0
33053,2011-12-09,0.14944984319165905,0
33054,2011-12-09,0.18890098362047103,0
33055,2011-12-09,0.4665885800867069,1
33056,2011-12-09,0.32524136285652444,0
33057,2011-12-09,0.26499251605509133,0
33058,2011-12-09,0.41150441329353105,1
33059,2011-12-09,0.2931321841064804,0
33060,2011-12-09,0.13635572715691804,1
33061,2011-12-09,0.36972773823066557,0
33062,2011-12-09,0.2692615828511352,0
33063,2011-12-09,0.512663876213685,0
33064,2011-12-09,0.28197388771519283,0
33065,2011-12-09,0.3881040872941055,0
33066,2011-12-09,0.2723429998658098,0
33067,2011-12-09,0.31254385572558385,0
33068,2011-12-09,0.1534688024593715,0
33069,2011-12-09,0.15741234813132293,0
33070,2011-12-09,0.42549874079717265,0
33071,2011-12-09,0.379237253830849,0
33072,2011-12-09,0.3994731981353163,1
33073,2011-12-09,0.21675992736483365,0
33074,2011-12-09,0.2509828880864191,0
33075,2011-12-09,0.36022661028752706,0
33076,2011-12-09,0.5663998954209224,1
33077,2011-12-09,0.15339072375569443,0
33078,2011-12-09,0.2625798977204628,0
33079,2011-12-09,0.2866534641214369,0
33080,2011-12-09,0.20263644234588415,0
33081,2011-12-09,0.2651724063101175,1
33082,2011-12-09,0.2303827798593514,0
33083,2011-12-09,0.29480536196551793,1
33084,2011-12-09,0.1736338228387135,0
33085,2011-12-09,0.41230686028758584,0
33086,2011-12-09,0.4326830957201742,1
33087,2011-12-09,0.262062936624785,0
33088,2011-12-09,0.1961054103651677,0
33089,2011-12-09,0.3607773056386393,0
33090,2011-12-09,0.16737795259603097,0
33091,2011-12-09,0.40251054177665374,1
33092,2011-12-09,0.25028995164701245,0
33093,2011-12-09,0.2754240646279616,1
33094,2011-12-09,0.44863615413138674,0
33095,2011-12-09,0.154435117250284,0
33096,2011-12-09,0.2485128061675652,0
33097,2011-12-09,0.5086362275888149,0
33098,2011-12-09,0.6291327208065516,0
33099,2011-12-09,0.22812580084030648,0
33100,2011-12-09,0.299220101097429,0
33101,2011-12-09,0.2624348377616517,0
33102,2011-12-09,0.5817028445250026,0
33103,2011-12-09,0.3073434409473795,0
33104,2011-12-09,0.49715514571488717,0
33105,2011-12-09,0.47473657203217295,0
33106,2011-12-09,0.36299133693068414,1
33107,2011-12-09,0.6295201220334312,1
33108,2011-12-09,0.22650688995954257,0
33109,2011-12-09,0.5691747333876498,1
33110,2011-12-09,0.2029570369028057,0
33111,2011-12-09,0.39882980741219654,1
33112,2011-12-09,0.3352815333335501,1
33113,2011-12-09,0.16008439957350623,0
33114,2011-12-09,0.292313514432989,0
33115,2011-12-09,0.39679798853102044,0
33116,2011-12-09,0.21295650166352686,0
33117,2011-12-09,0.3942975350777652,1
33118,2011-12-09,0.27618730889079995,0
33119,2011-12-09,0.26836710313128853,0
33120,2011-12-09,0.2464218537155456,0
33121,2011-12-09,0.25240165395590125,1
33122,2011-12-09,0.5438941000249508,0
33123,2011-12-09,0.16613486129323257,0
33124,2011-12-09,0.13539338614516555,0
33125,2011-12-09,0.17742269701097396,0
33126,2011-12-09,0.2991388894303734,0
33127,2011-12-09,0.16584371401515413,0
33128,2011-12-09,0.2189214756141379,0
33129,2011-12-09,0.18219517523427348,0
33130,2011-12-09,0.24672749882850056,0
33131,2011-12-09,0.16897371078267737,0
33132,2011-12-09,0.27484432168568884,0
33133,2011-12-09,0.19532346793069047,0
33134,2011-12-09,0.27157213023975607,1
33135,2011-12-09,0.25916310820840205,0
33136,2011-12-09,0.2594053099653271,0
33137,2011-12-09,0.21308475170296418,0
33138,2011-12-09,0.4785385595720132,1
33139,2011-12-09,0.2568643782955707,0
33140,2011-12-09,0.5199960947595951,1
33141,2011-12-09,0.17329547789309688,0
33142,2011-12-09,0.28956469505029186,0
33143,2011-12-09,0.28220138202706874,0
33144,2011-12-09,0.4484270896021279,0
33145,2011-12-09,0.2097117229260212,0
33146,2011-12-09,0.24519477313291588,0
33147,2011-12-09,0.4734415789142595,1
33148,2011-12-09,0.37515526307265457,0
33149,2011-12-09,0.48987859221725016,1
33150,2011-12-09,0.3154642296555164,0
33151,2011-12-09,0.2620202597868466,0
33152,2011-12-09,0.19400847317478592,0
33153,2011-12-09,0.617915544603671,0
33154,2011-12-09,0.24910213030832204,0
33155,2011-12-09,0.27558298166093437,0
33156,2011-12-09,0.22583223300192715,0
33157,2011-12-09,0.19760526428828173,0
33158,2011-12-09,0.28801806239730704,0
33159,2011-12-09,0.3068180061478993,1
33160,2011-12-09,0.29752068466142884,0
33161,2011-12-09,0.17580261749590956,0
33162,2011-12-09,0.3411444882974966,0
33163,2011-12-09,0.29874659394287095,0
33164,2011-12-09,0.39581072356273034,0
33165,2011-12-09,0.5508978715117284,1
33166,2011-12-09,0.22242105421108996,0
33167,2011-12-09,0.43459251591364023,0
33168,2011-12-09,0.36687566290664636,1
33169,2011-12-09,0.3260044931222676,0
33170,2011-12-09,0.16263380733974314,0
33171,2011-12-09,0.17686872293400324,0
33172,2011-12-09,0.24572519364519144,0
33173,2011-12-09,0.35003238836131717,0
33174,2011-12-09,0.16505359881107262,0
33175,2011-12-09,0.2316231553592578,0
33176,2011-12-09,0.2892917979633839,0
33177,2011-12-09,0.6019364182240468,0
33178,2011-12-09,0.2709856329150655,0
33179,2011-12-09,0.2430209246375564,0
33180,2011-12-09,0.2635428863504922,1
33181,2011-12-09,0.21319289809021427,0
33182,2011-12-09,0.287132589637522,0
33183,2011-12-09,0.4090485916855418,1
33184,2011-12-09,0.1800436445995674,0
33185,2011-12-09,0.2270781814411206,0
33186,2011-12-09,0.1658841343183658,0
33187,2011-12-09,0.33109311976352807,0
33188,2011-12-09,0.18498855183752835,1
33189,2011-12-09,0.5637407215868374,1
33190,2011-12-09,0.2359613773304294,1
33191,2011-12-09,0.3011305025429212,0
33192,2011-12-09,0.3859289324397587,0
33193,2011-12-09,0.2593985461499982,0
33194,2011-12-09,0.4875203156777355,0
33195,2011-12-09,0.19514637407258034,0
33196,2011-12-09,0.26221094239381376,0
33197,2011-12-09,0.32848681910263333,0
33198,2011-12-09,0.3819055347442412,1
33199,2011-12-09,0.18837619778098194,0
33200,2011-12-09,0.20840304318863923,0
33201,2011-12-09,0.51984656149953,1
33202,2011-12-09,0.1926386113581092,1
33203,2011-12-09,0.21369726912350587,0
33204,2011-12-09,0.1155753737650666,0
33205,2011-12-09,0.20067267558400903,0
33206,2011-12-09,0.2881866916614696,0
33207,2011-12-09,0.2483304114419567,0
33208,2011-12-09,0.40754770193874157,0
33209,2011-12-09,0.28714282181680023,0
33210,2011-12-09,0.17592025361363264,0
33211,2011-12-09,0.27144832383783446,0
33212,2011-12-09,0.15830166363518983,0
33213,2011-12-09,0.3097798576289197,0
33214,2011-12-09,0.34275819252698625,0
33215,2011-12-09,0.21215938231481796,0
33216,2011-12-09,0.27117742571336323,0
33217,2011-12-09,0.33115881469632,0
33218,2011-12-09,0.38481379781194736,0
33219,2011-12-09,0.21274869058348136,0
33220,2011-12-09,0.19058625542193566,0
33221,2011-12-09,0.26673060291718753,0
33222,2011-12-09,0.30470587006144695,1
33223,2011-12-09,0.19964436593183338,0
33224,2011-12-09,0.3332140534380658,0
33225,2011-12-09,0.39505022423442093,0
33226,2011-12-09,0.23499177750773587,0
33227,2011-12-09,0.5946167803873178,1
33228,2011-12-09,0.4438550832311863,0
33229,2011-12-09,0.2149791356687504,0
33230,2011-12-09,0.19394229876477925,1
33231,2011-12-09,0.4086705620201221,1
33232,2011-12-09,0.3313735113687272,0
33233,2011-12-09,0.14571488404391642,0
33234,2011-12-09,0.16419546531145057,0
33235,2011-12-09,0.21238554591909267,0
33236,2011-12-09,0.22952807236130604,0
33237,2011-12-09,0.23259718581105226,0
33238,2011-12-09,0.24018403201739558,1
33239,2011-12-09,0.2610439218185331,0
33240,2011-12-09,0.28799308836730453,0
33241,2011-12-09,0.424976431569645,0
33242,2011-12-09,0.22938534999509116,0
33243,2011-12-09,0.44000169272105966,0
33244,2011-12-09,0.4559785491666709,1
33245,2011-12-09,0.3436852702942925,0
33246,2011-12-09,0.15011285212796482,0
33247,2011-12-09,0.4152847269678806,0
33248,2011-12-09,0.16394780003626494,0
33249,2011-12-09,0.4159927208794024,1
33250,2011-12-09,0.1784253397498378,1
33251,2011-12-09,0.5425002859443119,1
33252,2011-12-09,0.18665131986628491,0
33253,2011-12-09,0.18320932457433248,0
33254,2011-12-09,0.21493435826896298,0
33255,2011-12-09,0.14200680959183962,0
33256,2011-12-09,0.1879863257154888,0
33257,2011-12-09,0.3358527102254508,0
33258,2011-12-09,0.14815357450211666,0
33259,2011-12-09,0.2059567011624069,0
33260,2011-12-09,0.146080895148789,1
33261,2011-12-09,0.28005924301785623,0
33262,2011-12-09,0.30700222508520475,0
33263,2011-12-09,0.11964831230032885,0
33264,2011-12-09,0.5901486642190689,0
33265,2011-12-09,0.1864131557468274,0
33266,2011-12-09,0.31343802945572247,0
33267,2011-12-09,0.20654098829033884,0
33268,2011-12-09,0.49022684236686115,0
33269,2011-12-09,0.42778422087962825,0
33270,2011-12-09,0.28343771983131893,0
33271,2011-12-09,0.416502143550759,0
33272,2011-12-09,0.40847814794800735,0
33273,2011-12-09,0.23803617879701522,1
33274,2011-12-09,0.21828235965856113,0
33275,2011-12-09,0.18436930747463334,0
33276,2011-12-09,0.4395486346935641,1
33277,2011-12-09,0.27909208544836617,0
33278,2011-12-09,0.3398166638192313,1
33279,2011-12-09,0.22002351283370755,1
33280,2011-12-09,0.46323776491689134,1
33281,2011-12-09,0.30882329643301143,0
33282,2011-12-09,0.25883466034935915,0
33283,2011-12-09,0.16480384157488204,0
33284,2011-12-09,0.19106345226525256,0
33285,2011-12-09,0.24777222180692463,1
33286,2011-12-09,0.29157368153320895,1
33287,2011-12-09,0.3958827935607778,0
33288,2011-12-09,0.24165118139704098,0
33289,2011-12-09,0.16382159280647973,0
33290,2011-12-09,0.22925705803118804,0
33291,2011-12-09,0.4603371915441274,0
33292,2011-12-09,0.26368290619446155,0
33293,2011-12-09,0.2708932988892309,0
33294,2011-12-09,0.3731345036247075,0
33295,2011-12-09,0.18775172581228639,0
33296,2011-12-09,0.5107960213918078,1
33297,2011-12-09,0.22199759503702612,1
33298,2011-12-09,0.37213510174020964,1
33299,2011-12-09,0.17312974224804867,0
33300,2011-12-09,0.2507225911126647,0
33301,2011-12-09,0.15405681389175344,0
33302,2011-12-09,0.4456669548460055,0
33303,2011-12-09,0.11039667467854977,0
33304,2011-12-09,0.14056844585550257,0
33305,2011-12-09,0.25917553315523856,0
33306,2011-12-09,0.23226744447201658,0
33307,2011-12-09,0.5649069750461405,1
33308,2011-12-09,0.3794714455592472,0
33309,2011-12-09,0.15589352874835263,1
33310,2011-12-09,0.17234768698676872,0
33311,2011-12-09,0.20682624499199828,0
33312,2011-12-09,0.44604847284936827,0
33313,2011-12-09,0.2611581097269764,1
33314,2011-12-09,0.3132935018044049,1
33315,2011-12-09,0.4075558328680973,1
33316,2011-12-09,0.3245338018645741,1
33317,2011-12-09,0.18462864295763942,0
33318,2011-12-09,0.15262016760354125,0
33319,2011-12-09,0.19123443622465494,0
33320,2011-12-09,0.48534588656086086,0
33321,2011-12-09,0.2615576866978861,0
33322,2011-12-09,0.1768279993145865,0
33323,2011-12-09,0.3256309855794546,1
33324,2011-12-09,0.18322227419105516,0
33325,2011-12-09,0.47492581227329744,1
33326,2011-12-09,0.13540280377481084,0
33327,2011-12-09,0.40478934271166256,0
33328,2011-12-09,0.210922265889261,0
33329,2011-12-09,0.2251420895282761,0
33330,2011-12-09,0.44319895896281053,1
33331,2011-12-09,0.23917298760935812,0
33332,2011-12-09,0.3104928607848779,1
33333,2011-12-09,0.3187335948378668,0
33334,2011-12-09,0.32760429136921243,1
33335,2011-12-09,0.11581184913007439,0
33336,2011-12-09,0.22378491193903677,0
33337,2011-12-09,0.2694776349422548,1
33338,2011-12-09,0.26712752910771737,0
33339,2011-12-09,0.17562287242172664,0
33340,2011-12-09,0.339172494122436,0
33341,2011-12-09,0.18113606797485243,0
33342,2011-12-09,0.3129185960830049,0
33343,2011-12-09,0.21601058593204883,0
33344,2011-12-09,0.12296426588799861,0
33345,2011-12-09,0.3382601124518835,1
33346,2011-12-09,0.23113657004767782,0
33347,2011-12-09,0.24384483476043578,0
33348,2011-12-09,0.5187315249684257,1
33349,2011-12-09,0.3607824193574907,0
33350,2011-12-09,0.2468176018599776,0
33351,2011-12-09,0.30369429354682387,0
33352,2011-12-09,0.26300557408707825,0
33353,2011-12-09,0.5131144335856234,1
33354,2011-12-09,0.29516662947627204,0
33355,2011-12-09,0.14966110157872112,1
33356,2011-12-09,0.1250672423099842,0
33357,2011-12-09,0.415777613425032,0
33358,2011-12-09,0.23833903451378793,0
33359,2011-12-09,0.4002167885431416,1
33360,2011-12-09,0.2507210996143226,1
33361,2011-12-09,0.28520221737606893,0
33362,2011-12-09,0.16433063876893078,0
33363,2011-12-09,0.4942725344704639,1
33364,2011-12-09,0.19697662437871277,0
33365,2011-12-09,0.21879570455937852,0
33366,2011-12-09,0.20062081898573458,0
33367,2011-12-09,0.3280275370105328,0
33368,2011-12-09,0.2862800102466969,0
33369,2011-12-09,0.652123223070711,0
33370,2011-12-09,0.32524199591859854,1
33371,2011-12-09,0.33238465509193577,1
33372,2011-12-09,0.5597254515865828,1
33373,2011-12-09,0.4343604145623987,0
33374,2011-12-09,0.20196248995591007,0
33375,2011-12-09,0.32915260033583643,1
33376,2011-12-09,0.3073843148865559,0
33377,2011-12-09,0.30576447740433066,0
33378,2011-12-09,0.24779425643365321,0
33379,2011-12-09,0.3087626021173821,0
33380,2011-12-09,0.17617202070846316,0
33381,2011-12-09,0.31581902056806554,0
33382,2011-12-09,0.2114524511148038,0
33383,2011-12-09,0.2206997616104496,1
33384,2011-12-09,0.2745334338333942,0
33385,2011-12-09,0.14905244459802794,1
33386,2011-12-09,0.3802058040717214,0
33387,2011-12-09,0.5054141596490783,1
33388,2011-12-09,0.22587991597704365,0
33389,2011-12-09,0.2311605490531417,0
33390,2011-12-09,0.3711568549265365,0
33391,2011-12-09,0.18215615210469174,0
33392,2011-12-09,0.2155408851379437,0
33393,2011-12-09,0.2876886363737734,1
33394,2011-12-09,0.43027022351783045,1
33395,2011-12-09,0.2966233406236615,1
33396,2011-12-09,0.38252831945026344,1
33397,2011-12-09,0.2657822204761913,0
33398,2011-12-09,0.19532714612669108,0
33399,2011-12-09,0.21677673787743554,0
33400,2011-12-09,0.1851088146243274,0
33401,2011-12-09,0.1929970782887744,0
33402,2011-12-09,0.30604867009738956,0
33403,2011-12-09,0.2844094980580775,0
33404,2011-12-09,0.5869090573241563,1
33405,2011-12-09,0.31399092539524964,0
33406,2011-12-09,0.20715852381532246,0
33407,2011-12-09,0.3926981802996014,1
33408,2011-12-09,0.17565953686182653,0
33409,2011-12-09,0.4218716448837064,0
33410,2011-12-09,0.3086039996398611,0
33411,2011-12-09,0.19869067380705427,0
33412,2011-12-09,0.23895127112113093,1
33413,2011-12-09,0.3304048751478669,0
33414,2011-12-09,0.5084371690629621,1
33415,2011-12-09,0.245842291373063,0
33416,2011-12-09,0.2948676675189431,0
33417,2011-12-09,0.2587062707388905,0
33418,2011-12-09,0.13850001394953967,0
33419,2011-12-09,0.2189960648996957,0
33420,2011-12-09,0.22111873184769798,0
33421,2011-12-09,0.3279393500891462,1
33422,2011-12-09,0.4171671286485372,0
33423,2011-12-09,0.4536998217528101,0
33424,2011-12-09,0.4450231450649277,1
33425,2011-12-09,0.3254656396513273,0
33426,2011-12-09,0.17166646937365915,0
33427,2011-12-09,0.2508516790393887,0
33428,2011-12-09,0.2713519946894532,1
33429,2011-12-09,0.2604870198765018,0
33430,2011-12-09,0.1707038016203272,0
33431,2011-12-09,0.30535528544656865,1
33432,2011-12-09,0.27559228992796075,0
33433,2011-12-09,0.24474900113053624,0
33434,2011-12-09,0.34718027260422474,1
33435,2011-12-09,0.1939125933088054,0
33436,2011-12-09,0.22238859803374544,0
33437,2011-12-09,0.2689555556148924,0
33438,2011-12-09,0.1518277698220953,0
33439,2011-12-09,0.24923105917313979,0
33440,2011-12-09,0.20040397362251502,0
33441,2011-12-09,0.5242672913966777,0
33442,2011-12-09,0.2787841637901449,0
33443,2011-12-09,0.17341015931290865,0
33444,2011-12-09,0.335600801413144,0
33445,2011-12-09,0.13790713361594623,0
33446,2011-12-09,0.26521211453936105,0
33447,2011-12-09,0.16262350949784252,0
33448,2011-12-09,0.30804080032772824,0
33449,2011-12-09,0.21373197565660262,0
33450,2011-12-09,0.37113474043965566,0
33451,2011-12-09,0.20886089242950776,0
33452,2011-12-09,0.2717064930815563,0
33453,2011-12-09,0.19113857074058446,0
33454,2011-12-09,0.16729254439962904,0
33455,2011-12-09,0.2030131608206523,0
33456,2011-12-09,0.2376519171166209,0
33457,2011-12-09,0.24737800039104438,0
33458,2011-12-09,0.2763540583485365,1
33459,2011-12-09,0.2789167828267093,0
33460,2011-12-09,0.17138280480611098,0
33461,2011-12-09,0.21397477536849796,0
33462,2011-12-09,0.21785590130174085,0
33463,2011-12-09,0.20960122152169017,0
33464,2011-12-09,0.2254310121284058,0
33465,2011-12-09,0.19929376206062302,0
33466,2011-12-09,0.4899873969438897,1
33467,2011-12-09,0.26586049597766653,0
33468,2011-12-09,0.21536014878967477,0
33469,2011-12-09,0.41663396652783163,0
33470,2011-12-09,0.33881242911829684,0
33471,2011-12-09,0.18740831901866684,0
33472,2011-12-09,0.12712907369193677,0
33473,2011-12-09,0.5785600863001282,1
33474,2011-12-09,0.4610388186936271,0
33475,2011-12-10,0.28592107630044244,1
33476,2011-12-10,0.13947935622973626,0
33477,2011-12-10,0.4763443217033077,0
33478,2011-12-10,0.22648674984399347,0
33479,2011-12-10,0.2087465270827136,0
33480,2011-12-10,0.2565600030436972,0
33481,2011-12-10,0.6119774993279131,1
33482,2011-12-10,0.24015540715565323,0
33483,2011-12-10,0.21997477243132882,0
33484,2011-12-10,0.3520859133851184,0
33485,2011-12-10,0.4279017619982773,0
33486,2011-12-10,0.37102659278499683,0
33487,2011-12-10,0.3052135347260873,0
33488,2011-12-10,0.3441880688850085,0
33489,2011-12-10,0.23533644450071536,0
33490,2011-12-10,0.32175060154907026,0
33491,2011-12-10,0.2170643662734893,0
33492,2011-12-10,0.34698066578451325,0
33493,2011-12-10,0.42929410663946976,1
33494,2011-12-10,0.29101445694210964,0
33495,2011-12-10,0.34134348083933524,0
33496,2011-12-10,0.3555975592171185,0
33497,2011-12-10,0.36419206862361464,0
33498,2011-12-10,0.3265605299483449,0
33499,2011-12-10,0.3768707631894595,0
33500,2011-12-10,0.1684838795881909,0
33501,2011-12-10,0.20189086057658784,0
33502,2011-12-10,0.3283907225213423,1
33503,2011-12-10,0.2298907797685436,1
33504,2011-12-10,0.5003137677511972,0
33505,2011-12-10,0.5072789966574094,1
33506,2011-12-10,0.36210348286484517,0
33507,2011-12-10,0.30429995011061206,1
33508,2011-12-10,0.5339928277956101,1
33509,2011-12-10,0.3791074255112323,0
33510,2011-12-10,0.2899357936393486,0
33511,2011-12-10,0.4908929451814115,1
33512,2011-12-10,0.41842198669798814,0
33513,2011-12-10,0.13821983995831913,0
33514,2011-12-10,0.34732280816104316,1
33515,2011-12-10,0.33708403347082233,1
33516,2011-12-10,0.18882231154988885,0
33517,2011-12-10,0.423465889848669,0
33518,2011-12-10,0.3733348107609071,0
33519,2011-12-10,0.19794155901199487,0
33520,2011-12-10,0.422785791288366,0
33521,2011-12-10,0.4049157001464706,1
33522,2011-12-10,0.3504752525612255,0
33523,2011-12-10,0.15689041675178467,0
33524,2011-12-10,0.2768867696561596,0
33525,2011-12-10,0.21863505497337496,0
33526,2011-12-10,0.25511684617886443,0
33527,2011-12-10,0.26556207463858694,0
33528,2011-12-10,0.2703071819613773,0
33529,2011-12-10,0.20910656331574587,0
33530,2011-12-10,0.6120622703361267,1
33531,2011-12-10,0.21430210165851982,0
33532,2011-12-10,0.2114605311893943,1
33533,2011-12-10,0.20371329456251333,1
33534,2011-12-10,0.19479632480607276,0
33535,2011-12-10,0.33121684338977536,0
33536,2011-12-10,0.5651017939805592,1
33537,2011-12-10,0.3982819482262377,0
33538,2011-12-10,0.37730746212737315,0
33539,2011-12-10,0.1651796742320305,0
33540,2011-12-10,0.2589862136906831,0
33541,2011-12-10,0.3484722104152128,0
33542,2011-12-10,0.2681209528942214,0
33543,2011-12-10,0.22752347311483315,0
33544,2011-12-10,0.5387754548822162,0
33545,2011-12-10,0.28921248513575076,0
33546,2011-12-10,0.3706419012011831,0
33547,2011-12-10,0.2804856447609176,0
33548,2011-12-10,0.19219251015590214,0
33549,2011-12-10,0.2127409516242577,0
33550,2011-12-10,0.20818638802376094,0
33551,2011-12-10,0.34228860855174237,1
33552,2011-12-10,0.18332349467981468,0
33553,2011-12-10,0.4413258170583242,1
33554,2011-12-10,0.2190660287941865,0
33555,2011-12-10,0.3842998271702715,0
33556,2011-12-10,0.16826000997416482,0
33557,2011-12-10,0.2914587580950206,0
33558,2011-12-10,0.44321469180582723,1
33559,2011-12-10,0.3091663924901332,1
33560,2011-12-10,0.5726745883944494,0
33561,2011-12-10,0.4472620070518611,0
33562,2011-12-10,0.6583660380538947,1
33563,2011-12-10,0.3475738030616335,1
33564,2011-12-10,0.47979358640838204,1
33565,2011-12-10,0.532023762851316,1
33566,2011-12-10,0.6398428592780585,0
33567,2011-12-10,0.217897792037843,0
33568,2011-12-10,0.5388877334634041,1
33569,2011-12-10,0.4163594799586078,0
33570,2011-12-10,0.4744183496056433,1
33571,2011-12-10,0.3230814803188038,1
33572,2011-12-10,0.6505428741093567,0
33573,2011-12-10,0.33318381519356516,1
33574,2011-12-10,0.6670409214689038,1
33575,2011-12-10,0.28436294847476157,0
33576,2011-12-10,0.4291308197664989,0
33577,2011-12-10,0.1706148759327349,0
33578,2011-12-10,0.275823924632842,0
33579,2011-12-10,0.2432966336661955,0
33580,2011-12-10,0.28147555928705464,0
33581,2011-12-10,0.15632025922977974,0
33582,2011-12-10,0.4254977450297454,1
33583,2011-12-10,0.3677260020693072,0
33584,2011-12-10,0.27404473081818004,0
33585,2011-12-10,0.40196144281103535,0
33586,2011-12-10,0.3387077810992807,0
33587,2011-12-10,0.22514550971441863,0
33588,2011-12-10,0.47663144078699315,1
33589,2011-12-10,0.379250871346273,1
33590,2011-12-10,0.4333029847798867,1
33591,2011-12-10,0.3971347661823049,1
33592,2011-12-10,0.31309140217126025,0
33593,2011-12-10,0.344779976075495,1
33594,2011-12-10,0.203424702538432,0
33595,2011-12-10,0.18562990038242333,1
33596,2011-12-10,0.2142040484071589,1
33597,2011-12-10,0.45836612241037866,1
33598,2011-12-10,0.19112527174401314,0
33599,2011-12-10,0.2546563770311668,0
33600,2011-12-10,0.4140111515822181,0
33601,2011-12-10,0.23786055624924635,0
33602,2011-12-10,0.19388244469275226,0
33603,2011-12-10,0.5363707317487653,1
33604,2011-12-10,0.16977451871959112,0
33605,2011-12-10,0.28485322995664825,0
33606,2011-12-10,0.20515236228341396,0
33607,2011-12-10,0.2384572257986878,0
33608,2011-12-10,0.3040355907325385,0
33609,2011-12-10,0.4064483902477744,1
33610,2011-12-10,0.5537786603281933,1
33611,2011-12-10,0.32172250265771724,1
33612,2011-12-10,0.3499973593498263,0
33613,2011-12-10,0.2302946141601672,0
33614,2011-12-10,0.23005443254151578,1
33615,2011-12-10,0.19946630989551153,1
33616,2011-12-10,0.22692645696543354,0
33617,2011-12-10,0.353624128376372,1
33618,2011-12-10,0.36800713160439275,1
33619,2011-12-10,0.29128629246583404,0
33620,2011-12-10,0.1485097741266994,0
33621,2011-12-10,0.15865353161112516,0
33622,2011-12-10,0.35125440397133556,0
33623,2011-12-10,0.23027911258216427,0
33624,2011-12-10,0.2852621339426394,0
33625,2011-12-10,0.22091472886736951,0
33626,2011-12-10,0.65025438500819,0
33627,2011-12-10,0.33212415840400933,1
33628,2011-12-10,0.3705855159732246,0
33629,2011-12-10,0.42233759925097486,1
33630,2011-12-10,0.11752357277151003,0
33631,2011-12-10,0.38118226716663256,0
33632,2011-12-10,0.28141562598344066,0
33633,2011-12-10,0.3131968102581489,0
33634,2011-12-10,0.15529903150457072,0
33635,2011-12-10,0.38444243774173276,1
33636,2011-12-10,0.5055457907397325,0
33637,2011-12-10,0.1302879108966055,0
33638,2011-12-10,0.16325103841651267,0
33639,2011-12-10,0.31582296713190167,1
33640,2011-12-10,0.4253634972398254,1
33641,2011-12-10,0.254950686918997,0
33642,2011-12-10,0.3216902930919908,0
33643,2011-12-10,0.6504729289393261,0
33644,2011-12-10,0.19318702345249636,0
33645,2011-12-10,0.18047286729959375,0
33646,2011-12-10,0.27175626833461913,1
33647,2011-12-10,0.266552685175238,0
33648,2011-12-10,0.2569472070907463,0
33649,2011-12-10,0.33274764901616244,0
33650,2011-12-10,0.2963940211026911,0
33651,2011-12-10,0.23277250858552875,0
33652,2011-12-10,0.14830477393660693,0
33653,2011-12-10,0.2648028349334703,0
33654,2011-12-10,0.41296962124866693,1
33655,2011-12-10,0.25247571344146336,0
33656,2011-12-10,0.518936322453656,1
33657,2011-12-10,0.49621820919772325,1
33658,2011-12-10,0.5516118685381726,0
33659,2011-12-10,0.32080177941413174,0
33660,2011-12-10,0.3571764672061086,0
33661,2011-12-10,0.21502459275641345,0
33662,2011-12-10,0.16247309365675505,0
33663,2011-12-10,0.35914035650186094,0
33664,2011-12-10,0.6156505879224968,0
33665,2011-12-10,0.31286996570496456,0
33666,2011-12-10,0.33188446085269385,0
33667,2011-12-10,0.1824900624120974,0
33668,2011-12-10,0.2175833610657783,0
33669,2011-12-10,0.29694310451464734,0
33670,2011-12-10,0.17202589754609396,0
33671,2011-12-10,0.31348054270919806,0
33672,2011-12-10,0.35728741952561144,1
33673,2011-12-10,0.2498186926955658,0
33674,2011-12-10,0.20300667837099604,0
33675,2011-12-10,0.34020965456875935,0
33676,2011-12-10,0.19118511589860054,0
33677,2011-12-10,0.3393424519546463,0
33678,2011-12-10,0.1560222155055997,0
33679,2011-12-10,0.5446515202456995,1
33680,2011-12-10,0.2226568119244082,1
33681,2011-12-10,0.1133235703484229,0
33682,2011-12-10,0.3612265701561031,0
33683,2011-12-10,0.10057182856245793,0
33684,2011-12-10,0.21540678136350727,0
33685,2011-12-10,0.22064403779459643,0
33686,2011-12-10,0.14202407572037146,0
33687,2011-12-10,0.5023641873719008,0
33688,2011-12-10,0.27403340210684357,0
33689,2011-12-10,0.3529822921609077,0
33690,2011-12-10,0.17411636698007177,0
33691,2011-12-10,0.20447704497476002,1
33692,2011-12-10,0.26654634589074516,0
33693,2011-12-10,0.1505439746447839,0
33694,2011-12-10,0.48653785524474497,1
33695,2011-12-10,0.3383782829300153,0
33696,2011-12-10,0.382995032336532,0
33697,2011-12-10,0.24501760981289408,0
33698,2011-12-10,0.2641713992823127,0
33699,2011-12-10,0.3522602861657997,1
33700,2011-12-10,0.4117107590025842,0
33701,2011-12-10,0.2013685123468016,0
33702,2011-12-10,0.2694960631043871,0
33703,2011-12-10,0.3052646497713875,0
33704,2011-12-10,0.3991541609107994,1
33705,2011-12-10,0.24832208637966433,1
33706,2011-12-10,0.3173040731479804,0
33707,2011-12-10,0.43978887118995486,0
33708,2011-12-10,0.278718181985793,0
33709,2011-12-10,0.4388506620858566,0
33710,2011-12-10,0.14886888340863358,0
33711,2011-12-10,0.2537948412113755,0
33712,2011-12-10,0.24055465924169764,0
33713,2011-12-10,0.488555317805315,1
33714,2011-12-10,0.31162958951750497,1
33715,2011-12-10,0.5002944293498336,0
33716,2011-12-10,0.4554582755046959,0
33717,2011-12-10,0.30999801643378266,0
33718,2011-12-10,0.16308499093910817,0
33719,2011-12-10,0.2709913635776169,0
33720,2011-12-10,0.5164091991948853,1
33721,2011-12-10,0.5190206475111968,1
33722,2011-12-10,0.3461234180649418,1
33723,2011-12-10,0.47312786079106894,0
33724,2011-12-10,0.6364335554758526,1
33725,2011-12-10,0.5572346007887932,1
33726,2011-12-10,0.20473131588861446,0
33727,2011-12-10,0.30930128764804576,0
33728,2011-12-10,0.12397553990430132,0
33729,2011-12-10,0.20738881534459827,0
33730,2011-12-10,0.19840438882637468,0
33731,2011-12-10,0.3216369169832512,0
33732,2011-12-10,0.16537523655748443,0
33733,2011-12-10,0.33605714042873175,0
33734,2011-12-10,0.36066953794475315,1
33735,2011-12-10,0.35062279755571985,0
33736,2011-12-10,0.23076908651666303,1
33737,2011-12-10,0.29955320604205105,0
33738,2011-12-10,0.3420807424602079,0
33739,2011-12-10,0.42868612403983364,1
33740,2011-12-10,0.15860868170322054,0
33741,2011-12-10,0.1763567807463936,0
33742,2011-12-10,0.35283839808328743,0
33743,2011-12-10,0.287961612720231,0
33744,2011-12-10,0.4947308554608332,1
33745,2011-12-10,0.15467796332441164,0
33746,2011-12-10,0.528397579047944,0
33747,2011-12-10,0.29263350440491476,1
33748,2011-12-10,0.32660139714244274,0
33749,2011-12-10,0.18481722615489407,0
33750,2011-12-10,0.32407339534736374,1
33751,2011-12-10,0.231052143581915,0
33752,2011-12-10,0.5953067636642826,1
33753,2011-12-10,0.22358693027297394,0
33754,2011-12-10,0.3303931759383477,0
33755,2011-12-10,0.24250905006662968,0
33756,2011-12-10,0.28522160292623716,1
33757,2011-12-10,0.19206466595008204,0
33758,2011-12-10,0.18471388194864719,0
33759,2011-12-10,0.423735585370664,0
33760,2011-12-10,0.390986630704185,0
33761,2011-12-10,0.27708689588241875,0
33762,2011-12-10,0.21140046633210605,0
33763,2011-12-10,0.1623051802506545,0
33764,2011-12-10,0.25281097987290385,1
33765,2011-12-10,0.15583145078245378,0
33766,2011-12-10,0.1574666628758434,0
33767,2011-12-10,0.26079850844210956,0
33768,2011-12-10,0.20508078418071224,0
33769,2011-12-10,0.2420763320921486,0
33770,2011-12-10,0.4216501854897729,1
33771,2011-12-10,0.5492669145479314,0
33772,2011-12-10,0.34230216686752246,0
33773,2011-12-10,0.31688153232535626,0
33774,2011-12-10,0.19243721034693576,1
33775,2011-12-10,0.3523230560685462,0
33776,2011-12-10,0.1047837423115163,0
33777,2011-12-10,0.201013484017956,0
33778,2011-12-10,0.334800835072757,0
33779,2011-12-10,0.29738597288999313,0
33780,2011-12-10,0.2344495076784321,0
33781,2011-12-10,0.5526013040143467,1
33782,2011-12-10,0.2248229444344798,0
33783,2011-12-10,0.20526961970052154,1
33784,2011-12-10,0.24503821216763774,0
33785,2011-12-10,0.19763748501335804,0
33786,2011-12-10,0.3859665034898852,1
33787,2011-12-10,0.20317353238163788,0
33788,2011-12-10,0.1733481271158617,0
33789,2011-12-10,0.6202100103400481,0
33790,2011-12-10,0.28601430003895945,0
33791,2011-12-10,0.1633644301228718,0
33792,2011-12-10,0.16169078562629174,0
33793,2011-12-10,0.2813672896823643,0
33794,2011-12-10,0.4227701071909276,1
33795,2011-12-10,0.246358819218279,0
33796,2011-12-10,0.3573403104256586,1
33797,2011-12-10,0.22814838602629672,0
33798,2011-12-10,0.34709531615909894,1
33799,2011-12-10,0.4031247756039343,0
33800,2011-12-10,0.3669047327741892,1
33801,2011-12-10,0.1634812279321249,0
33802,2011-12-10,0.5227808429110815,1
33803,2011-12-10,0.19713246291244285,0
33804,2011-12-10,0.49452186556672645,1
33805,2011-12-10,0.31026682846531456,0
33806,2011-12-10,0.40606961418409043,0
33807,2011-12-10,0.5416765964254796,1
33808,2011-12-10,0.22851136340666817,0
33809,2011-12-10,0.18501580516293722,0
33810,2011-12-10,0.4005589707379727,0
33811,2011-12-10,0.22922685467106466,0
33812,2011-12-10,0.32873756950168337,1
33813,2011-12-10,0.5715482332490188,1
33814,2011-12-10,0.5097375959770059,1
33815,2011-12-10,0.38791578316894754,0
33816,2011-12-10,0.4319876595482787,0
33817,2011-12-10,0.33352428143195306,0
33818,2011-12-10,0.4019880299241407,0
33819,2011-12-10,0.3442982318286478,0
33820,2011-12-10,0.4488036820190233,0
33821,2011-12-10,0.16242921616104491,1
33822,2011-12-10,0.21692424286133094,0
33823,2011-12-10,0.24651358735984447,1
33824,2011-12-10,0.1797520618431174,0
33825,2011-12-10,0.5297889078680698,1
33826,2011-12-10,0.25203963378642585,0
33827,2011-12-10,0.27692277042425023,0
33828,2011-12-10,0.30599534623080554,0
33829,2011-12-10,0.250077026754681,1
33830,2011-12-10,0.42537934527801086,0
33831,2011-12-10,0.3249050654295851,0
33832,2011-12-10,0.4448751670415771,0
33833,2011-12-10,0.3054443691923096,0
33834,2011-12-10,0.2727581163392309,0
33835,2011-12-10,0.17968531060727774,0
33836,2011-12-10,0.21329077511650865,1
33837,2011-12-10,0.29560841502393914,0
33838,2011-12-10,0.25655962749667294,0
33839,2011-12-10,0.24488726536990335,0
33840,2011-12-10,0.3146650817857525,0
33841,2011-12-10,0.21581950169321987,1
33842,2011-12-10,0.21867508292376772,0
33843,2011-12-10,0.21439381379547964,1
33844,2011-12-10,0.28032707285193387,0
33845,2011-12-10,0.27503145538672724,0
33846,2011-12-10,0.36145048442805483,1
33847,2011-12-10,0.1405214409281124,0
33848,2011-12-10,0.37579328907099613,0
33849,2011-12-10,0.19064482983290265,0
33850,2011-12-10,0.570093610789012,1
33851,2011-12-10,0.298479528598798,0
33852,2011-12-10,0.4092101816674529,0
33853,2011-12-10,0.26563299304630644,0
33854,2011-12-10,0.18734859199691709,0
33855,2011-12-10,0.10932613293360431,0
33856,2011-12-10,0.3123522035624606,0
33857,2011-12-10,0.5527142822134594,1
33858,2011-12-10,0.19915746970027562,0
33859,2011-12-10,0.5838233754169354,0
33860,2011-12-10,0.28045072986525615,1
33861,2011-12-10,0.33405571583493154,0
33862,2011-12-10,0.5739303641271737,1
33863,2011-12-10,0.30328559256880094,1
33864,2011-12-10,0.1842710023909055,0
33865,2011-12-10,0.24160586115094232,1
33866,2011-12-10,0.2863516361298956,0
33867,2011-12-10,0.13787208256112338,0
33868,2011-12-10,0.4698715696822096,1
33869,2011-12-10,0.46332335027084076,1
33870,2011-12-10,0.5237629787101888,1
33871,2011-12-10,0.18785870734853888,0
33872,2011-12-10,0.44525877637089833,1
33873,2011-12-10,0.48970234984746386,1
33874,2011-12-10,0.10929992481288534,0
33875,2011-12-10,0.2793062906238058,0
33876,2011-12-10,0.4590442967956205,1
33877,2011-12-10,0.2403100365058883,0
33878,2011-12-10,0.38077994054544917,0
33879,2011-12-10,0.28540982559157396,0
33880,2011-12-10,0.20546604085628534,0
33881,2011-12-10,0.21409185773732317,0
33882,2011-12-10,0.2224539307811785,0
33883,2011-12-10,0.425962916853975,0
33884,2011-12-10,0.27775430534066287,0
33885,2011-12-10,0.5672653558634414,0
33886,2011-12-10,0.18288880498168128,0
33887,2011-12-10,0.1709381294895692,0
33888,2011-12-10,0.5331069535722808,0
33889,2011-12-10,0.19434142041370825,0
33890,2011-12-10,0.3321070123221158,0
33891,2011-12-10,0.3696793238398698,0
33892,2011-12-10,0.21742187056974885,0
33893,2011-12-10,0.18467685217658117,0
33894,2011-12-10,0.21091279824987907,0
33895,2011-12-10,0.4853483375208484,0
33896,2011-12-10,0.3224192378191415,0
33897,2011-12-10,0.3201765375875704,1
33898,2011-12-10,0.1474705938502391,0
33899,2011-12-10,0.324396730523087,0
33900,2011-12-10,0.6157158578919065,1
33901,2011-12-10,0.27628140331560985,0
33902,2011-12-10,0.30736468982766546,0
33903,2011-12-10,0.40751018826969665,1
33904,2011-12-10,0.15286125143206633,0
33905,2011-12-10,0.33169588904078323,0
33906,2011-12-10,0.25082626214897613,0
33907,2011-12-10,0.17178255693455646,0
33908,2011-12-10,0.40018202934279395,0
33909,2011-12-10,0.2928459553341004,0
33910,2011-12-10,0.1837223021517523,0
33911,2011-12-10,0.31690132728357745,0
33912,2011-12-10,0.5753831223377779,0
33913,2011-12-10,0.2099261202692779,0
33914,2011-12-10,0.265846706684184,0
33915,2011-12-10,0.2146671530422777,0
33916,2011-12-10,0.39182508624292406,1
33917,2011-12-10,0.1735442067847894,0
33918,2011-12-10,0.30213735589217616,1
33919,2011-12-10,0.2707556196704616,1
33920,2011-12-10,0.12053090447105354,0
33921,2011-12-10,0.3475328217605822,1
33922,2011-12-10,0.38080232753377674,0
33923,2011-12-10,0.33711602718042977,0
33924,2011-12-10,0.21523672950733252,0
33925,2011-12-10,0.30025091565460305,0
33926,2011-12-10,0.3213770594782753,1
33927,2011-12-10,0.21768522794159156,0
33928,2011-12-10,0.5129868021223437,0
33929,2011-12-10,0.13953531188197169,0
33930,2011-12-10,0.45648255040794183,0
33931,2011-12-10,0.42026094540986203,0
33932,2011-12-10,0.5078266067955044,0
33933,2011-12-10,0.5343280971934607,0
33934,2011-12-10,0.3544578600967154,1
33935,2011-12-10,0.3432975248688375,0
33936,2011-12-10,0.36021154782744663,1
33937,2011-12-10,0.26192154729435085,0
33938,2011-12-10,0.13969211619817634,0
33939,2011-12-10,0.3642475088583381,1
33940,2011-12-10,0.3143650165763435,0
33941,2011-12-10,0.19059803204540382,0
33942,2011-12-10,0.608010656729645,1
33943,2011-12-10,0.2252606801984086,0
33944,2011-12-10,0.15629845831923633,1
33945,2011-12-10,0.3114231794850348,0
33946,2011-12-10,0.49917461395510077,0
33947,2011-12-10,0.11663456671456734,0
33948,2011-12-10,0.19485867784198332,0
33949,2011-12-10,0.3484642512933081,1
33950,2011-12-10,0.344968521429203,0
33951,2011-12-10,0.39499087565136964,1
33952,2011-12-10,0.3330170442509864,0
33953,2011-12-10,0.17538665381402224,0
33954,2011-12-10,0.3191585728176305,0
33955,2011-12-10,0.5507926672137424,0
33956,2011-12-10,0.3166912930282414,1
33957,2011-12-10,0.34413362613906223,0
33958,2011-12-10,0.1711724078702371,0
33959,2011-12-10,0.49696030604323765,1
33960,2011-12-10,0.311722316650059,1
33961,2011-12-10,0.3608317575383545,0
33962,2011-12-10,0.165186814093118,0
33963,2011-12-10,0.37312331191185977,1
33964,2011-12-10,0.5244108185448016,0
33965,2011-12-10,0.3327785429388721,1
33966,2011-12-10,0.38377564047555557,1
33967,2011-12-10,0.31049627130907176,0
33968,2011-12-10,0.1947882128260076,0
33969,2011-12-10,0.3874677799419445,0
33970,2011-12-10,0.4908219363702195,1
33971,2011-12-10,0.20140368177588933,0
33972,2011-12-10,0.2496953782108671,0
33973,2011-12-10,0.30636545743895044,0
33974,2011-12-10,0.22213465130366494,0
33975,2011-12-10,0.4921306470392183,0
33976,2011-12-10,0.4477708937031002,0
33977,2011-12-10,0.23876145174411803,0
33978,2011-12-10,0.1831030957815731,0
33979,2011-12-10,0.23899405828802694,0
33980,2011-12-10,0.2279653539743646,0
33981,2011-12-10,0.37910122255556183,1
33982,2011-12-10,0.3943222645272193,0
33983,2011-12-10,0.5143734102706949,0
33984,2011-12-10,0.15486994647986346,0
33985,2011-12-10,0.4312385279432199,0
33986,2011-12-10,0.26330510018883563,0
33987,2011-12-10,0.10639698439746341,0
33988,2011-12-10,0.36901972449272435,1
33989,2011-12-10,0.35051299767454464,0
33990,2011-12-10,0.2689636842857077,1
33991,2011-12-10,0.4912517967676243,0
33992,2011-12-10,0.5734428907039661,1
33993,2011-12-10,0.2948035266599752,0
33994,2011-12-10,0.3267402480407181,0
33995,2011-12-10,0.3640864772963341,0
33996,2011-12-10,0.3434347868212034,1
33997,2011-12-10,0.355942278668165,0
33998,2011-12-10,0.39731523390019474,0
33999,2011-12-10,0.23539586630943543,0
34000,2011-12-10,0.33211419205285175,1
34001,2011-12-10,0.39079711639966364,0
34002,2011-12-10,0.2978725351688623,1
34003,2011-12-10,0.22766469174480097,0
34004,2011-12-10,0.34184319486948145,0
34005,2011-12-10,0.22916863832746018,0
34006,2011-12-10,0.3346038140458575,0
34007,2011-12-10,0.4409601254723246,0
34008,2011-12-10,0.2628607485166301,0
34009,2011-12-10,0.38893935701459614,1
34010,2011-12-10,0.21610684405206626,0
34011,2011-12-10,0.3843676539325884,1
34012,2011-12-10,0.3747035809128929,0
34013,2011-12-10,0.4294257884633796,1
34014,2011-12-10,0.2146436887156228,0
34015,2011-12-10,0.3046667239065403,1
34016,2011-12-10,0.5726862278331755,0
34017,2011-12-10,0.2728543380950032,0
34018,2011-12-10,0.12245043990900296,1
34019,2011-12-10,0.307936072006219,0
34020,2011-12-10,0.6285696558511273,1
34021,2011-12-10,0.2325456774619686,0
34022,2011-12-10,0.2838128724147446,0
34023,2011-12-10,0.23346743067189865,0
34024,2011-12-10,0.32932406537365777,0
34025,2011-12-10,0.21219760368364005,0
34026,2011-12-10,0.31604837873800923,1
34027,2011-12-10,0.35816760113145646,0
34028,2011-12-11,0.1917529955108654,0
34029,2011-12-11,0.2833159264762935,0
34030,2011-12-11,0.14980087131035175,0
34031,2011-12-11,0.3510909738966676,1
34032,2011-12-11,0.26225889952914877,0
34033,2011-12-11,0.2616166839141259,0
34034,2011-12-11,0.1267410367662176,0
34035,2011-12-11,0.3504855291640245,0
34036,2011-12-11,0.34631430350558595,0
34037,2011-12-11,0.227967723699614,1
34038,2011-12-11,0.1450699194949405,0
34039,2011-12-11,0.1428867056873181,0
34040,2011-12-11,0.21212999949646513,1
34041,2011-12-11,0.22549920167103818,0
34042,2011-12-11,0.1890598771768985,0
34043,2011-12-11,0.22042663738099275,0
34044,2011-12-11,0.41260423364779497,1
34045,2011-12-11,0.35140747094363667,0
34046,2011-12-11,0.35339283449721365,0
34047,2011-12-11,0.257793337852107,0
34048,2011-12-11,0.524682588814027,1
34049,2011-12-11,0.24487635227543172,0
34050,2011-12-11,0.3222881683182954,0
34051,2011-12-11,0.1874747889831671,0
34052,2011-12-11,0.219362548830088,0
34053,2011-12-11,0.486557611525896,1
34054,2011-12-11,0.4175259498968806,0
34055,2011-12-11,0.2994925056057138,0
34056,2011-12-11,0.14516860546196836,0
34057,2011-12-11,0.33256952316194294,1
34058,2011-12-11,0.5753881683185519,0
34059,2011-12-11,0.3589061937135581,0
34060,2011-12-11,0.13914843874431695,0
34061,2011-12-11,0.27866421810191927,0
34062,2011-12-11,0.3350801552265638,0
34063,2011-12-11,0.24244638494537002,0
34064,2011-12-11,0.42928433460034754,0
34065,2011-12-11,0.21274015468707325,0
34066,2011-12-11,0.36593966160129576,1
34067,2011-12-11,0.21011502444150795,0
34068,2011-12-11,0.3480692364885251,0
34069,2011-12-11,0.13739007527452685,0
34070,2011-12-11,0.2030436763632641,0
34071,2011-12-11,0.24812191407502135,0
34072,2011-12-11,0.253212919419992,0
34073,2011-12-11,0.33569316954729056,0
34074,2011-12-11,0.43787719051174834,0
34075,2011-12-11,0.19167529697565708,0
34076,2011-12-11,0.18709172520880255,0
34077,2011-12-11,0.37044708707182317,1
34078,2011-12-11,0.3053502232763109,1
34079,2011-12-11,0.3157667241531031,0
34080,2011-12-11,0.2504389303968631,0
34081,2011-12-11,0.15430710545059173,0
34082,2011-12-11,0.2177639459536724,0
34083,2011-12-11,0.28391453882686346,0
34084,2011-12-11,0.2282555171140999,0
34085,2011-12-11,0.24774395232742824,0
34086,2011-12-11,0.2894582083936026,0
34087,2011-12-11,0.3734318620104986,0
34088,2011-12-11,0.19934044821750188,0
34089,2011-12-11,0.39551588311018027,0
34090,2011-12-11,0.23708953486697654,0
34091,2011-12-11,0.5068670585813622,0
34092,2011-12-11,0.14615295889056834,0
34093,2011-12-11,0.3838759730999493,0
34094,2011-12-11,0.18056407569834018,0
34095,2011-12-11,0.18198627907414475,0
34096,2011-12-11,0.18816325003199635,1
34097,2011-12-11,0.31457679139969064,0
34098,2011-12-11,0.211611118866367,0
34099,2011-12-11,0.37879567120413954,0
34100,2011-12-11,0.1374553868189365,0
34101,2011-12-11,0.6533179147424982,0
34102,2011-12-11,0.20422418222551336,0
34103,2011-12-11,0.25891382557510106,0
34104,2011-12-11,0.1962014345895294,0
34105,2011-12-11,0.34757035750018034,0
34106,2011-12-11,0.5108533407320607,0
34107,2011-12-11,0.14758849722494755,0
34108,2011-12-11,0.1801590564660583,0
34109,2011-12-11,0.1940518707458381,0
34110,2011-12-11,0.18125871943885055,1
34111,2011-12-11,0.2118891992312877,0
34112,2011-12-11,0.30830792271113655,0
34113,2011-12-11,0.2198045192713295,0
34114,2011-12-11,0.36323968202185786,1
34115,2011-12-11,0.19070221408950136,0
34116,2011-12-11,0.24532786807751195,0
34117,2011-12-11,0.253612044875557,0
34118,2011-12-11,0.21366595735457924,1
34119,2011-12-11,0.2519982811800444,0
34120,2011-12-11,0.11265691404555038,0
34121,2011-12-11,0.23952260854188753,0
34122,2011-12-11,0.28162905460816845,0
34123,2011-12-11,0.34410854600580726,1
34124,2011-12-11,0.21527283916395312,0
34125,2011-12-11,0.5070129783405702,1
34126,2011-12-11,0.14837645589643086,0
34127,2011-12-11,0.12165310560773335,0
34128,2011-12-11,0.27383004477967937,0
34129,2011-12-11,0.21448510902770737,0
34130,2011-12-11,0.38385869433955255,1
34131,2011-12-11,0.24280923241363545,0
34132,2011-12-11,0.2845301298924295,0
34133,2011-12-11,0.35554975796625765,0
34134,2011-12-11,0.14073215952048826,0
34135,2011-12-11,0.4623639385073021,0
34136,2011-12-11,0.36965783854030715,0
34137,2011-12-11,0.610555052150428,1
34138,2011-12-11,0.344266007971514,0
34139,2011-12-11,0.16015114256519836,0
34140,2011-12-11,0.19588028861277354,0
34141,2011-12-11,0.2271638285681155,0
34142,2011-12-11,0.3925314603748043,1
34143,2011-12-11,0.38610427454933943,0
34144,2011-12-11,0.3102081878080094,0
34145,2011-12-11,0.23098930559897315,0
34146,2011-12-11,0.2528242681635854,0
34147,2011-12-11,0.23066045046986253,0
34148,2011-12-11,0.145239820938789,0
34149,2011-12-11,0.2249332145427767,0
34150,2011-12-11,0.16263426285109298,0
34151,2011-12-11,0.23202251855242043,0
34152,2011-12-11,0.2448132426912049,0
34153,2011-12-11,0.26432400665895617,0
34154,2011-12-11,0.4767922183970164,1
34155,2011-12-11,0.3318642763610438,0
34156,2011-12-11,0.31026682846531456,0
34157,2011-12-11,0.3597674601865797,1
34158,2011-12-11,0.30409712244260073,1
34159,2011-12-11,0.39833051635735245,0
34160,2011-12-11,0.21345397133052416,0
34161,2011-12-11,0.2686917452475299,0
34162,2011-12-11,0.14218787125799934,0
34163,2011-12-11,0.679316537878225,1
34164,2011-12-11,0.25154324886631435,1
34165,2011-12-11,0.27046731305522137,1
34166,2011-12-11,0.583754578554363,1
34167,2011-12-11,0.14253445778715504,0
34168,2011-12-11,0.20938141125958465,0
34169,2011-12-11,0.31431201231856276,0
34170,2011-12-11,0.28763053375156034,0
34171,2011-12-11,0.25304660913482324,0
34172,2011-12-11,0.2836043430784792,0
34173,2011-12-11,0.24271278804475,0
34174,2011-12-11,0.1563053770699776,0
34175,2011-12-11,0.2574554088020013,0
34176,2011-12-11,0.5562337236504976,1
34177,2011-12-11,0.23162142819845188,0
34178,2011-12-11,0.20811919874913362,0
34179,2011-12-11,0.19509634987660732,0
34180,2011-12-11,0.35443309245083754,0
34181,2011-12-11,0.3917722720170057,0
34182,2011-12-11,0.16630068246672966,0
34183,2011-12-11,0.24434482183248016,1
34184,2011-12-11,0.267637715542422,0
34185,2011-12-11,0.2618532393279566,0
34186,2011-12-11,0.12273322143912713,0
34187,2011-12-11,0.5385538295703199,1
34188,2011-12-11,0.17181322247310027,0
34189,2011-12-11,0.4959315739541201,1
34190,2011-12-11,0.32097645378265327,0
34191,2011-12-11,0.3650001849437814,0
34192,2011-12-11,0.20304343686621312,0
34193,2011-12-11,0.3396834157192389,0
34194,2011-12-11,0.38286710726777995,0
34195,2011-12-11,0.13893099296885217,0
34196,2011-12-11,0.32009144340168405,0
34197,2011-12-11,0.20897152025574559,0
34198,2011-12-11,0.34943481105222657,0
34199,2011-12-11,0.16153163103581586,0
34200,2011-12-11,0.2940444812955938,0
34201,2011-12-11,0.15732657615639378,0
34202,2011-12-11,0.2326497393221766,1
34203,2011-12-11,0.35108247978588214,0
34204,2011-12-11,0.16956229870996609,0
34205,2011-12-11,0.48682162307691407,0
34206,2011-12-11,0.20116462325002613,0
34207,2011-12-11,0.17110911717231794,0
34208,2011-12-11,0.22465171675401524,0
34209,2011-12-11,0.46084460212557155,0
34210,2011-12-11,0.29178771934132197,0
34211,2011-12-11,0.1562107755048617,0
34212,2011-12-11,0.17082201821964493,0
34213,2011-12-11,0.20760598033936545,0
34214,2011-12-11,0.37261393966697476,0
34215,2011-12-11,0.14894609610716528,0
34216,2011-12-11,0.13373456507880838,0
34217,2011-12-11,0.2916385900911941,0
34218,2011-12-11,0.2676926790945053,0
34219,2011-12-11,0.33220205845255735,1
34220,2011-12-11,0.20483231492903037,0
34221,2011-12-11,0.2941571266076665,1
34222,2011-12-11,0.4545694077013466,1
34223,2011-12-11,0.3722855682965521,1
34224,2011-12-11,0.3326345132939076,0
34225,2011-12-11,0.21428717296946387,0
34226,2011-12-11,0.37346381454826794,0
34227,2011-12-11,0.19226118769612816,0
34228,2011-12-11,0.2709052588605693,1
34229,2011-12-11,0.38005042439367404,0
34230,2011-12-11,0.2961575791354445,0
34231,2011-12-11,0.29818257269308773,0
34232,2011-12-11,0.13235976517225279,0
34233,2011-12-11,0.3774070403537274,0
34234,2011-12-11,0.14690103008671695,0
34235,2011-12-11,0.17844537919333045,0
34236,2011-12-11,0.39562885092443484,1
34237,2011-12-11,0.2869557840745466,0
34238,2011-12-11,0.3287872991561245,0
34239,2011-12-11,0.2496209817257493,0
34240,2011-12-11,0.2766849425558885,0
34241,2011-12-11,0.14640283054064826,0
34242,2011-12-11,0.2803499711211792,0
34243,2011-12-11,0.17822856719047556,0
34244,2011-12-11,0.30208801217215914,0
34245,2011-12-11,0.2529746714422825,0
34246,2011-12-11,0.251765703866756,0
34247,2011-12-11,0.21603103230327156,0
34248,2011-12-11,0.15753956315297202,0
34249,2011-12-11,0.40532956343072346,0
34250,2011-12-11,0.3615084635914193,0
34251,2011-12-11,0.29474146025240494,1
34252,2011-12-11,0.3211963479204265,0
34253,2011-12-11,0.34748665704823667,0
34254,2011-12-11,0.2194680882823851,0
34255,2011-12-11,0.41252326574897663,0
34256,2011-12-11,0.25343560550703503,1
34257,2011-12-11,0.29907638230478917,0
34258,2011-12-11,0.13874960874271572,0
34259,2011-12-11,0.26254740350898825,0
34260,2011-12-11,0.1492103320049886,0
34261,2011-12-11,0.4064171792145532,0
34262,2011-12-11,0.30744628524688083,1
34263,2011-12-11,0.3048996830857612,0
34264,2011-12-11,0.34654269733095927,0
34265,2011-12-11,0.26354652340209345,0
34266,2011-12-11,0.3781673613849726,1
34267,2011-12-11,0.1359783500623742,0
34268,2011-12-11,0.31542787227042124,0
34269,2011-12-11,0.4039299060744817,1
34270,2011-12-11,0.27995023319815215,0
34271,2011-12-11,0.49127589583855974,0
34272,2011-12-11,0.38878437031109986,0
34273,2011-12-11,0.5101114644621306,1
34274,2011-12-11,0.22648427449189792,0
34275,2011-12-11,0.1755306465175318,0
34276,2011-12-11,0.21426671392092297,0
34277,2011-12-11,0.4285115257447353,1
34278,2011-12-11,0.37396607853988184,1
34279,2011-12-11,0.2998695606643221,0
34280,2011-12-11,0.398741908945061,1
34281,2011-12-11,0.25690384952853096,0
34282,2011-12-11,0.439248981284117,1
34283,2011-12-11,0.18681010821600522,0
34284,2011-12-11,0.22984888515799587,0
34285,2011-12-11,0.5748643731351529,1
34286,2011-12-11,0.23436225229488006,0
34287,2011-12-11,0.20168522193847294,0
34288,2011-12-11,0.4174641420748463,1
34289,2011-12-11,0.3304755762752463,0
34290,2011-12-11,0.27589030974918655,0
34291,2011-12-11,0.3764631810205307,0
34292,2011-12-11,0.1650569494162823,0
34293,2011-12-11,0.4641111457205973,0
34294,2011-12-11,0.24394372606420556,0
34295,2011-12-11,0.34029556588743554,0
34296,2011-12-11,0.17879880658297428,0
34297,2011-12-11,0.17296100607236783,0
34298,2011-12-11,0.3321933232855443,0
34299,2011-12-11,0.17952653396388216,0
34300,2011-12-11,0.22429324133449816,0
34301,2011-12-11,0.3942511374484567,1
34302,2011-12-11,0.15203089626465394,0
34303,2011-12-11,0.4185276123718822,1
34304,2011-12-11,0.23825993893634914,1
34305,2011-12-11,0.23008327708350113,0
34306,2011-12-11,0.2968453083034855,1
34307,2011-12-11,0.32396581506443034,1
34308,2011-12-11,0.31739439246780476,0
34309,2011-12-11,0.38265697611792704,0
34310,2011-12-11,0.41613901984517637,0
34311,2011-12-11,0.24892188966070078,0
34312,2011-12-11,0.23937249489083398,0
34313,2011-12-11,0.17993842496039242,0
34314,2011-12-11,0.1998092167125761,0
34315,2011-12-11,0.32808294839634855,0
34316,2011-12-11,0.24536370764424673,0
34317,2011-12-11,0.5517928776509862,0
34318,2011-12-11,0.2669612833236916,1
34319,2011-12-11,0.2701749189420797,0
34320,2011-12-11,0.17719965975026408,0
34321,2011-12-11,0.26631180710031466,0
34322,2011-12-11,0.19839693089555704,0
34323,2011-12-11,0.13800689193172422,0
34324,2011-12-11,0.38246524116091357,0
34325,2011-12-11,0.18935113339494672,0
34326,2011-12-11,0.5710231681689265,1
34327,2011-12-11,0.3597674601865797,1
34328,2011-12-11,0.3764728092204024,1
34329,2011-12-11,0.33075352528672086,1
34330,2011-12-11,0.3107934465737514,0
34331,2011-12-11,0.1355331330916426,0
34332,2011-12-11,0.1334188521820838,0
34333,2011-12-11,0.29465430838329193,1
34334,2011-12-11,0.1892443116758051,0
34335,2011-12-11,0.41049708585321587,0
34336,2011-12-11,0.27726900757822975,0
34337,2011-12-11,0.46676590190711537,0
34338,2011-12-11,0.21947791123422902,0
34339,2011-12-11,0.23279703681606218,0
34340,2011-12-11,0.3880449004505259,0
34341,2011-12-11,0.24792405313651705,1
34342,2011-12-11,0.22676920398896874,0
34343,2011-12-11,0.2450840895590182,0
34344,2011-12-11,0.3685113882775885,1
34345,2011-12-11,0.4017333891831208,1
34346,2011-12-11,0.2343628258125076,0
34347,2011-12-11,0.19518699071368142,1
34348,2011-12-11,0.266146611474967,0
34349,2011-12-11,0.201398716351614,0
34350,2011-12-11,0.25772713810600517,0
34351,2011-12-11,0.18110482891749535,0
34352,2011-12-11,0.22612739169852147,0
34353,2011-12-11,0.18959446019055956,0
34354,2011-12-11,0.49980312946402655,0
34355,2011-12-11,0.27425904335791873,0
34356,2011-12-11,0.28740721541882913,0
34357,2011-12-11,0.3385509465087894,1
34358,2011-12-11,0.2908625469949714,0
34359,2011-12-11,0.3285011320122554,1
34360,2011-12-11,0.5723010849761546,0
34361,2011-12-11,0.2518327073116943,1
34362,2011-12-11,0.138206915915139,0
34363,2011-12-11,0.17014246291079604,0
34364,2011-12-11,0.18542549835146097,0
34365,2011-12-11,0.23887138536245123,0
34366,2011-12-11,0.28219280130056523,0
34367,2011-12-11,0.3119159763906605,0
34368,2011-12-11,0.29637234790803796,0
34369,2011-12-11,0.24403958186119495,0
34370,2011-12-11,0.13587118101049042,0
34371,2011-12-11,0.2338271757074201,1
34372,2011-12-11,0.1865263117303172,0
34373,2011-12-11,0.37544859465840763,0
34374,2011-12-11,0.37403380072597475,0
34375,2011-12-11,0.1844014904438738,0
34376,2011-12-11,0.17560958794975154,0
34377,2011-12-11,0.34986633473558776,0
34378,2011-12-11,0.396223441949033,1
34379,2011-12-11,0.1551878510547862,0
34380,2011-12-11,0.23823876228951435,0
34381,2011-12-11,0.44293337220070433,1
34382,2011-12-11,0.33769526549282775,0
34383,2011-12-11,0.5559081407222041,1
34384,2011-12-11,0.2669855634873082,0
34385,2011-12-11,0.33984532780391363,0
34386,2011-12-11,0.389237351712709,1
34387,2011-12-11,0.2606579983433533,1
34388,2011-12-11,0.14200029973626796,0
34389,2011-12-11,0.14645207936688942,0
34390,2011-12-11,0.23608682765487096,1
34391,2011-12-11,0.39158728213986943,0
34392,2011-12-11,0.24064430186891508,0
34393,2011-12-11,0.2912339202480373,0
34394,2011-12-11,0.20619690199069418,0
34395,2011-12-11,0.2365363383880229,0
34396,2011-12-11,0.4869283492994572,1
34397,2011-12-11,0.3982849317443914,1
34398,2011-12-11,0.3518664356154148,0
34399,2011-12-11,0.18975704147612862,1
34400,2011-12-11,0.13681433331876935,0
34401,2011-12-11,0.2998361375046772,0
34402,2011-12-11,0.2254864700196086,0
34403,2011-12-11,0.2519274532475786,0
34404,2011-12-11,0.28895021402122045,1
34405,2011-12-11,0.3366557263545533,0
34406,2011-12-11,0.48515687869297147,1
34407,2011-12-11,0.2229294478071896,0
34408,2011-12-11,0.2896028144768208,0
34409,2011-12-11,0.1628194825039587,0
34410,2011-12-11,0.1765127824192923,0
34411,2011-12-11,0.2431228295169262,0
34412,2011-12-11,0.19373030025195243,0
34413,2011-12-11,0.2723296155764747,0
34414,2011-12-11,0.23505402794119803,0
34415,2011-12-11,0.260805843847804,0
34416,2011-12-11,0.35030257113388613,1
34417,2011-12-11,0.2122524701469695,0
34418,2011-12-11,0.12364435609723015,0
34419,2011-12-11,0.20539817962248763,0
34420,2011-12-11,0.3669992090469724,0
34421,2011-12-11,0.2889845377916523,1
34422,2011-12-11,0.4942466652090433,0
34423,2011-12-11,0.29179316017593476,0
34424,2011-12-11,0.32032186292440173,0
34425,2011-12-11,0.18768253926163167,0
34426,2011-12-11,0.5417211824140269,1
34427,2011-12-11,0.13219846606897445,0
34428,2011-12-11,0.14307894278409833,0
34429,2011-12-11,0.3899743138216018,0
34430,2011-12-11,0.18633138701395371,0
34431,2011-12-11,0.24428093553594743,0
34432,2011-12-11,0.17294947344528733,0
34433,2011-12-11,0.33630024873382103,0
34434,2011-12-11,0.26312629872712334,1
34435,2011-12-11,0.22530650395573362,0
34436,2011-12-11,0.18141041801485333,0
34437,2011-12-11,0.2930813951357717,0
34438,2011-12-11,0.11938975081918227,0
34439,2011-12-11,0.3536234733089359,1
34440,2011-12-11,0.24520100355209923,0
34441,2011-12-11,0.09976162841646177,0
34442,2011-12-11,0.5078852844851242,0
34443,2011-12-11,0.44525975974468246,0
34444,2011-12-11,0.28938493287317696,1
34445,2011-12-11,0.17498616989495897,0
34446,2011-12-11,0.32468290944109757,0
34447,2011-12-11,0.11691419964458062,0
34448,2011-12-11,0.4718279274958898,0
34449,2011-12-11,0.26307751468761814,0
34450,2011-12-11,0.23541481149399274,0
34451,2011-12-11,0.26763515521187814,0
34452,2011-12-11,0.33600619264927933,0
34453,2011-12-11,0.20803516035525646,0
34454,2011-12-11,0.30948724559060664,0
34455,2011-12-11,0.41367963815077985,0
34456,2011-12-11,0.3084543193775652,0
34457,2011-12-11,0.23926711642399606,0
34458,2011-12-11,0.3773373201296078,1
34459,2011-12-11,0.3801066478035917,0
34460,2011-12-11,0.256853409152809,1
34461,2011-12-11,0.11551400716769128,0
34462,2011-12-11,0.38997248053486183,1
34463,2011-12-11,0.4015413764928257,0
34464,2011-12-11,0.37929202992989697,0
34465,2011-12-11,0.11107964678830107,0
34466,2011-12-11,0.42583309816440884,1
34467,2011-12-11,0.14655781443615673,0
34468,2011-12-11,0.3761021753127979,1
34469,2011-12-11,0.1734368855380107,0
34470,2011-12-11,0.3814704919852282,0
34471,2011-12-11,0.6094854376436785,1
34472,2011-12-11,0.16077739611564912,0
34473,2011-12-11,0.27294331618100054,0
34474,2011-12-11,0.1537922988440481,0
34475,2011-12-11,0.31160397411174734,0
34476,2011-12-11,0.12331318980896248,0
34477,2011-12-11,0.15753023890283765,0
34478,2011-12-11,0.22713633377863354,0
34479,2011-12-11,0.3924662271761381,0
34480,2011-12-11,0.23096389316385643,0
34481,2011-12-11,0.1308781977969737,0
34482,2011-12-11,0.12177843870247462,0
34483,2011-12-11,0.14921579065015708,0
34484,2011-12-11,0.1808241117894739,0
34485,2011-12-11,0.2884091836273494,0
34486,2011-12-11,0.5187719088811571,0
34487,2011-12-11,0.2444744193769873,0
34488,2011-12-11,0.2844502897540786,1
34489,2011-12-11,0.29319913609235815,1
34490,2011-12-11,0.1839500618556104,0
34491,2011-12-11,0.23482515523191025,0
34492,2011-12-11,0.30660768420943996,1
34493,2011-12-11,0.17570144034350518,0
34494,2011-12-11,0.1986555086061485,0
34495,2011-12-11,0.2987480837605188,1
34496,2011-12-11,0.21940868361343263,0
34497,2011-12-11,0.24504499283508951,0
34498,2011-12-11,0.17191861126937388,0
34499,2011-12-11,0.47576795367369196,0
34500,2011-12-11,0.27991221816034884,1
34501,2011-12-11,0.3507378506057177,0
34502,2011-12-11,0.16991737079258762,0
34503,2011-12-11,0.18619686410481076,1
34504,2011-12-11,0.16744351000635993,0
34505,2011-12-11,0.20062927050054277,0
34506,2011-12-11,0.22612739169852147,0
34507,2011-12-11,0.505583680814412,0
34508,2011-12-11,0.1733443083429123,1
34509,2011-12-11,0.26214149975406137,0
34510,2011-12-11,0.18133569383905423,0
34511,2011-12-11,0.27644143480928596,0
34512,2011-12-11,0.4931756417978025,0
34513,2011-12-11,0.1899945069999746,1
34514,2011-12-11,0.1769017192891962,0
34515,2011-12-11,0.40395356639043867,0
34516,2011-12-11,0.40767001110908985,0
34517,2011-12-11,0.23574746306106778,0
34518,2011-12-11,0.20401348358519594,0
34519,2011-12-11,0.3849488081816922,1
34520,2011-12-11,0.15825531774443943,0
34521,2011-12-11,0.2577589611151322,1
34522,2011-12-11,0.21387507622614738,0
34523,2011-12-11,0.6643466572694766,1
34524,2011-12-11,0.33703303626262465,0
34525,2011-12-12,0.2834617706859248,0
34526,2011-12-12,0.3633800844802056,0
34527,2011-12-12,0.18113697198232,0
34528,2011-12-12,0.1857206631476744,0
34529,2011-12-12,0.1481353359600991,1
34530,2011-12-12,0.13260135865142034,0
34531,2011-12-12,0.22423501333664797,0
34532,2011-12-12,0.29921814814188824,1
34533,2011-12-12,0.29398494538880726,0
34534,2011-12-12,0.2512995229685143,0
34535,2011-12-12,0.2183531577339515,0
34536,2011-12-12,0.2290393185025395,0
34537,2011-12-12,0.278063699215538,0
34538,2011-12-12,0.1419434533466218,0
34539,2011-12-12,0.21810636747147838,0
34540,2011-12-12,0.25249628360982634,0
34541,2011-12-12,0.539356854938975,1
34542,2011-12-12,0.41470624497812014,1
34543,2011-12-12,0.5921641569416631,1
34544,2011-12-12,0.2102421935460247,0
34545,2011-12-12,0.4573772090277861,0
34546,2011-12-12,0.24027613590931196,0
34547,2011-12-12,0.3037132471135574,0
34548,2011-12-12,0.14482477033093838,0
34549,2011-12-12,0.3966443614567905,0
34550,2011-12-12,0.20688469905624543,0
34551,2011-12-12,0.13281046810767344,0
34552,2011-12-12,0.5040717999262697,1
34553,2011-12-12,0.2223447448706595,0
34554,2011-12-12,0.17258763849911452,0
34555,2011-12-12,0.620424568968638,1
34556,2011-12-12,0.2566503871430573,0
34557,2011-12-12,0.2705435125141123,0
34558,2011-12-12,0.1557512599889404,0
34559,2011-12-12,0.18858915294528147,0
34560,2011-12-12,0.26001534705345775,0
34561,2011-12-12,0.23152406933537495,0
34562,2011-12-12,0.4021025354417079,0
34563,2011-12-12,0.0900880168363175,0
34564,2011-12-12,0.17863458464636303,0
34565,2011-12-12,0.5698665757251878,0
34566,2011-12-12,0.28289964160286035,0
34567,2011-12-12,0.27372306219556136,0
34568,2011-12-12,0.23051220796752725,0
34569,2011-12-12,0.32882992145490475,1
34570,2011-12-12,0.395815167877184,1
34571,2011-12-12,0.2169326581810097,0
34572,2011-12-12,0.4046668057505973,1
34573,2011-12-12,0.2785610173207127,0
34574,2011-12-12,0.16361883887586795,0
34575,2011-12-12,0.5811924645517115,1
34576,2011-12-12,0.3201937306883922,0
34577,2011-12-12,0.23336150080022727,0
34578,2011-12-12,0.23529532721049207,0
34579,2011-12-12,0.20155848654988912,0
34580,2011-12-12,0.30182029937447075,0
34581,2011-12-12,0.45778148874890556,0
34582,2011-12-12,0.3238226408748627,1
34583,2011-12-12,0.12279902046880065,0
34584,2011-12-12,0.2955343352905933,0
34585,2011-12-12,0.3034635060202563,0
34586,2011-12-12,0.2815903466979773,0
34587,2011-12-12,0.23728431443844727,0
34588,2011-12-12,0.24812253534117026,0
34589,2011-12-12,0.18382607932060277,0
34590,2011-12-12,0.26567519182088944,0
34591,2011-12-12,0.27359130453682423,0
34592,2011-12-12,0.1578308089068691,0
34593,2011-12-12,0.33816916721774126,0
34594,2011-12-12,0.4143448551420111,0
34595,2011-12-12,0.13550373134053426,0
34596,2011-12-12,0.33482874213363134,0
34597,2011-12-12,0.3354506094305659,0
34598,2011-12-12,0.18302946640373025,0
34599,2011-12-12,0.24936580479103898,0
34600,2011-12-12,0.335279765076782,1
34601,2011-12-12,0.20642099423241594,0
34602,2011-12-12,0.24188117035228457,0
34603,2011-12-12,0.33092237269695374,0
34604,2011-12-12,0.3469320689852334,0
34605,2011-12-12,0.22646425512721863,0
34606,2011-12-12,0.19961422961400418,0
34607,2011-12-12,0.28858778118408374,0
34608,2011-12-12,0.326936261868236,0
34609,2011-12-12,0.44355252780625604,1
34610,2011-12-12,0.3120921870337812,0
34611,2011-12-12,0.37383722370697303,0
34612,2011-12-12,0.36680826581444587,0
34613,2011-12-12,0.3756832235583012,0
34614,2011-12-12,0.22785613747032046,0
34615,2011-12-12,0.4202193717091003,0
34616,2011-12-12,0.25659834213602145,0
34617,2011-12-12,0.18522629867767945,0
34618,2011-12-12,0.20334331041312126,0
34619,2011-12-12,0.37542783737900065,0
34620,2011-12-12,0.13403715175096043,0
34621,2011-12-12,0.3161178871826425,0
34622,2011-12-12,0.2213139443130419,0
34623,2011-12-12,0.3646215709766615,0
34624,2011-12-12,0.299390248612194,0
34625,2011-12-12,0.21362148265248154,1
34626,2011-12-12,0.19759771180345945,0
34627,2011-12-12,0.3024379416605759,0
34628,2011-12-12,0.20233028178591447,0
34629,2011-12-12,0.1670655519817391,0
34630,2011-12-12,0.32137097957012367,0
34631,2011-12-12,0.18577164107167252,0
34632,2011-12-12,0.1862750231734437,0
34633,2011-12-12,0.22719502991046897,0
34634,2011-12-12,0.3501082900470885,0
34635,2011-12-12,0.14989564665185395,0
34636,2011-12-12,0.5911571218883775,0
34637,2011-12-12,0.16650994385976478,0
34638,2011-12-12,0.2211158177348292,0
34639,2011-12-12,0.41861132826072633,1
34640,2011-12-12,0.248693187389736,0
34641,2011-12-12,0.18926556238653186,1
34642,2011-12-12,0.28551228082693175,0
34643,2011-12-12,0.1697227455087261,0
34644,2011-12-12,0.2739859714034623,1
34645,2011-12-12,0.25732171783093705,0
34646,2011-12-12,0.11335878995411919,0
34647,2011-12-12,0.36316939681391425,0
34648,2011-12-12,0.19866636579426228,0
34649,2011-12-12,0.2228190146542724,0
34650,2011-12-12,0.3121118157445814,0
34651,2011-12-12,0.1063711739279723,0
34652,2011-12-12,0.1583497427483964,0
34653,2011-12-12,0.18691803721630837,0
34654,2011-12-12,0.4110823987060334,0
34655,2011-12-12,0.34154502355373073,1
34656,2011-12-12,0.3400827110653366,0
34657,2011-12-12,0.24528919238929825,0
34658,2011-12-12,0.43896867486962093,1
34659,2011-12-12,0.30280204522883647,0
34660,2011-12-12,0.12768277642041506,0
34661,2011-12-12,0.17355311254908354,0
34662,2011-12-12,0.13518045025513353,1
34663,2011-12-12,0.26490945066202387,1
34664,2011-12-12,0.3203066341440035,0
34665,2011-12-12,0.16732257653442567,0
34666,2011-12-12,0.2678176801334806,1
34667,2011-12-12,0.18429316396469092,0
34668,2011-12-12,0.17796554651454002,0
34669,2011-12-12,0.4573560838816915,1
34670,2011-12-12,0.2527107109364363,0
34671,2011-12-12,0.18522326945722314,0
34672,2011-12-12,0.49534168652429983,0
34673,2011-12-12,0.1596381284739972,0
34674,2011-12-12,0.1396015345192239,0
34675,2011-12-12,0.5745496973095809,0
34676,2011-12-12,0.2154248563484241,0
34677,2011-12-12,0.2798974334636932,0
34678,2011-12-12,0.167112614454065,1
34679,2011-12-12,0.15062601771716463,0
34680,2011-12-12,0.32745922787530113,0
34681,2011-12-12,0.19221153004309807,0
34682,2011-12-12,0.23716585773233043,0
34683,2011-12-12,0.2301236285176018,0
34684,2011-12-12,0.2689656968121216,0
34685,2011-12-12,0.34317128859580914,1
34686,2011-12-12,0.46820103160450127,0
34687,2011-12-12,0.5876922409193938,0
34688,2011-12-12,0.27318088026314064,1
34689,2011-12-12,0.1954141354213064,0
34690,2011-12-12,0.15043686022927133,0
34691,2011-12-12,0.47794516146283994,0
34692,2011-12-12,0.2181507056914289,0
34693,2011-12-12,0.24741551901327402,0
34694,2011-12-12,0.31416277940620657,1
34695,2011-12-12,0.131507231009987,0
34696,2011-12-12,0.2718982799576145,0
34697,2011-12-12,0.27728568974909035,0
34698,2011-12-12,0.2412977606712526,0
34699,2011-12-12,0.26871412818842116,1
34700,2011-12-12,0.1962663655642475,0
34701,2011-12-12,0.29959332419557827,0
34702,2011-12-12,0.20469069099837725,0
34703,2011-12-12,0.3074511327544531,0
34704,2011-12-12,0.2876758834638449,0
34705,2011-12-12,0.12970102485887705,0
34706,2011-12-12,0.21348675403244494,0
34707,2011-12-12,0.40935239429114084,0
34708,2011-12-12,0.18475854941845377,0
34709,2011-12-12,0.2268512635595491,0
34710,2011-12-12,0.3402295716788974,1
34711,2011-12-12,0.21163143698137096,0
34712,2011-12-12,0.3987392550367722,0
34713,2011-12-12,0.3702822337792696,1
34714,2011-12-12,0.21972501739519923,0
34715,2011-12-12,0.2753081956517244,0
34716,2011-12-12,0.3333350383867383,0
34717,2011-12-12,0.18073952164291832,0
34718,2011-12-12,0.15968546551928622,0
34719,2011-12-12,0.16599982563503418,0
34720,2011-12-12,0.35025631660774803,0
34721,2011-12-12,0.3851574785056603,0
34722,2011-12-12,0.24846925190691335,0
34723,2011-12-12,0.1786784773882274,0
34724,2011-12-12,0.19752570622281895,0
34725,2011-12-12,0.1995433593357784,0
34726,2011-12-12,0.4373499843216005,0
34727,2011-12-12,0.22989885515548164,0
34728,2011-12-12,0.23147835752507756,0
34729,2011-12-12,0.26112995628930474,1
34730,2011-12-12,0.36122298068885705,0
34731,2011-12-12,0.3909723123754033,0
34732,2011-12-12,0.5171878393693161,1
34733,2011-12-12,0.18098297836156046,0
34734,2011-12-12,0.30669352161244967,0
34735,2011-12-12,0.3472182046137241,0
34736,2011-12-12,0.2002028707877701,0
34737,2011-12-12,0.15871180313617855,0
34738,2011-12-12,0.30125828246669806,1
34739,2011-12-12,0.30280792710186216,0
34740,2011-12-12,0.3685525380618331,0
34741,2011-12-12,0.24700249717713985,1
34742,2011-12-12,0.3143611509286119,0
34743,2011-12-12,0.21514322967114546,0
34744,2011-12-12,0.5180636860319631,0
34745,2011-12-12,0.30575489964682084,0
34746,2011-12-12,0.17157959680879137,0
34747,2011-12-12,0.17420085859624965,0
34748,2011-12-12,0.2761280491763027,1
34749,2011-12-12,0.25257990437045374,0
34750,2011-12-12,0.3936487715020502,0
34751,2011-12-12,0.38327026389086144,0
34752,2011-12-12,0.27394629501907125,1
34753,2011-12-12,0.15247744433898566,0
34754,2011-12-12,0.18733450727909814,0
34755,2011-12-12,0.17268365174186473,0
34756,2011-12-12,0.13117097695740942,0
34757,2011-12-12,0.3480703288583607,0
34758,2011-12-12,0.333565695675427,0
34759,2011-12-12,0.1005891177245859,0
34760,2011-12-12,0.30170511396477995,0
34761,2011-12-12,0.20795579269536463,0
34762,2011-12-12,0.1782815315265191,1
34763,2011-12-12,0.5549917923253708,0
34764,2011-12-12,0.1786462139367579,0
34765,2011-12-12,0.10631215953486091,0
34766,2011-12-12,0.17411229895862484,0
34767,2011-12-12,0.5204887487484751,1
34768,2011-12-12,0.21609694323292106,0
34769,2011-12-12,0.21856086295587385,1
34770,2011-12-12,0.18877652626494795,0
34771,2011-12-12,0.17425035543275214,1
34772,2011-12-12,0.3285225034646131,0
34773,2011-12-12,0.2846078909915065,0
34774,2011-12-12,0.18057987901065234,0
34775,2011-12-12,0.1254887279839385,0
34776,2011-12-12,0.16127775984387163,0
34777,2011-12-12,0.2563235666853154,0
34778,2011-12-12,0.4123303128476085,1
34779,2011-12-12,0.22009446082105608,0
34780,2011-12-12,0.2208414290388698,0
34781,2011-12-12,0.3282212690704518,0
34782,2011-12-12,0.18029766394128113,0
34783,2011-12-12,0.5313622156797632,1
34784,2011-12-12,0.31106488417251804,0
34785,2011-12-12,0.44463175812666555,1
34786,2011-12-12,0.377432422994956,0
34787,2011-12-12,0.1624063826542314,0
34788,2011-12-12,0.1461871344242555,0
34789,2011-12-12,0.10439398761625106,0
34790,2011-12-12,0.32863756172331887,0
34791,2011-12-12,0.31692338691755484,1
34792,2011-12-12,0.37933180159286417,0
34793,2011-12-12,0.2797510129369857,0
34794,2011-12-12,0.31150527797782446,0
34795,2011-12-12,0.14004310549853238,0
34796,2011-12-12,0.11818830459953539,0
34797,2011-12-12,0.2056451561728259,1
34798,2011-12-12,0.2894066018880049,1
34799,2011-12-12,0.4280147806798456,0
34800,2011-12-12,0.1434148983543563,0
34801,2011-12-12,0.3167165419834632,0
34802,2011-12-12,0.21907537258049728,1
34803,2011-12-12,0.21055770337042942,0
34804,2011-12-12,0.18018623130220832,0
34805,2011-12-12,0.11399392941959599,0
34806,2011-12-12,0.44071431329879196,1
34807,2011-12-12,0.16776114828760694,0
34808,2011-12-12,0.2891861843107103,1
34809,2011-12-12,0.4103296683340271,0
34810,2011-12-12,0.37994756824644793,0
34811,2011-12-12,0.3383190693235335,0
34812,2011-12-12,0.31653680665258016,0
34813,2011-12-12,0.22280262169724005,0
34814,2011-12-12,0.340033392610047,0
34815,2011-12-12,0.3809578732377506,0
34816,2011-12-12,0.36992613821964526,1
34817,2011-12-12,0.3444036296038371,1
34818,2011-12-12,0.18225657841648513,0
34819,2011-12-12,0.3690318138373879,0
34820,2011-12-12,0.23592866449188954,1
34821,2011-12-12,0.28214831875065066,0
34822,2011-12-12,0.14396356707930075,0
34823,2011-12-12,0.29836838648754843,0
34824,2011-12-12,0.6090573224047502,1
34825,2011-12-12,0.2743925271062309,0
34826,2011-12-12,0.2500954625806568,0
34827,2011-12-12,0.2878465925462431,1
34828,2011-12-12,0.29428340646947554,1
34829,2011-12-12,0.42821252430595697,0
34830,2011-12-12,0.3924939242858907,1
34831,2011-12-12,0.33068589123921266,1
34832,2011-12-12,0.3345832427505649,0
34833,2011-12-12,0.3710691574282391,1
34834,2011-12-12,0.13689117889694155,0
34835,2011-12-12,0.192917547642905,0
34836,2011-12-12,0.28090239426402835,0
34837,2011-12-12,0.2266463703697316,0
34838,2011-12-12,0.21147942036645387,1
34839,2011-12-12,0.11784410609118885,0
34840,2011-12-12,0.5806845795334838,1
34841,2011-12-12,0.12832416001436267,0
34842,2011-12-12,0.1542447507105732,0
34843,2011-12-12,0.4988513266255707,0
34844,2011-12-12,0.3542442633267209,0
34845,2011-12-12,0.41650188064297516,0
34846,2011-12-12,0.3253113712094541,0
34847,2011-12-12,0.4565619654169704,1
34848,2011-12-12,0.5191871580190024,1
34849,2011-12-12,0.30735398660830976,0
34850,2011-12-12,0.19155501082281126,0
34851,2011-12-12,0.16378770331336592,0
34852,2011-12-12,0.181303830271913,0
34853,2011-12-12,0.24826151239396244,1
34854,2011-12-12,0.1310715969025083,0
34855,2011-12-12,0.4483151834749863,1
34856,2011-12-12,0.26975422936953525,0
34857,2011-12-12,0.36773750760473717,0
34858,2011-12-12,0.43887164167802667,1
34859,2011-12-12,0.1993298601865044,0
34860,2011-12-12,0.5892634830562105,0
34861,2011-12-12,0.2595568277619599,0
34862,2011-12-12,0.43310181210052157,0
34863,2011-12-12,0.1661546850401286,0
34864,2011-12-12,0.5013722129457,1
34865,2011-12-12,0.24075471729971937,0
34866,2011-12-12,0.5861028570532987,1
34867,2011-12-12,0.18495633969056527,0
34868,2011-12-12,0.4586175837892409,0
34869,2011-12-12,0.21706100496066166,0
34870,2011-12-12,0.21281823291138025,0
34871,2011-12-12,0.4218519353386281,0
34872,2011-12-12,0.23559079566617314,0
34873,2011-12-12,0.18950543300688025,0
34874,2011-12-12,0.38415303475719365,0
34875,2011-12-12,0.5266245430972536,0
34876,2011-12-12,0.6161431198253189,1
34877,2011-12-12,0.2714087355712195,0
34878,2011-12-12,0.4514742916219152,1
34879,2011-12-12,0.21892239011432782,0
34880,2011-12-12,0.19252994512918203,0
34881,2011-12-12,0.1786821342778457,1
34882,2011-12-12,0.44107112229463674,0
34883,2011-12-12,0.275457345281474,0
34884,2011-12-12,0.2274991498718148,0
34885,2011-12-12,0.16317415129862597,0
34886,2011-12-12,0.26191666206183883,1
34887,2011-12-12,0.22449389454534927,0
34888,2011-12-12,0.31817327199331447,0
34889,2011-12-12,0.1384847093097131,0
34890,2011-12-12,0.40932431373451983,1
34891,2011-12-12,0.23031104207262512,0
34892,2011-12-12,0.2805455134998777,0
34893,2011-12-12,0.21972682649628275,1
34894,2011-12-12,0.27569802466131915,0
34895,2011-12-12,0.32598132230798255,0
34896,2011-12-12,0.38086380056077546,0
34897,2011-12-12,0.19327306184489113,0
34898,2011-12-12,0.5354129238447995,0
34899,2011-12-12,0.2185106972631035,0
34900,2011-12-12,0.21798545146858234,0
34901,2011-12-12,0.2921398947348833,0
34902,2011-12-12,0.1767171580795224,0
34903,2011-12-12,0.28096630947425943,0
34904,2011-12-12,0.21562291437699224,0
34905,2011-12-12,0.20497302599654366,1
34906,2011-12-12,0.17262842759328184,0
34907,2011-12-12,0.1544916212566115,0
34908,2011-12-12,0.2613916956514909,0
34909,2011-12-12,0.2093731433316209,0
34910,2011-12-12,0.45196185167416,0
34911,2011-12-12,0.2463729390737536,0
34912,2011-12-12,0.5085872687162304,1
34913,2011-12-12,0.36610505559957224,0
34914,2011-12-12,0.22169364316861012,0
34915,2011-12-12,0.22708131708042745,0
34916,2011-12-12,0.1647580392281513,0
34917,2011-12-12,0.23002758848154564,0
34918,2011-12-12,0.24984037739689222,0
34919,2011-12-12,0.27707764146787695,0
34920,2011-12-12,0.3315142080560082,0
34921,2011-12-12,0.2416676999049153,0
34922,2011-12-12,0.22707404899467018,0
34923,2011-12-12,0.32366906365473413,1
34924,2011-12-12,0.3319420048456698,0
34925,2011-12-12,0.11187342018310617,0
34926,2011-12-12,0.21172944196019983,0
34927,2011-12-12,0.31876834919690755,0
34928,2011-12-12,0.33988415502483516,0
34929,2011-12-12,0.5467788446112014,0
34930,2011-12-12,0.20743241010360472,0
34931,2011-12-12,0.20857101144690599,0
34932,2011-12-12,0.38166749978796555,0
34933,2011-12-12,0.36640818353263505,0
34934,2011-12-12,0.2570884776721656,0
34935,2011-12-12,0.2814851340849656,0
34936,2011-12-12,0.2799368432029123,0
34937,2011-12-12,0.24257441933457055,1
34938,2011-12-12,0.4134016324443499,1
34939,2011-12-12,0.20864042019324747,0
34940,2011-12-12,0.28005714156811135,0
34941,2011-12-12,0.3880147311858378,0
34942,2011-12-12,0.36263352569121793,0
34943,2011-12-12,0.19349186857395148,0
34944,2011-12-12,0.3341564748442253,0
34945,2011-12-12,0.3011858968197606,0
34946,2011-12-12,0.36523007518132655,1
34947,2011-12-12,0.21718450714414886,0
34948,2011-12-12,0.4616096997000496,1
34949,2011-12-12,0.34921139008935687,1
34950,2011-12-12,0.20136368016976156,1
34951,2011-12-12,0.40183595188483184,1
34952,2011-12-12,0.24324619860010022,0
34953,2011-12-12,0.35220331000597876,0
34954,2011-12-12,0.3364462923586036,0
34955,2011-12-12,0.24504288285785827,0
34956,2011-12-12,0.17974569196573537,0
34957,2011-12-12,0.1871424099773411,0
34958,2011-12-12,0.13857301446164244,0
34959,2011-12-12,0.17825469782630765,1
34960,2011-12-12,0.49403621360341404,0
34961,2011-12-12,0.34910966315516184,0
34962,2011-12-12,0.46850147253362007,1
34963,2011-12-12,0.19896245267514548,0
34964,2011-12-12,0.24064849098474797,0
34965,2011-12-12,0.29630629235746814,0
34966,2011-12-12,0.23710610460424328,0
34967,2011-12-12,0.21280300750751827,0
34968,2011-12-12,0.22181998883925655,0
34969,2011-12-12,0.18187030483029587,0
34970,2011-12-12,0.2350608921744082,0
34971,2011-12-12,0.24352083518758497,1
34972,2011-12-12,0.19412983343686926,0
34973,2011-12-12,0.16442281981570428,0
34974,2011-12-12,0.4084042989822304,0
34975,2011-12-12,0.18813690709522798,0
34976,2011-12-12,0.13497783007383896,0
34977,2011-12-12,0.3187426865035632,0
34978,2011-12-12,0.1916950157004444,0
34979,2011-12-12,0.4501310768332651,0
34980,2011-12-12,0.2783392583902682,0
34981,2011-12-12,0.1623637843950119,0
34982,2011-12-12,0.3382472412944245,0
34983,2011-12-12,0.39645847671092815,1
34984,2011-12-12,0.1814315647893777,0
34985,2011-12-12,0.26823856805016755,0
34986,2011-12-12,0.22071706589701215,0
34987,2011-12-12,0.2514131861736576,1
34988,2011-12-12,0.16442807768417875,0
34989,2011-12-12,0.5988069422301884,1
34990,2011-12-12,0.2868554824876799,0
34991,2011-12-12,0.2489160291166466,0
34992,2011-12-12,0.3872595798260422,0
34993,2011-12-12,0.28046906930229276,0
34994,2011-12-12,0.397218831894554,1
34995,2011-12-12,0.39569053457715186,1
34996,2011-12-12,0.1313137341379836,0
34997,2011-12-12,0.20209683342029625,0
34998,2011-12-12,0.3413742935166657,0
34999,2011-12-12,0.2429571557176488,0
35000,2011-12-12,0.5542418363064148,0
35001,2011-12-12,0.2465215205415213,0
35002,2011-12-12,0.2816855659294914,0
35003,2011-12-12,0.17775750333767948,0
35004,2011-12-12,0.15908308790184453,0
35005,2011-12-12,0.29952816553908507,0
35006,2011-12-12,0.3195247165865062,0
35007,2011-12-12,0.16123173149116624,0
35008,2011-12-12,0.2956134545304512,0
35009,2011-12-12,0.35048503931713054,0
35010,2011-12-12,0.37192459677300194,0
35011,2011-12-12,0.1865087751760579,0
35012,2011-12-12,0.24752946135692527,0
35013,2011-12-12,0.27349467711753445,0
35014,2011-12-12,0.4918545686593959,0
35015,2011-12-12,0.19777354569775996,0
35016,2011-12-12,0.3894263936229932,0
35017,2011-12-12,0.1840952145327067,1
35018,2011-12-12,0.4306713602995311,0
35019,2011-12-12,0.22701050843125525,0
35020,2011-12-12,0.17035118494392276,0
35021,2011-12-12,0.16324641233193204,0
35022,2011-12-12,0.21957920009726267,1
35023,2011-12-12,0.32852565292736713,1
35024,2011-12-12,0.6151070201604502,1
35025,2011-12-12,0.23897457709461797,1
35026,2011-12-12,0.1535568812373414,1
35027,2011-12-12,0.16318455370175233,0
35028,2011-12-12,0.2975175419887678,0
35029,2011-12-12,0.44930222881915055,0
35030,2011-12-12,0.5109051640324007,1
35031,2011-12-12,0.18824173619050955,0
35032,2011-12-12,0.3109536684920374,1
35033,2011-12-12,0.1935732746455088,0
35034,2011-12-12,0.24063598710876066,0
35035,2011-12-12,0.4301615879064203,0
35036,2011-12-12,0.18708516375985432,0
35037,2011-12-12,0.12617192061775562,0
35038,2011-12-12,0.2939481368489614,0
35039,2011-12-12,0.245372305170096,1
35040,2011-12-12,0.15444767422178607,0
35041,2011-12-12,0.2798011439535312,0
35042,2011-12-12,0.3113545513073273,1
35043,2011-12-12,0.48415393306749593,1
35044,2011-12-12,0.22120684144261638,0
35045,2011-12-12,0.35422561009110026,0
35046,2011-12-12,0.2322667030981592,0
35047,2011-12-12,0.2280229809481697,0
35048,2011-12-12,0.33073713452303766,0
35049,2011-12-12,0.3437189093263898,1
35050,2011-12-12,0.14144245197804536,0
35051,2011-12-12,0.42059756317365204,0
35052,2011-12-12,0.22613039457571715,0
35053,2011-12-12,0.15761367259815756,0
35054,2011-12-12,0.16833713675713471,0
35055,2011-12-12,0.4929409941976148,1
35056,2011-12-12,0.19304042979882466,0
35057,2011-12-12,0.3262596998299778,0
35058,2011-12-12,0.21597019322918412,0
35059,2011-12-12,0.2915291814590017,0
35060,2011-12-12,0.1723149725504173,0
35061,2011-12-12,0.2902049342201869,0
35062,2011-12-12,0.17731089166978956,0
35063,2011-12-12,0.2123957538781605,0
35064,2011-12-12,0.4973195603103984,1
35065,2011-12-12,0.2416273348348264,0
35066,2011-12-12,0.3932940220963272,1
35067,2011-12-12,0.2908326593576444,0
35068,2011-12-12,0.09198658932367727,0
35069,2011-12-12,0.39057820975983787,0
35070,2011-12-12,0.15220714956394626,0
35071,2011-12-12,0.19758763908617152,0
35072,2011-12-12,0.23437840286948367,0
35073,2011-12-12,0.22199296938853813,0
35074,2011-12-12,0.45748679124877084,1
35075,2011-12-12,0.2395484578633762,0
35076,2011-12-12,0.3833443287582609,1
35077,2011-12-12,0.3595659029132533,0
35078,2011-12-12,0.38901939025873955,0
35079,2011-12-12,0.21397890753176937,1
35080,2011-12-12,0.18111680174886413,0
35081,2011-12-12,0.1822993608854177,0
35082,2011-12-12,0.25409890808791274,0
35083,2011-12-12,0.1820402425869441,0
35084,2011-12-12,0.22988052763048267,0
35085,2011-12-12,0.370591286487672,0
35086,2011-12-12,0.2427243103278922,0
35087,2011-12-12,0.4090709522682233,1
35088,2011-12-12,0.31214057128641204,0
35089,2011-12-12,0.2324436733836749,0
35090,2011-12-12,0.33795371007513886,0
35091,2011-12-12,0.2595465050833478,0
35092,2011-12-12,0.2777986544198625,1
35093,2011-12-12,0.4021596033443265,1
35094,2011-12-12,0.2240926316701878,0
35095,2011-12-12,0.17546421513687993,0
35096,2011-12-12,0.29950307338321247,0
35097,2011-12-12,0.15643625920439017,0
35098,2011-12-12,0.1575085134748189,0
35099,2011-12-12,0.33560964548876415,0
35100,2011-12-12,0.2999064210554182,0
35101,2011-12-12,0.39895489863417516,0
35102,2011-12-12,0.3176259997244809,0
35103,2011-12-12,0.2002843688353053,1
35104,2011-12-12,0.15864651353957998,0
35105,2011-12-12,0.48480623314960725,1
35106,2011-12-12,0.46184584693566066,1
35107,2011-12-12,0.2584667007653568,0
35108,2011-12-12,0.16428039784989493,0
35109,2011-12-12,0.3316805302924032,0
35110,2011-12-12,0.3195848529868481,0
35111,2011-12-12,0.21350774365828282,0
35112,2011-12-12,0.1667751474830807,1
35113,2011-12-12,0.3574604888155932,0
35114,2011-12-12,0.16904671433416538,0
35115,2011-12-12,0.21776066800426833,0
35116,2011-12-12,0.3451908586936086,1
35117,2011-12-12,0.2962884722278923,0
35118,2011-12-12,0.1845687941321403,0
35119,2011-12-12,0.43647202415558156,0
35120,2011-12-12,0.3486766706352509,0
35121,2011-12-12,0.18219338272167787,0
35122,2011-12-12,0.25372289846947815,0
35123,2011-12-12,0.18620290053869856,0
35124,2011-12-12,0.2839829838910137,0
35125,2011-12-12,0.3923350953729276,1
35126,2011-12-12,0.3882808383663469,1
35127,2011-12-12,0.24827101540673963,0
35128,2011-12-12,0.6127466516959581,0
35129,2011-12-12,0.3462667901532809,0
35130,2011-12-12,0.27958881156724763,1
35131,2011-12-12,0.21319637568708624,0
35132,2011-12-12,0.20248418404686203,0
35133,2011-12-12,0.2990428457146639,0
35134,2011-12-12,0.14281838629380333,0
35135,2011-12-12,0.4155461473915068,0
35136,2011-12-12,0.3481764156281964,0
35137,2011-12-12,0.19081476918926493,0
35138,2011-12-12,0.3058064963105435,1
35139,2011-12-12,0.174545110190714,0
35140,2011-12-12,0.49606365747510495,0
35141,2011-12-12,0.33476638181878704,1
35142,2011-12-12,0.46937965954456756,0
35143,2011-12-12,0.31962594678655354,0
35144,2011-12-12,0.1263448002701155,0
35145,2011-12-12,0.30368629926324336,1
35146,2011-12-12,0.436260426693631,1
35147,2011-12-12,0.358479669540601,0
35148,2011-12-12,0.24844177031597997,0
35149,2011-12-12,0.34901660819304636,1
35150,2011-12-12,0.23391664593818387,0
35151,2011-12-12,0.14782357572166974,0
35152,2011-12-12,0.2306621290615901,0
35153,2011-12-12,0.5314894575170076,1
35154,2011-12-12,0.15046406708911525,0
35155,2011-12-12,0.2814264519894972,0
35156,2011-12-12,0.2000555524901365,0
35157,2011-12-12,0.10562543291136389,0
35158,2011-12-12,0.15417617491954094,0
35159,2011-12-12,0.24088307574580423,0
35160,2011-12-12,0.17769848957676668,0
35161,2011-12-12,0.14737162977508883,0
35162,2011-12-12,0.2001590091996086,0
35163,2011-12-12,0.3839900140204737,0
35164,2011-12-12,0.3613510288916263,1
35165,2011-12-12,0.272724115932028,0
35166,2011-12-12,0.26972520410034834,0
35167,2011-12-12,0.3245368472038086,0
35168,2011-12-12,0.32421827406945214,1
35169,2011-12-12,0.19429248572020574,0
35170,2011-12-12,0.2538701649339664,0
35171,2011-12-12,0.2787104947881922,1
35172,2011-12-12,0.4605853704186716,1
35173,2011-12-12,0.22704457736789574,0
35174,2011-12-12,0.3013809036876298,0
35175,2011-12-12,0.47730191954739026,1
35176,2011-12-12,0.14936889949547788,0
35177,2011-12-12,0.18958943611942025,0
35178,2011-12-12,0.1463493059813215,0
35179,2011-12-12,0.18660500936261137,0
35180,2011-12-12,0.3076386442308485,0
35181,2011-12-12,0.2607366467394151,1
35182,2011-12-12,0.25615307954294664,1
35183,2011-12-12,0.5137248240275784,1
35184,2011-12-12,0.2753383122123458,0
35185,2011-12-12,0.20499004910091637,0
35186,2011-12-12,0.14905586380617436,0
35187,2011-12-12,0.1818418972703713,0
35188,2011-12-12,0.2602653667899804,0
35189,2011-12-12,0.32065600917342624,0
35190,2011-12-12,0.3117367108643892,0
35191,2011-12-12,0.6146916462898917,0
35192,2011-12-12,0.19165250610002096,0
35193,2011-12-12,0.2484533928532959,1
35194,2011-12-12,0.26556099444270753,0
35195,2011-12-12,0.25423202916975385,0
35196,2011-12-12,0.3658353243274395,0
35197,2011-12-12,0.28986109999189985,0
35198,2011-12-12,0.20175912796769155,0
35199,2011-12-12,0.23204139503699434,0
35200,2011-12-12,0.26472418674242404,0
35201,2011-12-12,0.12808283464423054,0
35202,2011-12-12,0.38713849540538403,0
35203,2011-12-12,0.25092250928080867,1
35204,2011-12-12,0.3340101855302783,0
35205,2011-12-12,0.25471931211985493,0
35206,2011-12-12,0.47474770998250204,0
35207,2011-12-12,0.2767927454750294,0
35208,2011-12-12,0.21885023443551313,0
35209,2011-12-12,0.2429107155309189,0
35210,2011-12-12,0.3460406808392495,0
35211,2011-12-12,0.1907584378236332,0
35212,2011-12-12,0.23936465629358328,0
35213,2011-12-12,0.13933464642747323,0
35214,2011-12-12,0.2255858367135282,0
35215,2011-12-12,0.27878198236171103,0
35216,2011-12-12,0.21922101410333059,0
35217,2011-12-12,0.24373033673783925,1
35218,2011-12-12,0.246695433750463,1
35219,2011-12-12,0.2435741946665442,0
35220,2011-12-12,0.3661998042803259,0
35221,2011-12-12,0.23877774195899848,0
35222,2011-12-12,0.2637058113635406,0
35223,2011-12-12,0.24419645960830724,1
35224,2011-12-13,0.20682933878573598,0
35225,2011-12-13,0.4461257165956155,1
35226,2011-12-13,0.28576303848834617,0
35227,2011-12-13,0.35319500582253466,0
35228,2011-12-13,0.23785772148435638,0
35229,2011-12-13,0.2023192850659984,0
35230,2011-12-13,0.25683354599420793,0
35231,2011-12-13,0.30272737859329407,0
35232,2011-12-13,0.3195837216993133,1
35233,2011-12-13,0.1924417451629916,0
35234,2011-12-13,0.10305482518738654,0
35235,2011-12-13,0.20792215383435503,0
35236,2011-12-13,0.298360717706363,0
35237,2011-12-13,0.41741793339716793,0
35238,2011-12-13,0.23833371486221694,0
35239,2011-12-13,0.14286021108205663,0
35240,2011-12-13,0.42540929386316634,1
35241,2011-12-13,0.299729440589338,1
35242,2011-12-13,0.4308685457746769,0
35243,2011-12-13,0.15608441567429918,0
35244,2011-12-13,0.4440032979413314,0
35245,2011-12-13,0.19836990234021887,0
35246,2011-12-13,0.29471003498015486,0
35247,2011-12-13,0.553463295982735,1
35248,2011-12-13,0.2921713920997423,0
35249,2011-12-13,0.3346251769541673,0
35250,2011-12-13,0.3771286719971311,1
35251,2011-12-13,0.14417194709600084,0
35252,2011-12-13,0.20435655456891016,0
35253,2011-12-13,0.24729555811165715,0
35254,2011-12-13,0.2294141035784264,0
35255,2011-12-13,0.4123506931638458,1
35256,2011-12-13,0.408440834785974,1
35257,2011-12-13,0.20792301507464736,0
35258,2011-12-13,0.17142576502649612,0
35259,2011-12-13,0.2006382026231999,0
35260,2011-12-13,0.22598899828416208,0
35261,2011-12-13,0.28562098750723547,0
35262,2011-12-13,0.35781893124543096,0
35263,2011-12-13,0.20307439341423555,0
35264,2011-12-13,0.5716525490987585,1
35265,2011-12-13,0.659516953452909,1
35266,2011-12-13,0.3135051525412691,0
35267,2011-12-13,0.38994435818023354,1
35268,2011-12-13,0.19420850609072823,0
35269,2011-12-13,0.2761398430494687,0
35270,2011-12-13,0.2242907187382645,0
35271,2011-12-13,0.2227986949089598,0
35272,2011-12-13,0.18232018644050516,0
35273,2011-12-13,0.36957934401185044,0
35274,2011-12-13,0.38458997470663814,0
35275,2011-12-13,0.4063069404306196,0
35276,2011-12-13,0.18523857990820589,1
35277,2011-12-13,0.24633738279960982,0
35278,2011-12-13,0.22519278410540386,0
35279,2011-12-13,0.6196390077745043,1
35280,2011-12-13,0.524692226002749,0
35281,2011-12-13,0.32131149171486023,1
35282,2011-12-13,0.33768771407725934,0
35283,2011-12-13,0.16100915119972425,0
35284,2011-12-13,0.19364357514960556,0
35285,2011-12-13,0.2564132438106889,0
35286,2011-12-13,0.3322849601761291,0
35287,2011-12-13,0.2782832285074185,0
35288,2011-12-13,0.12805601936191008,0
35289,2011-12-13,0.30184006154199217,0
35290,2011-12-13,0.2099374602080673,0
35291,2011-12-13,0.4834949798361937,1
35292,2011-12-13,0.5418153125174631,0
35293,2011-12-13,0.5471328206493823,0
35294,2011-12-13,0.23565371163241192,0
35295,2011-12-13,0.23377918772121573,0
35296,2011-12-13,0.2211311170999215,0
35297,2011-12-13,0.2910056903056285,1
35298,2011-12-13,0.36953607280407097,0
35299,2011-12-13,0.32602566775072905,0
35300,2011-12-13,0.18335225389976573,0
35301,2011-12-13,0.3224800684608388,0
35302,2011-12-13,0.17951215667981846,0
35303,2011-12-13,0.30618192353572693,0
35304,2011-12-13,0.23918243972056988,1
35305,2011-12-13,0.34861467735890656,1
35306,2011-12-13,0.20705960759222058,0
35307,2011-12-13,0.40842009975971305,1
35308,2011-12-13,0.44538963596092634,1
35309,2011-12-13,0.37402934632699675,0
35310,2011-12-13,0.37065988084697343,0
35311,2011-12-13,0.3027964440450332,0
35312,2011-12-13,0.2909010937198195,0
35313,2011-12-13,0.31915019215903373,0
35314,2011-12-13,0.345137670318402,1
35315,2011-12-13,0.16662439970125686,0
35316,2011-12-13,0.17799201062831327,0
35317,2011-12-13,0.379999349469886,0
35318,2011-12-13,0.30286244343846075,0
35319,2011-12-13,0.26082026005273423,0
35320,2011-12-13,0.38514274391966624,0
35321,2011-12-13,0.2751825118693731,0
35322,2011-12-13,0.35012883266405087,0
35323,2011-12-13,0.2757835817547802,0
35324,2011-12-13,0.20910656331574587,0
35325,2011-12-13,0.1849777408735428,0
35326,2011-12-13,0.3033525806402622,0
35327,2011-12-13,0.18365900813815608,0
35328,2011-12-13,0.40418077315595013,1
35329,2011-12-13,0.29261508094558264,0
35330,2011-12-13,0.36235137734049877,1
35331,2011-12-13,0.594940719031394,1
35332,2011-12-13,0.38106155339454145,0
35333,2011-12-13,0.4000069150333483,1
35334,2011-12-13,0.35204562670413575,1
35335,2011-12-13,0.2840461562874766,0
35336,2011-12-13,0.18655420788196678,0
35337,2011-12-13,0.1767074625053683,0
35338,2011-12-13,0.16777685365138353,0
35339,2011-12-13,0.18636102420560557,0
35340,2011-12-13,0.42070225542415324,0
35341,2011-12-13,0.15809342194870565,0
35342,2011-12-13,0.5873110263508883,1
35343,2011-12-13,0.3301490102870877,1
35344,2011-12-13,0.1846502865113647,0
35345,2011-12-13,0.20068912064973393,0
35346,2011-12-13,0.251788458902405,1
35347,2011-12-13,0.1449422631568268,0
35348,2011-12-13,0.29257828658614393,1
35349,2011-12-13,0.21070348764958344,0
35350,2011-12-13,0.4787492219401982,0
35351,2011-12-13,0.19156580832891615,0
35352,2011-12-13,0.43764080010745926,1
35353,2011-12-13,0.24969019668660042,0
35354,2011-12-13,0.34530180279610156,1
35355,2011-12-13,0.3839383785823579,0
35356,2011-12-13,0.3564946676926846,0
35357,2011-12-13,0.4889194114406945,0
35358,2011-12-13,0.3734889613270916,0
35359,2011-12-13,0.18576583680578612,0
35360,2011-12-13,0.16229897837487559,0
35361,2011-12-13,0.23749218762123012,0
35362,2011-12-13,0.4370902734522458,0
35363,2011-12-13,0.25750992983843396,0
35364,2011-12-13,0.28009670304302436,0
35365,2011-12-13,0.38148675757109357,0
35366,2011-12-13,0.27028677071023316,1
35367,2011-12-13,0.26724365371461417,0
35368,2011-12-13,0.23972768193468402,0
35369,2011-12-13,0.165679608945404,0
35370,2011-12-13,0.346480776766942,0
35371,2011-12-13,0.1670396501709531,0
35372,2011-12-13,0.1661669444185151,0
35373,2011-12-13,0.45822435024523805,1
35374,2011-12-13,0.29230445398585503,1
35375,2011-12-13,0.2513936866780543,0
35376,2011-12-13,0.12176892269107387,0
35377,2011-12-13,0.15529317554073643,0
35378,2011-12-13,0.4619542961808725,0
35379,2011-12-13,0.20959885374909556,0
35380,2011-12-13,0.3199181807940604,0
35381,2011-12-13,0.21986716661842334,0
35382,2011-12-13,0.1842473020689321,0
35383,2011-12-13,0.3119073363040054,0
35384,2011-12-13,0.24806591913208895,0
35385,2011-12-13,0.14384327703495525,0
35386,2011-12-13,0.3622440535559574,0
35387,2011-12-13,0.3305620310449755,0
35388,2011-12-13,0.22184204964556128,0
35389,2011-12-13,0.25320338264153136,0
35390,2011-12-13,0.3976289011033304,0
35391,2011-12-13,0.17142576502649612,0
35392,2011-12-13,0.2514100672330082,0
35393,2011-12-13,0.23931265115068306,0
35394,2011-12-13,0.19021079593022233,0
35395,2011-12-13,0.30137512112528353,0
35396,2011-12-13,0.3244463295294207,0
35397,2011-12-13,0.17010077397791096,0
35398,2011-12-13,0.44724197500053237,1
35399,2011-12-13,0.1693076024451818,0
35400,2011-12-13,0.22668304713559365,0
35401,2011-12-13,0.4571642557608383,0
35402,2011-12-13,0.1945110783160388,0
35403,2011-12-13,0.17689698666980402,0
35404,2011-12-13,0.1761912800113799,0
35405,2011-12-13,0.35793131266562006,1
35406,2011-12-13,0.1965770255041677,0
35407,2011-12-13,0.28565593447195964,0
35408,2011-12-13,0.1517901621641659,0
35409,2011-12-13,0.23573529002056426,1
35410,2011-12-13,0.2234371254040514,0
35411,2011-12-13,0.3950878862196531,1
35412,2011-12-13,0.47251121805909013,0
35413,2011-12-13,0.1793801202757974,0
35414,2011-12-13,0.3827168847744187,0
35415,2011-12-13,0.12399800506028157,0
35416,2011-12-13,0.18454144093450214,0
35417,2011-12-13,0.46612598843030395,1
35418,2011-12-13,0.37959859970470067,1
35419,2011-12-13,0.35621914444176184,0
35420,2011-12-13,0.2120597526739059,0
35421,2011-12-13,0.3248377962114823,0
35422,2011-12-13,0.12875015525357505,0
35423,2011-12-13,0.2462614029469815,0
35424,2011-12-13,0.15794618513635073,0
35425,2011-12-13,0.4466039207614833,0
35426,2011-12-13,0.6206252872271247,0
35427,2011-12-13,0.21735526065827893,0
35428,2011-12-13,0.5260518503277181,1
35429,2011-12-13,0.1793223191166607,0
35430,2011-12-13,0.3676976758181603,0
35431,2011-12-13,0.35353803452957483,0
35432,2011-12-13,0.3151819721794798,0
35433,2011-12-13,0.3959394626130285,0
35434,2011-12-13,0.24752582211200014,0
35435,2011-12-13,0.3896622684761326,1
35436,2011-12-13,0.2359727423674376,0
35437,2011-12-13,0.4128544238188907,0
35438,2011-12-13,0.35748764862838023,1
35439,2011-12-13,0.3435791100031175,0
35440,2011-12-13,0.2413199145410708,0
35441,2011-12-13,0.20914328840425683,0
35442,2011-12-13,0.5653161873058438,0
35443,2011-12-13,0.3561727847025506,0
35444,2011-12-13,0.6121538591976751,0
35445,2011-12-13,0.1745142419507941,0
35446,2011-12-13,0.3541094289915773,1
35447,2011-12-13,0.3746309268760699,0
35448,2011-12-13,0.1507933489575372,0
35449,2011-12-13,0.3890474749119826,1
35450,2011-12-13,0.14974373849804534,0
35451,2011-12-13,0.4346319939828774,0
35452,2011-12-13,0.3213725641456092,1
35453,2011-12-13,0.32060239015650366,0
35454,2011-12-13,0.5052321351246513,0
35455,2011-12-13,0.18409235490931145,0
35456,2011-12-13,0.19147425657280373,0
35457,2011-12-13,0.16411359648101206,0
35458,2011-12-13,0.33444486027997433,0
35459,2011-12-13,0.41432084416620657,0
35460,2011-12-13,0.2855330205002882,1
35461,2011-12-13,0.35329905478031787,0
35462,2011-12-13,0.2784328204780332,0
35463,2011-12-13,0.2141719975429632,0
35464,2011-12-13,0.3754963112192983,0
35465,2011-12-13,0.16337142508685937,0
35466,2011-12-13,0.22590279827764584,0
35467,2011-12-13,0.5459472303746118,0
35468,2011-12-13,0.2508357917573741,0
35469,2011-12-13,0.29525747966348825,0
35470,2011-12-13,0.3404467173284247,1
35471,2011-12-13,0.2690546201422754,1
35472,2011-12-13,0.20640367478260338,0
35473,2011-12-13,0.2624882446975448,0
35474,2011-12-13,0.23619481006429713,0
35475,2011-12-13,0.6271920878107947,1
35476,2011-12-13,0.36661019027005304,0
35477,2011-12-14,0.33438927104458116,0
35478,2011-12-14,0.1432596828752428,1
35479,2011-12-14,0.35257771506333074,0
35480,2011-12-14,0.29030430644140687,0
35481,2011-12-14,0.36426578196288545,1
35482,2011-12-14,0.2890353074487629,1
35483,2011-12-14,0.42044016478116153,1
35484,2011-12-14,0.1860161557108442,0
35485,2011-12-14,0.17829800594574152,0
35486,2011-12-14,0.24896959914580014,0
35487,2011-12-14,0.2470466448327314,0
35488,2011-12-14,0.1497585738009127,0
35489,2011-12-14,0.3577925017961162,1
35490,2011-12-14,0.508170420433482,0
35491,2011-12-14,0.2699607601942909,0
35492,2011-12-14,0.09330436692345784,0
35493,2011-12-14,0.2122525915244555,0
35494,2011-12-14,0.5703835995629565,0
35495,2011-12-14,0.2194733624667828,0
35496,2011-12-14,0.13483048012597748,0
35497,2011-12-14,0.3219462153585902,1
35498,2011-12-14,0.20106888188719274,1
35499,2011-12-14,0.27898089141626214,0
35500,2011-12-14,0.25566799158864284,0
35501,2011-12-14,0.5100468257611683,1
35502,2011-12-14,0.48029158239584885,0
35503,2011-12-14,0.3279856394390441,0
35504,2011-12-14,0.2107712235933559,1
35505,2011-12-14,0.24220826145217011,1
35506,2011-12-14,0.26647806239203453,0
35507,2011-12-14,0.18944524773834187,0
35508,2011-12-14,0.37299590453260345,0
35509,2011-12-14,0.5520367904301104,0
35510,2011-12-14,0.3291028787684733,0
35511,2011-12-14,0.4060299590913289,0
35512,2011-12-14,0.14956356156561215,0
35513,2011-12-14,0.24948125588288128,0
35514,2011-12-14,0.1923641400730123,0
35515,2011-12-14,0.2762423029245044,0
35516,2011-12-14,0.2295714419338909,0
35517,2011-12-14,0.37938855610966254,0
35518,2011-12-14,0.19692182783749312,1
35519,2011-12-14,0.24716553353936827,0
35520,2011-12-14,0.2188193833293897,0
35521,2011-12-14,0.21893789455699958,1
35522,2011-12-14,0.15902076288609363,0
35523,2011-12-14,0.3160367277331383,0
35524,2011-12-14,0.6376341888119917,1
35525,2011-12-14,0.2699606341260862,0
35526,2011-12-14,0.44457925750096544,1
35527,2011-12-14,0.13763031181847746,0
35528,2011-12-14,0.1460127509287358,0
35529,2011-12-14,0.1224594315819845,0
35530,2011-12-14,0.33917542926482974,0
35531,2011-12-14,0.21086321820084947,0
35532,2011-12-14,0.29173717420791895,0
35533,2011-12-14,0.3652048221641169,0
35534,2011-12-14,0.22709304802716895,0
35535,2011-12-14,0.21502450449027702,0
35536,2011-12-14,0.3067578298052493,1
35537,2011-12-14,0.46073923817320206,1
35538,2011-12-14,0.3109355918182664,0
35539,2011-12-14,0.5246518274608988,1
35540,2011-12-14,0.21849341142674658,1
35541,2011-12-14,0.27317987989933157,0
35542,2011-12-14,0.22382469058056717,0
35543,2011-12-14,0.2574500084042897,0
35544,2011-12-14,0.26752088465826834,0
35545,2011-12-14,0.33678273544036247,0
35546,2011-12-14,0.3388074016476658,0
35547,2011-12-14,0.5273819098786923,0
35548,2011-12-14,0.18606955859505384,0
35549,2011-12-14,0.2799067137000173,1
35550,2011-12-14,0.2706878779122498,0
35551,2011-12-14,0.16680650359228064,0
35552,2011-12-14,0.41480447992214636,0
35553,2011-12-14,0.3928939034383875,1
35554,2011-12-14,0.2576519393723977,0
35555,2011-12-14,0.6039442156111384,0
35556,2011-12-14,0.20395425306021442,0
35557,2011-12-14,0.31721043208192395,0
35558,2011-12-14,0.3237786060996581,0
35559,2011-12-14,0.25205853818540597,0
35560,2011-12-14,0.5364964137159421,0
35561,2011-12-14,0.21234243538318576,0
35562,2011-12-14,0.09550125151796812,0
35563,2011-12-14,0.21133889077844045,0
35564,2011-12-14,0.3196003280717737,0
35565,2011-12-14,0.2456744414733118,0
35566,2011-12-14,0.2774074202091113,0
35567,2011-12-14,0.25751222022081965,0
35568,2011-12-14,0.2508060074570903,0
35569,2011-12-14,0.2977798479659376,0
35570,2011-12-14,0.3210925713696361,0
35571,2011-12-14,0.2839843564178353,0
35572,2011-12-14,0.39639582655671207,0
35573,2011-12-14,0.2985316560118803,0
35574,2011-12-14,0.20126104754094162,1
35575,2011-12-14,0.19404355683400495,0
35576,2011-12-14,0.26288415880867133,0
35577,2011-12-14,0.10279338789231474,0
35578,2011-12-14,0.1645475461550659,0
35579,2011-12-14,0.21207360129046857,0
35580,2011-12-14,0.2473481387271533,0
35581,2011-12-14,0.33841509978679746,0
35582,2011-12-14,0.09870712673753991,0
35583,2011-12-14,0.243407715498227,0
35584,2011-12-14,0.21556496685998897,0
35585,2011-12-14,0.3640565421742532,0
35586,2011-12-14,0.397369209754425,0
35587,2011-12-14,0.17444845407135617,0
35588,2011-12-14,0.3393579380591863,0
35589,2011-12-14,0.2181810737701023,0
35590,2011-12-14,0.24559165911548228,0
35591,2011-12-14,0.5312385895895353,0
35592,2011-12-14,0.2950470463439706,0
35593,2011-12-14,0.1685588608936422,0
35594,2011-12-14,0.1238533086170976,0
35595,2011-12-14,0.1590217610140178,0
35596,2011-12-14,0.32457964779144616,0
35597,2011-12-14,0.23325268256965515,0
35598,2011-12-14,0.2032690897126773,0
35599,2011-12-14,0.31247846810011765,0
35600,2011-12-14,0.29947303600506453,1
35601,2011-12-14,0.3734371576075445,1
35602,2011-12-14,0.3399144646808075,0
35603,2011-12-14,0.20887375969633215,0
35604,2011-12-14,0.2351176110181974,0
35605,2011-12-14,0.17890726046644012,0
35606,2011-12-14,0.14491857597894806,0
35607,2011-12-14,0.3298022634970303,0
35608,2011-12-14,0.3628741737009778,0
35609,2011-12-14,0.5291710421834861,0
35610,2011-12-14,0.32035150933065953,0
35611,2011-12-14,0.28978255596307556,1
35612,2011-12-14,0.4731715941022408,0
35613,2011-12-14,0.20484915538302575,0
35614,2011-12-14,0.2001682721772829,1
35615,2011-12-14,0.20375972297380152,0
35616,2011-12-14,0.41943234795764117,1
35617,2011-12-14,0.22935635897327047,0
35618,2011-12-14,0.29756475043360514,0
35619,2011-12-14,0.6352050576855652,1
35620,2011-12-14,0.21965479961601433,0
35621,2011-12-14,0.23864415247977938,0
35622,2011-12-14,0.28197595416839244,0
35623,2011-12-14,0.2374341249523522,0
35624,2011-12-14,0.3082953581371079,0
35625,2011-12-14,0.22689830332319405,0
35626,2011-12-14,0.13195000816161473,0
35627,2011-12-14,0.39695194078718393,0
35628,2011-12-14,0.21407939213137525,0
35629,2011-12-14,0.3108725740857574,0
35630,2011-12-14,0.34982078915871423,0
35631,2011-12-14,0.20585081734166735,1
35632,2011-12-14,0.21122716235537276,0
35633,2011-12-14,0.31997527074687027,0
35634,2011-12-14,0.42435727339716145,1
35635,2011-12-14,0.1808501260866386,0
35636,2011-12-14,0.22286559161559055,0
35637,2011-12-14,0.22249645958140413,0
35638,2011-12-14,0.1949284840160377,0
35639,2011-12-14,0.1270647185713907,1
35640,2011-12-14,0.30205273411326866,0
35641,2011-12-14,0.3755583131129145,0
35642,2011-12-14,0.30285194075843175,0
35643,2011-12-14,0.1832702724089864,0
35644,2011-12-14,0.2181562595759343,0
35645,2011-12-14,0.13166946201830718,0
35646,2011-12-14,0.14490244596757085,0
35647,2011-12-14,0.22819032590015995,0
35648,2011-12-14,0.20355220238255212,0
35649,2011-12-14,0.23485666632846566,0
35650,2011-12-14,0.378116295864132,1
35651,2011-12-14,0.42918436374903396,0
35652,2011-12-14,0.1334663110160053,0
35653,2011-12-14,0.23212404744099568,0
35654,2011-12-14,0.2689097731936137,1
35655,2011-12-14,0.19055983710158667,0
35656,2011-12-14,0.43808209546642485,1
35657,2011-12-14,0.2665802481810802,0
35658,2011-12-14,0.1798665134061837,0
35659,2011-12-14,0.16813290087139546,0
35660,2011-12-14,0.21678195362879626,0
35661,2011-12-14,0.3445434191619894,1
35662,2011-12-14,0.12454831397500031,0
35663,2011-12-14,0.24245158154135993,0
35664,2011-12-14,0.20676152505316384,0
35665,2011-12-14,0.26735211258114655,0
35666,2011-12-14,0.1962727794918521,0
35667,2011-12-14,0.12616463390671,0
35668,2011-12-14,0.3826603043447874,1
35669,2011-12-14,0.17245257756604276,0
35670,2011-12-14,0.34406417473545636,1
35671,2011-12-14,0.19773741087351773,0
35672,2011-12-14,0.39608567973332914,0
35673,2011-12-14,0.27178895155387056,0
35674,2011-12-14,0.1231366782900614,0
35675,2011-12-14,0.18309606870953463,0
35676,2011-12-14,0.49960343271166857,0
35677,2011-12-14,0.4014034346062353,0
35678,2011-12-14,0.5355751436779967,1
35679,2011-12-14,0.4319561504242519,1
35680,2011-12-14,0.3333613774597628,0
35681,2011-12-14,0.2779439621538786,0
35682,2011-12-14,0.1760765924989801,0
35683,2011-12-14,0.12527221832027738,0
35684,2011-12-14,0.22771434354308948,0
35685,2011-12-14,0.3549817335045032,0
35686,2011-12-14,0.19874160402859062,0
35687,2011-12-14,0.24350432516282924,0
35688,2011-12-14,0.22913895532282028,0
35689,2011-12-14,0.49404986096753983,0
35690,2011-12-14,0.33921481277813115,0
35691,2011-12-14,0.19164133009651677,0
35692,2011-12-14,0.36902138801787265,0
35693,2011-12-14,0.30499382026507144,1
35694,2011-12-14,0.24584725128403256,0
35695,2011-12-14,0.26878419865073455,0
35696,2011-12-14,0.42633938045150366,0
35697,2011-12-14,0.21420927087513264,0
35698,2011-12-14,0.27719975672585834,0
35699,2011-12-14,0.21087718147537288,0
35700,2011-12-14,0.32298362684491755,0
35701,2011-12-14,0.2881925688211065,0
35702,2011-12-14,0.44054652794805693,1
35703,2011-12-14,0.27728914637295504,0
35704,2011-12-14,0.24336601318890777,0
35705,2011-12-14,0.09749705216610972,1
35706,2011-12-14,0.20375972297380152,0
35707,2011-12-14,0.35188422489393884,1
35708,2011-12-14,0.3312113823172078,0
35709,2011-12-14,0.2911604032651016,1
35710,2011-12-14,0.3175921506032902,1
35711,2011-12-14,0.18724242551354908,0
35712,2011-12-14,0.19088481262158197,0
35713,2011-12-14,0.09932459240473267,0
35714,2011-12-14,0.28917195759136655,0
35715,2011-12-14,0.47047600193741174,0
35716,2011-12-14,0.23288710416314992,0
35717,2011-12-14,0.1429077162965684,0
35718,2011-12-14,0.36837744772010667,1
35719,2011-12-14,0.5479758386279154,1
35720,2011-12-14,0.1355638656472253,0
35721,2011-12-14,0.25093827692258924,0
35722,2011-12-14,0.23126249408004934,0
35723,2011-12-14,0.17333573864306812,0
35724,2011-12-14,0.1649518078626072,0
35725,2011-12-14,0.1827817012865466,0
35726,2011-12-14,0.20825961071329907,0
35727,2011-12-14,0.37046858354991724,0
35728,2011-12-14,0.4058969710761547,0
35729,2011-12-14,0.4188993833655524,1
35730,2011-12-14,0.2342864723082455,0
35731,2011-12-14,0.22764910598146076,1
35732,2011-12-14,0.2969908427936498,0
35733,2011-12-14,0.2046943827814933,0
35734,2011-12-14,0.25474043539580676,0
35735,2011-12-14,0.2499806438472323,1
35736,2011-12-14,0.2626771438286888,0
35737,2011-12-14,0.43454697672696896,1
35738,2011-12-14,0.32526027674428437,0
35739,2011-12-14,0.1820335197079808,0
35740,2011-12-14,0.4336012485064371,1
35741,2011-12-14,0.14355456049199877,0
35742,2011-12-14,0.17307596368247036,0
35743,2011-12-14,0.12330290092051846,0
35744,2011-12-14,0.17888291461593295,0
35745,2011-12-14,0.16521729725512613,0
35746,2011-12-14,0.42017078875518626,1
35747,2011-12-14,0.20206132709061955,0
35748,2011-12-14,0.25238085943147426,1
35749,2011-12-14,0.3246037979762049,0
35750,2011-12-14,0.27980218674424245,1
35751,2011-12-14,0.3139795215848853,1
35752,2011-12-14,0.2592270098754654,0
35753,2011-12-14,0.6093033223712163,0
35754,2011-12-14,0.31315847464011726,1
35755,2011-12-14,0.3211793503831871,0
35756,2011-12-14,0.31384306353781966,0
35757,2011-12-14,0.3926059013957597,1
35758,2011-12-14,0.49758846752431857,1
35759,2011-12-14,0.48249171318670886,1
35760,2011-12-14,0.22019430894407563,0
35761,2011-12-14,0.2020434266016359,0
35762,2011-12-14,0.27016291126708336,0
35763,2011-12-14,0.2280465086561458,0
35764,2011-12-14,0.24040912317104768,1
35765,2011-12-14,0.24891631272787798,0
35766,2011-12-14,0.2791949617578743,0
35767,2011-12-14,0.3311321349632928,0
35768,2011-12-14,0.41213130298816303,1
35769,2011-12-14,0.305079908421278,1
35770,2011-12-14,0.37821484057638083,1
35771,2011-12-14,0.20528883746811863,0
35772,2011-12-14,0.24230157248279394,0
35773,2011-12-14,0.1710728664569372,0
35774,2011-12-14,0.23388540116537157,0
35775,2011-12-14,0.42581653783138623,0
35776,2011-12-14,0.18546029286755333,0
35777,2011-12-14,0.25609726095073126,0
35778,2011-12-14,0.1509050347101198,0
35779,2011-12-14,0.3315977802872304,0
35780,2011-12-14,0.3060146232931815,0
35781,2011-12-14,0.261603684686063,1
35782,2011-12-14,0.24432046456733417,0
35783,2011-12-14,0.302650904733102,1
35784,2011-12-14,0.16345682402647693,0
35785,2011-12-14,0.22834930106666962,0
35786,2011-12-14,0.13875838597256254,0
35787,2011-12-14,0.387426042655602,0
35788,2011-12-14,0.17472506324119721,0
35789,2011-12-14,0.22482490813969638,1
35790,2011-12-14,0.2390708462415216,0
35791,2011-12-14,0.35674282061837465,0
35792,2011-12-14,0.3168763567277157,0
35793,2011-12-14,0.21488205838191318,0
35794,2011-12-14,0.49865686231822803,1
35795,2011-12-14,0.5368685784372997,1
35796,2011-12-14,0.33214496274582744,0
35797,2011-12-14,0.4959069853480601,0
35798,2011-12-14,0.3095870166162222,0
35799,2011-12-14,0.12970841864897012,0
35800,2011-12-14,0.31842161151884246,1
35801,2011-12-14,0.23190277354742322,0
35802,2011-12-14,0.37557650624089794,0
35803,2011-12-14,0.3604791225398075,1
35804,2011-12-14,0.2919108974031718,0
35805,2011-12-14,0.141734290365248,0
35806,2011-12-14,0.27586110759897015,0
35807,2011-12-14,0.43439710667186887,0
35808,2011-12-14,0.22985423526136656,0
35809,2011-12-14,0.25527335742356977,0
35810,2011-12-14,0.2117052206645308,0
35811,2011-12-14,0.4219918296379274,1
35812,2011-12-14,0.3398393143583813,1
35813,2011-12-14,0.2648281367546178,0
35814,2011-12-14,0.2136798594855803,0
35815,2011-12-14,0.41002119353309774,0
35816,2011-12-14,0.2156699451797554,0
35817,2011-12-14,0.42852012712668425,0
35818,2011-12-14,0.15959040850263928,0
35819,2011-12-14,0.4057506467031406,0
35820,2011-12-14,0.29891114375104005,0
35821,2011-12-14,0.23880742366125804,0
35822,2011-12-14,0.17039318435535425,0
35823,2011-12-14,0.13995201497135507,0
35824,2011-12-14,0.1852473824138828,0
35825,2011-12-14,0.23415580681363707,0
35826,2011-12-14,0.1316314552905371,0
35827,2011-12-14,0.35022037316501736,0
35828,2011-12-14,0.2856840781858499,0
35829,2011-12-14,0.2635769888293343,0
35830,2011-12-14,0.12560507654704273,0
35831,2011-12-14,0.3416691723351131,0
35832,2011-12-14,0.46404359742962403,1
35833,2011-12-14,0.17913249618169674,0
35834,2011-12-14,0.4292010985573395,1
35835,2011-12-14,0.317069722212813,1
35836,2011-12-14,0.21095229273520733,0
35837,2011-12-14,0.359408027089097,0
35838,2011-12-14,0.17480404403809802,0
35839,2011-12-14,0.1710533947349904,0
35840,2011-12-14,0.2686584287190386,0
35841,2011-12-14,0.16643934283448508,0
35842,2011-12-14,0.27460299712116376,0
35843,2011-12-14,0.19826870499863472,0
35844,2011-12-14,0.3496219912425028,0
35845,2011-12-14,0.34873850414912694,1
35846,2011-12-14,0.2405630638578664,0
35847,2011-12-14,0.4233425098615413,1
35848,2011-12-14,0.20298384031114822,0
35849,2011-12-14,0.45592076334337606,0
35850,2011-12-14,0.40276070604496067,0
35851,2011-12-14,0.4953456918985919,0
35852,2011-12-14,0.25661437729311903,0
35853,2011-12-14,0.32981523751948066,0
35854,2011-12-14,0.35739994267557446,0
35855,2011-12-14,0.18506648281439228,0
35856,2011-12-14,0.22772833606979656,0
35857,2011-12-14,0.1594852377495631,0
35858,2011-12-14,0.3270397047716759,0
35859,2011-12-14,0.45637230534344203,1
35860,2011-12-14,0.2696377150790007,1
35861,2011-12-14,0.2661005714932746,0
35862,2011-12-14,0.18154700320103775,1
35863,2011-12-14,0.4341274868010566,0
35864,2011-12-14,0.20980321433069965,0
35865,2011-12-14,0.2586490212476809,1
35866,2011-12-14,0.4529805477358329,0
35867,2011-12-14,0.35640525409082074,0
35868,2011-12-14,0.3449961307727428,1
35869,2011-12-14,0.3129395047535282,1
35870,2011-12-14,0.6460152227505148,1
35871,2011-12-14,0.4778352016836053,1
35872,2011-12-14,0.2190735241612909,0
35873,2011-12-14,0.3285209397202592,1
35874,2011-12-14,0.49376420870070087,0
35875,2011-12-14,0.3747387566503868,1
35876,2011-12-14,0.18480359537359292,0
35877,2011-12-14,0.2927097662711871,1
35878,2011-12-14,0.3607253797056803,1
35879,2011-12-14,0.2533962959651859,0
35880,2011-12-14,0.23425725953888155,0
35881,2011-12-14,0.20210200317965166,1
35882,2011-12-14,0.3587183478515633,1
35883,2011-12-14,0.27741611542894967,0
35884,2011-12-14,0.3848154152088571,0
35885,2011-12-14,0.2780558512600448,0
35886,2011-12-14,0.19468578805511247,0
35887,2011-12-14,0.33400881165817803,1
35888,2011-12-14,0.47258483342166463,1
35889,2011-12-14,0.1642358660917298,0
35890,2011-12-15,0.1910771175460009,0
35891,2011-12-15,0.25069447723820937,0
35892,2011-12-15,0.2575543951878526,0
35893,2011-12-15,0.1975674548197381,0
35894,2011-12-15,0.29504040351406874,0
35895,2011-12-15,0.14880240338263157,0
35896,2011-12-15,0.37026521357112957,0
35897,2011-12-15,0.19917846030363012,0
35898,2011-12-15,0.3672879735748932,0
35899,2011-12-15,0.45961344814039934,1
35900,2011-12-15,0.2680063290466024,1
35901,2011-12-15,0.18305085279675412,0
35902,2011-12-15,0.5861762351541582,1
35903,2011-12-15,0.22017640598265795,0
35904,2011-12-15,0.5317493362397294,1
35905,2011-12-15,0.22297300816231824,0
35906,2011-12-15,0.32160032534390176,1
35907,2011-12-15,0.4779858088607151,0
35908,2011-12-15,0.18097346244527754,0
35909,2011-12-15,0.23727351076647613,1
35910,2011-12-15,0.40782910982970805,0
35911,2011-12-15,0.16442724515780577,0
35912,2011-12-15,0.18445891387613358,0
35913,2011-12-15,0.3487661660158178,0
35914,2011-12-15,0.3922880427173851,1
35915,2011-12-15,0.5707769450089021,1
35916,2011-12-15,0.17361334609230752,0
35917,2011-12-15,0.27189647909249226,0
35918,2011-12-15,0.26271794788168745,0
35919,2011-12-15,0.1512977264050185,0
35920,2011-12-15,0.168502277303496,0
35921,2011-12-15,0.3017176095378616,1
35922,2011-12-15,0.2532668080782445,0
35923,2011-12-15,0.3572823790304469,0
35924,2011-12-15,0.5740681852165629,1
35925,2011-12-15,0.35163947995916445,0
35926,2011-12-15,0.47550593105779065,1
35927,2011-12-15,0.3084591831483929,0
35928,2011-12-15,0.2604931752668139,1
35929,2011-12-15,0.20140146933222353,0
35930,2011-12-15,0.32006934752155786,0
35931,2011-12-15,0.16648410931060387,0
35932,2011-12-15,0.19763499883409633,0
35933,2011-12-15,0.15626790603515114,0
35934,2011-12-15,0.38571411526565874,0
35935,2011-12-15,0.12165226227418591,0
35936,2011-12-15,0.3894652485731345,0
35937,2011-12-15,0.4217205458590407,0
35938,2011-12-15,0.34321132116549186,1
35939,2011-12-15,0.4209425798993046,0
35940,2011-12-15,0.2365738287305336,1
35941,2011-12-15,0.4135842654649916,0
35942,2011-12-15,0.5744545941954674,0
35943,2011-12-15,0.31904134973746356,0
35944,2011-12-15,0.21405622912040181,0
35945,2011-12-15,0.28256861632736124,0
35946,2011-12-15,0.18269027876175276,1
35947,2011-12-15,0.18555431881236742,0
35948,2011-12-15,0.3786339143902353,1
35949,2011-12-15,0.24949081372381912,0
35950,2011-12-15,0.3282154450956454,1
35951,2011-12-15,0.2916928269381367,0
35952,2011-12-15,0.4020339257784089,0
35953,2011-12-15,0.2903838874664027,0
35954,2011-12-15,0.33477957218481463,0
35955,2011-12-15,0.41654623867751905,0
35956,2011-12-15,0.26034997044365515,0
35957,2011-12-15,0.18046416153661504,0
35958,2011-12-15,0.41394302144440037,0
35959,2011-12-15,0.2357874745173909,0
35960,2011-12-15,0.16424023105105315,0
35961,2011-12-15,0.17173169537882377,0
35962,2011-12-15,0.36144268233620863,0
35963,2011-12-15,0.25085629913130375,0
35964,2011-12-15,0.32390822552222887,0
35965,2011-12-15,0.22557352627637994,0
35966,2011-12-15,0.41093894663356584,0
35967,2011-12-15,0.36610328362373135,1
35968,2011-12-15,0.2806488104190965,0
35969,2011-12-15,0.47256921852602,1
35970,2011-12-15,0.18042593086662767,1
35971,2011-12-15,0.25748467285531074,0
35972,2011-12-15,0.3041135967355819,1
35973,2011-12-15,0.5256917706813702,0
35974,2011-12-15,0.1956805103135886,0
35975,2011-12-15,0.4518294337628192,1
35976,2011-12-15,0.3690982990881531,1
35977,2011-12-15,0.22919801139928125,0
35978,2011-12-15,0.43967998028901073,1
35979,2011-12-15,0.22875567121155063,0
35980,2011-12-15,0.4086629188657919,0
35981,2011-12-15,0.22919801139928125,0
35982,2011-12-15,0.49261576130048496,1
35983,2011-12-15,0.16784257329500898,0
35984,2011-12-15,0.2158611663935775,1
35985,2011-12-15,0.16444166206525976,0
35986,2011-12-15,0.38482025956445476,0
35987,2011-12-15,0.5313764485129534,1
35988,2011-12-15,0.27423100980092424,0
35989,2011-12-15,0.33501961973823846,0
35990,2011-12-15,0.2512621634288056,0
35991,2011-12-15,0.3500615700031803,0
35992,2011-12-15,0.31499042789349685,1
35993,2011-12-15,0.2728674306303539,0
35994,2011-12-15,0.11658004032518113,0
35995,2011-12-15,0.2508390518399351,0
35996,2011-12-15,0.31533772163562007,0
35997,2011-12-15,0.14553128022839446,0
35998,2011-12-15,0.2893403690021707,0
35999,2011-12-15,0.2115449371046421,0
36000,2011-12-15,0.3722945039048737,0
36001,2011-12-15,0.14092174122574497,0
36002,2011-12-15,0.22384420581115394,0
36003,2011-12-15,0.3079465617145727,0
36004,2011-12-15,0.164047124408544,0
36005,2011-12-15,0.3393520125295464,1
36006,2011-12-15,0.2545338332021094,0
36007,2011-12-15,0.1785221850844072,0
36008,2011-12-15,0.18043766874511352,0
36009,2011-12-15,0.20458802467887194,0
36010,2011-12-15,0.504281749020136,0
36011,2011-12-15,0.15777797432861754,0
36012,2011-12-15,0.38475222138770915,0
36013,2011-12-15,0.14904665801845454,0
36014,2011-12-15,0.4382629864994739,1
36015,2011-12-15,0.24446140151304696,0
36016,2011-12-15,0.20290323569766452,0
36017,2011-12-15,0.4374329471689551,0
36018,2011-12-15,0.12388752815117218,0
36019,2011-12-15,0.25648726386426385,1
36020,2011-12-15,0.5438701706231094,0
36021,2011-12-15,0.33896543815238095,1
36022,2011-12-15,0.41856886931601356,1
36023,2011-12-15,0.2647523095977627,0
36024,2011-12-15,0.27029088580250354,0
36025,2011-12-15,0.38222783580362973,1
36026,2011-12-15,0.5659782289228106,0
36027,2011-12-15,0.19046030518133855,0
36028,2011-12-15,0.5968778056074426,1
36029,2011-12-15,0.31987444727768843,0
36030,2011-12-15,0.22727265286288614,0
36031,2011-12-15,0.5058159451521644,0
36032,2011-12-15,0.2107693988200915,0
36033,2011-12-15,0.30475992477423197,1
36034,2011-12-15,0.2960661563886277,0
36035,2011-12-15,0.13736794148044054,0
36036,2011-12-15,0.3642627672196646,0
36037,2011-12-15,0.25744623761685487,0
36038,2011-12-15,0.2848968767642567,0
36039,2011-12-15,0.1926808520723657,0
36040,2011-12-15,0.3839359884605501,1
36041,2011-12-15,0.31894482844600647,0
36042,2011-12-15,0.28503055401933924,0
36043,2011-12-15,0.6010378426832126,1
36044,2011-12-15,0.3193538423596907,0
36045,2011-12-15,0.37054772244936546,1
36046,2011-12-15,0.16658007035067213,0
36047,2011-12-15,0.44719589803517773,1
36048,2011-12-15,0.24184181128981702,0
36049,2011-12-15,0.4306168948360319,1
36050,2011-12-15,0.2976519377293228,1
36051,2011-12-15,0.3120243647753639,0
36052,2011-12-15,0.29099582383472494,0
36053,2011-12-15,0.5024412527279688,1
36054,2011-12-15,0.3669603630329124,1
36055,2011-12-15,0.1143297662093132,0
36056,2011-12-15,0.19796232006044695,0
36057,2011-12-15,0.13707039026308712,0
36058,2011-12-15,0.2923552624188554,0
36059,2011-12-15,0.3457724300896219,0
36060,2011-12-15,0.3773238861499163,0
36061,2011-12-15,0.28585085494065,0
36062,2011-12-15,0.20751386234468994,0
36063,2011-12-15,0.30316174952701386,0
36064,2011-12-15,0.5213078383678371,0
36065,2011-12-15,0.3741986261820608,0
36066,2011-12-15,0.24978674389888167,0
36067,2011-12-15,0.35050553387147926,0
36068,2011-12-15,0.3200999972090553,0
36069,2011-12-15,0.308668168168876,1
36070,2011-12-15,0.23934735705691218,0
36071,2011-12-15,0.3129223280911856,1
36072,2011-12-15,0.3002737199734806,0
36073,2011-12-15,0.2594365957499235,0
36074,2011-12-15,0.24241930934902217,1
36075,2011-12-15,0.17641375365070228,0
36076,2011-12-15,0.21832886409944302,1
36077,2011-12-15,0.48971056627851944,1
36078,2011-12-15,0.37694628482769316,0
36079,2011-12-15,0.275501570853369,1
36080,2011-12-15,0.29778556857137933,1
36081,2011-12-15,0.24808965392964233,0
36082,2011-12-15,0.14954003700949844,0
36083,2011-12-15,0.213499319028303,0
36084,2011-12-15,0.3728125231938438,1
36085,2011-12-15,0.5280781539822165,1
36086,2011-12-15,0.3038938724888251,1
36087,2011-12-15,0.21428642723221847,0
36088,2011-12-15,0.3330491025336672,1
36089,2011-12-15,0.17848588903095786,0
36090,2011-12-15,0.27607375518707333,1
36091,2011-12-15,0.19512543725341347,0
36092,2011-12-15,0.5060642873032059,1
36093,2011-12-15,0.5242984477908814,0
36094,2011-12-15,0.15196065256857105,1
36095,2011-12-15,0.17706020751101442,0
36096,2011-12-15,0.4425641899522798,0
36097,2011-12-15,0.1407514050794152,0
36098,2011-12-15,0.3365895873705416,0
36099,2011-12-15,0.3891463030810423,0
36100,2011-12-15,0.20273778556523392,0
36101,2011-12-15,0.32377408399465235,0
36102,2011-12-15,0.34045484206753285,0
36103,2011-12-15,0.2473841956047367,0
36104,2011-12-15,0.2513479277814018,0
36105,2011-12-15,0.3147577442427101,0
36106,2011-12-15,0.1610432216445025,0
36107,2011-12-15,0.39817911455943916,1
36108,2011-12-15,0.20419498530071795,1
36109,2011-12-15,0.6055989266536466,1
36110,2011-12-15,0.17555133015632982,0
36111,2011-12-15,0.44367354574331624,1
36112,2011-12-15,0.5576717977730725,0
36113,2011-12-15,0.23113922674862764,1
36114,2011-12-15,0.17678774776363312,0
36115,2011-12-16,0.4253830979700233,1
36116,2011-12-16,0.20843628541478113,0
36117,2011-12-16,0.1544970663779046,0
36118,2011-12-16,0.5019634739195955,0
36119,2011-12-16,0.17912816337964527,0
36120,2011-12-16,0.4640795290427262,1
36121,2011-12-16,0.2227591748212205,0
36122,2011-12-16,0.2586795086106023,1
36123,2011-12-16,0.18612114289931667,0
36124,2011-12-16,0.5129560188091979,1
36125,2011-12-16,0.22833297987802081,0
36126,2011-12-16,0.36120569345974846,1
36127,2011-12-16,0.23328851589544397,0
36128,2011-12-16,0.22407874048154405,0
36129,2011-12-16,0.179656317888977,0
36130,2011-12-16,0.14282482175835653,0
36131,2011-12-16,0.631003054019061,1
36132,2011-12-16,0.2374040747284861,0
36133,2011-12-16,0.19742342275370073,0
36134,2011-12-16,0.19432899548199073,0
36135,2011-12-16,0.2716328130154061,0
36136,2011-12-16,0.21033734674954502,0
36137,2011-12-16,0.1932038212477755,0
36138,2011-12-16,0.3875782809349678,1
36139,2011-12-16,0.12056191810300204,0
36140,2011-12-16,0.17843974911136745,0
36141,2011-12-16,0.20163094986088345,0
36142,2011-12-16,0.15651627851411615,0
36143,2011-12-16,0.3038170779011344,0
36144,2011-12-16,0.1896446845482679,0
36145,2011-12-16,0.16029802881196875,0
36146,2011-12-16,0.42764533856485487,0
36147,2011-12-16,0.20088741790573905,0
36148,2011-12-16,0.2204076467718601,1
36149,2011-12-16,0.4033110359952822,0
36150,2011-12-16,0.22485857582892813,0
36151,2011-12-16,0.2394289939593306,0
36152,2011-12-16,0.2892686854604279,1
36153,2011-12-16,0.32958733585606287,1
36154,2011-12-16,0.2404491213345415,1
36155,2011-12-16,0.4647310976889015,1
36156,2011-12-16,0.3305946816437209,1
36157,2011-12-16,0.2843780659804163,1
36158,2011-12-16,0.2422614280009596,1
36159,2011-12-16,0.31310868471650893,0
36160,2011-12-16,0.4327980311576459,1
36161,2011-12-16,0.21552044734313283,0
36162,2011-12-16,0.3215098539070178,0
36163,2011-12-16,0.5300642957559526,1
36164,2011-12-16,0.137956291413141,0
36165,2011-12-16,0.5132786762719145,1
36166,2011-12-16,0.30055107837884315,0
36167,2011-12-16,0.22628918475014556,0
36168,2011-12-16,0.21393109826753526,1
36169,2011-12-16,0.47858747066541024,1
36170,2011-12-16,0.26794607624485245,0
36171,2011-12-16,0.17491267268062893,1
36172,2011-12-16,0.22816455544721087,0
36173,2011-12-16,0.29534152802514957,0
36174,2011-12-16,0.4787812244342309,1
36175,2011-12-16,0.19819069801688952,0
36176,2011-12-16,0.22235277433220085,0
36177,2011-12-16,0.20476606864817712,0
36178,2011-12-16,0.2959416976337566,0
36179,2011-12-16,0.13682694493778497,0
36180,2011-12-16,0.16290581212794905,0
36181,2011-12-16,0.3157354922859349,0
36182,2011-12-16,0.3474075249926502,1
36183,2011-12-16,0.13479673395944866,0
36184,2011-12-16,0.43981289383917216,0
36185,2011-12-16,0.21491661173253612,0
36186,2011-12-16,0.16562246701983532,0
36187,2011-12-16,0.18902149511867222,0
36188,2011-12-16,0.44298383550290715,0
36189,2011-12-16,0.40927859076880296,1
36190,2011-12-16,0.2634459387616949,0
36191,2011-12-16,0.14417319575940563,0
36192,2011-12-16,0.33439066793158023,0
36193,2011-12-16,0.42474380951436125,1
36194,2011-12-16,0.22965722724864351,0
36195,2011-12-16,0.30057154898678323,0
36196,2011-12-16,0.1864954832802839,0
36197,2011-12-16,0.2404956087222119,0
36198,2011-12-16,0.33057217951906515,0
36199,2011-12-16,0.36946978198004016,1
36200,2011-12-16,0.26851190363745403,0
36201,2011-12-16,0.16020153683664032,0
36202,2011-12-16,0.18497392712449975,0
36203,2011-12-16,0.27846249797921535,0
36204,2011-12-16,0.28866348181485846,0
36205,2011-12-16,0.17177539013722826,0
36206,2011-12-16,0.31814305655527486,1
36207,2011-12-16,0.19351879207095862,1
36208,2011-12-16,0.23786210895521084,0
36209,2011-12-16,0.2403114868297725,0
36210,2011-12-16,0.3647582468173278,0
36211,2011-12-16,0.47547520094775575,0
36212,2011-12-16,0.21489139001325575,0
36213,2011-12-16,0.20210260229485438,0
36214,2011-12-16,0.3838510379794187,0
36215,2011-12-16,0.3142577071569282,0
36216,2011-12-16,0.5231953093120961,0
36217,2011-12-16,0.49817131402637327,1
36218,2011-12-16,0.46526291750620863,0
36219,2011-12-16,0.5013437358198161,0
36220,2011-12-16,0.19392580804190412,0
36221,2011-12-16,0.15537576781621448,1
36222,2011-12-16,0.31686061579652913,0
36223,2011-12-16,0.21021712343863933,0
36224,2011-12-16,0.22121485216527356,0
36225,2011-12-16,0.2694144556954875,0
36226,2011-12-16,0.3646076224876444,0
36227,2011-12-16,0.34197970927009613,0
36228,2011-12-16,0.3399157904502213,1
36229,2011-12-16,0.17833642250357426,0
36230,2011-12-16,0.2366668239530988,0
36231,2011-12-16,0.22320204030194538,1
36232,2011-12-16,0.16820879464874802,0
36233,2011-12-16,0.19245814830701838,0
36234,2011-12-16,0.22944982337280306,0
36235,2011-12-16,0.2776749485291896,0
36236,2011-12-16,0.5014878247265204,1
36237,2011-12-16,0.36515257756683356,1
36238,2011-12-16,0.3601649039793639,1
36239,2011-12-16,0.20253313350568744,0
36240,2011-12-16,0.2481272612114548,0
36241,2011-12-16,0.22257397976610674,0
36242,2011-12-16,0.1443641737596104,0
36243,2011-12-16,0.16256727396034323,1
36244,2011-12-16,0.29071086938549096,0
36245,2011-12-16,0.3905708349554735,0
36246,2011-12-16,0.23646983746250477,0
36247,2011-12-16,0.564076557141805,1
36248,2011-12-16,0.2509499723788393,0
36249,2011-12-16,0.2228262348978879,0
36250,2011-12-16,0.18445532287822297,0
36251,2011-12-16,0.20106369459553702,0
36252,2011-12-16,0.19930819002085495,1
36253,2011-12-16,0.29053692385616725,0
36254,2011-12-16,0.35521554299094654,0
36255,2011-12-16,0.20366185437269263,1
36256,2011-12-16,0.3047996560265175,0
36257,2011-12-16,0.46194547555983617,1
36258,2011-12-16,0.1536177635595814,0
36259,2011-12-16,0.40239213224272397,0
36260,2011-12-16,0.3105344131608075,0
36261,2011-12-16,0.6118742038953557,1
36262,2011-12-16,0.1636627682823769,0
36263,2011-12-16,0.2277870031424722,0
36264,2011-12-16,0.33580434388025976,0
36265,2011-12-16,0.46359214637095086,0
36266,2011-12-16,0.31863705130510134,0
36267,2011-12-16,0.5914750367272607,1
36268,2011-12-16,0.4929874191190812,1
36269,2011-12-16,0.33720362359238576,1
36270,2011-12-16,0.17670755275447336,0
36271,2011-12-16,0.4718959135897739,1
36272,2011-12-16,0.5891792754395957,1
36273,2011-12-16,0.18953656760335794,0
36274,2011-12-16,0.4153558775319109,1
36275,2011-12-16,0.2609768460720931,0
36276,2011-12-16,0.34704697082634767,0
36277,2011-12-16,0.1316337849325168,0
36278,2011-12-16,0.32798859228620714,0
36279,2011-12-16,0.24627505130667407,1
36280,2011-12-16,0.17144063167800797,0
36281,2011-12-16,0.32083801666986783,0
36282,2011-12-16,0.4401165030187047,0
36283,2011-12-16,0.15374573811854347,0
36284,2011-12-16,0.24318399766610432,0
36285,2011-12-16,0.2925624721756968,0
36286,2011-12-17,0.20711592251588373,1
36287,2011-12-17,0.5016394240038884,0
36288,2011-12-17,0.4781332562626656,1
36289,2011-12-17,0.3017494464579729,1
36290,2011-12-17,0.20962999942762825,1
36291,2011-12-17,0.3390316616275188,1
36292,2011-12-17,0.2942116128378277,0
36293,2011-12-17,0.5096380840062257,1
36294,2011-12-17,0.3392189427998509,0
36295,2011-12-17,0.20873316939333147,0
36296,2011-12-17,0.2736638793413005,0
36297,2011-12-17,0.17721916511525826,0
36298,2011-12-17,0.2479122260055572,0
36299,2011-12-17,0.5031243826548093,1
36300,2011-12-17,0.2810879149425247,0
36301,2011-12-17,0.2718330052974735,1
36302,2011-12-17,0.24431966517353865,1
36303,2011-12-17,0.563894993802934,1
36304,2011-12-17,0.23341712691692354,0
36305,2011-12-17,0.22266546072013318,0
36306,2011-12-17,0.42281175626153117,0
36307,2011-12-17,0.21367107763627982,0
36308,2011-12-17,0.2385996520355119,0
36309,2011-12-17,0.317887082301309,1
36310,2011-12-17,0.25908664843263896,0
36311,2011-12-17,0.1786206250980167,0
36312,2011-12-17,0.40919995510353124,0
36313,2011-12-17,0.42877992253038144,0
36314,2011-12-17,0.29995992161688434,0
36315,2011-12-17,0.22824395972615497,0
36316,2011-12-17,0.24865207712010837,0
36317,2011-12-17,0.3460690240045069,0
36318,2011-12-17,0.38877784271559973,0
36319,2011-12-17,0.4369583939442255,1
36320,2011-12-17,0.11237291027249635,1
36321,2011-12-17,0.2099286643364944,0
36322,2011-12-17,0.3032715954198738,1
36323,2011-12-17,0.35050059227841124,0
36324,2011-12-17,0.30923039174324274,0
36325,2011-12-17,0.26164345344332224,0
36326,2011-12-17,0.17026470168823618,0
36327,2011-12-17,0.23050593761629423,0
36328,2011-12-17,0.30800557972540965,0
36329,2011-12-17,0.19617713067978032,0
36330,2011-12-17,0.19222977118425652,0
36331,2011-12-17,0.4135518440531176,0
36332,2011-12-17,0.18935338678142732,0
36333,2011-12-17,0.3095708816082169,0
36334,2011-12-17,0.14962432625132116,0
36335,2011-12-17,0.10060607543510384,0
36336,2011-12-17,0.26681498090919514,0
36337,2011-12-17,0.42728274849945,1
36338,2011-12-17,0.2021066427931953,0
36339,2011-12-17,0.1351207499340006,0
36340,2011-12-17,0.1705121043193049,0
36341,2011-12-17,0.11186961705268707,0
36342,2011-12-17,0.15876508645836518,0
36343,2011-12-17,0.416171992202216,0
36344,2011-12-17,0.21186544129068158,0
36345,2011-12-17,0.1725307077320778,0
36346,2011-12-17,0.19930014268600285,0
36347,2011-12-17,0.27456674022915106,0
36348,2011-12-17,0.2511942408017409,0
36349,2011-12-17,0.3271358999083759,1
36350,2011-12-17,0.11757267025662739,0
36351,2011-12-17,0.27739426295244124,0
36352,2011-12-17,0.25944672203177305,0
36353,2011-12-17,0.2275937349561346,0
36354,2011-12-17,0.22221052611994085,0
36355,2011-12-17,0.24656548564536115,1
36356,2011-12-17,0.23157477296839274,1
36357,2011-12-17,0.2957339162373,0
36358,2011-12-17,0.42742973600684425,0
36359,2011-12-17,0.378417701371695,0
36360,2011-12-17,0.2751875137859759,0
36361,2011-12-17,0.3116801201051005,1
36362,2011-12-17,0.12357416490715982,0
36363,2011-12-17,0.3244945832143065,1
36364,2011-12-17,0.20574458627396533,0
36365,2011-12-17,0.18428365317497197,0
36366,2011-12-17,0.25624252176312146,0
36367,2011-12-17,0.44186566882942696,1
36368,2011-12-17,0.32405732662527,1
36369,2011-12-17,0.2234681592289594,1
36370,2011-12-17,0.37818956917293267,0
36371,2011-12-17,0.18149593872961425,0
36372,2011-12-17,0.2395439570486303,0
36373,2011-12-17,0.48990702634961963,1
36374,2011-12-17,0.2192077176901108,0
36375,2011-12-17,0.32157421749020376,0
36376,2011-12-17,0.4308592284939263,1
36377,2011-12-17,0.3594930202932861,0
36378,2011-12-17,0.22266275980703928,0
36379,2011-12-17,0.5744670753348203,0
36380,2011-12-17,0.3151218127994118,1
36381,2011-12-17,0.22833671878850614,0
36382,2011-12-17,0.43317330915415453,0
36383,2011-12-17,0.21063452044467834,0
36384,2011-12-17,0.21207320707445754,0
36385,2011-12-17,0.15496013924224,0
36386,2011-12-17,0.48165958323227237,1
36387,2011-12-17,0.15936249247840706,0
36388,2011-12-17,0.1224529556250663,1
36389,2011-12-17,0.44911365708066936,1
36390,2011-12-17,0.20366857175475622,0
36391,2011-12-17,0.25297491757982393,0
36392,2011-12-17,0.3356346709067115,1
36393,2011-12-17,0.41703279305291024,0
36394,2011-12-17,0.2879621576568481,1
36395,2011-12-17,0.6297708249596269,1
36396,2011-12-17,0.4019827996703078,1
36397,2011-12-17,0.21966990647238976,0
36398,2011-12-17,0.32112630288869376,0
36399,2011-12-17,0.1625883722529319,0
36400,2011-12-17,0.2835604169737464,0
36401,2011-12-17,0.1977122139410312,0
36402,2011-12-17,0.3338577687634405,0
36403,2011-12-17,0.23672564161070964,0
36404,2011-12-17,0.34970689223124735,1
36405,2011-12-17,0.1435066908539135,0
36406,2011-12-17,0.32922981552788727,0
36407,2011-12-17,0.2090030796997639,0
36408,2011-12-18,0.2608761487042152,0
36409,2011-12-18,0.3346025664355503,1
36410,2011-12-18,0.19810216296835256,0
36411,2011-12-18,0.18456143770580802,0
36412,2011-12-18,0.3598000856351362,0
36413,2011-12-18,0.24373451245718314,0
36414,2011-12-18,0.2672096546680823,0
36415,2011-12-18,0.1421167766818746,0
36416,2011-12-18,0.13860182008612024,0
36417,2011-12-18,0.13486822220447153,0
36418,2011-12-18,0.28555782935233015,0
36419,2011-12-18,0.15727864348654733,0
36420,2011-12-18,0.40821258845918335,1
36421,2011-12-18,0.27624008685328016,0
36422,2011-12-18,0.539750700081224,0
36423,2011-12-18,0.19114003000554347,0
36424,2011-12-18,0.3030867346381696,1
36425,2011-12-18,0.16170628814913124,0
36426,2011-12-18,0.38288301636426203,0
36427,2011-12-18,0.2284822720440004,0
36428,2011-12-18,0.21243752074394875,0
36429,2011-12-18,0.43745465413487733,1
36430,2011-12-18,0.26861992697816783,0
36431,2011-12-18,0.49254001457320684,1
36432,2011-12-18,0.26522898212875773,0
36433,2011-12-18,0.30216144252198734,1
36434,2011-12-18,0.5219661174949508,0
36435,2011-12-18,0.29154536672907616,0
36436,2011-12-18,0.2142947540413045,0
36437,2011-12-18,0.25243839147174923,0
36438,2011-12-18,0.18139245848189517,0
36439,2011-12-18,0.27245967718560127,0
36440,2011-12-18,0.23549918023333977,0
36441,2011-12-18,0.2994071964831586,0
36442,2011-12-18,0.15360119968213037,0
36443,2011-12-18,0.22469899033758658,0
36444,2011-12-18,0.20430070012859713,0
36445,2011-12-18,0.17284955292475257,0
36446,2011-12-18,0.2377919002966051,0
36447,2011-12-18,0.1698609660417905,1
36448,2011-12-18,0.28491227293635824,0
36449,2011-12-18,0.22132967315600383,0
36450,2011-12-18,0.21564201151823312,0
36451,2011-12-18,0.12562294814262912,0
36452,2011-12-18,0.33533102440462514,0
36453,2011-12-18,0.28776352753198975,1
36454,2011-12-18,0.25166930320535874,0
36455,2011-12-18,0.4309654084145773,1
36456,2011-12-18,0.14946286047611668,0
36457,2011-12-18,0.35333733474030166,1
36458,2011-12-18,0.30038010386271563,0
36459,2011-12-18,0.31458400307550394,1
36460,2011-12-18,0.21321899717604512,0
36461,2011-12-18,0.4119728698887191,0
36462,2011-12-18,0.16010052559368465,0
36463,2011-12-18,0.3326101869742301,1
36464,2011-12-18,0.12465166603157876,0
36465,2011-12-18,0.38881107031186724,0
36466,2011-12-18,0.5067233381319611,1
36467,2011-12-18,0.5302738798348637,1
36468,2011-12-18,0.5051939908543939,1
36469,2011-12-18,0.3000825949385846,0
36470,2011-12-18,0.20914073326673566,0
36471,2011-12-18,0.09423128333937254,0
36472,2011-12-18,0.6348869265427711,1
36473,2011-12-18,0.43282098709479666,0
36474,2011-12-18,0.2481427361965883,1
36475,2011-12-18,0.3260483223365548,0
36476,2011-12-18,0.19962278989133078,0
36477,2011-12-18,0.2520186202383988,0
36478,2011-12-18,0.13757739060521082,0
36479,2011-12-18,0.3256384658273991,1
36480,2011-12-18,0.4457628699656253,1
36481,2011-12-18,0.24982064173267637,1
36482,2011-12-18,0.1782787219713644,0
36483,2011-12-18,0.24621603258928448,1
36484,2011-12-18,0.26432171560471884,0
36485,2011-12-18,0.28038956430480144,0
36486,2011-12-18,0.22940696871379532,0
36487,2011-12-18,0.4848522034579902,1
36488,2011-12-18,0.15808085646004535,1
36489,2011-12-18,0.16208983554340922,0
36490,2011-12-18,0.25117651797600676,0
36491,2011-12-18,0.4531815730005686,0
36492,2011-12-18,0.3323711329885019,0
36493,2011-12-18,0.20742884753672775,0
36494,2011-12-18,0.175847588363939,0
36495,2011-12-18,0.2775646847917574,0
36496,2011-12-18,0.28622734801913763,0
36497,2011-12-18,0.21480542528325372,0
36498,2011-12-18,0.21560484416898895,0
36499,2011-12-18,0.2235802899413684,0
36500,2011-12-18,0.34009803720221454,1
36501,2011-12-18,0.31942179897888723,1
36502,2011-12-18,0.31168138767389214,0
36503,2011-12-18,0.44606428611002563,1
36504,2011-12-18,0.42616170918330953,1
36505,2011-12-18,0.2507569831775613,0
36506,2011-12-18,0.34644506006880693,1
36507,2011-12-18,0.27638597024714656,1
36508,2011-12-18,0.33865001150566326,0
36509,2011-12-18,0.4598962235365443,1
36510,2011-12-18,0.3986878764589278,0
36511,2011-12-18,0.332346744518451,0
36512,2011-12-18,0.44308434528405705,1
36513,2011-12-18,0.4095414872497206,0
36514,2011-12-18,0.5251179558143385,0
36515,2011-12-18,0.16495136525435924,0
36516,2011-12-18,0.17837319391029152,0
36517,2011-12-18,0.5120780430606209,0
36518,2011-12-18,0.32958187186674354,1
36519,2011-12-18,0.24813224145777135,1
36520,2011-12-18,0.29089394611497116,0
36521,2011-12-18,0.2595487946943575,1
36522,2011-12-18,0.1423957262510631,0
36523,2011-12-18,0.23078382954996976,0
36524,2011-12-18,0.4352567457234673,1
36525,2011-12-18,0.4312056136762692,1
36526,2011-12-18,0.16536187773168726,0
36527,2011-12-18,0.15227158875740893,0
36528,2011-12-18,0.3577431550553464,1
36529,2011-12-18,0.2114591228373526,0
36530,2011-12-18,0.17031606921202036,0
36531,2011-12-18,0.15276505566793458,0
36532,2011-12-18,0.3408830409771144,1
36533,2011-12-18,0.17011534458808455,0
36534,2011-12-18,0.43173325136348173,0
36535,2011-12-18,0.43890939153699854,1
36536,2011-12-18,0.24646602551161315,0
36537,2011-12-18,0.24118603628103102,0
36538,2011-12-18,0.3500586922579671,0
36539,2011-12-18,0.1773173207034751,0
36540,2011-12-18,0.27671630148181053,1
36541,2011-12-18,0.31176127330260384,0
36542,2011-12-18,0.2388732171540762,0
36543,2011-12-18,0.17956351259498624,0
36544,2011-12-18,0.4235537405999556,1
36545,2011-12-18,0.3420236853897222,0
36546,2011-12-18,0.1589296186637389,0
36547,2011-12-18,0.38883370435843334,0
36548,2011-12-18,0.18250689671003234,0
36549,2011-12-18,0.11937450586122537,0
36550,2011-12-18,0.295987600428297,0
36551,2011-12-18,0.3315366110866644,0
36552,2011-12-18,0.16858850515505638,1
36553,2011-12-18,0.39013434806165215,0
36554,2011-12-18,0.22065271452791538,0
36555,2011-12-18,0.24493378087193202,0
36556,2011-12-18,0.5438246065524718,0
36557,2011-12-18,0.17951262376994187,1
36558,2011-12-18,0.2780573574444122,0
36559,2011-12-18,0.30749236534915325,0
36560,2011-12-18,0.3148882940602152,1
36561,2011-12-18,0.2217777690866843,0
36562,2011-12-18,0.22965902446695438,0
36563,2011-12-18,0.1721898785587694,0
36564,2011-12-18,0.2144508900304596,0
36565,2011-12-18,0.2837261345389985,0
36566,2011-12-18,0.26750774901668956,0
36567,2011-12-18,0.2697674270803707,0
36568,2011-12-18,0.20715222647284884,0
36569,2011-12-18,0.4396364401034464,1
36570,2011-12-18,0.10854728136171012,0
36571,2011-12-18,0.20975602056905282,0
36572,2011-12-18,0.3039692062697304,0
36573,2011-12-18,0.20184003524640168,1
36574,2011-12-18,0.3165416155721121,0
36575,2011-12-18,0.37978496887155155,0
36576,2011-12-18,0.4735950505662342,1
36577,2011-12-18,0.14801071955509598,0
36578,2011-12-18,0.34236716924487426,0
36579,2011-12-18,0.10165996825107798,0
36580,2011-12-18,0.5814491697145736,1
36581,2011-12-18,0.4979668963529269,1
36582,2011-12-18,0.25424916456675345,0
36583,2011-12-18,0.4823957973286385,1
36584,2011-12-18,0.21745315675860483,0
36585,2011-12-18,0.2074843242259775,0
36586,2011-12-18,0.4022290218857144,1
36587,2011-12-18,0.36858801699091076,1
36588,2011-12-18,0.2005543978114964,0
36589,2011-12-18,0.2169462839784643,0
36590,2011-12-18,0.3906249530412556,1
36591,2011-12-18,0.16135611571738664,0
36592,2011-12-18,0.22949383664688264,0
36593,2011-12-18,0.17811722943742597,0
36594,2011-12-18,0.1907009549085994,0
36595,2011-12-18,0.35610580067496117,0
36596,2011-12-18,0.5769363432182623,0
36597,2011-12-18,0.18712351611027211,0
36598,2011-12-18,0.24174795003029315,0
36599,2011-12-18,0.2627253610876429,0
36600,2011-12-18,0.3352973275570361,1
36601,2011-12-18,0.2597613605968733,0
36602,2011-12-18,0.44744723554213184,1
36603,2011-12-18,0.28530341627095523,0
36604,2011-12-18,0.3590404814290516,0
36605,2011-12-18,0.1923971953959376,0
36606,2011-12-18,0.1751431651752619,0
36607,2011-12-18,0.4990455986531523,1
36608,2011-12-18,0.2914677602485047,1
36609,2011-12-18,0.29804985988039107,0
36610,2011-12-18,0.2683470375319943,0
36611,2011-12-18,0.3608666250654286,0
36612,2011-12-18,0.2944056259947186,0
36613,2011-12-18,0.27412021321388286,1
36614,2011-12-18,0.12959242083457784,0
36615,2011-12-18,0.29575842574489003,0
36616,2011-12-18,0.30627775151574216,0
36617,2011-12-18,0.3078087628764634,1
36618,2011-12-18,0.29489415852943984,0
36619,2011-12-18,0.10993024423565764,0
36620,2011-12-18,0.36779090960673305,0
36621,2011-12-18,0.28258976576884115,0
36622,2011-12-18,0.27747066686016564,0
36623,2011-12-18,0.2907182717372859,0
36624,2011-12-18,0.21850240264322904,0
36625,2011-12-18,0.23232968416652308,0
36626,2011-12-18,0.2078430243610041,0
36627,2011-12-18,0.26411875177061506,0
36628,2011-12-18,0.40746786840107607,0
36629,2011-12-18,0.23068625581209531,0
36630,2011-12-18,0.1583695689936717,0
36631,2011-12-18,0.2563819012787282,0
36632,2011-12-18,0.13917085063255635,0
36633,2011-12-18,0.5178362441026411,1
36634,2011-12-18,0.2872211374362076,0
36635,2011-12-18,0.197223525131327,1
36636,2011-12-18,0.169570669781906,0
36637,2011-12-18,0.2538726234918363,0
36638,2011-12-18,0.36891806301031554,0
36639,2011-12-18,0.15758551805678983,1
36640,2011-12-18,0.17843949727870723,0
36641,2011-12-18,0.27749286701460674,0
36642,2011-12-18,0.17282444437295855,0
36643,2011-12-18,0.11355289195511807,0
36644,2011-12-18,0.3853836144706893,1
36645,2011-12-18,0.24280336474900435,0
36646,2011-12-18,0.43183321449554973,1
36647,2011-12-18,0.3665987737749131,0
36648,2011-12-18,0.30301208869658847,0
36649,2011-12-18,0.38579100092767926,1
36650,2011-12-18,0.3809989673918904,0
36651,2011-12-18,0.4380225704099814,1
36652,2011-12-18,0.22302483939762752,0
36653,2011-12-18,0.12111910409111097,0
36654,2011-12-18,0.22407561676450016,0
36655,2011-12-18,0.22278233569007608,0
36656,2011-12-18,0.3303568231627811,0
36657,2011-12-18,0.4084015402573739,1
36658,2011-12-18,0.22638366771922389,1
36659,2011-12-18,0.177962887360764,0
36660,2011-12-18,0.14123276206552463,0
36661,2011-12-18,0.3569192745648292,0
36662,2011-12-18,0.23702362111712183,0
36663,2011-12-18,0.2372791377090351,0
36664,2011-12-18,0.5824480943089323,0
36665,2011-12-18,0.2528675412951415,0
36666,2011-12-18,0.19877984522093622,0
36667,2011-12-18,0.2566098706308061,0
36668,2011-12-18,0.2672045985745611,0
36669,2011-12-18,0.2045908416426745,0
36670,2011-12-18,0.2415447161307217,0
36671,2011-12-18,0.6663290409577393,0
36672,2011-12-18,0.23913553321941897,0
36673,2011-12-18,0.26161622735703755,0
36674,2011-12-18,0.3100996313589043,1
36675,2011-12-18,0.3354665882868678,0
36676,2011-12-18,0.19290625935173358,0
36677,2011-12-18,0.22120465289681665,0
36678,2011-12-18,0.3226131030633369,1
36679,2011-12-18,0.3078318183779429,0
36680,2011-12-18,0.11845453688571163,0
36681,2011-12-18,0.21193795243926525,0
36682,2011-12-18,0.4476112850621909,0
36683,2011-12-18,0.1672331883048533,0
36684,2011-12-18,0.32992756141267554,0
36685,2011-12-18,0.17925396133213187,0
36686,2011-12-18,0.18067952232293885,0
36687,2011-12-18,0.21058196114364608,0
36688,2011-12-18,0.12329664877414406,0
36689,2011-12-18,0.3409569288223526,0
36690,2011-12-18,0.22773812323028328,0
36691,2011-12-18,0.25696390053288126,0
36692,2011-12-18,0.23909514791795217,0
36693,2011-12-18,0.4878604282532224,0
36694,2011-12-18,0.23193063154106894,0
36695,2011-12-18,0.23880399533132143,0
36696,2011-12-18,0.18536710700688147,0
36697,2011-12-18,0.15609776136887507,1
36698,2011-12-18,0.17488247619224356,0
36699,2011-12-18,0.51682072286263,1
36700,2011-12-18,0.19852721304308227,0
36701,2011-12-18,0.3993069356057004,0
36702,2011-12-18,0.514365668974761,1
36703,2011-12-18,0.11980111895598756,0
36704,2011-12-18,0.16412084219290646,0
36705,2011-12-18,0.2348235201098333,0
36706,2011-12-18,0.43161485141535083,1
36707,2011-12-18,0.24752296610988012,0
36708,2011-12-18,0.4534404593780045,0
36709,2011-12-18,0.20822834040870086,0
36710,2011-12-18,0.37779774981371295,1
36711,2011-12-18,0.29650084160550455,0
36712,2011-12-18,0.21452269401419652,0
36713,2011-12-18,0.3283446555575167,1
36714,2011-12-18,0.21407681575322504,0
36715,2011-12-18,0.2504908700797883,1
36716,2011-12-18,0.33991203109398654,1
36717,2011-12-18,0.1270030914374004,0
36718,2011-12-18,0.31008613920868505,0
36719,2011-12-18,0.30576416126395833,0
36720,2011-12-18,0.20678922760986743,1
36721,2011-12-18,0.260222985574924,0
36722,2011-12-18,0.251370263912826,0
36723,2011-12-18,0.2752495410713125,0
36724,2011-12-18,0.41314118792060145,1
36725,2011-12-18,0.24310697721705907,0
36726,2011-12-18,0.27703504162705417,0
36727,2011-12-18,0.23072096495443675,0
36728,2011-12-18,0.2622487541348598,0
36729,2011-12-18,0.4944976423528074,0
36730,2011-12-18,0.11293121610175441,0
36731,2011-12-18,0.31967741745680683,0
36732,2011-12-18,0.4508193771023024,0
36733,2011-12-18,0.19835253441226935,0
36734,2011-12-18,0.5680362878866682,1
36735,2011-12-18,0.4876666386049357,0
36736,2011-12-18,0.4131790534052942,1
36737,2011-12-18,0.3068494022053697,1
36738,2011-12-18,0.38903958125380456,1
36739,2011-12-18,0.44028898178533377,0
36740,2011-12-18,0.24633216891800153,1
36741,2011-12-18,0.21435099921099093,0
36742,2011-12-18,0.235385373337475,0
36743,2011-12-18,0.3836530630163045,1
36744,2011-12-18,0.25868179347221687,1
36745,2011-12-18,0.34706651907991,1
36746,2011-12-18,0.5399814326028114,1
36747,2011-12-18,0.23536810259493912,0
36748,2011-12-18,0.17950509552178046,0
36749,2011-12-18,0.24984583143332353,1
36750,2011-12-18,0.29073924816827046,1
36751,2011-12-18,0.162062043335972,0
36752,2011-12-18,0.13717488285512047,0
36753,2011-12-18,0.2544766198865127,0
36754,2011-12-18,0.2867265820879873,0
36755,2011-12-18,0.2845063519824047,0
36756,2011-12-18,0.29141461260017626,0
36757,2011-12-18,0.31471834211960925,0
36758,2011-12-18,0.14297750177524493,0
36759,2011-12-18,0.30767617859606433,0
36760,2011-12-18,0.15237327898237402,1
36761,2011-12-18,0.38652381596771385,0
36762,2011-12-18,0.3709344349004713,1
36763,2011-12-18,0.2076636730866428,0
36764,2011-12-18,0.293746323815881,0
36765,2011-12-18,0.2596298997951197,0
36766,2011-12-18,0.3475548393938277,0
36767,2011-12-18,0.13355943894672923,0
36768,2011-12-18,0.1545158418924878,0
36769,2011-12-18,0.3091738674068033,1
36770,2011-12-18,0.17198578463794134,0
36771,2011-12-18,0.20479092102844723,0
36772,2011-12-18,0.2357980355447805,0
36773,2011-12-18,0.2600431337655549,0
36774,2011-12-18,0.2510369156866678,0
36775,2011-12-18,0.2899868307021923,0
36776,2011-12-18,0.254906265834219,1
36777,2011-12-18,0.1279343143828154,0
36778,2011-12-18,0.43666112623269077,0
36779,2011-12-18,0.44320737963370965,0
36780,2011-12-18,0.33002981980257556,0
36781,2011-12-18,0.35743208780155633,1
36782,2011-12-18,0.3731575669432809,0
36783,2011-12-18,0.16261407302103284,0
36784,2011-12-18,0.23703893685832836,0
36785,2011-12-18,0.1556030147567631,0
36786,2011-12-18,0.1458239477978784,0
36787,2011-12-18,0.4079277035252719,0
36788,2011-12-18,0.21755452077791004,0
36789,2011-12-18,0.3467064786365346,0
36790,2011-12-18,0.47763361228173634,0
36791,2011-12-18,0.19960405002818288,0
36792,2011-12-18,0.29578207603057755,0
36793,2011-12-18,0.2666863610854855,0
36794,2011-12-18,0.2384912927127841,0
36795,2011-12-18,0.4310561338269031,0
36796,2011-12-18,0.4015870289217617,0
36797,2011-12-18,0.23733486489421263,0
36798,2011-12-18,0.11013271520716009,0
36799,2011-12-18,0.22395984378923092,0
36800,2011-12-18,0.4226834855253654,1
36801,2011-12-18,0.43209869521793126,1
36802,2011-12-18,0.21983682727096307,0
36803,2011-12-18,0.17588139765147826,0
36804,2011-12-18,0.2027336654333986,1
36805,2011-12-18,0.21008343732395562,0
36806,2011-12-18,0.4537216349628353,0
36807,2011-12-18,0.22511829177911652,1
36808,2011-12-18,0.22162549675898213,0
36809,2011-12-18,0.4286392522544014,1
36810,2011-12-18,0.44247118386259227,0
36811,2011-12-18,0.36270740727120854,1
36812,2011-12-18,0.2349536974972904,0
36813,2011-12-18,0.3807247548121305,1
36814,2011-12-18,0.22364027760769856,0
36815,2011-12-18,0.2839211419658709,0
36816,2011-12-18,0.48472353198134793,0
36817,2011-12-18,0.20795564187556212,0
36818,2011-12-18,0.16457702919276318,1
36819,2011-12-18,0.1518283197271131,0
36820,2011-12-18,0.34834058198600665,1
36821,2011-12-18,0.3695695731720445,0
36822,2011-12-18,0.6337088091916744,0
36823,2011-12-18,0.33424287904888855,1
36824,2011-12-18,0.2048521987664459,0
36825,2011-12-18,0.15282315869461036,0
36826,2011-12-18,0.277078450048403,0
36827,2011-12-18,0.4643398090895237,0
36828,2011-12-18,0.31059490478064045,0
36829,2011-12-18,0.29172718740676534,0
36830,2011-12-18,0.33951203505330385,1
36831,2011-12-18,0.21116089521326045,0
36832,2011-12-18,0.17654555159773455,0
36833,2011-12-18,0.2727958953265176,1
36834,2011-12-18,0.16426470465501164,0
36835,2011-12-18,0.2802339383879326,0
36836,2011-12-18,0.2952488082387314,0
36837,2011-12-18,0.24202876454603378,0
36838,2011-12-18,0.14465450047835338,0
36839,2011-12-18,0.1614649249456177,0
36840,2011-12-18,0.18348294819792438,0
36841,2011-12-18,0.14959559733412864,0
36842,2011-12-18,0.35620848049644876,0
36843,2011-12-18,0.26758674280982375,0
36844,2011-12-18,0.2971198729679668,0
36845,2011-12-18,0.41041374688870713,0
36846,2011-12-18,0.4060902459444286,0
36847,2011-12-18,0.180100198707998,0
36848,2011-12-18,0.2933706433354852,0
36849,2011-12-18,0.20053773284038115,0
36850,2011-12-18,0.2593211976148413,1
36851,2011-12-18,0.43224765938042403,1
36852,2011-12-18,0.3401957362572624,1
36853,2011-12-18,0.2262961368866056,0
36854,2011-12-18,0.32098920724249796,0
36855,2011-12-18,0.3463236045253955,0
36856,2011-12-18,0.28108336835116937,0
36857,2011-12-18,0.17104031599788702,0
36858,2011-12-18,0.43323811205541035,0
36859,2011-12-18,0.3173411982815519,0
36860,2011-12-18,0.25102487597365475,0
36861,2011-12-18,0.15578693978563857,0
36862,2011-12-18,0.22186802636195394,0
36863,2011-12-18,0.15488430573397977,0
36864,2011-12-18,0.22501472623786545,0
36865,2011-12-18,0.3824802853342342,1
36866,2011-12-18,0.17746266311271827,0
36867,2011-12-18,0.2415557036099711,0
36868,2011-12-18,0.12257115799013643,0
36869,2011-12-18,0.2930858343202157,0
36870,2011-12-18,0.23411582937058384,0
36871,2011-12-18,0.2871410009398179,1
36872,2011-12-18,0.2760388720744546,0
36873,2011-12-18,0.2014511406517837,1
36874,2011-12-18,0.17238998908539227,0
36875,2011-12-18,0.35181279394970244,1
36876,2011-12-18,0.24195777284914377,0
36877,2011-12-18,0.22847281529873745,0
36878,2011-12-18,0.2073734697897055,0
36879,2011-12-18,0.1902755022009168,0
36880,2011-12-18,0.45428392524399414,0
36881,2011-12-18,0.20617508026620102,0
36882,2011-12-18,0.12450445046916159,0
36883,2011-12-18,0.24989126382277113,0
36884,2011-12-18,0.2264013286219177,0
36885,2011-12-18,0.3978342789244826,1
36886,2011-12-18,0.2871410009398179,1
36887,2011-12-18,0.4203254514856583,1
36888,2011-12-18,0.16984280802246401,0
36889,2011-12-18,0.4625677644270061,0
36890,2011-12-18,0.1860435285335394,0
36891,2011-12-18,0.4199561352150141,0
36892,2011-12-18,0.26450782386126453,0
36893,2011-12-18,0.2454925354107404,0
36894,2011-12-18,0.35600074368551266,0
36895,2011-12-18,0.24514829313771663,0
36896,2011-12-18,0.39168120121631944,1
36897,2011-12-18,0.2362866594804349,0
36898,2011-12-18,0.1980222160244471,0
36899,2011-12-18,0.20820903681091835,1
36900,2011-12-18,0.1897765168329763,0
36901,2011-12-18,0.3561939274960106,0
36902,2011-12-18,0.20418196424366364,0
36903,2011-12-18,0.18298103117184034,0
36904,2011-12-18,0.19426638449871683,0
36905,2011-12-18,0.2947750101516001,0
36906,2011-12-18,0.24467745342967542,1
36907,2011-12-18,0.14924233966699255,0
36908,2011-12-18,0.1671432914640807,0
36909,2011-12-18,0.29265169089254184,1
36910,2011-12-18,0.15362304617079506,0
36911,2011-12-18,0.29632288590945793,0
36912,2011-12-18,0.20358422228498063,0
36913,2011-12-18,0.32488553987864943,0
36914,2011-12-18,0.2338327424091519,0
36915,2011-12-18,0.18669177403111145,0
36916,2011-12-18,0.14614403903137,0
36917,2011-12-18,0.2395408947192115,0
36918,2011-12-18,0.18915250387506957,0
36919,2011-12-18,0.2750031663050094,1
36920,2011-12-18,0.28439462142585525,0
36921,2011-12-18,0.2979176514881379,0
36922,2011-12-18,0.16072042142840606,0
36923,2011-12-18,0.21307819358433383,0
36924,2011-12-18,0.1598369927474702,0
36925,2011-12-18,0.2608268591151749,0
36926,2011-12-18,0.21915069175707524,0
36927,2011-12-18,0.2726701520660597,1
36928,2011-12-18,0.21364037086509108,0
36929,2011-12-18,0.2555174202721973,0
36930,2011-12-18,0.2644785450681934,0
36931,2011-12-18,0.22915130724635638,0
36932,2011-12-18,0.4731789438837199,1
36933,2011-12-18,0.448534143919243,0
36934,2011-12-18,0.5016452267371522,1
36935,2011-12-18,0.3137427237078495,0
36936,2011-12-18,0.2990173739418884,0
36937,2011-12-18,0.20872494275757003,1
36938,2011-12-18,0.17758085526558864,0
36939,2011-12-18,0.22903171665924502,0
36940,2011-12-18,0.2898696413999904,0
36941,2011-12-18,0.1988796309376238,0
36942,2011-12-18,0.24285767394609623,0
36943,2011-12-18,0.1643869525960248,0
36944,2011-12-18,0.10433285441452593,0
36945,2011-12-18,0.21057491952078372,0
36946,2011-12-18,0.18854494729777246,0
36947,2011-12-18,0.6288943529309085,0
36948,2011-12-18,0.3447213153029774,0
36949,2011-12-18,0.14800722958109921,0
36950,2011-12-18,0.12056095083632266,0
36951,2011-12-18,0.4955658749691361,1
36952,2011-12-18,0.2950486423163817,1
36953,2011-12-18,0.42013088255071335,0
36954,2011-12-18,0.2694298286689328,0
36955,2011-12-18,0.3197358062077337,0
36956,2011-12-18,0.2367589589151205,0
36957,2011-12-18,0.1674151164026142,0
36958,2011-12-18,0.3607872228592619,1
36959,2011-12-18,0.17640769444462903,1
36960,2011-12-18,0.27000178178585976,0
36961,2011-12-18,0.26312946106269297,0
36962,2011-12-18,0.15293159825367014,0
36963,2011-12-18,0.2406912077159011,1
36964,2011-12-18,0.2369944868527962,0
36965,2011-12-18,0.21469766987866873,0
36966,2011-12-18,0.3141010796233541,0
36967,2011-12-18,0.5972913491039912,0
36968,2011-12-18,0.33555891669204985,0
36969,2011-12-18,0.39468593461114726,0
36970,2011-12-18,0.2729280384338347,0
36971,2011-12-18,0.2224917106201494,0
36972,2011-12-18,0.20914776106843463,0
36973,2011-12-18,0.1621700671434345,0
36974,2011-12-18,0.28202390981493963,1
36975,2011-12-18,0.42262390777651515,1
36976,2011-12-18,0.38898421030289465,1
36977,2011-12-18,0.2423474771561621,0
36978,2011-12-18,0.45508402775694634,1
36979,2011-12-18,0.24636492457325335,0
36980,2011-12-18,0.21243832420937914,0
36981,2011-12-18,0.48554757014080446,1
36982,2011-12-18,0.4293605623838274,1
36983,2011-12-18,0.6366871452974142,1
36984,2011-12-18,0.2861310144015969,0
36985,2011-12-18,0.3237102248943645,0
36986,2011-12-18,0.1716499710629027,0
36987,2011-12-18,0.12930731187742275,0
36988,2011-12-18,0.2868703150407975,0
36989,2011-12-18,0.35386240479173386,1
36990,2011-12-18,0.20362588074993238,0
36991,2011-12-18,0.2959425771650385,0
36992,2011-12-18,0.333287862031936,1
36993,2011-12-18,0.20508682951418142,0
36994,2011-12-18,0.15286026199072622,0
36995,2011-12-18,0.548219787457698,1
36996,2011-12-18,0.1527416758473959,0
36997,2011-12-18,0.21785159047359315,1
36998,2011-12-18,0.3978922012228743,1
36999,2011-12-18,0.12533633996798332,0
37000,2011-12-18,0.30407227855609176,0
37001,2011-12-18,0.2634784643494301,0
37002,2011-12-18,0.23398360683068148,0
37003,2011-12-18,0.3701343477027441,0
37004,2011-12-18,0.22395097742447098,0
37005,2011-12-18,0.19703850190817906,0
37006,2011-12-18,0.206104939302997,0
37007,2011-12-18,0.18908581403895863,0
37008,2011-12-18,0.32325506710156443,1
37009,2011-12-18,0.2815046195973252,0
37010,2011-12-18,0.2655236225330994,0
37011,2011-12-18,0.11355210351160257,0
37012,2011-12-18,0.4201981225395622,0
37013,2011-12-18,0.12439070911887024,0
37014,2011-12-18,0.16748770384727904,1
37015,2011-12-18,0.2573308050542785,0
37016,2011-12-18,0.31097297638801324,0
37017,2011-12-18,0.17113233344081957,0
37018,2011-12-18,0.21142953270178344,0
37019,2011-12-18,0.13583776450377483,0
37020,2011-12-18,0.3425235159672216,0
37021,2011-12-18,0.31372473151340374,0
37022,2011-12-18,0.40131431947150337,0
37023,2011-12-18,0.20902299267221955,1
37024,2011-12-18,0.22237688991462998,0
37025,2011-12-18,0.3294486677760022,1
37026,2011-12-18,0.1730599626256705,1
37027,2011-12-18,0.2448751569244416,0
37028,2011-12-18,0.38311712753199595,0
37029,2011-12-18,0.1365784242929846,0
37030,2011-12-18,0.19927933042172205,0
37031,2011-12-18,0.22161585147262777,0
37032,2011-12-18,0.18713251084738572,0
37033,2011-12-18,0.32524521484093805,0
37034,2011-12-18,0.15045592892558082,0
37035,2011-12-18,0.1963220188766716,0
37036,2011-12-18,0.38104159004677235,0
37037,2011-12-18,0.37807231696034493,1
37038,2011-12-18,0.43176153892004193,0
37039,2011-12-18,0.14054647005187176,0
37040,2011-12-18,0.24171779864253112,0
37041,2011-12-18,0.23204517411026493,0
37042,2011-12-18,0.24074480968307002,0
37043,2011-12-18,0.20737748856550572,0
37044,2011-12-18,0.45375702214964997,1
37045,2011-12-18,0.37420200955685623,1
37046,2011-12-18,0.30774023924008675,0
37047,2011-12-18,0.25906213445005416,0
37048,2011-12-18,0.33741132489356923,0
37049,2011-12-18,0.19998306297261784,0
37050,2011-12-18,0.43424597130679143,0
37051,2011-12-18,0.2983099227882879,0
37052,2011-12-18,0.35221842792158314,0
37053,2011-12-18,0.16665934183127715,0
37054,2011-12-18,0.2325503242049522,1
37055,2011-12-18,0.4254372169346786,0
37056,2011-12-18,0.6020429849339919,1
37057,2011-12-18,0.3118022525761918,1
37058,2011-12-18,0.33483736100506695,0
37059,2011-12-18,0.29584933102013333,0
37060,2011-12-18,0.3906030315103361,1
37061,2011-12-18,0.12301987728070324,0
37062,2011-12-18,0.3043951471745229,1
37063,2011-12-18,0.19556952878577927,0
37064,2011-12-18,0.5320106615604455,0
37065,2011-12-18,0.33753720450148206,0
37066,2011-12-18,0.20257794912804622,0
37067,2011-12-18,0.433025680263758,0
37068,2011-12-18,0.27463526324213305,1
37069,2011-12-18,0.24914722776555231,1
37070,2011-12-18,0.367903548674851,0
37071,2011-12-18,0.1441233831728861,0
37072,2011-12-18,0.19680616970239326,0
37073,2011-12-18,0.30204371217746656,0
37074,2011-12-18,0.3256597163683808,1
37075,2011-12-18,0.14082238370674988,0
37076,2011-12-18,0.28904130242343296,1
37077,2011-12-18,0.17234682830832326,0
37078,2011-12-18,0.14605351921578028,1
37079,2011-12-18,0.2498011176813551,0
37080,2011-12-18,0.4509677802499186,0
37081,2011-12-18,0.29024109477729715,0
37082,2011-12-18,0.5590343303032546,1
37083,2011-12-18,0.3083254789051168,0
37084,2011-12-18,0.33290545095999036,0
37085,2011-12-18,0.33642755169562877,0
37086,2011-12-18,0.2603685621141878,0
37087,2011-12-18,0.22226038401075934,0
37088,2011-12-18,0.34713932073452075,0
37089,2011-12-18,0.29966015568131066,0
37090,2011-12-18,0.22468716440207087,1
37091,2011-12-18,0.2382092964778968,0
37092,2011-12-18,0.17757235635220306,0
37093,2011-12-18,0.20487983230146925,1
37094,2011-12-18,0.14480891127001216,0
37095,2011-12-18,0.3194349857318245,0
37096,2011-12-18,0.20929075243467674,0
37097,2011-12-18,0.19571638340832348,1
37098,2011-12-18,0.35332699191522204,0
37099,2011-12-19,0.3157557264486436,1
37100,2011-12-19,0.22780596521470658,0
37101,2011-12-19,0.19856497594016728,0
37102,2011-12-19,0.347487569509167,1
37103,2011-12-19,0.5157520891735964,0
37104,2011-12-19,0.23591857201492963,0
37105,2011-12-19,0.20153860774609558,0
37106,2011-12-19,0.28247381540810157,1
37107,2011-12-19,0.1729382654814216,0
37108,2011-12-19,0.19060829493354714,0
37109,2011-12-19,0.34288494075128995,1
37110,2011-12-19,0.30314927874430075,0
37111,2011-12-19,0.33828327347897486,0
37112,2011-12-19,0.38828138788861,1
37113,2011-12-19,0.1997521929807383,0
37114,2011-12-19,0.30376385979729964,1
37115,2011-12-19,0.24518342501517668,0
37116,2011-12-19,0.33910740528984573,0
37117,2011-12-19,0.6433504926972082,1
37118,2011-12-19,0.33691620329949157,1
37119,2011-12-19,0.18366279385491158,0
37120,2011-12-19,0.4309428974000368,1
37121,2011-12-19,0.16687300027579008,0
37122,2011-12-19,0.1561016579903496,0
37123,2011-12-19,0.27952159733496224,0
37124,2011-12-19,0.3798161600869747,0
37125,2011-12-19,0.4343164979741397,0
37126,2011-12-19,0.2952014177181146,1
37127,2011-12-19,0.5507404841205403,0
37128,2011-12-19,0.2888125007022882,0
37129,2011-12-19,0.3681844108091246,0
37130,2011-12-19,0.16944472326549512,0
37131,2011-12-19,0.33317575684200185,0
37132,2011-12-19,0.1624918450758881,0
37133,2011-12-19,0.36783645921523894,1
37134,2011-12-19,0.23222515386749984,0
37135,2011-12-19,0.4943028868701438,0
37136,2011-12-19,0.40701165758597624,1
37137,2011-12-19,0.25042429270148764,1
37138,2011-12-19,0.12317832201775301,0
37139,2011-12-19,0.2634451587616021,0
37140,2011-12-19,0.2927873800034779,0
37141,2011-12-19,0.3280087627383502,1
37142,2011-12-19,0.19087844734327875,0
37143,2011-12-19,0.36140782260456394,0
37144,2011-12-19,0.35226652410491693,1
37145,2011-12-19,0.1460879625693004,0
37146,2011-12-19,0.1355801244913603,0
37147,2011-12-19,0.31167634300060665,0
37148,2011-12-19,0.46102590035288626,0
37149,2011-12-19,0.20980661479852752,1
37150,2011-12-19,0.1236766467082254,0
37151,2011-12-19,0.46494435120295835,1
37152,2011-12-19,0.45029259083367457,1
37153,2011-12-19,0.17853432024597932,0
37154,2011-12-19,0.4103813747756961,0
37155,2011-12-19,0.24030890053396248,0
37156,2011-12-19,0.1367856053677397,0
37157,2011-12-19,0.31492001287135474,0
37158,2011-12-19,0.3083606041891211,0
37159,2011-12-19,0.2242519447802722,0
37160,2011-12-19,0.20536873422184465,0
37161,2011-12-19,0.3339375142255083,0
37162,2011-12-19,0.31473211737935264,0
37163,2011-12-19,0.19241897473104166,1
37164,2011-12-19,0.23357884453906322,0
37165,2011-12-19,0.19823300314503403,0
37166,2011-12-19,0.15362919398384425,0
37167,2011-12-19,0.11846042121286517,0
37168,2011-12-19,0.42571283881711125,1
37169,2011-12-19,0.18407309581578707,0
37170,2011-12-19,0.329593344952618,1
37171,2011-12-19,0.1806040974404308,1
37172,2011-12-19,0.4257388184746342,1
37173,2011-12-19,0.2672639101070706,0
37174,2011-12-19,0.3333578492593518,1
37175,2011-12-19,0.26379456913886734,0
37176,2011-12-19,0.23472642803295599,0
37177,2011-12-19,0.22347831212363556,0
37178,2011-12-19,0.1495714275496549,1
37179,2011-12-19,0.17619454853695243,0
37180,2011-12-19,0.27314167416087975,0
37181,2011-12-19,0.3337076247583713,0
37182,2011-12-19,0.411692358636938,1
37183,2011-12-19,0.23056604568488182,0
37184,2011-12-19,0.30980425009557083,0
37185,2011-12-19,0.4459635632281085,0
37186,2011-12-19,0.18766386158435772,0
37187,2011-12-19,0.16960812605919756,1
37188,2011-12-19,0.1891001049677334,0
37189,2011-12-19,0.17619454853695243,0
37190,2011-12-19,0.23379088398411974,1
37191,2011-12-19,0.4323239890342044,1
37192,2011-12-19,0.45325736040736936,1
37193,2011-12-19,0.1826301311529052,0
37194,2011-12-19,0.14470345575538904,0
37195,2011-12-19,0.45848645986130293,1
37196,2011-12-19,0.3314110197319232,0
37197,2011-12-19,0.12228832162772009,0
37198,2011-12-19,0.41730363857434755,0
37199,2011-12-19,0.262019473279107,0
37200,2011-12-19,0.1924509322504958,0
37201,2011-12-19,0.18220783708325342,0
37202,2011-12-19,0.27593622620063607,1
37203,2011-12-19,0.25042552468087403,0
37204,2011-12-19,0.3619083368168826,0
37205,2011-12-19,0.4731614321873367,0
37206,2011-12-19,0.3898563350954527,1
37207,2011-12-19,0.34247034559907585,0
37208,2011-12-19,0.16361271639694316,0
37209,2011-12-19,0.20284677247263422,0
37210,2011-12-19,0.16591273596234332,0
37211,2011-12-19,0.29642181207537216,0
37212,2011-12-19,0.41906104964077984,0
37213,2011-12-19,0.3162923486761177,0
37214,2011-12-19,0.3102505121014195,0
37215,2011-12-19,0.273821240860996,1
37216,2011-12-19,0.4334411343509317,0
37217,2011-12-19,0.23644002176714157,0
37218,2011-12-19,0.3172602730618154,0
37219,2011-12-19,0.13886844578214377,0
37220,2011-12-19,0.2912309504190475,0
37221,2011-12-19,0.2957099917416658,0
37222,2011-12-19,0.32758611754001754,0
37223,2011-12-19,0.27419147441613073,0
37224,2011-12-19,0.27759316842432163,0
37225,2011-12-19,0.22312621296644125,0
37226,2011-12-19,0.17223254466440985,0
37227,2011-12-19,0.16471819415854747,0
37228,2011-12-19,0.34479224252446217,0
37229,2011-12-19,0.17172433295088274,0
37230,2011-12-19,0.2063300498879513,0
37231,2011-12-19,0.24240186131606714,1
37232,2011-12-19,0.3781752790665957,0
37233,2011-12-19,0.13807236740472129,0
37234,2011-12-19,0.24999200096643112,0
37235,2011-12-19,0.33451678746368774,0
37236,2011-12-19,0.21479822996290848,0
37237,2011-12-19,0.44840648015661594,1
37238,2011-12-19,0.3027107405316099,0
37239,2011-12-19,0.33686186286878606,1
37240,2011-12-19,0.33919404382588547,0
37241,2011-12-19,0.23228320236495373,0
37242,2011-12-19,0.4031667182192213,0
37243,2011-12-19,0.21477972389839417,0
37244,2011-12-19,0.30811389651283744,0
37245,2011-12-19,0.25114225436902105,0
37246,2011-12-19,0.2509726884857256,0
37247,2011-12-19,0.22760573054611202,0
37248,2011-12-19,0.22210633528211424,0
37249,2011-12-19,0.17928239711066526,0
37250,2011-12-19,0.27215556348641246,0
37251,2011-12-19,0.23550025347429757,0
37252,2011-12-19,0.41053106487348345,1
37253,2011-12-19,0.14814724698782655,0
37254,2011-12-19,0.1036458759143641,0
37255,2011-12-19,0.22354204527929583,0
37256,2011-12-19,0.2585501154244312,0
37257,2011-12-19,0.4615426303781947,0
37258,2011-12-19,0.34304062701909666,0
37259,2011-12-19,0.25584169551744307,0
37260,2011-12-19,0.30886987116169823,0
37261,2011-12-19,0.12862464905733084,0
37262,2011-12-19,0.26393958044434696,0
37263,2011-12-19,0.1267331398674177,0
37264,2011-12-19,0.5059175380355061,1
37265,2011-12-19,0.24062500743757398,0
37266,2011-12-19,0.24480224816752763,0
37267,2011-12-19,0.2731553052842397,0
37268,2011-12-19,0.4167273380479223,0
37269,2011-12-19,0.2239086449541247,0
37270,2011-12-19,0.31088081122248123,0
37271,2011-12-19,0.2875356853626147,0
37272,2011-12-19,0.2778870013420776,0
37273,2011-12-19,0.19806147615312786,1
37274,2011-12-19,0.3044038972969095,0
37275,2011-12-19,0.28226457586059645,0
37276,2011-12-19,0.36034459102139005,0
37277,2011-12-19,0.39850300713372994,0
37278,2011-12-19,0.1444264130971211,0
37279,2011-12-19,0.20917433568429547,0
37280,2011-12-19,0.28434790141118016,0
37281,2011-12-19,0.4420549130115383,0
37282,2011-12-19,0.20707125410044147,0
37283,2011-12-19,0.2833105089767564,1
37284,2011-12-19,0.45116907933909095,1
37285,2011-12-19,0.20173059628047618,0
37286,2011-12-19,0.26450566773936873,1
37287,2011-12-19,0.3413410450465306,1
37288,2011-12-19,0.5834121427473687,1
37289,2011-12-19,0.232177030647849,0
37290,2011-12-19,0.3788496344524643,0
37291,2011-12-19,0.18049153162627993,0
37292,2011-12-19,0.2829232324303089,0
37293,2011-12-19,0.6769765085543353,0
37294,2011-12-19,0.21229277469346858,0
37295,2011-12-19,0.3647831282496708,0
37296,2011-12-19,0.42790210904721737,1
37297,2011-12-19,0.2334708900658126,0
37298,2011-12-19,0.265677485824618,1
37299,2011-12-19,0.2183241146302076,0
37300,2011-12-19,0.1933828903157737,0
37301,2011-12-19,0.22759268567405933,1
37302,2011-12-19,0.31585974877150846,0
37303,2011-12-19,0.24648812283817137,0
37304,2011-12-19,0.1838761376740773,0
37305,2011-12-19,0.3360559482360984,1
37306,2011-12-19,0.4547399561255605,0
37307,2011-12-19,0.17115809617421002,0
37308,2011-12-19,0.1299739147744508,0
37309,2011-12-19,0.15815131149842754,0
37310,2011-12-19,0.4817599825729704,1
37311,2011-12-19,0.26988309254881926,0
37312,2011-12-19,0.540775892957212,0
37313,2011-12-19,0.21266979106179779,0
37314,2011-12-19,0.3050566360354925,0
37315,2011-12-19,0.34042088252436303,0
37316,2011-12-19,0.35888982917314494,1
37317,2011-12-19,0.36619199420566073,1
37318,2011-12-19,0.3617394879095944,0
37319,2011-12-19,0.19421442526970562,0
37320,2011-12-19,0.5334378519429752,0
37321,2011-12-19,0.4604424878444376,0
37322,2011-12-19,0.4562744406852113,0
37323,2011-12-19,0.40245513964169055,0
37324,2011-12-19,0.21928598183155304,0
37325,2011-12-19,0.19012016488714334,0
37326,2011-12-19,0.361261034508603,1
37327,2011-12-19,0.3343269493020734,0
37328,2011-12-19,0.37352357067552,1
37329,2011-12-19,0.3006203924140901,0
37330,2011-12-19,0.19658131709010096,0
37331,2011-12-19,0.2809469031746007,0
37332,2011-12-19,0.2547559408243141,0
37333,2011-12-19,0.2084853071220496,0
37334,2011-12-19,0.41216988364165597,1
37335,2011-12-19,0.45109179343341627,0
37336,2011-12-19,0.48054674749797327,1
37337,2011-12-19,0.3399523060895692,1
37338,2011-12-19,0.22872874772506208,0
37339,2011-12-19,0.24081163640967182,1
37340,2011-12-19,0.3014951123025467,1
37341,2011-12-19,0.2829286334020798,0
37342,2011-12-19,0.2049750235817471,1
37343,2011-12-19,0.14172595849098987,0
37344,2011-12-19,0.3523485249075031,0
37345,2011-12-19,0.44978259389676534,0
37346,2011-12-19,0.21171182047628917,0
37347,2011-12-19,0.20166759006773682,0
37348,2011-12-19,0.24212099266168122,0
37349,2011-12-19,0.40409945845665973,0
37350,2011-12-19,0.21469842771720823,0
37351,2011-12-19,0.6244152629454509,0
37352,2011-12-19,0.33711602718042977,0
37353,2011-12-19,0.25143550737962844,1
37354,2011-12-19,0.22173206088391084,0
37355,2011-12-19,0.118047218430289,0
37356,2011-12-19,0.31231929846439294,1
37357,2011-12-19,0.15370217339253706,0
37358,2011-12-19,0.380787579855993,0
37359,2011-12-19,0.30652922753255557,0
37360,2011-12-19,0.20288645708527844,0
37361,2011-12-19,0.22167953234251844,0
37362,2011-12-19,0.2739563493942985,0
37363,2011-12-19,0.21778644824271884,0
37364,2011-12-19,0.19647419936380453,0
37365,2011-12-19,0.3900149767849005,1
37366,2011-12-19,0.36230270084950816,1
37367,2011-12-19,0.3759879182650365,1
37368,2011-12-19,0.4459175846071978,0
37369,2011-12-19,0.2574280651894908,1
37370,2011-12-19,0.38551628683816136,1
37371,2011-12-19,0.14102474772538273,0
37372,2011-12-19,0.21605878181945729,1
37373,2011-12-19,0.2677554438789819,0
37374,2011-12-19,0.20776806579805523,0
37375,2011-12-19,0.29241497303465286,0
37376,2011-12-19,0.24515078045392497,0
37377,2011-12-19,0.18441164473196714,0
37378,2011-12-19,0.1460433059547721,0
37379,2011-12-19,0.3191140844963303,1
37380,2011-12-19,0.28095359567338346,0
37381,2011-12-19,0.25571863421320795,0
37382,2011-12-19,0.3689739636581853,0
37383,2011-12-19,0.3298082083957132,0
37384,2011-12-19,0.20274370918329102,0
37385,2011-12-19,0.13152160342208202,0
37386,2011-12-19,0.41922378019109163,0
37387,2011-12-19,0.32559358749471107,1
37388,2011-12-19,0.2165390921781176,1
37389,2011-12-19,0.2810813939544744,0
37390,2011-12-19,0.1470580676329198,0
37391,2011-12-19,0.4840437227493955,1
37392,2011-12-19,0.29810150469172747,0
37393,2011-12-19,0.12170817451242227,0
37394,2011-12-19,0.5101063932463569,1
37395,2011-12-19,0.15044076553164956,0
37396,2011-12-19,0.23456244544411575,0
37397,2011-12-19,0.3300021158482209,0
37398,2011-12-19,0.27269237417208103,0
37399,2011-12-19,0.13999540587231343,0
37400,2011-12-19,0.14836370510186483,0
37401,2011-12-19,0.23562443619479984,0
37402,2011-12-19,0.38829155405014343,0
37403,2011-12-19,0.2175402377452766,0
37404,2011-12-19,0.24817018275756342,0
37405,2011-12-19,0.1918141933534807,1
37406,2011-12-19,0.2364456087374142,0
37407,2011-12-19,0.2570545290282371,0
37408,2011-12-19,0.13025842180314176,0
37409,2011-12-19,0.4415237982246596,0
37410,2011-12-19,0.16816688311983682,0
37411,2011-12-19,0.3003147011665536,0
37412,2011-12-19,0.2411350781256604,0
37413,2011-12-19,0.3028500463163043,0
37414,2011-12-19,0.3350342959470449,0
37415,2011-12-19,0.1542452920742663,0
37416,2011-12-19,0.15549933314874181,0
37417,2011-12-19,0.48799710138000585,1
37418,2011-12-19,0.33592861780886213,1
37419,2011-12-19,0.1457232688943168,0
37420,2011-12-19,0.2520472807124892,0
37421,2011-12-19,0.3379919788357218,1
37422,2011-12-19,0.30812597242511713,0
37423,2011-12-19,0.34784942921180695,0
37424,2011-12-19,0.3688211253572266,0
37425,2011-12-19,0.28992230867538993,0
37426,2011-12-19,0.32718543824538504,0
37427,2011-12-19,0.4833669141553952,1
37428,2011-12-19,0.21394496815775152,0
37429,2011-12-19,0.18149353640023674,0
37430,2011-12-19,0.36186896467713187,1
37431,2011-12-19,0.18286562560825023,0
37432,2011-12-19,0.23832207967483987,0
37433,2011-12-19,0.26201803552953623,0
37434,2011-12-19,0.16333477841696134,0
37435,2011-12-19,0.33281981972016733,1
37436,2011-12-19,0.32607696806881786,0
37437,2011-12-19,0.2665153091751818,0
37438,2011-12-19,0.2850488684774762,0
37439,2011-12-19,0.32974417975338094,0
37440,2011-12-19,0.23094122411603604,0
37441,2011-12-19,0.4602182979352364,0
37442,2011-12-19,0.1276949590130463,0
37443,2011-12-19,0.45126313368714566,0
37444,2011-12-19,0.2919788321277635,0
37445,2011-12-19,0.2881913180440407,0
37446,2011-12-19,0.2256954462533978,0
37447,2011-12-19,0.16405477357952572,0
37448,2011-12-19,0.2996211302906592,1
37449,2011-12-19,0.17356198379142018,0
37450,2011-12-19,0.17423848806658307,0
37451,2011-12-19,0.4398329779521964,1
37452,2011-12-19,0.3557313939182262,0
37453,2011-12-19,0.13976860415360534,0
37454,2011-12-19,0.19299689885910506,0
37455,2011-12-19,0.25063362313589777,1
37456,2011-12-19,0.5144641392824083,1
37457,2011-12-19,0.4680437993002973,1
37458,2011-12-19,0.2846001326976775,0
37459,2011-12-19,0.2198179720924285,1
37460,2011-12-19,0.22681125396273846,1
37461,2011-12-19,0.28804555482769695,0
37462,2011-12-19,0.20945987530865096,1
37463,2011-12-19,0.5246659573910687,1
37464,2011-12-19,0.27548570717505183,0
37465,2011-12-19,0.24675127418460624,0
37466,2011-12-19,0.15507115717328515,0
37467,2011-12-19,0.32420576510808463,0
37468,2011-12-19,0.17564585517934472,0
37469,2011-12-19,0.27312458878630164,0
37470,2011-12-19,0.42228394871300756,1
37471,2011-12-19,0.24568424485228713,0
37472,2011-12-19,0.2254690590773751,0
37473,2011-12-19,0.2883160667093773,0
37474,2011-12-19,0.2705932247531077,0
37475,2011-12-19,0.3120601454634371,0
37476,2011-12-19,0.3168451162546053,0
37477,2011-12-19,0.3695823201182583,0
37478,2011-12-19,0.4747452052296633,0
37479,2011-12-19,0.13643974203240666,0
37480,2011-12-19,0.6340603084188094,1
37481,2011-12-19,0.37843491348922365,1
37482,2011-12-19,0.2787852730551444,0
37483,2011-12-19,0.3021502745976753,0
37484,2011-12-19,0.3769860067920133,0
37485,2011-12-19,0.37613549856454126,0
37486,2011-12-19,0.607540969231733,1
37487,2011-12-19,0.220067779866935,0
37488,2011-12-19,0.20383603792437868,0
37489,2011-12-19,0.15563499181577223,0
37490,2011-12-19,0.19702161368966545,0
37491,2011-12-19,0.1384258266397716,0
37492,2011-12-19,0.19795485765841475,0
37493,2011-12-19,0.22375866557062465,0
37494,2011-12-19,0.308228188140461,0
37495,2011-12-19,0.26625691020186676,0
37496,2011-12-19,0.39155838630847345,0
37497,2011-12-19,0.23616113528219831,0
37498,2011-12-19,0.36768775683540605,1
37499,2011-12-19,0.12390407551409464,0
37500,2011-12-19,0.27721781128002254,0
37501,2011-12-19,0.21882135027514296,0
37502,2011-12-19,0.1348093628898278,0
37503,2011-12-19,0.3389190437075265,0
37504,2011-12-19,0.3587869126462089,0
37505,2011-12-19,0.17087571303690313,0
37506,2011-12-19,0.29830280571976964,0
37507,2011-12-19,0.18145878477699437,0
37508,2011-12-19,0.5071708842259152,0
37509,2011-12-19,0.40373580857842806,0
37510,2011-12-19,0.33735168899581786,0
37511,2011-12-19,0.18960399509634523,0
37512,2011-12-19,0.25393325224019003,0
37513,2011-12-19,0.23110087971583534,0
37514,2011-12-19,0.31062943008417926,0
37515,2011-12-19,0.29992203797870304,1
37516,2011-12-19,0.18041855048628333,0
37517,2011-12-19,0.21889765396084376,1
37518,2011-12-19,0.18370918073324788,1
37519,2011-12-19,0.24739135751858737,1
37520,2011-12-19,0.3090045151811994,0
37521,2011-12-19,0.1603674202567362,0
37522,2011-12-19,0.4441629897633729,0
37523,2011-12-19,0.29361800739007166,1
37524,2011-12-19,0.19439581440282086,0
37525,2011-12-19,0.6206191168321137,1
37526,2011-12-19,0.34062490012613417,0
37527,2011-12-19,0.3906755300427754,0
37528,2011-12-19,0.25437956596281514,1
37529,2011-12-19,0.2840456738365302,1
37530,2011-12-19,0.13078937128916515,0
37531,2011-12-19,0.34041511964817955,0
37532,2011-12-19,0.2694809531512986,0
37533,2011-12-19,0.23375917976885535,0
37534,2011-12-19,0.18078125343832133,0
37535,2011-12-19,0.24102665665531522,0
37536,2011-12-19,0.2593770042691326,0
37537,2011-12-19,0.3056596399011575,0
37538,2011-12-19,0.4671538985525256,0
37539,2011-12-19,0.32962966639749147,1
37540,2011-12-19,0.19163823608722572,0
37541,2011-12-19,0.29863442066926454,0
37542,2011-12-19,0.29466871713041215,0
37543,2011-12-19,0.5705161233024288,1
37544,2011-12-19,0.27012700334418027,1
37545,2011-12-19,0.2696768088307065,1
37546,2011-12-19,0.2566770146743762,1
37547,2011-12-19,0.288814058523775,0
37548,2011-12-19,0.32570041010996015,0
37549,2011-12-19,0.22545426077384847,0
37550,2011-12-19,0.21241277416364202,0
37551,2011-12-19,0.29868640410997044,0
37552,2011-12-19,0.27399697837840303,0
37553,2011-12-19,0.3712762008839422,0
37554,2011-12-19,0.2142603385547011,0
37555,2011-12-19,0.24506318168833288,0
37556,2011-12-19,0.23641793597497815,0
37557,2011-12-19,0.2654828050070151,1
37558,2011-12-19,0.2345619385306873,0
37559,2011-12-19,0.1347107291281863,0
37560,2011-12-19,0.42410041849345864,0
37561,2011-12-19,0.297677648761539,0
37562,2011-12-19,0.2741026129798344,0
37563,2011-12-19,0.1712695985749095,0
37564,2011-12-19,0.5015115915820383,1
37565,2011-12-19,0.14867789170560142,0
37566,2011-12-19,0.14429169199349368,0
37567,2011-12-19,0.3602761394425519,0
37568,2011-12-19,0.26078529158967956,0
37569,2011-12-19,0.14416368034715626,0
37570,2011-12-19,0.4046333566220283,1
37571,2011-12-19,0.25634791801130874,0
37572,2011-12-19,0.4118595419419784,1
37573,2011-12-19,0.18265396241794157,0
37574,2011-12-19,0.19733027341715226,0
37575,2011-12-19,0.32963977331332184,0
37576,2011-12-19,0.3019659324438025,0
37577,2011-12-19,0.23533144431430625,0
37578,2011-12-19,0.23021643908066194,0
37579,2011-12-19,0.22784760546722088,0
37580,2011-12-19,0.17686135543568288,0
37581,2011-12-19,0.1305124826496884,0
37582,2011-12-20,0.25762475770642673,0
37583,2011-12-20,0.25260377498809183,0
37584,2011-12-20,0.18603504793902853,0
37585,2011-12-20,0.19530731210900262,0
37586,2011-12-20,0.2806278881563208,0
37587,2011-12-20,0.1221507807054181,0
37588,2011-12-20,0.13582853085937963,0
37589,2011-12-20,0.32665548211341516,0
37590,2011-12-20,0.4755371990741229,1
37591,2011-12-20,0.37468567498275984,0
37592,2011-12-20,0.3340355618622355,0
37593,2011-12-20,0.15725345022224535,0
37594,2011-12-20,0.2048113458012064,0
37595,2011-12-20,0.21082302390053126,0
37596,2011-12-20,0.17937283827380998,1
37597,2011-12-20,0.36592155749626787,0
37598,2011-12-20,0.2600568210728344,1
37599,2011-12-20,0.19053692118557944,0
37600,2011-12-20,0.30541592689114333,0
37601,2011-12-20,0.24312250072003536,1
37602,2011-12-20,0.5153170436429033,0
37603,2011-12-20,0.38542936447198745,0
37604,2011-12-20,0.17689095504842936,0
37605,2011-12-20,0.4462336587235475,1
37606,2011-12-20,0.17377085001691533,1
37607,2011-12-20,0.22193495311895517,0
37608,2011-12-20,0.5282088923661715,1
37609,2011-12-20,0.29018529732909626,0
37610,2011-12-20,0.3744669301578503,0
37611,2011-12-20,0.3028700409856434,0
37612,2011-12-20,0.3182521477001889,1
37613,2011-12-20,0.20698693878532035,0
37614,2011-12-20,0.17119845125883187,0
37615,2011-12-20,0.3008320621309557,0
37616,2011-12-20,0.24561013288612718,1
37617,2011-12-20,0.1832984854792315,0
37618,2011-12-20,0.27141602474711796,0
37619,2011-12-20,0.31366052837685665,1
37620,2011-12-20,0.1249027263997202,0
37621,2011-12-20,0.30068746545304653,1
37622,2011-12-20,0.0876792886483204,0
37623,2011-12-20,0.3198278359731621,1
37624,2011-12-20,0.3809200006213205,1
37625,2011-12-20,0.23124677249866732,0
37626,2011-12-20,0.24955314390986055,0
37627,2011-12-20,0.38352886458450314,0
37628,2011-12-20,0.4068570016501932,0
37629,2011-12-20,0.3201716990925258,0
37630,2011-12-20,0.1786995251915629,0
37631,2011-12-20,0.47541580172361586,0
37632,2011-12-20,0.48237620532037867,1
37633,2011-12-20,0.21414022687884826,0
37634,2011-12-20,0.22247508357930068,1
37635,2011-12-20,0.2730913051581936,1
37636,2011-12-20,0.14034314917219787,0
37637,2011-12-20,0.4558267435351938,1
37638,2011-12-20,0.34180652951544516,0
37639,2011-12-20,0.4347578121474561,0
37640,2011-12-20,0.5410141546728291,0
37641,2011-12-20,0.134238082004662,0
37642,2011-12-20,0.12162566336751525,0
37643,2011-12-20,0.33920131708768375,1
37644,2011-12-20,0.20898646396762688,0
37645,2011-12-20,0.23872758201735772,0
37646,2011-12-20,0.25295468480817296,0
37647,2011-12-20,0.26354993560781453,0
37648,2011-12-20,0.13369687880679904,0
37649,2011-12-20,0.22288130090990158,0
37650,2011-12-20,0.269230682334673,0
37651,2011-12-20,0.26091447304684107,1
37652,2011-12-20,0.3399879096859716,1
37653,2011-12-20,0.18449163092391183,0
37654,2011-12-20,0.39426153907698747,0
37655,2011-12-20,0.5037982780117208,1
37656,2011-12-20,0.2540502375235949,1
37657,2011-12-20,0.22098939929427344,0
37658,2011-12-20,0.1690240662565526,0
37659,2011-12-20,0.1615326873273107,0
37660,2011-12-20,0.21068778555897255,0
37661,2011-12-20,0.2646873679823933,0
37662,2011-12-20,0.14074396170262782,0
37663,2011-12-20,0.26551451284305916,0
37664,2011-12-20,0.2681397032769024,0
37665,2011-12-20,0.14997124084832172,0
37666,2011-12-20,0.2840578388615768,0
37667,2011-12-20,0.37879509322340926,0
37668,2011-12-20,0.6171064260814484,0
37669,2011-12-20,0.4554835139988171,1
37670,2011-12-20,0.40275500736408154,0
37671,2011-12-20,0.16730720430681917,0
37672,2011-12-20,0.4787011449044835,0
37673,2011-12-20,0.192824382328353,0
37674,2011-12-20,0.19433270826521637,0
37675,2011-12-20,0.1628754064490712,0
37676,2011-12-20,0.33500267600949346,1
37677,2011-12-20,0.23342130649531723,0
37678,2011-12-20,0.18765769837447016,0
37679,2011-12-20,0.1389944729911445,0
37680,2011-12-20,0.22864860053369604,0
37681,2011-12-20,0.4235783425932441,0
37682,2011-12-20,0.34482133664057485,0
37683,2011-12-20,0.3953455500465368,0
37684,2011-12-20,0.3641050023922019,1
37685,2011-12-20,0.17873122863526064,0
37686,2011-12-20,0.5745647518023191,0
37687,2011-12-20,0.3202315572212759,1
37688,2011-12-20,0.23689469195285254,0
37689,2011-12-20,0.12098815974893914,0
37690,2011-12-20,0.21987625885263817,0
37691,2011-12-20,0.2562358581521143,0
37692,2011-12-20,0.25160090693123716,0
37693,2011-12-20,0.2665738838817964,0
37694,2011-12-20,0.5325006220589157,1
37695,2011-12-20,0.5636856855098552,1
37696,2011-12-20,0.20338498073360595,0
37697,2011-12-20,0.47302997256208956,0
37698,2011-12-20,0.30269945768101036,0
37699,2011-12-20,0.293902341471408,0
37700,2011-12-20,0.3425220489552195,1
37701,2011-12-20,0.37378107037382236,1
37702,2011-12-20,0.2008270060854086,1
37703,2011-12-20,0.2826690648863893,0
37704,2011-12-20,0.17589746050768235,0
37705,2011-12-20,0.20117796147049477,0
37706,2011-12-20,0.5054018903202414,0
37707,2011-12-20,0.21764103547949173,0
37708,2011-12-20,0.1507540466700646,0
37709,2011-12-20,0.5195759133683738,1
37710,2011-12-20,0.3511022435190185,1
37711,2011-12-20,0.33283269228809087,0
37712,2011-12-20,0.18601142203699805,1
37713,2011-12-20,0.2579638930726427,0
37714,2011-12-20,0.15166402990018243,0
37715,2011-12-20,0.21701192607793224,1
37716,2011-12-20,0.2145726425193387,0
37717,2011-12-20,0.3254325626537949,0
37718,2011-12-20,0.5148185640090801,0
37719,2011-12-20,0.13873759762380466,0
37720,2011-12-20,0.22113455101395793,0
37721,2011-12-20,0.11895732420418456,0
37722,2011-12-20,0.18162777182116666,0
37723,2011-12-20,0.24876710537424002,0
37724,2011-12-20,0.28693577261730335,0
37725,2011-12-20,0.4361717385164141,1
37726,2011-12-20,0.1471294365335846,0
37727,2011-12-20,0.4696135472693217,0
37728,2011-12-20,0.32771166969702054,1
37729,2011-12-20,0.14724770989309097,0
37730,2011-12-20,0.3563006682413624,0
37731,2011-12-20,0.3222089898856144,0
37732,2011-12-20,0.35461999185871707,0
37733,2011-12-20,0.3564491985077002,0
37734,2011-12-20,0.18586743038912465,0
37735,2011-12-20,0.3165019564472123,0
37736,2011-12-20,0.5093150521237021,1
37737,2011-12-20,0.3236225621826573,0
37738,2011-12-20,0.29605830176288084,0
37739,2011-12-20,0.2720590188663002,0
37740,2011-12-20,0.2777021930072143,0
37741,2011-12-20,0.2133952284488598,0
37742,2011-12-20,0.4454498436759249,1
37743,2011-12-20,0.2801990513182074,0
37744,2011-12-20,0.3750773209461445,0
37745,2011-12-20,0.29886477554459057,0
37746,2011-12-20,0.23917176847104302,1
37747,2011-12-20,0.3325894149612299,1
37748,2011-12-20,0.3624236291504184,0
37749,2011-12-20,0.3443115712335341,0
37750,2011-12-20,0.2525788687721843,1
37751,2011-12-20,0.20742122414684355,0
37752,2011-12-20,0.3580716103515314,1
37753,2011-12-20,0.2777125370917302,0
37754,2011-12-20,0.22353604600135796,1
37755,2011-12-20,0.4617824981754004,0
37756,2011-12-20,0.13331096638494838,0
37757,2011-12-20,0.18458028503485688,0
37758,2011-12-20,0.35234455524848535,1
37759,2011-12-20,0.5440564548527211,0
37760,2011-12-20,0.17986719010987232,0
37761,2011-12-20,0.3859962800452236,1
37762,2011-12-20,0.38262141817824097,0
37763,2011-12-20,0.30776729391351604,1
37764,2011-12-20,0.22058063409516088,0
37765,2011-12-20,0.304799523689106,0
37766,2011-12-20,0.2435587406796739,0
37767,2011-12-20,0.6139996947544947,1
37768,2011-12-20,0.35635333389105966,0
37769,2011-12-20,0.2948153046292726,0
37770,2011-12-20,0.25975302716039983,1
37771,2011-12-20,0.3959590841662121,1
37772,2011-12-20,0.15460919050557448,0
37773,2011-12-20,0.2312648231767789,0
37774,2011-12-20,0.3333686939933719,0
37775,2011-12-20,0.4912470355269613,1
37776,2011-12-20,0.4504457975058836,0
37777,2011-12-20,0.2723875056225736,0
37778,2011-12-20,0.23086561074446413,0
37779,2011-12-20,0.3481247383324616,1
37780,2011-12-20,0.2681318680026821,0
37781,2011-12-20,0.3751866943375097,0
37782,2011-12-20,0.3167434270398587,1
37783,2011-12-20,0.2797677991589829,0
37784,2011-12-20,0.1666273704300709,0
37785,2011-12-20,0.14424563997724243,0
37786,2011-12-20,0.1671159288426575,1
37787,2011-12-20,0.2818404448712023,0
37788,2011-12-20,0.1686083675815242,0
37789,2011-12-20,0.24818008820507909,0
37790,2011-12-20,0.29168721008970055,0
37791,2011-12-20,0.14799621407915253,0
37792,2011-12-20,0.39412775746324435,0
37793,2011-12-20,0.26940222720678814,1
37794,2011-12-20,0.32500438594204467,0
37795,2011-12-20,0.26458069673380313,0
37796,2011-12-20,0.16710430783769137,0
37797,2011-12-20,0.2252059495414333,1
37798,2011-12-20,0.3207721797424991,0
37799,2011-12-20,0.38170152269223284,0
37800,2011-12-20,0.3673738181452897,0
37801,2011-12-20,0.11835583243890808,0
37802,2011-12-20,0.4269185682387666,1
37803,2011-12-20,0.5092077054969685,0
37804,2011-12-20,0.18277637766185567,1
37805,2011-12-20,0.1810465313771016,0
37806,2011-12-20,0.19616179185463115,1
37807,2011-12-20,0.41242474360301745,0
37808,2011-12-20,0.31405608331184537,1
37809,2011-12-20,0.13367508856631913,0
37810,2011-12-20,0.24115896382623586,0
37811,2011-12-20,0.19171370011251251,0
37812,2011-12-20,0.2748418487564878,1
37813,2011-12-20,0.34169046708799306,0
37814,2011-12-20,0.1947964962437997,0
37815,2011-12-20,0.40190464558524347,0
37816,2011-12-20,0.2652179610914082,1
37817,2011-12-20,0.26660239927333845,0
37818,2011-12-20,0.18282008941988637,0
37819,2011-12-20,0.18381173054729089,0
37820,2011-12-20,0.13295343063237264,0
37821,2011-12-20,0.29034654532526016,0
37822,2011-12-20,0.18631868125263895,0
37823,2011-12-20,0.36383618634036846,1
37824,2011-12-20,0.34559417148363286,1
37825,2011-12-20,0.2965395371066872,0
37826,2011-12-20,0.38728082240443307,1
37827,2011-12-20,0.14087165774500637,0
37828,2011-12-20,0.4063583896633622,0
37829,2011-12-20,0.2910637453712637,1
37830,2011-12-20,0.27984816159067855,0
37831,2011-12-20,0.2747152704321624,0
37832,2011-12-20,0.4055771607418387,0
37833,2011-12-20,0.21819691203743383,0
37834,2011-12-20,0.21576359825686814,0
37835,2011-12-20,0.42386872224211336,0
37836,2011-12-20,0.2526613053479742,0
37837,2011-12-20,0.1794616695171477,0
37838,2011-12-20,0.2663685874109359,0
37839,2011-12-20,0.2923570970553595,0
37840,2011-12-20,0.14538877129713046,0
37841,2011-12-20,0.28623424399613123,1
37842,2011-12-20,0.2997104414110815,0
37843,2011-12-20,0.21640922203286228,0
37844,2011-12-20,0.12415105291985798,0
37845,2011-12-20,0.2100080263980864,1
37846,2011-12-20,0.6665601863443821,0
37847,2011-12-20,0.2482734978754085,0
37848,2011-12-20,0.39382106198057076,0
37849,2011-12-20,0.5644535007318195,1
37850,2011-12-20,0.3299253386411349,0
37851,2011-12-20,0.16713351938360765,0
37852,2011-12-20,0.2394973516562206,0
37853,2011-12-20,0.21777381705098903,1
37854,2011-12-20,0.14306668024864191,0
37855,2011-12-20,0.35838161216335124,1
37856,2011-12-20,0.14955991856161538,0
37857,2011-12-20,0.13146214773574283,0
37858,2011-12-20,0.2706032081042467,0
37859,2011-12-20,0.15673890923250727,1
37860,2011-12-20,0.2912989219694932,0
37861,2011-12-20,0.24962035471184132,0
37862,2011-12-20,0.382172983027111,0
37863,2011-12-20,0.17216266007395883,0
37864,2011-12-20,0.1380506528718284,0
37865,2011-12-20,0.43991580152262977,0
37866,2011-12-20,0.4843263192078135,1
37867,2011-12-20,0.4516954596489643,0
37868,2011-12-20,0.2825450320594574,0
37869,2011-12-20,0.24087991584183963,0
37870,2011-12-20,0.30213234154992225,0
37871,2011-12-20,0.32401950222799136,1
37872,2011-12-20,0.1749958970236647,0
37873,2011-12-20,0.27761605652870736,0
37874,2011-12-20,0.4798688506435392,0
37875,2011-12-20,0.4406100132025532,0
37876,2011-12-20,0.3628778842655457,0
37877,2011-12-20,0.32355756950772196,0
37878,2011-12-20,0.5585796623065838,1
37879,2011-12-20,0.12366099442412087,0
37880,2011-12-20,0.2123868615984116,0
37881,2011-12-20,0.3882719294407266,0
37882,2011-12-20,0.15256024313251648,0
37883,2011-12-20,0.4890670175879587,0
37884,2011-12-20,0.21305466536233597,0
37885,2011-12-20,0.6126531104844063,0
37886,2011-12-20,0.1687906733698051,0
37887,2011-12-20,0.12070457416099939,0
37888,2011-12-20,0.27294665330303924,0
37889,2011-12-20,0.25467583522983545,0
37890,2011-12-20,0.24224347513395492,0
37891,2011-12-20,0.3144503593969359,1
37892,2011-12-20,0.5344414114709473,0
37893,2011-12-20,0.23331091876418625,0
37894,2011-12-20,0.3056458752801056,1
37895,2011-12-20,0.21777048452222794,0
37896,2011-12-20,0.5028172421330654,0
37897,2011-12-20,0.1556977070571262,0
37898,2011-12-20,0.12192595095867877,0
37899,2011-12-20,0.27530931535994996,0
37900,2011-12-20,0.30435486710010534,0
37901,2011-12-20,0.14424530356974935,0
37902,2011-12-20,0.34110988707924567,0
37903,2011-12-20,0.20145547522252594,0
37904,2011-12-20,0.550179831375627,1
37905,2011-12-20,0.2960242042544453,1
37906,2011-12-20,0.2757622539859842,0
37907,2011-12-20,0.25855153506897227,0
37908,2011-12-20,0.4096128404372209,0
37909,2011-12-20,0.5178917189255668,0
37910,2011-12-20,0.22089289155943678,0
37911,2011-12-20,0.3949636839812598,0
37912,2011-12-20,0.44902552014370767,0
37913,2011-12-20,0.28154811825207776,0
37914,2011-12-20,0.32947947046821807,0
37915,2011-12-20,0.2685457550254749,0
37916,2011-12-20,0.478572058935032,1
37917,2011-12-20,0.35286004936819415,0
37918,2011-12-20,0.6473717416761802,1
37919,2011-12-20,0.18318471989407253,0
37920,2011-12-20,0.27126045768071655,0
37921,2011-12-20,0.2539556567412303,1
37922,2011-12-20,0.30475891763437224,1
37923,2011-12-20,0.24488929451936242,0
37924,2011-12-20,0.3589369565496883,0
37925,2011-12-20,0.3129698538015971,0
37926,2011-12-20,0.193861522855439,0
37927,2011-12-20,0.29184790800039756,0
37928,2011-12-20,0.21588256141682155,0
37929,2011-12-20,0.3179249364200065,1
37930,2011-12-20,0.1900341357932439,0
37931,2011-12-20,0.4988691709453578,0
37932,2011-12-20,0.4024932652109607,1
37933,2011-12-20,0.3197425233191097,0
37934,2011-12-20,0.1741973285122963,0
37935,2011-12-20,0.4000238102324473,0
37936,2011-12-20,0.30025175816791244,1
37937,2011-12-20,0.3307301691645228,0
37938,2011-12-20,0.3751043988755173,0
37939,2011-12-20,0.349125325803179,1
37940,2011-12-20,0.32029788483411825,1
37941,2011-12-20,0.33051158313554,0
37942,2011-12-20,0.24359701304427514,1
37943,2011-12-20,0.23817737513001672,0
37944,2011-12-20,0.3347946572787315,1
37945,2011-12-20,0.3358481697316576,1
37946,2011-12-20,0.3107468998354924,0
37947,2011-12-20,0.400032109361854,1
37948,2011-12-20,0.19945763014796242,0
37949,2011-12-20,0.4350930047230884,1
37950,2011-12-20,0.2663577532476013,1
37951,2011-12-20,0.5161250464282428,0
37952,2011-12-20,0.17447141861900767,0
37953,2011-12-20,0.16534305440201108,0
37954,2011-12-20,0.4779497857455855,1
37955,2011-12-20,0.1772669089239262,0
37956,2011-12-20,0.30719845041776533,0
37957,2011-12-20,0.12924494114264354,0
37958,2011-12-20,0.349853765365965,0
37959,2011-12-20,0.19723440024112027,0
37960,2011-12-20,0.2590660501104106,0
37961,2011-12-20,0.14092645047563418,0
37962,2011-12-20,0.2914029925486751,0
37963,2011-12-20,0.15729177957815557,0
37964,2011-12-20,0.14579176031363045,0
37965,2011-12-20,0.3949766363061723,0
37966,2011-12-20,0.5816972978982315,1
37967,2011-12-20,0.350426197343779,0
37968,2011-12-21,0.5045026636720559,1
37969,2011-12-21,0.3151173335293791,1
37970,2011-12-21,0.5302761916610763,0
37971,2011-12-21,0.4256632796629439,0
37972,2011-12-21,0.27895178398686454,0
37973,2011-12-21,0.15013419525563546,0
37974,2011-12-21,0.22897815106619182,0
37975,2011-12-21,0.1875851670510754,0
37976,2011-12-21,0.19098899928513496,0
37977,2011-12-21,0.4205505898784063,0
37978,2011-12-21,0.18594578835845407,0
37979,2011-12-21,0.3029763445161298,1
37980,2011-12-21,0.6261623593897568,1
37981,2011-12-21,0.25886375251777655,1
37982,2011-12-21,0.19243173339294772,0
37983,2011-12-21,0.29222632688325995,0
37984,2011-12-21,0.3091382695917331,1
37985,2011-12-21,0.31870935514960785,0
37986,2011-12-21,0.298818526168132,0
37987,2011-12-21,0.3616632821079269,0
37988,2011-12-21,0.26078713237803075,0
37989,2011-12-21,0.4171804410658584,1
37990,2011-12-21,0.10472322369405025,0
37991,2011-12-21,0.4695620997858695,0
37992,2011-12-21,0.15428654048441268,0
37993,2011-12-21,0.3839080886016135,0
37994,2011-12-21,0.2816889270943726,0
37995,2011-12-21,0.319243421032215,1
37996,2011-12-21,0.2862508698392553,1
37997,2011-12-21,0.22482589991408494,0
37998,2011-12-21,0.2287327559185088,0
37999,2011-12-21,0.17119626818092595,0
38000,2011-12-21,0.5022215004805658,1
38001,2011-12-21,0.2567356931357093,0
38002,2011-12-21,0.2253910852892653,0
38003,2011-12-21,0.229981756820931,0
38004,2011-12-21,0.4145369252828109,0
38005,2011-12-21,0.29777298662498747,1
38006,2011-12-21,0.31790114599846914,0
38007,2011-12-21,0.41474529688775236,1
38008,2011-12-21,0.2091934923604286,0
38009,2011-12-21,0.2094350172383207,0
38010,2011-12-21,0.35751723520241313,0
38011,2011-12-21,0.2733295217171871,0
38012,2011-12-21,0.16566189041321372,0
38013,2011-12-21,0.2672164546536399,0
38014,2011-12-21,0.5479017209083925,1
38015,2011-12-21,0.3968081561758345,0
38016,2011-12-21,0.26181397276924445,0
38017,2011-12-21,0.3577579301717664,0
38018,2011-12-21,0.28924817824488364,0
38019,2011-12-21,0.14849535675500317,0
38020,2011-12-21,0.23857284590077188,0
38021,2011-12-21,0.22618671588504718,0
38022,2011-12-21,0.3633754768162834,1
38023,2011-12-21,0.3590668576369082,0
38024,2011-12-21,0.21751340256666526,1
38025,2011-12-21,0.43692642289235034,1
38026,2011-12-21,0.41257023394323544,0
38027,2011-12-21,0.46325472072204166,1
38028,2011-12-21,0.21450012332578947,0
38029,2011-12-21,0.40794575729539917,1
38030,2011-12-21,0.2195625269963797,0
38031,2011-12-21,0.42344113648835185,0
38032,2011-12-21,0.2320503642460385,0
38033,2011-12-21,0.5049327457687174,1
38034,2011-12-21,0.1255666949235847,0
38035,2011-12-21,0.24085177689603232,0
38036,2011-12-21,0.20343843225590644,1
38037,2011-12-21,0.2341719443842449,0
38038,2011-12-21,0.3017604361584058,0
38039,2011-12-21,0.21793450796754063,0
38040,2011-12-21,0.42373738689777746,0
38041,2011-12-21,0.20512871723864354,0
38042,2011-12-21,0.14548923706470943,1
38043,2011-12-21,0.14532444565893932,0
38044,2011-12-21,0.2807923411161257,1
38045,2011-12-21,0.2738952142289137,0
38046,2011-12-21,0.14657882067785263,0
38047,2011-12-21,0.20496283710741553,0
38048,2011-12-21,0.4041539728813215,0
38049,2011-12-21,0.17869154455001393,0
38050,2011-12-21,0.33685541086576437,1
38051,2011-12-21,0.35286778539122066,1
38052,2011-12-21,0.17484672226105857,0
38053,2011-12-21,0.3110128644221746,1
38054,2011-12-21,0.3366394027732022,0
38055,2011-12-21,0.20574141328027024,0
38056,2011-12-21,0.36988188491329266,0
38057,2011-12-21,0.5848773495440558,1
38058,2011-12-21,0.2632300426560512,0
38059,2011-12-21,0.13985396857017612,0
38060,2011-12-21,0.40924573573728457,1
38061,2011-12-21,0.4410639010181295,1
38062,2011-12-21,0.19389264290888844,0
38063,2011-12-21,0.2659555542105697,0
38064,2011-12-21,0.13229294708453354,0
38065,2011-12-21,0.2880650220353326,1
38066,2011-12-21,0.35031647688220613,1
38067,2011-12-21,0.22427694740793455,0
38068,2011-12-21,0.29198204147934137,0
38069,2011-12-21,0.2927542372698828,1
38070,2011-12-21,0.19333846784045125,0
38071,2011-12-21,0.19762089142972974,0
38072,2011-12-21,0.22719734348588932,0
38073,2011-12-21,0.2531016960598379,1
38074,2011-12-21,0.4307561001235044,1
38075,2011-12-21,0.23014495941615307,0
38076,2011-12-21,0.30434434511724745,0
38077,2011-12-21,0.24803684950123028,0
38078,2011-12-21,0.35593955472159294,1
38079,2011-12-21,0.27255325205162456,1
38080,2011-12-21,0.23063295418867458,1
38081,2011-12-21,0.3856492152629928,0
38082,2011-12-21,0.16261673067963264,0
38083,2011-12-21,0.2168755646435334,0
38084,2011-12-21,0.4799457562743354,0
38085,2011-12-21,0.24280235990607427,0
38086,2011-12-21,0.2167903509211845,0
38087,2011-12-21,0.4517445951900417,1
38088,2011-12-21,0.20927369376013344,0
38089,2011-12-21,0.4017481293807509,0
38090,2011-12-21,0.513273617378214,0
38091,2011-12-21,0.18860738764898985,0
38092,2011-12-21,0.18855671314225275,0
38093,2011-12-21,0.44154504169949294,1
38094,2011-12-21,0.5077168306064755,1
38095,2011-12-21,0.30288902937560297,0
38096,2011-12-21,0.24675436810121307,0
38097,2011-12-21,0.3153814968081995,0
38098,2011-12-21,0.2290366159113875,0
38099,2011-12-21,0.325417951267324,0
38100,2011-12-21,0.24235127273863175,0
38101,2011-12-21,0.5135454867582552,1
38102,2011-12-21,0.5043040228533263,0
38103,2011-12-21,0.31272176328410406,0
38104,2011-12-21,0.3668697048333425,1
38105,2011-12-21,0.4082505223303587,0
38106,2011-12-21,0.1912849935299474,0
38107,2011-12-21,0.3295493623994992,1
38108,2011-12-21,0.3657419058308946,1
38109,2011-12-21,0.22405307854412262,1
38110,2011-12-21,0.30001577797305556,0
38111,2011-12-21,0.3636893213551785,0
38112,2011-12-21,0.19908558247735464,1
38113,2011-12-21,0.2195769129617227,0
38114,2011-12-21,0.17925843024671062,0
38115,2011-12-21,0.6783028294665566,1
38116,2011-12-21,0.31099433392058023,0
38117,2011-12-21,0.14672795896481944,0
38118,2011-12-21,0.4273416545878196,1
38119,2011-12-21,0.3197148553067237,0
38120,2011-12-21,0.22893681667688745,0
38121,2011-12-21,0.3731375709007744,1
38122,2011-12-21,0.31739758310782923,0
38123,2011-12-21,0.25886096472375875,0
38124,2011-12-21,0.49793110057411394,1
38125,2011-12-21,0.21619042650346026,0
38126,2011-12-21,0.3550585108951823,0
38127,2011-12-21,0.2685270398833874,0
38128,2011-12-21,0.1849747420654493,0
38129,2011-12-21,0.3325727628097776,1
38130,2011-12-21,0.3957082510899844,1
38131,2011-12-21,0.2287901467919841,0
38132,2011-12-21,0.5670024701293547,1
38133,2011-12-21,0.18617077805655644,0
38134,2011-12-21,0.26437849029791016,0
38135,2011-12-21,0.12577108043570648,0
38136,2011-12-21,0.15202643748954908,0
38137,2011-12-21,0.3279275285093714,0
38138,2011-12-21,0.1618003034552245,0
38139,2011-12-21,0.3378689336363499,0
38140,2011-12-21,0.37765072714579795,1
38141,2011-12-21,0.2864936071678734,0
38142,2011-12-21,0.4314521729096734,0
38143,2011-12-21,0.6339292222505898,0
38144,2011-12-21,0.15718354465836928,0
38145,2011-12-21,0.280838264462094,0
38146,2011-12-21,0.19865593472339926,0
38147,2011-12-21,0.24826987243357768,1
38148,2011-12-21,0.5169886022708292,1
38149,2011-12-21,0.14225446868609232,0
38150,2011-12-21,0.2993521094231155,0
38151,2011-12-21,0.33538609413921466,0
38152,2011-12-21,0.46769170094927315,1
38153,2011-12-21,0.43659380571300943,1
38154,2011-12-21,0.2620579384550851,0
38155,2011-12-21,0.2910847603433966,0
38156,2011-12-21,0.26166963013218275,0
38157,2011-12-21,0.29551875039338665,0
38158,2011-12-21,0.18623136534536136,0
38159,2011-12-21,0.6258776388737441,1
38160,2011-12-21,0.23826472077733857,0
38161,2011-12-21,0.3383063595491777,0
38162,2011-12-21,0.25094240742539736,1
38163,2011-12-21,0.16131052815428132,0
38164,2011-12-21,0.3734919427342069,1
38165,2011-12-21,0.2463925263282663,1
38166,2011-12-21,0.33559440682320835,0
38167,2011-12-21,0.5385428403623895,0
38168,2011-12-21,0.22682536363999609,0
38169,2011-12-21,0.4140870341850892,0
38170,2011-12-21,0.14780902195569184,0
38171,2011-12-21,0.2089457138778921,0
38172,2011-12-21,0.5906902033659098,0
38173,2011-12-21,0.27562166846854835,0
38174,2011-12-21,0.29386058579441726,0
38175,2011-12-21,0.16798717996937132,0
38176,2011-12-21,0.32714280220877817,1
38177,2011-12-21,0.21029723559743993,0
38178,2011-12-21,0.2904206399061138,1
38179,2011-12-21,0.19225329293984506,0
38180,2011-12-21,0.3258490205345635,1
38181,2011-12-21,0.3080714856071928,1
38182,2011-12-21,0.2975431821181167,0
38183,2011-12-21,0.3999895936394977,0
38184,2011-12-21,0.37523708782126,1
38185,2011-12-21,0.25148012699124356,0
38186,2011-12-21,0.2500832396215944,0
38187,2011-12-21,0.3599898557712041,0
38188,2011-12-21,0.3763484398557713,0
38189,2011-12-21,0.21973230673980693,0
38190,2011-12-21,0.1822425519685598,0
38191,2011-12-21,0.33786805598005365,1
38192,2011-12-21,0.45620698983985536,0
38193,2011-12-21,0.19487768390583998,0
38194,2011-12-21,0.14295150047673874,0
38195,2011-12-21,0.2399156912604172,0
38196,2011-12-21,0.4277116534344781,0
38197,2011-12-21,0.24062400458100305,0
38198,2011-12-21,0.3527609250047894,0
38199,2011-12-21,0.14428834379437624,0
38200,2011-12-21,0.14025596542229357,0
38201,2011-12-21,0.5391913121963248,0
38202,2011-12-21,0.3144868346989107,0
38203,2011-12-21,0.14685637047219907,0
38204,2011-12-21,0.4234578537764017,0
38205,2011-12-21,0.15320272389775952,0
38206,2011-12-21,0.22244994424913303,0
38207,2011-12-21,0.18152889313051032,0
38208,2011-12-21,0.19175297897390742,0
38209,2011-12-21,0.27273804165390547,1
38210,2011-12-21,0.2595307102776619,0
38211,2011-12-21,0.16075315286077976,0
38212,2011-12-21,0.19499359073934755,0
38213,2011-12-21,0.21473894939073876,0
38214,2011-12-21,0.26850309785878396,0
38215,2011-12-21,0.3649445625893128,0
38216,2011-12-21,0.22062870560114645,1
38217,2011-12-21,0.17599632289527203,0
38218,2011-12-21,0.38189000418288543,1
38219,2011-12-21,0.164841066342528,1
38220,2011-12-21,0.22259147054917558,0
38221,2011-12-21,0.32957687184624934,0
38222,2011-12-21,0.4719911561111556,1
38223,2011-12-21,0.13961245825730453,0
38224,2011-12-21,0.2655696329549291,1
38225,2011-12-21,0.26297168503302953,0
38226,2011-12-21,0.5663258399597058,0
38227,2011-12-21,0.30058269565845386,0
38228,2011-12-21,0.2155834336957339,0
38229,2011-12-21,0.3197414699479415,0
38230,2011-12-21,0.17816710387962814,1
38231,2011-12-21,0.34079423371469003,0
38232,2011-12-21,0.5570803643075508,0
38233,2011-12-21,0.33798400817094526,1
38234,2011-12-21,0.27094650159890393,1
38235,2011-12-21,0.47312905918763215,1
38236,2011-12-21,0.21962431287165998,0
38237,2011-12-21,0.2896337688829225,0
38238,2011-12-21,0.38097958521976955,0
38239,2011-12-21,0.15746351679246756,0
38240,2011-12-21,0.2734315035861637,0
38241,2011-12-21,0.18035839618958363,0
38242,2011-12-21,0.23927722508117105,0
38243,2011-12-21,0.3680195435999087,0
38244,2011-12-21,0.256970258925903,0
38245,2011-12-21,0.3872102745030987,0
38246,2011-12-21,0.16213505668480538,0
38247,2011-12-21,0.3538163760558751,0
38248,2011-12-21,0.24937589606150998,1
38249,2011-12-21,0.30885477736843797,0
38250,2011-12-21,0.17869061444085976,0
38251,2011-12-21,0.1809380065105327,0
38252,2011-12-21,0.2965097889609491,0
38253,2011-12-21,0.19657212159169876,0
38254,2011-12-21,0.16196119897116282,0
38255,2011-12-21,0.2591216349625017,0
38256,2011-12-21,0.19727574540730974,0
38257,2011-12-21,0.1710557578718964,0
38258,2011-12-21,0.3546092000030386,0
38259,2011-12-21,0.2363603176652538,0
38260,2011-12-21,0.420155762106251,1
38261,2011-12-21,0.35039563132368623,1
38262,2011-12-21,0.3577612603051174,0
38263,2011-12-21,0.27573142396529693,0
38264,2011-12-21,0.4091516514186988,0
38265,2011-12-21,0.5108022068419688,1
38266,2011-12-21,0.3949441747180592,0
38267,2011-12-21,0.4782225557385123,0
38268,2011-12-21,0.18519073155195703,0
38269,2011-12-21,0.2029866900861348,0
38270,2011-12-21,0.21149954796074039,0
38271,2011-12-21,0.3595221566975838,0
38272,2011-12-21,0.28482346103783074,0
38273,2011-12-21,0.4048728993038537,1
38274,2011-12-21,0.22343314454296412,0
38275,2011-12-21,0.3306142645951396,0
38276,2011-12-21,0.42828921702859457,1
38277,2011-12-21,0.5088218865143369,1
38278,2011-12-21,0.23363571726308266,1
38279,2011-12-21,0.26592248377885924,0
38280,2011-12-21,0.23179700838767694,0
38281,2011-12-21,0.4510639181012024,0
38282,2011-12-21,0.11842998388377925,0
38283,2011-12-21,0.2211268817190314,0
38284,2011-12-21,0.19598860673625842,0
38285,2011-12-21,0.12622341498644293,0
38286,2011-12-21,0.4000254779573042,0
38287,2011-12-21,0.5147541979263809,1
38288,2011-12-21,0.13088165434728286,0
38289,2011-12-21,0.17952252452300546,0
38290,2011-12-21,0.6020889811505366,1
38291,2011-12-21,0.14256202607750176,0
38292,2011-12-21,0.41197068135503473,1
38293,2011-12-21,0.45086102258576843,1
38294,2011-12-21,0.2825423706114562,0
38295,2011-12-21,0.25609609241673265,0
38296,2011-12-21,0.17809231144908713,1
38297,2011-12-21,0.3776651461638353,0
38298,2011-12-21,0.1824150100894986,0
38299,2011-12-21,0.15110369599220475,0
38300,2011-12-21,0.3810788084017239,0
38301,2011-12-21,0.22901518909707685,0
38302,2011-12-21,0.4267690306183482,0
38303,2011-12-21,0.5701669147241982,1
38304,2011-12-21,0.1984915181913553,0
38305,2011-12-21,0.1226295987173116,0
38306,2011-12-21,0.5340966525958328,0
38307,2011-12-21,0.27442742936878756,1
38308,2011-12-21,0.24365855753857474,0
38309,2011-12-21,0.2726793805802608,1
38310,2011-12-21,0.21833240850142505,0
38311,2011-12-21,0.27541124660145705,0
38312,2011-12-21,0.441326987755456,0
38313,2011-12-21,0.17224341576094193,0
38314,2011-12-21,0.28446167911007947,0
38315,2011-12-21,0.37345644613670387,0
38316,2011-12-21,0.23867969453714774,1
38317,2011-12-21,0.12756611153643102,0
38318,2011-12-21,0.4538797012044811,0
38319,2011-12-21,0.2597826687920893,1
38320,2011-12-21,0.17226129074579366,0
38321,2011-12-21,0.25869732098547904,1
38322,2011-12-21,0.3022393009654378,0
38323,2011-12-21,0.2617363629429064,1
38324,2011-12-21,0.26976019963148007,0
38325,2011-12-21,0.3068165590026234,1
38326,2011-12-21,0.279088314355519,0
38327,2011-12-21,0.30106019537752027,0
38328,2011-12-21,0.16419665818360046,0
38329,2011-12-21,0.31064929569257393,0
38330,2011-12-21,0.2281096879616436,0
38331,2011-12-21,0.31555965533465097,0
38332,2011-12-21,0.17630000089952913,0
38333,2011-12-21,0.18173135683908379,0
38334,2011-12-21,0.4285059266200914,0
38335,2011-12-21,0.2749064938905106,0
38336,2011-12-21,0.29853012687529107,0
38337,2011-12-21,0.19495734273891066,0
38338,2011-12-21,0.43895163322340025,1
38339,2011-12-21,0.4167313469291001,0
38340,2011-12-21,0.24637900103074176,0
38341,2011-12-21,0.3694621233457654,0
38342,2011-12-21,0.32979648139779294,0
38343,2011-12-21,0.48897686516105243,1
38344,2011-12-21,0.24354236284988298,0
38345,2011-12-21,0.27171203125659044,0
38346,2011-12-21,0.413191382698929,0
38347,2011-12-21,0.18022818844672966,0
38348,2011-12-21,0.21983884489108563,0
38349,2011-12-21,0.2745053457122658,0
38350,2011-12-21,0.19950783276005957,0
38351,2011-12-21,0.36530390725517414,0
38352,2011-12-21,0.2788919164107152,0
38353,2011-12-21,0.40164688432080975,0
38354,2011-12-21,0.24276009523283731,0
38355,2011-12-21,0.33297233478763394,0
38356,2011-12-21,0.21699229596534514,0
38357,2011-12-21,0.5103990646132509,1
38358,2011-12-21,0.2203303069549384,0
38359,2011-12-21,0.31930256510287885,0
38360,2011-12-21,0.3424650839792248,0
38361,2011-12-21,0.40066217005374305,0
38362,2011-12-21,0.35512571430040096,0
38363,2011-12-21,0.24909669736497825,0
38364,2011-12-21,0.35553033354400815,0
38365,2011-12-21,0.36523633348282436,0
38366,2011-12-21,0.24878108389969403,0
38367,2011-12-21,0.22687055753371652,0
38368,2011-12-21,0.25081653141217336,0
38369,2011-12-21,0.5228037365077316,1
38370,2011-12-21,0.13175623319738475,0
38371,2011-12-22,0.3129791697123448,1
38372,2011-12-22,0.37259979870030047,0
38373,2011-12-22,0.22671878531163983,0
38374,2011-12-22,0.2888379450225199,0
38375,2011-12-22,0.24959857996638132,0
38376,2011-12-22,0.3027877845461935,0
38377,2011-12-22,0.16947789698972848,0
38378,2011-12-22,0.2632319769985508,1
38379,2011-12-22,0.2595152004805456,0
38380,2011-12-22,0.09283187698314402,0
38381,2011-12-22,0.1698046774652693,0
38382,2011-12-22,0.33671485697048464,0
38383,2011-12-22,0.40867657631676646,1
38384,2011-12-22,0.280234216978154,0
38385,2011-12-22,0.19844157464183215,0
38386,2011-12-22,0.16747492132614503,0
38387,2011-12-22,0.15595941943223637,0
38388,2011-12-22,0.289776956355945,0
38389,2011-12-22,0.2697073430600791,0
38390,2011-12-22,0.22984657433344824,0
38391,2011-12-22,0.1798405977607585,0
38392,2011-12-22,0.31066066206449033,1
38393,2011-12-22,0.22922531083239592,1
38394,2011-12-22,0.31313836872045436,0
38395,2011-12-22,0.12713283603657768,0
38396,2011-12-22,0.4962919523397551,1
38397,2011-12-22,0.20299853325918238,0
38398,2011-12-22,0.146706957544599,0
38399,2011-12-22,0.3306128491918091,1
38400,2011-12-22,0.18950953559557338,1
38401,2011-12-22,0.22521215094272215,0
38402,2011-12-22,0.3209230137865765,1
38403,2011-12-22,0.48591951264440847,1
38404,2011-12-22,0.5425690395275617,1
38405,2011-12-22,0.3425882403228362,1
38406,2011-12-22,0.33782628654411634,1
38407,2011-12-22,0.2956521944293874,1
38408,2011-12-22,0.1582849576966557,0
38409,2011-12-22,0.08849222146547588,0
38410,2011-12-22,0.5067001151127819,0
38411,2011-12-22,0.25594700086916183,0
38412,2011-12-22,0.33924864934980303,0
38413,2011-12-22,0.13489275158474415,0
38414,2011-12-22,0.2160618425354826,0
38415,2011-12-22,0.23704817513932241,0
38416,2011-12-22,0.17830412160776293,0
38417,2011-12-22,0.2736051721813659,0
38418,2011-12-22,0.48204870775135417,1
38419,2011-12-22,0.25333889252722924,1
38420,2011-12-22,0.33567736476947035,0
38421,2011-12-22,0.3404789098751038,0
38422,2011-12-22,0.4283877174060035,1
38423,2011-12-22,0.18439496970767888,0
38424,2011-12-22,0.6048227742311367,1
38425,2011-12-22,0.19917650818193436,0
38426,2011-12-22,0.13199710976216997,0
38427,2011-12-22,0.16214525353540257,0
38428,2011-12-22,0.4376552602072352,0
38429,2011-12-22,0.5462779406520805,0
38430,2011-12-22,0.291419873080937,0
38431,2011-12-22,0.6091046009769634,0
38432,2011-12-22,0.2673716426126755,0
38433,2011-12-22,0.20867975134438066,0
38434,2011-12-22,0.22525110575019766,1
38435,2011-12-22,0.27244144790508945,0
38436,2011-12-22,0.2679556231160586,0
38437,2011-12-22,0.24114594549515692,0
38438,2011-12-22,0.325398939471748,0
38439,2011-12-22,0.1793640759891041,0
38440,2011-12-22,0.2428545771349587,0
38441,2011-12-22,0.42492709730658335,1
38442,2011-12-22,0.26181342773777755,0
38443,2011-12-22,0.15388505292928126,0
38444,2011-12-22,0.4666841040848147,0
38445,2011-12-22,0.1558505105559535,1
38446,2011-12-22,0.5611927315694415,1
38447,2011-12-22,0.3036333755577904,1
38448,2011-12-22,0.4630233580602533,1
38449,2011-12-22,0.4295132445020584,1
38450,2011-12-22,0.1789085652801886,1
38451,2011-12-22,0.2675999184953452,0
38452,2011-12-22,0.2325131729080455,0
38453,2011-12-22,0.16006038572124462,0
38454,2011-12-22,0.14753768644498066,0
38455,2011-12-22,0.22910227215840237,0
38456,2011-12-22,0.4102200186739356,0
38457,2011-12-22,0.18840717105935206,0
38458,2011-12-22,0.21555507441494665,0
38459,2011-12-22,0.23541603784882736,0
38460,2011-12-22,0.24396532246415104,0
38461,2011-12-22,0.3789166822031703,1
38462,2011-12-22,0.1690431335427877,0
38463,2011-12-22,0.18045455627857004,0
38464,2011-12-22,0.3041860441679904,0
38465,2011-12-22,0.17190981004191014,0
38466,2011-12-22,0.3197483205599721,1
38467,2011-12-22,0.15585167063207384,0
38468,2011-12-22,0.09218545120281736,0
38469,2011-12-22,0.36338615027055277,1
38470,2011-12-22,0.18305723208331692,0
38471,2011-12-22,0.3396802422716841,0
38472,2011-12-22,0.25049847840522654,0
38473,2011-12-22,0.23119086695787702,0
38474,2011-12-22,0.13801004057475827,0
38475,2011-12-22,0.337823624846104,1
38476,2011-12-22,0.5212083380857349,0
38477,2011-12-22,0.2112245501167408,0
38478,2011-12-22,0.2214498529327248,0
38479,2011-12-22,0.27953951257891435,0
38480,2011-12-22,0.6057415903670544,1
38481,2011-12-22,0.5347572258885364,1
38482,2011-12-22,0.31951419678091,0
38483,2011-12-22,0.21869888245642352,0
38484,2011-12-22,0.40198968216431236,1
38485,2011-12-22,0.3102515152389297,0
38486,2011-12-22,0.17607499995128925,0
38487,2011-12-22,0.2976502842028889,0
38488,2011-12-22,0.3182184809810746,0
38489,2011-12-22,0.33567941545910235,0
38490,2011-12-22,0.5445719638771971,1
38491,2011-12-22,0.4695152002075323,1
38492,2011-12-22,0.4200312615121588,0
38493,2011-12-22,0.14249326632961978,0
38494,2011-12-22,0.2325473307947192,0
38495,2011-12-22,0.17340906838953718,0
38496,2011-12-22,0.1769259281000815,0
38497,2011-12-22,0.12745115613663252,0
38498,2011-12-22,0.1297835504080285,0
38499,2011-12-22,0.5095655695607002,0
38500,2011-12-22,0.3577414988158205,0
38501,2011-12-22,0.2385694192301123,0
38502,2011-12-22,0.3166897444854664,1
38503,2011-12-22,0.25792803353022364,0
38504,2011-12-22,0.36010168239483037,0
38505,2011-12-22,0.18040789496284282,0
38506,2011-12-22,0.2838629857057505,0
38507,2011-12-22,0.17850609241796406,0
38508,2011-12-22,0.2105622451343433,0
38509,2011-12-22,0.16259546334373012,0
38510,2011-12-22,0.18850628025894797,0
38511,2011-12-22,0.4372121938972032,0
38512,2011-12-22,0.30300574164834493,0
38513,2011-12-22,0.43079068504795304,1
38514,2011-12-22,0.609139220123826,0
38515,2011-12-22,0.34605750431898274,0
38516,2011-12-22,0.2405480102776729,0
38517,2011-12-22,0.5715144246078405,1
38518,2011-12-22,0.2905191829798198,0
38519,2011-12-22,0.2156187361465194,0
38520,2011-12-22,0.30495756536951757,0
38521,2011-12-22,0.3389336468451626,0
38522,2011-12-22,0.29419052244704624,0
38523,2011-12-22,0.1478967538545244,0
38524,2011-12-22,0.1594684626768099,0
38525,2011-12-22,0.13774511510802834,0
38526,2011-12-22,0.1965979626658181,1
38527,2011-12-23,0.30515268177173965,0
38528,2011-12-23,0.14132130819059444,0
38529,2011-12-23,0.2545139386532876,0
38530,2011-12-23,0.1880647450444981,0
38531,2011-12-23,0.29910140868820373,0
38532,2011-12-23,0.14972076967924228,0
38533,2011-12-23,0.3019671568187071,0
38534,2011-12-23,0.18808603266534288,0
38535,2011-12-23,0.14572930915114024,0
38536,2011-12-23,0.2267706765018256,0
38537,2011-12-23,0.399979738554451,0
38538,2011-12-23,0.35476208546816257,0
38539,2011-12-23,0.29056135208673384,1
38540,2011-12-23,0.26359796553201426,1
38541,2011-12-23,0.2611228731849223,0
38542,2011-12-23,0.31130929733351265,0
38543,2011-12-23,0.4875006007071626,0
38544,2011-12-23,0.16404894481667792,0
38545,2011-12-23,0.2319465367808466,0
38546,2011-12-23,0.22481407227401592,0
38547,2011-12-23,0.5855052709154177,1
38548,2011-12-23,0.2749642601316619,1
38549,2011-12-23,0.2346412866350175,0
38550,2011-12-23,0.2233505137214584,0
38551,2011-12-23,0.4110281305992705,1
38552,2011-12-23,0.2166678063766983,0
38553,2011-12-23,0.26130250251107606,0
38554,2011-12-23,0.4774313277486227,0
38555,2011-12-23,0.4030738131359945,1
38556,2011-12-23,0.18832887467098883,0
38557,2011-12-23,0.24031342736073108,0
38558,2011-12-23,0.6146309992227678,1
38559,2011-12-23,0.4206650097697935,1
38560,2011-12-23,0.5033880925647415,0
38561,2011-12-23,0.1913140420972388,0
38562,2011-12-23,0.4992667067431857,1
38563,2011-12-23,0.2993465954081122,1
38564,2011-12-23,0.5384304549871214,0
38565,2011-12-23,0.38506350533932576,1
38566,2011-12-23,0.23778274217848636,1
38567,2011-12-23,0.30664710713191823,1
38568,2011-12-23,0.2378603708513668,1
38569,2011-12-23,0.39026473403456513,1
38570,2011-12-23,0.23243078017718047,0
38571,2011-12-23,0.33690065828957655,0
38572,2011-12-23,0.4353924112655462,0
38573,2011-12-23,0.3385785921412975,0
38574,2011-12-23,0.22351730482892573,0
38575,2011-12-23,0.6228004537947252,1
38576,2011-12-23,0.28203253453303595,0
38577,2011-12-23,0.19757407125617038,0
38578,2011-12-23,0.27889930389337864,0
38579,2011-12-23,0.5525302603601175,1
38580,2011-12-23,0.24664210207166895,0
38581,2011-12-23,0.49229464436288145,0
38582,2011-12-23,0.2618833413728482,0
38583,2011-12-23,0.24236102932665424,0
38584,2011-12-23,0.23704034797229617,1
38585,2011-12-23,0.24360832140205624,0
38586,2011-12-23,0.15342148657299784,0
38587,2011-12-23,0.30354411113606605,1
38588,2011-12-23,0.29713071053134443,1
38589,2011-12-23,0.1648761254488627,0
38590,2011-12-23,0.28591161655925695,0
38591,2011-12-23,0.3019362878839718,0
38592,2011-12-23,0.420999021978702,1
38593,2011-12-23,0.564198753467136,1
38594,2011-12-23,0.2170093423035525,0
38595,2011-12-23,0.220123365920938,1
38596,2011-12-23,0.24732210841509022,0
38597,2011-12-23,0.3087295514077838,1
38598,2011-12-23,0.21256456045558436,0
38599,2011-12-23,0.25864469150585745,1
38600,2011-12-23,0.24744791317269405,0
38601,2011-12-23,0.3634115067540452,0
38602,2011-12-23,0.3650406948399912,0
38603,2011-12-23,0.15681638025579278,0
38604,2011-12-23,0.16434593334725262,0
38605,2011-12-23,0.1854012109702338,0
38606,2011-12-23,0.3225898797515723,1
38607,2011-12-23,0.18736311635020142,0
38608,2011-12-23,0.3085795661547457,0
38609,2011-12-23,0.253105023540201,1
38610,2011-12-23,0.5222227289239939,1
38611,2011-12-23,0.39370372358293265,1
38612,2011-12-23,0.31756304319779255,0
38613,2011-12-23,0.2475059086121593,1
38614,2011-12-23,0.1962414342334828,0
38615,2011-12-23,0.4290635766733922,0
38616,2011-12-23,0.14201239087373255,0
38617,2011-12-23,0.4053947395604796,0
38618,2011-12-23,0.3453341769938983,1
38619,2011-12-23,0.1278000302786009,1
38620,2011-12-23,0.21113428878304571,0
38621,2011-12-23,0.20776260743457323,0
38622,2011-12-23,0.16963608957242934,0
38623,2011-12-23,0.3474798859783917,1
38624,2011-12-23,0.1589738528788173,0
38625,2011-12-23,0.2630620098988794,0
38626,2011-12-23,0.40293206123339886,0
38627,2011-12-23,0.18351972086570034,0
38628,2011-12-23,0.3196578561701559,1
38629,2011-12-23,0.2295595269876104,0
38630,2011-12-23,0.3264340252351565,0
38631,2011-12-23,0.18592894788009454,0
38632,2011-12-23,0.24268164627068653,1
38633,2011-12-23,0.1711698469460492,1
38634,2011-12-23,0.16043162335247255,0
38635,2011-12-23,0.36862992141699535,1
38636,2011-12-23,0.22236742910622903,0
38637,2011-12-23,0.3651436255324047,1
38638,2011-12-23,0.2833913742197503,1
38639,2011-12-23,0.2689083059525678,0
38640,2011-12-23,0.14291408395668737,0
38641,2011-12-23,0.3260289977652313,0
38642,2011-12-23,0.2445718759791277,0
38643,2011-12-23,0.14737929009413117,0
38644,2011-12-23,0.21917237478659696,0
38645,2011-12-23,0.36441006542246984,0
38646,2011-12-23,0.24066956236424644,0
38647,2011-12-23,0.24382313180843684,0
38648,2011-12-23,0.26246157255547636,1
38649,2011-12-23,0.326884085499479,0
38650,2011-12-23,0.20783496985115393,0
38651,2011-12-23,0.5151143904349907,0
38652,2011-12-23,0.3912550675592216,0
38653,2011-12-23,0.2789369640645267,0
38654,2011-12-23,0.27342928799648947,0
38655,2011-12-23,0.2411627256079826,0
38656,2011-12-23,0.3090379530782042,0
38657,2011-12-23,0.5878019229147703,0
38658,2011-12-23,0.14126184909050846,0
38659,2011-12-23,0.27873363824206954,1
38660,2011-12-23,0.28284256669202684,0
38661,2011-12-23,0.38210529585525005,0
38662,2011-12-23,0.2243388063883405,0
38663,2011-12-23,0.18815085100537318,0
38664,2011-12-23,0.5550982386049441,1
38665,2011-12-23,0.28016188324719443,1
38666,2011-12-23,0.17688286850282758,0
38667,2011-12-23,0.23320658235911018,0
38668,2011-12-23,0.27690528528710806,1
38669,2011-12-23,0.3156703750509372,0
38670,2011-12-23,0.3768700230332778,0
38671,2011-12-23,0.20638753177762498,0
38672,2011-12-23,0.3284680108445307,0
38673,2011-12-23,0.32748619817009955,0
38674,2011-12-23,0.25259096580824586,0
38675,2011-12-23,0.41016509534163587,0
38676,2011-12-23,0.27907901702273835,0
38677,2011-12-23,0.28079853383185477,1
38678,2011-12-23,0.30282796230972925,0
38679,2011-12-23,0.26162171323293065,0
38680,2011-12-23,0.16742693056409483,0
38681,2011-12-23,0.23867139807167254,1
38682,2011-12-23,0.12118593286330531,0
38683,2011-12-23,0.3432285824607532,0
38684,2011-12-23,0.21866818954194006,1
38685,2011-12-23,0.1548979066253879,0
38686,2011-12-23,0.2124687012703608,0
38687,2011-12-23,0.2614020994801831,1
38688,2011-12-23,0.23191631775907123,0
38689,2011-12-23,0.23585162586775582,1
38690,2011-12-23,0.19166335385852906,0
38691,2011-12-23,0.4068489414318565,1
38692,2011-12-23,0.5854334618656252,1
38693,2011-12-23,0.22379243968115184,0
38694,2011-12-23,0.18630000837189722,0
38695,2011-12-23,0.31440042637072774,1
38696,2011-12-23,0.29769565713040286,0
38697,2011-12-23,0.4423380113592199,1
38698,2011-12-23,0.42849006396363715,0
38699,2011-12-23,0.31313410011195486,1
38700,2011-12-23,0.36760709490396004,0
38701,2011-12-23,0.31361255441346236,0
38702,2011-12-23,0.26836617291738163,1
38703,2011-12-23,0.3757216283186351,0
38704,2011-12-23,0.4927228237388804,0
38705,2011-12-23,0.18657630880853696,0
38706,2011-12-23,0.26118969453565777,1
38707,2011-12-23,0.2169030783575222,0
38708,2011-12-23,0.14917504216655572,0
38709,2011-12-23,0.36153611589132734,1
38710,2011-12-23,0.19685991645568854,0
38711,2011-12-23,0.19565602085573003,1
38712,2011-12-23,0.188505872158561,0
38713,2011-12-23,0.2586201282092816,0
38714,2011-12-23,0.2769251695294913,0
38715,2011-12-23,0.19854963242690443,0
38716,2011-12-23,0.2216917116402998,0
38717,2011-12-23,0.20448970376261522,0
38718,2011-12-23,0.20589721610662534,0
38719,2011-12-23,0.16543159034377436,0
38720,2011-12-23,0.12625738423659824,0
38721,2011-12-23,0.49637905486554235,0
38722,2011-12-23,0.21485779603951558,0
38723,2011-12-23,0.4796805788679043,1
38724,2011-12-23,0.229476610832866,1
38725,2011-12-23,0.18635609407521922,0
38726,2011-12-23,0.38124503809789995,0
38727,2011-12-23,0.17161969096972438,1
38728,2011-12-23,0.5463008217408005,0
38729,2011-12-23,0.4696367749479612,1
38730,2011-12-23,0.1590332490563193,0
38731,2011-12-23,0.30107914665871277,0
38732,2011-12-23,0.3679213869232935,0
38733,2011-12-23,0.29420493326110675,1
38734,2011-12-23,0.26938466661662525,0
38735,2011-12-23,0.43123029783233124,1
38736,2011-12-23,0.12292040221999367,0
38737,2011-12-23,0.2956725450492989,0
38738,2011-12-23,0.3379555169355931,0
38739,2011-12-23,0.22069824129618068,0
38740,2011-12-23,0.2027042170924281,0
38741,2011-12-23,0.2570016033204851,0
38742,2011-12-23,0.4141366440950453,0
38743,2011-12-23,0.32283490138783794,1
38744,2011-12-23,0.3817334094725268,0
38745,2011-12-23,0.2717895306557978,1
38746,2011-12-23,0.2847032440798479,0
38747,2011-12-23,0.42414753551137124,0
38748,2011-12-23,0.2606090483602017,1
38749,2011-12-23,0.1944379599833535,1
38750,2011-12-24,0.2853466372105356,0
38751,2011-12-24,0.20360918693321567,0
38752,2011-12-24,0.2811190547591007,0
38753,2011-12-24,0.16366614809442379,0
38754,2011-12-24,0.24319163983205058,0
38755,2011-12-24,0.40281869246958707,1
38756,2011-12-24,0.19630329527639706,1
38757,2011-12-24,0.5081649283447788,1
38758,2011-12-24,0.37912405765980356,0
38759,2011-12-24,0.2537250532163303,1
38760,2011-12-24,0.3461474304500684,0
38761,2011-12-24,0.15720442535429763,1
38762,2011-12-24,0.15233536411350887,0
38763,2011-12-24,0.2743379989494007,0
38764,2011-12-24,0.09387930431758214,0
38765,2011-12-24,0.34784869042409383,1
38766,2011-12-24,0.2902306078472572,0
38767,2011-12-24,0.3664185207387572,1
38768,2011-12-24,0.40206759853581825,0
38769,2011-12-24,0.4511219116375824,1
38770,2011-12-24,0.27355491296412177,0
38771,2011-12-24,0.32439507981641486,1
38772,2011-12-24,0.18066107423643654,0
38773,2011-12-24,0.316008504224104,0
38774,2011-12-24,0.18891333710582364,0
38775,2011-12-24,0.25359270254856225,0
38776,2011-12-24,0.18096064798486108,0
38777,2011-12-24,0.27342013495381523,1
38778,2011-12-24,0.3770805538974884,0
38779,2011-12-24,0.15599896664537005,0
38780,2011-12-24,0.24883482762445078,1
38781,2011-12-24,0.28704012658027633,0
38782,2011-12-24,0.19061205463367276,0
38783,2011-12-24,0.17065890671045747,0
38784,2011-12-24,0.32878011161667287,0
38785,2011-12-24,0.1892752930077473,0
38786,2011-12-24,0.31901867874951007,0
38787,2011-12-24,0.2762777640623594,0
38788,2011-12-24,0.3361644906001627,0
38789,2011-12-24,0.20057220325073283,0
38790,2011-12-24,0.41521017918591746,0
38791,2011-12-24,0.27112870306334874,0
38792,2011-12-24,0.16419004695407063,0
38793,2011-12-24,0.3697745747359786,1
38794,2011-12-24,0.29812946569649174,0
38795,2011-12-24,0.2401751714278647,0
38796,2011-12-24,0.29773241314154947,0
38797,2011-12-24,0.17501133194160928,0
38798,2011-12-24,0.3120839029726306,1
38799,2011-12-24,0.43134738108904225,1
38800,2011-12-24,0.24284275132841707,0
38801,2011-12-24,0.24805753315582818,0
38802,2011-12-24,0.18461405240608084,0
38803,2011-12-24,0.35906166353061125,1
38804,2011-12-24,0.3463610756618808,1
38805,2011-12-24,0.3041018023828147,0
38806,2011-12-24,0.4355760221731017,0
38807,2011-12-24,0.2801171366835617,0
38808,2011-12-24,0.20070512111023137,0
38809,2011-12-24,0.25527745283736575,1
38810,2011-12-24,0.2619747390903418,0
38811,2011-12-24,0.5273644017864373,1
38812,2011-12-24,0.20866496898083603,0
38813,2011-12-24,0.15604523079980653,0
38814,2011-12-24,0.44327846734885556,0
38815,2011-12-24,0.28482843872755104,0
38816,2011-12-24,0.37402673995842106,1
38817,2011-12-24,0.2598940114382136,0
38818,2011-12-24,0.3631430362830073,1
38819,2011-12-24,0.517807373853064,1
38820,2011-12-24,0.4565219137210879,0
38821,2011-12-24,0.25410043927481013,1
38822,2011-12-24,0.4276231521375635,1
38823,2011-12-24,0.3079249426052161,0
38824,2011-12-24,0.26438472644435096,0
38825,2011-12-24,0.4144998470739602,0
38826,2011-12-24,0.368971889021928,0
38827,2011-12-24,0.14101136351947066,0
38828,2011-12-24,0.2691343570605646,0
38829,2011-12-24,0.560911635194707,1
38830,2011-12-24,0.3802809462750761,1
38831,2011-12-24,0.47653180104821213,1
38832,2011-12-24,0.30551352694666084,1
38833,2011-12-24,0.24422085938246033,0
38834,2011-12-24,0.3085341694178043,1
38835,2011-12-24,0.20208854844751648,0
38836,2011-12-24,0.19631000872712745,0
38837,2011-12-24,0.3549968079399482,0
38838,2011-12-24,0.4629306019118346,0
38839,2011-12-24,0.24732931808314712,0
38840,2011-12-24,0.20053207685013918,0
38841,2011-12-24,0.2155532464827381,0
38842,2011-12-24,0.2184305077367681,0
38843,2011-12-24,0.5954227843150635,1
38844,2011-12-24,0.24070866849224454,0
38845,2011-12-24,0.3707147625457684,0
38846,2011-12-24,0.3028580517176425,0
38847,2011-12-24,0.3406115021990511,0
38848,2011-12-24,0.4512256488656361,0
38849,2011-12-24,0.445151003493745,0
38850,2011-12-24,0.2064687129845795,0
38851,2011-12-24,0.377611238708736,0
38852,2011-12-24,0.15144984885473056,1
38853,2011-12-24,0.2907669573505585,0
38854,2011-12-24,0.32175501305608417,0
38855,2011-12-24,0.26274229972808727,1
38856,2011-12-24,0.35877209778169916,0
38857,2011-12-24,0.3720700668493563,0
38858,2011-12-24,0.16886297472862655,0
38859,2011-12-24,0.23335963355603037,0
38860,2011-12-24,0.44217785700121315,1
38861,2011-12-24,0.37673110728494524,1
38862,2011-12-24,0.2008133222049358,1
38863,2011-12-24,0.23496923480156834,0
38864,2011-12-24,0.25511160995770366,1
38865,2011-12-24,0.3808274044641201,0
38866,2011-12-24,0.3494297740348619,1
38867,2011-12-24,0.22400358378235488,0
38868,2011-12-24,0.44549281002175356,1
38869,2011-12-24,0.20155801461563086,1
38870,2011-12-24,0.1441236864722178,0
38871,2011-12-24,0.29918111629293487,0
38872,2011-12-24,0.16456852501424588,0
38873,2011-12-24,0.3475039606085689,0
38874,2011-12-24,0.253505169172196,0
38875,2011-12-24,0.21389690067350353,0
38876,2011-12-24,0.16624340529378304,0
38877,2011-12-24,0.33435156334481464,0
38878,2011-12-24,0.20709603284826214,0
38879,2011-12-24,0.2932044622141066,0
38880,2011-12-24,0.2005452532507009,0
38881,2011-12-24,0.2386070661804273,0
38882,2011-12-24,0.3178894998265618,1
38883,2011-12-24,0.2419498046746269,0
38884,2011-12-24,0.32185371367734655,0
38885,2011-12-24,0.22573221661141313,0
38886,2011-12-24,0.4956971548811725,1
38887,2011-12-24,0.2055640482419291,1
38888,2011-12-24,0.28951403642940887,0
38889,2011-12-24,0.13760332083373808,0
38890,2011-12-24,0.5825106662237962,0
38891,2011-12-24,0.3037800683103365,0
38892,2011-12-24,0.35504135902148015,0
38893,2011-12-24,0.4315147444316402,1
38894,2011-12-24,0.4139769233228936,1
38895,2011-12-24,0.4432386791589726,0
38896,2011-12-24,0.10355803894733222,0
38897,2011-12-24,0.22812477264891984,0
38898,2011-12-24,0.3523745156441118,1
38899,2011-12-24,0.3069787345976793,0
38900,2011-12-24,0.19166887494518622,1
38901,2011-12-24,0.29559069455224884,0
38902,2011-12-24,0.4181122498615736,1
38903,2011-12-24,0.35086751290737095,0
38904,2011-12-24,0.19358339608988553,0
38905,2011-12-24,0.25737748723961573,0
38906,2011-12-24,0.24786558445029075,0
38907,2011-12-24,0.34858751869242016,0
38908,2011-12-24,0.3532143391135776,0
38909,2011-12-24,0.13572215164949988,0
38910,2011-12-24,0.19912283063296035,0
38911,2011-12-24,0.14009337211741948,0
38912,2011-12-24,0.1387699789612074,0
38913,2011-12-24,0.18481277856626868,0
38914,2011-12-24,0.31674709162035863,0
38915,2011-12-24,0.18528256587357989,0
38916,2011-12-24,0.4788287097901396,0
38917,2011-12-24,0.18277142661386878,0
38918,2011-12-24,0.302725089083772,0
38919,2011-12-24,0.21120029122073408,0
38920,2011-12-24,0.25984089988094916,0
38921,2011-12-24,0.4350610065617044,0
38922,2011-12-24,0.3009106273965148,0
38923,2011-12-24,0.4728581009290168,1
38924,2011-12-24,0.35094569375604284,1
38925,2011-12-24,0.3044026688459834,0
38926,2011-12-24,0.1716480917505375,0
38927,2011-12-24,0.2826167424049347,0
38928,2011-12-24,0.2000475079529002,0
38929,2011-12-24,0.11802423625583898,0
38930,2011-12-24,0.2831122392267961,0
38931,2011-12-24,0.1361367438202397,0
38932,2011-12-24,0.1552219980244336,0
38933,2011-12-24,0.2255518501665866,0
38934,2011-12-24,0.4571022157951384,1
38935,2011-12-24,0.5081141891109011,0
38936,2011-12-24,0.2931428406550037,1
38937,2011-12-24,0.24318352271267626,0
38938,2011-12-24,0.18445032398670375,1
38939,2011-12-24,0.20756678138493007,0
38940,2011-12-24,0.403652420199334,0
38941,2011-12-24,0.1687034633913137,0
38942,2011-12-24,0.20548833710015724,0
38943,2011-12-24,0.1971448873334791,0
38944,2011-12-24,0.2773600204860216,0
38945,2011-12-24,0.5701410082741751,1
38946,2011-12-24,0.2199188774356074,0
38947,2011-12-24,0.4427840749513825,1
38948,2011-12-24,0.2826105401002377,0
38949,2011-12-24,0.1892752930077473,0
38950,2011-12-24,0.33739898030536497,0
38951,2011-12-24,0.4585039729080445,0
38952,2011-12-24,0.2926749195760125,0
38953,2011-12-24,0.36667316375147996,1
38954,2011-12-24,0.33650701858563115,0
38955,2011-12-24,0.2293621967665809,1
38956,2011-12-24,0.39775215725824503,1
38957,2011-12-25,0.19895598545330864,0
38958,2011-12-25,0.18689860263067487,0
38959,2011-12-25,0.22968621745398138,0
38960,2011-12-25,0.21630031900289642,0
38961,2011-12-25,0.3004229875973797,0
38962,2011-12-25,0.21873584996898407,0
38963,2011-12-25,0.35844383938410807,1
38964,2011-12-25,0.16935355528038112,0
38965,2011-12-25,0.3917097325050644,0
38966,2011-12-25,0.4119518567434348,0
38967,2011-12-25,0.20546001671427166,0
38968,2011-12-25,0.22955095299717435,0
38969,2011-12-25,0.2299606200806098,1
38970,2011-12-25,0.3827072144303021,0
38971,2011-12-25,0.527092580037243,1
38972,2011-12-25,0.2522403494392685,1
38973,2011-12-25,0.362834021568064,1
38974,2011-12-25,0.17327028927354196,1
38975,2011-12-25,0.23474098686563852,0
38976,2011-12-25,0.3811251074285885,1
38977,2011-12-25,0.24097902271547741,0
38978,2011-12-25,0.24683138508342967,0
38979,2011-12-25,0.15796115640377298,0
38980,2011-12-25,0.32212743667852994,0
38981,2011-12-25,0.18025091619189024,0
38982,2011-12-25,0.2623534473567112,1
38983,2011-12-25,0.287626024404705,1
38984,2011-12-25,0.19193441620575244,0
38985,2011-12-25,0.2523944472521603,1
38986,2011-12-25,0.2778029554240738,0
38987,2011-12-25,0.281100025969432,1
38988,2011-12-25,0.18905244286999642,0
38989,2011-12-25,0.32489837087856577,1
38990,2011-12-25,0.2998693533048181,1
38991,2011-12-25,0.21347307470926344,0
38992,2011-12-25,0.11314846987819427,0
38993,2011-12-25,0.32543426430931083,0
38994,2011-12-25,0.33944546684034804,0
38995,2011-12-25,0.19719426654326952,0
38996,2011-12-25,0.16655147826603378,0
38997,2011-12-25,0.20834089509036943,0
38998,2011-12-25,0.22894261968266097,0
38999,2011-12-25,0.12611968916980423,0
39000,2011-12-25,0.3913984193071954,1
39001,2011-12-25,0.5348830305632807,1
39002,2011-12-25,0.22251342550452333,0
39003,2011-12-25,0.31712963603895794,0
39004,2011-12-25,0.4444545590722573,0
39005,2011-12-25,0.3100652719065635,0
39006,2011-12-25,0.2760296175053376,1
39007,2011-12-25,0.3851738433715546,0
39008,2011-12-25,0.4246784419094988,1
39009,2011-12-25,0.23102892496238006,0
39010,2011-12-25,0.47935509668871057,1
39011,2011-12-25,0.10441123908069562,0
39012,2011-12-25,0.1041275948376347,0
39013,2011-12-25,0.23126487864356346,0
39014,2011-12-25,0.18137054444850065,0
39015,2011-12-25,0.1891405449908899,0
39016,2011-12-25,0.249289510436661,0
39017,2011-12-25,0.13023965366627696,0
39018,2011-12-25,0.28516603861183965,1
39019,2011-12-25,0.5406271483685822,0
39020,2011-12-25,0.2549492590429381,0
39021,2011-12-25,0.2681135790440261,0
39022,2011-12-25,0.5037591303625579,1
39023,2011-12-25,0.10031961889942924,0
39024,2011-12-25,0.1985124353957142,0
39025,2011-12-25,0.2512932349371914,0
39026,2011-12-25,0.42811280542240565,0
39027,2011-12-25,0.1276922979387064,0
39028,2011-12-25,0.2911995775959549,0
39029,2011-12-25,0.22149408243599347,0
39030,2011-12-25,0.21790851304428396,0
39031,2011-12-25,0.2660301437604691,0
39032,2011-12-25,0.27085575213365687,0
39033,2011-12-25,0.3812455973277819,0
39034,2011-12-25,0.17428522280685682,0
39035,2011-12-25,0.29767470963032944,0
39036,2011-12-25,0.3757229893167058,0
39037,2011-12-25,0.26225957562774976,0
39038,2011-12-25,0.23052345220106543,0
39039,2011-12-25,0.3140514705876727,0
39040,2011-12-25,0.23081709722495844,1
39041,2011-12-25,0.3459988628107719,0
39042,2011-12-25,0.4019565706291877,0
39043,2011-12-25,0.17884988476805086,0
39044,2011-12-25,0.3953466588789906,0
39045,2011-12-25,0.38517636150735446,0
39046,2011-12-25,0.2284245902602013,0
39047,2011-12-25,0.18620406319528793,0
39048,2011-12-25,0.32188060336128377,0
39049,2011-12-25,0.2901907395084161,1
39050,2011-12-25,0.24271828418421748,0
39051,2011-12-26,0.2502946019281318,0
39052,2011-12-26,0.44091939725001017,0
39053,2011-12-26,0.1740703270974097,0
39054,2011-12-26,0.224869531966879,0
39055,2011-12-26,0.28942887945163226,0
39056,2011-12-26,0.1842212342169458,0
39057,2011-12-26,0.5355708927197891,1
39058,2011-12-26,0.28991780475121515,0
39059,2011-12-26,0.34283536455535873,0
39060,2011-12-26,0.4344768363038567,0
39061,2011-12-26,0.2728778256784173,1
39062,2011-12-26,0.20061661274641052,0
39063,2011-12-26,0.2569933868240994,0
39064,2011-12-26,0.16182199319668644,0
39065,2011-12-26,0.15855551105592997,0
39066,2011-12-26,0.45294408165703176,0
39067,2011-12-26,0.24393406694701966,0
39068,2011-12-26,0.3401891801394957,0
39069,2011-12-26,0.21208186289543668,0
39070,2011-12-26,0.5117110267398338,1
39071,2011-12-26,0.42293659706430053,0
39072,2011-12-26,0.23143541273959553,0
39073,2011-12-26,0.2604555630114157,0
39074,2011-12-26,0.274366506332992,1
39075,2011-12-26,0.36583794834365574,0
39076,2011-12-26,0.1586257784529682,0
39077,2011-12-26,0.39785977498395503,0
39078,2011-12-26,0.46668777068416967,0
39079,2011-12-26,0.17533076313635204,0
39080,2011-12-26,0.19505706254916355,1
39081,2011-12-26,0.27772793336191937,0
39082,2011-12-26,0.3102433714688081,0
39083,2011-12-26,0.14313597371932893,0
39084,2011-12-26,0.17749692072084944,0
39085,2011-12-26,0.2162936097732358,0
39086,2011-12-26,0.22991972039988373,0
39087,2011-12-26,0.17956833884139764,1
39088,2011-12-26,0.27195388919648755,0
39089,2011-12-27,0.11979972884137596,0
39090,2011-12-27,0.154768070152467,0
39091,2011-12-27,0.14949083733678045,0
39092,2011-12-27,0.16065061307989342,0
39093,2011-12-27,0.4150127850679379,1
39094,2011-12-27,0.3018501998124222,0
39095,2011-12-27,0.38275964248590916,0
39096,2011-12-27,0.3620424360604043,0
39097,2011-12-27,0.414742775141816,1
39098,2011-12-27,0.17637524952078792,0
39099,2011-12-27,0.19572450366245706,0
39100,2011-12-27,0.17628711437337974,0
39101,2011-12-27,0.13826478885308435,1
39102,2011-12-27,0.25572368421667807,0
39103,2011-12-27,0.3023052764868782,0
39104,2011-12-27,0.14522072673339315,0
39105,2011-12-27,0.33305500981723507,0
39106,2011-12-27,0.5497411382818792,1
39107,2011-12-27,0.2821489499819462,0
39108,2011-12-27,0.2544215507185522,0
39109,2011-12-27,0.22910847007864793,0
39110,2011-12-27,0.43213180923161076,1
39111,2011-12-27,0.3299389623149479,0
39112,2011-12-27,0.4145379983096988,1
39113,2011-12-27,0.14071700050579183,0
39114,2011-12-27,0.28818104431632896,0
39115,2011-12-27,0.15635296992835257,0
39116,2011-12-27,0.12998977295267508,0
39117,2011-12-27,0.4086420715954462,0
39118,2011-12-27,0.23197219672230215,0
39119,2011-12-27,0.1938442064462032,0
39120,2011-12-27,0.3431728649033179,0
39121,2011-12-27,0.17641538366893672,0
39122,2011-12-27,0.19339469335766163,0
39123,2011-12-27,0.16677277960433576,0
39124,2011-12-27,0.2401954998113291,0
39125,2011-12-27,0.24572514763096961,1
39126,2011-12-27,0.3805524619098604,0
39127,2011-12-27,0.15197624493704676,0
39128,2011-12-27,0.22725929499426947,0
39129,2011-12-27,0.15003180725214021,0
39130,2011-12-27,0.4302215784825336,0
39131,2011-12-27,0.5137838852423418,0
39132,2011-12-27,0.18330998006195312,0
39133,2011-12-27,0.28059998407549325,0
39134,2011-12-27,0.24573319742566424,0
39135,2011-12-27,0.21891268352640406,0
39136,2011-12-27,0.3371592913596537,0
39137,2011-12-27,0.15916763225024944,0
39138,2011-12-27,0.1540942362139822,0
39139,2011-12-27,0.2610209342109384,0
39140,2011-12-27,0.2820397209889898,0
39141,2011-12-27,0.2667282317538385,0
39142,2011-12-27,0.13174662837021908,0
39143,2011-12-27,0.2281614556953508,0
39144,2011-12-27,0.27133528695368364,0
39145,2011-12-27,0.16156260411950765,0
39146,2011-12-27,0.38386833681913607,0
39147,2011-12-27,0.15707625736891148,0
39148,2011-12-27,0.23762419946603056,1
39149,2011-12-27,0.2619713727428865,0
39150,2011-12-27,0.4393171942865839,1
39151,2011-12-27,0.43091784550182083,1
39152,2011-12-27,0.5863493578425928,1
39153,2011-12-27,0.2620477035168522,0
39154,2011-12-27,0.39254213998773047,1
39155,2011-12-27,0.20066484906488383,0
39156,2011-12-27,0.42158061366636257,1
39157,2011-12-27,0.24030498091641378,0
39158,2011-12-27,0.26228373789760623,0
39159,2011-12-27,0.21016198932196106,0
39160,2011-12-27,0.24032761003753728,1
39161,2011-12-27,0.19053685484450558,0
39162,2011-12-27,0.20530040092571408,0
39163,2011-12-27,0.22784386197470918,0
39164,2011-12-27,0.20040325842094758,0
39165,2011-12-27,0.37947173567100256,0
39166,2011-12-27,0.4048671471752919,0
39167,2011-12-27,0.23550784524178978,1
39168,2011-12-27,0.3600375379305913,0
39169,2011-12-27,0.24837595670895932,0
39170,2011-12-27,0.1905147100271861,0
39171,2011-12-27,0.18249936449830903,0
39172,2011-12-27,0.41292560612346746,1
39173,2011-12-27,0.2884380536182239,0
39174,2011-12-27,0.4872257386060175,0
39175,2011-12-27,0.26032911192934405,1
39176,2011-12-27,0.11619016270660347,0
39177,2011-12-27,0.1880089705563437,0
39178,2011-12-27,0.37993715955735535,0
39179,2011-12-27,0.31087464980515467,1
39180,2011-12-27,0.12164670285727203,0
39181,2011-12-27,0.311063157837277,0
39182,2011-12-27,0.2575206524212672,1
39183,2011-12-27,0.37606175052872354,0
39184,2011-12-27,0.23044142310617996,0
39185,2011-12-27,0.2952210987851177,0
39186,2011-12-27,0.26171686243748393,0
39187,2011-12-27,0.40804720051735405,1
39188,2011-12-27,0.1857564332561988,0
39189,2011-12-27,0.2726245998645322,0
39190,2011-12-27,0.1903437856867847,0
39191,2011-12-27,0.3242113680794327,0
39192,2011-12-27,0.08414146061497856,0
39193,2011-12-27,0.35903582256066147,0
39194,2011-12-27,0.33309351023480177,1
39195,2011-12-27,0.2513930246778893,0
39196,2011-12-27,0.6474363862962773,0
39197,2011-12-27,0.17959267682551386,0
39198,2011-12-27,0.21041829489781283,0
39199,2011-12-27,0.1285540051466579,0
39200,2011-12-27,0.1661889388387846,0
39201,2011-12-27,0.1920624123904076,0
39202,2011-12-27,0.19069507284987905,0
39203,2011-12-27,0.21471420884796394,0
39204,2011-12-27,0.3214008854058081,1
39205,2011-12-27,0.22828186715794319,0
39206,2011-12-27,0.41142433443511817,1
39207,2011-12-27,0.21572076926657838,0
39208,2011-12-27,0.15969362087452255,0
39209,2011-12-27,0.5330079291559964,1
39210,2011-12-27,0.3254916591764358,0
39211,2011-12-27,0.26659117288583545,0
39212,2011-12-27,0.1891498097905128,0
39213,2011-12-27,0.3156126384882033,1
39214,2011-12-27,0.2607341193852006,0
39215,2011-12-27,0.24430694512628945,0
39216,2011-12-27,0.13124885361426783,0
39217,2011-12-27,0.30127807907443943,0
39218,2011-12-27,0.5890039370509178,1
39219,2011-12-27,0.3521431966259974,0
39220,2011-12-27,0.20611595908441718,0
39221,2011-12-27,0.25602072638537327,0
39222,2011-12-27,0.21539707363310023,0
39223,2011-12-27,0.21414203169751758,0
39224,2011-12-27,0.25358476584976625,0
39225,2011-12-27,0.16459880606986804,0
39226,2011-12-27,0.3106516593005493,1
39227,2011-12-27,0.27854939843296744,1
39228,2011-12-27,0.2006511526775484,0
39229,2011-12-27,0.45279152979234044,1
39230,2011-12-27,0.4489987638817888,1
39231,2011-12-27,0.3065699432024571,0
39232,2011-12-27,0.2602601118457963,1
39233,2011-12-27,0.21806940363688387,0
39234,2011-12-27,0.5309919516048113,0
39235,2011-12-27,0.20264238724654302,0
39236,2011-12-27,0.22179708597485812,0
39237,2011-12-27,0.42970303401229987,0
39238,2011-12-27,0.4264099793294599,0
39239,2011-12-27,0.17855819796823605,0
39240,2011-12-27,0.31063411804723984,1
39241,2011-12-27,0.17268401045516982,0
39242,2011-12-27,0.5904121326788562,1
39243,2011-12-27,0.32271498246207164,1
39244,2011-12-27,0.21235054202308176,1
39245,2011-12-27,0.20755660281549604,0
39246,2011-12-27,0.19262459284264702,0
39247,2011-12-27,0.41884727620897866,0
39248,2011-12-27,0.1339305291984368,0
39249,2011-12-27,0.41723255859513064,1
39250,2011-12-27,0.18630902634016658,0
39251,2011-12-27,0.5562648148392194,1
39252,2011-12-27,0.3586562175607047,0
39253,2011-12-27,0.44932221992227706,1
39254,2011-12-27,0.23354366675497987,0
39255,2011-12-27,0.40979525873712536,0
39256,2011-12-27,0.2925691602589582,1
39257,2011-12-28,0.5629835354909634,1
39258,2011-12-28,0.18512130878035069,0
39259,2011-12-28,0.4431928285824027,0
39260,2011-12-28,0.15968471573502624,0
39261,2011-12-28,0.1494472385697136,0
39262,2011-12-28,0.26611352140900063,0
39263,2011-12-28,0.3570534835100511,0
39264,2011-12-28,0.1731767452871589,0
39265,2011-12-28,0.30948237708529286,1
39266,2011-12-28,0.48587013076803165,1
39267,2011-12-28,0.19840145928359199,0
39268,2011-12-28,0.45991691506461885,0
39269,2011-12-28,0.3522525996538168,0
39270,2011-12-28,0.3319966042617527,0
39271,2011-12-28,0.19803212314984717,0
39272,2011-12-28,0.27496739310687396,0
39273,2011-12-28,0.4036798780567234,0
39274,2011-12-28,0.2959600351621943,1
39275,2011-12-28,0.43874722124038135,0
39276,2011-12-28,0.160256205436445,0
39277,2011-12-28,0.31048565523636995,0
39278,2011-12-28,0.29973610386096095,1
39279,2011-12-28,0.15219549093005005,0
39280,2011-12-28,0.18877721588114227,0
39281,2011-12-28,0.37743254290162087,0
39282,2011-12-28,0.21020600545673773,0
39283,2011-12-28,0.29071955564748986,0
39284,2011-12-28,0.4014588481231439,1
39285,2011-12-28,0.2721195620643527,0
39286,2011-12-28,0.22311412952319098,0
39287,2011-12-28,0.20476976111071682,0
39288,2011-12-28,0.1945347206721935,0
39289,2011-12-28,0.2820743077121208,0
39290,2011-12-28,0.21219344692079195,0
39291,2011-12-28,0.2816306658034019,0
39292,2011-12-28,0.4121963560867031,0
39293,2011-12-28,0.30474943320462106,0
39294,2011-12-28,0.14177821433325205,0
39295,2011-12-28,0.31614939670724906,0
39296,2011-12-28,0.2558838231981858,0
39297,2011-12-28,0.5515533900691922,1
39298,2011-12-28,0.208670437238479,1
39299,2011-12-28,0.49715061024409596,1
39300,2011-12-28,0.15196132173095178,0
39301,2011-12-28,0.17811669765008806,0
39302,2011-12-28,0.2818558544044349,0
39303,2011-12-28,0.6554205287027587,1
39304,2011-12-28,0.19960589709711893,0
39305,2011-12-28,0.35764784047019477,0
39306,2011-12-28,0.2466614246405137,1
39307,2011-12-28,0.20594264632657838,1
39308,2011-12-28,0.3286720719412551,0
39309,2011-12-28,0.35825399622485243,0
39310,2011-12-28,0.5086427075581368,0
39311,2011-12-28,0.22779950576775362,0
39312,2011-12-28,0.3922783042878184,0
39313,2011-12-28,0.16472662745114997,0
39314,2011-12-28,0.15381526497111986,0
39315,2011-12-28,0.44352954788351795,0
39316,2011-12-28,0.13874138804809788,0
39317,2011-12-28,0.18209384120154265,0
39318,2011-12-28,0.17474411144045723,0
39319,2011-12-28,0.17817257116505128,0
39320,2011-12-28,0.2075337555824173,0
39321,2011-12-28,0.29316869812552826,0
39322,2011-12-28,0.4351598219657391,0
39323,2011-12-28,0.12289189171690222,1
39324,2011-12-28,0.4454970270270466,0
39325,2011-12-28,0.32017923669715853,0
39326,2011-12-28,0.5243201026201284,1
39327,2011-12-28,0.1953386343967201,0
39328,2011-12-28,0.2915003774408832,0
39329,2011-12-28,0.5227592677912567,0
39330,2011-12-28,0.2880323434594172,0
39331,2011-12-28,0.19122539748842998,0
39332,2011-12-28,0.35612517159847346,1
39333,2011-12-28,0.20723972761714035,0
39334,2011-12-28,0.1305301109719682,0
39335,2011-12-28,0.2323151639917078,0
39336,2011-12-28,0.18115887000113262,0
39337,2011-12-28,0.21210248257059588,0
39338,2011-12-28,0.33078843257866924,0
39339,2011-12-28,0.2592107561404474,0
39340,2011-12-28,0.3054937087117937,0
39341,2011-12-28,0.3695359347436939,1
39342,2011-12-28,0.3289669838110726,0
39343,2011-12-28,0.23497141022768067,0
39344,2011-12-28,0.16604124457755176,0
39345,2011-12-28,0.19488482940261495,1
39346,2011-12-28,0.20824083182809405,0
39347,2011-12-28,0.2409549008684095,0
39348,2011-12-28,0.27781769316888255,1
39349,2011-12-28,0.19701645600445372,0
39350,2011-12-28,0.09510183060597302,0
39351,2011-12-28,0.27542607331205937,0
39352,2011-12-28,0.21736371166787707,0
39353,2011-12-28,0.3682526704326304,0
39354,2011-12-28,0.18991725320273184,0
39355,2011-12-28,0.3292184629159412,0
39356,2011-12-28,0.26076621434378894,0
39357,2011-12-28,0.3279145612681802,1
39358,2011-12-28,0.1788928989560004,0
39359,2011-12-28,0.31377783045144847,1
39360,2011-12-28,0.31503623600645453,0
39361,2011-12-28,0.36399162642988087,0
39362,2011-12-28,0.5356465904102842,1
39363,2011-12-28,0.5281282873955928,0
39364,2011-12-28,0.18007961570073155,0
39365,2011-12-28,0.25486658752940805,0
39366,2011-12-28,0.2249466114742795,0
39367,2011-12-28,0.21188012002205076,0
39368,2011-12-28,0.2114696846380494,0
39369,2011-12-28,0.2245863726200954,0
39370,2011-12-28,0.31132613068007625,0
39371,2011-12-28,0.19954461270590326,0
39372,2011-12-28,0.27521696719976285,0
39373,2011-12-28,0.19129259264033316,0
39374,2011-12-28,0.5634975806104292,1
39375,2011-12-28,0.23119599226406307,0
39376,2011-12-28,0.39408542210102554,0
39377,2011-12-28,0.3045596010090777,0
39378,2011-12-28,0.23549422502246808,0
39379,2011-12-28,0.20001391710288005,1
39380,2011-12-28,0.31424796183496223,0
39381,2011-12-28,0.26565022657793474,1
39382,2011-12-28,0.3213948699692189,0
39383,2011-12-28,0.3856719500366371,0
39384,2011-12-28,0.25774968884349064,0
39385,2011-12-28,0.2091535383224487,0
39386,2011-12-28,0.26229135240988277,0
39387,2011-12-28,0.21047644604577492,0
39388,2011-12-28,0.3444468366456395,0
39389,2011-12-28,0.3151185741460315,1
39390,2011-12-28,0.4188189179985378,0
39391,2011-12-28,0.2296070010452401,1
39392,2011-12-28,0.1701040313219366,0
39393,2011-12-28,0.3989588751601492,0
39394,2011-12-28,0.2934863350332206,0
39395,2011-12-28,0.3715084007444758,1
39396,2011-12-28,0.4050248988973769,0
39397,2011-12-28,0.25800970957106734,0
39398,2011-12-28,0.22991104233399373,0
39399,2011-12-28,0.278844367783193,0
39400,2011-12-28,0.17490623371772718,1
39401,2011-12-28,0.16046837029770541,0
39402,2011-12-28,0.2358251730530614,0
39403,2011-12-28,0.4648628395511975,1
39404,2011-12-28,0.3005081648084685,0
39405,2011-12-28,0.261974873366195,0
39406,2011-12-28,0.4547388048754198,1
39407,2011-12-28,0.19831494344006978,0
39408,2011-12-28,0.4164167181539612,0
39409,2011-12-28,0.1472534497963079,0
39410,2011-12-28,0.13333784042341362,0
39411,2011-12-28,0.18065076720332002,0
39412,2011-12-28,0.29378482934044997,0
39413,2011-12-28,0.20345197906630208,0
39414,2011-12-28,0.2203959511728286,0
39415,2011-12-28,0.1424421170407167,1
39416,2011-12-28,0.2540480129416669,0
39417,2011-12-28,0.26222504657125206,0
39418,2011-12-28,0.34090365450128435,0
39419,2011-12-28,0.44088919580350133,1
39420,2011-12-28,0.4113075114140035,0
39421,2011-12-28,0.46017843546564946,1
39422,2011-12-28,0.3133547662316582,0
39423,2011-12-28,0.24068815465989365,0
39424,2011-12-28,0.20211089211989025,0
39425,2011-12-28,0.3979806862532498,0
39426,2011-12-28,0.23700560990737923,0
39427,2011-12-28,0.48758757055178653,0
39428,2011-12-28,0.14149359776568432,0
39429,2011-12-28,0.11220843668538713,0
39430,2011-12-28,0.21417806769589462,0
39431,2011-12-28,0.4069518745113531,0
39432,2011-12-28,0.13039748191705033,0
39433,2011-12-28,0.293985639642858,0
39434,2011-12-28,0.18200162337928147,0
39435,2011-12-28,0.23381757496582412,0
39436,2011-12-28,0.35514670219853917,0
39437,2011-12-28,0.1697824878793719,0
39438,2011-12-28,0.2629488606018581,0
39439,2011-12-28,0.5507521542531654,1
39440,2011-12-28,0.19331131764683238,0
39441,2011-12-28,0.348982585985191,0
39442,2011-12-28,0.46504243929938033,1
39443,2011-12-28,0.22602206217414758,1
39444,2011-12-28,0.2528211087570025,0
39445,2011-12-28,0.3899499561213159,1
39446,2011-12-28,0.5242790358431102,0
39447,2011-12-28,0.3673789705046477,0
39448,2011-12-28,0.21303120821092592,0
39449,2011-12-28,0.2620844328789699,0
39450,2011-12-28,0.22329823027876955,1
39451,2011-12-28,0.14633149214284846,0
39452,2011-12-28,0.26659117288583545,0
39453,2011-12-28,0.1994283850543103,0
39454,2011-12-28,0.42333391068663434,1
39455,2011-12-28,0.318997756966644,0
39456,2011-12-28,0.28719696356220525,0
39457,2011-12-28,0.3520281375730443,0
39458,2011-12-28,0.3300748125181388,0
39459,2011-12-28,0.32457470834042157,0
39460,2011-12-28,0.3831349647856315,0
39461,2011-12-28,0.2584361117321872,0
39462,2011-12-28,0.3012971747198353,0
39463,2011-12-28,0.1660026047063586,0
39464,2011-12-28,0.15346574739210986,0
39465,2011-12-28,0.17311892090068806,0
39466,2011-12-28,0.30950067508740414,0
39467,2011-12-28,0.19988779228007175,0
39468,2011-12-28,0.24882023494268093,0
39469,2011-12-28,0.32936938714204717,0
39470,2011-12-28,0.18101359728280247,1
39471,2011-12-28,0.24272057050192247,0
39472,2011-12-28,0.11063328112377184,0
39473,2011-12-28,0.30318967675491526,0
39474,2011-12-28,0.21843321587045914,0
39475,2011-12-28,0.4260620358215435,1
39476,2011-12-28,0.1632430583118355,0
39477,2011-12-28,0.28013457726509594,0
39478,2011-12-28,0.39231347537644473,1
39479,2011-12-28,0.44585978908493235,0
39480,2011-12-28,0.34570538508549037,1
39481,2011-12-28,0.16801243780635475,0
39482,2011-12-28,0.17127456155635423,0
39483,2011-12-28,0.49720363219535063,1
39484,2011-12-28,0.4788997159065933,1
39485,2011-12-28,0.26765111557672944,0
39486,2011-12-28,0.2243002974369246,0
39487,2011-12-28,0.500547764593744,1
39488,2011-12-28,0.16457268364919547,1
39489,2011-12-28,0.25012917615450203,0
39490,2011-12-28,0.26680538798406367,0
39491,2011-12-28,0.24577811002746192,1
39492,2011-12-28,0.4056767346432977,0
39493,2011-12-28,0.4904739525189357,1
39494,2011-12-28,0.41924629243213113,0
39495,2011-12-28,0.5221274085321068,1
39496,2011-12-28,0.2238457986214513,0
39497,2011-12-28,0.43702006199617643,1
39498,2011-12-28,0.26648189616026446,1
39499,2011-12-28,0.5678504499879182,1
39500,2011-12-28,0.2944239302053227,0
39501,2011-12-28,0.25119861639464547,0
39502,2011-12-28,0.3736781206675906,0
39503,2011-12-28,0.23912722328636266,0
39504,2011-12-28,0.1835739300133532,0
39505,2011-12-28,0.20189242132924326,0
39506,2011-12-28,0.11236862420722522,1
39507,2011-12-28,0.3434822536930312,1
39508,2011-12-28,0.3230519468907865,1
39509,2011-12-28,0.3031477925930015,0
39510,2011-12-28,0.36434181807730553,1
39511,2011-12-28,0.13147702785036713,0
39512,2011-12-28,0.22162431191166326,1
39513,2011-12-28,0.1570806684951352,0
39514,2011-12-28,0.18139919397276918,0
39515,2011-12-28,0.6005595721995676,1
39516,2011-12-28,0.4948629819249235,1
39517,2011-12-28,0.15406817809677603,0
39518,2011-12-28,0.12307742043690117,0
39519,2011-12-28,0.34603072434817483,0
39520,2011-12-28,0.21645137088299304,1
39521,2011-12-28,0.31142189120904534,0
39522,2011-12-28,0.21180533499271734,0
39523,2011-12-28,0.48571201933955527,0
39524,2011-12-28,0.34492937640931565,0
39525,2011-12-28,0.22352688207623744,0
39526,2011-12-28,0.26999094818239905,0
39527,2011-12-28,0.341342964439317,0
39528,2011-12-28,0.29498029456251007,0
39529,2011-12-28,0.1960937435014642,0
39530,2011-12-28,0.1424787898002087,0
39531,2011-12-28,0.2932162217036343,0
39532,2011-12-28,0.12207070880708853,0
39533,2011-12-28,0.22223781747715746,0
39534,2011-12-28,0.20607465269029684,0
39535,2011-12-28,0.2765150191659021,0
39536,2011-12-28,0.18718572171122408,0
39537,2011-12-28,0.3084660057196813,1
39538,2011-12-28,0.24703978342816976,0
39539,2011-12-28,0.23158984515354206,0
39540,2011-12-28,0.3503495339897188,0
39541,2011-12-28,0.21853278921308855,0
39542,2011-12-28,0.29418691860747576,1
39543,2011-12-28,0.4463452841839234,0
39544,2011-12-28,0.27950010942877307,0
39545,2011-12-28,0.26552221703487894,0
39546,2011-12-28,0.20555629135543046,1
39547,2011-12-28,0.2981631257936391,0
39548,2011-12-28,0.18020111151985393,0
39549,2011-12-28,0.4398924614138449,1
39550,2011-12-28,0.5673722883995402,1
39551,2011-12-28,0.20051771655205022,0
39552,2011-12-28,0.12914060664114488,1
39553,2011-12-28,0.31239485390607447,0
39554,2011-12-28,0.46892073021089203,0
39555,2011-12-28,0.214726765509994,0
39556,2011-12-28,0.1833397637453429,0
39557,2011-12-28,0.24380126569177307,0
39558,2011-12-28,0.240506600886369,1
39559,2011-12-28,0.2592070459878799,1
39560,2011-12-28,0.3805687441800601,0
39561,2011-12-28,0.35981533460212606,0
39562,2011-12-28,0.2961265255145638,0
39563,2011-12-28,0.28404147075230235,0
39564,2011-12-28,0.2720223194761973,0
39565,2011-12-28,0.24128070056972434,0
39566,2011-12-28,0.17012463361892405,0
39567,2011-12-28,0.4138922518501422,0
39568,2011-12-28,0.20284932790073085,1
39569,2011-12-28,0.359101922483376,0
39570,2011-12-28,0.17314992847097213,0
39571,2011-12-28,0.22562727672969743,1
39572,2011-12-28,0.41033612200434605,0
39573,2011-12-28,0.1475942020401414,0
39574,2011-12-28,0.24997350937015214,1
39575,2011-12-28,0.18668690333211752,0
39576,2011-12-28,0.48781217147034056,1
39577,2011-12-28,0.21079362373079408,0
39578,2011-12-28,0.4299935120831482,1
39579,2011-12-28,0.21769383891535632,1
39580,2011-12-28,0.4513463311520978,1
39581,2011-12-28,0.48986434289298525,0
39582,2011-12-28,0.3562877198244905,1
39583,2011-12-28,0.19867248179966157,0
39584,2011-12-28,0.3426622825287223,1
39585,2011-12-28,0.5172056356797371,0
39586,2011-12-28,0.3026589647369111,1
39587,2011-12-28,0.24701333808620005,0
39588,2011-12-28,0.20352600357660466,0
39589,2011-12-28,0.3170280809826042,0
39590,2011-12-28,0.21086575955952724,0
39591,2011-12-28,0.20359394750480397,0
39592,2011-12-28,0.15025017720636208,0
39593,2011-12-28,0.3158782605648898,0
39594,2011-12-28,0.13160888055427944,0
39595,2011-12-29,0.12057497385622057,0
39596,2011-12-29,0.324420672616199,0
39597,2011-12-29,0.2061855061607594,0
39598,2011-12-29,0.23092115335337063,0
39599,2011-12-29,0.3492483684962846,1
39600,2011-12-29,0.22073174003842047,1
39601,2011-12-29,0.20335257740325283,0
39602,2011-12-29,0.2905250742136378,0
39603,2011-12-29,0.18902167662878352,0
39604,2011-12-29,0.15897972672499122,0
39605,2011-12-29,0.14006233063399534,0
39606,2011-12-29,0.20933423053754954,1
39607,2011-12-29,0.2875510669487366,0
39608,2011-12-29,0.3904883008815228,1
39609,2011-12-29,0.4170420045857063,1
39610,2011-12-29,0.4212041565157625,0
39611,2011-12-29,0.2102509340259255,0
39612,2011-12-29,0.1931240364490032,0
39613,2011-12-29,0.25023018496209987,0
39614,2011-12-29,0.27954713785509605,1
39615,2011-12-29,0.1530895636886096,0
39616,2011-12-29,0.1390847024668567,0
39617,2011-12-29,0.3599264180441239,0
39618,2011-12-29,0.3811004593234941,0
39619,2011-12-29,0.2529962871660392,0
39620,2011-12-29,0.2426643953422904,0
39621,2011-12-29,0.2104851487072692,1
39622,2011-12-29,0.2392569433877905,1
39623,2011-12-29,0.2109678000499322,0
39624,2011-12-29,0.19789625777520237,0
39625,2011-12-29,0.17328455918324437,0
39626,2011-12-29,0.23513456747778805,0
39627,2011-12-29,0.13628551962073326,0
39628,2011-12-29,0.30327460387415484,0
39629,2011-12-29,0.30524059030229905,0
39630,2011-12-29,0.15023149037339942,0
39631,2011-12-29,0.1923748399607444,0
39632,2011-12-29,0.17222506273362578,1
39633,2011-12-29,0.5345503980212934,1
39634,2011-12-29,0.30514031279716,0
39635,2011-12-29,0.48045039046852606,1
39636,2011-12-29,0.4340883949158172,1
39637,2011-12-29,0.3593078734880728,0
39638,2011-12-29,0.23652763393925297,0
39639,2011-12-29,0.6062693652442379,1
39640,2011-12-29,0.25288497816100786,0
39641,2011-12-29,0.20624579526400413,0
39642,2011-12-29,0.16779274431198804,0
39643,2011-12-29,0.26646607636812236,0
39644,2011-12-29,0.35322271070892086,0
39645,2011-12-29,0.190008753249632,1
39646,2011-12-29,0.33945940952847137,0
39647,2011-12-29,0.36915755423877483,0
39648,2011-12-29,0.580920094401469,1
39649,2011-12-29,0.4631958203242958,1
39650,2011-12-29,0.3905613041354512,1
39651,2011-12-29,0.21173321525457747,1
39652,2011-12-29,0.23849560010773413,1
39653,2011-12-29,0.23790770415635162,0
39654,2011-12-29,0.22144413542503116,0
39655,2011-12-29,0.17107318795248433,0
39656,2011-12-29,0.3178309485264071,0
39657,2011-12-29,0.19903833341931068,0
39658,2011-12-29,0.3139170312514765,1
39659,2011-12-29,0.452939816463058,1
39660,2011-12-29,0.3497759342597901,0
39661,2011-12-29,0.30615031715794716,1
39662,2011-12-29,0.27580531943036746,0
39663,2011-12-29,0.313081533121439,0
39664,2011-12-29,0.2930538483628139,0
39665,2011-12-29,0.1698996007492351,0
39666,2011-12-29,0.5026835220786979,0
39667,2011-12-29,0.14272371163714878,0
39668,2011-12-29,0.17970462725906716,1
39669,2011-12-29,0.196972626510407,0
39670,2011-12-29,0.1853499561268825,1
39671,2011-12-29,0.22175761411484982,0
39672,2011-12-29,0.3545425197001712,0
39673,2011-12-29,0.3174946785997549,1
39674,2011-12-29,0.24011382265139955,1
39675,2011-12-29,0.3081802614585229,0
39676,2011-12-29,0.14679458361447625,0
39677,2011-12-29,0.3338425166562155,1
39678,2011-12-29,0.5781302091155782,1
39679,2011-12-29,0.14370455428221554,0
39680,2011-12-29,0.18654421827753587,0
39681,2011-12-29,0.2570440806253199,1
39682,2011-12-29,0.3176701464148051,0
39683,2011-12-29,0.27297243074830624,1
39684,2011-12-29,0.46937666332075134,1
39685,2011-12-29,0.3520512224221522,1
39686,2011-12-29,0.5799324710537197,0
39687,2011-12-29,0.3723377322870599,0
39688,2011-12-29,0.5705720125690781,1
39689,2011-12-29,0.4226817240994019,1
39690,2011-12-29,0.27370611607986023,0
39691,2011-12-29,0.24984167154554338,0
39692,2011-12-29,0.13302595189706412,0
39693,2011-12-29,0.19033048676843387,1
39694,2011-12-29,0.18846419659121938,0
39695,2011-12-29,0.43363751191133354,1
39696,2011-12-29,0.16327470468781383,0
39697,2011-12-29,0.2510677602141739,0
39698,2011-12-29,0.3232420631542627,0
39699,2011-12-29,0.3432205951653215,1
39700,2011-12-29,0.1772056466671187,1
39701,2011-12-29,0.1635543054053651,0
39702,2011-12-29,0.243184293665248,0
39703,2011-12-29,0.2246789323963059,0
39704,2011-12-29,0.28881869020487455,0
39705,2011-12-29,0.1820849750374193,0
39706,2011-12-29,0.3399459996705503,0
39707,2011-12-29,0.257777206840618,1
39708,2011-12-29,0.27758421350438595,0
39709,2011-12-29,0.33491791203580196,0
39710,2011-12-29,0.17283805413062728,0
39711,2011-12-29,0.5650059832911608,0
39712,2011-12-29,0.3091775688061052,0
39713,2011-12-29,0.27107830661572996,0
39714,2011-12-29,0.5597467148773133,1
39715,2011-12-29,0.29285717446228526,0
39716,2011-12-29,0.22300523703139005,0
39717,2011-12-29,0.3356927326488428,0
39718,2011-12-29,0.37004641034099767,0
39719,2011-12-29,0.17334166615388108,0
39720,2011-12-29,0.2341920416422977,0
39721,2011-12-29,0.2882265182110052,0
39722,2011-12-29,0.5667599932659046,1
39723,2011-12-29,0.19517356046600404,0
39724,2011-12-29,0.287224784861939,0
39725,2011-12-29,0.26621327105506154,0
39726,2011-12-29,0.2987975895376429,0
39727,2011-12-29,0.2359762063244337,0
39728,2011-12-29,0.504682060516325,0
39729,2011-12-29,0.3696344340552417,0
39730,2011-12-29,0.23059830878623236,1
39731,2011-12-29,0.13364409529592405,0
39732,2011-12-29,0.4461545750675539,0
39733,2011-12-29,0.3417656646427257,0
39734,2011-12-29,0.28918305024825486,0
39735,2011-12-29,0.3536103375468871,1
39736,2011-12-29,0.3690454065991408,1
39737,2011-12-29,0.3811834172020383,1
39738,2011-12-29,0.39322681269375914,1
39739,2011-12-29,0.4514336902458691,1
39740,2011-12-29,0.27362831791766995,0
39741,2011-12-29,0.1618463279111329,0
39742,2011-12-29,0.6633464734772428,1
39743,2011-12-29,0.33572144765019196,0
39744,2011-12-29,0.3680856315618915,1
39745,2011-12-29,0.14254846403586421,1
39746,2011-12-29,0.12053097290425172,0
39747,2011-12-29,0.10393358395491888,0
39748,2011-12-29,0.15725435907963128,0
39749,2011-12-29,0.1671404726342417,0
39750,2011-12-29,0.2955700028452099,0
39751,2011-12-29,0.21056917615137066,0
39752,2011-12-29,0.19968088055984068,0
39753,2011-12-29,0.19504799769767014,0
39754,2011-12-29,0.23190079918568454,1
39755,2011-12-29,0.2911440680768722,0
39756,2011-12-29,0.591762341280517,0
39757,2011-12-30,0.1625717334902816,0
39758,2011-12-30,0.35254300303640507,1
39759,2011-12-30,0.2799112023051422,1
39760,2011-12-30,0.2241495195263976,0
39761,2011-12-30,0.24508068890505916,0
39762,2011-12-30,0.18172004211584844,0
39763,2011-12-30,0.1973691249135187,0
39764,2011-12-30,0.35557670075343983,0
39765,2011-12-30,0.16243259314004715,0
39766,2011-12-30,0.18054219738111116,1
39767,2011-12-30,0.17407216604813905,0
39768,2011-12-30,0.43492140985223243,0
39769,2011-12-30,0.39595830551661254,0
39770,2011-12-30,0.21853671961893775,1
39771,2011-12-30,0.28680277403302257,0
39772,2011-12-30,0.4409185250134067,0
39773,2011-12-30,0.19304136674817707,1
39774,2011-12-30,0.33411841080238536,0
39775,2011-12-30,0.5000445272213698,0
39776,2011-12-30,0.4809865127802258,1
39777,2011-12-30,0.2600833289599988,0
39778,2011-12-30,0.23552344540573802,0
39779,2011-12-30,0.25616384773369827,1
39780,2011-12-30,0.33214849965679133,0
39781,2011-12-30,0.20304412915263786,0
39782,2011-12-30,0.16135578682258453,0
39783,2011-12-30,0.28548078857691983,1
39784,2011-12-30,0.17792658918350285,0
39785,2011-12-30,0.3232974745772121,1
39786,2011-12-30,0.14193345439825042,0
39787,2011-12-30,0.17326127434422842,0
39788,2011-12-30,0.32420230880874135,1
39789,2011-12-30,0.3904067056028804,0
39790,2011-12-30,0.5284383057101321,0
39791,2011-12-30,0.2212218104467232,0
39792,2011-12-30,0.13001451924921162,0
39793,2011-12-30,0.3433938264251947,0
39794,2011-12-30,0.2665358139810192,0
39795,2011-12-30,0.43718826899810487,1
39796,2011-12-30,0.24377434784064383,0
39797,2011-12-30,0.3907866416022682,0
39798,2011-12-30,0.2612675516621626,0
39799,2011-12-30,0.12997285683523865,0
39800,2011-12-30,0.19927317100153302,0
39801,2011-12-30,0.6203963884428783,1
39802,2011-12-30,0.23566109408441724,1
39803,2011-12-30,0.30246609926652535,1
39804,2011-12-30,0.23372572448484882,0
39805,2011-12-30,0.35617391620409,0
39806,2011-12-30,0.27350938594768753,0
39807,2011-12-30,0.20755150746545378,0
39808,2011-12-30,0.41949721911131643,0
39809,2011-12-30,0.23281141686807516,0
39810,2011-12-30,0.24998104417485523,0
39811,2011-12-30,0.230692208543789,0
39812,2011-12-30,0.36599653795036563,1
39813,2011-12-30,0.31427515914181336,1
39814,2011-12-30,0.2644935330990287,0
39815,2011-12-30,0.2143926653026559,0
39816,2011-12-30,0.22183274781599296,0
39817,2011-12-30,0.1938527318136365,0
39818,2011-12-30,0.17225850191108646,0
39819,2011-12-30,0.3918315304577012,0
39820,2011-12-30,0.2977317150082268,0
39821,2011-12-30,0.31384448093457235,0
39822,2011-12-30,0.40111193053393257,0
39823,2011-12-30,0.4494085135261956,1
39824,2011-12-30,0.3003471061471032,1
39825,2011-12-30,0.24407761867977762,0
39826,2011-12-30,0.5887163834304084,0
39827,2011-12-30,0.245361718639131,1
39828,2011-12-30,0.29146640573465354,0
39829,2011-12-30,0.22699385537597624,1
39830,2011-12-30,0.44201661362692407,1
39831,2011-12-30,0.17102194038884194,1
39832,2011-12-30,0.3762282125474422,0
39833,2011-12-30,0.21473631625583792,0
39834,2011-12-30,0.3992354812059584,0
39835,2011-12-30,0.3215141146608445,0
39836,2011-12-30,0.13170166654643628,0
39837,2011-12-30,0.2875559618497821,1
39838,2011-12-30,0.33321286213824247,1
39839,2011-12-30,0.2320921596038647,1
39840,2011-12-30,0.41631337137120766,1
39841,2011-12-30,0.43791459861644655,0
39842,2011-12-30,0.21208911731373753,0
39843,2011-12-30,0.23716486786108987,0
39844,2011-12-30,0.25370972486657234,0
39845,2011-12-30,0.296212796201494,0
39846,2011-12-30,0.35136519152343254,0
39847,2011-12-30,0.35849169523418206,0
39848,2011-12-30,0.1854765968743239,0
39849,2011-12-30,0.34474143863991064,1
39850,2011-12-30,0.2001758430141962,0
39851,2011-12-30,0.30217686761029966,0
39852,2011-12-30,0.30452807252125136,1
39853,2011-12-30,0.21912110767789303,0
39854,2011-12-30,0.35353960899256937,0
39855,2011-12-30,0.28564760639030645,1
39856,2011-12-30,0.289232340010913,1
39857,2011-12-30,0.247054840812313,0
39858,2011-12-30,0.23635305990993813,0
39859,2011-12-30,0.13215106692552359,0
39860,2011-12-30,0.25025431936723624,1
39861,2011-12-30,0.20919049531921735,0
39862,2011-12-30,0.4507896475491167,0
39863,2011-12-30,0.3162346881529911,0
39864,2011-12-30,0.21041449105674778,0
39865,2011-12-30,0.2535895477587544,0
39866,2011-12-30,0.5138986577024719,1
39867,2011-12-30,0.5545778022861483,1
39868,2011-12-30,0.3561960528554501,0
39869,2011-12-30,0.3417681933256511,0
39870,2011-12-30,0.1412470175672627,0
39871,2011-12-30,0.28001664378079555,0
39872,2011-12-30,0.558424231194296,1
39873,2011-12-30,0.2474677304152949,0
39874,2011-12-30,0.3334026400701845,0
39875,2011-12-30,0.40059569816030033,1
39876,2011-12-30,0.3664418748421387,0
39877,2011-12-30,0.2083735433583599,0
39878,2011-12-30,0.38833584701263235,0
39879,2011-12-30,0.15916366288513634,0
39880,2011-12-30,0.26231017519586936,0
39881,2011-12-30,0.16804675351908901,1
39882,2011-12-30,0.15606858656778771,0
39883,2011-12-30,0.4403668731056095,0
39884,2011-12-30,0.24961559426278454,0
39885,2011-12-30,0.3793527520420492,1
39886,2011-12-30,0.1701391562447687,0
39887,2011-12-30,0.4510686683105969,1
39888,2011-12-30,0.20218781240837266,0
39889,2011-12-30,0.1607793677427592,0
39890,2011-12-30,0.22112810911372285,0
39891,2011-12-30,0.17060939630780386,1
39892,2011-12-30,0.3847742039878288,1
39893,2011-12-30,0.12249063373235337,0
39894,2011-12-30,0.16272366731350874,0
39895,2011-12-30,0.4509885794550586,0
39896,2011-12-30,0.36051559913001374,1
39897,2011-12-30,0.27037241165464543,0
39898,2011-12-30,0.14078601857152517,1
39899,2011-12-30,0.29412019019966756,1
39900,2011-12-30,0.32632955050940315,0
39901,2011-12-30,0.23499343449709828,0
39902,2011-12-30,0.1710982142685847,0
39903,2011-12-30,0.5639321472090758,1
39904,2011-12-30,0.46736761589984305,1
39905,2011-12-30,0.17933706449637354,0
39906,2011-12-30,0.12758482039696392,0
39907,2011-12-30,0.33513533443230575,0
39908,2011-12-30,0.13759979689814728,0
39909,2011-12-30,0.4552052190395728,1
39910,2011-12-30,0.5281270007992567,0
39911,2011-12-30,0.2698718872273069,0
39912,2011-12-30,0.12244468639211749,0
39913,2011-12-30,0.3227301273482129,0
39914,2011-12-30,0.13232400812890616,0
39915,2011-12-30,0.3221079388486241,0
39916,2011-12-30,0.3021619690228564,1
39917,2011-12-30,0.14589251118164726,1
39918,2011-12-30,0.3220463414420687,0
39919,2011-12-30,0.26531121051151113,0
39920,2011-12-30,0.16873324817651067,0
39921,2011-12-30,0.2639533302920494,0
39922,2011-12-30,0.26490078581138904,0
39923,2011-12-30,0.18130791579510924,0
39924,2011-12-30,0.36538305430003337,0
39925,2011-12-30,0.38525752388710127,1
39926,2011-12-30,0.234470333255202,0
39927,2011-12-30,0.20699033792889068,0
39928,2011-12-30,0.5502797447429494,0
39929,2011-12-30,0.32293126516110954,0
39930,2011-12-30,0.5493490448182212,0
39931,2011-12-30,0.25212257195386767,0
39932,2011-12-30,0.25803898070263953,0
39933,2011-12-30,0.17946590833501513,0
39934,2011-12-30,0.34938281749840544,1
39935,2011-12-30,0.433334385442457,1
39936,2011-12-30,0.4623543134368167,0
39937,2011-12-30,0.1543547274457705,0
39938,2011-12-30,0.19250314715184327,0
39939,2011-12-30,0.32338771642137804,0
39940,2011-12-30,0.35683189116555497,1
39941,2011-12-30,0.2572475930604146,1
39942,2011-12-30,0.2686540359639444,1
39943,2011-12-30,0.3890130034701666,0
39944,2011-12-30,0.4224532435944827,1
39945,2011-12-30,0.44343381960495076,0
39946,2011-12-30,0.35112835544171483,1
39947,2011-12-30,0.21849825446746562,0
39948,2011-12-30,0.23563416853072403,1
39949,2011-12-30,0.19699610313975688,0
39950,2011-12-30,0.31347203993242423,0
39951,2011-12-30,0.22439434270854103,1
39952,2011-12-30,0.20721451212631234,0
39953,2011-12-30,0.18220883777683483,0
39954,2011-12-30,0.13992486467710638,0
39955,2011-12-30,0.29079329648592955,0
39956,2011-12-30,0.36621987976838527,1
39957,2011-12-30,0.3220453197520758,0
39958,2011-12-30,0.25606366274646464,0
39959,2011-12-30,0.0927469582851348,0
39960,2011-12-30,0.3785064088390284,1
39961,2011-12-30,0.2134062320202661,0
39962,2011-12-30,0.2948397840333567,0
39963,2011-12-30,0.21861563321991975,0
39964,2011-12-30,0.1374338839674917,0
39965,2011-12-30,0.2275828003371673,0
39966,2011-12-30,0.4252563803746479,0
39967,2011-12-30,0.09916302312641473,0
39968,2011-12-30,0.28072780476178494,0
39969,2011-12-30,0.19495888265984093,0
39970,2011-12-30,0.49267393659348135,1
39971,2011-12-30,0.27862276914226125,0
39972,2011-12-30,0.28213097792838204,0
39973,2011-12-30,0.13379123236580165,0
39974,2011-12-30,0.2330443315853685,0
39975,2011-12-30,0.2998679192181007,1
39976,2011-12-30,0.22293883694272965,0
39977,2011-12-30,0.43656220169119514,0
39978,2011-12-30,0.2507199042321429,1
39979,2011-12-30,0.19614963599661764,0
39980,2011-12-30,0.09829899811664482,0
39981,2011-12-30,0.17233135838594354,1
39982,2011-12-30,0.502329468565381,1
39983,2011-12-30,0.21112151696642706,0
39984,2011-12-30,0.15200769176619647,1
39985,2011-12-30,0.20123380602363727,0
39986,2011-12-30,0.48135169070127565,1
39987,2011-12-30,0.34816718770986693,0
39988,2011-12-30,0.2855030570390681,1
39989,2011-12-30,0.22807917603458516,0
39990,2011-12-30,0.23077958586080127,0
39991,2011-12-30,0.4642817021580304,1
39992,2011-12-30,0.46671078045748643,0
39993,2011-12-30,0.14198472671000742,0
39994,2011-12-30,0.3451337362524592,1
39995,2011-12-30,0.236725294523343,0
39996,2011-12-30,0.389174622263333,0
39997,2011-12-30,0.4146691824609882,1
39998,2011-12-30,0.40287040854785205,0
39999,2011-12-30,0.155776030329264,0
40000,2011-12-30,0.2228122656067368,0
40001,2011-12-30,0.3449254013720012,0
40002,2011-12-30,0.29408949125618167,0
40003,2011-12-30,0.13763962243492855,0
40004,2011-12-30,0.3125190677196582,1
40005,2011-12-30,0.265122762105113,0
40006,2011-12-30,0.348325029931823,0
40007,2011-12-30,0.47762616844389516,0
40008,2011-12-30,0.20651111626619242,0
40009,2011-12-30,0.19877522559820482,0
40010,2011-12-30,0.32047099231188114,0
40011,2011-12-30,0.2230394306354043,1
40012,2011-12-30,0.4664958013502403,0
40013,2011-12-30,0.36838376044980714,1
40014,2011-12-30,0.2383552010774343,0
40015,2011-12-30,0.3260291487725961,0
40016,2011-12-30,0.23805636240753247,0
40017,2011-12-30,0.3234693303637128,0
40018,2011-12-30,0.20458463105731645,0
40019,2011-12-30,0.28551024988952906,0
40020,2011-12-30,0.14847725166735037,0
40021,2011-12-30,0.22940281682773256,0
40022,2011-12-30,0.28887613299430925,0
40023,2011-12-30,0.2739984505858337,0
40024,2011-12-30,0.24328266588716194,0
40025,2011-12-30,0.18334772732679722,0
40026,2011-12-30,0.5536069278338692,0
40027,2011-12-30,0.17416022594261002,0
40028,2011-12-30,0.29028895201714683,0
40029,2011-12-30,0.32311320990618886,0
40030,2011-12-30,0.38152172111148186,0
40031,2011-12-30,0.2284859676569742,0
40032,2011-12-30,0.2775913267644492,0
40033,2011-12-30,0.2526127395018918,0
40034,2011-12-30,0.16442123088061453,0
40035,2011-12-30,0.36986651448698804,1
40036,2011-12-30,0.332425977998851,0
40037,2011-12-30,0.17141851054606663,0
40038,2011-12-30,0.2359209463994111,0
40039,2011-12-30,0.42910972949223747,1
40040,2011-12-30,0.36239049449423033,0
40041,2011-12-30,0.26690875752228355,0
40042,2011-12-30,0.31962008691028543,1
40043,2011-12-30,0.18416712671908408,0
40044,2011-12-30,0.5025650979054384,1
40045,2011-12-30,0.49958484928251634,1
40046,2011-12-30,0.34673100054470146,1
40047,2011-12-30,0.286777860949455,0
40048,2011-12-30,0.23369797286583258,0
40049,2011-12-30,0.25348607988210164,1
40050,2011-12-30,0.20970436221329855,1
40051,2011-12-30,0.24304681642154707,0
40052,2011-12-30,0.505496408561446,0
40053,2011-12-30,0.41724133670271574,0
40054,2011-12-30,0.2396211955455476,0
40055,2011-12-30,0.32281156789247245,1
40056,2011-12-30,0.22326549486403802,0
40057,2011-12-30,0.227191486436331,0
40058,2011-12-30,0.2291282661029798,1
40059,2011-12-30,0.16876902443695105,0
40060,2011-12-30,0.5799260364128052,0
40061,2011-12-30,0.1917253252756307,0
40062,2011-12-30,0.20861534084151276,1
40063,2011-12-30,0.1948342909624447,0
40064,2011-12-30,0.44278944665223774,0
40065,2011-12-30,0.17336946366108236,0
40066,2011-12-30,0.3071849735710361,0
40067,2011-12-30,0.474445100511109,1
40068,2011-12-30,0.20949341046784548,0
40069,2011-12-30,0.37427090385028566,0
40070,2011-12-31,0.3054687839310942,0
40071,2011-12-31,0.21294167040361675,0
40072,2011-12-31,0.4308937386310819,0
40073,2011-12-31,0.10565789423123693,0
40074,2011-12-31,0.5998625882170059,1
40075,2011-12-31,0.304736414239054,0
40076,2011-12-31,0.25995538326666134,0
40077,2011-12-31,0.17803477887757163,0
40078,2011-12-31,0.35543006477334504,0
40079,2011-12-31,0.1380582362825935,0
40080,2011-12-31,0.3787006581892242,0
40081,2011-12-31,0.14144852361006968,0
40082,2011-12-31,0.25009997372344644,0
40083,2011-12-31,0.15419922713624964,0
40084,2011-12-31,0.19578745630935182,0
40085,2011-12-31,0.17960691947874058,0
40086,2011-12-31,0.5370291147874844,1
40087,2011-12-31,0.23047401631190356,0
40088,2011-12-31,0.4462004398313903,0
40089,2011-12-31,0.33477220914495953,1
40090,2011-12-31,0.3073216345069755,0
40091,2011-12-31,0.16704173709793796,0
40092,2011-12-31,0.2740469548435008,1
40093,2011-12-31,0.2801752444839101,1
40094,2011-12-31,0.22270294912747438,0
40095,2011-12-31,0.2667030300647754,0
40096,2011-12-31,0.15029149562153832,0
40097,2011-12-31,0.18426808770629677,0
40098,2011-12-31,0.3272446521854195,0
40099,2011-12-31,0.21374990583588277,0
40100,2011-12-31,0.21239315790641844,0
40101,2011-12-31,0.24176947322482986,0
40102,2011-12-31,0.21099477766720845,0
40103,2011-12-31,0.24086101667149434,0
40104,2011-12-31,0.3342806893637116,0
40105,2011-12-31,0.19850285737083675,0
40106,2011-12-31,0.417421631403481,0
40107,2011-12-31,0.29693236581593685,0
40108,2011-12-31,0.38527352900584727,0
40109,2011-12-31,0.1836793615980272,0
40110,2011-12-31,0.3540732154207786,0
40111,2011-12-31,0.2700410012208296,0
40112,2011-12-31,0.31637096921546376,0
40113,2011-12-31,0.36166575725111366,0
40114,2011-12-31,0.4816707909782579,0
40115,2011-12-31,0.14285401936048195,0
40116,2011-12-31,0.4249183075463051,1
40117,2011-12-31,0.26038150070696925,0
40118,2011-12-31,0.2461919593683565,0
40119,2011-12-31,0.2740500862827523,1
40120,2011-12-31,0.24808449041760355,0
40121,2011-12-31,0.611430469355645,1
40122,2011-12-31,0.14625247008660272,1
40123,2011-12-31,0.382138654191828,0
40124,2011-12-31,0.25715951800969544,0
40125,2011-12-31,0.5068144785082144,1
40126,2011-12-31,0.1646021239873719,0
40127,2011-12-31,0.4949778782702043,1
40128,2011-12-31,0.2139770110083579,0
40129,2011-12-31,0.20129881796395852,0
40130,2011-12-31,0.4809224888181734,0
40131,2011-12-31,0.4142310259849438,0
40132,2011-12-31,0.213819072090392,0
40133,2011-12-31,0.31529712884090166,1
40134,2011-12-31,0.613852735658453,1
40135,2011-12-31,0.39816593356065877,0
40136,2011-12-31,0.18286860760104504,0
40137,2011-12-31,0.2207209956844495,1
40138,2011-12-31,0.3290904877653118,0
40139,2011-12-31,0.18229443118592445,0
40140,2011-12-31,0.34820094213334324,0
40141,2011-12-31,0.22539040059113394,1
40142,2011-12-31,0.18426808770629677,0
40143,2011-12-31,0.2913470866527359,1
40144,2011-12-31,0.2810767211181005,1
40145,2011-12-31,0.30627923943907054,0
40146,2011-12-31,0.24315050102590235,0
40147,2011-12-31,0.14173906251760932,0
40148,2011-12-31,0.26988437337978743,0
40149,2011-12-31,0.446684058415955,1
40150,2011-12-31,0.35519056708446156,0
40151,2011-12-31,0.20366502913920043,0
40152,2011-12-31,0.3025202694220891,1
40153,2011-12-31,0.2184415196244725,0
40154,2011-12-31,0.23202930739876157,0
40155,2011-12-31,0.3137524169883592,0
40156,2011-12-31,0.21436436972853795,0
40157,2011-12-31,0.23831301553287149,1
40158,2011-12-31,0.3836181109660151,0
40159,2011-12-31,0.2693554595931768,0
40160,2011-12-31,0.13844973318390646,0
40161,2011-12-31,0.15281425089555323,1
40162,2011-12-31,0.30718517991060895,0
40163,2011-12-31,0.5074535574348299,0
40164,2011-12-31,0.5209735440710902,0
40165,2011-12-31,0.4555589651915238,1
40166,2011-12-31,0.17391435290451873,0
40167,2011-12-31,0.2170506924254633,0
40168,2011-12-31,0.46304219326932944,0
40169,2011-12-31,0.3855293650836247,0
40170,2011-12-31,0.17059559043248615,0
40171,2011-12-31,0.22439840347777862,0
40172,2011-12-31,0.26592862093881975,0
40173,2011-12-31,0.1836793615980272,0
40174,2011-12-31,0.2587891988960933,0
40175,2011-12-31,0.44424324796048476,0
40176,2011-12-31,0.4399025013424763,1
40177,2011-12-31,0.29528543185772865,0
40178,2011-12-31,0.23300264534535037,0
40179,2011-12-31,0.23680288702761645,0
40180,2011-12-31,0.1428086812703789,0
40181,2011-12-31,0.5434051773325139,1
40182,2011-12-31,0.18426808770629677,0
40183,2011-12-31,0.184983023663501,0
40184,2011-12-31,0.1844366192207383,0
40185,2011-12-31,0.2534109638355925,1
40186,2011-12-31,0.1910649254468888,0
40187,2011-12-31,0.27129287883146314,1
40188,2011-12-31,0.3559788080080091,0
40189,2011-12-31,0.5430203462878996,0
40190,2011-12-31,0.45500583000952255,0
40191,2011-12-31,0.2603887189286309,0
40192,2011-12-31,0.18499273581325948,0
40193,2011-12-31,0.18491468710132977,0
40194,2011-12-31,0.21161836259631675,1
40195,2012-01-01,0.20231689684435727,0
40196,2012-01-01,0.23602472686751227,0
40197,2012-01-01,0.4292036162592637,0
40198,2012-01-01,0.3237545469278518,1
40199,2012-01-01,0.09214500127684543,0
40200,2012-01-01,0.13727572526772847,0
40201,2012-01-01,0.5025213648520109,1
40202,2012-01-01,0.2957177862523185,0
40203,2012-01-01,0.20802052891774758,0
40204,2012-01-01,0.28725564742584686,0
40205,2012-01-01,0.45993433489758256,0
40206,2012-01-01,0.3233529174112853,0
40207,2012-01-01,0.24907915837780514,0
40208,2012-01-01,0.3324247735121351,1
40209,2012-01-01,0.12098768119643552,0
40210,2012-01-01,0.18450942272706375,0
40211,2012-01-01,0.48164908324518646,1
40212,2012-01-01,0.19997445431915506,0
40213,2012-01-01,0.3180812613869719,0
40214,2012-01-01,0.30852008051622115,0
40215,2012-01-01,0.185418151982115,0
40216,2012-01-01,0.33904644734750494,0
40217,2012-01-01,0.3643592385223459,0
40218,2012-01-01,0.20127461575813127,0
40219,2012-01-01,0.27833993250347894,0
40220,2012-01-01,0.4980765086365186,0
40221,2012-01-01,0.34773216221846903,1
40222,2012-01-01,0.24763521928901513,0
40223,2012-01-01,0.29166251345321853,1
40224,2012-01-01,0.1992529551487601,0
40225,2012-01-01,0.5186603454083983,0
40226,2012-01-01,0.23476736548489982,1
40227,2012-01-01,0.448321210703545,1
40228,2012-01-01,0.26961578890190746,0
40229,2012-01-01,0.3299810301404818,0
40230,2012-01-01,0.5186364516356882,0
40231,2012-01-01,0.4308884057412743,1
40232,2012-01-01,0.1658410457909828,0
40233,2012-01-01,0.21260594033585756,0
40234,2012-01-01,0.31616706878347706,0
40235,2012-01-01,0.3534500743332906,1
40236,2012-01-01,0.2967419259927914,1
40237,2012-01-01,0.42390169427513125,0
40238,2012-01-01,0.2880522448765123,1
40239,2012-01-01,0.25192373099188203,1
40240,2012-01-01,0.11559890091864992,0
40241,2012-01-01,0.21072760852421557,0
40242,2012-01-01,0.28367582143351633,0
40243,2012-01-01,0.4210705487379951,0
40244,2012-01-01,0.19203789609695834,0
40245,2012-01-01,0.3526486158866977,0
40246,2012-01-01,0.44652604243682853,0
40247,2012-01-01,0.46717378055509007,0
40248,2012-01-01,0.22796083480879914,1
40249,2012-01-01,0.26571993454440657,0
40250,2012-01-01,0.28368613956323685,0
40251,2012-01-01,0.33828399524221303,1
40252,2012-01-01,0.12059913860596219,1
40253,2012-01-01,0.4944513770590448,0
40254,2012-01-01,0.20389886623357273,0
40255,2012-01-01,0.503018197555687,0
40256,2012-01-01,0.3441145148065851,1
40257,2012-01-01,0.3284046048413858,0
40258,2012-01-01,0.4197950505673296,1
40259,2012-01-01,0.44453927842704455,1
40260,2012-01-01,0.1894418247817884,0
40261,2012-01-02,0.1735534521774849,1
40262,2012-01-02,0.28828741247743245,0
40263,2012-01-02,0.20697087856592056,1
40264,2012-01-02,0.46713978575784243,1
40265,2012-01-02,0.2730941757789217,0
40266,2012-01-02,0.2078831801253713,0
40267,2012-01-02,0.24550314758041222,0
40268,2012-01-02,0.42365926647127444,1
40269,2012-01-02,0.28679471920747,0
40270,2012-01-02,0.12444779039371187,0
40271,2012-01-02,0.24015944738964284,0
40272,2012-01-02,0.4609762889373712,1
40273,2012-01-02,0.2351229682235312,0
40274,2012-01-02,0.2413111507606371,0
40275,2012-01-02,0.2610629579573707,0
40276,2012-01-02,0.35225383260117793,0
40277,2012-01-02,0.3140130661567225,0
40278,2012-01-02,0.5184225802552532,1
40279,2012-01-02,0.3125418128145151,0
40280,2012-01-02,0.1941487863072338,0
40281,2012-01-02,0.25091541959373914,0
40282,2012-01-02,0.4075635550909936,1
40283,2012-01-02,0.27665327802252965,0
40284,2012-01-02,0.4612098235312665,1
40285,2012-01-02,0.5792553963501031,0
40286,2012-01-02,0.5917862385381936,1
40287,2012-01-02,0.15882202200055498,0
40288,2012-01-02,0.26619004406551505,0
40289,2012-01-02,0.429519457244358,0
40290,2012-01-02,0.4670645398972421,0
40291,2012-01-02,0.2534497241134896,0
40292,2012-01-02,0.33921098740753214,0
40293,2012-01-02,0.4921547623982405,0
40294,2012-01-02,0.31932562059825503,1
40295,2012-01-02,0.5283989742331074,1
40296,2012-01-02,0.21430853303632966,0
40297,2012-01-02,0.36569406529038534,1
40298,2012-01-02,0.29575856684505053,1
40299,2012-01-02,0.31317443666905437,0
40300,2012-01-02,0.2014407464587313,0
40301,2012-01-02,0.284094642844907,1
40302,2012-01-02,0.2421903505855192,0
40303,2012-01-02,0.21561850167272595,0
40304,2012-01-02,0.2667564002763656,0
40305,2012-01-02,0.1616705643923284,0
40306,2012-01-02,0.19396611018673626,0
40307,2012-01-02,0.32759279041999717,0
40308,2012-01-02,0.21267220518036162,0
40309,2012-01-02,0.18889479285515362,0
40310,2012-01-02,0.21922318699222648,0
40311,2012-01-02,0.6575556657616631,1
40312,2012-01-02,0.27254207643577183,1
40313,2012-01-02,0.20338758557339093,0
40314,2012-01-02,0.3557129522664751,0
40315,2012-01-02,0.34744507612000847,0
40316,2012-01-02,0.20236078051693185,1
40317,2012-01-02,0.519205220463618,1
40318,2012-01-02,0.19550087053653212,0
40319,2012-01-02,0.19703355961164518,0
40320,2012-01-02,0.44137164040058074,1
40321,2012-01-02,0.32989675937335416,0
40322,2012-01-02,0.3219996662983,0
40323,2012-01-02,0.21225166208681678,0
40324,2012-01-02,0.28932846337559814,0
40325,2012-01-02,0.13509095637215812,0
40326,2012-01-02,0.1790620918309175,0
40327,2012-01-02,0.4707637486051669,1
40328,2012-01-02,0.31693047343746744,0
40329,2012-01-02,0.12350459766314101,0
40330,2012-01-02,0.21082117738502304,0
40331,2012-01-02,0.1578229313487783,0
40332,2012-01-02,0.12776562286638432,0
40333,2012-01-02,0.43569202513417976,0
40334,2012-01-02,0.1827457063272092,0
40335,2012-01-02,0.236936242184236,0
40336,2012-01-02,0.3479825764451586,0
40337,2012-01-02,0.1351880297289565,0
40338,2012-01-02,0.3693377518776056,1
40339,2012-01-02,0.403286125943084,1
40340,2012-01-02,0.16084776818537502,0
40341,2012-01-02,0.529410528195354,1
40342,2012-01-02,0.4619009663409311,1
40343,2012-01-02,0.23110006119711343,0
40344,2012-01-02,0.3394300346258897,0
40345,2012-01-02,0.2258785752445572,0
40346,2012-01-02,0.22995881404170854,0
40347,2012-01-02,0.3788839238407294,1
40348,2012-01-02,0.29611743568475973,0
40349,2012-01-02,0.2482114062801748,1
40350,2012-01-02,0.26523504548549426,0
40351,2012-01-02,0.2934961117795153,1
40352,2012-01-02,0.4245565337233649,1
40353,2012-01-02,0.21248599613340535,1
40354,2012-01-02,0.11425208099462682,0
40355,2012-01-02,0.148609394095666,0
40356,2012-01-02,0.30389369383320647,0
40357,2012-01-02,0.24935520673644157,1
40358,2012-01-02,0.3659537958168363,1
40359,2012-01-02,0.44837258915998646,1
40360,2012-01-02,0.32339872512390416,0
40361,2012-01-02,0.29132917679363596,1
40362,2012-01-02,0.2568160934854316,0
40363,2012-01-02,0.1477509063326923,1
40364,2012-01-02,0.13689153706942558,0
40365,2012-01-02,0.32833881932379855,1
40366,2012-01-02,0.33535208233329183,1
40367,2012-01-02,0.21898916109451672,0
40368,2012-01-02,0.2069352508332404,0
40369,2012-01-02,0.21657262061067928,0
40370,2012-01-02,0.15695512977695064,0
40371,2012-01-02,0.3321112141015386,1
40372,2012-01-02,0.25679252954979737,0
40373,2012-01-02,0.509436099542121,1
40374,2012-01-02,0.2873916226120739,0
40375,2012-01-02,0.37195437431907913,1
40376,2012-01-02,0.28715204082097806,0
40377,2012-01-02,0.1767903935503613,0
40378,2012-01-02,0.21731556534787172,0
40379,2012-01-02,0.25253329708781114,0
40380,2012-01-02,0.20183636212577824,1
40381,2012-01-02,0.2881359531406012,0
40382,2012-01-02,0.21656800673228596,1
40383,2012-01-02,0.5043352067259611,1
40384,2012-01-02,0.2723305625735391,1
40385,2012-01-02,0.2866917865241961,1
40386,2012-01-02,0.20360731736601664,0
40387,2012-01-02,0.4005188900003653,1
40388,2012-01-02,0.5333470562811136,1
40389,2012-01-02,0.3410758382422329,0
40390,2012-01-02,0.1753468457924066,0
40391,2012-01-02,0.14561342342361136,0
40392,2012-01-02,0.25089254282105417,0
40393,2012-01-02,0.34123659755369723,1
40394,2012-01-02,0.14810925558244292,0
40395,2012-01-02,0.452651332876321,0
40396,2012-01-02,0.41409627245717295,1
40397,2012-01-02,0.4046607946863932,1
40398,2012-01-02,0.31745674889928716,1
40399,2012-01-02,0.2765813110657154,0
40400,2012-01-02,0.17888288361777693,0
40401,2012-01-02,0.4465480982335028,0
40402,2012-01-02,0.2368246935750627,0
40403,2012-01-02,0.18225405056716895,1
40404,2012-01-02,0.182905857293703,0
40405,2012-01-02,0.3174483725546911,0
40406,2012-01-02,0.16239687887752116,0
40407,2012-01-02,0.3677402432413697,1
40408,2012-01-02,0.2826048452987142,1
40409,2012-01-02,0.21127872990213614,0
40410,2012-01-02,0.2948586251446591,1
40411,2012-01-02,0.1511668950880326,0
40412,2012-01-02,0.18974513713169366,0
40413,2012-01-02,0.14829057313059016,0
40414,2012-01-02,0.314192150349234,0
40415,2012-01-02,0.17202538464705605,0
40416,2012-01-02,0.20273653371733405,1
40417,2012-01-02,0.17518141624650965,0
40418,2012-01-02,0.32191442074379356,0
40419,2012-01-02,0.17065419031277884,0
40420,2012-01-02,0.46628177199983517,1
40421,2012-01-02,0.24203940485334974,0
40422,2012-01-02,0.42059996689854856,1
40423,2012-01-02,0.19134638692139297,0
40424,2012-01-02,0.36998075473592096,1
40425,2012-01-02,0.5088372227445876,1
40426,2012-01-02,0.11174987568029567,1
40427,2012-01-02,0.10582579632523993,0
40428,2012-01-02,0.31335051041402906,0
40429,2012-01-02,0.3548632758593173,1
40430,2012-01-02,0.27355479608981514,1
40431,2012-01-02,0.0962342556756689,0
40432,2012-01-02,0.30806043130010247,0
40433,2012-01-02,0.20015417902564284,1
40434,2012-01-02,0.40077298823562774,1
40435,2012-01-02,0.33630611992975556,0
40436,2012-01-02,0.19050294183428562,0
40437,2012-01-02,0.2519712108187402,0
40438,2012-01-02,0.3246444492204887,0
40439,2012-01-02,0.27786335454671146,0
40440,2012-01-02,0.2298151653110106,1
40441,2012-01-02,0.5098789499107917,0
40442,2012-01-02,0.35661510189856394,0
40443,2012-01-02,0.20659395589372875,1
40444,2012-01-02,0.4232670716700789,1
40445,2012-01-02,0.2762982311901035,0
40446,2012-01-02,0.19712941674981665,0
40447,2012-01-02,0.20774342877068536,0
40448,2012-01-02,0.41837697940011703,0
40449,2012-01-02,0.2202036431079839,0
40450,2012-01-02,0.3839103088000128,1
40451,2012-01-02,0.5657782056457688,1
40452,2012-01-02,0.2457364419603851,0
40453,2012-01-02,0.14675834462326207,0
40454,2012-01-02,0.16958271373327138,1
40455,2012-01-02,0.5333007945012507,0
40456,2012-01-02,0.14968339554463497,0
40457,2012-01-02,0.21799708220014055,0
40458,2012-01-02,0.48849116842350176,1
40459,2012-01-02,0.20110245722254969,1
40460,2012-01-02,0.16339322293309116,0
40461,2012-01-02,0.31817605676591965,1
40462,2012-01-02,0.20353113554598407,0
40463,2012-01-02,0.14221955063627492,0
40464,2012-01-02,0.3486857273345675,1
40465,2012-01-02,0.23357558109868135,1
40466,2012-01-02,0.3102537908587307,0
40467,2012-01-02,0.2129422639783434,1
40468,2012-01-02,0.21529479435781257,0
40469,2012-01-02,0.5563347883215317,1
40470,2012-01-02,0.18508784897877936,0
40471,2012-01-02,0.15109569395268488,0
40472,2012-01-02,0.1561397427541513,0
40473,2012-01-02,0.46442904696277915,0
40474,2012-01-02,0.1724848959634943,0
40475,2012-01-02,0.36161772425480837,0
40476,2012-01-02,0.32171762911311824,1
40477,2012-01-02,0.2029097201141738,1
40478,2012-01-02,0.3194166703786682,0
40479,2012-01-02,0.4462548608364485,1
40480,2012-01-02,0.29828096271944343,0
40481,2012-01-02,0.2314347489962925,0
40482,2012-01-02,0.6092735304492323,0
40483,2012-01-02,0.25990102909327556,1
40484,2012-01-02,0.2014741756264403,0
40485,2012-01-02,0.4687247220596782,1
40486,2012-01-02,0.21384843170164938,0
40487,2012-01-02,0.1239986815941668,0
40488,2012-01-02,0.30157892208939646,1
40489,2012-01-02,0.2149107803941161,0
40490,2012-01-02,0.3648014505413682,1
40491,2012-01-02,0.26972091158925604,0
40492,2012-01-02,0.24268926393421394,0
40493,2012-01-02,0.4076171695773486,0
40494,2012-01-02,0.44997776713693194,1
40495,2012-01-02,0.16798615245037657,0
40496,2012-01-02,0.41095631706553426,1
40497,2012-01-02,0.353785019599907,0
40498,2012-01-02,0.26278319371696196,1
40499,2012-01-02,0.31634459064362985,1
40500,2012-01-02,0.2623631482261633,1
40501,2012-01-02,0.3706063306630613,0
40502,2012-01-02,0.46579082948396267,1
40503,2012-01-02,0.2181375323340929,0
40504,2012-01-02,0.16665334778422,0
40505,2012-01-02,0.28657729304603646,1
40506,2012-01-02,0.29622824037140155,0
40507,2012-01-02,0.1281600189429671,0
40508,2012-01-02,0.40849738604966696,1
40509,2012-01-02,0.20223340051345887,1
40510,2012-01-02,0.22760849191638127,0
40511,2012-01-02,0.15725740801388938,0
40512,2012-01-02,0.11054528161156271,0
40513,2012-01-02,0.2738751527355238,0
40514,2012-01-02,0.379590925559345,1
40515,2012-01-02,0.182873287384307,1
40516,2012-01-02,0.21444569121126855,0
40517,2012-01-02,0.230493070977952,0
40518,2012-01-02,0.2631230521344328,0
40519,2012-01-02,0.20955239576105378,0
40520,2012-01-02,0.1274726828855573,0
40521,2012-01-02,0.2072014320854503,0
40522,2012-01-02,0.1492992906638015,0
40523,2012-01-02,0.3786698768973377,0
40524,2012-01-02,0.18224429177798057,1
40525,2012-01-02,0.4947415212221597,1
40526,2012-01-02,0.22250442885299898,0
40527,2012-01-02,0.21146901825133987,0
40528,2012-01-02,0.19874265013871623,0
40529,2012-01-02,0.3049198559561258,0
40530,2012-01-02,0.15998640281039225,0
40531,2012-01-02,0.4448842960621488,1
40532,2012-01-02,0.16349564748663917,0
40533,2012-01-02,0.29511010803675375,0
40534,2012-01-02,0.24591177517913623,0
40535,2012-01-02,0.37426067128066015,0
40536,2012-01-02,0.4514408173885616,1
40537,2012-01-02,0.23620984376936757,0
40538,2012-01-02,0.5050129213292033,0
40539,2012-01-02,0.36043575507014836,1
40540,2012-01-02,0.17675404620672808,0
40541,2012-01-02,0.4249444377742156,0
40542,2012-01-02,0.3846276751180698,0
40543,2012-01-02,0.4314668036974397,1
40544,2012-01-02,0.14611392720038394,0
40545,2012-01-02,0.2962516286383316,0
40546,2012-01-02,0.3716630769467331,1
40547,2012-01-02,0.4839994084058122,1
40548,2012-01-02,0.21766523677205277,0
40549,2012-01-02,0.26193112526318385,0
40550,2012-01-02,0.2658756860888957,1
40551,2012-01-02,0.22940592698806975,0
40552,2012-01-02,0.11780675769656176,0
40553,2012-01-02,0.33916895973288597,0
40554,2012-01-02,0.3153219773695665,1
40555,2012-01-02,0.37449323036731325,1
40556,2012-01-02,0.1911312748658123,0
40557,2012-01-02,0.26759755684478087,1
40558,2012-01-02,0.48610686356728655,0
40559,2012-01-02,0.2726825450328864,1
40560,2012-01-02,0.17863262839687602,0
40561,2012-01-02,0.18114984927238936,0
40562,2012-01-02,0.22274236042965184,0
40563,2012-01-02,0.4586298077605824,1
40564,2012-01-02,0.14945314608805219,0
40565,2012-01-02,0.44013893448305846,1
40566,2012-01-02,0.48973764508548717,1
40567,2012-01-02,0.14242825400546183,0
40568,2012-01-02,0.44388483301360476,1
40569,2012-01-02,0.18819050687698363,1
40570,2012-01-02,0.19211529546134337,0
40571,2012-01-02,0.2150866425671774,0
40572,2012-01-02,0.30529591486450974,0
40573,2012-01-02,0.2872732116535855,0
40574,2012-01-02,0.22835312104230238,1
40575,2012-01-02,0.40293370115509874,1
40576,2012-01-02,0.19133704782039834,0
40577,2012-01-02,0.20274037615353538,0
40578,2012-01-02,0.2949502706164376,0
40579,2012-01-02,0.21607517206512108,0
40580,2012-01-02,0.2521261454701926,0
40581,2012-01-02,0.24670438134829886,0
40582,2012-01-02,0.12584674528222087,0
40583,2012-01-02,0.3777988001975995,0
40584,2012-01-02,0.6377991860147989,1
40585,2012-01-02,0.33470558718434334,0
40586,2012-01-02,0.21042541702895062,0
40587,2012-01-02,0.4080394316423906,1
40588,2012-01-02,0.34122832039698336,0
40589,2012-01-02,0.23122460975229925,0
40590,2012-01-02,0.2656607970542003,0
40591,2012-01-02,0.33578519854741357,1
40592,2012-01-02,0.2962018963643385,0
40593,2012-01-02,0.2546590146368352,1
40594,2012-01-02,0.4667322784736089,1
40595,2012-01-02,0.28525058074384196,0
40596,2012-01-02,0.21016080445303037,0
40597,2012-01-02,0.1796167235641643,1
40598,2012-01-02,0.19280808056098014,0
40599,2012-01-02,0.15545188599672333,0
40600,2012-01-02,0.29954063967934885,1
40601,2012-01-02,0.21362522473485782,0
40602,2012-01-02,0.21411117077846495,0
40603,2012-01-02,0.34228774977221715,0
40604,2012-01-02,0.24873876703937853,0
40605,2012-01-02,0.30561383537121184,0
40606,2012-01-02,0.26568708646646494,0
40607,2012-01-02,0.28506203780680395,0
40608,2012-01-02,0.3686142220175088,0
40609,2012-01-02,0.2913223310715496,0
40610,2012-01-02,0.17284613199700122,1
40611,2012-01-02,0.4079697391612711,1
40612,2012-01-03,0.25061455251356524,0
40613,2012-01-03,0.2261542936232118,1
40614,2012-01-03,0.3127397477998359,0
40615,2012-01-03,0.13380633624498744,0
40616,2012-01-03,0.21765433721466926,0
40617,2012-01-03,0.16408378191143055,0
40618,2012-01-03,0.17550295183787623,0
40619,2012-01-03,0.3462495005415919,1
40620,2012-01-03,0.5940661570368129,1
40621,2012-01-03,0.1707823754975255,0
40622,2012-01-03,0.16076472920995494,1
40623,2012-01-03,0.3340164503257448,1
40624,2012-01-03,0.16812276622046582,0
40625,2012-01-03,0.32514420562233115,1
40626,2012-01-03,0.49896117247251764,0
40627,2012-01-03,0.24237895691303782,1
40628,2012-01-03,0.3655640704265534,0
40629,2012-01-03,0.14708086400749876,0
40630,2012-01-03,0.17322631382491327,0
40631,2012-01-03,0.2414196535668776,0
40632,2012-01-03,0.253423706994708,1
40633,2012-01-03,0.21294183568525143,0
40634,2012-01-03,0.19441360909263078,0
40635,2012-01-03,0.48069039242093553,0
40636,2012-01-03,0.29862988831710136,0
40637,2012-01-03,0.40815908726855105,1
40638,2012-01-03,0.4215610740885469,0
40639,2012-01-03,0.27868767571226033,0
40640,2012-01-03,0.26991236970767246,0
40641,2012-01-03,0.34506835105384576,0
40642,2012-01-03,0.2909272369231292,1
40643,2012-01-03,0.5139251127807019,1
40644,2012-01-03,0.3340921139240164,1
40645,2012-01-03,0.26304516043039583,0
40646,2012-01-03,0.2074935839019754,0
40647,2012-01-03,0.3094438739503237,1
40648,2012-01-03,0.21580595266780617,0
40649,2012-01-03,0.24488691347927113,0
40650,2012-01-03,0.3338587737113838,0
40651,2012-01-03,0.35873597284202713,1
40652,2012-01-03,0.27777067536854533,1
40653,2012-01-03,0.184500735780143,0
40654,2012-01-03,0.196264824038111,0
40655,2012-01-03,0.2659409609313703,0
40656,2012-01-03,0.15901729094116693,0
40657,2012-01-03,0.39635825609127284,0
40658,2012-01-03,0.2047612887247052,1
40659,2012-01-03,0.1623428792616746,0
40660,2012-01-03,0.19331174081760155,0
40661,2012-01-03,0.16372727344646673,0
40662,2012-01-03,0.3133743171564339,1
40663,2012-01-03,0.19975664531709594,0
40664,2012-01-03,0.34583974117855093,0
40665,2012-01-03,0.3564184629802706,0
40666,2012-01-03,0.2937888269390196,0
40667,2012-01-03,0.24412260840408573,0
40668,2012-01-03,0.28387084605103297,0
40669,2012-01-03,0.30575207381322284,0
40670,2012-01-03,0.13905945070628947,0
40671,2012-01-03,0.3868847089068432,0
40672,2012-01-03,0.43487387537528294,0
40673,2012-01-03,0.27232633055826905,0
40674,2012-01-03,0.3126217566608179,0
40675,2012-01-03,0.5390583468248581,1
40676,2012-01-03,0.37350074904454533,1
40677,2012-01-03,0.1756216723613144,0
40678,2012-01-03,0.29422411587237113,0
40679,2012-01-03,0.17202247681360883,0
40680,2012-01-03,0.3594294988786357,0
40681,2012-01-03,0.1100051922738325,0
40682,2012-01-03,0.28255230109684354,0
40683,2012-01-03,0.26736291711127447,1
40684,2012-01-03,0.1102187764690589,0
40685,2012-01-03,0.2919273450570038,1
40686,2012-01-03,0.48702117124667565,0
40687,2012-01-03,0.14500610761044835,0
40688,2012-01-03,0.3390742510817463,0
40689,2012-01-03,0.18107940356663396,0
40690,2012-01-03,0.319505591720774,1
40691,2012-01-03,0.3729136419303761,0
40692,2012-01-03,0.31032165414868623,0
40693,2012-01-03,0.16342932711854932,0
40694,2012-01-03,0.17288299182086284,0
40695,2012-01-03,0.3693080766165677,1
40696,2012-01-03,0.31461933548574383,0
40697,2012-01-03,0.2742853643200213,1
40698,2012-01-03,0.25773987151966915,0
40699,2012-01-03,0.5029375507494368,1
40700,2012-01-03,0.21297339970293294,0
40701,2012-01-03,0.3595692467862698,0
40702,2012-01-03,0.2758585490539034,0
40703,2012-01-03,0.20419901572345442,0
40704,2012-01-03,0.45166198073191194,0
40705,2012-01-03,0.22348693420233068,0
40706,2012-01-03,0.1808749357068361,0
40707,2012-01-03,0.2624672840445782,1
40708,2012-01-03,0.20804981025651992,0
40709,2012-01-03,0.20743186627963683,0
40710,2012-01-03,0.19779645364245854,0
40711,2012-01-03,0.4700925196845046,0
40712,2012-01-03,0.15488154889967148,1
40713,2012-01-03,0.2110307878899168,1
40714,2012-01-03,0.21626245219415163,1
40715,2012-01-03,0.2616759308875879,1
40716,2012-01-03,0.4283387804109082,1
40717,2012-01-03,0.11261810153408838,0
40718,2012-01-03,0.162759959673774,0
40719,2012-01-03,0.30969488292446234,0
40720,2012-01-03,0.2264396653398718,0
40721,2012-01-03,0.17678491973134403,0
40722,2012-01-03,0.3632417350898553,0
40723,2012-01-03,0.2002386285062958,1
40724,2012-01-03,0.2889830837109923,1
40725,2012-01-03,0.23925180023347842,1
40726,2012-01-03,0.24752409764251393,0
40727,2012-01-03,0.2258292478615814,0
40728,2012-01-03,0.408373549661907,1
40729,2012-01-03,0.48184200142200795,0
40730,2012-01-03,0.20792836655442454,0
40731,2012-01-03,0.4399953631038066,1
40732,2012-01-03,0.2760502345088906,0
40733,2012-01-03,0.350304207722327,1
40734,2012-01-03,0.4810341033195525,1
40735,2012-01-03,0.4221868423912925,1
40736,2012-01-03,0.4288014733920259,1
40737,2012-01-03,0.2767323818761127,0
40738,2012-01-03,0.3054526655124769,1
40739,2012-01-03,0.24412553363256495,1
40740,2012-01-03,0.22761479560750641,0
40741,2012-01-03,0.25897101924616156,0
40742,2012-01-03,0.4754757441923577,0
40743,2012-01-03,0.18764410300444026,1
40744,2012-01-03,0.282597786559898,0
40745,2012-01-03,0.25351234384856663,0
40746,2012-01-03,0.23157185890259688,0
40747,2012-01-03,0.6701751609653886,1
40748,2012-01-03,0.2732399257526353,1
40749,2012-01-03,0.27593678622140244,1
40750,2012-01-03,0.1736767723919319,1
40751,2012-01-03,0.3550877043251942,0
40752,2012-01-03,0.27373661757873585,0
40753,2012-01-03,0.5019021966941345,0
40754,2012-01-03,0.25623349022933767,0
40755,2012-01-03,0.27885457785018347,0
40756,2012-01-03,0.11669466632998281,0
40757,2012-01-03,0.3723888986292125,1
40758,2012-01-03,0.29419987348388643,1
40759,2012-01-03,0.2476866635366886,0
40760,2012-01-03,0.0918898572914709,0
40761,2012-01-03,0.3344310140144882,0
40762,2012-01-03,0.13247576852244877,0
40763,2012-01-03,0.19754050393830194,1
40764,2012-01-03,0.3737205035595282,0
40765,2012-01-03,0.15985952369710438,0
40766,2012-01-03,0.17702189871566587,0
40767,2012-01-03,0.3337268636934444,0
40768,2012-01-03,0.24148005566535208,0
40769,2012-01-03,0.20059385994724785,1
40770,2012-01-03,0.36835063686530667,1
40771,2012-01-03,0.09960404294046853,1
40772,2012-01-03,0.18392373772202641,0
40773,2012-01-03,0.38503137543247545,0
40774,2012-01-03,0.5513893242643589,1
40775,2012-01-03,0.4243741651203259,0
40776,2012-01-03,0.1912213324450965,0
40777,2012-01-03,0.19926538282737444,0
40778,2012-01-03,0.22355570525295862,1
40779,2012-01-03,0.3661695260384365,1
40780,2012-01-03,0.17853984488130756,0
40781,2012-01-03,0.2432209398654592,0
40782,2012-01-03,0.25060858556434057,0
40783,2012-01-03,0.31394412446289777,1
40784,2012-01-03,0.5036859789954968,1
40785,2012-01-03,0.1462009396731802,0
40786,2012-01-03,0.20452229687016868,1
40787,2012-01-03,0.2475506712840285,0
40788,2012-01-03,0.18128516552234225,0
40789,2012-01-03,0.16319184768859682,0
40790,2012-01-03,0.16373971748386176,0
40791,2012-01-03,0.2738945205277004,0
40792,2012-01-03,0.22086819982022415,0
40793,2012-01-03,0.30374132057465936,1
40794,2012-01-03,0.3203408262575428,0
40795,2012-01-03,0.15464946885323513,0
40796,2012-01-03,0.12206235120902718,0
40797,2012-01-03,0.23842765287082276,0
40798,2012-01-03,0.3394291359114134,0
40799,2012-01-03,0.4175166318228607,1
40800,2012-01-03,0.22375135830820855,0
40801,2012-01-03,0.3191873089076613,1
40802,2012-01-03,0.41814258606774685,0
40803,2012-01-03,0.24240473824118683,0
40804,2012-01-03,0.313852516220726,0
40805,2012-01-03,0.1721947490208628,0
40806,2012-01-03,0.25905397445301864,0
40807,2012-01-03,0.4034119188008733,0
40808,2012-01-03,0.19313265240974117,0
40809,2012-01-03,0.45031160037667023,1
40810,2012-01-03,0.3182379331113391,0
40811,2012-01-03,0.33462481540498773,0
40812,2012-01-03,0.21969499318925811,0
40813,2012-01-03,0.19977139015468962,0
40814,2012-01-03,0.2349639248160667,0
40815,2012-01-03,0.45048263569636987,0
40816,2012-01-03,0.43118241262065393,1
40817,2012-01-03,0.647630679832561,1
40818,2012-01-03,0.2366925606797456,0
40819,2012-01-03,0.19355193294307427,0
40820,2012-01-03,0.28995640082783875,0
40821,2012-01-03,0.2784586854620547,1
40822,2012-01-03,0.23205229136798816,1
40823,2012-01-03,0.18187937537600488,0
40824,2012-01-03,0.0995646562445319,0
40825,2012-01-03,0.3826789694378895,0
40826,2012-01-03,0.22663350762370668,0
40827,2012-01-03,0.24215359465533884,0
40828,2012-01-03,0.3233016120657562,1
40829,2012-01-03,0.21619669658186377,0
40830,2012-01-03,0.17907923257162306,1
40831,2012-01-03,0.17724906280580005,0
40832,2012-01-03,0.20213244087628748,0
40833,2012-01-03,0.24581278048741884,0
40834,2012-01-03,0.20471633105748036,0
40835,2012-01-03,0.2796339331139507,0
40836,2012-01-03,0.20224415256935893,0
40837,2012-01-03,0.1702485567734596,0
40838,2012-01-03,0.18144336146204273,0
40839,2012-01-03,0.22469293560146994,1
40840,2012-01-03,0.19738123541827257,0
40841,2012-01-03,0.15201226992390396,0
40842,2012-01-03,0.15230140113410018,0
40843,2012-01-03,0.3843949112960919,0
40844,2012-01-03,0.26637328590442133,0
40845,2012-01-03,0.22825877881755954,0
40846,2012-01-03,0.39095887685642894,0
40847,2012-01-03,0.33590784054983874,0
40848,2012-01-03,0.3126600949274666,1
40849,2012-01-03,0.26185482301291724,0
40850,2012-01-03,0.23468153056988617,0
40851,2012-01-03,0.41197696835556136,1
40852,2012-01-03,0.14176615121507857,0
40853,2012-01-03,0.17587016864948574,0
40854,2012-01-03,0.29585981129691635,1
40855,2012-01-03,0.28600480388564886,0
40856,2012-01-03,0.17882533282178398,0
40857,2012-01-03,0.15637856513632994,0
40858,2012-01-03,0.23616409450970652,0
40859,2012-01-03,0.3668143929583468,0
40860,2012-01-03,0.19605384799556413,1
40861,2012-01-03,0.31075291874221794,1
40862,2012-01-03,0.2811528001827741,0
40863,2012-01-03,0.4546781621361977,1
40864,2012-01-03,0.29274699198599013,0
40865,2012-01-03,0.3487142977584838,1
40866,2012-01-03,0.20412751160278153,0
40867,2012-01-03,0.3194796860684811,1
40868,2012-01-03,0.1876740434070633,0
40869,2012-01-03,0.1395344582605696,0
40870,2012-01-03,0.2752053398112411,0
40871,2012-01-03,0.3234143541251362,0
40872,2012-01-03,0.1993506621381183,0
40873,2012-01-03,0.24980000165193275,1
40874,2012-01-03,0.4257135438123995,0
40875,2012-01-03,0.26570375215068687,0
40876,2012-01-03,0.2261319276971919,0
40877,2012-01-03,0.28704939867050805,0
40878,2012-01-03,0.1791410470355521,0
40879,2012-01-03,0.12809015309665311,0
40880,2012-01-03,0.3300490804823192,0
40881,2012-01-03,0.20359499167816925,0
40882,2012-01-03,0.5705667458518207,1
40883,2012-01-03,0.2658015641756955,0
40884,2012-01-03,0.4664961971760472,0
40885,2012-01-03,0.18640842949276484,1
40886,2012-01-03,0.16616237484854343,0
40887,2012-01-03,0.38075119617893116,0
40888,2012-01-03,0.3194665653210098,0
40889,2012-01-03,0.12060503930409651,0
40890,2012-01-03,0.5824473961225173,1
40891,2012-01-03,0.17807282385808312,0
40892,2012-01-03,0.16645694437058747,1
40893,2012-01-03,0.21033775945188352,1
40894,2012-01-03,0.3680022952071816,0
40895,2012-01-03,0.14045394242172582,0
40896,2012-01-03,0.3002298350898572,1
40897,2012-01-03,0.1459520417607129,0
40898,2012-01-03,0.3328476153953229,1
40899,2012-01-03,0.2719139553056506,1
40900,2012-01-03,0.27873984836218435,1
40901,2012-01-03,0.6639139238645181,1
40902,2012-01-04,0.3744577241414524,0
40903,2012-01-04,0.434191571925512,0
40904,2012-01-04,0.25968034656060607,0
40905,2012-01-04,0.34169952686745475,1
40906,2012-01-04,0.10737385391822768,0
40907,2012-01-04,0.3641720992135691,1
40908,2012-01-04,0.11879933870365886,0
40909,2012-01-04,0.3681518700787248,1
40910,2012-01-04,0.3568952733582359,0
40911,2012-01-04,0.5504287234105355,1
40912,2012-01-04,0.34846528114340436,0
40913,2012-01-04,0.2502188084701461,0
40914,2012-01-04,0.3600777290286835,0
40915,2012-01-04,0.4380514103588207,1
40916,2012-01-04,0.291361512346483,0
40917,2012-01-04,0.5845877021827313,1
40918,2012-01-04,0.2957866201295382,0
40919,2012-01-04,0.41321156862999164,1
40920,2012-01-04,0.24251369187408242,0
40921,2012-01-04,0.26812109935893363,0
40922,2012-01-04,0.14548256536275858,0
40923,2012-01-04,0.39024625394107226,0
40924,2012-01-04,0.5172363894151997,0
40925,2012-01-04,0.5706403102503559,0
40926,2012-01-04,0.45556194157099417,0
40927,2012-01-04,0.3352130925414048,1
40928,2012-01-04,0.15384847276993613,0
40929,2012-01-04,0.2786414187070555,1
40930,2012-01-04,0.17245526995685712,0
40931,2012-01-04,0.14600017832469692,0
40932,2012-01-04,0.40949966008238103,1
40933,2012-01-04,0.203670072424721,0
40934,2012-01-04,0.17856378515133667,0
40935,2012-01-04,0.17817422127127416,0
40936,2012-01-04,0.2947648660861991,1
40937,2012-01-04,0.16223777342906245,1
40938,2012-01-04,0.24123666748749045,0
40939,2012-01-04,0.2139908303569648,0
40940,2012-01-04,0.28150393588703426,1
40941,2012-01-04,0.5205504269293497,0
40942,2012-01-04,0.5293706075993629,0
40943,2012-01-04,0.3794908735723897,1
40944,2012-01-04,0.33412381484550707,0
40945,2012-01-04,0.5081823709003479,1
40946,2012-01-04,0.3533745782705527,1
40947,2012-01-04,0.32081052784974035,1
40948,2012-01-04,0.17475460675645152,0
40949,2012-01-04,0.3073724366725359,0
40950,2012-01-04,0.3808930369789662,0
40951,2012-01-04,0.4383971922353839,1
40952,2012-01-04,0.3315006275929775,0
40953,2012-01-04,0.16428275094621603,0
40954,2012-01-04,0.16895782975024579,0
40955,2012-01-04,0.2759480294172662,1
40956,2012-01-04,0.1893801136129841,0
40957,2012-01-04,0.26935027054845423,1
40958,2012-01-04,0.6285225132851184,0
40959,2012-01-04,0.20124100945812715,0
40960,2012-01-04,0.27790460255314603,1
40961,2012-01-04,0.3558920788040967,1
40962,2012-01-04,0.5702875651520248,0
40963,2012-01-04,0.22126172098722915,0
40964,2012-01-04,0.33272417683250805,0
40965,2012-01-04,0.3383185411330763,1
40966,2012-01-04,0.28428923610213563,0
40967,2012-01-04,0.3623010237016552,0
40968,2012-01-04,0.3353728746760805,1
40969,2012-01-04,0.18897051027202072,0
40970,2012-01-04,0.23630760512710117,1
40971,2012-01-04,0.3038120505948874,0
40972,2012-01-04,0.6471938676820741,0
40973,2012-01-04,0.25019877523334055,0
40974,2012-01-04,0.5055368395881246,0
40975,2012-01-04,0.22914367559127297,0
40976,2012-01-04,0.158207857699818,0
40977,2012-01-04,0.4183416933367079,0
40978,2012-01-04,0.22982193112165147,1
40979,2012-01-04,0.1546834617975675,0
40980,2012-01-04,0.40554851046890666,1
40981,2012-01-04,0.1821471158932574,0
40982,2012-01-04,0.4272678942220586,1
40983,2012-01-04,0.24030401876982438,0
40984,2012-01-04,0.3892318539841948,0
40985,2012-01-04,0.42185522907083706,1
40986,2012-01-04,0.40181722603374864,0
40987,2012-01-04,0.267042518293549,0
40988,2012-01-04,0.384194588536677,1
40989,2012-01-04,0.2965991580126497,1
40990,2012-01-04,0.31675234308273703,0
40991,2012-01-04,0.18772100506370418,0
40992,2012-01-04,0.14021328318582416,0
40993,2012-01-04,0.1456337926596995,0
40994,2012-01-04,0.1483366522895489,1
40995,2012-01-04,0.5018623091598619,1
40996,2012-01-04,0.5478536437151316,0
40997,2012-01-04,0.4397820465574796,0
40998,2012-01-04,0.28528026440506693,0
40999,2012-01-04,0.1984387688710675,1
41000,2012-01-04,0.19214605177212785,0
41001,2012-01-04,0.18292765739712505,0
41002,2012-01-04,0.1351940730294052,0
41003,2012-01-04,0.08514764128012119,0
41004,2012-01-04,0.2200676842168004,1
41005,2012-01-04,0.4804716509036784,1
41006,2012-01-04,0.432884190199957,1
41007,2012-01-04,0.33727793520755484,0
41008,2012-01-04,0.401458278719746,1
41009,2012-01-04,0.39006649246217034,0
41010,2012-01-04,0.4409386252063618,1
41011,2012-01-04,0.23071563466715836,1
41012,2012-01-04,0.29948565035109787,0
41013,2012-01-04,0.46792222636914454,1
41014,2012-01-04,0.3105242343812647,1
41015,2012-01-04,0.25813329278010555,0
41016,2012-01-04,0.5308004616294243,1
41017,2012-01-04,0.1089714066957626,0
41018,2012-01-04,0.2584481542178899,0
41019,2012-01-04,0.40218813945643084,0
41020,2012-01-04,0.28412683232288377,0
41021,2012-01-04,0.37215638403201706,1
41022,2012-01-04,0.33366917078731667,1
41023,2012-01-04,0.2284228584152772,0
41024,2012-01-04,0.11690284024069564,0
41025,2012-01-04,0.36516895141144246,0
41026,2012-01-04,0.14332401914946283,0
41027,2012-01-04,0.2702121296861722,0
41028,2012-01-04,0.26386059404878853,0
41029,2012-01-04,0.23146466473477867,0
41030,2012-01-04,0.2879106527688109,0
41031,2012-01-04,0.15432108919842977,0
41032,2012-01-04,0.1956731883546171,0
41033,2012-01-04,0.35492323746799326,0
41034,2012-01-04,0.10092377550012888,0
41035,2012-01-04,0.10672168614485356,0
41036,2012-01-04,0.2641875247294476,0
41037,2012-01-04,0.1541404665992092,0
41038,2012-01-04,0.4531718083717748,1
41039,2012-01-04,0.24892900228777562,0
41040,2012-01-04,0.32420942557840504,1
41041,2012-01-04,0.3965816365604824,0
41042,2012-01-04,0.1974918185688081,0
41043,2012-01-04,0.4447233497744929,0
41044,2012-01-04,0.3828908454671614,1
41045,2012-01-04,0.19026337238584012,0
41046,2012-01-04,0.25482546531223677,0
41047,2012-01-04,0.298101774212055,0
41048,2012-01-04,0.22198647457323456,0
41049,2012-01-04,0.4897113214880456,1
41050,2012-01-04,0.31473505825473524,1
41051,2012-01-04,0.18583004828643454,0
41052,2012-01-04,0.26927195080705235,0
41053,2012-01-04,0.29268595464703306,0
41054,2012-01-04,0.44664275561956424,1
41055,2012-01-04,0.2833646176903435,0
41056,2012-01-04,0.2808155307618912,1
41057,2012-01-04,0.36919303835883793,1
41058,2012-01-04,0.33106384489501167,0
41059,2012-01-04,0.12607078141925926,0
41060,2012-01-04,0.2802286373849346,0
41061,2012-01-04,0.23761601358595918,0
41062,2012-01-04,0.30878937059006245,1
41063,2012-01-04,0.2879616386151867,1
41064,2012-01-04,0.2054938131847463,0
41065,2012-01-04,0.27519210706904856,0
41066,2012-01-04,0.5334097743251746,1
41067,2012-01-04,0.26213241830863143,0
41068,2012-01-04,0.1635614819214965,0
41069,2012-01-04,0.28484768716895337,0
41070,2012-01-04,0.18996670481697914,0
41071,2012-01-04,0.2917217093427902,0
41072,2012-01-04,0.3357716019993164,0
41073,2012-01-04,0.13317871018497626,0
41074,2012-01-04,0.2785698045256302,0
41075,2012-01-04,0.36046282887433784,0
41076,2012-01-04,0.24060279031015644,1
41077,2012-01-04,0.25616438388856905,1
41078,2012-01-04,0.3580198978308092,1
41079,2012-01-04,0.2349591176676648,0
41080,2012-01-04,0.5147188667753824,0
41081,2012-01-04,0.37550100039865747,0
41082,2012-01-04,0.14222762773495878,0
41083,2012-01-04,0.2985671059445502,0
41084,2012-01-04,0.34532831940340053,1
41085,2012-01-04,0.3832148764069903,0
41086,2012-01-04,0.32916207317909374,1
41087,2012-01-04,0.19406705463216978,1
41088,2012-01-04,0.17896728475542056,0
41089,2012-01-04,0.32158655545725834,0
41090,2012-01-04,0.24545958268056778,0
41091,2012-01-04,0.1965635329230164,0
41092,2012-01-04,0.14101025322614888,0
41093,2012-01-04,0.20530142689685682,0
41094,2012-01-04,0.19194202520182757,0
41095,2012-01-04,0.23402675322050068,0
41096,2012-01-04,0.4387704813901425,0
41097,2012-01-04,0.29061775952076907,1
41098,2012-01-04,0.1647132408427742,0
41099,2012-01-04,0.5114420695164681,1
41100,2012-01-04,0.1765255951631947,0
41101,2012-01-04,0.2524133833093047,1
41102,2012-01-04,0.4836044770837647,0
41103,2012-01-04,0.30980306559791393,0
41104,2012-01-04,0.14836486603858215,0
41105,2012-01-04,0.486763992754829,1
41106,2012-01-04,0.32205027579137907,0
41107,2012-01-04,0.4672306890793817,1
41108,2012-01-04,0.3590267297010736,1
41109,2012-01-04,0.4418260481234396,0
41110,2012-01-04,0.36600636216219173,0
41111,2012-01-04,0.29070480514521113,0
41112,2012-01-04,0.21902787478577782,0
41113,2012-01-04,0.3793419578175899,0
41114,2012-01-04,0.17457075001698466,0
41115,2012-01-04,0.20966062116447126,0
41116,2012-01-04,0.28361620143131894,0
41117,2012-01-04,0.2589662992414664,0
41118,2012-01-04,0.3122813897776374,0
41119,2012-01-04,0.330806583805873,0
41120,2012-01-04,0.20893543500481987,0
41121,2012-01-04,0.24795003994102072,0
41122,2012-01-04,0.3287488667745225,0
41123,2012-01-04,0.11952647714079366,0
41124,2012-01-04,0.2830677608987641,1
41125,2012-01-04,0.28693202682838953,0
41126,2012-01-04,0.16965978872370427,0
41127,2012-01-04,0.40463111494292736,1
41128,2012-01-04,0.4151116156929274,0
41129,2012-01-04,0.3860092390485214,1
41130,2012-01-04,0.4535557973708074,0
41131,2012-01-04,0.19254650561536132,1
41132,2012-01-04,0.19515282589704686,0
41133,2012-01-04,0.266968995543328,0
41134,2012-01-04,0.3626657442917549,1
41135,2012-01-04,0.22439162561423084,0
41136,2012-01-04,0.2822187075915945,0
41137,2012-01-04,0.21390249085375013,0
41138,2012-01-04,0.18520391329825533,0
41139,2012-01-04,0.18965795074933758,0
41140,2012-01-04,0.3263066359159657,0
41141,2012-01-04,0.22318869274123646,0
41142,2012-01-04,0.253583772136337,0
41143,2012-01-04,0.19354754088817086,0
41144,2012-01-04,0.26605165792763374,0
41145,2012-01-04,0.5092239920149115,1
41146,2012-01-04,0.29940536554724406,0
41147,2012-01-04,0.3175569390111271,0
41148,2012-01-04,0.37207853583168576,0
41149,2012-01-04,0.28388863692663513,0
41150,2012-01-04,0.27843450180100493,1
41151,2012-01-04,0.3358969966013711,0
41152,2012-01-04,0.618518729416333,1
41153,2012-01-04,0.20511463842345842,1
41154,2012-01-04,0.45779242907915135,1
41155,2012-01-04,0.11850936580799741,0
41156,2012-01-04,0.48010552663848727,0
41157,2012-01-04,0.5068202044246101,0
41158,2012-01-04,0.5501320928628888,1
41159,2012-01-04,0.39947137359569457,0
41160,2012-01-04,0.6137018976762832,1
41161,2012-01-04,0.21182927666409854,0
41162,2012-01-04,0.24835530799383346,0
41163,2012-01-04,0.24676615191555104,1
41164,2012-01-04,0.2728835872866786,0
41165,2012-01-04,0.21965479251884182,1
41166,2012-01-04,0.24124822073943844,0
41167,2012-01-04,0.18486527428345906,0
41168,2012-01-04,0.23351997376991798,1
41169,2012-01-04,0.15108864997442673,0
41170,2012-01-04,0.2258292478615814,0
41171,2012-01-04,0.4846807971020147,1
41172,2012-01-04,0.29253935346389615,0
41173,2012-01-04,0.1201234125113996,0
41174,2012-01-04,0.44689110729744913,0
41175,2012-01-04,0.42301297245083874,0
41176,2012-01-04,0.3419069063507811,1
41177,2012-01-04,0.2073882144137364,0
41178,2012-01-04,0.1822711343884396,0
41179,2012-01-04,0.3696894781870037,0
41180,2012-01-04,0.2174741310252673,0
41181,2012-01-04,0.12261224559121175,1
41182,2012-01-04,0.41542760374074184,0
41183,2012-01-04,0.2801583970789839,0
41184,2012-01-04,0.29230542391736547,1
41185,2012-01-04,0.3380430980200657,1
41186,2012-01-04,0.19478519935791758,1
41187,2012-01-04,0.28726317473365515,1
41188,2012-01-04,0.25523041474225183,1
41189,2012-01-04,0.3166662292169746,0
41190,2012-01-04,0.2906505647191096,0
41191,2012-01-04,0.3186050475383429,1
41192,2012-01-04,0.30519432784297246,1
41193,2012-01-04,0.3249646909675999,1
41194,2012-01-04,0.32736838376274474,0
41195,2012-01-04,0.5402183406058043,1
41196,2012-01-04,0.41729370177173764,0
41197,2012-01-04,0.23033007815726436,0
41198,2012-01-04,0.34993998217608213,0
41199,2012-01-04,0.20562658522728516,0
41200,2012-01-04,0.42744530309837275,0
41201,2012-01-04,0.28361620143131894,0
41202,2012-01-04,0.3485573778290214,0
41203,2012-01-04,0.6665700480593552,1
41204,2012-01-04,0.2692400187768658,1
41205,2012-01-04,0.25105177381148625,0
41206,2012-01-04,0.524954952443845,1
41207,2012-01-04,0.3145289056446735,0
41208,2012-01-04,0.3286408748173299,1
41209,2012-01-04,0.1769101798609897,1
41210,2012-01-04,0.2896984208622771,1
41211,2012-01-04,0.1560804301021762,0
41212,2012-01-04,0.3453515809334487,1
41213,2012-01-04,0.21911816291630087,0
41214,2012-01-04,0.22543097845391058,0
41215,2012-01-04,0.20255127835573397,0
41216,2012-01-04,0.16329996084070034,0
41217,2012-01-04,0.33183168326405943,1
41218,2012-01-04,0.27325004870124886,0
41219,2012-01-04,0.23301387859449238,0
41220,2012-01-04,0.20318043274959513,0
41221,2012-01-04,0.24980230099323267,0
41222,2012-01-04,0.19887369837141522,0
41223,2012-01-04,0.5593399173004769,1
41224,2012-01-04,0.16038662217653563,0
41225,2012-01-04,0.20861810303003459,0
41226,2012-01-04,0.38215439592016953,0
41227,2012-01-04,0.18844300294420183,0
41228,2012-01-04,0.5532215248263073,0
41229,2012-01-04,0.4037023443963077,1
41230,2012-01-04,0.18301223027271074,0
41231,2012-01-04,0.44644959080375096,1
41232,2012-01-04,0.48775640482448235,1
41233,2012-01-04,0.2017303886705075,0
41234,2012-01-04,0.31236502529389454,0
41235,2012-01-04,0.3381611286776205,1
41236,2012-01-04,0.41037166291673655,1
41237,2012-01-04,0.36018083806827894,1
41238,2012-01-04,0.4367759859273088,1
41239,2012-01-04,0.23158058521739722,0
41240,2012-01-04,0.3826977204316456,1
41241,2012-01-04,0.43626948793383724,1
41242,2012-01-04,0.3131518817441552,0
41243,2012-01-04,0.34924441520410293,0
41244,2012-01-04,0.15188835647284643,0
41245,2012-01-04,0.23960621179435845,0
41246,2012-01-04,0.26628350066969164,1
41247,2012-01-04,0.32720457301535033,0
41248,2012-01-04,0.2952919847198101,0
41249,2012-01-04,0.344710063214238,1
41250,2012-01-04,0.4081162419234011,1
41251,2012-01-04,0.21602519537695739,0
41252,2012-01-04,0.15191083289299154,0
41253,2012-01-04,0.36828501402769165,0
41254,2012-01-04,0.24883039411428967,0
41255,2012-01-04,0.2271114718780068,0
41256,2012-01-04,0.18008215753877685,0
41257,2012-01-04,0.290961677435923,0
41258,2012-01-04,0.33515154911840345,1
41259,2012-01-04,0.43441727755349624,1
41260,2012-01-04,0.1725084790584719,1
41261,2012-01-04,0.49959085604532943,0
41262,2012-01-04,0.17569437550314668,0
41263,2012-01-04,0.21912259534672848,1
41264,2012-01-04,0.3850982652434867,0
41265,2012-01-04,0.3425511812398778,0
41266,2012-01-04,0.16728710005851022,0
41267,2012-01-04,0.35040358581336917,0
41268,2012-01-04,0.23169263324208514,1
41269,2012-01-04,0.6161188768764707,1
41270,2012-01-05,0.17690341974236637,0
41271,2012-01-05,0.32599545713727807,1
41272,2012-01-05,0.24694857129982087,0
41273,2012-01-05,0.3168806269688293,0
41274,2012-01-05,0.40397141489286814,0
41275,2012-01-05,0.16824345321853873,0
41276,2012-01-05,0.2782736967466847,0
41277,2012-01-05,0.3037334006996365,1
41278,2012-01-05,0.3528717903827461,1
41279,2012-01-05,0.2682231456171643,0
41280,2012-01-05,0.15802115246311635,0
41281,2012-01-05,0.6099146850804936,1
41282,2012-01-05,0.5851298261157157,1
41283,2012-01-05,0.43038525584723236,1
41284,2012-01-05,0.13636896490737377,0
41285,2012-01-05,0.3371932055131687,1
41286,2012-01-05,0.36084410086063606,1
41287,2012-01-05,0.21620866446967135,1
41288,2012-01-05,0.26179606750716927,0
41289,2012-01-05,0.2189438792126332,0
41290,2012-01-05,0.2680981768073299,1
41291,2012-01-05,0.3474114407113256,0
41292,2012-01-05,0.24504138659725308,0
41293,2012-01-05,0.26472648571164303,0
41294,2012-01-05,0.3277558921241258,0
41295,2012-01-05,0.17321244854209034,0
41296,2012-01-05,0.27347412136097304,1
41297,2012-01-05,0.5612576813203378,1
41298,2012-01-05,0.16187475405869248,0
41299,2012-01-05,0.4118944969040431,1
41300,2012-01-05,0.28992031133636637,0
41301,2012-01-05,0.2520426566582826,0
41302,2012-01-05,0.2037025891812595,0
41303,2012-01-05,0.3377540326375479,0
41304,2012-01-05,0.19383870199080985,0
41305,2012-01-05,0.5659759562524564,0
41306,2012-01-05,0.23856689297794711,1
41307,2012-01-05,0.33861396460315046,1
41308,2012-01-05,0.34430530605303555,1
41309,2012-01-05,0.3263422579916134,0
41310,2012-01-05,0.19117137598666642,0
41311,2012-01-05,0.20228677751168886,0
41312,2012-01-05,0.15691532310163808,0
41313,2012-01-05,0.18717464605244247,0
41314,2012-01-05,0.18792861342441602,0
41315,2012-01-05,0.19986673149014916,0
41316,2012-01-05,0.2987421542300362,0
41317,2012-01-05,0.23307061302326096,0
41318,2012-01-05,0.4712422600446698,0
41319,2012-01-05,0.3579063834265044,1
41320,2012-01-05,0.4554976543745906,1
41321,2012-01-05,0.11570356886164482,0
41322,2012-01-05,0.30383843562855084,0
41323,2012-01-05,0.23147616873899676,0
41324,2012-01-05,0.3438282875404173,1
41325,2012-01-05,0.18405933935189414,0
41326,2012-01-05,0.27362782555854626,0
41327,2012-01-05,0.18293149979030768,1
41328,2012-01-05,0.24535921262808671,1
41329,2012-01-05,0.18175196905638646,0
41330,2012-01-05,0.21042981760307078,0
41331,2012-01-05,0.20167246165220784,1
41332,2012-01-05,0.4845375193061942,0
41333,2012-01-05,0.14093801411116252,0
41334,2012-01-05,0.32002644985667683,0
41335,2012-01-05,0.22752534747769815,0
41336,2012-01-05,0.5961698525582262,1
41337,2012-01-05,0.29634708469928933,0
41338,2012-01-05,0.43283624305820906,1
41339,2012-01-05,0.3063956397043723,0
41340,2012-01-05,0.23464373691922402,0
41341,2012-01-05,0.18762313679629783,0
41342,2012-01-05,0.4501159221505856,1
41343,2012-01-05,0.5584142110329192,1
41344,2012-01-05,0.46007545774500735,1
41345,2012-01-05,0.49895818281484894,0
41346,2012-01-05,0.257694406096199,0
41347,2012-01-05,0.20538887176096454,1
41348,2012-01-05,0.18755416922781304,1
41349,2012-01-05,0.2748088794400352,0
41350,2012-01-05,0.3476323389044454,0
41351,2012-01-05,0.24234654902581204,0
41352,2012-01-05,0.1978832923586846,1
41353,2012-01-05,0.4297081927652093,1
41354,2012-01-05,0.2468529645516503,0
41355,2012-01-05,0.18364566681466515,0
41356,2012-01-05,0.5934540093048856,1
41357,2012-01-05,0.4099011427388605,1
41358,2012-01-05,0.2672418888474212,1
41359,2012-01-05,0.5059827796942558,1
41360,2012-01-05,0.28974917258857147,1
41361,2012-01-05,0.24956948508219515,0
41362,2012-01-05,0.243390841670613,0
41363,2012-01-05,0.2297849629167708,1
41364,2012-01-05,0.28001744821829955,0
41365,2012-01-05,0.28784294837400504,1
41366,2012-01-05,0.325993670903541,0
41367,2012-01-05,0.25519207182894665,1
41368,2012-01-05,0.16623846812420962,0
41369,2012-01-05,0.29286729144994905,1
41370,2012-01-05,0.30679889324396786,0
41371,2012-01-05,0.31322295056556565,0
41372,2012-01-05,0.25442035708923183,0
41373,2012-01-05,0.19735118350018063,0
41374,2012-01-05,0.12581012757452364,0
41375,2012-01-05,0.1965515863270686,0
41376,2012-01-05,0.1849929565604816,0
41377,2012-01-05,0.20668990228632053,0
41378,2012-01-05,0.2773672567310952,0
41379,2012-01-05,0.20760244552362628,0
41380,2012-01-05,0.13890143660710977,0
41381,2012-01-05,0.3458023619948502,1
41382,2012-01-05,0.2286469701598418,0
41383,2012-01-05,0.38537764988998,0
41384,2012-01-05,0.5636988677826059,1
41385,2012-01-05,0.2005300430529864,0
41386,2012-01-05,0.11166544481460834,0
41387,2012-01-05,0.22427143940489383,0
41388,2012-01-05,0.42268283981312144,1
41389,2012-01-05,0.2185263449689602,0
41390,2012-01-05,0.5409289855891534,1
41391,2012-01-05,0.3586392659224405,0
41392,2012-01-05,0.3048326297696604,0
41393,2012-01-05,0.6266154878266353,1
41394,2012-01-05,0.325273803018446,1
41395,2012-01-05,0.43165047518354344,0
41396,2012-01-05,0.45288804347989603,0
41397,2012-01-05,0.250452932412283,1
41398,2012-01-05,0.2553571223741489,0
41399,2012-01-05,0.40140198663407656,0
41400,2012-01-05,0.1977942244492763,1
41401,2012-01-05,0.1597663289207885,0
41402,2012-01-05,0.11321677931973244,0
41403,2012-01-05,0.33478798214112954,1
41404,2012-01-05,0.14999117106162613,0
41405,2012-01-05,0.157540953296867,0
41406,2012-01-05,0.2398760848326287,0
41407,2012-01-05,0.19410820907528367,0
41408,2012-01-05,0.21312922546732813,0
41409,2012-01-05,0.19651956936104187,0
41410,2012-01-05,0.19048548359325193,1
41411,2012-01-05,0.37460936159671804,0
41412,2012-01-05,0.6166781348497913,1
41413,2012-01-05,0.491638687472867,0
41414,2012-01-05,0.2025146894780818,0
41415,2012-01-05,0.41050320397429824,1
41416,2012-01-06,0.3572517491294896,0
41417,2012-01-06,0.22590539406900642,0
41418,2012-01-06,0.2001566315402757,1
41419,2012-01-06,0.2653742875304369,0
41420,2012-01-06,0.2962921951586602,1
41421,2012-01-06,0.30317387167630067,1
41422,2012-01-06,0.22599514315146055,0
41423,2012-01-06,0.24215488865368087,0
41424,2012-01-06,0.19008204082948718,0
41425,2012-01-06,0.22448180467839804,0
41426,2012-01-06,0.27129095655753516,0
41427,2012-01-06,0.26826152971335404,0
41428,2012-01-06,0.22301694162682476,0
41429,2012-01-06,0.42439053917321135,0
41430,2012-01-06,0.264705634283417,0
41431,2012-01-06,0.3659129249890805,0
41432,2012-01-06,0.1612869839308093,0
41433,2012-01-06,0.3820143611554934,0
41434,2012-01-06,0.3286692374165643,0
41435,2012-01-06,0.1464495645430953,0
41436,2012-01-06,0.21973177778549546,0
41437,2012-01-06,0.29325400988141337,0
41438,2012-01-06,0.32370397868225304,1
41439,2012-01-06,0.15877008943552331,0
41440,2012-01-06,0.2754131892116957,0
41441,2012-01-06,0.435403362463495,1
41442,2012-01-06,0.2705593131026878,0
41443,2012-01-06,0.23509896741315708,0
41444,2012-01-06,0.31928935157141464,0
41445,2012-01-06,0.24266927546974268,0
41446,2012-01-06,0.3311021971313003,1
41447,2012-01-06,0.15920546765464433,0
41448,2012-01-06,0.25080140744533214,0
41449,2012-01-06,0.5059722718170749,1
41450,2012-01-06,0.25716917620734825,1
41451,2012-01-06,0.19044791116872908,0
41452,2012-01-06,0.17884351973449017,0
41453,2012-01-06,0.18444473316030388,1
41454,2012-01-06,0.30240229278114394,1
41455,2012-01-06,0.18352306229244142,0
41456,2012-01-06,0.4290337344335574,1
41457,2012-01-06,0.26309870659789597,1
41458,2012-01-06,0.4138337219426772,1
41459,2012-01-06,0.43747581276124703,0
41460,2012-01-06,0.5802352433398587,0
41461,2012-01-06,0.33188584913055513,0
41462,2012-01-06,0.19520630556563134,0
41463,2012-01-06,0.3457878752450812,0
41464,2012-01-06,0.2611364239232224,1
41465,2012-01-06,0.42170216833687085,1
41466,2012-01-06,0.36464931397490646,1
41467,2012-01-06,0.5250826870081409,1
41468,2012-01-06,0.23334428247996253,0
41469,2012-01-06,0.3924964536226989,0
41470,2012-01-06,0.19651932746961875,0
41471,2012-01-06,0.251424241034296,0
41472,2012-01-06,0.17757303711133016,0
41473,2012-01-06,0.24389727563423513,0
41474,2012-01-06,0.19990579341710674,0
41475,2012-01-06,0.4266785639399122,1
41476,2012-01-06,0.3323647868514436,1
41477,2012-01-06,0.15926732939521487,0
41478,2012-01-06,0.18682232106485727,0
41479,2012-01-06,0.20631147927600996,0
41480,2012-01-06,0.2107467210707508,0
41481,2012-01-06,0.12263733692063501,0
41482,2012-01-06,0.22854543315658454,1
41483,2012-01-06,0.18191974755620324,0
41484,2012-01-06,0.26074227781163134,1
41485,2012-01-06,0.2522008294593029,0
41486,2012-01-06,0.3208694580540448,1
41487,2012-01-06,0.237907460453708,1
41488,2012-01-06,0.39760372590981846,0
41489,2012-01-06,0.3643155955669422,0
41490,2012-01-07,0.2647830000168416,0
41491,2012-01-07,0.34827379452543966,0
41492,2012-01-07,0.23656593091122255,0
41493,2012-01-07,0.1416484295143366,0
41494,2012-01-07,0.3106466353522132,0
41495,2012-01-07,0.1690020349768656,0
41496,2012-01-07,0.39193160568997043,0
41497,2012-01-07,0.18144797338423535,1
41498,2012-01-07,0.16567476033209913,1
41499,2012-01-07,0.4864083184996588,0
41500,2012-01-07,0.548138967534924,1
41501,2012-01-07,0.19721009448033844,0
41502,2012-01-07,0.5226964524937591,1
41503,2012-01-07,0.3114628915901591,0
41504,2012-01-07,0.2574665075726465,1
41505,2012-01-07,0.37112778853075906,1
41506,2012-01-07,0.15740235348890724,0
41507,2012-01-07,0.26247476507007644,0
41508,2012-01-07,0.12283534527115675,0
41509,2012-01-07,0.2667427216100956,1
41510,2012-01-07,0.29704398974890817,0
41511,2012-01-07,0.31203087785178363,0
41512,2012-01-07,0.17343159961181814,0
41513,2012-01-07,0.40656474382267305,0
41514,2012-01-07,0.24139104897362293,1
41515,2012-01-07,0.538318516313318,1
41516,2012-01-07,0.38729677472002305,0
41517,2012-01-07,0.22716974781599944,0
41518,2012-01-07,0.4508576990037977,1
41519,2012-01-07,0.1384522850794649,0
41520,2012-01-07,0.17198754443383985,0
41521,2012-01-07,0.29012031810832023,0
41522,2012-01-07,0.28388926853146984,0
41523,2012-01-07,0.3293891082437015,0
41524,2012-01-07,0.36008120831968704,1
41525,2012-01-07,0.199408582948219,0
41526,2012-01-07,0.5411236860803647,1
41527,2012-01-07,0.13792144266296835,0
41528,2012-01-07,0.21730801169599182,0
41529,2012-01-07,0.2552793261494862,1
41530,2012-01-07,0.6146742302321527,1
41531,2012-01-07,0.2287244041806085,0
41532,2012-01-07,0.1269321243662614,0
41533,2012-01-07,0.4134620043133222,1
41534,2012-01-07,0.21802365320416717,0
41535,2012-01-07,0.16061949252709917,0
41536,2012-01-07,0.32707539131286106,0
41537,2012-01-07,0.1879980563221275,0
41538,2012-01-07,0.36681978425276246,1
41539,2012-01-07,0.1441801439887044,0
41540,2012-01-07,0.2954535339090244,1
41541,2012-01-07,0.2292418285026476,0
41542,2012-01-07,0.5047592046183618,1
41543,2012-01-07,0.17728142986739542,0
41544,2012-01-07,0.300296589749227,0
41545,2012-01-07,0.2850021581189626,1
41546,2012-01-07,0.43799268555679605,1
41547,2012-01-07,0.41625613958706437,0
41548,2012-01-07,0.15507623666976558,0
41549,2012-01-07,0.4721183738401404,0
41550,2012-01-07,0.37728396826572813,0
41551,2012-01-07,0.2068834502919554,0
41552,2012-01-07,0.29832593095211246,0
41553,2012-01-07,0.2218343464858152,0
41554,2012-01-07,0.45541789101911356,1
41555,2012-01-07,0.14819310526033166,1
41556,2012-01-07,0.44323378602126196,0
41557,2012-01-07,0.34991611945953416,1
41558,2012-01-07,0.2966621982122741,1
41559,2012-01-07,0.45760719251992876,1
41560,2012-01-07,0.2000841147720845,0
41561,2012-01-07,0.22452046836930917,0
41562,2012-01-07,0.36853008336578846,0
41563,2012-01-07,0.39265030560718517,1
41564,2012-01-07,0.21809055717910814,1
41565,2012-01-07,0.385366398581492,0
41566,2012-01-07,0.14111965616143626,0
41567,2012-01-07,0.21570191151145063,0
41568,2012-01-07,0.2677945165963733,1
41569,2012-01-07,0.30699833489472345,0
41570,2012-01-07,0.3206358535981658,1
41571,2012-01-07,0.3288191103932847,0
41572,2012-01-07,0.28334459144172425,0
41573,2012-01-07,0.22658354676799258,1
41574,2012-01-07,0.17415692156416804,1
41575,2012-01-07,0.3643806786669655,0
41576,2012-01-07,0.25063662793882224,1
41577,2012-01-07,0.3872547429578666,0
41578,2012-01-07,0.15400283927681727,0
41579,2012-01-07,0.31153658873400647,0
41580,2012-01-07,0.12098993679437503,0
41581,2012-01-07,0.28156100424376757,1
41582,2012-01-07,0.30570090485375867,0
41583,2012-01-07,0.3532286873872314,1
41584,2012-01-07,0.3207430125036386,1
41585,2012-01-07,0.12001468002705029,0
41586,2012-01-07,0.50807172712957,1
41587,2012-01-07,0.21254922042002056,0
41588,2012-01-07,0.3116714962992602,0
41589,2012-01-07,0.17713040684254192,1
41590,2012-01-07,0.36502520813367856,0
41591,2012-01-07,0.33850258589495963,1
41592,2012-01-07,0.33220933446014145,1
41593,2012-01-07,0.45817961141850727,0
41594,2012-01-07,0.20467697589352393,0
41595,2012-01-07,0.36245557886427326,0
41596,2012-01-07,0.5074935756161766,1
41597,2012-01-07,0.2823544242673771,1
41598,2012-01-07,0.19115368148032358,0
41599,2012-01-07,0.4852513938320496,1
41600,2012-01-07,0.22461522623131172,0
41601,2012-01-07,0.21363333827469067,0
41602,2012-01-07,0.48190133598764495,0
41603,2012-01-07,0.36842694248836483,0
41604,2012-01-07,0.28588178523363283,0
41605,2012-01-07,0.43239297308408847,1
41606,2012-01-07,0.41846755405620395,0
41607,2012-01-07,0.22990994603018852,0
41608,2012-01-07,0.5245505615616628,1
41609,2012-01-07,0.253698185064947,0
41610,2012-01-07,0.566930490514752,1
41611,2012-01-07,0.4298081354432231,0
41612,2012-01-07,0.3061780033492165,0
41613,2012-01-07,0.24356281976903138,0
41614,2012-01-07,0.15264942634260417,0
41615,2012-01-07,0.2379823525101489,1
41616,2012-01-07,0.16452784805888546,0
41617,2012-01-07,0.19310715643265228,0
41618,2012-01-07,0.3638898358776727,0
41619,2012-01-07,0.2628322726830053,1
41620,2012-01-07,0.25593938503858343,0
41621,2012-01-07,0.25739482015728865,1
41622,2012-01-07,0.35752920347280165,0
41623,2012-01-07,0.339448402614335,1
41624,2012-01-07,0.5410009838817219,1
41625,2012-01-07,0.3095999916455314,0
41626,2012-01-07,0.17776596797441233,0
41627,2012-01-07,0.24598829222195864,0
41628,2012-01-07,0.11602465281787132,0
41629,2012-01-07,0.42516000778894525,0
41630,2012-01-07,0.1924295094698826,0
41631,2012-01-07,0.12802388402455972,0
41632,2012-01-07,0.13310962468684304,0
41633,2012-01-07,0.15182233184556157,0
41634,2012-01-07,0.43730763056967764,1
41635,2012-01-07,0.275890905705523,1
41636,2012-01-07,0.38462995676060663,1
41637,2012-01-07,0.1400948559180469,0
41638,2012-01-07,0.21360556329331942,0
41639,2012-01-07,0.3978570856014488,0
41640,2012-01-07,0.15493363472762495,0
41641,2012-01-07,0.47937937969662336,0
41642,2012-01-07,0.5516598285559332,1
41643,2012-01-07,0.20578149404685644,0
41644,2012-01-07,0.3224287825605298,0
41645,2012-01-07,0.3347222928164188,0
41646,2012-01-07,0.28250139519938017,0
41647,2012-01-07,0.33063249302439307,0
41648,2012-01-07,0.17214772237867262,0
41649,2012-01-07,0.5117917065048094,0
41650,2012-01-07,0.3849049676320436,0
41651,2012-01-07,0.19883502629217628,0
41652,2012-01-07,0.15961139904532615,0
41653,2012-01-07,0.5882172613167086,1
41654,2012-01-07,0.3913433479437673,1
41655,2012-01-07,0.15506233639872619,0
41656,2012-01-07,0.2861077057039988,1
41657,2012-01-07,0.13906711383815445,0
41658,2012-01-07,0.2379542653816967,0
41659,2012-01-07,0.20901005116470395,0
41660,2012-01-07,0.19178513799349128,0
41661,2012-01-07,0.2560870234307139,0
41662,2012-01-07,0.30979581463630335,1
41663,2012-01-07,0.2795048600542092,1
41664,2012-01-07,0.2440467823307992,1
41665,2012-01-07,0.344115101527636,0
41666,2012-01-07,0.31795281196410885,0
41667,2012-01-07,0.2014052079829223,0
41668,2012-01-07,0.3423599897292981,0
41669,2012-01-07,0.23665107156228363,0
41670,2012-01-07,0.26993769086535324,0
41671,2012-01-07,0.31091547949632503,0
41672,2012-01-07,0.36518722434225476,0
41673,2012-01-07,0.362865216988743,1
41674,2012-01-07,0.3633914441301623,1
41675,2012-01-07,0.1569917115297556,0
41676,2012-01-07,0.6542655084015391,1
41677,2012-01-07,0.3904413963923126,0
41678,2012-01-07,0.11865750140228581,0
41679,2012-01-07,0.5166525460518998,0
41680,2012-01-07,0.2683547024079055,0
41681,2012-01-07,0.3388491258752762,0
41682,2012-01-07,0.23519395141298802,0
41683,2012-01-07,0.3869281993301612,0
41684,2012-01-07,0.1466761170828004,0
41685,2012-01-07,0.11906158697272391,0
41686,2012-01-07,0.29792634371922017,1
41687,2012-01-07,0.2619796906904015,1
41688,2012-01-07,0.16953430179152984,0
41689,2012-01-07,0.14849210764001006,0
41690,2012-01-07,0.3301883957220522,0
41691,2012-01-07,0.20193159694153692,0
41692,2012-01-07,0.4409754811217589,1
41693,2012-01-07,0.27465834566767544,0
41694,2012-01-07,0.2554898933111448,0
41695,2012-01-07,0.16499022372761907,0
41696,2012-01-07,0.29726250907677243,1
41697,2012-01-07,0.32336697896749667,1
41698,2012-01-07,0.13013925485595002,1
41699,2012-01-07,0.21093591809950057,0
41700,2012-01-07,0.26882793091079105,0
41701,2012-01-07,0.38299415933256153,0
41702,2012-01-07,0.3416743116130868,0
41703,2012-01-07,0.20332296072295364,1
41704,2012-01-07,0.21056236727729902,0
41705,2012-01-07,0.2173732713470608,0
41706,2012-01-07,0.36032361179699895,1
41707,2012-01-07,0.21145295652726404,0
41708,2012-01-07,0.23635325766585183,0
41709,2012-01-07,0.3108973085201461,0
41710,2012-01-07,0.43179627628662043,1
41711,2012-01-07,0.23472449316899774,0
41712,2012-01-07,0.2738322821833135,1
41713,2012-01-07,0.41543134103817814,0
41714,2012-01-07,0.2821127107857567,0
41715,2012-01-07,0.1654147920839181,0
41716,2012-01-07,0.5360977921922093,1
41717,2012-01-07,0.17612115383806337,0
41718,2012-01-07,0.41639027621114144,0
41719,2012-01-07,0.27719741467319603,0
41720,2012-01-07,0.3625744959353175,0
41721,2012-01-07,0.24898937721274186,0
41722,2012-01-07,0.1385196468110896,1
41723,2012-01-07,0.3430783494361634,0
41724,2012-01-07,0.2100579108439263,0
41725,2012-01-07,0.47451973256221586,0
41726,2012-01-07,0.3900727192123839,1
41727,2012-01-07,0.2684308390103646,0
41728,2012-01-07,0.3892925784916446,1
41729,2012-01-07,0.22610280916518483,0
41730,2012-01-07,0.4859245568029765,0
41731,2012-01-07,0.37815303431219055,1
41732,2012-01-07,0.29227861810687616,0
41733,2012-01-07,0.2628315582870957,0
41734,2012-01-07,0.14068843385945357,0
41735,2012-01-07,0.311280674423053,0
41736,2012-01-07,0.16928965007122085,0
41737,2012-01-07,0.2596755227223387,0
41738,2012-01-07,0.23006019032050287,0
41739,2012-01-07,0.4438248930467052,1
41740,2012-01-07,0.20747106742071292,1
41741,2012-01-07,0.35140047106812133,0
41742,2012-01-07,0.37310862198234873,1
41743,2012-01-07,0.18458125937400646,1
41744,2012-01-07,0.5898745971808115,1
41745,2012-01-07,0.5633322150571806,1
41746,2012-01-07,0.2518019941004994,0
41747,2012-01-07,0.34929176024062186,0
41748,2012-01-07,0.35210250780331287,0
41749,2012-01-07,0.2829374682964813,1
41750,2012-01-07,0.22955335003531693,1
41751,2012-01-07,0.193485019560547,0
41752,2012-01-07,0.2800029104415421,0
41753,2012-01-07,0.15600319497909843,0
41754,2012-01-07,0.45590748878095055,1
41755,2012-01-07,0.13623819336699708,0
41756,2012-01-07,0.22938764305707776,0
41757,2012-01-07,0.25095064822800156,0
41758,2012-01-07,0.197790961833421,0
41759,2012-01-07,0.4182122289315499,0
41760,2012-01-07,0.2077153832058894,0
41761,2012-01-07,0.5179824318218373,1
41762,2012-01-07,0.12802388402455972,0
41763,2012-01-07,0.1419182455046012,0
41764,2012-01-07,0.11626999542150525,0
41765,2012-01-07,0.1266521374851728,0
41766,2012-01-07,0.16847164110840643,0
41767,2012-01-07,0.5725777917012957,1
41768,2012-01-07,0.18568153466229675,1
41769,2012-01-07,0.3624327681008788,0
41770,2012-01-07,0.24224307089926633,1
41771,2012-01-07,0.12471668446224854,0
41772,2012-01-07,0.5683650327262894,1
41773,2012-01-07,0.47061165208162076,1
41774,2012-01-07,0.4382605810968306,1
41775,2012-01-07,0.2096846807313367,0
41776,2012-01-07,0.2642589984999404,0
41777,2012-01-07,0.18539761175827688,0
41778,2012-01-07,0.28938352645017346,0
41779,2012-01-07,0.21377665967340917,1
41780,2012-01-07,0.3970580704608163,0
41781,2012-01-07,0.18156097350603945,0
41782,2012-01-07,0.36552988264579883,1
41783,2012-01-07,0.31490108144310397,0
41784,2012-01-07,0.17749726669854196,0
41785,2012-01-07,0.45627002328005584,0
41786,2012-01-07,0.3205902779658525,1
41787,2012-01-07,0.31326905771649627,0
41788,2012-01-07,0.16194123337843816,0
41789,2012-01-07,0.3069915914019253,0
41790,2012-01-07,0.4092084611261482,0
41791,2012-01-07,0.18247474631625565,0
41792,2012-01-07,0.12834511756134095,0
41793,2012-01-07,0.1799917832918134,0
41794,2012-01-07,0.20418196299795854,0
41795,2012-01-07,0.5579063128881034,1
41796,2012-01-07,0.08677216879022688,0
41797,2012-01-07,0.15745118186407045,0
41798,2012-01-07,0.13175156890565737,0
41799,2012-01-07,0.20298863850535648,0
41800,2012-01-07,0.27778761668630303,0
41801,2012-01-07,0.1906648452750875,1
41802,2012-01-07,0.17076079616378537,0
41803,2012-01-07,0.347145766183291,1
41804,2012-01-07,0.25188387391372713,1
41805,2012-01-07,0.2464896534396135,1
41806,2012-01-07,0.20869554402989426,0
41807,2012-01-07,0.36888144020720015,0
41808,2012-01-07,0.20937321508186252,0
41809,2012-01-07,0.18912680080188934,0
41810,2012-01-07,0.2721425063408336,1
41811,2012-01-07,0.4344487392166875,0
41812,2012-01-07,0.42651265090359947,1
41813,2012-01-07,0.4929514624610874,0
41814,2012-01-07,0.1900277736176228,0
41815,2012-01-07,0.25338282961811703,0
41816,2012-01-07,0.43289189379691817,0
41817,2012-01-07,0.14898121872708459,1
41818,2012-01-07,0.28153627397576486,0
41819,2012-01-07,0.13941241442477273,0
41820,2012-01-07,0.4802823510233259,0
41821,2012-01-07,0.42490703459661805,1
41822,2012-01-07,0.315000355118281,1
41823,2012-01-07,0.4222682041650662,1
41824,2012-01-07,0.4707107816309793,0
41825,2012-01-07,0.3469140267453944,1
41826,2012-01-07,0.260328575094486,0
41827,2012-01-07,0.49158440737235853,0
41828,2012-01-07,0.1866420156417212,0
41829,2012-01-07,0.2541060181224524,0
41830,2012-01-07,0.2166171274361313,1
41831,2012-01-07,0.2600478594832007,0
41832,2012-01-07,0.43495431167500803,1
41833,2012-01-07,0.17352665743991788,1
41834,2012-01-07,0.2135037986259232,0
41835,2012-01-07,0.5654764758497195,1
41836,2012-01-07,0.667444557467174,0
41837,2012-01-07,0.1676564803010987,0
41838,2012-01-07,0.4471349511482231,1
41839,2012-01-07,0.33470935614403113,1
41840,2012-01-07,0.2861918581401594,0
41841,2012-01-07,0.3099160461534668,1
41842,2012-01-07,0.5887812319377622,1
41843,2012-01-07,0.12554491930415565,0
41844,2012-01-07,0.1447780797112998,0
41845,2012-01-07,0.3359270471823772,0
41846,2012-01-07,0.3126812820959732,0
41847,2012-01-07,0.2895712660933613,1
41848,2012-01-07,0.17346456737079127,1
41849,2012-01-07,0.21326524183442627,1
41850,2012-01-07,0.42650147886843925,1
41851,2012-01-07,0.15314779616599153,0
41852,2012-01-07,0.2814905037702068,0
41853,2012-01-07,0.2506544115589817,1
41854,2012-01-07,0.13336124390800502,0
41855,2012-01-07,0.15454582020506338,0
41856,2012-01-07,0.3669158140221404,0
41857,2012-01-07,0.13832168279342594,0
41858,2012-01-07,0.4182804088284698,0
41859,2012-01-07,0.2601738324718598,0
41860,2012-01-07,0.2397229450313897,0
41861,2012-01-07,0.20738843108565178,1
41862,2012-01-07,0.42873408663071055,0
41863,2012-01-07,0.15151895377808416,0
41864,2012-01-07,0.2604537752316728,0
41865,2012-01-07,0.18519288211016388,1
41866,2012-01-07,0.32007613159862586,0
41867,2012-01-07,0.4589024839164096,1
41868,2012-01-07,0.3380767932370079,1
41869,2012-01-07,0.4302178464419813,1
41870,2012-01-07,0.2608022326252251,0
41871,2012-01-07,0.3200530481996131,0
41872,2012-01-07,0.4991731822466598,1
41873,2012-01-07,0.17483913379732632,0
41874,2012-01-07,0.13795408704671266,0
41875,2012-01-07,0.2579709888419206,1
41876,2012-01-07,0.23090580502599747,0
41877,2012-01-07,0.19164585422940164,0
41878,2012-01-07,0.22431939241553264,0
41879,2012-01-07,0.27736683095146997,0
41880,2012-01-07,0.1803440720633732,0
41881,2012-01-07,0.18984790007259353,0
41882,2012-01-07,0.5276438755017714,0
41883,2012-01-07,0.16011598984822203,0
41884,2012-01-07,0.31426527386723235,0
41885,2012-01-07,0.22030689366503756,1
41886,2012-01-07,0.2537531561679597,1
41887,2012-01-07,0.4293446989446187,1
41888,2012-01-07,0.24615216449006833,1
41889,2012-01-07,0.14036582593239635,0
41890,2012-01-07,0.33605104883509557,0
41891,2012-01-07,0.2790024344950522,0
41892,2012-01-07,0.1733276493037697,0
41893,2012-01-07,0.38980857867206675,1
41894,2012-01-07,0.23150923689172195,0
41895,2012-01-07,0.30738165099121095,1
41896,2012-01-07,0.43680302629923545,1
41897,2012-01-07,0.47759017576415685,0
41898,2012-01-07,0.2781623888139517,0
41899,2012-01-07,0.13327438235402642,0
41900,2012-01-07,0.26175926235497543,0
41901,2012-01-07,0.18580969125789934,1
41902,2012-01-07,0.3371046672053095,0
41903,2012-01-07,0.3963840794579487,0
41904,2012-01-07,0.37773981645116766,1
41905,2012-01-07,0.5118050187432953,0
41906,2012-01-07,0.34281480330419245,0
41907,2012-01-07,0.3996374680486094,0
41908,2012-01-07,0.44206443524930256,1
41909,2012-01-07,0.2931883549279599,0
41910,2012-01-07,0.3041911034966164,1
41911,2012-01-07,0.2529941891457955,0
41912,2012-01-07,0.20769539444892898,0
41913,2012-01-07,0.3447742665569521,0
41914,2012-01-07,0.28209410406925095,1
41915,2012-01-07,0.42375737930111435,0
41916,2012-01-07,0.2647029316811347,0
41917,2012-01-07,0.2945658177120528,0
41918,2012-01-07,0.2892220409806916,0
41919,2012-01-07,0.19994520442388336,0
41920,2012-01-08,0.45131896657054477,0
41921,2012-01-08,0.5926537010965022,0
41922,2012-01-08,0.1885074927128156,1
41923,2012-01-08,0.30252264384726096,0
41924,2012-01-08,0.31240345527203484,0
41925,2012-01-08,0.2286718304815086,0
41926,2012-01-08,0.4706760035288478,1
41927,2012-01-08,0.2143800774841101,0
41928,2012-01-08,0.1222267195332121,0
41929,2012-01-08,0.23652998978775264,1
41930,2012-01-08,0.47852731347218347,1
41931,2012-01-08,0.22855681304463385,0
41932,2012-01-08,0.6316624191189603,0
41933,2012-01-08,0.15558365117325473,0
41934,2012-01-08,0.34411292215095673,0
41935,2012-01-08,0.3165814751440151,1
41936,2012-01-08,0.22090387421657542,0
41937,2012-01-08,0.4055436005715152,1
41938,2012-01-08,0.44707965107545655,1
41939,2012-01-08,0.5256739126280888,0
41940,2012-01-08,0.15866876131026683,0
41941,2012-01-08,0.29028680106859334,1
41942,2012-01-08,0.34501107148872595,1
41943,2012-01-08,0.2841460487008046,0
41944,2012-01-08,0.33492409853695787,0
41945,2012-01-08,0.22880923714563609,1
41946,2012-01-08,0.33141254205719545,1
41947,2012-01-08,0.3183796817019495,0
41948,2012-01-08,0.4835691812598575,1
41949,2012-01-08,0.2937061328387671,0
41950,2012-01-08,0.1415516970070084,0
41951,2012-01-08,0.5790698552058919,1
41952,2012-01-08,0.3756965510522578,1
41953,2012-01-08,0.2741227775485947,0
41954,2012-01-08,0.43172071490219693,1
41955,2012-01-08,0.25155465175876046,1
41956,2012-01-08,0.4984665721027034,1
41957,2012-01-08,0.22168169314756406,1
41958,2012-01-08,0.34961875741883586,0
41959,2012-01-08,0.17632049203318673,0
41960,2012-01-08,0.19012832020417483,1
41961,2012-01-08,0.19101154618089752,0
41962,2012-01-08,0.24885251662132143,0
41963,2012-01-08,0.3662868087265559,0
41964,2012-01-08,0.2008503642712102,1
41965,2012-01-08,0.298271681193391,0
41966,2012-01-08,0.37746793068216067,1
41967,2012-01-08,0.3494712559579905,0
41968,2012-01-08,0.5911934291473783,0
41969,2012-01-08,0.14981178999329445,0
41970,2012-01-08,0.23095121641627295,0
41971,2012-01-08,0.2556122002075692,0
41972,2012-01-08,0.3320075811930123,0
41973,2012-01-08,0.3763266067466984,1
41974,2012-01-08,0.29671685058917624,0
41975,2012-01-08,0.2179596861596945,0
41976,2012-01-08,0.2910639650863975,0
41977,2012-01-08,0.2865408302258261,1
41978,2012-01-08,0.19201782416509536,1
41979,2012-01-08,0.22479082656278557,0
41980,2012-01-08,0.3135712753073863,1
41981,2012-01-08,0.23569276851882645,0
41982,2012-01-08,0.16133930199505953,0
41983,2012-01-08,0.2114822873325583,0
41984,2012-01-08,0.31364900733325635,0
41985,2012-01-08,0.20986224205017323,0
41986,2012-01-08,0.3033606812366906,0
41987,2012-01-08,0.18663797331792334,0
41988,2012-01-08,0.23118819184006584,1
41989,2012-01-08,0.2993190615424489,0
41990,2012-01-08,0.16980023959728197,0
41991,2012-01-08,0.18842776028229286,0
41992,2012-01-08,0.19345248721211275,0
41993,2012-01-08,0.3859138646461715,1
41994,2012-01-08,0.20186998326913727,0
41995,2012-01-08,0.23171044720490663,0
41996,2012-01-08,0.3229964382821937,1
41997,2012-01-08,0.5127924971296943,1
41998,2012-01-08,0.3029408804721331,0
41999,2012-01-08,0.34494386410742917,1
42000,2012-01-08,0.20597286801954923,1
42001,2012-01-08,0.1360945279367212,1
42002,2012-01-08,0.29358277611311207,1
42003,2012-01-08,0.24528928337524467,1
42004,2012-01-08,0.4354939532584758,1
42005,2012-01-08,0.3311756144374113,0
42006,2012-01-08,0.21016484758603388,0
42007,2012-01-08,0.2990646476825033,0
42008,2012-01-08,0.2525522112616155,0
42009,2012-01-08,0.4230557173855632,0
42010,2012-01-08,0.19961408032281092,0
42011,2012-01-08,0.24723015239436258,0
42012,2012-01-08,0.3361728914153015,1
42013,2012-01-08,0.16763735224360835,0
42014,2012-01-08,0.2089950828897406,1
42015,2012-01-08,0.25605153071197356,0
42016,2012-01-08,0.32135384834307107,1
42017,2012-01-08,0.30436526215020754,0
42018,2012-01-08,0.17339192164007652,0
42019,2012-01-08,0.16408011922410126,0
42020,2012-01-08,0.33627172158072777,1
42021,2012-01-08,0.35505892883659534,0
42022,2012-01-08,0.20161444183080893,0
42023,2012-01-08,0.33891343243721594,0
42024,2012-01-08,0.2718279475695735,0
42025,2012-01-08,0.32755679138396737,0
42026,2012-01-08,0.37749604118398356,0
42027,2012-01-08,0.4175709364701027,1
42028,2012-01-08,0.570192930033202,1
42029,2012-01-08,0.28279164454259764,0
42030,2012-01-08,0.23209022178098224,0
42031,2012-01-08,0.40958999853042277,1
42032,2012-01-08,0.26631802401200866,0
42033,2012-01-08,0.24597829942941504,0
42034,2012-01-08,0.260367093281599,1
42035,2012-01-08,0.4963020759349238,1
42036,2012-01-08,0.3168156270602335,0
42037,2012-01-08,0.5386952663191418,1
42038,2012-01-08,0.37630012976405874,1
42039,2012-01-08,0.5049794128384525,1
42040,2012-01-08,0.16717830814830634,0
42041,2012-01-08,0.19220788808622938,0
42042,2012-01-08,0.2045744733391507,1
42043,2012-01-08,0.35496789615276964,1
42044,2012-01-08,0.2344266201398446,0
42045,2012-01-08,0.18789984026917306,0
42046,2012-01-08,0.2890188624844265,1
42047,2012-01-08,0.25033012338001404,0
42048,2012-01-08,0.3601984423660707,0
42049,2012-01-08,0.19932942376703452,1
42050,2012-01-08,0.4049707359053141,0
42051,2012-01-08,0.39205109614260225,0
42052,2012-01-08,0.1878722681471643,0
42053,2012-01-08,0.1832644462418377,1
42054,2012-01-08,0.43073780851120513,0
42055,2012-01-08,0.3699005900526736,0
42056,2012-01-08,0.29205187412690703,0
42057,2012-01-08,0.09812069058528795,1
42058,2012-01-08,0.4329056331557801,1
42059,2012-01-08,0.28409753603066257,0
42060,2012-01-08,0.17241059978136505,0
42061,2012-01-08,0.1524245574004216,0
42062,2012-01-08,0.21199854232842616,1
42063,2012-01-08,0.3424177614698712,1
42064,2012-01-08,0.1592803524802156,0
42065,2012-01-08,0.34667653350291466,0
42066,2012-01-08,0.600938865208596,1
42067,2012-01-08,0.291709670485096,1
42068,2012-01-08,0.32048853464367655,0
42069,2012-01-08,0.13699230656088107,0
42070,2012-01-08,0.37453841745041017,0
42071,2012-01-08,0.25340531906291913,0
42072,2012-01-08,0.36025616853996384,1
42073,2012-01-08,0.3484162544899706,1
42074,2012-01-08,0.22759134479495136,0
42075,2012-01-08,0.20936816182768497,1
42076,2012-01-08,0.2889594983940313,0
42077,2012-01-08,0.41048073972196397,1
42078,2012-01-08,0.1903945893200476,0
42079,2012-01-08,0.1545380761614546,0
42080,2012-01-08,0.4341923611678992,1
42081,2012-01-08,0.29584287247433905,1
42082,2012-01-08,0.2816298332822274,1
42083,2012-01-08,0.17993214908065822,0
42084,2012-01-08,0.24835829900533313,0
42085,2012-01-08,0.22953576376068166,1
42086,2012-01-08,0.3181801813844675,1
42087,2012-01-08,0.27484719309959416,1
42088,2012-01-08,0.46872622909965195,1
42089,2012-01-08,0.14235861113243142,0
42090,2012-01-08,0.36228741693893535,0
42091,2012-01-08,0.19144060465620005,0
42092,2012-01-08,0.21338587370043616,0
42093,2012-01-08,0.2075809146412391,0
42094,2012-01-08,0.32624014557467773,1
42095,2012-01-08,0.20332343265033997,1
42096,2012-01-08,0.2206680221564902,0
42097,2012-01-08,0.372327272974784,1
42098,2012-01-08,0.5789570318093941,1
42099,2012-01-08,0.2652340602828947,0
42100,2012-01-08,0.17648491742077715,0
42101,2012-01-08,0.20117279492394985,0
42102,2012-01-08,0.15344374088877785,0
42103,2012-01-08,0.3627813181076408,0
42104,2012-01-08,0.2314349385835837,1
42105,2012-01-08,0.5961426593851997,1
42106,2012-01-08,0.2427401065269367,0
42107,2012-01-08,0.3102954858667717,1
42108,2012-01-08,0.26361893840443873,1
42109,2012-01-08,0.2581765465440979,0
42110,2012-01-08,0.4283431986167206,1
42111,2012-01-08,0.15810117542832616,0
42112,2012-01-08,0.24600946902863421,0
42113,2012-01-08,0.3105199356599444,1
42114,2012-01-08,0.3329770368214482,0
42115,2012-01-08,0.3403310677753363,1
42116,2012-01-08,0.21892767335160718,1
42117,2012-01-08,0.3197945021140332,1
42118,2012-01-08,0.24710316119122006,0
42119,2012-01-08,0.500800847890435,1
42120,2012-01-08,0.2972918349616578,0
42121,2012-01-08,0.16802026788815852,0
42122,2012-01-08,0.48374261942593705,0
42123,2012-01-08,0.14418385636736866,0
42124,2012-01-08,0.4963204738697177,0
42125,2012-01-08,0.22707415123564492,0
42126,2012-01-08,0.21565517986646582,0
42127,2012-01-08,0.22025521707772297,0
42128,2012-01-08,0.16462536927662424,0
42129,2012-01-08,0.4365723951598091,0
42130,2012-01-08,0.26401675047889084,1
42131,2012-01-08,0.29214946032083255,1
42132,2012-01-08,0.3629814077680478,1
42133,2012-01-08,0.19217341804701574,0
42134,2012-01-08,0.32341731847455113,0
42135,2012-01-08,0.3783817052349389,0
42136,2012-01-08,0.332345378721896,1
42137,2012-01-08,0.17693913756426274,0
42138,2012-01-08,0.22322767788863973,1
42139,2012-01-08,0.19749207009394565,0
42140,2012-01-08,0.3541527482963846,0
42141,2012-01-08,0.36012148018248025,0
42142,2012-01-08,0.16287957928622943,0
42143,2012-01-08,0.16467301163631648,0
42144,2012-01-08,0.29953740380086696,1
42145,2012-01-08,0.18897964427495015,0
42146,2012-01-08,0.2849574366190835,1
42147,2012-01-08,0.18625703039619096,0
42148,2012-01-08,0.3781812987265251,0
42149,2012-01-08,0.5765019725350389,1
42150,2012-01-08,0.14450520521199992,0
42151,2012-01-08,0.4594457247573866,1
42152,2012-01-08,0.30358960597977575,1
42153,2012-01-08,0.11793768618666427,0
42154,2012-01-08,0.5184207042856885,1
42155,2012-01-08,0.33698596265492897,1
42156,2012-01-08,0.23415283464661818,1
42157,2012-01-08,0.4259012918465273,1
42158,2012-01-08,0.21732012428757483,1
42159,2012-01-08,0.25224569138555314,1
42160,2012-01-08,0.20732154195029628,0
42161,2012-01-08,0.22356540378432496,0
42162,2012-01-08,0.3596479562485936,1
42163,2012-01-08,0.3668815513593465,0
42164,2012-01-08,0.2731044297326363,0
42165,2012-01-08,0.29204929721550127,1
42166,2012-01-08,0.20864708463152276,0
42167,2012-01-08,0.5241955995214261,1
42168,2012-01-08,0.3475701332961769,1
42169,2012-01-08,0.1499201801299933,0
42170,2012-01-08,0.15121027998593725,0
42171,2012-01-08,0.39559429402031204,1
42172,2012-01-08,0.20183860030718426,0
42173,2012-01-08,0.5246210636677333,1
42174,2012-01-08,0.41866040430398915,1
42175,2012-01-08,0.2600187371716199,0
42176,2012-01-08,0.28424128887662425,1
42177,2012-01-08,0.4811387194861304,1
42178,2012-01-08,0.2010038305523915,1
42179,2012-01-08,0.2241947469944369,0
42180,2012-01-08,0.14874174364758855,0
42181,2012-01-08,0.3744599823101081,0
42182,2012-01-08,0.3810218881220993,1
42183,2012-01-08,0.22499756878161373,0
42184,2012-01-08,0.3349686007076313,0
42185,2012-01-08,0.27552295067254373,1
42186,2012-01-08,0.307824554996187,1
42187,2012-01-08,0.2742305275459882,0
42188,2012-01-08,0.08611005867174376,0
42189,2012-01-08,0.21874103532140027,0
42190,2012-01-08,0.23375671177195453,1
42191,2012-01-08,0.3681138299980879,0
42192,2012-01-08,0.15788402026761256,0
42193,2012-01-08,0.14379683239854357,0
42194,2012-01-08,0.3893506523536065,1
42195,2012-01-08,0.2723755902345729,0
42196,2012-01-08,0.2655162486981137,0
42197,2012-01-08,0.32136415463912305,0
42198,2012-01-08,0.34086406418792037,1
42199,2012-01-08,0.3929696912546279,0
42200,2012-01-08,0.2464354320373056,0
42201,2012-01-08,0.34264451744828744,0
42202,2012-01-08,0.27253772288079847,0
42203,2012-01-08,0.3827899120503678,1
42204,2012-01-08,0.5596117377341459,1
42205,2012-01-08,0.15657807852344002,0
42206,2012-01-08,0.453952665737107,0
42207,2012-01-08,0.3269620278192293,1
42208,2012-01-08,0.2220644954443714,0
42209,2012-01-08,0.1953263186667389,0
42210,2012-01-08,0.3587111653986691,0
42211,2012-01-08,0.2345308029030385,0
42212,2012-01-08,0.42754363866992706,0
42213,2012-01-08,0.26476588054879047,1
42214,2012-01-08,0.3306792986534122,0
42215,2012-01-08,0.6643434419939612,1
42216,2012-01-08,0.3776256172847965,0
42217,2012-01-08,0.4867551836975463,1
42218,2012-01-08,0.39793608850408296,1
42219,2012-01-08,0.42709376592214876,1
42220,2012-01-08,0.32538157381224153,0
42221,2012-01-08,0.3043245892667209,0
42222,2012-01-08,0.39206128665733825,1
42223,2012-01-08,0.37689764036354817,0
42224,2012-01-08,0.5963487978564128,1
42225,2012-01-08,0.30943503569094,0
42226,2012-01-08,0.2928633254795787,0
42227,2012-01-08,0.3942374571396792,1
42228,2012-01-08,0.19870877161852588,1
42229,2012-01-08,0.23703164989496872,1
42230,2012-01-08,0.44204380565911067,1
42231,2012-01-08,0.5185439358385346,0
42232,2012-01-08,0.1699895929667899,0
42233,2012-01-08,0.25374899234781156,1
42234,2012-01-08,0.17919800873603917,0
42235,2012-01-08,0.23992192159914758,0
42236,2012-01-08,0.19162360416252847,0
42237,2012-01-08,0.5474434223212421,1
42238,2012-01-08,0.28936580969079034,0
42239,2012-01-08,0.3533069039382447,1
42240,2012-01-08,0.31455790445678705,0
42241,2012-01-08,0.2703760802662615,0
42242,2012-01-08,0.2300626059958003,0
42243,2012-01-08,0.19812755556796033,0
42244,2012-01-08,0.16172495525633188,1
42245,2012-01-08,0.17518386201651553,0
42246,2012-01-08,0.3763212655994592,1
42247,2012-01-08,0.13037042607545854,0
42248,2012-01-08,0.18637983436670286,0
42249,2012-01-08,0.2554910702159131,0
42250,2012-01-08,0.22222028704610008,0
42251,2012-01-08,0.2691118581518974,1
42252,2012-01-08,0.38310977051506495,0
42253,2012-01-08,0.5090793076920002,0
42254,2012-01-08,0.17190280625993795,0
42255,2012-01-08,0.4110429669556392,0
42256,2012-01-08,0.14846426598586204,0
42257,2012-01-08,0.3544222972498613,1
42258,2012-01-08,0.48670459761180584,0
42259,2012-01-08,0.2534441323513195,0
42260,2012-01-08,0.14568711032727596,0
42261,2012-01-08,0.1564334665883372,0
42262,2012-01-08,0.471490163249144,0
42263,2012-01-08,0.3230361146476602,1
42264,2012-01-08,0.42316196838427433,1
42265,2012-01-08,0.23087642972355252,0
42266,2012-01-08,0.19555185654540344,0
42267,2012-01-08,0.2820531776191299,1
42268,2012-01-08,0.349899019822918,1
42269,2012-01-08,0.19360020666748937,1
42270,2012-01-08,0.41868243402749894,0
42271,2012-01-08,0.17089375129202602,0
42272,2012-01-08,0.2809523553174476,1
42273,2012-01-08,0.50781146206003,1
42274,2012-01-08,0.34669817424960003,1
42275,2012-01-08,0.49146366070928665,0
42276,2012-01-08,0.386018126621848,1
42277,2012-01-08,0.34284195683250557,0
42278,2012-01-08,0.2781065145268759,1
42279,2012-01-08,0.28855022724509233,0
42280,2012-01-08,0.24569701162119842,0
42281,2012-01-08,0.48439360266753567,0
42282,2012-01-08,0.2842015471724981,0
42283,2012-01-08,0.2848901477638036,0
42284,2012-01-08,0.21569275689820802,0
42285,2012-01-08,0.3204502901308848,0
42286,2012-01-08,0.3402095619615855,0
42287,2012-01-08,0.2517096596349466,0
42288,2012-01-08,0.3113317180793168,1
42289,2012-01-08,0.22925409599681434,0
42290,2012-01-08,0.40552214033880507,1
42291,2012-01-08,0.5988793119788417,0
42292,2012-01-08,0.33492317697224194,0
42293,2012-01-08,0.36930937447526885,1
42294,2012-01-08,0.21922531745695695,0
42295,2012-01-08,0.2971761962563389,1
42296,2012-01-08,0.24366339089330336,0
42297,2012-01-08,0.27630813437264007,0
42298,2012-01-08,0.3479561893696071,0
42299,2012-01-08,0.43815506878727933,1
42300,2012-01-08,0.13866428787071364,0
42301,2012-01-08,0.36218602093713687,0
42302,2012-01-08,0.27156762733069917,0
42303,2012-01-08,0.23789767053241426,0
42304,2012-01-08,0.319739772019147,0
42305,2012-01-08,0.10820788892084733,0
42306,2012-01-08,0.17819964360343252,1
42307,2012-01-08,0.1899227930974283,0
42308,2012-01-08,0.4052209350515025,0
42309,2012-01-08,0.44846786447038456,1
42310,2012-01-08,0.6289047231448722,1
42311,2012-01-08,0.36463557719107814,0
42312,2012-01-08,0.12061109996072895,0
42313,2012-01-08,0.2510387374682025,0
42314,2012-01-08,0.4508736392079205,1
42315,2012-01-08,0.2320959676704547,0
42316,2012-01-08,0.5289052218126664,0
42317,2012-01-08,0.3164808996729016,1
42318,2012-01-08,0.4130208603684049,0
42319,2012-01-08,0.26156427854310427,0
42320,2012-01-08,0.20256579794716956,0
42321,2012-01-08,0.19843819900767834,0
42322,2012-01-08,0.30244739945351373,0
42323,2012-01-08,0.31123715643584043,0
42324,2012-01-08,0.2757496062471325,0
42325,2012-01-08,0.3686840651419854,1
42326,2012-01-08,0.13138709841439128,0
42327,2012-01-08,0.27810064454736094,0
42328,2012-01-08,0.2818321667014621,0
42329,2012-01-08,0.3676159052602543,0
42330,2012-01-08,0.35453965485584216,0
42331,2012-01-08,0.34594790431846256,1
42332,2012-01-08,0.2825504291281465,1
42333,2012-01-08,0.15145929611772793,0
42334,2012-01-08,0.2812764159623582,1
42335,2012-01-08,0.2118935813686803,0
42336,2012-01-09,0.26552691584531485,0
42337,2012-01-09,0.39300342094906804,1
42338,2012-01-09,0.41245901065510693,1
42339,2012-01-09,0.3597543848555869,1
42340,2012-01-09,0.28339535126774057,0
42341,2012-01-09,0.41286984371616525,0
42342,2012-01-09,0.19581777601438316,0
42343,2012-01-09,0.1293565381402124,0
42344,2012-01-09,0.6049291084844304,1
42345,2012-01-09,0.15968427999263207,0
42346,2012-01-09,0.21798260003660305,0
42347,2012-01-09,0.30381083483805416,0
42348,2012-01-09,0.4098756080732961,1
42349,2012-01-09,0.3051445306334626,0
42350,2012-01-09,0.4097048963065657,0
42351,2012-01-09,0.4521268049880861,1
42352,2012-01-09,0.29238664897448996,0
42353,2012-01-09,0.45419491303244763,1
42354,2012-01-09,0.2772079223886394,1
42355,2012-01-09,0.1585833158305882,1
42356,2012-01-09,0.40209428800610597,0
42357,2012-01-09,0.1799150875439623,0
42358,2012-01-09,0.27671300197528886,1
42359,2012-01-09,0.40787329361490643,1
42360,2012-01-09,0.18872656861374484,0
42361,2012-01-09,0.3353042465339756,1
42362,2012-01-09,0.1873840336475528,0
42363,2012-01-09,0.31134495868471723,1
42364,2012-01-09,0.28616600026093836,0
42365,2012-01-09,0.22294718903733426,0
42366,2012-01-09,0.1182813723388686,0
42367,2012-01-09,0.4229340231982449,1
42368,2012-01-09,0.1842862261200244,0
42369,2012-01-09,0.16517508530853797,0
42370,2012-01-09,0.22333426616230662,1
42371,2012-01-09,0.206631995042071,0
42372,2012-01-09,0.13535307729158014,0
42373,2012-01-09,0.23188084291047392,0
42374,2012-01-09,0.37043189740519966,0
42375,2012-01-09,0.300070018519459,0
42376,2012-01-09,0.33729220872593124,1
42377,2012-01-09,0.27667289127164085,0
42378,2012-01-09,0.3595022546650726,0
42379,2012-01-09,0.16427565022164908,0
42380,2012-01-09,0.40221685545779523,0
42381,2012-01-09,0.2451927995806415,0
42382,2012-01-09,0.31665337703051594,1
42383,2012-01-09,0.21781698805722863,0
42384,2012-01-09,0.17392514537399872,0
42385,2012-01-09,0.4250050711648611,1
42386,2012-01-09,0.1867320894673566,0
42387,2012-01-09,0.3231341308334403,0
42388,2012-01-09,0.19553845988539728,0
42389,2012-01-09,0.32623651813754334,0
42390,2012-01-09,0.12920368101086638,0
42391,2012-01-09,0.4180054111222679,1
42392,2012-01-09,0.3378595091381071,1
42393,2012-01-09,0.21819062684495352,1
42394,2012-01-09,0.5031463483532774,0
42395,2012-01-09,0.31153316998634456,0
42396,2012-01-09,0.18461146080464758,0
42397,2012-01-09,0.4330970050521197,1
42398,2012-01-09,0.16670447497409058,0
42399,2012-01-09,0.3214038423302699,0
42400,2012-01-09,0.4083100321162697,0
42401,2012-01-09,0.3092587421310948,0
42402,2012-01-09,0.2763409513980161,1
42403,2012-01-09,0.2441638967579951,0
42404,2012-01-09,0.4178753141113404,0
42405,2012-01-09,0.4517437217576279,1
42406,2012-01-09,0.3834073090573631,0
42407,2012-01-09,0.16859774305790068,1
42408,2012-01-09,0.20915854678230505,0
42409,2012-01-09,0.39089485533898843,1
42410,2012-01-09,0.11397752487487642,0
42411,2012-01-09,0.17420211749168496,0
42412,2012-01-09,0.26566183371170277,1
42413,2012-01-09,0.2274495483962632,0
42414,2012-01-09,0.190103392762597,0
42415,2012-01-09,0.17519358696228102,0
42416,2012-01-09,0.28240925732979716,0
42417,2012-01-09,0.29375079068100574,0
42418,2012-01-09,0.22538747762400224,1
42419,2012-01-09,0.5728229941497609,1
42420,2012-01-09,0.28695633092798156,0
42421,2012-01-09,0.38773514521265423,1
42422,2012-01-09,0.1926351265757282,0
42423,2012-01-09,0.43509495523272823,0
42424,2012-01-09,0.18178268288095553,0
42425,2012-01-09,0.20134562279754895,1
42426,2012-01-09,0.2752801207213372,0
42427,2012-01-09,0.37870083290212647,0
42428,2012-01-09,0.34804994117158505,1
42429,2012-01-09,0.3102376625598598,0
42430,2012-01-09,0.4842732458883337,1
42431,2012-01-09,0.4544905539186038,0
42432,2012-01-09,0.3468385104830212,1
42433,2012-01-09,0.6101017608454015,1
42434,2012-01-09,0.24100825344143417,0
42435,2012-01-09,0.2921941027754181,1
42436,2012-01-09,0.3193974841228478,0
42437,2012-01-09,0.3889387919291652,1
42438,2012-01-09,0.20788220092568901,0
42439,2012-01-09,0.46055175156106787,1
42440,2012-01-09,0.32432597533579643,0
42441,2012-01-09,0.25945621696484633,1
42442,2012-01-09,0.38055236545980203,0
42443,2012-01-09,0.25574265421439574,1
42444,2012-01-09,0.40256223428658344,0
42445,2012-01-09,0.22464871499743594,1
42446,2012-01-09,0.3411987831477269,0
42447,2012-01-09,0.19268163216646522,0
42448,2012-01-09,0.1871112620403045,0
42449,2012-01-09,0.2933176411429798,1
42450,2012-01-09,0.2558306100363743,0
42451,2012-01-09,0.3353775863967801,1
42452,2012-01-09,0.2835157146577481,0
42453,2012-01-09,0.3041231482647476,0
42454,2012-01-09,0.25967412694220615,0
42455,2012-01-09,0.19740066001927,0
42456,2012-01-09,0.3882586257976707,0
42457,2012-01-09,0.15835530109670123,1
42458,2012-01-09,0.23565699333701975,0
42459,2012-01-09,0.37827089458186897,1
42460,2012-01-09,0.17351651647917876,0
42461,2012-01-09,0.28234053726964303,0
42462,2012-01-09,0.28052259760665266,0
42463,2012-01-09,0.3385952514553947,1
42464,2012-01-09,0.330290235143622,1
42465,2012-01-09,0.3044229010227054,0
42466,2012-01-09,0.18857799579808524,0
42467,2012-01-09,0.20224928087114769,1
42468,2012-01-09,0.3893030186412115,0
42469,2012-01-09,0.2699512620115058,0
42470,2012-01-09,0.2679295704712868,0
42471,2012-01-09,0.2955482055567078,1
42472,2012-01-09,0.2618194761349559,0
42473,2012-01-09,0.3747938784290949,0
42474,2012-01-09,0.20612740402443883,0
42475,2012-01-09,0.2655243971636942,0
42476,2012-01-09,0.1692452321046297,1
42477,2012-01-09,0.13997015281580263,0
42478,2012-01-09,0.3057521518834436,1
42479,2012-01-09,0.2625615219501592,0
42480,2012-01-09,0.19141075441571992,0
42481,2012-01-09,0.2173416810757892,0
42482,2012-01-09,0.32660029329967677,0
42483,2012-01-09,0.2202191815302747,0
42484,2012-01-09,0.16058560958110252,0
42485,2012-01-09,0.36987591226678657,1
42486,2012-01-09,0.18706860865753522,0
42487,2012-01-09,0.18132047512307436,0
42488,2012-01-09,0.41082310456727383,0
42489,2012-01-09,0.17508322262090525,0
42490,2012-01-09,0.677966371949197,1
42491,2012-01-09,0.32101905025166594,0
42492,2012-01-09,0.42179436969548895,0
42493,2012-01-09,0.1792883254290899,0
42494,2012-01-09,0.21816998578566124,1
42495,2012-01-09,0.2748656461823443,0
42496,2012-01-09,0.17393983511617975,0
42497,2012-01-09,0.3198221429326921,0
42498,2012-01-09,0.3598130582041149,0
42499,2012-01-09,0.1988046242906193,1
42500,2012-01-09,0.2705629145696014,0
42501,2012-01-09,0.20277500720028013,0
42502,2012-01-09,0.2727234580094175,0
42503,2012-01-09,0.27320104927728317,0
42504,2012-01-09,0.36182510188443584,1
42505,2012-01-09,0.3220172014839442,0
42506,2012-01-09,0.3189172362086651,0
42507,2012-01-09,0.22692969911187352,1
42508,2012-01-09,0.4992144592481756,1
42509,2012-01-09,0.21646902344240984,0
42510,2012-01-09,0.26208285121924824,1
42511,2012-01-09,0.4313700246332949,0
42512,2012-01-09,0.3929293246860523,1
42513,2012-01-09,0.36847207198519144,1
42514,2012-01-09,0.47544786492051266,1
42515,2012-01-09,0.4417064444402134,0
42516,2012-01-09,0.24770450414003115,0
42517,2012-01-09,0.14949745695478803,0
42518,2012-01-09,0.17862490627761915,0
42519,2012-01-09,0.22131933119255826,1
42520,2012-01-09,0.40824466386996516,1
42521,2012-01-09,0.4252082648898433,0
42522,2012-01-09,0.5135838772249903,0
42523,2012-01-09,0.3044395061017725,0
42524,2012-01-09,0.25632990882862805,0
42525,2012-01-09,0.2714789192392611,0
42526,2012-01-09,0.26317297665523925,0
42527,2012-01-09,0.2812724405529426,0
42528,2012-01-09,0.26745443396509555,0
42529,2012-01-09,0.2992345993257065,1
42530,2012-01-09,0.31765100280478753,0
42531,2012-01-09,0.31370047573820903,0
42532,2012-01-09,0.5108357020543886,1
42533,2012-01-09,0.3392950240893113,1
42534,2012-01-09,0.306756752752496,0
42535,2012-01-09,0.24486760215694037,0
42536,2012-01-09,0.49010531515504263,1
42537,2012-01-09,0.24250424310624358,0
42538,2012-01-09,0.41297624745214384,0
42539,2012-01-09,0.18266079388178932,0
42540,2012-01-09,0.24148634970777863,0
42541,2012-01-09,0.1569282251040325,0
42542,2012-01-09,0.2715404276067623,0
42543,2012-01-09,0.2714316054783367,0
42544,2012-01-09,0.3237138917701375,0
42545,2012-01-09,0.14167575303920146,0
42546,2012-01-09,0.38278884149636255,0
42547,2012-01-09,0.21973243803590992,0
42548,2012-01-09,0.18489691500918384,0
42549,2012-01-09,0.5501730043173058,1
42550,2012-01-09,0.4683629786871403,0
42551,2012-01-09,0.4342662551391996,0
42552,2012-01-09,0.24410297667685685,0
42553,2012-01-09,0.2389148189926522,0
42554,2012-01-09,0.4231190915242473,1
42555,2012-01-09,0.25859138408253424,1
42556,2012-01-09,0.374657781199558,0
42557,2012-01-09,0.4709991193649747,1
42558,2012-01-09,0.24301825523788523,0
42559,2012-01-09,0.33515932894563333,0
42560,2012-01-09,0.2506817297625711,1
42561,2012-01-09,0.3495229228296022,0
42562,2012-01-09,0.32129639023858975,0
42563,2012-01-09,0.2698841632542373,0
42564,2012-01-09,0.4413623802051235,1
42565,2012-01-09,0.3420897565940562,1
42566,2012-01-09,0.24400809583004662,0
42567,2012-01-09,0.392252888632968,1
42568,2012-01-09,0.2846806952274097,1
42569,2012-01-09,0.3877732210254884,0
42570,2012-01-09,0.13238610521884356,1
42571,2012-01-09,0.1762930667180146,0
42572,2012-01-09,0.233033190993278,0
42573,2012-01-09,0.17052047480895502,0
42574,2012-01-09,0.17974024731673774,1
42575,2012-01-09,0.2234752899198356,0
42576,2012-01-09,0.4266514760048256,1
42577,2012-01-09,0.36179025096676853,1
42578,2012-01-09,0.2067083840372452,0
42579,2012-01-09,0.21186414303827128,0
42580,2012-01-09,0.3367823250908872,0
42581,2012-01-09,0.29781616193853416,0
42582,2012-01-09,0.2198311988434239,0
42583,2012-01-09,0.6481694966759864,1
42584,2012-01-09,0.22753518760831407,0
42585,2012-01-09,0.6236360616946234,1
42586,2012-01-09,0.18653902696079983,0
42587,2012-01-09,0.39953773533224113,1
42588,2012-01-09,0.3599756704917513,1
42589,2012-01-09,0.2858435505637234,0
42590,2012-01-09,0.20020237382105766,0
42591,2012-01-09,0.30324650445386525,0
42592,2012-01-09,0.2252225410026008,0
42593,2012-01-09,0.2335555281861497,1
42594,2012-01-09,0.3070864399207455,0
42595,2012-01-09,0.19421203323701594,0
42596,2012-01-09,0.2503270797147518,0
42597,2012-01-09,0.10251774979683641,0
42598,2012-01-09,0.2131412239776878,1
42599,2012-01-09,0.3753883956254939,1
42600,2012-01-09,0.173065222698788,0
42601,2012-01-09,0.4904440148292425,1
42602,2012-01-09,0.16196025477088924,0
42603,2012-01-09,0.18143040212361405,0
42604,2012-01-09,0.2925180865136755,0
42605,2012-01-09,0.49575241881524795,0
42606,2012-01-09,0.16804557233109646,0
42607,2012-01-09,0.4102767954025955,1
42608,2012-01-09,0.34714460744174713,0
42609,2012-01-09,0.2409369387928841,0
42610,2012-01-09,0.2831407883627136,0
42611,2012-01-09,0.2431524434269341,1
42612,2012-01-09,0.29128761450629237,1
42613,2012-01-09,0.5115301928532269,0
42614,2012-01-09,0.1650534327007599,0
42615,2012-01-09,0.2173379509280677,0
42616,2012-01-09,0.16203844339385454,0
42617,2012-01-09,0.16638388494240475,0
42618,2012-01-09,0.39072197272886217,1
42619,2012-01-09,0.42574256036270053,0
42620,2012-01-09,0.450995494478481,1
42621,2012-01-09,0.4957380449129724,0
42622,2012-01-09,0.18934824048134244,0
42623,2012-01-09,0.36566410491112683,0
42624,2012-01-09,0.26044439443506173,0
42625,2012-01-09,0.17771937475762214,0
42626,2012-01-09,0.13774827318516983,0
42627,2012-01-09,0.2618817972947297,0
42628,2012-01-09,0.2402239979559407,0
42629,2012-01-09,0.26266418194339053,0
42630,2012-01-09,0.2394314937028755,1
42631,2012-01-09,0.23104474980033893,0
42632,2012-01-09,0.4769177882747431,1
42633,2012-01-09,0.4401613493273923,1
42634,2012-01-09,0.2693182949759405,0
42635,2012-01-09,0.397967317470846,0
42636,2012-01-09,0.14243169500752412,0
42637,2012-01-09,0.15784071781765832,0
42638,2012-01-09,0.3112046613652674,0
42639,2012-01-09,0.29460967797500925,0
42640,2012-01-09,0.47438499913430987,1
42641,2012-01-09,0.27710245817669005,0
42642,2012-01-09,0.24319715244533982,1
42643,2012-01-09,0.39144601200079004,0
42644,2012-01-09,0.18819909086868264,0
42645,2012-01-09,0.5652699789298986,1
42646,2012-01-09,0.29868056975180934,0
42647,2012-01-09,0.2740443988726613,0
42648,2012-01-09,0.27665762227956625,1
42649,2012-01-09,0.2679295704712868,0
42650,2012-01-09,0.21639815020300823,1
42651,2012-01-09,0.15764436278495425,0
42652,2012-01-09,0.16073903970125306,0
42653,2012-01-09,0.18483415836434897,0
42654,2012-01-09,0.35173575561009074,0
42655,2012-01-09,0.3067872190609665,0
42656,2012-01-09,0.22107463094477375,0
42657,2012-01-09,0.5548193536332563,1
42658,2012-01-09,0.3329590649690674,0
42659,2012-01-09,0.35508263012018504,0
42660,2012-01-09,0.619649066202302,1
42661,2012-01-09,0.23266270995438432,0
42662,2012-01-09,0.2528124045740626,0
42663,2012-01-09,0.11543080959116106,0
42664,2012-01-09,0.2080725160217563,0
42665,2012-01-09,0.3416921564336727,0
42666,2012-01-09,0.41077932795771827,1
42667,2012-01-09,0.529864837966575,1
42668,2012-01-09,0.1720282186356316,0
42669,2012-01-09,0.4907281678551865,1
42670,2012-01-09,0.6106457100898826,0
42671,2012-01-09,0.6170510427292912,1
42672,2012-01-09,0.601389928007713,1
42673,2012-01-09,0.3415308280699509,0
42674,2012-01-09,0.3062013230041627,0
42675,2012-01-09,0.22752172617823627,0
42676,2012-01-09,0.3680713871580881,1
42677,2012-01-09,0.6264670373550628,0
42678,2012-01-09,0.3517396430460912,0
42679,2012-01-09,0.42964333105886443,0
42680,2012-01-09,0.09869862334961248,0
42681,2012-01-09,0.5778963693670064,1
42682,2012-01-09,0.27496644189835817,0
42683,2012-01-09,0.14288065766232425,0
42684,2012-01-09,0.28588250007757976,1
42685,2012-01-09,0.24094408525084965,0
42686,2012-01-09,0.1932539057306238,0
42687,2012-01-09,0.2476726879932423,1
42688,2012-01-09,0.15312396756291802,1
42689,2012-01-09,0.41075303669871777,1
42690,2012-01-09,0.23362134018543787,0
42691,2012-01-09,0.2928578703294228,0
42692,2012-01-09,0.22341293642607674,1
42693,2012-01-09,0.5094548538650484,1
42694,2012-01-09,0.343854248261244,0
42695,2012-01-09,0.17839147983757794,0
42696,2012-01-09,0.28087797158977923,0
42697,2012-01-09,0.21946112727718844,0
42698,2012-01-09,0.461873635787772,0
42699,2012-01-09,0.5005229916135547,1
42700,2012-01-09,0.41071022623744713,0
42701,2012-01-09,0.3131250375222468,0
42702,2012-01-09,0.18820514014092837,1
42703,2012-01-09,0.15332327468032364,0
42704,2012-01-09,0.31916966084597975,1
42705,2012-01-09,0.34203729441543324,0
42706,2012-01-09,0.28740913709743954,1
42707,2012-01-09,0.4928978946101569,0
42708,2012-01-09,0.3416295094054598,0
42709,2012-01-09,0.48028744707478793,1
42710,2012-01-09,0.5029582985188762,1
42711,2012-01-09,0.23118372425864092,0
42712,2012-01-09,0.4115368092365619,1
42713,2012-01-09,0.2962303550217315,0
42714,2012-01-09,0.18852758450992602,0
42715,2012-01-09,0.2697469954232002,1
42716,2012-01-09,0.21046849007779878,0
42717,2012-01-09,0.27153359507527536,1
42718,2012-01-09,0.27086219970350095,0
42719,2012-01-09,0.38304316429507673,0
42720,2012-01-09,0.3181201852038034,0
42721,2012-01-09,0.32857014972053494,0
42722,2012-01-09,0.2361063844744904,0
42723,2012-01-09,0.2670969868715489,0
42724,2012-01-09,0.2150543187373841,0
42725,2012-01-09,0.24606664873721745,0
42726,2012-01-09,0.2617608139128049,0
42727,2012-01-09,0.490464018603758,0
42728,2012-01-09,0.19103367364199197,0
42729,2012-01-09,0.17664068898871738,0
42730,2012-01-09,0.19660178583772614,0
42731,2012-01-09,0.2966104746707683,0
42732,2012-01-09,0.3410303426842076,0
42733,2012-01-09,0.35698622230467963,0
42734,2012-01-09,0.30273369472804673,1
42735,2012-01-09,0.28015928705753124,0
42736,2012-01-09,0.17881282425836073,0
42737,2012-01-09,0.3700422324224681,1
42738,2012-01-09,0.49365474889150224,1
42739,2012-01-09,0.39013725076856115,0
42740,2012-01-09,0.2254610908460074,0
42741,2012-01-09,0.4836384580617676,0
42742,2012-01-09,0.12660785982198286,0
42743,2012-01-09,0.36193290097480535,0
42744,2012-01-09,0.25957161340074936,0
42745,2012-01-09,0.20131903584021282,1
42746,2012-01-09,0.473663805936477,0
42747,2012-01-09,0.17569196139797832,1
42748,2012-01-09,0.3125430180671316,0
42749,2012-01-09,0.3448206553223515,0
42750,2012-01-09,0.5142313096199904,1
42751,2012-01-09,0.31753944675416507,1
42752,2012-01-09,0.32785690532740885,0
42753,2012-01-09,0.5675138729839296,1
42754,2012-01-09,0.3252329207504835,1
42755,2012-01-09,0.19088796031185337,0
42756,2012-01-09,0.43056998590094936,1
42757,2012-01-09,0.4990744685602839,1
42758,2012-01-09,0.2932690138146777,0
42759,2012-01-09,0.20939649490067289,0
42760,2012-01-09,0.3283640968585317,0
42761,2012-01-09,0.4533134291122865,1
42762,2012-01-09,0.47926975651651893,1
42763,2012-01-09,0.12650284243581555,1
42764,2012-01-09,0.20580827121521678,1
42765,2012-01-09,0.3156306229432647,0
42766,2012-01-09,0.31704426790885376,0
42767,2012-01-09,0.357366757785582,0
42768,2012-01-09,0.29042119249742315,1
42769,2012-01-09,0.47957046154338595,1
42770,2012-01-09,0.25008691751901196,1
42771,2012-01-09,0.4683730043110826,1
42772,2012-01-09,0.24088033022006175,0
42773,2012-01-09,0.2047136219388458,0
42774,2012-01-09,0.21650772604773683,0
42775,2012-01-09,0.20512907288674412,0
42776,2012-01-09,0.21251073302706622,1
42777,2012-01-09,0.3601574961234413,1
42778,2012-01-09,0.1765171977975496,0
42779,2012-01-09,0.25735714921854086,0
42780,2012-01-09,0.5158608620403463,0
42781,2012-01-09,0.12529152383696138,0
42782,2012-01-09,0.42747180358831266,1
42783,2012-01-09,0.1836287844020136,0
42784,2012-01-09,0.17648039446054195,0
42785,2012-01-09,0.20089703944036263,0
42786,2012-01-09,0.24351693512358183,1
42787,2012-01-09,0.28556928939597004,0
42788,2012-01-09,0.38416343695342564,1
42789,2012-01-09,0.3531267572685985,0
42790,2012-01-09,0.21402110607276648,0
42791,2012-01-09,0.212967102521553,0
42792,2012-01-09,0.34803061533429513,0
42793,2012-01-09,0.26364804716612006,0
42794,2012-01-09,0.22552701093424857,0
42795,2012-01-09,0.4672603470971373,1
42796,2012-01-09,0.11585746311765384,1
42797,2012-01-09,0.3326637049037674,1
42798,2012-01-09,0.329642502759276,0
42799,2012-01-09,0.29746794152948075,0
42800,2012-01-09,0.18487619245015122,1
42801,2012-01-09,0.28250160744350933,0
42802,2012-01-09,0.28555101963412655,0
42803,2012-01-09,0.2538274729944539,0
42804,2012-01-09,0.15460841427385222,0
42805,2012-01-09,0.19271584113336535,1
42806,2012-01-09,0.39658591906496204,0
42807,2012-01-09,0.2701849816527671,0
42808,2012-01-09,0.2693965445519407,0
42809,2012-01-09,0.34332850042455265,1
42810,2012-01-09,0.5627371857053208,0
42811,2012-01-09,0.42082668445939714,0
42812,2012-01-09,0.16749694206050386,0
42813,2012-01-09,0.43105543013838316,0
42814,2012-01-09,0.33976403015345585,1
42815,2012-01-09,0.41359786105100893,0
42816,2012-01-09,0.17307531269521476,0
42817,2012-01-09,0.18673612449422486,0
42818,2012-01-09,0.6580040903695924,1
42819,2012-01-09,0.20245744364355978,0
42820,2012-01-09,0.2220698254277356,1
42821,2012-01-09,0.11923234496544176,0
42822,2012-01-09,0.2133122603666497,0
42823,2012-01-09,0.2557354175988434,0
42824,2012-01-09,0.46207552543941777,1
42825,2012-01-09,0.24047846100878564,0
42826,2012-01-09,0.23460004017825428,0
42827,2012-01-09,0.3824388480039817,0
42828,2012-01-09,0.20489286383138253,0
42829,2012-01-09,0.34640066043800777,0
42830,2012-01-09,0.2964088434374712,0
42831,2012-01-09,0.5734693202798717,0
42832,2012-01-09,0.3548152371556688,1
42833,2012-01-09,0.4250725191000765,1
42834,2012-01-09,0.20137789548516896,0
42835,2012-01-09,0.3118524481079133,0
42836,2012-01-09,0.4613834022406631,1
42837,2012-01-09,0.4112821226440231,0
42838,2012-01-09,0.2629046043580973,0
42839,2012-01-09,0.23100259441378124,0
42840,2012-01-09,0.17116197594686475,0
42841,2012-01-09,0.2572906720550527,1
42842,2012-01-09,0.5541735320911368,1
42843,2012-01-09,0.25765372923247254,0
42844,2012-01-09,0.4555066999930756,1
42845,2012-01-09,0.4136047071873497,1
42846,2012-01-09,0.15864225772992102,0
42847,2012-01-09,0.3474395089905963,0
42848,2012-01-09,0.1826010060472492,0
42849,2012-01-09,0.1868801834669334,1
42850,2012-01-09,0.41620851570792816,1
42851,2012-01-09,0.24915999033035413,0
42852,2012-01-09,0.18582866370789108,0
42853,2012-01-09,0.3667125926439618,0
42854,2012-01-09,0.13786002390806007,0
42855,2012-01-09,0.37487548947191623,0
42856,2012-01-09,0.15422991488553714,0
42857,2012-01-09,0.2657484500101164,0
42858,2012-01-09,0.2788089108764662,0
42859,2012-01-09,0.328025070308878,0
42860,2012-01-09,0.4604982371473176,1
42861,2012-01-09,0.44461139863586346,0
42862,2012-01-09,0.398791713420268,0
42863,2012-01-09,0.25309734096943853,0
42864,2012-01-09,0.34656855181081053,0
42865,2012-01-09,0.17607295457156832,0
42866,2012-01-09,0.12194442848432803,0
42867,2012-01-09,0.17351841657995834,0
42868,2012-01-09,0.2723713215407193,1
42869,2012-01-09,0.24819997982712796,0
42870,2012-01-09,0.12716265011849484,0
42871,2012-01-09,0.4709013460008664,1
42872,2012-01-09,0.24970036693283978,0
42873,2012-01-09,0.5595338813999381,1
42874,2012-01-09,0.14854564668737386,0
42875,2012-01-09,0.24028503963930312,0
42876,2012-01-09,0.5114823040048514,1
42877,2012-01-09,0.2488439588910592,1
42878,2012-01-09,0.5432040940542077,1
42879,2012-01-09,0.17214772237867262,1
42880,2012-01-09,0.45103876137485394,1
42881,2012-01-09,0.2638771305981004,0
42882,2012-01-09,0.5376613347513042,1
42883,2012-01-09,0.2413007389829278,0
42884,2012-01-09,0.31331796682547963,1
42885,2012-01-09,0.24714037587001017,0
42886,2012-01-09,0.14393074648950013,0
42887,2012-01-09,0.24771655501375825,0
42888,2012-01-09,0.33481509234119533,0
42889,2012-01-09,0.17501442499342657,1
42890,2012-01-09,0.5088788643887002,0
42891,2012-01-09,0.20057736253286657,0
42892,2012-01-09,0.21873310279445038,0
42893,2012-01-09,0.569532755021996,1
42894,2012-01-09,0.18470998956399623,1
42895,2012-01-09,0.14911559534451171,0
42896,2012-01-09,0.25414168320598773,0
42897,2012-01-09,0.4162625451438108,1
42898,2012-01-09,0.2597306311438416,0
42899,2012-01-09,0.15338975154353485,0
42900,2012-01-09,0.23962190923200297,0
42901,2012-01-09,0.3349502404222388,0
42902,2012-01-09,0.3105280072653893,0
42903,2012-01-09,0.18785017795523729,0
42904,2012-01-09,0.38787454654986286,1
42905,2012-01-09,0.4226064420925686,0
42906,2012-01-09,0.4832183310975059,1
42907,2012-01-09,0.497822280817929,1
42908,2012-01-09,0.2643998010969689,0
42909,2012-01-09,0.1584757019142285,0
42910,2012-01-09,0.500145931561919,1
42911,2012-01-09,0.271062947510516,1
42912,2012-01-09,0.4222709504636778,1
42913,2012-01-09,0.2740582711494805,0
42914,2012-01-09,0.1843502772625502,0
42915,2012-01-09,0.15844385139364411,0
42916,2012-01-09,0.10745922380513856,0
42917,2012-01-09,0.23623568042853518,0
42918,2012-01-09,0.33403079014598513,1
42919,2012-01-09,0.2392633323065557,1
42920,2012-01-09,0.3856393147787904,0
42921,2012-01-09,0.29408833014445873,0
42922,2012-01-09,0.253155503526523,0
42923,2012-01-09,0.29441723904041195,0
42924,2012-01-09,0.2586591040091914,0
42925,2012-01-09,0.3027584146784364,1
42926,2012-01-09,0.24312182595108187,0
42927,2012-01-09,0.26819657683726095,0
42928,2012-01-09,0.4252290793234284,0
42929,2012-01-09,0.37039127731543836,0
42930,2012-01-09,0.14546674759579378,0
42931,2012-01-09,0.21844677789425487,0
42932,2012-01-09,0.23995083996985045,1
42933,2012-01-09,0.3356729630136596,0
42934,2012-01-09,0.13421206106824451,0
42935,2012-01-09,0.2527017582453719,1
42936,2012-01-09,0.21611703399634352,0
42937,2012-01-09,0.15943900352267087,1
42938,2012-01-09,0.2578522053110192,0
42939,2012-01-09,0.18914968812627173,0
42940,2012-01-09,0.31791488707484433,0
42941,2012-01-09,0.40809715522369744,0
42942,2012-01-09,0.38043707214762895,1
42943,2012-01-09,0.12802388402455972,0
42944,2012-01-09,0.389216922986764,1
42945,2012-01-09,0.1691683700051302,0
42946,2012-01-09,0.31749508144110855,1
42947,2012-01-09,0.5451733446235474,1
42948,2012-01-09,0.29340083319537036,0
42949,2012-01-09,0.22676465070453403,0
42950,2012-01-09,0.32298789016759966,0
42951,2012-01-09,0.32702584875726726,1
42952,2012-01-09,0.19391964251240107,0
42953,2012-01-09,0.14941793581272136,0
42954,2012-01-09,0.18704068660118295,0
42955,2012-01-09,0.21449348136860097,0
42956,2012-01-09,0.21873516953337296,0
42957,2012-01-09,0.4805871672181747,1
42958,2012-01-09,0.17120558769431138,0
42959,2012-01-09,0.36762625968684365,0
42960,2012-01-09,0.21881334192928562,0
42961,2012-01-09,0.2195070920323243,0
42962,2012-01-09,0.3135418917596972,0
42963,2012-01-09,0.2611962082920614,0
42964,2012-01-09,0.1679745192840703,0
42965,2012-01-09,0.19593095711865696,0
42966,2012-01-09,0.2601773096213759,0
42967,2012-01-09,0.1621640614769489,0
42968,2012-01-09,0.4147987670713293,1
42969,2012-01-09,0.2156185284709638,0
42970,2012-01-09,0.20441445748969556,1
42971,2012-01-09,0.22902755113532153,0
42972,2012-01-09,0.2708210034971614,0
42973,2012-01-09,0.27041475330216774,0
42974,2012-01-09,0.2562796716963504,0
42975,2012-01-09,0.30608946512402696,1
42976,2012-01-09,0.30015921966696507,1
42977,2012-01-09,0.11946075766237357,0
42978,2012-01-09,0.2844861591810591,0
42979,2012-01-09,0.46508161487624267,0
42980,2012-01-09,0.41153687336048983,0
42981,2012-01-09,0.22843495618701568,0
42982,2012-01-09,0.35851733951310283,0
42983,2012-01-09,0.170418957355839,0
42984,2012-01-09,0.19521717368905764,0
42985,2012-01-09,0.3121104486176014,0
42986,2012-01-09,0.2543083271575255,0
42987,2012-01-09,0.3919982442464597,1
42988,2012-01-09,0.22418450218569846,0
42989,2012-01-09,0.22665314814530166,0
42990,2012-01-09,0.3723890468978678,1
42991,2012-01-09,0.3538621798024398,0
42992,2012-01-09,0.3190673108432904,0
42993,2012-01-09,0.2598127964458419,1
42994,2012-01-09,0.35495456386627083,1
42995,2012-01-09,0.11020731849338013,0
42996,2012-01-09,0.20479592058364507,1
42997,2012-01-09,0.3276665514337223,0
42998,2012-01-09,0.2662136233426351,0
42999,2012-01-09,0.30936411714446876,0
43000,2012-01-09,0.11113018921447046,0
43001,2012-01-09,0.12515043867332573,0
43002,2012-01-09,0.21298728159672978,0
43003,2012-01-09,0.20403734122719436,0
43004,2012-01-09,0.200067837045489,0
43005,2012-01-09,0.19960587037810856,0
43006,2012-01-09,0.23961914272926918,0
43007,2012-01-09,0.15497242999815952,0
43008,2012-01-09,0.264725135827658,1
43009,2012-01-09,0.2931867332590215,0
43010,2012-01-09,0.28515454579938393,1
43011,2012-01-09,0.2593572941192738,1
43012,2012-01-09,0.26413056608461233,1
43013,2012-01-09,0.22902135023242498,0
43014,2012-01-09,0.3839007247117323,1
43015,2012-01-09,0.18638727521549545,0
43016,2012-01-09,0.20546380335027478,0
43017,2012-01-09,0.17997893147420188,1
43018,2012-01-09,0.4271985425704875,0
43019,2012-01-09,0.3742557680200949,1
43020,2012-01-09,0.19371792797037354,0
43021,2012-01-09,0.22376414383990548,0
43022,2012-01-09,0.22844805024541423,1
43023,2012-01-09,0.4837918317070038,0
43024,2012-01-09,0.16927743633322198,0
43025,2012-01-09,0.2529258088668481,1
43026,2012-01-09,0.2973541747744823,0
43027,2012-01-09,0.18897853701438047,0
43028,2012-01-09,0.3336366328590695,1
43029,2012-01-09,0.3463950481279145,0
43030,2012-01-09,0.31005526245470605,0
43031,2012-01-09,0.12289509995487242,0
43032,2012-01-09,0.22378967673352343,0
43033,2012-01-09,0.4722977964726862,1
43034,2012-01-09,0.2744085780330019,1
43035,2012-01-09,0.3415318139400672,0
43036,2012-01-09,0.34618310563915644,1
43037,2012-01-09,0.1935871375964857,0
43038,2012-01-09,0.2198382561983687,0
43039,2012-01-09,0.3464003451039078,1
43040,2012-01-09,0.22173844487666558,0
43041,2012-01-09,0.17695940296110335,0
43042,2012-01-09,0.3723756458691687,1
43043,2012-01-09,0.2766518191257404,0
43044,2012-01-09,0.34154495863569556,0
43045,2012-01-09,0.31701314280178716,0
43046,2012-01-09,0.3589334986970978,0
43047,2012-01-09,0.13930897708238188,0
43048,2012-01-09,0.32801701905305625,1
43049,2012-01-09,0.4949603011792147,1
43050,2012-01-09,0.14206138493382695,1
43051,2012-01-09,0.17923668910674548,0
43052,2012-01-09,0.5025042193817283,1
43053,2012-01-09,0.2059508127519725,0
43054,2012-01-09,0.3359105194404913,0
43055,2012-01-09,0.5431491664583694,1
43056,2012-01-09,0.2795499539586091,1
43057,2012-01-10,0.3217488707492743,1
43058,2012-01-10,0.36530957245453627,1
43059,2012-01-10,0.219258928180008,1
43060,2012-01-10,0.6036525674122034,1
43061,2012-01-10,0.17838620153896578,0
43062,2012-01-10,0.18331207957162265,0
43063,2012-01-10,0.40097165559354797,0
43064,2012-01-10,0.32003045095916416,1
43065,2012-01-10,0.19070183383383146,0
43066,2012-01-10,0.22639342534790227,0
43067,2012-01-10,0.5210152374655516,1
43068,2012-01-10,0.34798985516810826,1
43069,2012-01-10,0.23875233822177663,1
43070,2012-01-10,0.4092370712534275,1
43071,2012-01-10,0.24665395172492882,1
43072,2012-01-10,0.1646032144305655,1
43073,2012-01-10,0.18470267547961958,0
43074,2012-01-10,0.49302912504277535,1
43075,2012-01-10,0.12974118486767436,0
43076,2012-01-10,0.2667412090536632,1
43077,2012-01-10,0.18448802630483568,0
43078,2012-01-10,0.30811464844721703,0
43079,2012-01-10,0.21793657116296913,0
43080,2012-01-10,0.17590733244112974,0
43081,2012-01-10,0.3211911940840782,0
43082,2012-01-10,0.30613749525895356,1
43083,2012-01-10,0.1389232024804874,0
43084,2012-01-10,0.5599551363517826,0
43085,2012-01-10,0.3758949985851195,0
43086,2012-01-10,0.20857458968150924,0
43087,2012-01-10,0.46381203560438355,1
43088,2012-01-10,0.12882230466749675,0
43089,2012-01-10,0.36273132901631944,0
43090,2012-01-10,0.46774283333431327,0
43091,2012-01-10,0.3433239755612908,0
43092,2012-01-10,0.28043332003092636,0
43093,2012-01-10,0.4594674030486196,1
43094,2012-01-10,0.1959328375341212,0
43095,2012-01-10,0.3951315020297183,1
43096,2012-01-10,0.430305084573934,0
43097,2012-01-10,0.43923881146935667,0
43098,2012-01-10,0.1458343978087287,0
43099,2012-01-10,0.20597441492758323,0
43100,2012-01-10,0.3374206225073934,0
43101,2012-01-10,0.1254048566581323,0
43102,2012-01-10,0.21669757518362398,1
43103,2012-01-10,0.47629078036527034,1
43104,2012-01-10,0.10739547376809053,0
43105,2012-01-10,0.28701325566228286,0
43106,2012-01-10,0.2892268092444908,0
43107,2012-01-10,0.1958968294536025,0
43108,2012-01-10,0.12750640016498307,0
43109,2012-01-10,0.18560761883253193,0
43110,2012-01-10,0.2898252558130399,0
43111,2012-01-10,0.14449616066812812,0
43112,2012-01-10,0.1484039567445944,0
43113,2012-01-10,0.24609973007890507,0
43114,2012-01-10,0.3227394657975032,0
43115,2012-01-10,0.41044319055104717,0
43116,2012-01-10,0.34627265668712714,0
43117,2012-01-10,0.17126644434879043,0
43118,2012-01-10,0.28769847407692556,0
43119,2012-01-10,0.34797964902670697,0
43120,2012-01-10,0.2929442430620515,1
43121,2012-01-10,0.30416761374681095,1
43122,2012-01-10,0.31857555403810983,1
43123,2012-01-10,0.23927880703731325,0
43124,2012-01-10,0.3551042596928803,0
43125,2012-01-10,0.2834646641476689,0
43126,2012-01-10,0.30236390107662986,0
43127,2012-01-10,0.16157123066650061,0
43128,2012-01-10,0.3215149465174966,1
43129,2012-01-10,0.29936154414763266,1
43130,2012-01-10,0.25834210558300175,0
43131,2012-01-10,0.4982917873633058,1
43132,2012-01-10,0.28432283875559927,0
43133,2012-01-10,0.4127510378937912,0
43134,2012-01-10,0.43541812879264186,1
43135,2012-01-10,0.22051839030910675,1
43136,2012-01-10,0.35566569202529086,0
43137,2012-01-10,0.4473103817408413,1
43138,2012-01-10,0.22828336010204123,0
43139,2012-01-10,0.27318908960615773,0
43140,2012-01-10,0.3261635806378312,1
43141,2012-01-10,0.5024792703369508,0
43142,2012-01-10,0.2526203334408758,0
43143,2012-01-10,0.12953185045141502,0
43144,2012-01-10,0.2453766400406194,0
43145,2012-01-10,0.34212315068521587,0
43146,2012-01-10,0.13355726057112344,0
43147,2012-01-10,0.1712531724391221,0
43148,2012-01-10,0.5074184966400954,0
43149,2012-01-10,0.34616512291256,0
43150,2012-01-10,0.27136163556964227,0
43151,2012-01-10,0.34267494938610327,1
43152,2012-01-10,0.23104732528887215,0
43153,2012-01-10,0.3838895983031781,0
43154,2012-01-10,0.1564692301934941,0
43155,2012-01-10,0.29972394790304613,0
43156,2012-01-10,0.266652702963701,1
43157,2012-01-10,0.19778247562593154,0
43158,2012-01-10,0.2824630829464623,1
43159,2012-01-10,0.1419668156713038,0
43160,2012-01-10,0.19840734931344292,1
43161,2012-01-10,0.18577348506834415,0
43162,2012-01-10,0.5190725955686539,1
43163,2012-01-10,0.21027493048202642,1
43164,2012-01-10,0.28302768201467016,0
43165,2012-01-10,0.2302974655945029,1
43166,2012-01-10,0.34821452757340926,0
43167,2012-01-10,0.517231919235945,1
43168,2012-01-10,0.306832449095402,0
43169,2012-01-10,0.3430375270433465,0
43170,2012-01-10,0.23375739222076214,0
43171,2012-01-10,0.2087272904703949,0
43172,2012-01-10,0.2761267995072102,0
43173,2012-01-10,0.47639880321444306,0
43174,2012-01-10,0.25311241234710674,0
43175,2012-01-10,0.5682558758011719,1
43176,2012-01-10,0.23723004589027868,0
43177,2012-01-10,0.25526441765264846,0
43178,2012-01-10,0.17747153201533655,0
43179,2012-01-10,0.42379519339594535,0
43180,2012-01-10,0.22698461085933155,1
43181,2012-01-10,0.24379928262329967,0
43182,2012-01-10,0.2857968984793529,0
43183,2012-01-10,0.3632872989261189,0
43184,2012-01-10,0.2879336878574341,1
43185,2012-01-10,0.2689930101868036,0
43186,2012-01-10,0.18100629107368413,1
43187,2012-01-10,0.22048637560871895,1
43188,2012-01-10,0.3155615089650208,0
43189,2012-01-10,0.45942616828118377,1
43190,2012-01-10,0.4946122618830187,0
43191,2012-01-10,0.19972723550572058,0
43192,2012-01-10,0.3994764945058582,1
43193,2012-01-10,0.16203291521693,0
43194,2012-01-10,0.12026860317659345,0
43195,2012-01-10,0.24510214900677976,0
43196,2012-01-10,0.20035014392763004,0
43197,2012-01-10,0.2219669520134604,0
43198,2012-01-10,0.281544061613912,0
43199,2012-01-10,0.32496989763418416,0
43200,2012-01-10,0.21794224883480123,1
43201,2012-01-10,0.1626489317485942,0
43202,2012-01-10,0.35444440183789727,0
43203,2012-01-10,0.1123113688227606,0
43204,2012-01-10,0.44259237730498996,0
43205,2012-01-10,0.31005286051526904,0
43206,2012-01-10,0.39247410431804447,1
43207,2012-01-10,0.42684763033649453,1
43208,2012-01-10,0.4457397684783827,0
43209,2012-01-10,0.32602222940749287,1
43210,2012-01-10,0.23888913766262912,0
43211,2012-01-10,0.21452932159426938,0
43212,2012-01-10,0.16908321394454673,0
43213,2012-01-10,0.19126725324044647,0
43214,2012-01-10,0.363833959857169,0
43215,2012-01-10,0.1493605844882743,0
43216,2012-01-10,0.17001535779864244,0
43217,2012-01-10,0.2342275232231043,0
43218,2012-01-10,0.42860846176134754,0
43219,2012-01-10,0.4401346115350237,0
43220,2012-01-10,0.19574430546954305,0
43221,2012-01-10,0.45934055591330797,1
43222,2012-01-10,0.33597601479206063,1
43223,2012-01-10,0.37362640678490716,1
43224,2012-01-10,0.2381504213777444,0
43225,2012-01-10,0.598698824015057,1
43226,2012-01-10,0.22170549147641577,1
43227,2012-01-10,0.2743969967868727,0
43228,2012-01-10,0.21058933327454177,0
43229,2012-01-10,0.24641567370101747,0
43230,2012-01-10,0.28954425419625296,0
43231,2012-01-10,0.3427641257220141,1
43232,2012-01-10,0.1460447246188081,0
43233,2012-01-10,0.2788701905273037,0
43234,2012-01-10,0.11814213597461622,0
43235,2012-01-10,0.39805600804904223,1
43236,2012-01-10,0.24745935463567567,1
43237,2012-01-10,0.3141403543917089,1
43238,2012-01-10,0.18086715522485056,0
43239,2012-01-10,0.2858267600367,0
43240,2012-01-10,0.2166823727597196,0
43241,2012-01-10,0.1768502245483673,1
43242,2012-01-10,0.3566321702717076,0
43243,2012-01-10,0.30312113428681414,0
43244,2012-01-10,0.2185117024962485,0
43245,2012-01-10,0.3614600987241274,0
43246,2012-01-10,0.23256214159876445,0
43247,2012-01-10,0.13462965175591124,0
43248,2012-01-10,0.4359090624987514,0
43249,2012-01-10,0.43652267375017884,1
43250,2012-01-10,0.3157552303408736,0
43251,2012-01-10,0.3467432900217417,0
43252,2012-01-10,0.3191795728359188,0
43253,2012-01-10,0.3235973340286417,1
43254,2012-01-10,0.5300311082685631,1
43255,2012-01-10,0.1609016233297564,0
43256,2012-01-10,0.24265858709553687,0
43257,2012-01-10,0.4242635946691139,1
43258,2012-01-10,0.30537365696503516,0
43259,2012-01-10,0.22639083667388288,1
43260,2012-01-10,0.25508930851498407,1
43261,2012-01-10,0.21779187353552257,1
43262,2012-01-10,0.47519320985184066,1
43263,2012-01-10,0.3021822851662603,0
43264,2012-01-10,0.20594288018423235,0
43265,2012-01-10,0.1689224656012313,0
43266,2012-01-10,0.2154768839400667,0
43267,2012-01-10,0.4129452025226952,1
43268,2012-01-10,0.5520786512847821,1
43269,2012-01-10,0.33226041322600197,0
43270,2012-01-10,0.21949199510020997,0
43271,2012-01-10,0.40881979781895195,0
43272,2012-01-10,0.13554944100966543,0
43273,2012-01-10,0.5471667850002356,1
43274,2012-01-10,0.3051787468919382,0
43275,2012-01-10,0.35058951642387004,0
43276,2012-01-10,0.33779239550678347,0
43277,2012-01-10,0.30828945293052157,0
43278,2012-01-10,0.23616215139526356,1
43279,2012-01-10,0.36015229073773336,0
43280,2012-01-10,0.36744934407388047,0
43281,2012-01-10,0.3129719889394148,0
43282,2012-01-10,0.3913474454371764,1
43283,2012-01-10,0.25117768756577286,1
43284,2012-01-10,0.29529918086854967,1
43285,2012-01-10,0.5220505182877858,1
43286,2012-01-10,0.26327541975999247,0
43287,2012-01-10,0.40236646466373416,1
43288,2012-01-10,0.2662479543284257,1
43289,2012-01-10,0.6097718935096884,0
43290,2012-01-10,0.1671361676373831,0
43291,2012-01-10,0.39743912557342326,0
43292,2012-01-10,0.4867010119904987,1
43293,2012-01-10,0.464208065561664,0
43294,2012-01-10,0.15088299435124455,0
43295,2012-01-10,0.25572401165737507,0
43296,2012-01-10,0.3086938804057485,0
43297,2012-01-10,0.2881026191947454,1
43298,2012-01-10,0.2502013035109058,1
43299,2012-01-10,0.21298465930551697,1
43300,2012-01-10,0.23981009507946147,0
43301,2012-01-10,0.2768680741318583,0
43302,2012-01-10,0.18305068209180356,1
43303,2012-01-10,0.33800560207596886,1
43304,2012-01-10,0.6193008389603494,1
43305,2012-01-10,0.6111529888966982,1
43306,2012-01-10,0.4714096506568684,0
43307,2012-01-10,0.39454461956239567,1
43308,2012-01-10,0.3906754788706807,0
43309,2012-01-10,0.2880930406998307,1
43310,2012-01-10,0.3715064429695346,0
43311,2012-01-10,0.29888692267302747,1
43312,2012-01-10,0.21779194821592648,0
43313,2012-01-10,0.6148558043059431,0
43314,2012-01-10,0.15131104144992968,0
43315,2012-01-10,0.13833324852904347,0
43316,2012-01-10,0.3858994957617848,1
43317,2012-01-10,0.17284286577983687,0
43318,2012-01-10,0.29825607620921235,0
43319,2012-01-10,0.16856215035970165,0
43320,2012-01-10,0.4496056887281248,1
43321,2012-01-10,0.3451000767192458,1
43322,2012-01-10,0.26818016726266125,0
43323,2012-01-10,0.251028627761072,1
43324,2012-01-10,0.2093478247345266,1
43325,2012-01-10,0.15956500514930022,0
43326,2012-01-10,0.29191765937842246,0
43327,2012-01-10,0.25650791469775036,0
43328,2012-01-10,0.2412227628784992,0
43329,2012-01-10,0.257717937781698,0
43330,2012-01-10,0.37631796086513186,0
43331,2012-01-10,0.26301254573020544,0
43332,2012-01-10,0.4862129857766429,0
43333,2012-01-10,0.26110350562219337,0
43334,2012-01-10,0.18086875883036255,0
43335,2012-01-10,0.38761581103190906,0
43336,2012-01-10,0.17783658305434225,1
43337,2012-01-10,0.38213042883264287,1
43338,2012-01-10,0.4492799087257979,1
43339,2012-01-10,0.2586247181128763,0
43340,2012-01-10,0.3769999196041479,0
43341,2012-01-11,0.39014129363470784,0
43342,2012-01-11,0.3498913665058496,1
43343,2012-01-11,0.1971894582246307,0
43344,2012-01-11,0.5462334911157504,1
43345,2012-01-11,0.3392487000024606,1
43346,2012-01-11,0.3389378864012205,0
43347,2012-01-11,0.6407336547234145,0
43348,2012-01-11,0.36683683451838656,0
43349,2012-01-11,0.20513565937857461,0
43350,2012-01-11,0.2767644337600523,1
43351,2012-01-11,0.49921293221288887,1
43352,2012-01-11,0.14407804134244054,0
43353,2012-01-11,0.19832507331644914,0
43354,2012-01-11,0.528925338690861,1
43355,2012-01-11,0.3417610290359301,0
43356,2012-01-11,0.3291441320510027,0
43357,2012-01-11,0.5243619911330564,1
43358,2012-01-11,0.21818091052050115,1
43359,2012-01-11,0.3911696166908306,0
43360,2012-01-11,0.18593229594566202,0
43361,2012-01-11,0.5390791450739918,1
43362,2012-01-11,0.5055393148834151,0
43363,2012-01-11,0.15223204682145983,0
43364,2012-01-11,0.19615586074645108,0
43365,2012-01-11,0.2813504532047268,0
43366,2012-01-11,0.2633203063512396,0
43367,2012-01-11,0.18349702396479378,0
43368,2012-01-11,0.141581023341155,0
43369,2012-01-11,0.4659212378988647,0
43370,2012-01-11,0.1979588986592933,1
43371,2012-01-11,0.19314486339592954,0
43372,2012-01-11,0.49042915100423634,0
43373,2012-01-11,0.18541920026667558,0
43374,2012-01-11,0.21778278214177008,0
43375,2012-01-11,0.3804457299622819,0
43376,2012-01-11,0.3296239119826677,1
43377,2012-01-11,0.20939513863474027,1
43378,2012-01-11,0.23516514508519454,0
43379,2012-01-11,0.4064679620189396,0
43380,2012-01-11,0.2604560566320184,0
43381,2012-01-11,0.49043238629396796,1
43382,2012-01-11,0.18266135912323217,1
43383,2012-01-11,0.2949763062873032,0
43384,2012-01-11,0.35256299854212253,1
43385,2012-01-11,0.33338118861364774,1
43386,2012-01-11,0.3734452106984784,1
43387,2012-01-11,0.38462126133668173,0
43388,2012-01-11,0.4944954727993309,1
43389,2012-01-11,0.23892923866165436,0
43390,2012-01-11,0.24708065102473178,0
43391,2012-01-11,0.14655256110517695,1
43392,2012-01-11,0.16418727129906105,0
43393,2012-01-11,0.3440779742147873,0
43394,2012-01-11,0.15480696683065057,0
43395,2012-01-11,0.25583420300538556,0
43396,2012-01-11,0.3713458820381853,1
43397,2012-01-11,0.21443046410582425,0
43398,2012-01-11,0.29440779243546256,0
43399,2012-01-11,0.6386257382776713,1
43400,2012-01-11,0.2108021263247854,1
43401,2012-01-11,0.32418881119732884,0
43402,2012-01-11,0.18073646389227188,0
43403,2012-01-11,0.28821116264167224,0
43404,2012-01-11,0.3668794891670261,0
43405,2012-01-11,0.23522399322746473,0
43406,2012-01-11,0.3199630885934118,0
43407,2012-01-11,0.1338554260535592,1
43408,2012-01-11,0.4842194898378338,0
43409,2012-01-11,0.29736379211264446,1
43410,2012-01-11,0.3555031310215105,1
43411,2012-01-11,0.314555717783074,0
43412,2012-01-11,0.27370641369349186,1
43413,2012-01-11,0.3577153055621982,0
43414,2012-01-11,0.40503020450717514,0
43415,2012-01-11,0.1720171704326878,0
43416,2012-01-11,0.32606776630240986,1
43417,2012-01-11,0.28291544579255906,1
43418,2012-01-11,0.15690194904410126,0
43419,2012-01-11,0.6573784928460603,1
43420,2012-01-11,0.14036477610713338,1
43421,2012-01-11,0.29478553705953725,1
43422,2012-01-11,0.2924333738082585,0
43423,2012-01-11,0.40996236827788957,0
43424,2012-01-11,0.40832039139736526,0
43425,2012-01-11,0.18384704718850467,0
43426,2012-01-11,0.1913966596849324,0
43427,2012-01-11,0.13942031491518161,0
43428,2012-01-11,0.32970008784705057,0
43429,2012-01-11,0.30906600195281175,1
43430,2012-01-11,0.20207790642873785,0
43431,2012-01-11,0.24996026554018314,0
43432,2012-01-11,0.22639903021217903,0
43433,2012-01-11,0.3540039061506179,1
43434,2012-01-11,0.24351418270716593,1
43435,2012-01-11,0.28827543547538664,0
43436,2012-01-11,0.2838304846804122,0
43437,2012-01-11,0.14356876851981334,0
43438,2012-01-11,0.1773140715039951,1
43439,2012-01-11,0.2433665317399303,0
43440,2012-01-11,0.2736800815521614,0
43441,2012-01-11,0.3415735715287966,0
43442,2012-01-11,0.3633888217390751,1
43443,2012-01-11,0.6534090539394668,0
43444,2012-01-11,0.22630241454513936,0
43445,2012-01-11,0.20972041785042247,0
43446,2012-01-11,0.4083938506188138,0
43447,2012-01-11,0.2868476851197841,0
43448,2012-01-11,0.18674213006953772,0
43449,2012-01-11,0.13032524107626814,0
43450,2012-01-11,0.30746574951121064,0
43451,2012-01-11,0.4866461381250248,1
43452,2012-01-11,0.4735143652757288,1
43453,2012-01-11,0.505551441001313,1
43454,2012-01-11,0.1732230012062781,0
43455,2012-01-11,0.25840217699898066,0
43456,2012-01-11,0.22864967225533298,0
43457,2012-01-11,0.42161170636811873,0
43458,2012-01-11,0.5319782985123611,1
43459,2012-01-11,0.22930152849657504,0
43460,2012-01-11,0.5026499865252594,1
43461,2012-01-11,0.23193756596848028,1
43462,2012-01-11,0.24501374978933332,0
43463,2012-01-11,0.26483118269841205,1
43464,2012-01-11,0.2278448075979,1
43465,2012-01-11,0.6463473421634985,0
43466,2012-01-11,0.49562161721347503,0
43467,2012-01-11,0.28679106567825086,0
43468,2012-01-11,0.26917859808612704,0
43469,2012-01-11,0.2746682551570762,0
43470,2012-01-11,0.37835583305959075,1
43471,2012-01-11,0.6369481917379743,1
43472,2012-01-11,0.48898226722348787,1
43473,2012-01-11,0.3726626541230764,1
43474,2012-01-11,0.26002671132852156,0
43475,2012-01-11,0.37706853938221013,1
43476,2012-01-11,0.3685718194464963,1
43477,2012-01-11,0.3690914864415272,1
43478,2012-01-11,0.2531495121327091,0
43479,2012-01-11,0.485496824965523,1
43480,2012-01-11,0.20544081494954058,0
43481,2012-01-11,0.20151265002725557,0
43482,2012-01-11,0.3814443807894133,0
43483,2012-01-11,0.5472756464460572,0
43484,2012-01-11,0.3437125171331382,1
43485,2012-01-11,0.33223788934590764,1
43486,2012-01-11,0.37633678784013763,0
43487,2012-01-11,0.19927775438405534,0
43488,2012-01-11,0.23589520854936608,0
43489,2012-01-11,0.5733420905640002,1
43490,2012-01-11,0.2612371320628,0
43491,2012-01-11,0.368495259112938,0
43492,2012-01-11,0.5953623627766381,1
43493,2012-01-11,0.2488453815163919,1
43494,2012-01-11,0.2477362081533972,1
43495,2012-01-11,0.45789481837015167,1
43496,2012-01-11,0.5072852068168149,1
43497,2012-01-11,0.18537513754944768,0
43498,2012-01-11,0.31668441474673076,1
43499,2012-01-11,0.2517240373404893,0
43500,2012-01-11,0.3487447133714423,0
43501,2012-01-11,0.5150604968682182,0
43502,2012-01-11,0.13396417661594343,1
43503,2012-01-11,0.49662361510909003,0
43504,2012-01-11,0.35298925034369233,0
43505,2012-01-11,0.5975815759628188,1
43506,2012-01-11,0.2349233744231157,0
43507,2012-01-11,0.5462885473510711,1
43508,2012-01-11,0.3462663086369159,0
43509,2012-01-11,0.22528495356409345,0
43510,2012-01-11,0.194943634709108,0
43511,2012-01-11,0.1907106296506101,0
43512,2012-01-11,0.20121587544296066,0
43513,2012-01-11,0.3134240653543901,1
43514,2012-01-11,0.18851713330508196,0
43515,2012-01-11,0.45205724333175945,1
43516,2012-01-11,0.40119826612883547,0
43517,2012-01-11,0.16792880487542977,0
43518,2012-01-11,0.4012906864566279,1
43519,2012-01-11,0.3351296997614735,0
43520,2012-01-11,0.38689928002657037,1
43521,2012-01-11,0.38538678718052183,1
43522,2012-01-11,0.521175235576876,0
43523,2012-01-11,0.2275039969083547,0
43524,2012-01-11,0.3810445796852346,0
43525,2012-01-11,0.2541100466646807,0
43526,2012-01-11,0.26157380437471445,0
43527,2012-01-12,0.4345887661285889,0
43528,2012-01-12,0.27704228994267743,0
43529,2012-01-12,0.3151365366249668,0
43530,2012-01-12,0.1569490565738718,1
43531,2012-01-12,0.1756724754150503,0
43532,2012-01-12,0.25582389895387164,0
43533,2012-01-12,0.37126481026130775,0
43534,2012-01-12,0.2852951262689946,0
43535,2012-01-12,0.3021866822064158,0
43536,2012-01-12,0.26564843061991883,0
43537,2012-01-12,0.3406944916770142,1
43538,2012-01-12,0.19642726507002606,0
43539,2012-01-12,0.392962791336556,1
43540,2012-01-12,0.32609421478787587,0
43541,2012-01-12,0.16408971839487996,0
43542,2012-01-12,0.3617186623781978,1
43543,2012-01-12,0.4843211765511781,0
43544,2012-01-12,0.17223946440563326,0
43545,2012-01-12,0.3230365265757721,0
43546,2012-01-12,0.21487174310276866,0
43547,2012-01-12,0.3442188029594524,1
43548,2012-01-12,0.3487772713762109,0
43549,2012-01-12,0.28901322473387075,0
43550,2012-01-12,0.3017226788979756,0
43551,2012-01-12,0.16036259563980904,0
43552,2012-01-12,0.1554163076931545,0
43553,2012-01-12,0.2442281577450291,0
43554,2012-01-12,0.3729676807572835,0
43555,2012-01-12,0.43728026800199843,0
43556,2012-01-12,0.12401162516501421,0
43557,2012-01-12,0.34383991352523474,1
43558,2012-01-12,0.31277828935307683,0
43559,2012-01-12,0.5808386546489788,0
43560,2012-01-12,0.13976138923529788,0
43561,2012-01-12,0.22286289011573412,0
43562,2012-01-12,0.12803627711022025,0
43563,2012-01-12,0.4185868621153335,1
43564,2012-01-12,0.4449980054109685,1
43565,2012-01-12,0.12374978011156418,0
43566,2012-01-12,0.41059669442131574,1
43567,2012-01-12,0.23449769901686762,0
43568,2012-01-12,0.28471923110858155,0
43569,2012-01-12,0.22413132836857705,0
43570,2012-01-12,0.2635035106243774,0
43571,2012-01-12,0.25476931337568404,0
43572,2012-01-12,0.31562389069992985,0
43573,2012-01-12,0.25035759486115966,1
43574,2012-01-12,0.36770827720161486,0
43575,2012-01-12,0.3152042210298454,0
43576,2012-01-12,0.24151918482822357,0
43577,2012-01-12,0.26790809573786645,0
43578,2012-01-12,0.38341038287148244,0
43579,2012-01-12,0.42386443754270753,0
43580,2012-01-12,0.2155552248352965,0
43581,2012-01-12,0.38544238754123555,1
43582,2012-01-12,0.4384331602918986,1
43583,2012-01-12,0.17641514435854558,1
43584,2012-01-12,0.2895862638339851,0
43585,2012-01-12,0.27733560330307433,0
43586,2012-01-12,0.42883393621440113,0
43587,2012-01-12,0.28355696703268257,0
43588,2012-01-12,0.43834138056394545,1
43589,2012-01-12,0.16917761756351896,0
43590,2012-01-12,0.23486735715369308,1
43591,2012-01-12,0.5545361748226313,1
43592,2012-01-12,0.2065945143164842,0
43593,2012-01-12,0.16639489865534346,0
43594,2012-01-12,0.1667647524417799,0
43595,2012-01-12,0.23528235109481577,0
43596,2012-01-12,0.31872691527661573,0
43597,2012-01-12,0.32066400434377973,0
43598,2012-01-12,0.16534223719773755,0
43599,2012-01-12,0.27162735054204185,0
43600,2012-01-12,0.13976138923529788,0
43601,2012-01-12,0.21024826771427366,0
43602,2012-01-12,0.5202214731248126,0
43603,2012-01-12,0.3204869629133314,1
43604,2012-01-12,0.3373471616111417,0
43605,2012-01-12,0.28254491697798234,1
43606,2012-01-12,0.16265805722932825,0
43607,2012-01-12,0.4748991677908918,1
43608,2012-01-12,0.225365062180855,0
43609,2012-01-12,0.32869953636382226,0
43610,2012-01-12,0.2665163179517167,0
43611,2012-01-12,0.18516541929082908,0
43612,2012-01-12,0.1365742761650104,0
43613,2012-01-12,0.43434149632225194,0
43614,2012-01-12,0.23261388624721288,0
43615,2012-01-12,0.3405122959727974,0
43616,2012-01-12,0.3055639481637328,0
43617,2012-01-12,0.19968418344714745,0
43618,2012-01-12,0.2311377602436323,1
43619,2012-01-12,0.289669089665302,1
43620,2012-01-12,0.24589096334336308,0
43621,2012-01-12,0.4658379043347919,1
43622,2012-01-12,0.423287091269355,0
43623,2012-01-12,0.1748636048773744,0
43624,2012-01-12,0.36769920175362647,0
43625,2012-01-12,0.1186981029792958,0
43626,2012-01-12,0.16200221151816896,0
43627,2012-01-12,0.48908428987534547,0
43628,2012-01-12,0.47375141697731116,1
43629,2012-01-12,0.27677927710514477,0
43630,2012-01-12,0.24529367950514316,0
43631,2012-01-12,0.36447792617076724,0
43632,2012-01-12,0.3117979774998324,0
43633,2012-01-12,0.28493345861781866,0
43634,2012-01-12,0.201195098081299,0
43635,2012-01-12,0.3170738163174538,0
43636,2012-01-12,0.34388471031595225,0
43637,2012-01-12,0.3210857842234774,0
43638,2012-01-12,0.3097480239363122,0
43639,2012-01-12,0.35000466898920735,1
43640,2012-01-12,0.2225555442751996,0
43641,2012-01-12,0.201281012707095,0
43642,2012-01-12,0.3204426079783697,0
43643,2012-01-12,0.36363551575716785,1
43644,2012-01-12,0.16347908726281818,0
43645,2012-01-12,0.4251742099731386,1
43646,2012-01-12,0.22782432207804734,0
43647,2012-01-12,0.22243248000391339,0
43648,2012-01-12,0.493791882432992,0
43649,2012-01-12,0.23726761912662828,1
43650,2012-01-12,0.34560412752708164,1
43651,2012-01-12,0.2726227091443719,0
43652,2012-01-12,0.5921096810524904,1
43653,2012-01-12,0.33758180763632983,0
43654,2012-01-12,0.3789770354661353,1
43655,2012-01-12,0.22738104056041464,0
43656,2012-01-12,0.3613148238365033,0
43657,2012-01-12,0.1969123938199851,0
43658,2012-01-12,0.3165293078540429,1
43659,2012-01-12,0.21549266216824586,0
43660,2012-01-12,0.25760037033369704,0
43661,2012-01-12,0.1700929177171883,0
43662,2012-01-12,0.31441408248390984,1
43663,2012-01-12,0.2679016529151496,0
43664,2012-01-12,0.16238446973185303,0
43665,2012-01-12,0.31497700742691137,0
43666,2012-01-12,0.33950391587617174,0
43667,2012-01-12,0.33507046489017805,0
43668,2012-01-12,0.26280360212103254,0
43669,2012-01-12,0.22046627095752894,0
43670,2012-01-12,0.1982328433742157,0
43671,2012-01-12,0.37454803926940117,0
43672,2012-01-12,0.29969327473133367,0
43673,2012-01-12,0.20974271347948023,0
43674,2012-01-12,0.5570362081949781,0
43675,2012-01-12,0.23183164582319013,0
43676,2012-01-12,0.38608200403762927,0
43677,2012-01-12,0.40561449087465506,1
43678,2012-01-12,0.31150853606732026,0
43679,2012-01-12,0.4428406285691677,1
43680,2012-01-12,0.19699433543761544,0
43681,2012-01-12,0.37126481026130775,1
43682,2012-01-12,0.4838136875956762,1
43683,2012-01-12,0.26985698469643826,0
43684,2012-01-12,0.31243720045774037,0
43685,2012-01-12,0.34089836442198657,1
43686,2012-01-12,0.2330048066057322,0
43687,2012-01-12,0.26391399864686516,0
43688,2012-01-12,0.34820568247138645,0
43689,2012-01-12,0.37265210334972293,1
43690,2012-01-12,0.48565891057496896,0
43691,2012-01-12,0.24553696441250836,0
43692,2012-01-12,0.24043725940963298,0
43693,2012-01-12,0.30866832529291216,1
43694,2012-01-12,0.25675768639913915,0
43695,2012-01-12,0.13430918399794478,0
43696,2012-01-12,0.21859401534035403,0
43697,2012-01-12,0.2715969928666159,0
43698,2012-01-12,0.1967410509471278,0
43699,2012-01-12,0.1774715233450492,0
43700,2012-01-13,0.3298212239283142,1
43701,2012-01-13,0.3261052655957698,0
43702,2012-01-13,0.24089958353049604,1
43703,2012-01-13,0.22104069269520193,0
43704,2012-01-13,0.23018456071663693,0
43705,2012-01-13,0.20372865446361227,0
43706,2012-01-13,0.2669709891748454,1
43707,2012-01-13,0.2809913901911838,0
43708,2012-01-13,0.2765438927711938,0
43709,2012-01-13,0.2228935086245803,0
43710,2012-01-13,0.5942881036149771,1
43711,2012-01-13,0.43008923215309636,1
43712,2012-01-13,0.31369527574591183,0
43713,2012-01-13,0.22155575028440408,0
43714,2012-01-13,0.26831116611517275,0
43715,2012-01-13,0.4737851109896693,0
43716,2012-01-13,0.3064534763003273,0
43717,2012-01-13,0.29570520578382586,1
43718,2012-01-13,0.40465531731871274,1
43719,2012-01-13,0.25063112232052986,1
43720,2012-01-13,0.25218817849888536,0
43721,2012-01-13,0.43665162278809655,0
43722,2012-01-13,0.5664274705000808,0
43723,2012-01-13,0.325506827130926,0
43724,2012-01-13,0.17507851798278384,0
43725,2012-01-13,0.3257603219281774,0
43726,2012-01-13,0.31808756501364255,0
43727,2012-01-13,0.40161925025525164,1
43728,2012-01-13,0.14092286921996242,0
43729,2012-01-13,0.25221753899401794,1
43730,2012-01-13,0.3304216357964491,0
43731,2012-01-13,0.15973242433569457,1
43732,2012-01-13,0.29351560055708076,0
43733,2012-01-13,0.14642542665731634,0
43734,2012-01-13,0.23301715669530326,0
43735,2012-01-13,0.2884131047554627,0
43736,2012-01-13,0.39863776775070475,0
43737,2012-01-13,0.15840408629085007,0
43738,2012-01-13,0.19543853741190434,0
43739,2012-01-13,0.21240299380706024,0
43740,2012-01-13,0.3714978053650504,0
43741,2012-01-13,0.1781010107382424,0
43742,2012-01-13,0.2047735179326227,0
43743,2012-01-13,0.18025181675801788,0
43744,2012-01-13,0.22247941077717276,0
43745,2012-01-13,0.19657230182586743,0
43746,2012-01-13,0.3534214067196361,0
43747,2012-01-13,0.17536993645806237,0
43748,2012-01-13,0.4303380206150729,1
43749,2012-01-13,0.1906996385876209,0
43750,2012-01-13,0.2548751052190541,0
43751,2012-01-13,0.13924596144609688,1
43752,2012-01-13,0.500202171723317,1
43753,2012-01-13,0.20975021101102642,0
43754,2012-01-13,0.28815531142069245,0
43755,2012-01-13,0.290388069616634,0
43756,2012-01-13,0.17230988205569353,0
43757,2012-01-13,0.17413023884077372,0
43758,2012-01-13,0.20533449268357512,0
43759,2012-01-13,0.2489184697542009,0
43760,2012-01-13,0.26351864917278683,0
43761,2012-01-13,0.2900451235449446,0
43762,2012-01-13,0.3169161608115263,0
43763,2012-01-13,0.13391142658428193,0
43764,2012-01-13,0.22470583424812426,0
43765,2012-01-13,0.32833695442164595,0
43766,2012-01-13,0.5392115524854677,1
43767,2012-01-13,0.2865174455219639,0
43768,2012-01-13,0.5020070192917573,0
43769,2012-01-13,0.21831901092246642,1
43770,2012-01-13,0.19369002706068875,0
43771,2012-01-13,0.275332493751566,0
43772,2012-01-13,0.143912296106265,0
43773,2012-01-13,0.42634303242217236,0
43774,2012-01-13,0.23932432163142606,0
43775,2012-01-13,0.22339623269550593,0
43776,2012-01-13,0.28108886796559646,1
43777,2012-01-13,0.36748776764502394,0
43778,2012-01-13,0.2650585835892806,0
43779,2012-01-13,0.29329421153059526,0
43780,2012-01-13,0.3729784839487871,1
43781,2012-01-13,0.38329338896537885,1
43782,2012-01-13,0.36342512664410637,0
43783,2012-01-13,0.4300649085204646,1
43784,2012-01-13,0.228631715399407,0
43785,2012-01-13,0.2888806010902648,0
43786,2012-01-13,0.13599234944633162,0
43787,2012-01-13,0.16358512521350957,1
43788,2012-01-13,0.4052577556710765,0
43789,2012-01-13,0.45009030688268314,0
43790,2012-01-13,0.15746811054325197,1
43791,2012-01-13,0.39450036129832644,0
43792,2012-01-13,0.18612443853840763,1
43793,2012-01-13,0.33269215420268783,0
43794,2012-01-13,0.30444117286333655,1
43795,2012-01-13,0.2231897907176547,0
43796,2012-01-13,0.2193271697353243,0
43797,2012-01-13,0.28625928013071006,0
43798,2012-01-13,0.11199139050854266,0
43799,2012-01-13,0.4096780661715413,0
43800,2012-01-13,0.33053660773609006,0
43801,2012-01-13,0.25204895527615856,0
43802,2012-01-13,0.43095088594948855,1
43803,2012-01-13,0.322391681088989,1
43804,2012-01-13,0.25419654081605914,0
43805,2012-01-13,0.28245439894387553,0
43806,2012-01-13,0.5007629079399082,1
43807,2012-01-13,0.2972289448230189,0
43808,2012-01-13,0.1531424757093568,0
43809,2012-01-13,0.5008764326342086,1
43810,2012-01-13,0.18263450575512863,0
43811,2012-01-13,0.3853183448022402,0
43812,2012-01-13,0.32236908269946407,0
43813,2012-01-13,0.16363606708608477,1
43814,2012-01-13,0.18275105132473884,0
43815,2012-01-13,0.3677523505852484,1
43816,2012-01-13,0.21160131515366465,0
43817,2012-01-13,0.27682424645736536,0
43818,2012-01-13,0.280428237828996,1
43819,2012-01-13,0.3375470399538722,0
43820,2012-01-13,0.2747463650680218,0
43821,2012-01-13,0.37016854606034594,0
43822,2012-01-13,0.3967455090052829,0
43823,2012-01-13,0.1640408267363469,1
43824,2012-01-13,0.181610702153934,0
43825,2012-01-13,0.5326720931036243,1
43826,2012-01-13,0.272389435047559,0
43827,2012-01-13,0.3805546606011192,0
43828,2012-01-13,0.11064900202915796,0
43829,2012-01-13,0.464623479011464,1
43830,2012-01-13,0.19421225244961599,0
43831,2012-01-13,0.16746483813302224,0
43832,2012-01-13,0.21985943466134225,0
43833,2012-01-13,0.4249918951714541,1
43834,2012-01-13,0.4341165402203946,0
43835,2012-01-13,0.1495862553410487,0
43836,2012-01-13,0.38999485395597805,0
43837,2012-01-13,0.23662522866879668,1
43838,2012-01-13,0.3890254936381184,0
43839,2012-01-13,0.1760379246895249,0
43840,2012-01-13,0.38295457755948514,1
43841,2012-01-13,0.09967445989362535,0
43842,2012-01-13,0.6333437297637879,1
43843,2012-01-13,0.3781764730978417,0
43844,2012-01-13,0.2907042103738128,1
43845,2012-01-13,0.32072978851196654,1
43846,2012-01-13,0.3307916470030002,0
43847,2012-01-13,0.275206831341635,0
43848,2012-01-13,0.19583205246708815,0
43849,2012-01-13,0.43246979640331823,0
43850,2012-01-13,0.1933374736758109,0
43851,2012-01-13,0.6852378412162854,1
43852,2012-01-13,0.2912882721533126,0
43853,2012-01-13,0.32795180011899583,0
43854,2012-01-13,0.42476289985645566,1
43855,2012-01-13,0.1712436784157267,0
43856,2012-01-13,0.403267204786617,0
43857,2012-01-13,0.39973703250611364,0
43858,2012-01-13,0.25792937717657627,0
43859,2012-01-13,0.23633003984758344,0
43860,2012-01-13,0.46275558426238234,0
43861,2012-01-13,0.15105558753825524,0
43862,2012-01-13,0.1757139469157062,0
43863,2012-01-13,0.19906365404220358,0
43864,2012-01-13,0.24139069392603127,0
43865,2012-01-13,0.16777377016381553,0
43866,2012-01-13,0.34023249112257237,1
43867,2012-01-13,0.2753956023320939,0
43868,2012-01-13,0.27355430600901703,0
43869,2012-01-13,0.17450306093238072,1
43870,2012-01-13,0.49704988813543255,1
43871,2012-01-13,0.36771718753761606,1
43872,2012-01-13,0.28174343685049635,0
43873,2012-01-14,0.26087185396145113,0
43874,2012-01-14,0.32345399045429,0
43875,2012-01-14,0.22495035452418857,0
43876,2012-01-14,0.13108768897978212,0
43877,2012-01-14,0.4194079366245237,0
43878,2012-01-14,0.36598381905634464,1
43879,2012-01-14,0.2671437127053557,0
43880,2012-01-14,0.21388265316869706,0
43881,2012-01-14,0.25585328573382277,0
43882,2012-01-14,0.43019806282267553,0
43883,2012-01-14,0.3437455433851485,0
43884,2012-01-14,0.31017207950744413,0
43885,2012-01-14,0.19024036084869225,0
43886,2012-01-14,0.31595020673225876,0
43887,2012-01-14,0.29521972455936474,0
43888,2012-01-14,0.47508500806191867,1
43889,2012-01-14,0.24861330631392956,0
43890,2012-01-14,0.21843278806631253,0
43891,2012-01-14,0.3346193306254132,1
43892,2012-01-14,0.23690263665013225,0
43893,2012-01-14,0.15975109499629817,0
43894,2012-01-14,0.1865882295515929,0
43895,2012-01-14,0.41088129556156877,1
43896,2012-01-14,0.3219525820204377,0
43897,2012-01-14,0.2913851259674563,0
43898,2012-01-14,0.485496824965523,1
43899,2012-01-14,0.4091926242198101,0
43900,2012-01-14,0.4130666567966541,0
43901,2012-01-14,0.23122264968949793,0
43902,2012-01-14,0.24235948055521628,1
43903,2012-01-14,0.3060451356073602,0
43904,2012-01-14,0.3517501300178757,1
43905,2012-01-14,0.24521108685963464,0
43906,2012-01-14,0.2951624115017764,0
43907,2012-01-14,0.20395735009934357,0
43908,2012-01-14,0.21161400794635438,0
43909,2012-01-14,0.18360633451186265,0
43910,2012-01-14,0.2832880603287431,0
43911,2012-01-14,0.2312935121505372,0
43912,2012-01-14,0.6298159633251161,1
43913,2012-01-14,0.3677715473051269,0
43914,2012-01-14,0.2979650952871825,0
43915,2012-01-14,0.14743094472930973,0
43916,2012-01-14,0.6867179794813116,0
43917,2012-01-14,0.27443360695480634,0
43918,2012-01-14,0.2837562635686887,0
43919,2012-01-14,0.2646499161293608,0
43920,2012-01-14,0.28395079160172254,0
43921,2012-01-14,0.34198939863735517,0
43922,2012-01-14,0.48755175841792125,1
43923,2012-01-14,0.23325412759592518,0
43924,2012-01-14,0.25004618380112914,0
43925,2012-01-14,0.12737752118480805,1
43926,2012-01-14,0.2700580938663403,0
43927,2012-01-14,0.3045591534182716,0
43928,2012-01-14,0.18459793526529356,1
43929,2012-01-14,0.19546855672693494,0
43930,2012-01-14,0.3978206534739373,0
43931,2012-01-14,0.21128806051057578,0
43932,2012-01-14,0.20718164081399842,0
43933,2012-01-14,0.37928906571361315,0
43934,2012-01-14,0.250355002001288,1
43935,2012-01-14,0.2820959843072028,0
43936,2012-01-14,0.32420096753196687,0
43937,2012-01-14,0.2886379372690522,0
43938,2012-01-14,0.5842055295842711,0
43939,2012-01-14,0.41909794296394337,0
43940,2012-01-14,0.13272866737404673,1
43941,2012-01-14,0.2635870533974014,0
43942,2012-01-14,0.2948359857428712,0
43943,2012-01-14,0.32383576430247024,0
43944,2012-01-14,0.22740933784807774,1
43945,2012-01-14,0.21347821529073635,1
43946,2012-01-14,0.13248122599730466,0
43947,2012-01-14,0.16718156176888793,0
43948,2012-01-14,0.15650695382850827,1
43949,2012-01-14,0.17956326005744483,0
43950,2012-01-14,0.15387652469351004,0
43951,2012-01-14,0.11913002433555063,0
43952,2012-01-14,0.19945638622886963,0
43953,2012-01-14,0.2467561450357011,0
43954,2012-01-14,0.21604285481326332,1
43955,2012-01-14,0.4340794959012346,1
43956,2012-01-14,0.31757559640513444,0
43957,2012-01-14,0.32391171375331107,0
43958,2012-01-14,0.45668124996826276,1
43959,2012-01-14,0.6030066916644242,1
43960,2012-01-14,0.33862694681644107,0
43961,2012-01-14,0.18646674204256,1
43962,2012-01-14,0.31490448662555465,0
43963,2012-01-14,0.42585532256391345,0
43964,2012-01-14,0.20025531099720267,0
43965,2012-01-14,0.24824191034717843,0
43966,2012-01-14,0.13548115920995446,0
43967,2012-01-14,0.3687316604646776,1
43968,2012-01-14,0.423172748881546,1
43969,2012-01-14,0.1646127224023027,0
43970,2012-01-14,0.25352553787212934,0
43971,2012-01-14,0.14253086695442208,0
43972,2012-01-14,0.2758462100868168,0
43973,2012-01-14,0.1337884178903155,0
43974,2012-01-14,0.2480634712749764,0
43975,2012-01-14,0.25915058708902106,0
43976,2012-01-14,0.2927966908029849,1
43977,2012-01-14,0.18325275722332168,0
43978,2012-01-14,0.250334591931511,0
43979,2012-01-14,0.40863931772383993,0
43980,2012-01-14,0.10605330602860451,1
43981,2012-01-14,0.2622845500914966,0
43982,2012-01-14,0.30696624425433355,0
43983,2012-01-14,0.2821052680949975,1
43984,2012-01-14,0.321630890522589,0
43985,2012-01-14,0.25277240724151845,0
43986,2012-01-14,0.2381926768321136,0
43987,2012-01-14,0.31452066183750343,0
43988,2012-01-14,0.2231325820662716,0
43989,2012-01-14,0.4514096458374247,1
43990,2012-01-14,0.3294649529723114,0
43991,2012-01-14,0.19998260205572263,0
43992,2012-01-14,0.32478569344286323,0
43993,2012-01-14,0.25205006472472186,0
43994,2012-01-14,0.18721189259054058,0
43995,2012-01-14,0.25248653374943725,0
43996,2012-01-14,0.571838337230162,0
43997,2012-01-14,0.35557509936933657,0
43998,2012-01-14,0.45518286804536084,0
43999,2012-01-14,0.2694515098630517,0
44000,2012-01-14,0.2712074227788212,0
44001,2012-01-14,0.42663112309495826,0
44002,2012-01-14,0.1348053870941593,0
44003,2012-01-14,0.17733470965391113,0
44004,2012-01-14,0.20876741230126178,0
44005,2012-01-14,0.4074452051639126,1
44006,2012-01-14,0.2525369715029657,1
44007,2012-01-14,0.21721811707302807,0
44008,2012-01-14,0.49939726004856444,1
44009,2012-01-14,0.2639057737262834,0
44010,2012-01-14,0.21082153794080263,0
44011,2012-01-14,0.40066538721417116,1
44012,2012-01-14,0.13350023001454414,0
44013,2012-01-14,0.3134012295606177,0
44014,2012-01-14,0.26373374532603466,0
44015,2012-01-14,0.36130290641830376,0
44016,2012-01-14,0.5374413161334249,1
44017,2012-01-14,0.1647325418233486,0
44018,2012-01-14,0.24881919131374838,0
44019,2012-01-14,0.33694064604172114,1
44020,2012-01-14,0.42024643763283986,1
44021,2012-01-14,0.20266248925955294,0
44022,2012-01-14,0.1374526234899769,1
44023,2012-01-14,0.2571041245912405,0
44024,2012-01-14,0.25294774291141875,1
44025,2012-01-14,0.27836261272470686,0
44026,2012-01-14,0.1275483045311486,1
44027,2012-01-14,0.15279053008292737,0
44028,2012-01-14,0.2888068595276543,0
44029,2012-01-14,0.19709661749882135,0
44030,2012-01-14,0.24415460960072685,1
44031,2012-01-14,0.1392461650774645,0
44032,2012-01-14,0.27392525016819924,1
44033,2012-01-14,0.23992599986494428,1
44034,2012-01-14,0.29538330717123373,1
44035,2012-01-14,0.20482287146855346,0
44036,2012-01-14,0.24143777680418463,0
44037,2012-01-14,0.24606078298886272,0
44038,2012-01-14,0.34053939161943686,0
44039,2012-01-14,0.3104395788877305,0
44040,2012-01-14,0.2410666974042578,0
44041,2012-01-14,0.20407708367547686,0
44042,2012-01-14,0.21977362773867523,0
44043,2012-01-14,0.22364265560257035,0
44044,2012-01-14,0.18752115756141588,0
44045,2012-01-14,0.2675298859729338,1
44046,2012-01-14,0.6589893251870748,1
44047,2012-01-14,0.13728059573881368,0
44048,2012-01-14,0.17474410281250508,0
44049,2012-01-14,0.15367783674394242,0
44050,2012-01-14,0.4971976184686629,1
44051,2012-01-14,0.4577969503726812,1
44052,2012-01-14,0.3634937908491508,1
44053,2012-01-14,0.27797256887479965,1
44054,2012-01-14,0.17308396527220393,1
44055,2012-01-14,0.14666154926857197,0
44056,2012-01-14,0.48090222081702877,1
44057,2012-01-14,0.33180558243065356,1
44058,2012-01-14,0.2639499388689506,0
44059,2012-01-14,0.42017941559844296,1
44060,2012-01-14,0.31925168299650514,1
44061,2012-01-14,0.2101638371497107,1
44062,2012-01-14,0.3016153973166981,0
44063,2012-01-14,0.2764444932376285,0
44064,2012-01-14,0.256667840801351,1
44065,2012-01-14,0.43263366597328795,1
44066,2012-01-14,0.16012649958175232,1
44067,2012-01-14,0.627403359820443,1
44068,2012-01-14,0.12857193671609354,0
44069,2012-01-14,0.18723559970877227,0
44070,2012-01-14,0.1953944715403118,0
44071,2012-01-14,0.20738172185162315,0
44072,2012-01-14,0.16927905635275717,0
44073,2012-01-14,0.222224057293185,0
44074,2012-01-14,0.6329953132392802,1
44075,2012-01-14,0.3122541681841018,1
44076,2012-01-14,0.2295883155529939,0
44077,2012-01-14,0.2532332505751314,0
44078,2012-01-14,0.2643393358447962,0
44079,2012-01-14,0.29039011977137813,0
44080,2012-01-14,0.1407771092170776,0
44081,2012-01-14,0.46453354416903114,0
44082,2012-01-14,0.3410593177380258,1
44083,2012-01-14,0.19091540169365068,0
44084,2012-01-14,0.11909200746992891,0
44085,2012-01-14,0.16637010186154036,0
44086,2012-01-14,0.4549516891886428,0
44087,2012-01-14,0.26993423465292277,0
44088,2012-01-14,0.3922598599509719,0
44089,2012-01-14,0.4665574879678245,0
44090,2012-01-14,0.30417612501047187,1
44091,2012-01-14,0.38198317472920706,0
44092,2012-01-14,0.4450686773529332,1
44093,2012-01-14,0.18309176807487337,1
44094,2012-01-14,0.17137134624862616,1
44095,2012-01-14,0.3064771369307114,1
44096,2012-01-14,0.25049143387805334,0
44097,2012-01-14,0.17758188792020252,0
44098,2012-01-14,0.2132951924912513,0
44099,2012-01-14,0.12738458302764658,0
44100,2012-01-14,0.47406676419361043,1
44101,2012-01-14,0.15426302115105422,0
44102,2012-01-14,0.15021284766835385,0
44103,2012-01-14,0.3132297269642422,1
44104,2012-01-14,0.29930033950747365,0
44105,2012-01-14,0.4580990207402427,0
44106,2012-01-14,0.32017084182372785,0
44107,2012-01-14,0.3719605257249865,1
44108,2012-01-14,0.2977917517468198,0
44109,2012-01-14,0.1340273073108206,0
44110,2012-01-14,0.23711937949403375,0
44111,2012-01-14,0.18909390557515843,0
44112,2012-01-14,0.1778114247664765,0
44113,2012-01-14,0.18221117042412072,0
44114,2012-01-14,0.3231620402373266,1
44115,2012-01-14,0.20280832929642031,0
44116,2012-01-14,0.3104795729118933,0
44117,2012-01-14,0.21719178912305537,1
44118,2012-01-14,0.14792800492978814,0
44119,2012-01-14,0.14268823522632795,1
44120,2012-01-14,0.30509892032399377,0
44121,2012-01-14,0.2827987752432124,0
44122,2012-01-14,0.3965794707353492,0
44123,2012-01-14,0.2411871845606069,0
44124,2012-01-14,0.26225943876278496,0
44125,2012-01-14,0.23768425564322468,0
44126,2012-01-14,0.3739250814239429,1
44127,2012-01-14,0.17984270442146305,0
44128,2012-01-14,0.36152460281631627,1
44129,2012-01-14,0.2839538868047496,1
44130,2012-01-14,0.16125354883760798,0
44131,2012-01-14,0.10192489549761694,0
44132,2012-01-14,0.2918144085990765,0
44133,2012-01-14,0.5455078718603489,1
44134,2012-01-14,0.16904489871048806,1
44135,2012-01-14,0.5627875172539779,0
44136,2012-01-14,0.1750912400327431,0
44137,2012-01-14,0.34030004256302,0
44138,2012-01-14,0.3299795677932397,1
44139,2012-01-14,0.44212071410204057,0
44140,2012-01-14,0.30303223563215687,0
44141,2012-01-14,0.2217183909493958,0
44142,2012-01-14,0.3470543316296352,1
44143,2012-01-14,0.6278260183548193,1
44144,2012-01-14,0.26121976648771594,0
44145,2012-01-14,0.1286658604139228,0
44146,2012-01-14,0.34607715629335245,0
44147,2012-01-14,0.2198911641211632,1
44148,2012-01-14,0.35926707016021897,0
44149,2012-01-14,0.17313570331506964,0
44150,2012-01-14,0.29558831209750447,1
44151,2012-01-14,0.21756892594202404,0
44152,2012-01-14,0.1673543789684089,0
44153,2012-01-14,0.26517982230761533,1
44154,2012-01-14,0.2965074069954867,1
44155,2012-01-14,0.2418093355085073,1
44156,2012-01-14,0.21046537472994034,0
44157,2012-01-14,0.4568312988642009,1
44158,2012-01-14,0.16108010964483452,0
44159,2012-01-14,0.32347153232750836,1
44160,2012-01-14,0.23827426840275667,0
44161,2012-01-14,0.29129170602264576,0
44162,2012-01-14,0.15275845925280662,0
44163,2012-01-14,0.20899347172046243,0
44164,2012-01-14,0.21328575931642288,0
44165,2012-01-14,0.6103672635369914,0
44166,2012-01-14,0.51597390949307,1
44167,2012-01-14,0.23542005843207123,0
44168,2012-01-14,0.3218552770435765,0
44169,2012-01-14,0.48207193388897374,0
44170,2012-01-14,0.13878260050599264,0
44171,2012-01-14,0.12583737385104385,0
44172,2012-01-14,0.40701120059777424,1
44173,2012-01-14,0.44562499249214726,1
44174,2012-01-14,0.16505499035394278,0
44175,2012-01-14,0.18540217802826467,0
44176,2012-01-14,0.19943811897775157,0
44177,2012-01-14,0.31669426622986,0
44178,2012-01-14,0.44278671360918803,0
44179,2012-01-14,0.2249295242407062,0
44180,2012-01-14,0.5781349149472877,1
44181,2012-01-14,0.3299574313587897,0
44182,2012-01-14,0.21667890224099778,0
44183,2012-01-14,0.49914659379594944,1
44184,2012-01-14,0.27049003667481236,0
44185,2012-01-14,0.4222706597054321,1
44186,2012-01-14,0.5343708117194479,1
44187,2012-01-14,0.45836409339181006,1
44188,2012-01-14,0.16000601745393747,1
44189,2012-01-14,0.24103086269176502,1
44190,2012-01-14,0.6238798097997506,0
44191,2012-01-14,0.36722642485787227,0
44192,2012-01-14,0.12113094119891961,0
44193,2012-01-14,0.14071089077577448,0
44194,2012-01-14,0.31125936107316665,0
44195,2012-01-14,0.22999907815410575,0
44196,2012-01-14,0.21020029080925992,0
44197,2012-01-14,0.24389859481317555,0
44198,2012-01-14,0.29294699311089745,1
44199,2012-01-14,0.4235898573492844,0
44200,2012-01-14,0.43738759683037165,0
44201,2012-01-14,0.3316449688179187,0
44202,2012-01-14,0.2985675287025359,0
44203,2012-01-14,0.25458832761942873,0
44204,2012-01-14,0.45758064642023055,1
44205,2012-01-14,0.10965407715971895,0
44206,2012-01-14,0.24465605776381602,0
44207,2012-01-14,0.35703085837733,1
44208,2012-01-14,0.3002719367302231,0
44209,2012-01-14,0.4730982725778363,1
44210,2012-01-14,0.48476123771184426,0
44211,2012-01-14,0.23978819885011712,0
44212,2012-01-14,0.19595685306747407,0
44213,2012-01-14,0.5481108260827187,0
44214,2012-01-14,0.38140077702816444,0
44215,2012-01-14,0.4923308382657669,1
44216,2012-01-14,0.3208063874655099,0
44217,2012-01-14,0.26466533949622467,0
44218,2012-01-14,0.1864299994704377,0
44219,2012-01-14,0.4830833539511206,1
44220,2012-01-14,0.3068882266989822,1
44221,2012-01-14,0.2726196919611778,0
44222,2012-01-14,0.22703454724472694,0
44223,2012-01-14,0.47243246453770144,0
44224,2012-01-14,0.19869285771288453,0
44225,2012-01-14,0.2851758162021467,0
44226,2012-01-14,0.38687238534664703,0
44227,2012-01-14,0.6370543322143783,1
44228,2012-01-14,0.2588063867868611,0
44229,2012-01-14,0.41837998225025735,1
44230,2012-01-14,0.23631382032727646,0
44231,2012-01-14,0.22860918615847042,0
44232,2012-01-14,0.24942507103698106,1
44233,2012-01-14,0.4455182013959754,0
44234,2012-01-14,0.21039184077154796,0
44235,2012-01-14,0.2754163876742838,0
44236,2012-01-14,0.19146158588658987,0
44237,2012-01-14,0.12671325294255462,0
44238,2012-01-14,0.20053960231649762,0
44239,2012-01-14,0.22598229464032177,0
44240,2012-01-14,0.21116706414696418,0
44241,2012-01-14,0.2494985096480584,0
44242,2012-01-14,0.3402573462472598,1
44243,2012-01-14,0.18063771743038456,1
44244,2012-01-14,0.3337965775160882,0
44245,2012-01-14,0.24994653676937467,0
44246,2012-01-14,0.19935010451425658,0
44247,2012-01-14,0.35014945417058024,0
44248,2012-01-14,0.2358290044765637,0
44249,2012-01-14,0.19683817160912995,0
44250,2012-01-14,0.397269647366666,0
44251,2012-01-14,0.3008577804984564,0
44252,2012-01-14,0.29820004862175664,1
44253,2012-01-14,0.6193010325444581,1
44254,2012-01-14,0.3024016546776033,0
44255,2012-01-14,0.32421216996961727,0
44256,2012-01-14,0.2748505243042502,1
44257,2012-01-14,0.3721976464869744,0
44258,2012-01-14,0.15072757485208677,0
44259,2012-01-14,0.1798598180494178,0
44260,2012-01-14,0.4622121638229126,0
44261,2012-01-14,0.24772032808052177,1
44262,2012-01-14,0.16915016025091692,0
44263,2012-01-14,0.3459448200316931,0
44264,2012-01-14,0.45191816726404777,1
44265,2012-01-14,0.36722642485787227,0
44266,2012-01-14,0.24781684128727968,0
44267,2012-01-14,0.25722389509173593,1
44268,2012-01-14,0.1512792822493713,0
44269,2012-01-14,0.22651764350576917,0
44270,2012-01-14,0.4449015570467857,1
44271,2012-01-14,0.4434985030330012,0
44272,2012-01-14,0.46689011267762476,1
44273,2012-01-14,0.422847398209325,0
44274,2012-01-14,0.44171925139143403,0
44275,2012-01-14,0.22478334934355243,0
44276,2012-01-14,0.2502726270412868,0
44277,2012-01-14,0.34360091606057624,0
44278,2012-01-14,0.30505951080135907,1
44279,2012-01-14,0.37377688469424175,0
44280,2012-01-14,0.21552390100136362,0
44281,2012-01-14,0.6322418977605122,1
44282,2012-01-14,0.3804200083704207,0
44283,2012-01-14,0.2703047253407665,0
44284,2012-01-14,0.2261508108830553,1
44285,2012-01-14,0.21774446526483562,0
44286,2012-01-14,0.1832453948082061,0
44287,2012-01-14,0.21571723063778633,0
44288,2012-01-14,0.222639854375463,0
44289,2012-01-14,0.26138800594708045,0
44290,2012-01-14,0.37327350906886364,0
44291,2012-01-14,0.4623759545957638,1
44292,2012-01-14,0.22107258379291805,0
44293,2012-01-14,0.36904586787227744,0
44294,2012-01-14,0.3525482805597872,1
44295,2012-01-14,0.2482433531236806,1
44296,2012-01-14,0.14279352483785498,0
44297,2012-01-14,0.43974524296945156,0
44298,2012-01-14,0.4205389968741957,1
44299,2012-01-14,0.20883015336584718,0
44300,2012-01-14,0.15337742299904772,1
44301,2012-01-14,0.29112112225103487,1
44302,2012-01-14,0.2709628304490064,1
44303,2012-01-14,0.2678209165892105,0
44304,2012-01-14,0.2491745911911663,0
44305,2012-01-14,0.24979461477703863,0
44306,2012-01-14,0.14403965449177367,1
44307,2012-01-14,0.17401136243685572,0
44308,2012-01-14,0.41148448086079076,1
44309,2012-01-14,0.16855009657921716,0
44310,2012-01-14,0.42855810479276024,0
44311,2012-01-14,0.13965942507131715,0
44312,2012-01-14,0.27349609567579053,0
44313,2012-01-14,0.20267782544501933,0
44314,2012-01-14,0.17823480108315154,1
44315,2012-01-14,0.19752176011575395,0
44316,2012-01-14,0.15287111432773798,0
44317,2012-01-14,0.3479094922553093,1
44318,2012-01-14,0.3248623450787227,1
44319,2012-01-14,0.608242739359165,0
44320,2012-01-14,0.43539864513778725,1
44321,2012-01-14,0.4148508206080544,0
44322,2012-01-14,0.16925141053465265,0
44323,2012-01-14,0.2009918788807423,0
44324,2012-01-14,0.6057435457767807,1
44325,2012-01-14,0.34969449380191414,0
44326,2012-01-14,0.26142508665864345,0
44327,2012-01-14,0.25872900020812906,0
44328,2012-01-14,0.3434630200302161,1
44329,2012-01-14,0.258190871009504,0
44330,2012-01-14,0.5018582393462686,1
44331,2012-01-14,0.2985322475056944,0
44332,2012-01-14,0.24179737529776793,0
44333,2012-01-14,0.24127228926361172,1
44334,2012-01-14,0.2848949220456242,0
44335,2012-01-14,0.40488686130027807,1
44336,2012-01-14,0.4024754497960468,0
44337,2012-01-14,0.17444330579750567,0
44338,2012-01-14,0.2984671561200691,0
44339,2012-01-14,0.3189930349185496,0
44340,2012-01-14,0.5494520607868428,1
44341,2012-01-14,0.20174096634791236,0
44342,2012-01-14,0.317802039216169,0
44343,2012-01-14,0.2234428933716584,0
44344,2012-01-14,0.16521044077642047,1
44345,2012-01-14,0.26054366747832475,0
44346,2012-01-14,0.16948406273819785,1
44347,2012-01-14,0.37403132175490683,1
44348,2012-01-14,0.23379443125952587,1
44349,2012-01-14,0.5875013095919335,1
44350,2012-01-14,0.12900269038402046,0
44351,2012-01-14,0.22408672531412568,1
44352,2012-01-14,0.18915896054587059,0
44353,2012-01-14,0.14384146959865637,0
44354,2012-01-14,0.24827912645502248,1
44355,2012-01-14,0.19851789609810938,0
44356,2012-01-14,0.3656501402387977,0
44357,2012-01-14,0.3060468552069599,0
44358,2012-01-14,0.22305283437035475,1
44359,2012-01-14,0.3815814200345539,0
44360,2012-01-14,0.25985680249745224,0
44361,2012-01-14,0.3200876024807372,0
44362,2012-01-14,0.31502032586821715,0
44363,2012-01-14,0.3664766334521057,0
44364,2012-01-14,0.34696786378762556,0
44365,2012-01-14,0.2341466280492277,0
44366,2012-01-14,0.24054128406766767,0
44367,2012-01-14,0.2966017210924925,0
44368,2012-01-14,0.30944919567288504,0
44369,2012-01-14,0.4400951118658041,0
44370,2012-01-15,0.14880180536741602,0
44371,2012-01-15,0.20211133213791818,0
44372,2012-01-15,0.2264700171977499,0
44373,2012-01-15,0.19614433171316747,0
44374,2012-01-15,0.29793335719757724,1
44375,2012-01-15,0.21288048209277355,0
44376,2012-01-15,0.1970669997264312,0
44377,2012-01-15,0.3344714853301208,1
44378,2012-01-15,0.2115546440832666,0
44379,2012-01-15,0.32810296377520165,1
44380,2012-01-15,0.18064161334083997,1
44381,2012-01-15,0.20761961096528722,0
44382,2012-01-15,0.19808472256932425,0
44383,2012-01-15,0.18942546172818903,0
44384,2012-01-15,0.24873303213126247,0
44385,2012-01-15,0.17601296487299092,0
44386,2012-01-15,0.20838800611833982,0
44387,2012-01-15,0.44744385048827556,0
44388,2012-01-15,0.3578731623131222,1
44389,2012-01-15,0.298524673343517,0
44390,2012-01-15,0.2614540586974746,1
44391,2012-01-15,0.3863195425207119,0
44392,2012-01-15,0.2930529564394647,0
44393,2012-01-15,0.37664354502305875,0
44394,2012-01-15,0.2573496059292265,0
44395,2012-01-15,0.24078104210810022,0
44396,2012-01-15,0.33332043876749023,0
44397,2012-01-15,0.46746609546903817,1
44398,2012-01-15,0.15681965448762797,1
44399,2012-01-15,0.3777694694016223,0
44400,2012-01-15,0.2814504323762551,0
44401,2012-01-15,0.36330640752261545,1
44402,2012-01-15,0.3153793302804513,0
44403,2012-01-15,0.1576586304308664,1
44404,2012-01-15,0.19782587084489114,0
44405,2012-01-15,0.23376002150254788,0
44406,2012-01-15,0.38095494232231636,0
44407,2012-01-15,0.3311994482149709,1
44408,2012-01-15,0.31996508093870657,1
44409,2012-01-15,0.3098468489089724,0
44410,2012-01-15,0.32957272228516277,0
44411,2012-01-15,0.2997896518047589,1
44412,2012-01-15,0.22673732610562689,0
44413,2012-01-15,0.23439588451775764,0
44414,2012-01-15,0.1915427186289588,0
44415,2012-01-15,0.2836741398945548,0
44416,2012-01-15,0.15190548941863216,1
44417,2012-01-15,0.18366191673385232,0
44418,2012-01-15,0.18161363792923557,0
44419,2012-01-15,0.36692732420415264,1
44420,2012-01-15,0.39702334680321716,0
44421,2012-01-15,0.31836394428717457,1
44422,2012-01-15,0.42492998698437706,0
44423,2012-01-15,0.2078458466759327,0
44424,2012-01-15,0.42750795845305517,0
44425,2012-01-15,0.132546497055228,0
44426,2012-01-15,0.2664628442934638,0
44427,2012-01-15,0.14504438419453028,0
44428,2012-01-15,0.1266740600086037,0
44429,2012-01-15,0.3117338254452151,1
44430,2012-01-15,0.48512166338027246,0
44431,2012-01-15,0.43645469173419454,1
44432,2012-01-15,0.37784518000881734,0
44433,2012-01-15,0.25776859833838967,0
44434,2012-01-15,0.23204076829869522,0
44435,2012-01-15,0.2842028816604427,0
44436,2012-01-15,0.35166387317346104,0
44437,2012-01-15,0.16457144382611602,0
44438,2012-01-15,0.14169488430956048,0
44439,2012-01-15,0.22575830104872838,1
44440,2012-01-15,0.15184470856333163,0
44441,2012-01-15,0.3411135623914293,1
44442,2012-01-15,0.1840378040342211,0
44443,2012-01-15,0.19082285001710483,0
44444,2012-01-15,0.3315371310503449,0
44445,2012-01-15,0.38076496136150595,0
44446,2012-01-15,0.440254620983099,1
44447,2012-01-15,0.30223424184561914,0
44448,2012-01-15,0.2664416611709645,0
44449,2012-01-15,0.5332409384238563,0
44450,2012-01-15,0.4033815051670527,1
44451,2012-01-15,0.5766857897293378,0
44452,2012-01-15,0.29210482494174567,0
44453,2012-01-15,0.30739623991052945,0
44454,2012-01-15,0.1645827088295763,0
44455,2012-01-15,0.3638407274335122,0
44456,2012-01-15,0.4160338396464356,1
44457,2012-01-15,0.3100023730679581,0
44458,2012-01-15,0.16092855362835454,0
44459,2012-01-15,0.22847847538859115,0
44460,2012-01-15,0.37559821135420934,0
44461,2012-01-15,0.2196943811961537,0
44462,2012-01-15,0.31815082434654945,0
44463,2012-01-15,0.24630653847119938,0
44464,2012-01-15,0.26681235186443836,0
44465,2012-01-15,0.31483980509512355,0
44466,2012-01-15,0.6304539719805076,1
44467,2012-01-15,0.46093913676602966,1
44468,2012-01-15,0.29107267235495743,0
44469,2012-01-15,0.2644690015412369,0
44470,2012-01-15,0.324830446672558,0
44471,2012-01-15,0.35831341279062984,1
44472,2012-01-15,0.1298314653708003,0
44473,2012-01-15,0.3081007770612055,0
44474,2012-01-15,0.431511899819279,0
44475,2012-01-15,0.2856748550166325,0
44476,2012-01-15,0.17893096829765245,0
44477,2012-01-15,0.13473132683515934,0
44478,2012-01-15,0.2364385503130404,1
44479,2012-01-15,0.4112558410570568,1
44480,2012-01-15,0.35026642672141556,1
44481,2012-01-15,0.35645478807436376,0
44482,2012-01-15,0.14945381316645737,0
44483,2012-01-15,0.2493557676304945,0
44484,2012-01-15,0.2611168130321128,0
44485,2012-01-15,0.15487352370745142,0
44486,2012-01-15,0.1356738661255597,0
44487,2012-01-15,0.2384674987958774,0
44488,2012-01-15,0.25201351908366826,1
44489,2012-01-15,0.24965643231431262,1
44490,2012-01-15,0.3051846400995846,1
44491,2012-01-15,0.20968423489901425,0
44492,2012-01-15,0.3752200934760274,0
44493,2012-01-15,0.14677512881457125,0
44494,2012-01-15,0.21461278447624654,0
44495,2012-01-15,0.27409121272393455,0
44496,2012-01-15,0.213737702408847,0
44497,2012-01-15,0.38139867846293846,0
44498,2012-01-15,0.2481957508746004,1
44499,2012-01-15,0.16561019808833133,0
44500,2012-01-15,0.1548061435144912,1
44501,2012-01-15,0.4177214558993311,0
44502,2012-01-15,0.25195378809577224,0
44503,2012-01-15,0.21047788844361645,0
44504,2012-01-15,0.43617143732208374,1
44505,2012-01-15,0.1440385005432615,0
44506,2012-01-15,0.17914674175806727,0
44507,2012-01-15,0.29402994602798005,0
44508,2012-01-15,0.20996828857040556,0
44509,2012-01-15,0.2225328514872602,0
44510,2012-01-15,0.30303727498382677,0
44511,2012-01-15,0.16922138405235507,0
44512,2012-01-15,0.2244861019716695,0
44513,2012-01-15,0.21947535324445624,0
44514,2012-01-15,0.382827913378092,1
44515,2012-01-15,0.15516779025885008,0
44516,2012-01-15,0.1795365249402295,0
44517,2012-01-15,0.20738107123740507,0
44518,2012-01-15,0.3878280546709384,0
44519,2012-01-15,0.24023414437179183,0
44520,2012-01-15,0.17995244172509947,0
44521,2012-01-15,0.4183688584505183,1
44522,2012-01-15,0.15633052483694124,1
44523,2012-01-15,0.22572259023850322,1
44524,2012-01-15,0.35996661715859696,0
44525,2012-01-15,0.3249351920141431,1
44526,2012-01-15,0.1352522956117594,0
44527,2012-01-15,0.5961456033324547,0
44528,2012-01-15,0.2520285311137454,0
44529,2012-01-15,0.23896127363834696,0
44530,2012-01-15,0.2535480352094752,0
44531,2012-01-15,0.40335659041524125,1
44532,2012-01-15,0.14301551751143998,0
44533,2012-01-15,0.34003752060353165,0
44534,2012-01-15,0.3482223067008357,0
44535,2012-01-15,0.28622703353325263,0
44536,2012-01-15,0.22547933392948394,0
44537,2012-01-15,0.19988448384806154,0
44538,2012-01-15,0.25897563004646584,1
44539,2012-01-15,0.303410961970566,0
44540,2012-01-15,0.2172930096146943,0
44541,2012-01-15,0.31921276517170477,1
44542,2012-01-15,0.3044554835306233,0
44543,2012-01-15,0.25207446457610994,0
44544,2012-01-15,0.3206295417783949,1
44545,2012-01-15,0.22176141486174977,0
44546,2012-01-15,0.21406740781380185,0
44547,2012-01-15,0.31290603335654105,0
44548,2012-01-15,0.17864883209212365,0
44549,2012-01-15,0.1303242681859842,0
44550,2012-01-15,0.22044480683561557,0
44551,2012-01-15,0.3287465316365101,1
44552,2012-01-15,0.29748081046782804,0
44553,2012-01-15,0.27265676919057846,0
44554,2012-01-15,0.18992328475916906,1
44555,2012-01-15,0.3158775289083528,0
44556,2012-01-15,0.18667739989411097,0
44557,2012-01-15,0.4745677153614417,1
44558,2012-01-15,0.17097747747214162,0
44559,2012-01-15,0.5172947732783157,1
44560,2012-01-15,0.46773981679207743,1
44561,2012-01-15,0.23898934097817157,0
44562,2012-01-15,0.2584900319935045,1
44563,2012-01-15,0.27317276348705066,0
44564,2012-01-15,0.3412068404719633,1
44565,2012-01-15,0.4027746075977986,0
44566,2012-01-15,0.2625707366274942,1
44567,2012-01-15,0.35332116740902,0
44568,2012-01-15,0.1822444820098741,0
44569,2012-01-15,0.3398443282212084,0
44570,2012-01-15,0.4625729262672233,0
44571,2012-01-15,0.33650713215379113,0
44572,2012-01-15,0.49310644999807596,1
44573,2012-01-15,0.3302098479619646,0
44574,2012-01-15,0.21638712350488826,0
44575,2012-01-15,0.17732613449475815,1
44576,2012-01-15,0.21796876671588603,0
44577,2012-01-15,0.15730505244568907,1
44578,2012-01-15,0.21964172912752689,0
44579,2012-01-15,0.1550202793841595,1
44580,2012-01-15,0.219070332131908,0
44581,2012-01-15,0.2823839281551965,1
44582,2012-01-15,0.20235022047978776,0
44583,2012-01-15,0.46793967794453867,0
44584,2012-01-15,0.30592444185051404,0
44585,2012-01-15,0.29503943532415877,0
44586,2012-01-15,0.25892756389392474,1
44587,2012-01-15,0.21277432578061706,0
44588,2012-01-15,0.2866125803659613,0
44589,2012-01-15,0.37154663188309595,0
44590,2012-01-15,0.13319830716913886,0
44591,2012-01-15,0.19129741102329886,0
44592,2012-01-15,0.1613237924755594,0
44593,2012-01-15,0.28869625838271445,0
44594,2012-01-15,0.27219106767305984,1
44595,2012-01-15,0.20450473177102693,0
44596,2012-01-15,0.14051240292434045,0
44597,2012-01-15,0.31741085875985897,0
44598,2012-01-15,0.25083613631158097,0
44599,2012-01-15,0.4360713948138993,0
44600,2012-01-15,0.3012551474324912,0
44601,2012-01-15,0.2550808460997015,0
44602,2012-01-15,0.13939017578863264,0
44603,2012-01-15,0.347635066887743,0
44604,2012-01-15,0.266124237733451,0
44605,2012-01-15,0.1417129963191327,0
44606,2012-01-15,0.31730770137161796,1
44607,2012-01-15,0.3782713659286404,0
44608,2012-01-15,0.4501658103757102,0
44609,2012-01-15,0.2757736020407322,0
44610,2012-01-15,0.32113350281276637,0
44611,2012-01-15,0.41385613808304683,0
44612,2012-01-15,0.23930534806297388,1
44613,2012-01-15,0.18808354153547677,1
44614,2012-01-15,0.33245292404450316,0
44615,2012-01-15,0.3808763314783378,0
44616,2012-01-15,0.15706662746504074,0
44617,2012-01-15,0.459861310345588,0
44618,2012-01-15,0.17688967098073266,0
44619,2012-01-15,0.24540467733271779,0
44620,2012-01-15,0.2997991686221071,0
44621,2012-01-15,0.5008257283573642,0
44622,2012-01-15,0.2123114803444159,0
44623,2012-01-15,0.284627833619041,0
44624,2012-01-15,0.1770202030470285,0
44625,2012-01-15,0.30701601949952745,1
44626,2012-01-15,0.1376285190390189,0
44627,2012-01-15,0.44210761790050185,0
44628,2012-01-15,0.13853665764268017,0
44629,2012-01-15,0.2991127694764534,0
44630,2012-01-15,0.33019952272661524,0
44631,2012-01-15,0.14267175686782915,0
44632,2012-01-15,0.20998153831972263,0
44633,2012-01-15,0.45098160921915537,0
44634,2012-01-15,0.30289986785388084,0
44635,2012-01-15,0.15494417855155546,0
44636,2012-01-15,0.5133123836512012,1
44637,2012-01-15,0.2310240530827023,0
44638,2012-01-15,0.23657635909220248,0
44639,2012-01-15,0.15182451080129117,0
44640,2012-01-15,0.3074518101709487,0
44641,2012-01-15,0.3200248444198321,0
44642,2012-01-15,0.42347944409583643,0
44643,2012-01-15,0.2260968266093044,0
44644,2012-01-15,0.23885165641690356,0
44645,2012-01-15,0.36749017214757684,0
44646,2012-01-15,0.45271588521091566,0
44647,2012-01-15,0.25306925428939775,1
44648,2012-01-15,0.2627619222112207,0
44649,2012-01-15,0.17079032106053008,0
44650,2012-01-15,0.40269085007717687,0
44651,2012-01-15,0.14661074236886654,0
44652,2012-01-15,0.25430488725414274,0
44653,2012-01-15,0.23398208513352003,0
44654,2012-01-15,0.2461241142522922,0
44655,2012-01-15,0.1483677547980866,0
44656,2012-01-15,0.10601929741461256,0
44657,2012-01-15,0.6314520444543987,1
44658,2012-01-15,0.2533129808024408,0
44659,2012-01-15,0.5527324400252893,1
44660,2012-01-15,0.1451008992416418,1
44661,2012-01-15,0.3739687368196262,1
44662,2012-01-15,0.12664167467298146,0
44663,2012-01-15,0.3738258147749721,1
44664,2012-01-15,0.40550611679573134,1
44665,2012-01-15,0.24870708465521285,1
44666,2012-01-15,0.2506709391486314,0
44667,2012-01-15,0.26176578337232753,0
44668,2012-01-15,0.27009973910640006,0
44669,2012-01-15,0.32148971740759297,1
44670,2012-01-15,0.44812621423017235,1
44671,2012-01-15,0.4767102096370411,1
44672,2012-01-15,0.19741663777985102,0
44673,2012-01-15,0.3634924336453134,0
44674,2012-01-15,0.1705477355140666,0
44675,2012-01-15,0.3014383385881307,1
44676,2012-01-15,0.24433819481911312,0
44677,2012-01-15,0.3814691476884089,1
44678,2012-01-15,0.1111889591911466,0
44679,2012-01-15,0.3423987376848651,0
44680,2012-01-15,0.285755268716286,0
44681,2012-01-15,0.21037649200945266,0
44682,2012-01-15,0.28374125699058017,0
44683,2012-01-15,0.3601280030589939,1
44684,2012-01-15,0.22594452533869122,0
44685,2012-01-15,0.40320717404981987,0
44686,2012-01-15,0.42319071990744506,0
44687,2012-01-15,0.2771293918951126,0
44688,2012-01-15,0.23359568763466504,0
44689,2012-01-15,0.20423942786808463,0
44690,2012-01-15,0.1617086161769713,0
44691,2012-01-15,0.1861185775300584,0
44692,2012-01-15,0.3104269970407043,0
44693,2012-01-15,0.2956002828035174,0
44694,2012-01-15,0.4484578036999538,0
44695,2012-01-15,0.27294349196740975,0
44696,2012-01-15,0.35310864969458966,0
44697,2012-01-15,0.2405606719920831,0
44698,2012-01-15,0.15283715876740872,1
44699,2012-01-15,0.5417481829328162,1
44700,2012-01-15,0.2413823935906848,0
44701,2012-01-15,0.17757720182447703,1
44702,2012-01-15,0.21703606712035362,0
44703,2012-01-15,0.19411471927387478,0
44704,2012-01-15,0.4645707947616147,1
44705,2012-01-15,0.24429556807031833,0
44706,2012-01-15,0.3159080207447499,0
44707,2012-01-15,0.45687542696975403,0
44708,2012-01-15,0.3109641577232899,0
44709,2012-01-15,0.42347944409583643,0
44710,2012-01-15,0.20003387432306016,0
44711,2012-01-15,0.1869684434003941,0
44712,2012-01-15,0.11615253063123229,0
44713,2012-01-15,0.361367333525296,1
44714,2012-01-15,0.2578786834139843,0
44715,2012-01-15,0.32678338260409684,0
44716,2012-01-15,0.319258367222101,0
44717,2012-01-15,0.27196845078147797,0
44718,2012-01-15,0.19840404338974876,0
44719,2012-01-15,0.20042313337511228,0
44720,2012-01-15,0.191943167870062,0
44721,2012-01-15,0.5781395002999614,0
44722,2012-01-15,0.33186348590917164,0
44723,2012-01-15,0.1577046412558769,0
44724,2012-01-15,0.15473121263057668,0
44725,2012-01-15,0.5250600117859497,0
44726,2012-01-15,0.21439470990302353,0
44727,2012-01-15,0.1286859646372785,0
44728,2012-01-15,0.35413436552381483,1
44729,2012-01-15,0.3577587813272057,1
44730,2012-01-15,0.32001181762292563,1
44731,2012-01-15,0.3631263004905415,1
44732,2012-01-15,0.1329182266284365,0
44733,2012-01-15,0.26127725366327287,0
44734,2012-01-15,0.25739123884298426,0
44735,2012-01-15,0.23696683680417954,1
44736,2012-01-15,0.4517724865760705,0
44737,2012-01-15,0.20264601486937187,0
44738,2012-01-15,0.5615585832038337,1
44739,2012-01-15,0.32879755004703143,0
44740,2012-01-15,0.280467181874421,0
44741,2012-01-15,0.26112090122436876,0
44742,2012-01-15,0.09013804334842795,0
44743,2012-01-15,0.2652809319535091,0
44744,2012-01-15,0.417460599717469,1
44745,2012-01-15,0.35794913043184234,1
44746,2012-01-15,0.2688112322313285,1
44747,2012-01-15,0.4011539944179335,1
44748,2012-01-15,0.2824708896488623,0
44749,2012-01-15,0.3455862065688619,0
44750,2012-01-15,0.32270969710874525,1
44751,2012-01-15,0.1845351852432897,0
44752,2012-01-15,0.11746716289736127,0
44753,2012-01-15,0.3516465581626344,0
44754,2012-01-15,0.20887164163756156,0
44755,2012-01-15,0.3133651057291579,0
44756,2012-01-15,0.4866720124912997,1
44757,2012-01-15,0.2464944034790572,0
44758,2012-01-15,0.20963128007055748,0
44759,2012-01-15,0.16173747843110745,0
44760,2012-01-15,0.25294634038126124,0
44761,2012-01-15,0.2968344506071669,0
44762,2012-01-15,0.2251450474571454,0
44763,2012-01-15,0.24174220816794367,0
44764,2012-01-15,0.20894720039162276,0
44765,2012-01-15,0.154423947492604,0
44766,2012-01-15,0.3453981132567511,0
44767,2012-01-15,0.379018564141578,0
44768,2012-01-15,0.23131113613794552,0
44769,2012-01-15,0.20678424245852983,0
44770,2012-01-15,0.25094331059397446,0
44771,2012-01-15,0.2348341419948148,0
44772,2012-01-15,0.1869100032243688,0
44773,2012-01-15,0.42979156594827245,1
44774,2012-01-15,0.273133390252884,0
44775,2012-01-15,0.28513523046198697,0
44776,2012-01-15,0.3027101297563193,0
44777,2012-01-15,0.2430050572447959,0
44778,2012-01-15,0.26757545981436825,0
44779,2012-01-15,0.29137200156733517,0
44780,2012-01-15,0.19198088529517798,0
44781,2012-01-15,0.2217558139017978,0
44782,2012-01-15,0.22531526966704657,0
44783,2012-01-15,0.21516925006498733,0
44784,2012-01-15,0.3588039314904573,1
44785,2012-01-15,0.18823756090955915,0
44786,2012-01-15,0.17153756649202848,0
44787,2012-01-15,0.26459343091653165,0
44788,2012-01-15,0.24384985969387538,0
44789,2012-01-15,0.1516990814030212,1
44790,2012-01-15,0.2126005232616408,0
44791,2012-01-15,0.34277721918336135,0
44792,2012-01-15,0.48719177467511576,1
44793,2012-01-15,0.21976616255000694,0
44794,2012-01-15,0.27642751825213624,0
44795,2012-01-15,0.32672505542887,0
44796,2012-01-15,0.32998385846594336,0
44797,2012-01-15,0.3670607276624811,0
44798,2012-01-15,0.3391005802578214,1
44799,2012-01-15,0.15650659543780757,0
44800,2012-01-15,0.19609643069444022,0
44801,2012-01-15,0.234522443877969,0
44802,2012-01-15,0.2707729588212482,0
44803,2012-01-15,0.3108894043900393,1
44804,2012-01-15,0.15237531241084387,0
44805,2012-01-15,0.1935940084644153,0
44806,2012-01-15,0.23415766371930785,0
44807,2012-01-15,0.567834266376364,1
44808,2012-01-15,0.3562968851712038,1
44809,2012-01-15,0.28224430351511487,0
44810,2012-01-15,0.1561265590802757,0
44811,2012-01-15,0.2842013685236471,1
44812,2012-01-15,0.17040225254393657,1
44813,2012-01-15,0.24516219715018994,0
44814,2012-01-15,0.36333854609887917,1
44815,2012-01-15,0.18722320080161337,0
44816,2012-01-15,0.2314912300564542,1
44817,2012-01-15,0.31835419444497937,0
44818,2012-01-15,0.2394717034345245,0
44819,2012-01-15,0.2904200179891187,0
44820,2012-01-15,0.430641272960557,0
44821,2012-01-15,0.35499325659810416,0
44822,2012-01-15,0.29308709325162297,1
44823,2012-01-15,0.21384837624868752,0
44824,2012-01-15,0.4009455556105129,0
44825,2012-01-15,0.25347931530905604,0
44826,2012-01-15,0.5057918914571329,0
44827,2012-01-15,0.24004193509411853,0
44828,2012-01-15,0.3052773654883811,0
44829,2012-01-15,0.1292205796715085,1
44830,2012-01-15,0.18981610253835218,0
44831,2012-01-15,0.2536112686277437,0
44832,2012-01-15,0.19645774091056709,1
44833,2012-01-15,0.24990375051786928,1
44834,2012-01-15,0.5084453466135008,1
44835,2012-01-15,0.3161079832086881,0
44836,2012-01-15,0.5387479379688414,1
44837,2012-01-15,0.3483016059458534,0
44838,2012-01-15,0.33409900482153726,1
44839,2012-01-15,0.19332527616212944,0
44840,2012-01-15,0.2894099889539557,0
44841,2012-01-15,0.18686306605707415,0
44842,2012-01-15,0.18699305488098683,0
44843,2012-01-15,0.356070360482138,0
44844,2012-01-15,0.31740095263064727,0
44845,2012-01-15,0.18735780348416636,0
44846,2012-01-15,0.3535926019981568,1
44847,2012-01-15,0.3701759002368381,0
44848,2012-01-15,0.40746151874842335,0
44849,2012-01-15,0.24973047776816784,1
44850,2012-01-15,0.11496427309388718,0
44851,2012-01-15,0.30048943786486354,0
44852,2012-01-15,0.32104153479440106,0
44853,2012-01-15,0.34083698722566974,0
44854,2012-01-15,0.3014733640955273,0
44855,2012-01-15,0.44353012629777605,1
44856,2012-01-15,0.1928599323362015,0
44857,2012-01-15,0.24280120456141183,0
44858,2012-01-15,0.28221987574252083,0
44859,2012-01-15,0.2751205550228343,0
44860,2012-01-15,0.3534430182313272,1
44861,2012-01-15,0.37180561231248227,1
44862,2012-01-15,0.4759408717399555,0
44863,2012-01-15,0.1846066819633875,1
44864,2012-01-15,0.38750917383193695,1
44865,2012-01-15,0.13357332489696097,0
44866,2012-01-15,0.3906338306798722,1
44867,2012-01-15,0.19790013662135464,0
44868,2012-01-15,0.22465078612930808,1
44869,2012-01-15,0.6617578786002953,1
44870,2012-01-15,0.2530900265566152,0
44871,2012-01-15,0.2708334795172405,0
44872,2012-01-15,0.22651505552787707,0
44873,2012-01-15,0.30761511663423113,0
44874,2012-01-15,0.2825511373917975,0
44875,2012-01-15,0.21267228251707695,0
44876,2012-01-15,0.2637074192303198,1
44877,2012-01-15,0.42484027455246104,0
44878,2012-01-15,0.2554895068977181,1
44879,2012-01-15,0.22075997916512297,0
44880,2012-01-15,0.19117845204176134,0
44881,2012-01-15,0.18276456891202175,0
44882,2012-01-15,0.24301542451847394,0
44883,2012-01-15,0.15120935664868132,0
44884,2012-01-15,0.22212120504351193,1
44885,2012-01-15,0.2965221386749804,0
44886,2012-01-15,0.32396989789922565,0
44887,2012-01-15,0.16543083748041743,0
44888,2012-01-15,0.2668846232053296,1
44889,2012-01-15,0.43729876668241924,1
44890,2012-01-15,0.4509170718834494,1
44891,2012-01-15,0.17064536177384748,0
44892,2012-01-15,0.3370947189688799,0
44893,2012-01-15,0.49633835213339894,1
44894,2012-01-15,0.20995951319746192,0
44895,2012-01-15,0.2454012462932189,0
44896,2012-01-15,0.21931869105648857,0
44897,2012-01-15,0.3163068434232038,0
44898,2012-01-15,0.28915848231870245,0
44899,2012-01-15,0.37071368892692874,1
44900,2012-01-15,0.1916076799495632,0
44901,2012-01-15,0.3738855033108848,1
44902,2012-01-15,0.18169741788639873,0
44903,2012-01-15,0.5121400398957063,1
44904,2012-01-15,0.4919905648385437,0
44905,2012-01-15,0.23361583120762539,0
44906,2012-01-15,0.20237534220826778,0
44907,2012-01-15,0.33738342757432094,0
44908,2012-01-15,0.15843470220454733,0
44909,2012-01-15,0.16243872481193808,0
44910,2012-01-15,0.25547029437494395,0
44911,2012-01-15,0.24188412351542357,0
44912,2012-01-15,0.18954824213584495,0
44913,2012-01-15,0.3274768526707329,1
44914,2012-01-15,0.30155211821177813,0
44915,2012-01-15,0.24476761903608696,0
44916,2012-01-15,0.22170179334245269,0
44917,2012-01-15,0.3436475412564592,0
44918,2012-01-15,0.2567284236252256,1
44919,2012-01-15,0.1447696639206597,0
44920,2012-01-15,0.23904581072847747,0
44921,2012-01-15,0.2657342746724694,0
44922,2012-01-15,0.46867171985086953,0
44923,2012-01-15,0.2363569634551405,0
44924,2012-01-15,0.19616023173511432,0
44925,2012-01-15,0.1842194306616599,0
44926,2012-01-15,0.2673538123913601,1
44927,2012-01-15,0.17662853079734658,0
44928,2012-01-15,0.26972698464674527,0
44929,2012-01-15,0.17215893797252554,0
44930,2012-01-15,0.2072534571296248,1
44931,2012-01-15,0.41261406922448174,1
44932,2012-01-15,0.2915939934807707,1
44933,2012-01-15,0.10127755388996096,0
44934,2012-01-15,0.2952476198833103,0
44935,2012-01-15,0.2669423219031248,0
44936,2012-01-15,0.32165730901539863,0
44937,2012-01-15,0.5831771691580794,1
44938,2012-01-15,0.10927428492220738,0
44939,2012-01-15,0.1939809804768118,0
44940,2012-01-15,0.19106810626931658,0
44941,2012-01-15,0.4376711593036891,0
44942,2012-01-15,0.34494345693060985,0
44943,2012-01-15,0.28009252243581606,0
44944,2012-01-15,0.1910244139398168,0
44945,2012-01-15,0.23847236107088865,0
44946,2012-01-15,0.2707024900310155,0
44947,2012-01-15,0.5341566023141678,0
44948,2012-01-15,0.3867312196529647,0
44949,2012-01-15,0.13014380239645268,0
44950,2012-01-15,0.2341067257292922,0
44951,2012-01-15,0.31089877789165177,0
44952,2012-01-15,0.13647353854567842,0
44953,2012-01-15,0.1376003562920386,0
44954,2012-01-15,0.26410599032161713,0
44955,2012-01-15,0.24313330536357233,0
44956,2012-01-15,0.15167791502511316,0
44957,2012-01-15,0.47494981405667697,0
44958,2012-01-15,0.1974572000234293,0
44959,2012-01-15,0.3333130085802675,0
44960,2012-01-15,0.40992658809992116,0
44961,2012-01-15,0.3405902379053191,0
44962,2012-01-15,0.1813808566906262,0
44963,2012-01-15,0.214361681070434,0
44964,2012-01-15,0.17668614016958514,0
44965,2012-01-15,0.410068944329729,0
44966,2012-01-15,0.24861594147661512,0
44967,2012-01-15,0.2648982467600639,0
44968,2012-01-15,0.19288603115384287,0
44969,2012-01-15,0.32833869287822837,0
44970,2012-01-15,0.13881041825388585,0
44971,2012-01-15,0.17755183493350093,0
44972,2012-01-15,0.33794232791337503,0
44973,2012-01-15,0.34343319034149,0
44974,2012-01-15,0.2848215119627312,1
44975,2012-01-15,0.12401277476941976,0
44976,2012-01-15,0.42485825862980303,0
44977,2012-01-15,0.17320238582787073,0
44978,2012-01-15,0.37408600873618925,0
44979,2012-01-15,0.3786728819972396,1
44980,2012-01-15,0.387211741369275,1
44981,2012-01-15,0.1605897003903751,0
44982,2012-01-15,0.2387032814901595,0
44983,2012-01-15,0.3127996165048873,0
44984,2012-01-15,0.3954879410553463,0
44985,2012-01-15,0.42331176334307274,1
44986,2012-01-15,0.23197770054783703,0
44987,2012-01-15,0.19206308552604945,0
44988,2012-01-15,0.30639710699741146,0
44989,2012-01-15,0.22780505912054264,0
44990,2012-01-15,0.3245023718677723,0
44991,2012-01-15,0.3148012011008735,1
44992,2012-01-15,0.2081266760679735,0
44993,2012-01-15,0.26481910508423145,0
44994,2012-01-15,0.31888780428623187,0
44995,2012-01-15,0.22427249610113953,0
44996,2012-01-15,0.462690524546291,0
44997,2012-01-15,0.24007315250191374,0
44998,2012-01-15,0.22852126043913817,0
44999,2012-01-15,0.44027699624132577,1
45000,2012-01-15,0.21296144973893005,0
45001,2012-01-15,0.37757407250240704,0
45002,2012-01-15,0.41516179733467085,0
45003,2012-01-15,0.30240768523927025,0
45004,2012-01-15,0.295717847870472,0
45005,2012-01-15,0.312561579773214,0
45006,2012-01-15,0.257479027398226,1
45007,2012-01-15,0.24280723144408203,0
45008,2012-01-15,0.2330460841686033,0
45009,2012-01-15,0.27027538583536864,1
45010,2012-01-15,0.17288334656983897,0
45011,2012-01-15,0.3282204895963145,0
45012,2012-01-15,0.3611339379615509,0
45013,2012-01-15,0.37315606730632506,1
45014,2012-01-15,0.1497171458546231,0
45015,2012-01-15,0.5526231382279807,1
45016,2012-01-15,0.20125322698074197,0
45017,2012-01-15,0.19349711639770686,0
45018,2012-01-15,0.14158066220313975,0
45019,2012-01-15,0.15596433272423998,1
45020,2012-01-15,0.6150744565471582,1
45021,2012-01-15,0.16541668792357858,0
45022,2012-01-15,0.3050195949481394,1
45023,2012-01-15,0.2053171757479289,0
45024,2012-01-15,0.3028260620423583,0
45025,2012-01-15,0.35477684095365236,1
45026,2012-01-15,0.17267372840558923,0
45027,2012-01-15,0.14194463351218026,0
45028,2012-01-15,0.14905305873784191,0
45029,2012-01-15,0.358376546382395,0
45030,2012-01-15,0.2837790222298616,1
45031,2012-01-15,0.36980617732183463,0
45032,2012-01-15,0.22043768999137542,0
45033,2012-01-15,0.4066866833129386,0
45034,2012-01-15,0.35631982003229995,0
45035,2012-01-15,0.30958435163763337,0
45036,2012-01-15,0.20737279383325252,0
45037,2012-01-15,0.3341363855111469,1
45038,2012-01-15,0.2570917855579486,0
45039,2012-01-15,0.19350712120381455,1
45040,2012-01-15,0.34745499116605005,1
45041,2012-01-15,0.2526247411917234,0
45042,2012-01-15,0.1440318205135268,0
45043,2012-01-15,0.17451083159680994,0
45044,2012-01-15,0.3453299407038026,1
45045,2012-01-15,0.4114306721915357,1
45046,2012-01-15,0.5709360627414268,0
45047,2012-01-15,0.180039475201101,0
45048,2012-01-15,0.3530372318641734,0
45049,2012-01-15,0.39841463262518784,1
45050,2012-01-15,0.16304801005139186,0
45051,2012-01-15,0.19757552249155746,0
45052,2012-01-15,0.3086274417335486,0
45053,2012-01-15,0.18169529988337182,0
45054,2012-01-15,0.20081853763348165,1
45055,2012-01-15,0.12414978179795275,0
45056,2012-01-15,0.17372356209410278,0
45057,2012-01-15,0.19382783239508902,1
45058,2012-01-15,0.17006337018896722,0
45059,2012-01-15,0.18955182225310807,0
45060,2012-01-15,0.3011163010800711,0
45061,2012-01-15,0.1929764754789504,0
45062,2012-01-15,0.3028817440794014,0
45063,2012-01-15,0.1418622197160789,0
45064,2012-01-15,0.449513192730397,1
45065,2012-01-15,0.22320359319916194,0
45066,2012-01-15,0.2487114709537748,0
45067,2012-01-15,0.27141687276129367,0
45068,2012-01-15,0.14110927124684275,0
45069,2012-01-15,0.37496979533154656,0
45070,2012-01-15,0.35348605956738094,1
45071,2012-01-15,0.42098353942919864,0
45072,2012-01-15,0.22176141486174977,0
45073,2012-01-15,0.2661164048089929,0
45074,2012-01-15,0.3611252006609302,0
45075,2012-01-15,0.2896954207733592,0
45076,2012-01-15,0.1716508669846604,0
45077,2012-01-15,0.22758244077648565,0
45078,2012-01-15,0.2527532811109449,0
45079,2012-01-15,0.2815364625232269,1
45080,2012-01-15,0.2316588166231092,0
45081,2012-01-15,0.3681097360298563,0
45082,2012-01-15,0.2222685116759597,0
45083,2012-01-15,0.3303801975208865,0
45084,2012-01-15,0.14408999984611934,0
45085,2012-01-15,0.41646556497729,1
45086,2012-01-15,0.2826791440946228,0
45087,2012-01-15,0.2410699144081061,0
45088,2012-01-15,0.28095669098062426,0
45089,2012-01-15,0.26368650785532544,0
45090,2012-01-15,0.3230423744110216,1
45091,2012-01-15,0.3973627917307801,0
45092,2012-01-15,0.26482259453004525,0
45093,2012-01-15,0.3492721481470507,0
45094,2012-01-15,0.24719848009960566,0
45095,2012-01-15,0.18603746629444357,1
45096,2012-01-15,0.20812546132234683,0
45097,2012-01-15,0.3746055513881212,0
45098,2012-01-15,0.350395268401836,0
45099,2012-01-15,0.19697864607895668,0
45100,2012-01-15,0.23197032682200913,0
45101,2012-01-15,0.21176925111085035,0
45102,2012-01-15,0.36528741603181414,0
45103,2012-01-15,0.1617636342077521,0
45104,2012-01-15,0.2459762342640797,0
45105,2012-01-15,0.12720078067575713,0
45106,2012-01-15,0.4427170303992459,1
45107,2012-01-15,0.16875339203180764,0
45108,2012-01-15,0.23226622172352884,0
45109,2012-01-15,0.222322857344619,0
45110,2012-01-15,0.3582642307195366,0
45111,2012-01-15,0.19951531272123996,0
45112,2012-01-15,0.1347035172067604,0
45113,2012-01-15,0.2563789875123627,0
45114,2012-01-15,0.1916750348703469,0
45115,2012-01-15,0.1260092290990465,0
45116,2012-01-15,0.3317483418929728,0
45117,2012-01-15,0.35857902874254155,0
45118,2012-01-15,0.32001181762292563,1
45119,2012-01-15,0.4776722003139309,0
45120,2012-01-15,0.3516386726822647,1
45121,2012-01-15,0.22856342088991818,0
45122,2012-01-15,0.22186807756962387,0
45123,2012-01-15,0.29969327473133367,0
45124,2012-01-15,0.17170220845936704,0
45125,2012-01-15,0.32239973062936667,1
45126,2012-01-15,0.194334639899375,0
45127,2012-01-15,0.4818040920708782,0
45128,2012-01-15,0.19535690167650477,0
45129,2012-01-15,0.28830389712499727,0
45130,2012-01-15,0.1873431663685473,0
45131,2012-01-15,0.2194526475239678,0
45132,2012-01-15,0.2121778370932068,1
45133,2012-01-15,0.29161471161255476,0
45134,2012-01-15,0.21487369231393796,0
45135,2012-01-15,0.3568858588579096,0
45136,2012-01-15,0.1579666748513294,0
45137,2012-01-15,0.5220718654765616,1
45138,2012-01-15,0.3067805446373719,0
45139,2012-01-15,0.5704706397417509,1
45140,2012-01-15,0.15706514302372793,0
45141,2012-01-15,0.32227935369003646,0
45142,2012-01-15,0.2618416493697607,0
45143,2012-01-15,0.26581954358964166,0
45144,2012-01-15,0.2333848588150726,0
45145,2012-01-15,0.2665980683486863,0
45146,2012-01-15,0.21730744542275762,0
45147,2012-01-15,0.2805186192255455,0
45148,2012-01-15,0.15743145416339682,0
45149,2012-01-15,0.1774724845528744,1
45150,2012-01-15,0.2883889787695564,0
45151,2012-01-15,0.2798874755383504,1
45152,2012-01-15,0.23049937615481345,0
45153,2012-01-15,0.3180081808294835,0
45154,2012-01-15,0.3706512539804494,0
45155,2012-01-15,0.19613694719368807,0
45156,2012-01-15,0.205452067106854,1
45157,2012-01-15,0.2949125357180562,0
45158,2012-01-15,0.31369281200003757,0
45159,2012-01-15,0.25293945599326967,0
45160,2012-01-15,0.20420837180765375,0
45161,2012-01-15,0.4478612054163188,0
45162,2012-01-15,0.18997095289688565,0
45163,2012-01-15,0.23802049525815835,0
45164,2012-01-15,0.3668296305479283,1
45165,2012-01-15,0.19352661826816175,1
45166,2012-01-15,0.2618046146454048,1
45167,2012-01-15,0.17784221050589696,0
45168,2012-01-15,0.2815765971882523,0
45169,2012-01-15,0.32409786212917674,0
45170,2012-01-15,0.33301117863836055,0
45171,2012-01-15,0.32771317415546186,1
45172,2012-01-15,0.26159331550110004,1
45173,2012-01-15,0.27426748610844287,1
45174,2012-01-15,0.2959064257427652,1
45175,2012-01-15,0.32833074646067,1
45176,2012-01-15,0.1441503197401552,0
45177,2012-01-15,0.16554670002706307,0
45178,2012-01-15,0.19016872568723725,0
45179,2012-01-15,0.3667976696599193,0
45180,2012-01-15,0.3248705857415737,0
45181,2012-01-15,0.3106649519787594,0
45182,2012-01-15,0.15976906972594695,0
45183,2012-01-15,0.4600726210564383,1
45184,2012-01-15,0.1883098953075292,0
45185,2012-01-15,0.43240796873397996,1
45186,2012-01-15,0.2549158524325537,1
45187,2012-01-15,0.24063466198824274,0
45188,2012-01-15,0.5013200425896318,0
45189,2012-01-15,0.25489410722930983,0
45190,2012-01-15,0.3140524437513388,0
45191,2012-01-15,0.23590558476464907,1
45192,2012-01-15,0.23714723848760352,0
45193,2012-01-15,0.1993199403134466,1
45194,2012-01-15,0.4539831243381888,0
45195,2012-01-15,0.12133636316174827,0
45196,2012-01-15,0.3777887663195751,0
45197,2012-01-15,0.31428401779388004,1
45198,2012-01-15,0.43631464016027394,0
45199,2012-01-15,0.41569246939858273,0
45200,2012-01-15,0.2783713129191579,0
45201,2012-01-15,0.3472486208377116,0
45202,2012-01-15,0.35869709163351454,0
45203,2012-01-15,0.1313148894333058,0
45204,2012-01-15,0.47558678338602534,1
45205,2012-01-15,0.16394522015482305,0
45206,2012-01-15,0.26372003535542765,0
45207,2012-01-15,0.24451588014369022,0
45208,2012-01-15,0.1937307662131513,0
45209,2012-01-15,0.21574424493822758,0
45210,2012-01-15,0.29265615316714105,0
45211,2012-01-15,0.2893305627364922,0
45212,2012-01-15,0.49410061231251484,0
45213,2012-01-15,0.3775346328535483,0
45214,2012-01-15,0.17227459589771318,0
45215,2012-01-15,0.2551289647433038,0
45216,2012-01-15,0.1622830282263446,0
45217,2012-01-15,0.18132603231880842,0
45218,2012-01-15,0.37665081344958357,1
45219,2012-01-16,0.19364734892634164,0
45220,2012-01-16,0.262773411957147,0
45221,2012-01-16,0.1822558572473646,0
45222,2012-01-16,0.1769436852317093,0
45223,2012-01-16,0.24828987347912476,0
45224,2012-01-16,0.27912858759043424,0
45225,2012-01-16,0.3289702729288023,0
45226,2012-01-16,0.4373206943540506,1
45227,2012-01-16,0.2052891718464692,0
45228,2012-01-16,0.26646423186354184,0
45229,2012-01-16,0.13470576774191728,0
45230,2012-01-16,0.43433328756251244,0
45231,2012-01-16,0.2012244698453998,0
45232,2012-01-16,0.2040163732822762,0
45233,2012-01-16,0.22993664356287025,0
45234,2012-01-16,0.545394476824122,1
45235,2012-01-16,0.2110673621747313,0
45236,2012-01-16,0.2747350801757354,0
45237,2012-01-16,0.4356605308717771,0
45238,2012-01-16,0.20333111064741913,0
45239,2012-01-16,0.40820962359534835,0
45240,2012-01-16,0.32565849283181664,1
45241,2012-01-16,0.2779891442092908,0
45242,2012-01-16,0.21466376042125968,0
45243,2012-01-16,0.46334299501810355,0
45244,2012-01-16,0.5713270426865781,0
45245,2012-01-16,0.2259301338213867,0
45246,2012-01-16,0.31231225542846824,0
45247,2012-01-16,0.14797788568429543,0
45248,2012-01-16,0.3651061478637526,0
45249,2012-01-16,0.18964061769765098,0
45250,2012-01-16,0.36859213748290537,1
45251,2012-01-16,0.3214202335576376,0
45252,2012-01-16,0.26090416950383905,0
45253,2012-01-16,0.2424337537479761,0
45254,2012-01-16,0.31768537170406613,1
45255,2012-01-16,0.21060854926732822,0
45256,2012-01-16,0.3241208074805888,1
45257,2012-01-16,0.245278028757298,1
45258,2012-01-16,0.1993046444325065,0
45259,2012-01-16,0.2677959605921997,0
45260,2012-01-16,0.27873443203931986,0
45261,2012-01-16,0.22993249414862083,0
45262,2012-01-16,0.3146479829189588,0
45263,2012-01-16,0.5926028333430515,1
45264,2012-01-16,0.4490555493569866,0
45265,2012-01-16,0.2971454655878187,1
45266,2012-01-16,0.36354009724644254,1
45267,2012-01-16,0.5319620541505025,1
45268,2012-01-16,0.3137311920144767,0
45269,2012-01-16,0.2674975516736421,1
45270,2012-01-16,0.12516377754825128,0
45271,2012-01-16,0.28882541777479864,0
45272,2012-01-16,0.2750767150644638,0
45273,2012-01-16,0.16123775410668587,0
45274,2012-01-16,0.190456554896975,0
45275,2012-01-16,0.4052140803373559,1
45276,2012-01-16,0.2849638036684609,0
45277,2012-01-16,0.2476578692931949,0
45278,2012-01-16,0.12263699767618183,0
45279,2012-01-16,0.3365770019585299,1
45280,2012-01-16,0.23439685898757603,0
45281,2012-01-16,0.29057035336211906,0
45282,2012-01-16,0.3024121964779603,0
45283,2012-01-16,0.6197403623771568,1
45284,2012-01-16,0.246847281104336,0
45285,2012-01-16,0.17741036421671844,0
45286,2012-01-16,0.2216204610974942,0
45287,2012-01-16,0.3772339686757699,0
45288,2012-01-16,0.33213169506151013,1
45289,2012-01-16,0.24277684073708897,0
45290,2012-01-16,0.14174078399615644,0
45291,2012-01-16,0.4304070126603094,1
45292,2012-01-16,0.2902660031606204,1
45293,2012-01-16,0.45541361332847463,1
45294,2012-01-16,0.23354603185730133,0
45295,2012-01-16,0.2127003537582938,0
45296,2012-01-16,0.12246096689472451,0
45297,2012-01-16,0.19785484861808572,1
45298,2012-01-16,0.2923196702377054,0
45299,2012-01-16,0.13207367815808244,0
45300,2012-01-16,0.17841434412099122,0
45301,2012-01-16,0.2995179599653706,1
45302,2012-01-16,0.2866749876035652,0
45303,2012-01-16,0.4603452766389627,1
45304,2012-01-16,0.21412887637043324,0
45305,2012-01-16,0.270375014435541,0
45306,2012-01-16,0.5712037228860296,1
45307,2012-01-16,0.288041778718544,1
45308,2012-01-16,0.12534080119171534,0
45309,2012-01-16,0.4117169642086507,0
45310,2012-01-16,0.30900403423377687,1
45311,2012-01-16,0.35125181942576644,1
45312,2012-01-16,0.6277526390984476,1
45313,2012-01-16,0.3666353033679919,0
45314,2012-01-16,0.26506466351574487,0
45315,2012-01-16,0.3911907529275101,1
45316,2012-01-16,0.2985127941656293,0
45317,2012-01-16,0.3802391124729125,1
45318,2012-01-16,0.4886274604261479,0
45319,2012-01-16,0.36623194182711744,0
45320,2012-01-16,0.34714964379166946,0
45321,2012-01-16,0.1959385291856236,1
45322,2012-01-16,0.26988592111524934,0
45323,2012-01-16,0.22886635798442848,0
45324,2012-01-16,0.26537271316759403,1
45325,2012-01-16,0.2988115173777197,0
45326,2012-01-16,0.4198096945181109,1
45327,2012-01-16,0.18550511831815616,1
45328,2012-01-16,0.36384755276018044,0
45329,2012-01-16,0.1627943939674766,0
45330,2012-01-16,0.3069736944968919,0
45331,2012-01-16,0.5541400337841531,0
45332,2012-01-16,0.2853189330805584,1
45333,2012-01-16,0.24627141562510643,0
45334,2012-01-16,0.22212940438341325,0
45335,2012-01-16,0.4178012354309383,1
45336,2012-01-16,0.1875364858629446,0
45337,2012-01-16,0.4618781732569893,0
45338,2012-01-16,0.2080020188555607,0
45339,2012-01-16,0.35774835484888984,0
45340,2012-01-16,0.24686544140019884,1
45341,2012-01-16,0.14793539491859262,0
45342,2012-01-16,0.19939286396866931,0
45343,2012-01-16,0.6028765786862539,0
45344,2012-01-16,0.16808791614034269,0
45345,2012-01-16,0.2108827420008774,0
45346,2012-01-16,0.30450658828119037,0
45347,2012-01-16,0.46697065788826847,0
45348,2012-01-16,0.18285317489873162,0
45349,2012-01-16,0.2536053740274692,0
45350,2012-01-16,0.2010030021882416,0
45351,2012-01-16,0.34445248753783375,0
45352,2012-01-16,0.3407698022588187,0
45353,2012-01-16,0.21126285924037128,1
45354,2012-01-16,0.21340764721726393,0
45355,2012-01-16,0.2784329902521494,0
45356,2012-01-16,0.265817291608689,0
45357,2012-01-16,0.1584495124520297,0
45358,2012-01-16,0.15019357582081883,0
45359,2012-01-16,0.31267104877159363,0
45360,2012-01-16,0.1957492108716401,0
45361,2012-01-16,0.37335117115673666,0
45362,2012-01-16,0.25793349661297194,0
45363,2012-01-16,0.23949816422240783,0
45364,2012-01-16,0.3779960281492942,0
45365,2012-01-16,0.1924008375374177,0
45366,2012-01-16,0.3356283016751998,0
45367,2012-01-16,0.5396664103276437,1
45368,2012-01-16,0.2983300285408635,0
45369,2012-01-16,0.14967040806528756,0
45370,2012-01-16,0.15934898937593947,0
45371,2012-01-16,0.21755062222192348,0
45372,2012-01-16,0.3217548532091022,1
45373,2012-01-16,0.23084512222584191,0
45374,2012-01-16,0.14701957046082087,0
45375,2012-01-16,0.25827460091457616,0
45376,2012-01-16,0.2609655449021948,1
45377,2012-01-16,0.2747989754306456,0
45378,2012-01-16,0.3328662206027276,1
45379,2012-01-16,0.22600897185782226,0
45380,2012-01-16,0.14103237311442873,0
45381,2012-01-16,0.25512442226354126,0
45382,2012-01-16,0.19476748245838924,0
45383,2012-01-16,0.3391501664656587,0
45384,2012-01-16,0.2507456241094439,0
45385,2012-01-16,0.2444056551656955,0
45386,2012-01-16,0.24065072291052053,0
45387,2012-01-16,0.25399965989771156,0
45388,2012-01-16,0.1266810475999098,0
45389,2012-01-16,0.2732634512906845,0
45390,2012-01-16,0.34049738786975103,0
45391,2012-01-16,0.3324777365737539,1
45392,2012-01-16,0.274244893021591,0
45393,2012-01-16,0.26894963079863465,0
45394,2012-01-16,0.26035727928440444,0
45395,2012-01-16,0.1538319201670732,1
45396,2012-01-16,0.2700402542036202,1
45397,2012-01-16,0.19155343512610123,0
45398,2012-01-16,0.35174885206993456,0
45399,2012-01-16,0.2032195382101618,0
45400,2012-01-16,0.29148830772104983,1
45401,2012-01-16,0.13507934666679355,0
45402,2012-01-16,0.36966978840397813,1
45403,2012-01-16,0.25305915759802583,0
45404,2012-01-16,0.2473160386890667,0
45405,2012-01-16,0.4813741245167599,0
45406,2012-01-16,0.17805396079968305,0
45407,2012-01-16,0.18942383500733342,0
45408,2012-01-16,0.5134986611121504,0
45409,2012-01-16,0.20787550737376723,0
45410,2012-01-16,0.1327311079534831,0
45411,2012-01-16,0.3267100536054261,0
45412,2012-01-16,0.22441561866123083,0
45413,2012-01-16,0.3201135507328797,0
45414,2012-01-16,0.4673120206804219,1
45415,2012-01-16,0.2044205281462301,0
45416,2012-01-16,0.27416892217168903,1
45417,2012-01-16,0.418171460468109,0
45418,2012-01-16,0.321234716281799,0
45419,2012-01-16,0.2974073678440736,1
45420,2012-01-16,0.17246368675463153,0
45421,2012-01-16,0.2604259579123138,0
45422,2012-01-16,0.36726143573179576,1
45423,2012-01-16,0.28684595386433537,1
45424,2012-01-16,0.1399660762006609,0
45425,2012-01-16,0.46316257934429195,0
45426,2012-01-16,0.2851891652681355,0
45427,2012-01-16,0.13587794169656386,0
45428,2012-01-16,0.20332614151801945,0
45429,2012-01-16,0.387248559377083,1
45430,2012-01-16,0.2908030257555441,1
45431,2012-01-16,0.17043420559119393,0
45432,2012-01-16,0.19279774925871257,0
45433,2012-01-16,0.2185984722034642,0
45434,2012-01-16,0.21284025932173453,0
45435,2012-01-16,0.3019973688539861,0
45436,2012-01-16,0.30244496146929817,1
45437,2012-01-16,0.12551598627293342,0
45438,2012-01-16,0.2688685941329029,0
45439,2012-01-16,0.3472600208257869,0
45440,2012-01-16,0.2073459262667611,0
45441,2012-01-16,0.3248519483360214,1
45442,2012-01-16,0.09970115568704403,0
45443,2012-01-16,0.37196891219528494,1
45444,2012-01-16,0.12078005388810499,0
45445,2012-01-16,0.3487164237077457,0
45446,2012-01-16,0.23400321546623637,0
45447,2012-01-16,0.41993523175768943,1
45448,2012-01-16,0.16490799074472404,0
45449,2012-01-16,0.24739913339515723,1
45450,2012-01-16,0.3133995066287992,0
45451,2012-01-16,0.3249505202524133,0
45452,2012-01-16,0.31814489936446566,1
45453,2012-01-16,0.2601406823290798,0
45454,2012-01-16,0.1846747121021738,0
45455,2012-01-16,0.22038752518673163,1
45456,2012-01-16,0.40001258440664095,0
45457,2012-01-16,0.2948300338104929,1
45458,2012-01-16,0.15348764699206047,0
45459,2012-01-16,0.20744413926169325,0
45460,2012-01-16,0.3497977451359557,0
45461,2012-01-16,0.2598178192155634,0
45462,2012-01-16,0.1501644715773769,0
45463,2012-01-16,0.30564393963553055,0
45464,2012-01-16,0.20967014546981388,0
45465,2012-01-16,0.30989130868662,0
45466,2012-01-16,0.33956271804264904,1
45467,2012-01-16,0.15523192754967788,0
45468,2012-01-16,0.38327629177848815,0
45469,2012-01-16,0.2317354361242578,0
45470,2012-01-16,0.20054391893066192,0
45471,2012-01-16,0.36541872204241577,0
45472,2012-01-16,0.12263963099154743,1
45473,2012-01-16,0.3695973857766576,0
45474,2012-01-16,0.5216590213217898,1
45475,2012-01-16,0.22366259222992113,0
45476,2012-01-16,0.24756279972712664,1
45477,2012-01-16,0.28226944792261666,0
45478,2012-01-16,0.21197554120648415,0
45479,2012-01-16,0.26931128756261125,0
45480,2012-01-16,0.23555870123396772,1
45481,2012-01-16,0.19579734828225695,0
45482,2012-01-16,0.3953492041171281,0
45483,2012-01-16,0.355093475900403,1
45484,2012-01-16,0.23997619837941367,0
45485,2012-01-16,0.11211304170395453,0
45486,2012-01-16,0.1847831833906383,1
45487,2012-01-16,0.21222209322555682,1
45488,2012-01-16,0.1917726510902626,0
45489,2012-01-16,0.2255629316074256,1
45490,2012-01-16,0.26116740970824714,0
45491,2012-01-16,0.352857261168809,1
45492,2012-01-16,0.36678745394121887,0
45493,2012-01-16,0.21588472367403364,1
45494,2012-01-16,0.2152240866618737,0
45495,2012-01-16,0.3616427964675961,1
45496,2012-01-16,0.33229935608747196,0
45497,2012-01-16,0.26456832616755044,1
45498,2012-01-16,0.2504280563379783,0
45499,2012-01-16,0.3655764807082012,0
45500,2012-01-16,0.19408580046524795,0
45501,2012-01-16,0.3302639624720116,1
45502,2012-01-16,0.3699685361675466,0
45503,2012-01-16,0.3790230858866682,1
45504,2012-01-16,0.29021805735750345,0
45505,2012-01-16,0.2107084905503609,0
45506,2012-01-16,0.3354062243803468,0
45507,2012-01-16,0.4984231011956834,1
45508,2012-01-16,0.19415992867677304,1
45509,2012-01-16,0.27990218001841183,0
45510,2012-01-16,0.18225964050633073,0
45511,2012-01-16,0.1229529326276229,0
45512,2012-01-16,0.3541214405760319,1
45513,2012-01-16,0.49025821864913666,0
45514,2012-01-16,0.21055056694523536,0
45515,2012-01-16,0.29243795080654644,0
45516,2012-01-16,0.11261859140505787,0
45517,2012-01-16,0.6033314465139775,1
45518,2012-01-16,0.14428030217908602,0
45519,2012-01-16,0.29525155275490694,1
45520,2012-01-16,0.35591342310602603,1
45521,2012-01-16,0.13449630921382474,0
45522,2012-01-16,0.277796599890038,0
45523,2012-01-16,0.3768706710816545,0
45524,2012-01-16,0.2140649149766582,0
45525,2012-01-16,0.4586673809034284,0
45526,2012-01-16,0.20441905130818455,1
45527,2012-01-16,0.34542479455447866,0
45528,2012-01-16,0.22708212882814324,0
45529,2012-01-16,0.21870318918855913,0
45530,2012-01-16,0.3055992760681688,0
45531,2012-01-16,0.2528552282891844,0
45532,2012-01-16,0.3025702537234455,0
45533,2012-01-16,0.45549419105465766,0
45534,2012-01-16,0.3664729393090173,0
45535,2012-01-16,0.16350507506714312,0
45536,2012-01-16,0.26012149142479973,1
45537,2012-01-16,0.259030064903967,0
45538,2012-01-16,0.4763540719665457,1
45539,2012-01-16,0.26215417014966147,0
45540,2012-01-16,0.12961956257010993,0
45541,2012-01-16,0.18571546650201845,1
45542,2012-01-16,0.22052876171555685,0
45543,2012-01-16,0.3740140546744885,0
45544,2012-01-16,0.2981814248175841,0
45545,2012-01-16,0.20077555696748906,0
45546,2012-01-16,0.31023992692719093,0
45547,2012-01-16,0.2756873197752447,0
45548,2012-01-16,0.5673743105232002,1
45549,2012-01-16,0.25343082549174856,1
45550,2012-01-16,0.6252311060334138,1
45551,2012-01-16,0.15698029726923354,0
45552,2012-01-16,0.1574726251971772,0
45553,2012-01-16,0.45062049418575373,0
45554,2012-01-16,0.36810351356381166,0
45555,2012-01-16,0.21175966002902982,0
45556,2012-01-16,0.2570672673566207,1
45557,2012-01-16,0.22126526391108944,1
45558,2012-01-16,0.24951720575792735,0
45559,2012-01-16,0.6382513817874379,0
45560,2012-01-16,0.1893757410522448,0
45561,2012-01-16,0.2682772768057128,0
45562,2012-01-16,0.26088161855821507,1
45563,2012-01-16,0.14489496196217616,1
45564,2012-01-16,0.2693669111163531,0
45565,2012-01-16,0.3832718691319415,0
45566,2012-01-16,0.25536992751843285,0
45567,2012-01-16,0.16863629112560957,0
45568,2012-01-16,0.42244073366224905,0
45569,2012-01-16,0.31325481486206574,0
45570,2012-01-16,0.5969796038835709,1
45571,2012-01-16,0.3916233612154687,0
45572,2012-01-16,0.3328974173251346,0
45573,2012-01-16,0.18899933330798466,0
45574,2012-01-16,0.17641704861418303,0
45575,2012-01-16,0.15280495750273249,0
45576,2012-01-16,0.2904026521325365,0
45577,2012-01-16,0.24836666513617692,0
45578,2012-01-16,0.1477305454239839,0
45579,2012-01-16,0.14900976178679537,0
45580,2012-01-16,0.21628197935495794,1
45581,2012-01-16,0.4140111262913706,0
45582,2012-01-16,0.10868462593021441,1
45583,2012-01-16,0.2088154085555246,0
45584,2012-01-16,0.16935422088924862,0
45585,2012-01-16,0.4036081961250275,1
45586,2012-01-16,0.39857764340193746,1
45587,2012-01-16,0.15068461475645925,0
45588,2012-01-16,0.4345827222189608,1
45589,2012-01-16,0.19427254688809442,0
45590,2012-01-16,0.3852896574176527,1
45591,2012-01-16,0.44616944588986407,0
45592,2012-01-16,0.2423926565873876,0
45593,2012-01-16,0.19922353536490317,0
45594,2012-01-16,0.41294242498918765,1
45595,2012-01-16,0.27953477567126167,1
45596,2012-01-16,0.23632868948592387,0
45597,2012-01-16,0.14338658905298493,0
45598,2012-01-16,0.27392177270734797,0
45599,2012-01-16,0.20263973808380306,0
45600,2012-01-16,0.228098056918193,0
45601,2012-01-16,0.2943794318991301,0
45602,2012-01-16,0.356330018360968,0
45603,2012-01-16,0.28200563615573904,0
45604,2012-01-16,0.3566077520498315,0
45605,2012-01-16,0.20481313384437777,0
45606,2012-01-16,0.3678996244786483,0
45607,2012-01-16,0.2870499926162858,0
45608,2012-01-16,0.2036133097004735,0
45609,2012-01-16,0.2114498994123979,1
45610,2012-01-16,0.2720717887829442,1
45611,2012-01-16,0.24002963340189185,0
45612,2012-01-16,0.2508685757162248,0
45613,2012-01-16,0.26313022227184113,0
45614,2012-01-16,0.2360965667246401,0
45615,2012-01-16,0.22815510506531428,0
45616,2012-01-16,0.34963567269067325,0
45617,2012-01-16,0.25956030252723833,0
45618,2012-01-16,0.30656804679077754,1
45619,2012-01-16,0.15531517447880136,0
45620,2012-01-16,0.1942061813685128,0
45621,2012-01-16,0.3616941150562706,0
45622,2012-01-16,0.2867298940887874,1
45623,2012-01-16,0.1875988012803483,0
45624,2012-01-16,0.31034434276232586,1
45625,2012-01-16,0.3044677296869237,1
45626,2012-01-16,0.2273287238779385,1
45627,2012-01-16,0.36752316711488187,0
45628,2012-01-16,0.20598422606758043,0
45629,2012-01-16,0.331662279421199,1
45630,2012-01-16,0.16636492897720728,0
45631,2012-01-16,0.187981645822507,1
45632,2012-01-16,0.1587256312683829,0
45633,2012-01-16,0.37397484112558865,0
45634,2012-01-16,0.14049017396958408,1
45635,2012-01-16,0.2838246411445327,0
45636,2012-01-16,0.2788147759627995,0
45637,2012-01-16,0.17548796733315347,1
45638,2012-01-16,0.43157127017315794,0
45639,2012-01-16,0.23933713184131444,0
45640,2012-01-16,0.30376606409941,0
45641,2012-01-16,0.20673328674552818,0
45642,2012-01-16,0.19872524732003716,0
45643,2012-01-16,0.4367297289412799,0
45644,2012-01-16,0.2787431674931329,1
45645,2012-01-16,0.23765451416791525,0
45646,2012-01-16,0.24856741667631005,0
45647,2012-01-16,0.27894579241900436,1
45648,2012-01-16,0.336069746912985,1
45649,2012-01-16,0.34174968585483384,0
45650,2012-01-16,0.37292943149236163,1
45651,2012-01-16,0.459175683704569,1
45652,2012-01-16,0.1517473385133144,0
45653,2012-01-16,0.1831328219182756,1
45654,2012-01-16,0.4264671665758541,1
45655,2012-01-16,0.1579035046100535,0
45656,2012-01-16,0.24274737866558688,1
45657,2012-01-16,0.18936067760065883,0
45658,2012-01-16,0.3649554592520181,0
45659,2012-01-16,0.2521711994470064,1
45660,2012-01-16,0.3189932967303456,0
45661,2012-01-16,0.3356096990814435,0
45662,2012-01-16,0.2419061043122289,1
45663,2012-01-16,0.23889438260860088,0
45664,2012-01-16,0.3717064567606827,1
45665,2012-01-16,0.1638162302676162,0
45666,2012-01-16,0.25525927899543,1
45667,2012-01-16,0.33583982251534117,0
45668,2012-01-16,0.3031125651671653,0
45669,2012-01-16,0.2566867094512428,0
45670,2012-01-16,0.6269795871506515,1
45671,2012-01-16,0.23072979826038872,1
45672,2012-01-16,0.4325116777707837,1
45673,2012-01-16,0.14206538871845123,0
45674,2012-01-16,0.3909423030637814,0
45675,2012-01-16,0.3561697374107845,0
45676,2012-01-16,0.3785564374928565,1
45677,2012-01-16,0.1552896796011926,0
45678,2012-01-16,0.19300666752922468,0
45679,2012-01-16,0.3824155386736745,0
45680,2012-01-16,0.5632323712382808,1
45681,2012-01-16,0.1685750507506084,0
45682,2012-01-16,0.22213151553398006,1
45683,2012-01-16,0.2841521995513071,0
45684,2012-01-16,0.2946646734872135,0
45685,2012-01-16,0.13851770733292984,0
45686,2012-01-16,0.4429010682923998,0
45687,2012-01-16,0.479974766337666,0
45688,2012-01-16,0.2710151903447052,1
45689,2012-01-16,0.3450782113155227,1
45690,2012-01-16,0.5588023153243031,1
45691,2012-01-16,0.21145296336726907,0
45692,2012-01-16,0.32613876292286065,0
45693,2012-01-16,0.17618271990196735,0
45694,2012-01-16,0.5073481161242821,0
45695,2012-01-16,0.5299335079657808,0
45696,2012-01-16,0.2666407743504722,1
45697,2012-01-16,0.43094052213239903,0
45698,2012-01-16,0.3944613672323083,1
45699,2012-01-16,0.4427712935554,1
45700,2012-01-16,0.22895826555847054,0
45701,2012-01-16,0.18458846094285197,1
45702,2012-01-16,0.23921768472973284,0
45703,2012-01-16,0.2413382972460089,0
45704,2012-01-16,0.3629327878262213,0
45705,2012-01-16,0.41344251190026227,0
45706,2012-01-16,0.40805996082632495,0
45707,2012-01-16,0.3111343326642384,1
45708,2012-01-16,0.4180229727380739,0
45709,2012-01-16,0.13748077612424786,0
45710,2012-01-16,0.2641885190582009,0
45711,2012-01-16,0.26543479520996466,0
45712,2012-01-16,0.24508823626515983,1
45713,2012-01-16,0.1627569773625767,0
45714,2012-01-16,0.2947021239092567,0
45715,2012-01-16,0.40201891306335324,0
45716,2012-01-16,0.4038196375950277,1
45717,2012-01-16,0.2171494432660295,0
45718,2012-01-16,0.23226939412222766,0
45719,2012-01-16,0.26896176744802686,0
45720,2012-01-16,0.3149737985698805,0
45721,2012-01-16,0.3008138235048312,0
45722,2012-01-16,0.4711330508205688,0
45723,2012-01-16,0.1911971353460483,1
45724,2012-01-16,0.30905505012347756,1
45725,2012-01-16,0.27994156467460307,1
45726,2012-01-16,0.2310462353980153,0
45727,2012-01-16,0.3213949247697633,0
45728,2012-01-16,0.4576025824205124,1
45729,2012-01-16,0.33695331300743925,1
45730,2012-01-16,0.2904752285367631,0
45731,2012-01-16,0.22765963023907407,0
45732,2012-01-16,0.21615055857998733,0
45733,2012-01-16,0.2985579495687971,0
45734,2012-01-16,0.4041298565403002,0
45735,2012-01-16,0.186910073924309,0
45736,2012-01-16,0.23303852615185272,0
45737,2012-01-16,0.2003029095349586,0
45738,2012-01-16,0.2836816766834413,0
45739,2012-01-16,0.4434134483497898,0
45740,2012-01-16,0.3567611682017969,0
45741,2012-01-16,0.22836892305252615,1
45742,2012-01-16,0.24213535507344183,0
45743,2012-01-16,0.20145010282728243,0
45744,2012-01-16,0.17742550080517067,0
45745,2012-01-16,0.27582191570076564,0
45746,2012-01-16,0.549158725883265,0
45747,2012-01-16,0.2786050411756391,0
45748,2012-01-16,0.17721206037680937,0
45749,2012-01-16,0.3048755679773043,0
45750,2012-01-16,0.20367073747003211,0
45751,2012-01-16,0.23773270147788245,1
45752,2012-01-16,0.2051901740796123,1
45753,2012-01-16,0.24244195579956668,0
45754,2012-01-16,0.31132368053023385,1
45755,2012-01-16,0.37266599080066515,0
45756,2012-01-16,0.5011537571867639,0
45757,2012-01-16,0.3382444595493665,0
45758,2012-01-16,0.26229974095261127,0
45759,2012-01-16,0.36930895114774115,0
45760,2012-01-16,0.4795809387715259,0
45761,2012-01-16,0.15474163238764024,1
45762,2012-01-16,0.14549473195896054,0
45763,2012-01-16,0.24544556425445077,0
45764,2012-01-16,0.2600759375511072,0
45765,2012-01-16,0.33449594101637026,0
45766,2012-01-16,0.5460328576850305,1
45767,2012-01-16,0.341805780741321,0
45768,2012-01-16,0.4887309848474832,1
45769,2012-01-16,0.1766752192267102,0
45770,2012-01-16,0.35263496406330713,0
45771,2012-01-16,0.22678314300838692,0
45772,2012-01-16,0.1832337475189655,0
45773,2012-01-16,0.34869667380529645,1
45774,2012-01-16,0.44451251386670115,1
45775,2012-01-16,0.2224290432333784,1
45776,2012-01-16,0.19991254055156712,1
45777,2012-01-16,0.4336952476531014,0
45778,2012-01-16,0.1556539206678143,0
45779,2012-01-16,0.20452897377604037,0
45780,2012-01-16,0.2355878974445096,0
45781,2012-01-16,0.31649994342798543,1
45782,2012-01-16,0.28345984124117296,0
45783,2012-01-16,0.37605050652026867,1
45784,2012-01-16,0.301773950462435,0
45785,2012-01-16,0.16992613369559764,0
45786,2012-01-16,0.48156894899474917,1
45787,2012-01-16,0.42636304538745645,1
45788,2012-01-16,0.3757691350867281,1
45789,2012-01-16,0.2962749559786853,1
45790,2012-01-16,0.14636420564562086,0
45791,2012-01-16,0.4100844589380357,1
45792,2012-01-16,0.2030003654412626,0
45793,2012-01-16,0.15794637057244326,0
45794,2012-01-16,0.22334368818092143,1
45795,2012-01-16,0.39435261971703894,0
45796,2012-01-16,0.2433773363314448,1
45797,2012-01-16,0.1433963256367415,1
45798,2012-01-16,0.31231508099305644,1
45799,2012-01-16,0.37463193778981285,0
45800,2012-01-16,0.14406874364294445,0
45801,2012-01-16,0.31665757534765715,1
45802,2012-01-16,0.3236584783074211,1
45803,2012-01-16,0.3157537836789045,0
45804,2012-01-16,0.33445694615151117,1
45805,2012-01-16,0.16310106687293596,0
45806,2012-01-16,0.3244078889929535,1
45807,2012-01-16,0.1737029298553118,0
45808,2012-01-16,0.30263597423807514,0
45809,2012-01-16,0.16498847864991473,1
45810,2012-01-16,0.14833574034419073,0
45811,2012-01-16,0.31025865485178794,1
45812,2012-01-16,0.5349891118527729,1
45813,2012-01-16,0.18881118318978235,0
45814,2012-01-16,0.635124997619996,0
45815,2012-01-16,0.4238507950114148,1
45816,2012-01-16,0.12505431492076202,0
45817,2012-01-16,0.21903486865583283,0
45818,2012-01-16,0.3229652967506608,0
45819,2012-01-16,0.515382584701166,0
45820,2012-01-16,0.23608919374880855,0
45821,2012-01-16,0.21040322699047845,0
45822,2012-01-16,0.20395758733760608,0
45823,2012-01-16,0.2979820902233011,0
45824,2012-01-16,0.2687202241013681,0
45825,2012-01-16,0.29111447154473585,0
45826,2012-01-16,0.35946585805883585,1
45827,2012-01-16,0.1966644929147011,0
45828,2012-01-16,0.3345747607279871,1
45829,2012-01-16,0.2218255531557136,0
45830,2012-01-16,0.13087248878599897,1
45831,2012-01-16,0.16967063919402747,0
45832,2012-01-16,0.3020498799292685,1
45833,2012-01-16,0.21196929522820357,0
45834,2012-01-16,0.22637414167631736,0
45835,2012-01-16,0.48076055178585053,1
45836,2012-01-16,0.17470437331973046,0
45837,2012-01-16,0.3264033055213599,0
45838,2012-01-16,0.3107853651126327,0
45839,2012-01-16,0.1845883263744201,0
45840,2012-01-16,0.3015728783329713,0
45841,2012-01-16,0.36198131873305417,0
45842,2012-01-16,0.20835238041863488,0
45843,2012-01-16,0.21346348384503738,0
45844,2012-01-16,0.22324499394841268,0
45845,2012-01-16,0.29450576114336746,1
45846,2012-01-16,0.3252700470851954,0
45847,2012-01-16,0.362716372700571,0
45848,2012-01-16,0.1435996041396622,0
45849,2012-01-16,0.3157083674672121,0
45850,2012-01-16,0.3266095029253489,0
45851,2012-01-16,0.3154961177379305,1
45852,2012-01-16,0.2799774841639635,1
45853,2012-01-16,0.14634878735380433,0
45854,2012-01-16,0.2700517364256643,0
45855,2012-01-16,0.25843441943271106,0
45856,2012-01-16,0.1986711597172344,0
45857,2012-01-16,0.44096587411169064,0
45858,2012-01-16,0.15965982029592243,0
45859,2012-01-16,0.14990336566593254,0
45860,2012-01-16,0.44141220773569634,1
45861,2012-01-16,0.34388350437415743,0
45862,2012-01-16,0.31771981164939067,1
45863,2012-01-16,0.424860173840671,0
45864,2012-01-16,0.19288554187966098,0
45865,2012-01-16,0.339545048225154,1
45866,2012-01-16,0.40905590578175455,0
45867,2012-01-16,0.17800117069760207,0
45868,2012-01-16,0.3171968442496635,1
45869,2012-01-16,0.25659809389278126,0
45870,2012-01-16,0.31865011178479924,0
45871,2012-01-16,0.2597887331875231,0
45872,2012-01-16,0.19427272144727545,0
45873,2012-01-16,0.19656251243036693,0
45874,2012-01-16,0.19589480839571732,0
45875,2012-01-16,0.16641607155674498,0
45876,2012-01-16,0.16430690879668747,0
45877,2012-01-16,0.2784896584012043,0
45878,2012-01-16,0.22115756056763636,0
45879,2012-01-16,0.2124438134557561,0
45880,2012-01-16,0.1920918069250214,0
45881,2012-01-16,0.22563678250985306,0
45882,2012-01-16,0.19035493284761673,0
45883,2012-01-16,0.3133498333588505,0
45884,2012-01-16,0.15466386809946303,0
45885,2012-01-16,0.28418545106063703,1
45886,2012-01-16,0.15476575126388034,0
45887,2012-01-16,0.4232362516937891,0
45888,2012-01-16,0.22832277772251136,0
45889,2012-01-16,0.23877172215192735,0
45890,2012-01-16,0.5914456291127127,0
45891,2012-01-16,0.25626894329833644,0
45892,2012-01-16,0.3058007386720734,0
45893,2012-01-16,0.27378317468435215,1
45894,2012-01-16,0.23789968017698482,0
45895,2012-01-16,0.22480590607844908,1
45896,2012-01-16,0.2600158337589107,0
45897,2012-01-16,0.5091255035224395,1
45898,2012-01-16,0.2587156818790169,0
45899,2012-01-16,0.23274324450596018,0
45900,2012-01-16,0.39505417259236697,0
45901,2012-01-16,0.21152675246433983,0
45902,2012-01-16,0.3555969232956419,0
45903,2012-01-16,0.2981081644628783,0
45904,2012-01-16,0.4079997166762964,0
45905,2012-01-16,0.23274281539865332,0
45906,2012-01-16,0.26251871857748954,0
45907,2012-01-16,0.1606451689377584,0
45908,2012-01-16,0.22321222021316964,0
45909,2012-01-16,0.5100359883457191,1
45910,2012-01-16,0.516517558818193,1
45911,2012-01-16,0.32263873878101507,0
45912,2012-01-16,0.25812631228974714,0
45913,2012-01-16,0.08983901292887617,0
45914,2012-01-16,0.4304739149968368,0
45915,2012-01-16,0.3103113874672445,0
45916,2012-01-16,0.4409797253207962,0
45917,2012-01-16,0.21477582364307835,0
45918,2012-01-16,0.5193308088156804,0
45919,2012-01-16,0.22901695797683208,0
45920,2012-01-16,0.1719134475500887,0
45921,2012-01-16,0.17736148759303266,0
45922,2012-01-16,0.15895491256537755,0
45923,2012-01-16,0.6487871092619227,1
45924,2012-01-16,0.38541042584081653,1
45925,2012-01-16,0.21222172728813915,1
45926,2012-01-16,0.23937791144609316,0
45927,2012-01-16,0.2802986772631651,1
45928,2012-01-16,0.3178306811294076,1
45929,2012-01-16,0.295456184488303,1
45930,2012-01-16,0.20645155674777213,0
45931,2012-01-16,0.32958946644479464,0
45932,2012-01-16,0.35047150930958854,1
45933,2012-01-16,0.31923620923699236,0
45934,2012-01-16,0.4761424022815527,1
45935,2012-01-16,0.41827755301086794,0
45936,2012-01-16,0.2080441095878535,0
45937,2012-01-16,0.1952976566234428,0
45938,2012-01-16,0.17465881536375938,0
45939,2012-01-16,0.26381339678755417,1
45940,2012-01-16,0.22333713883080977,0
45941,2012-01-16,0.4340005077045469,0
45942,2012-01-16,0.45801192629217896,0
45943,2012-01-16,0.17159977699516693,0
45944,2012-01-16,0.30144171472049985,0
45945,2012-01-16,0.179095514188504,0
45946,2012-01-16,0.2324063176740709,0
45947,2012-01-16,0.1658967953871575,0
45948,2012-01-16,0.30430510202057093,0
45949,2012-01-16,0.4167298266251032,1
45950,2012-01-16,0.21345066205903232,0
45951,2012-01-16,0.2968552056673729,1
45952,2012-01-16,0.39060524125934404,0
45953,2012-01-16,0.3671018471262082,1
45954,2012-01-16,0.2302539967540872,1
45955,2012-01-16,0.24926463654657724,0
45956,2012-01-16,0.23330432774597942,0
45957,2012-01-16,0.3572866606587952,0
45958,2012-01-16,0.15606185659034488,0
45959,2012-01-16,0.2848740749156541,1
45960,2012-01-16,0.2167739704251786,0
45961,2012-01-16,0.4709064749133897,1
45962,2012-01-16,0.21944907185874793,0
45963,2012-01-16,0.5795593179575512,1
45964,2012-01-16,0.14990368461840134,1
45965,2012-01-16,0.10873172510466132,0
45966,2012-01-16,0.1869808106221924,1
45967,2012-01-16,0.359312502202102,0
45968,2012-01-16,0.3917125387935423,0
45969,2012-01-16,0.2192633001349013,0
45970,2012-01-16,0.26303716552421813,0
45971,2012-01-16,0.24482319368455815,0
45972,2012-01-16,0.12724871061359477,0
45973,2012-01-16,0.19580243382183557,0
45974,2012-01-16,0.2425578810171938,0
45975,2012-01-16,0.2592133395878622,0
45976,2012-01-16,0.42205251705677016,0
45977,2012-01-16,0.2855926525460692,1
45978,2012-01-16,0.43775390022584426,0
45979,2012-01-16,0.15227864775674352,0
45980,2012-01-16,0.5681092065980851,1
45981,2012-01-16,0.24989732434975162,0
45982,2012-01-16,0.17660657177204522,1
45983,2012-01-16,0.20173504630679057,0
45984,2012-01-16,0.152158350620422,0
45985,2012-01-16,0.32531933696307275,1
45986,2012-01-16,0.17816950917173136,0
45987,2012-01-16,0.2821283600308183,1
45988,2012-01-16,0.4003667720182125,0
45989,2012-01-16,0.3080154096416292,1
45990,2012-01-16,0.36973468269849713,1
45991,2012-01-16,0.21561796883773945,0
45992,2012-01-16,0.35198229026923217,1
45993,2012-01-16,0.19233674780053972,0
45994,2012-01-16,0.31693139553033217,0
45995,2012-01-16,0.16709052647686143,0
45996,2012-01-16,0.2815717823308876,1
45997,2012-01-16,0.14543082616824707,0
45998,2012-01-16,0.2707808539504963,1
45999,2012-01-16,0.2074164417584582,0
46000,2012-01-16,0.26088161855821507,1
46001,2012-01-16,0.44345351062898214,0
46002,2012-01-16,0.16199695276099998,0
46003,2012-01-16,0.24872585276170806,0
46004,2012-01-16,0.19789794358069057,0
46005,2012-01-16,0.41559548550326914,0
46006,2012-01-16,0.16765608358233308,1
46007,2012-01-16,0.41353762364473573,1
46008,2012-01-16,0.2961403596446924,0
46009,2012-01-16,0.22496837746180723,1
46010,2012-01-16,0.24680023609548807,0
46011,2012-01-16,0.36095051673294964,0
46012,2012-01-16,0.31945787688502764,1
46013,2012-01-16,0.3830770716004346,0
46014,2012-01-16,0.4407290050860542,0
46015,2012-01-16,0.36421879458296164,0
46016,2012-01-16,0.36311015289952353,0
46017,2012-01-16,0.19728315071035904,0
46018,2012-01-16,0.15594337548277953,0
46019,2012-01-16,0.2732655586642535,0
46020,2012-01-16,0.23808996698373824,0
46021,2012-01-16,0.4464056660385508,1
46022,2012-01-16,0.3092187096064014,1
46023,2012-01-16,0.36701569413565277,1
46024,2012-01-16,0.28092161089429474,1
46025,2012-01-16,0.14063253139994886,0
46026,2012-01-16,0.17219492418846424,0
46027,2012-01-16,0.15859889137570338,1
46028,2012-01-16,0.2034355764631419,0
46029,2012-01-16,0.45041449140682394,0
46030,2012-01-16,0.39082727449653504,1
46031,2012-01-16,0.19728311395124012,1
46032,2012-01-16,0.13616461149672085,0
46033,2012-01-16,0.21872326722022925,0
46034,2012-01-16,0.14538548929696374,1
46035,2012-01-16,0.1897554989802288,0
46036,2012-01-16,0.46945422771149414,0
46037,2012-01-16,0.16594633160137853,0
46038,2012-01-16,0.29460175383068427,0
46039,2012-01-16,0.21736371901777474,0
46040,2012-01-16,0.11094393987002717,0
46041,2012-01-16,0.28035070639382775,1
46042,2012-01-16,0.28455523156570045,0
46043,2012-01-16,0.2944492526642746,0
46044,2012-01-16,0.25071647799821073,0
46045,2012-01-16,0.3256697165291364,0
46046,2012-01-16,0.28668040263521094,0
46047,2012-01-16,0.2711000966427621,0
46048,2012-01-16,0.1777425028094969,0
46049,2012-01-16,0.4985464339926946,0
46050,2012-01-16,0.15548712934417064,0
46051,2012-01-16,0.44997024036405314,1
46052,2012-01-16,0.2505103385462373,0
46053,2012-01-16,0.29548644658125867,0
46054,2012-01-16,0.3545051194762464,0
46055,2012-01-16,0.4325458185220516,1
46056,2012-01-16,0.15437284343351942,1
46057,2012-01-16,0.38068113798626024,0
46058,2012-01-16,0.2808515949732873,0
46059,2012-01-16,0.24854548569841398,0
46060,2012-01-16,0.2955286036510565,1
46061,2012-01-16,0.19398369710313665,1
46062,2012-01-16,0.2537308881914818,0
46063,2012-01-16,0.1705142738938488,1
46064,2012-01-16,0.16032107217741545,0
46065,2012-01-16,0.269412560534799,0
46066,2012-01-16,0.14760346979580932,0
46067,2012-01-16,0.2307375760481055,0
46068,2012-01-16,0.2873219518982392,0
46069,2012-01-16,0.1597028601238723,0
46070,2012-01-16,0.23658672058962998,0
46071,2012-01-16,0.15647934652445536,0
46072,2012-01-16,0.28136651048208433,0
46073,2012-01-16,0.36627586008547935,1
46074,2012-01-16,0.47879172128305547,0
46075,2012-01-16,0.2709948757443254,0
46076,2012-01-16,0.1466404331568422,0
46077,2012-01-16,0.4404621146862099,1
46078,2012-01-16,0.33571639157093675,1
46079,2012-01-16,0.28939920148179277,0
46080,2012-01-16,0.296598856643951,1
46081,2012-01-16,0.42886715992322194,1
46082,2012-01-16,0.27997891777711975,0
46083,2012-01-16,0.1507601384353106,1
46084,2012-01-16,0.3521873444404701,0
46085,2012-01-16,0.274408658334268,0
46086,2012-01-16,0.1567042616745696,0
46087,2012-01-16,0.21589726171676932,0
46088,2012-01-16,0.44339229177728645,0
46089,2012-01-16,0.2239352009250424,0
46090,2012-01-16,0.17887121616237084,0
46091,2012-01-16,0.26874293695828755,0
46092,2012-01-16,0.1891876062090692,0
46093,2012-01-16,0.27426527161448644,0
46094,2012-01-16,0.47483991159169675,1
46095,2012-01-16,0.2603136291731941,0
46096,2012-01-16,0.19626110913303307,0
46097,2012-01-16,0.12144447308512758,0
46098,2012-01-16,0.19999249195285185,0
46099,2012-01-16,0.17576899902503454,0
46100,2012-01-16,0.29010916636377715,0
46101,2012-01-16,0.13353046732858,0
46102,2012-01-16,0.14951229129505866,0
46103,2012-01-16,0.3119605109724412,0
46104,2012-01-16,0.21418925327956176,0
46105,2012-01-16,0.26765532723163665,0
46106,2012-01-16,0.26526482160257314,0
46107,2012-01-16,0.1810595032249634,0
46108,2012-01-16,0.25693301818389,1
46109,2012-01-16,0.16638869495845504,1
46110,2012-01-16,0.26028809125983365,1
46111,2012-01-16,0.33468565101633824,0
46112,2012-01-16,0.24207172604682856,0
46113,2012-01-16,0.1723714658825374,0
46114,2012-01-16,0.15991796081632798,1
46115,2012-01-16,0.11335020325941092,0
46116,2012-01-16,0.23317883042885998,0
46117,2012-01-16,0.17835616491242576,0
46118,2012-01-16,0.18816604066594383,0
46119,2012-01-16,0.19314625568989388,0
46120,2012-01-16,0.11116329891870266,0
46121,2012-01-16,0.4437569966189147,0
46122,2012-01-16,0.24251224386180917,0
46123,2012-01-16,0.18278123292938422,0
46124,2012-01-16,0.2255909567318606,0
46125,2012-01-16,0.21366367540123407,0
46126,2012-01-16,0.31490583021088464,0
46127,2012-01-16,0.42743239498983354,0
46128,2012-01-16,0.4193431759190173,0
46129,2012-01-16,0.2549498139096111,1
46130,2012-01-16,0.3568374994122653,0
46131,2012-01-16,0.17691668126112525,0
46132,2012-01-16,0.44002124978240664,0
46133,2012-01-16,0.23744465780662044,0
46134,2012-01-16,0.15970805823551643,0
46135,2012-01-16,0.2557690980483341,0
46136,2012-01-16,0.39743428944195686,0
46137,2012-01-16,0.2028332457460573,0
46138,2012-01-16,0.4428891086098149,0
46139,2012-01-16,0.19593200819993856,0
46140,2012-01-16,0.33498108859610787,1
46141,2012-01-16,0.3043361831716855,0
46142,2012-01-16,0.1973905289120219,0
46143,2012-01-16,0.3500923902973654,0
46144,2012-01-16,0.4157507697583982,0
46145,2012-01-16,0.32322793178726617,0
46146,2012-01-16,0.22546652074660686,1
46147,2012-01-16,0.180131286739673,1
46148,2012-01-16,0.2277743686600585,0
46149,2012-01-16,0.41855430614591294,1
46150,2012-01-16,0.1330395876976902,0
46151,2012-01-16,0.2040917227247199,0
46152,2012-01-16,0.2852059312132647,0
46153,2012-01-16,0.21464444723633155,0
46154,2012-01-16,0.2702566607419691,0
46155,2012-01-16,0.3791679869414435,1
46156,2012-01-16,0.24103551526272718,0
46157,2012-01-16,0.2953918190273475,1
46158,2012-01-16,0.2601334603787537,1
46159,2012-01-16,0.24228266789995695,0
46160,2012-01-16,0.151004888554699,0
46161,2012-01-16,0.22549160530287674,1
46162,2012-01-16,0.5117269297963524,1
46163,2012-01-16,0.16511624877448994,0
46164,2012-01-16,0.25331151458736917,0
46165,2012-01-16,0.19024283444190523,0
46166,2012-01-16,0.3594449166471614,0
46167,2012-01-16,0.2770229174279447,0
46168,2012-01-16,0.33555635857766936,1
46169,2012-01-16,0.27998328968967173,1
46170,2012-01-16,0.2594532381056022,1
46171,2012-01-16,0.11996141888762869,0
46172,2012-01-16,0.3087786011127305,1
46173,2012-01-16,0.36734400087513486,0
46174,2012-01-16,0.3460041422746858,1
46175,2012-01-16,0.31751540133200046,0
46176,2012-01-16,0.39983892523846476,0
46177,2012-01-16,0.22709339794941832,0
46178,2012-01-16,0.2128667580463119,1
46179,2012-01-16,0.1473089239252678,0
46180,2012-01-16,0.3390793737716927,1
46181,2012-01-16,0.6040356397344258,1
46182,2012-01-16,0.5304086949334852,1
46183,2012-01-16,0.3289106840342409,0
46184,2012-01-16,0.4540199665688256,0
46185,2012-01-16,0.531805774170828,1
46186,2012-01-16,0.2238583341739838,1
46187,2012-01-16,0.3943824896234256,1
46188,2012-01-16,0.14619923250396807,1
46189,2012-01-16,0.15261069890555473,0
46190,2012-01-16,0.35481691288776,1
46191,2012-01-16,0.1821895732780545,0
46192,2012-01-16,0.28272485810718456,0
46193,2012-01-16,0.2346367503635857,0
46194,2012-01-16,0.29023242221048545,0
46195,2012-01-16,0.2093234245141309,0
46196,2012-01-16,0.39302580740048126,0
46197,2012-01-16,0.12620644143784143,0
46198,2012-01-16,0.3459584957749515,0
46199,2012-01-16,0.18562229903700447,1
46200,2012-01-16,0.160959282180322,0
46201,2012-01-16,0.19814100987504962,0
46202,2012-01-16,0.4373683200810066,1
46203,2012-01-16,0.32072961293710217,0
46204,2012-01-16,0.2552747890097117,1
46205,2012-01-16,0.28102711373045985,1
46206,2012-01-16,0.20929103640719054,0
46207,2012-01-16,0.1530254455359393,0
46208,2012-01-16,0.2675624909845437,0
46209,2012-01-16,0.14658214228057637,0
46210,2012-01-16,0.3166528119111101,1
46211,2012-01-16,0.3453299407038026,0
46212,2012-01-16,0.3165872580518119,0
46213,2012-01-16,0.25036196991436066,1
46214,2012-01-16,0.4117783513667211,1
46215,2012-01-16,0.2225580634636794,0
46216,2012-01-16,0.18137701399473072,0
46217,2012-01-16,0.3656903947779933,1
46218,2012-01-16,0.26534522638052954,0
46219,2012-01-16,0.24225756815417676,0
46220,2012-01-16,0.1890213285157762,0
46221,2012-01-16,0.21799345653042865,0
46222,2012-01-16,0.32254612760605056,1
46223,2012-01-16,0.18688810696950686,0
46224,2012-01-16,0.6459031799484756,1
46225,2012-01-16,0.4510600358050422,1
46226,2012-01-16,0.18923145712561268,0
46227,2012-01-16,0.47697665746329426,1
46228,2012-01-16,0.2014439289111514,1
46229,2012-01-16,0.2631575818420861,0
46230,2012-01-16,0.14924218818259483,0
46231,2012-01-16,0.21258929689446965,0
46232,2012-01-16,0.5569709324522555,1
46233,2012-01-16,0.22645742983075642,0
46234,2012-01-16,0.3555820137953188,0
46235,2012-01-16,0.3228272943092668,0
46236,2012-01-16,0.502975238077565,0
46237,2012-01-16,0.6013492149194241,1
46238,2012-01-16,0.20087283240073708,0
46239,2012-01-16,0.22643188157379104,0
46240,2012-01-16,0.1948666031362585,0
46241,2012-01-16,0.5346967974737178,1
46242,2012-01-16,0.378180650009814,0
46243,2012-01-16,0.3213132159740337,0
46244,2012-01-16,0.16551099669204417,0
46245,2012-01-16,0.1537413607999351,0
46246,2012-01-16,0.20544286939153045,0
46247,2012-01-16,0.1898786874355777,0
46248,2012-01-16,0.1972752223412954,0
46249,2012-01-16,0.21187882745220332,1
46250,2012-01-16,0.18035528392406852,0
46251,2012-01-16,0.391790884603594,0
46252,2012-01-16,0.35639620616101503,0
46253,2012-01-16,0.25263316514681505,0
46254,2012-01-16,0.22881004843223043,1
46255,2012-01-16,0.2818393620175648,1
46256,2012-01-16,0.4251275270238474,0
46257,2012-01-16,0.1900067637697149,0
46258,2012-01-16,0.21081611734713726,1
46259,2012-01-16,0.16350071111898767,0
46260,2012-01-16,0.26827936576317846,1
46261,2012-01-16,0.2443417838946198,1
46262,2012-01-16,0.28891773154141975,0
46263,2012-01-16,0.12293440683369196,0
46264,2012-01-16,0.31044391607608174,1
46265,2012-01-16,0.27788958118759444,0
46266,2012-01-16,0.3201156812025338,1
46267,2012-01-16,0.3453980526384772,0
46268,2012-01-16,0.2590131553417772,0
46269,2012-01-16,0.2807223812179248,0
46270,2012-01-16,0.1689669811742257,0
46271,2012-01-16,0.13790226424973817,0
46272,2012-01-16,0.15060338831208658,0
46273,2012-01-16,0.2283130088274952,0
46274,2012-01-16,0.4290930223099408,0
46275,2012-01-16,0.23828001463150228,0
46276,2012-01-16,0.2317435802437314,0
46277,2012-01-16,0.35601480487372295,1
46278,2012-01-16,0.3702323987925675,0
46279,2012-01-16,0.32409426405968067,0
46280,2012-01-16,0.45827092618899923,0
46281,2012-01-16,0.26948267657494174,0
46282,2012-01-16,0.21022598621895716,1
46283,2012-01-16,0.6198641199764595,1
46284,2012-01-16,0.11415183858011936,0
46285,2012-01-16,0.34652868369394757,0
46286,2012-01-16,0.300174950065648,0
46287,2012-01-16,0.311497128437486,0
46288,2012-01-16,0.5816608331259697,1
46289,2012-01-17,0.26666107776280007,0
46290,2012-01-17,0.42544291515118965,0
46291,2012-01-17,0.17115155830085416,0
46292,2012-01-17,0.35660907069016323,1
46293,2012-01-17,0.41514310755283457,0
46294,2012-01-17,0.3132870707127215,1
46295,2012-01-17,0.2622641207132742,0
46296,2012-01-17,0.3657181011781643,1
46297,2012-01-17,0.2286220741839229,0
46298,2012-01-17,0.3902053702574386,0
46299,2012-01-17,0.2960874910352914,0
46300,2012-01-17,0.2513686930078251,0
46301,2012-01-17,0.155922969993041,0
46302,2012-01-17,0.28116833066474634,0
46303,2012-01-17,0.43481700773831905,0
46304,2012-01-17,0.35366910545769775,1
46305,2012-01-17,0.24293365642663084,0
46306,2012-01-17,0.1671550223886005,0
46307,2012-01-17,0.3162238881417665,0
46308,2012-01-17,0.20279496530966232,0
46309,2012-01-17,0.17237353333197267,0
46310,2012-01-17,0.3070299577389961,0
46311,2012-01-17,0.12934508410135406,0
46312,2012-01-17,0.15396678216540816,0
46313,2012-01-17,0.5993117909991714,1
46314,2012-01-17,0.30279371190563414,1
46315,2012-01-17,0.16926962313047939,0
46316,2012-01-17,0.3127129302392665,0
46317,2012-01-17,0.2589528250422063,0
46318,2012-01-17,0.20142068952705255,0
46319,2012-01-17,0.20670257191453337,0
46320,2012-01-17,0.42078395159520005,0
46321,2012-01-17,0.20201776511432706,1
46322,2012-01-17,0.3130292313085644,0
46323,2012-01-17,0.16634208212564444,0
46324,2012-01-17,0.25968913798351745,0
46325,2012-01-17,0.3440368545458044,0
46326,2012-01-17,0.2904760275115224,0
46327,2012-01-17,0.10938153590386065,0
46328,2012-01-17,0.37289785649574797,0
46329,2012-01-17,0.3359683533193193,1
46330,2012-01-17,0.39033523681294563,0
46331,2012-01-17,0.3076549156308869,0
46332,2012-01-17,0.42259855882263164,0
46333,2012-01-17,0.17338170515632223,0
46334,2012-01-17,0.18481930112897665,0
46335,2012-01-17,0.13859583641190523,0
46336,2012-01-17,0.23225161486392362,0
46337,2012-01-17,0.28305655150059855,0
46338,2012-01-17,0.17093920668303292,0
46339,2012-01-17,0.17139974443513725,0
46340,2012-01-17,0.6006167308980453,1
46341,2012-01-17,0.2045735496793159,0
46342,2012-01-17,0.15436631127109254,0
46343,2012-01-17,0.24897505112499657,0
46344,2012-01-17,0.18237764934441908,0
46345,2012-01-17,0.6028270435783238,0
46346,2012-01-17,0.52259587729562,1
46347,2012-01-17,0.2869492865564397,0
46348,2012-01-17,0.2886484407548867,1
46349,2012-01-17,0.2583294931122654,0
46350,2012-01-17,0.31886093420677936,0
46351,2012-01-17,0.27259320965208506,0
46352,2012-01-17,0.35737146220510146,0
46353,2012-01-17,0.32009874547132644,1
46354,2012-01-17,0.3105557763568817,0
46355,2012-01-17,0.17042726750749193,0
46356,2012-01-17,0.3538866681191835,0
46357,2012-01-17,0.20710816288962058,0
46358,2012-01-17,0.3583200880997671,1
46359,2012-01-17,0.17967490728542387,0
46360,2012-01-17,0.1998945594992961,0
46361,2012-01-17,0.2509689428692345,0
46362,2012-01-17,0.17191866602982278,0
46363,2012-01-17,0.28068477770155004,0
46364,2012-01-17,0.3681358173675725,1
46365,2012-01-17,0.4167724097714803,0
46366,2012-01-17,0.24455278659820803,0
46367,2012-01-17,0.17850506945861813,1
46368,2012-01-17,0.24926046103954388,0
46369,2012-01-17,0.1363676563331244,0
46370,2012-01-17,0.2362833945066923,0
46371,2012-01-17,0.3172289261112379,1
46372,2012-01-17,0.4532846377566426,0
46373,2012-01-17,0.29960344142620515,0
46374,2012-01-17,0.37548690929363165,0
46375,2012-01-17,0.3958282163916074,1
46376,2012-01-17,0.26499929576643033,0
46377,2012-01-17,0.208366614932232,0
46378,2012-01-17,0.28181772318852133,0
46379,2012-01-17,0.2919833888790816,0
46380,2012-01-17,0.34486202915521497,0
46381,2012-01-17,0.21364094290438418,0
46382,2012-01-17,0.24652966921651323,1
46383,2012-01-17,0.4480957290612025,1
46384,2012-01-17,0.32491747964769496,1
46385,2012-01-17,0.33777712417138417,0
46386,2012-01-17,0.22960136048225474,0
46387,2012-01-17,0.13532217295274448,0
46388,2012-01-17,0.23708755442231355,0
46389,2012-01-17,0.19214628352485535,0
46390,2012-01-17,0.2631311168318986,0
46391,2012-01-17,0.649103718605948,0
46392,2012-01-17,0.24673878961357723,0
46393,2012-01-17,0.28721986161485763,1
46394,2012-01-17,0.3887289845564838,0
46395,2012-01-17,0.2191533477278969,0
46396,2012-01-17,0.37743968509082193,0
46397,2012-01-17,0.5329629643227627,1
46398,2012-01-17,0.23675717952902292,0
46399,2012-01-17,0.19231452226173174,0
46400,2012-01-17,0.27268270066760314,0
46401,2012-01-17,0.14736701264795352,0
46402,2012-01-17,0.3243687174236688,0
46403,2012-01-17,0.22098157846919725,0
46404,2012-01-17,0.39340624757971915,1
46405,2012-01-17,0.1511721334565453,0
46406,2012-01-17,0.22074433683752917,0
46407,2012-01-17,0.18707035696658972,0
46408,2012-01-17,0.1619312623869996,0
46409,2012-01-17,0.14890703976908357,0
46410,2012-01-17,0.3217537565944337,1
46411,2012-01-17,0.22884265777712653,0
46412,2012-01-17,0.3321145249945401,0
46413,2012-01-17,0.1305347395590959,0
46414,2012-01-17,0.31202571135433615,0
46415,2012-01-17,0.3386292991506058,1
46416,2012-01-17,0.5703338033990849,0
46417,2012-01-17,0.19510479242542242,0
46418,2012-01-17,0.4111377161702991,0
46419,2012-01-17,0.23387544297136625,0
46420,2012-01-17,0.2609091086965724,0
46421,2012-01-17,0.18491954511694167,0
46422,2012-01-17,0.39632020665179807,0
46423,2012-01-17,0.21536157354705213,0
46424,2012-01-17,0.42423616867816766,0
46425,2012-01-17,0.24505355884625066,0
46426,2012-01-17,0.28064728430519,0
46427,2012-01-17,0.3052937491451551,0
46428,2012-01-17,0.3160257559947572,1
46429,2012-01-17,0.259914552606125,0
46430,2012-01-17,0.3590642961121224,0
46431,2012-01-17,0.2394571049545945,1
46432,2012-01-17,0.4180360843552379,1
46433,2012-01-17,0.236609139842273,0
46434,2012-01-17,0.5487126186116236,1
46435,2012-01-17,0.16777867592157014,0
46436,2012-01-17,0.2396088681272871,1
46437,2012-01-17,0.28968622000181676,0
46438,2012-01-17,0.37059802110772294,0
46439,2012-01-17,0.19522803539467967,0
46440,2012-01-17,0.3886255460522433,0
46441,2012-01-17,0.31296756045168334,0
46442,2012-01-17,0.23161737517484976,0
46443,2012-01-17,0.1731696712926199,0
46444,2012-01-17,0.33038644659681016,0
46445,2012-01-17,0.47349373756682805,1
46446,2012-01-17,0.29921298900765186,0
46447,2012-01-17,0.258948294678763,0
46448,2012-01-17,0.3739953434276783,1
46449,2012-01-17,0.343732009404079,1
46450,2012-01-17,0.16786861058258143,0
46451,2012-01-17,0.41874295958072294,0
46452,2012-01-17,0.2131646633346572,0
46453,2012-01-17,0.3742267137279283,1
46454,2012-01-17,0.1146492785926351,0
46455,2012-01-17,0.3936893772065453,0
46456,2012-01-17,0.474377731908442,0
46457,2012-01-17,0.26722206600967063,0
46458,2012-01-17,0.48581067631303243,1
46459,2012-01-17,0.41185158471370314,1
46460,2012-01-17,0.30539348803908295,1
46461,2012-01-17,0.45260596589173063,1
46462,2012-01-17,0.4235250313423275,0
46463,2012-01-17,0.21585261185723956,1
46464,2012-01-17,0.1335845704738665,0
46465,2012-01-17,0.24275051069936532,0
46466,2012-01-17,0.32583830434529376,0
46467,2012-01-17,0.21968979019926185,0
46468,2012-01-17,0.40770916604941987,0
46469,2012-01-17,0.2534238145064095,0
46470,2012-01-17,0.20028870672416949,0
46471,2012-01-17,0.25628850339104603,0
46472,2012-01-17,0.3578305602209068,0
46473,2012-01-17,0.4114125429848931,1
46474,2012-01-17,0.3114509890390036,1
46475,2012-01-17,0.2727986455639526,0
46476,2012-01-17,0.18693640927910382,0
46477,2012-01-17,0.41540929831934437,1
46478,2012-01-17,0.3120589935222787,0
46479,2012-01-17,0.20185763239675394,0
46480,2012-01-17,0.18787759876954452,0
46481,2012-01-17,0.15012606623251712,0
46482,2012-01-17,0.43362732033128487,0
46483,2012-01-17,0.2417474911186283,1
46484,2012-01-17,0.19661892975347564,0
46485,2012-01-17,0.24360176932057623,0
46486,2012-01-17,0.34172617113614384,0
46487,2012-01-17,0.2969349598174285,0
46488,2012-01-17,0.389730859035337,0
46489,2012-01-17,0.44302221586628054,0
46490,2012-01-17,0.2794214250547499,0
46491,2012-01-17,0.2640583267544773,0
46492,2012-01-17,0.3334333084085386,0
46493,2012-01-17,0.22548107931581152,0
46494,2012-01-17,0.20610289133058687,0
46495,2012-01-17,0.22747864023845696,0
46496,2012-01-17,0.5677249651366532,0
46497,2012-01-17,0.32317976981220176,1
46498,2012-01-17,0.3335983238582681,0
46499,2012-01-17,0.44848014767924493,0
46500,2012-01-17,0.5716906676276705,0
46501,2012-01-17,0.4530319226984326,1
46502,2012-01-17,0.2247569052124983,0
46503,2012-01-17,0.16463545872960902,1
46504,2012-01-17,0.14548627290111812,1
46505,2012-01-17,0.2812160745567723,1
46506,2012-01-17,0.15703294182351088,0
46507,2012-01-17,0.27229834558633825,0
46508,2012-01-17,0.18618611055572684,0
46509,2012-01-17,0.30544840528199885,0
46510,2012-01-17,0.27656104739477344,1
46511,2012-01-17,0.18752864901190844,1
46512,2012-01-17,0.21182354300519068,0
46513,2012-01-17,0.24278810341970467,1
46514,2012-01-17,0.4283725693169935,1
46515,2012-01-17,0.3895886480749855,0
46516,2012-01-17,0.29377513844305997,1
46517,2012-01-17,0.3862870922789086,0
46518,2012-01-17,0.20378096492460918,1
46519,2012-01-17,0.21733886349383522,0
46520,2012-01-17,0.3561198952936721,1
46521,2012-01-17,0.41728960699264817,0
46522,2012-01-17,0.37039992665017785,1
46523,2012-01-17,0.2273228209330908,1
46524,2012-01-17,0.19883393745425032,0
46525,2012-01-17,0.13962773105337076,0
46526,2012-01-17,0.36810351356381166,0
46527,2012-01-17,0.13816455495313235,0
46528,2012-01-17,0.5542286166280727,1
46529,2012-01-17,0.26485587295573143,0
46530,2012-01-17,0.2763933309105824,0
46531,2012-01-17,0.17918786322249594,1
46532,2012-01-17,0.23394414128932955,1
46533,2012-01-17,0.3741395871670778,0
46534,2012-01-17,0.1607471768214926,0
46535,2012-01-17,0.29976128896632553,0
46536,2012-01-17,0.19397176145354875,0
46537,2012-01-17,0.17247311047434669,0
46538,2012-01-17,0.3106236746592462,0
46539,2012-01-17,0.22903858957785486,0
46540,2012-01-17,0.32607075696753945,0
46541,2012-01-17,0.11407205299785138,0
46542,2012-01-17,0.387895037336675,0
46543,2012-01-17,0.2474827006139173,0
46544,2012-01-17,0.37011381734212523,1
46545,2012-01-17,0.2831984708464067,0
46546,2012-01-17,0.26872888867618555,0
46547,2012-01-17,0.40171566261855896,1
46548,2012-01-17,0.26302549387244867,0
46549,2012-01-17,0.27974340287701915,0
46550,2012-01-17,0.2734061066952867,0
46551,2012-01-17,0.34088775074716865,0
46552,2012-01-17,0.15564202049705428,0
46553,2012-01-17,0.36632399892170225,0
46554,2012-01-17,0.48490673605831014,1
46555,2012-01-17,0.2790672304834914,0
46556,2012-01-17,0.11892138228406629,0
46557,2012-01-17,0.40570129793986215,1
46558,2012-01-17,0.23793808689154405,0
46559,2012-01-17,0.32780127960791755,1
46560,2012-01-17,0.16898369931864882,0
46561,2012-01-17,0.1434859681277567,0
46562,2012-01-17,0.22016173050158938,0
46563,2012-01-17,0.19415613234466444,1
46564,2012-01-17,0.3879832567707263,0
46565,2012-01-17,0.1841976873933359,0
46566,2012-01-17,0.27699739641267135,0
46567,2012-01-17,0.45740113215874084,0
46568,2012-01-17,0.17880315492233598,0
46569,2012-01-17,0.2693359378155171,0
46570,2012-01-17,0.25567931660835846,0
46571,2012-01-17,0.1910735983531421,0
46572,2012-01-17,0.2735646185345225,0
46573,2012-01-17,0.34792753107953106,1
46574,2012-01-17,0.3829615315259261,0
46575,2012-01-17,0.3507288237729285,1
46576,2012-01-17,0.3215398235355103,1
46577,2012-01-17,0.19279383222057805,0
46578,2012-01-17,0.237062444078708,0
46579,2012-01-17,0.2735496919076576,0
46580,2012-01-17,0.1982419518003348,0
46581,2012-01-17,0.1568862081709704,1
46582,2012-01-17,0.33623442582915525,0
46583,2012-01-17,0.23382239275613653,0
46584,2012-01-17,0.2943922830480669,0
46585,2012-01-17,0.2537145636394837,1
46586,2012-01-17,0.2329942897097011,0
46587,2012-01-17,0.2825946640233485,0
46588,2012-01-17,0.3106371544111322,0
46589,2012-01-17,0.4510820919984211,0
46590,2012-01-17,0.2805732950787769,0
46591,2012-01-17,0.3507131201104227,1
46592,2012-01-17,0.31452394046765886,0
46593,2012-01-17,0.335885911104606,0
46594,2012-01-17,0.3513339529969278,0
46595,2012-01-17,0.5257790913292547,1
46596,2012-01-17,0.33598806333409353,0
46597,2012-01-17,0.26136022179063045,0
46598,2012-01-17,0.32858540383561385,0
46599,2012-01-17,0.20657202781620293,0
46600,2012-01-17,0.3644318025698745,1
46601,2012-01-17,0.28684188908165775,0
46602,2012-01-17,0.2806710949700863,0
46603,2012-01-17,0.452022124002218,0
46604,2012-01-17,0.18541284335002906,0
46605,2012-01-17,0.35342555237729845,1
46606,2012-01-17,0.2727672048839383,0
46607,2012-01-17,0.230182895106957,0
46608,2012-01-17,0.597656401404863,1
46609,2012-01-17,0.21821416094286217,0
46610,2012-01-17,0.37709359239239637,0
46611,2012-01-17,0.19050530188600603,0
46612,2012-01-17,0.2918234123856449,0
46613,2012-01-17,0.3535984468168303,0
46614,2012-01-17,0.24641574830533644,0
46615,2012-01-17,0.20363336013183625,0
46616,2012-01-17,0.3072152405258156,0
46617,2012-01-17,0.3161757176800084,0
46618,2012-01-17,0.243868943176515,0
46619,2012-01-17,0.3339478725717383,1
46620,2012-01-17,0.19482109431554132,0
46621,2012-01-17,0.2950721979410102,0
46622,2012-01-17,0.2648606927808083,1
46623,2012-01-17,0.23984439876139504,0
46624,2012-01-17,0.389611965036845,1
46625,2012-01-17,0.4908748171439439,1
46626,2012-01-17,0.3664427510788531,0
46627,2012-01-17,0.3929553876150308,0
46628,2012-01-17,0.4045161546618336,0
46629,2012-01-17,0.23814771176797586,0
46630,2012-01-17,0.4170915368881399,0
46631,2012-01-17,0.1696215403408469,0
46632,2012-01-17,0.15027646018995822,0
46633,2012-01-17,0.25426731571998,0
46634,2012-01-17,0.4003263121713655,1
46635,2012-01-17,0.2904539874781875,0
46636,2012-01-17,0.23641687084252988,0
46637,2012-01-17,0.2991769964001112,1
46638,2012-01-17,0.5250747814562724,1
46639,2012-01-17,0.25906775895844075,1
46640,2012-01-17,0.4061110002844155,1
46641,2012-01-17,0.25059084993486097,0
46642,2012-01-17,0.379231255322902,1
46643,2012-01-17,0.3070863053415553,0
46644,2012-01-17,0.20922656497750416,0
46645,2012-01-17,0.27409355194106566,0
46646,2012-01-17,0.24466033957531536,0
46647,2012-01-17,0.37335484890711884,0
46648,2012-01-17,0.3349097050691203,0
46649,2012-01-17,0.12048409721878717,1
46650,2012-01-17,0.18537205634797083,0
46651,2012-01-17,0.3332385036173052,0
46652,2012-01-17,0.20788608973102682,0
46653,2012-01-17,0.24980154960260414,0
46654,2012-01-17,0.1375188168766833,0
46655,2012-01-17,0.459886121078376,1
46656,2012-01-17,0.2580358607818083,0
46657,2012-01-17,0.3680424409252981,0
46658,2012-01-17,0.3479993624206271,0
46659,2012-01-17,0.16594904481345557,0
46660,2012-01-17,0.16493239528994022,0
46661,2012-01-17,0.24518098471330094,0
46662,2012-01-17,0.42609202149436465,1
46663,2012-01-17,0.38989162712567804,0
46664,2012-01-17,0.20940890284710378,0
46665,2012-01-17,0.6843389781374912,1
46666,2012-01-17,0.4849877822265593,0
46667,2012-01-17,0.2119902349928567,0
46668,2012-01-17,0.2106509602278717,0
46669,2012-01-17,0.369417566997951,1
46670,2012-01-17,0.4214211859626503,0
46671,2012-01-17,0.4040732564857269,1
46672,2012-01-17,0.3223443248803704,0
46673,2012-01-17,0.23829144347596978,0
46674,2012-01-17,0.2683091258646452,0
46675,2012-01-17,0.17115155830085416,0
46676,2012-01-17,0.3019973688539861,0
46677,2012-01-17,0.18651367305777034,0
46678,2012-01-17,0.36117105484863793,0
46679,2012-01-17,0.33242636170391504,1
46680,2012-01-17,0.18298396148111196,0
46681,2012-01-17,0.368477891748794,0
46682,2012-01-17,0.33202751764430444,0
46683,2012-01-17,0.2141405088845459,1
46684,2012-01-17,0.30112666245715497,0
46685,2012-01-17,0.1961413072449039,0
46686,2012-01-17,0.2944481007160012,0
46687,2012-01-17,0.45726530316152936,0
46688,2012-01-17,0.14784250143418362,0
46689,2012-01-17,0.3469393904167063,0
46690,2012-01-17,0.3439384239741934,1
46691,2012-01-17,0.23178097325137761,0
46692,2012-01-17,0.22170317573527892,0
46693,2012-01-17,0.13525127799256942,0
46694,2012-01-17,0.560103610484204,1
46695,2012-01-17,0.26453939348261385,0
46696,2012-01-17,0.4021544849972293,1
46697,2012-01-17,0.33778125217264027,1
46698,2012-01-17,0.3479682347669063,1
46699,2012-01-17,0.13898176722711325,0
46700,2012-01-17,0.4232796321585646,1
46701,2012-01-17,0.44616286529379123,0
46702,2012-01-17,0.30431626971366377,0
46703,2012-01-17,0.3977653181901302,0
46704,2012-01-17,0.3110810560585642,0
46705,2012-01-17,0.24879797691637787,1
46706,2012-01-18,0.3193347381734153,0
46707,2012-01-18,0.3021476541784474,1
46708,2012-01-18,0.28147790854255395,0
46709,2012-01-18,0.2300730142761008,0
46710,2012-01-18,0.2896105290420675,0
46711,2012-01-18,0.305513480516646,0
46712,2012-01-18,0.2638257983237491,0
46713,2012-01-18,0.16409254610468565,0
46714,2012-01-18,0.26508916914231145,0
46715,2012-01-18,0.2591175730816664,0
46716,2012-01-18,0.31792226839850724,1
46717,2012-01-18,0.23548796030034902,0
46718,2012-01-18,0.21117455108585073,0
46719,2012-01-18,0.30990845128521743,0
46720,2012-01-18,0.21797434896948117,0
46721,2012-01-18,0.22235819673575766,0
46722,2012-01-18,0.5348606529910885,1
46723,2012-01-18,0.1374071170357649,1
46724,2012-01-18,0.29437582649123034,0
46725,2012-01-18,0.20778348296803786,0
46726,2012-01-18,0.3141856830731833,0
46727,2012-01-18,0.5370335806610177,1
46728,2012-01-18,0.17128508478086174,0
46729,2012-01-18,0.14893924259100083,0
46730,2012-01-18,0.2752158522692392,0
46731,2012-01-18,0.19145337014911257,0
46732,2012-01-18,0.27576908642057124,0
46733,2012-01-18,0.45742545365130705,0
46734,2012-01-18,0.2544333270953741,0
46735,2012-01-18,0.3777757916284042,0
46736,2012-01-18,0.19476746642378795,0
46737,2012-01-18,0.20956715862093922,0
46738,2012-01-18,0.21508794480739907,0
46739,2012-01-18,0.4326385147087268,1
46740,2012-01-18,0.2901187340377201,0
46741,2012-01-18,0.38029689963219454,0
46742,2012-01-18,0.4072755578408198,0
46743,2012-01-18,0.1584902617213578,0
46744,2012-01-18,0.4128800513674326,0
46745,2012-01-18,0.25040594496645924,0
46746,2012-01-18,0.14569171080249116,0
46747,2012-01-18,0.29720551608536394,1
46748,2012-01-18,0.19269395265888034,0
46749,2012-01-18,0.2638909809254368,1
46750,2012-01-18,0.3257009372793727,0
46751,2012-01-18,0.4339242844904525,0
46752,2012-01-18,0.512681651179335,0
46753,2012-01-18,0.2065997064603172,1
46754,2012-01-18,0.26853071075683094,0
46755,2012-01-18,0.3350160250323418,0
46756,2012-01-18,0.18674236733266375,0
46757,2012-01-18,0.18635190211405964,0
46758,2012-01-18,0.14699654238607146,1
46759,2012-01-18,0.2642471912047666,0
46760,2012-01-18,0.15424625937117056,0
46761,2012-01-18,0.26297953373021565,0
46762,2012-01-18,0.49391154588843683,1
46763,2012-01-18,0.22918395739233266,1
46764,2012-01-18,0.3022213583279644,0
46765,2012-01-18,0.293609981926504,1
46766,2012-01-18,0.17354838157756738,0
46767,2012-01-18,0.33207273624944605,0
46768,2012-01-18,0.5098879176462158,1
46769,2012-01-18,0.18569642963711933,0
46770,2012-01-18,0.13191568033724577,0
46771,2012-01-18,0.2763610192679702,0
46772,2012-01-18,0.24751665133962444,0
46773,2012-01-18,0.24678832685186414,1
46774,2012-01-18,0.25720918794674225,0
46775,2012-01-18,0.21497473753480556,0
46776,2012-01-18,0.26132357784843885,0
46777,2012-01-18,0.30468389784855193,0
46778,2012-01-18,0.28825919635946273,0
46779,2012-01-18,0.2489998184683555,0
46780,2012-01-18,0.5766919241364747,1
46781,2012-01-18,0.46072034768127895,0
46782,2012-01-18,0.16896871601609187,0
46783,2012-01-18,0.24692263257154806,0
46784,2012-01-18,0.18332890329820586,0
46785,2012-01-18,0.2881662882929926,0
46786,2012-01-18,0.5936819431757044,0
46787,2012-01-18,0.3735669942216163,0
46788,2012-01-18,0.3155044903583248,0
46789,2012-01-18,0.20616152319694603,0
46790,2012-01-18,0.4551340122467084,0
46791,2012-01-18,0.4415208821629076,1
46792,2012-01-18,0.314368447854981,1
46793,2012-01-18,0.43830787204611793,0
46794,2012-01-18,0.3991594693607301,1
46795,2012-01-18,0.3556909321352675,0
46796,2012-01-18,0.32005855743216555,0
46797,2012-01-18,0.41407847467696357,0
46798,2012-01-18,0.18984061632843546,0
46799,2012-01-18,0.3499074749869053,0
46800,2012-01-18,0.2369425151848566,0
46801,2012-01-18,0.24704881804418127,0
46802,2012-01-18,0.23684798363163576,0
46803,2012-01-18,0.4470884283690015,1
46804,2012-01-18,0.3220178885290238,1
46805,2012-01-18,0.20675489167265115,0
46806,2012-01-18,0.3213304926853108,1
46807,2012-01-18,0.2691932661033936,0
46808,2012-01-18,0.39185505527148223,0
46809,2012-01-18,0.48567923420665293,0
46810,2012-01-18,0.3707949247205254,1
46811,2012-01-18,0.19820284419954826,0
46812,2012-01-18,0.35513970822378255,1
46813,2012-01-18,0.20102641213808492,1
46814,2012-01-18,0.342277268209712,0
46815,2012-01-18,0.4643719639650552,0
46816,2012-01-18,0.1754695319903334,0
46817,2012-01-18,0.39570254261400617,0
46818,2012-01-18,0.36121084599854936,1
46819,2012-01-18,0.19861881761777758,0
46820,2012-01-18,0.45096447253158495,1
46821,2012-01-18,0.18293006023576633,0
46822,2012-01-18,0.30276413828159293,0
46823,2012-01-18,0.2742951344830847,0
46824,2012-01-18,0.21389464447358567,0
46825,2012-01-18,0.23822256961857124,0
46826,2012-01-18,0.21174059364504838,0
46827,2012-01-18,0.19519143870985423,0
46828,2012-01-18,0.2128706939917304,0
46829,2012-01-18,0.4878617348892201,1
46830,2012-01-18,0.3785241469306789,1
46831,2012-01-18,0.394133166674179,1
46832,2012-01-18,0.18527751023803513,0
46833,2012-01-18,0.2822677837270547,1
46834,2012-01-18,0.19612489826373883,0
46835,2012-01-18,0.3601157963713905,1
46836,2012-01-18,0.33167623955541153,0
46837,2012-01-18,0.37637485548517513,1
46838,2012-01-18,0.26651906909187073,0
46839,2012-01-18,0.17757952252178444,0
46840,2012-01-18,0.2681953744846301,0
46841,2012-01-18,0.40410561223430813,0
46842,2012-01-18,0.25191184500838903,0
46843,2012-01-18,0.19411049600298128,0
46844,2012-01-18,0.2216118941520589,0
46845,2012-01-18,0.17894938791521756,1
46846,2012-01-18,0.26431273378211895,0
46847,2012-01-18,0.39621060838362543,1
46848,2012-01-18,0.31299584623791094,0
46849,2012-01-18,0.5197688909974504,0
46850,2012-01-18,0.24782087272469638,0
46851,2012-01-18,0.09791219035591689,0
46852,2012-01-18,0.5396606969883253,1
46853,2012-01-18,0.4162655397155165,0
46854,2012-01-18,0.32841831204199035,0
46855,2012-01-18,0.15799276996197392,1
46856,2012-01-18,0.21705284825035023,0
46857,2012-01-18,0.2580852218091344,0
46858,2012-01-18,0.18882267706767217,0
46859,2012-01-18,0.17656295530187052,0
46860,2012-01-18,0.24868617434461732,1
46861,2012-01-18,0.3555484820866785,0
46862,2012-01-18,0.24550881477411776,0
46863,2012-01-18,0.24385022239773474,1
46864,2012-01-18,0.20511062892096724,0
46865,2012-01-18,0.12258470821414603,0
46866,2012-01-18,0.3019322940242032,1
46867,2012-01-18,0.39693408299298866,1
46868,2012-01-18,0.3615884155782964,1
46869,2012-01-18,0.29279218127996065,0
46870,2012-01-18,0.3979285149134264,1
46871,2012-01-18,0.2703240742682824,0
46872,2012-01-18,0.3289487988063558,0
46873,2012-01-18,0.28027546965809186,0
46874,2012-01-18,0.23949261204626374,0
46875,2012-01-18,0.240874030134003,0
46876,2012-01-18,0.41732815717844207,1
46877,2012-01-18,0.3052461220261475,0
46878,2012-01-18,0.29272190702222906,0
46879,2012-01-18,0.20209797334041338,0
46880,2012-01-18,0.1807123913630847,0
46881,2012-01-18,0.2993590062662512,0
46882,2012-01-18,0.3347700874386034,1
46883,2012-01-18,0.34530728845419423,0
46884,2012-01-18,0.17804716216054933,0
46885,2012-01-18,0.2400533438782981,0
46886,2012-01-18,0.19826884656092197,0
46887,2012-01-18,0.2723066382997558,0
46888,2012-01-18,0.1424909022592363,0
46889,2012-01-18,0.33804242996446626,0
46890,2012-01-18,0.16725291954513755,0
46891,2012-01-18,0.19013000351542783,0
46892,2012-01-18,0.21602863319477383,0
46893,2012-01-18,0.2951804834500445,0
46894,2012-01-18,0.3691070005849694,0
46895,2012-01-18,0.3936011700493175,1
46896,2012-01-18,0.40975732000637616,0
46897,2012-01-18,0.1455657118898958,0
46898,2012-01-18,0.11453011371970383,0
46899,2012-01-18,0.36322831190873683,0
46900,2012-01-18,0.20380073868402246,0
46901,2012-01-18,0.2940649478691595,0
46902,2012-01-18,0.17722260481046379,1
46903,2012-01-18,0.3109807009564461,1
46904,2012-01-18,0.16898351549361298,1
46905,2012-01-18,0.12958846563517934,0
46906,2012-01-18,0.27933599002774534,0
46907,2012-01-18,0.15127434639420106,0
46908,2012-01-18,0.24558309779219423,0
46909,2012-01-18,0.2513523079060676,0
46910,2012-01-18,0.14148699629790118,0
46911,2012-01-18,0.1730557400380577,0
46912,2012-01-18,0.16876782171484656,0
46913,2012-01-18,0.18928195713439294,0
46914,2012-01-18,0.18508810622525604,0
46915,2012-01-18,0.5460306946988992,1
46916,2012-01-18,0.22552677829577344,0
46917,2012-01-18,0.2699955651803502,0
46918,2012-01-18,0.2685901673039579,0
46919,2012-01-18,0.2075703348167989,0
46920,2012-01-18,0.2726746847413296,0
46921,2012-01-18,0.6459654447152688,0
46922,2012-01-18,0.1400085716914828,0
46923,2012-01-18,0.1961018251479014,0
46924,2012-01-18,0.17821755883815232,0
46925,2012-01-18,0.33266298904505814,1
46926,2012-01-18,0.33975055765564566,0
46927,2012-01-18,0.2475842798643254,1
46928,2012-01-18,0.2704026447180027,0
46929,2012-01-18,0.15902198083752359,0
46930,2012-01-18,0.29342289311040803,0
46931,2012-01-18,0.28829834606720645,0
46932,2012-01-18,0.18529661049339524,0
46933,2012-01-18,0.4369158621824485,0
46934,2012-01-18,0.21728553111122645,0
46935,2012-01-18,0.6090045740234858,0
46936,2012-01-18,0.20180159289288618,0
46937,2012-01-18,0.32418414150157987,0
46938,2012-01-18,0.19430474939374934,0
46939,2012-01-18,0.25655495197642303,0
46940,2012-01-18,0.15318442104739527,0
46941,2012-01-18,0.25393752216880866,0
46942,2012-01-18,0.1356459984671529,0
46943,2012-01-18,0.17381896179809347,0
46944,2012-01-18,0.21463380029366272,0
46945,2012-01-18,0.27568364348447244,0
46946,2012-01-18,0.23599712944210932,1
46947,2012-01-18,0.15456105537720016,0
46948,2012-01-18,0.16833856930776728,0
46949,2012-01-18,0.22836501120082348,0
46950,2012-01-18,0.14781920880350996,0
46951,2012-01-18,0.19332305992081147,0
46952,2012-01-18,0.0985661139997189,1
46953,2012-01-18,0.24215404889635742,1
46954,2012-01-18,0.16150813368712488,0
46955,2012-01-18,0.13973716913075393,0
46956,2012-01-18,0.2813835208499208,0
46957,2012-01-18,0.20519051048075132,0
46958,2012-01-18,0.18696226862803,0
46959,2012-01-18,0.3835767535208431,0
46960,2012-01-18,0.419623745162621,0
46961,2012-01-18,0.20146746594790965,1
46962,2012-01-18,0.2532016890226661,1
46963,2012-01-18,0.18077740778773851,0
46964,2012-01-18,0.414597645201849,0
46965,2012-01-18,0.41213208419004865,1
46966,2012-01-18,0.27006102084417,0
46967,2012-01-18,0.3349339806189441,0
46968,2012-01-18,0.3783469830124017,1
46969,2012-01-18,0.34864548803631396,1
46970,2012-01-18,0.32732497178390063,0
46971,2012-01-18,0.297115452816074,0
46972,2012-01-18,0.256052615613547,1
46973,2012-01-18,0.280864963867551,0
46974,2012-01-18,0.5264213932676081,1
46975,2012-01-18,0.17886417051041456,0
46976,2012-01-18,0.13280049755820703,0
46977,2012-01-18,0.43998555675358375,1
46978,2012-01-18,0.1279563307946211,0
46979,2012-01-18,0.2556049060787234,0
46980,2012-01-18,0.3321811072941969,0
46981,2012-01-18,0.28087680239223345,0
46982,2012-01-18,0.17272347790377993,0
46983,2012-01-18,0.45092538474980653,0
46984,2012-01-18,0.532738236666868,0
46985,2012-01-18,0.2801590933731762,1
46986,2012-01-18,0.332918858309162,0
46987,2012-01-18,0.22327900359989633,0
46988,2012-01-18,0.3417137557189599,0
46989,2012-01-18,0.3796462117128773,1
46990,2012-01-18,0.19130520407341967,0
46991,2012-01-18,0.2949644448060757,0
46992,2012-01-18,0.24820241967629111,0
46993,2012-01-18,0.33333156356963917,1
46994,2012-01-18,0.3833708563723311,0
46995,2012-01-18,0.2618622475098204,1
46996,2012-01-18,0.4418851364307297,0
46997,2012-01-18,0.5511360828763676,0
46998,2012-01-18,0.3910103884210242,0
46999,2012-01-18,0.21897164675452896,0
47000,2012-01-18,0.1554726776152168,0
47001,2012-01-18,0.4418366724894003,1
47002,2012-01-18,0.22230423281030495,0
47003,2012-01-18,0.24901524301040007,0
47004,2012-01-18,0.24872463441685794,1
47005,2012-01-18,0.3241970277788332,0
47006,2012-01-18,0.32942729853141944,1
47007,2012-01-18,0.30859180139904213,0
47008,2012-01-18,0.1994141204254772,1
47009,2012-01-18,0.28202782672899995,0
47010,2012-01-18,0.1104557180561461,0
47011,2012-01-18,0.28761721187665756,1
47012,2012-01-18,0.6260276437974694,1
47013,2012-01-18,0.18193623886058186,0
47014,2012-01-18,0.16837015583645656,1
47015,2012-01-18,0.2800294143006148,0
47016,2012-01-18,0.23950239927291236,0
47017,2012-01-18,0.15923681258584957,0
47018,2012-01-18,0.2625258262803046,1
47019,2012-01-18,0.4438676469920074,0
47020,2012-01-18,0.4652053444192711,0
47021,2012-01-18,0.36530914280321614,1
47022,2012-01-18,0.31898016168976207,0
47023,2012-01-18,0.35362907761209633,0
47024,2012-01-18,0.41596016125099133,1
47025,2012-01-18,0.32788319604048577,0
47026,2012-01-18,0.21857131830890916,0
47027,2012-01-18,0.20368575695357172,0
47028,2012-01-18,0.13935047673804693,0
47029,2012-01-18,0.25356200668754825,0
47030,2012-01-18,0.34307216773466204,0
47031,2012-01-18,0.4067017090432157,0
47032,2012-01-18,0.1694957514845948,0
47033,2012-01-18,0.2186080368232171,1
47034,2012-01-18,0.14883853383556092,0
47035,2012-01-18,0.23072584614087122,0
47036,2012-01-18,0.31689949956157754,0
47037,2012-01-18,0.4324033598106718,0
47038,2012-01-18,0.37315243585809527,0
47039,2012-01-18,0.31234077870579174,0
47040,2012-01-18,0.22342578887308379,0
47041,2012-01-18,0.5069821529875984,1
47042,2012-01-18,0.2645582222147577,0
47043,2012-01-18,0.19804846444304453,0
47044,2012-01-18,0.13155594591351885,0
47045,2012-01-18,0.14122550573366577,0
47046,2012-01-18,0.3612778370196759,0
47047,2012-01-18,0.34775322092715466,1
47048,2012-01-18,0.2940627160109708,0
47049,2012-01-18,0.4581524728126994,0
47050,2012-01-18,0.33714519654513736,0
47051,2012-01-18,0.4684772196885309,1
47052,2012-01-18,0.4336298269250341,0
47053,2012-01-18,0.34829023020782823,1
47054,2012-01-18,0.20524314946585678,0
47055,2012-01-18,0.2160552220899836,1
47056,2012-01-18,0.1824663002494398,0
47057,2012-01-18,0.1884862585096012,0
47058,2012-01-18,0.27209453296356234,0
47059,2012-01-18,0.1828494812580559,0
47060,2012-01-18,0.12604887956394423,0
47061,2012-01-18,0.1689026214539387,0
47062,2012-01-18,0.24870392248585066,0
47063,2012-01-18,0.26894152030743335,0
47064,2012-01-18,0.16650515423057982,0
47065,2012-01-18,0.16647662772846794,0
47066,2012-01-18,0.18126721139962823,0
47067,2012-01-18,0.2715219867215187,1
47068,2012-01-18,0.5829469596529181,0
47069,2012-01-18,0.4502334685347859,0
47070,2012-01-18,0.4968569372053065,1
47071,2012-01-18,0.23450948071949712,0
47072,2012-01-18,0.3008715917821865,0
47073,2012-01-18,0.18053542157084704,0
47074,2012-01-19,0.2983469637904779,1
47075,2012-01-19,0.3831758660338344,1
47076,2012-01-19,0.2643178719585402,1
47077,2012-01-19,0.35479721894098376,1
47078,2012-01-19,0.2689799760562508,0
47079,2012-01-19,0.2629658840901154,0
47080,2012-01-19,0.19012675940406623,0
47081,2012-01-19,0.29238947080046074,0
47082,2012-01-19,0.17556949852601292,1
47083,2012-01-19,0.14777336235507527,0
47084,2012-01-19,0.302850341665066,0
47085,2012-01-19,0.3205367019892855,0
47086,2012-01-19,0.4009603512381779,1
47087,2012-01-19,0.18235778108205106,0
47088,2012-01-19,0.44901757641774837,1
47089,2012-01-19,0.12888835152991931,0
47090,2012-01-19,0.24803747851712726,0
47091,2012-01-19,0.2682676793450855,0
47092,2012-01-19,0.18269967740389437,1
47093,2012-01-19,0.30415466001689695,1
47094,2012-01-19,0.3075204755996581,0
47095,2012-01-19,0.2138425653007703,0
47096,2012-01-19,0.27180088463384855,0
47097,2012-01-19,0.30974452701056526,0
47098,2012-01-19,0.2752450897983397,0
47099,2012-01-19,0.1749861254952232,0
47100,2012-01-19,0.30326743083714497,0
47101,2012-01-19,0.35992924567771095,1
47102,2012-01-19,0.2491493218613411,0
47103,2012-01-19,0.3366778735688933,0
47104,2012-01-19,0.41721592331444124,1
47105,2012-01-19,0.2358699375784662,0
47106,2012-01-19,0.2459080293201993,1
47107,2012-01-19,0.15140777090459698,0
47108,2012-01-19,0.19607229654410788,0
47109,2012-01-19,0.11582633793819158,0
47110,2012-01-19,0.6207886918071044,0
47111,2012-01-19,0.1288939285094131,0
47112,2012-01-19,0.4112427241054951,1
47113,2012-01-19,0.2808801516250403,0
47114,2012-01-19,0.45697450743549517,0
47115,2012-01-19,0.24361271744903176,0
47116,2012-01-19,0.45598592588915093,1
47117,2012-01-19,0.6204004374217011,1
47118,2012-01-19,0.2752664577666353,1
47119,2012-01-19,0.14849110358153836,0
47120,2012-01-19,0.3510432355649346,1
47121,2012-01-19,0.15308929952714265,0
47122,2012-01-19,0.1789768986790809,0
47123,2012-01-19,0.33177044959985147,1
47124,2012-01-19,0.1994124690041065,0
47125,2012-01-19,0.38105590140212686,1
47126,2012-01-19,0.6155219839436272,1
47127,2012-01-19,0.5481934194379472,1
47128,2012-01-19,0.34812111310109883,0
47129,2012-01-19,0.19216508346586172,0
47130,2012-01-19,0.3371861812050183,0
47131,2012-01-19,0.42999448876182705,1
47132,2012-01-19,0.17188809589559756,0
47133,2012-01-19,0.41437502332594794,0
47134,2012-01-19,0.24321931354173335,0
47135,2012-01-19,0.18363953707817499,0
47136,2012-01-19,0.4078690261392525,1
47137,2012-01-19,0.17813382238853612,0
47138,2012-01-19,0.30254404272514956,0
47139,2012-01-19,0.17990150108758995,0
47140,2012-01-19,0.13660795909087775,0
47141,2012-01-19,0.5775188673464227,1
47142,2012-01-19,0.28850695053402803,0
47143,2012-01-19,0.23407548153675856,0
47144,2012-01-19,0.59614120208225,1
47145,2012-01-19,0.17841611903167323,1
47146,2012-01-19,0.5017496551525332,1
47147,2012-01-19,0.19616180296510946,0
47148,2012-01-19,0.4943608916889789,0
47149,2012-01-19,0.188898383481202,0
47150,2012-01-19,0.22205579065872008,1
47151,2012-01-19,0.36156366239014076,1
47152,2012-01-19,0.3482687824497834,1
47153,2012-01-19,0.6326275497542196,1
47154,2012-01-19,0.11421907353534394,0
47155,2012-01-19,0.3504891483033884,0
47156,2012-01-19,0.40108536198870093,1
47157,2012-01-19,0.1438724762360915,0
47158,2012-01-19,0.3095008799903602,0
47159,2012-01-19,0.46544926167339484,0
47160,2012-01-19,0.34536837608129,0
47161,2012-01-19,0.2156682745417164,0
47162,2012-01-20,0.09648036452432902,0
47163,2012-01-20,0.19255456884816968,1
47164,2012-01-20,0.36054861669343313,0
47165,2012-01-20,0.3221891362231971,0
47166,2012-01-20,0.1910806220147465,0
47167,2012-01-20,0.1470010807855598,1
47168,2012-01-20,0.18788299680218484,1
47169,2012-01-20,0.2907759820523775,0
47170,2012-01-20,0.21541270985932684,0
47171,2012-01-20,0.3819816006932356,1
47172,2012-01-20,0.1528787096187348,0
47173,2012-01-20,0.16785125621827898,0
47174,2012-01-20,0.4350064983857775,0
47175,2012-01-20,0.2823621738055537,0
47176,2012-01-20,0.3664765120716935,0
47177,2012-01-20,0.3643418519566325,0
47178,2012-01-20,0.2710024759384112,0
47179,2012-01-20,0.4089515167726912,0
47180,2012-01-20,0.25009818366958914,0
47181,2012-01-20,0.331953359765049,0
47182,2012-01-20,0.3127816249249954,0
47183,2012-01-20,0.14932126399224727,0
47184,2012-01-20,0.14452953042653743,0
47185,2012-01-20,0.3131167277334601,0
47186,2012-01-20,0.1273300166081856,0
47187,2012-01-20,0.21639274517814563,0
47188,2012-01-20,0.2836498410672825,0
47189,2012-01-20,0.2045439676256997,0
47190,2012-01-20,0.16116104392110872,0
47191,2012-01-20,0.42314710828054014,0
47192,2012-01-20,0.22648360594043485,0
47193,2012-01-20,0.45017463413527536,0
47194,2012-01-20,0.24631287831020388,1
47195,2012-01-20,0.22504989204343526,0
47196,2012-01-20,0.28801253977623364,0
47197,2012-01-20,0.22511876746292378,0
47198,2012-01-20,0.25235455873479024,1
47199,2012-01-20,0.2833346714987839,0
47200,2012-01-20,0.24882392705846385,0
47201,2012-01-20,0.2606580271194934,0
47202,2012-01-20,0.37897943577758353,0
47203,2012-01-20,0.16683821764368736,0
47204,2012-01-20,0.3363334636179247,0
47205,2012-01-20,0.2869160872483411,0
47206,2012-01-20,0.29963200106853727,0
47207,2012-01-20,0.22287920592835664,0
47208,2012-01-20,0.1513411018772074,1
47209,2012-01-20,0.3051684371599798,1
47210,2012-01-20,0.14711952369852113,0
47211,2012-01-20,0.2536523308612048,0
47212,2012-01-20,0.33251704125885384,0
47213,2012-01-20,0.12243193849726973,0
47214,2012-01-20,0.2681809804769209,0
47215,2012-01-20,0.39442867695645856,0
47216,2012-01-20,0.41719722675619775,0
47217,2012-01-20,0.6695439663876727,0
47218,2012-01-20,0.3454366007314117,1
47219,2012-01-20,0.43471020522207054,1
47220,2012-01-20,0.3791328741209442,1
47221,2012-01-20,0.32717127358538545,1
47222,2012-01-20,0.18542512994110227,0
47223,2012-01-20,0.11554125864351233,0
47224,2012-01-20,0.1938039194788995,1
47225,2012-01-20,0.263357519071804,1
47226,2012-01-20,0.1649827230982001,1
47227,2012-01-20,0.1748170591404412,0
47228,2012-01-20,0.33464362747007836,1
47229,2012-01-20,0.22939336277812697,0
47230,2012-01-20,0.2210026736932295,0
47231,2012-01-20,0.3042177740701872,0
47232,2012-01-20,0.5243046110393446,1
47233,2012-01-20,0.3111309886200805,1
47234,2012-01-20,0.18540878900022612,0
47235,2012-01-20,0.35768577354203607,1
47236,2012-01-20,0.4776494146547088,0
47237,2012-01-20,0.21265129677293404,0
47238,2012-01-20,0.2714077787282879,0
47239,2012-01-20,0.22363311078704196,0
47240,2012-01-20,0.3374346640834844,1
47241,2012-01-20,0.1650378835293516,0
47242,2012-01-20,0.22900105442717916,0
47243,2012-01-20,0.2847477457290636,0
47244,2012-01-20,0.3377724377595192,0
47245,2012-01-20,0.17939129890463767,0
47246,2012-01-20,0.2516886106613952,0
47247,2012-01-20,0.3660940881806933,0
47248,2012-01-20,0.275773286232012,0
47249,2012-01-20,0.34551860725434924,0
47250,2012-01-20,0.3018035434537267,0
47251,2012-01-20,0.29634994582369967,1
47252,2012-01-20,0.35782002681657743,0
47253,2012-01-20,0.27776390931667916,0
47254,2012-01-20,0.252161275642194,0
47255,2012-01-20,0.3118055821793418,0
47256,2012-01-20,0.23125192833074093,0
47257,2012-01-20,0.3939739829880337,0
47258,2012-01-20,0.21302222333759344,0
47259,2012-01-20,0.21879065668711456,0
47260,2012-01-20,0.1664856501909728,0
47261,2012-01-20,0.19891742713103594,0
47262,2012-01-20,0.21888401939967192,0
47263,2012-01-20,0.48491135576184885,1
47264,2012-01-20,0.18470592970847072,0
47265,2012-01-20,0.19066595926105695,0
47266,2012-01-20,0.4272785448865008,0
47267,2012-01-20,0.4398007228102315,0
47268,2012-01-20,0.2297570775299795,1
47269,2012-01-20,0.1852935764988512,1
47270,2012-01-20,0.15616166583016913,0
47271,2012-01-20,0.3323682672283879,1
47272,2012-01-20,0.4470172324513086,0
47273,2012-01-20,0.3759286454666531,0
47274,2012-01-20,0.25248497905449757,1
47275,2012-01-20,0.24211656634001427,0
47276,2012-01-20,0.2853589279588525,0
47277,2012-01-20,0.1675925401153479,1
47278,2012-01-20,0.22105701996071314,0
47279,2012-01-20,0.3089245854912698,0
47280,2012-01-20,0.18616056780386034,0
47281,2012-01-20,0.22954443521985682,1
47282,2012-01-20,0.6313252401202318,0
47283,2012-01-20,0.17664043119292275,0
47284,2012-01-20,0.18370292198582297,0
47285,2012-01-20,0.24152633057206557,0
47286,2012-01-20,0.23552017061017907,0
47287,2012-01-20,0.2961552167226137,0
47288,2012-01-20,0.18909270077821785,1
47289,2012-01-20,0.41321020834945854,0
47290,2012-01-20,0.22786674340450017,0
47291,2012-01-20,0.17445344275921318,0
47292,2012-01-20,0.37373503444236805,0
47293,2012-01-20,0.11670374159087603,0
47294,2012-01-20,0.3629200102190819,0
47295,2012-01-20,0.2613968778989354,0
47296,2012-01-20,0.2217750032942164,0
47297,2012-01-20,0.3431626290266493,1
47298,2012-01-20,0.3422618049230846,0
47299,2012-01-20,0.21650180593846036,0
47300,2012-01-20,0.3176028106097148,0
47301,2012-01-20,0.19516400626967192,0
47302,2012-01-20,0.21140174563772487,0
47303,2012-01-20,0.23897763257954285,1
47304,2012-01-20,0.1723860488342144,0
47305,2012-01-20,0.26995320435120623,0
47306,2012-01-20,0.16209935566754627,0
47307,2012-01-20,0.4438961193932181,1
47308,2012-01-20,0.1831843055737569,0
47309,2012-01-20,0.2675123597718345,0
47310,2012-01-20,0.14669947526751057,0
47311,2012-01-20,0.1479000340517645,0
47312,2012-01-20,0.19765393722082844,1
47313,2012-01-20,0.616085563820313,0
47314,2012-01-20,0.2833896813304343,0
47315,2012-01-20,0.23809278570529288,1
47316,2012-01-20,0.3185778744309625,0
47317,2012-01-20,0.38758162200963636,1
47318,2012-01-20,0.26231931739655,0
47319,2012-01-20,0.3095482661831602,0
47320,2012-01-20,0.35641729406545497,0
47321,2012-01-20,0.3057181460218796,1
47322,2012-01-20,0.3575290452058408,1
47323,2012-01-20,0.31987909175087986,1
47324,2012-01-20,0.299803654537695,0
47325,2012-01-20,0.359067045393646,0
47326,2012-01-20,0.2832044579571411,0
47327,2012-01-20,0.5181322572493623,1
47328,2012-01-20,0.2591321179461593,0
47329,2012-01-20,0.4223315600333671,1
47330,2012-01-20,0.2669567314978604,1
47331,2012-01-20,0.177464971401942,0
47332,2012-01-20,0.24652726379738096,1
47333,2012-01-20,0.11073829095621293,0
47334,2012-01-20,0.14105186773997314,0
47335,2012-01-20,0.2509519407475974,0
47336,2012-01-20,0.4645631456729377,1
47337,2012-01-20,0.2698606641913576,0
47338,2012-01-20,0.1902206405367557,1
47339,2012-01-20,0.24328400484739962,0
47340,2012-01-20,0.2623581632011341,0
47341,2012-01-20,0.1906887677263435,1
47342,2012-01-20,0.5125801020464051,0
47343,2012-01-20,0.2905442483857071,0
47344,2012-01-20,0.15745944609485793,0
47345,2012-01-20,0.26150184404955873,0
47346,2012-01-20,0.2646263485512961,0
47347,2012-01-20,0.1780702564950253,0
47348,2012-01-20,0.2654053943340442,1
47349,2012-01-20,0.1997824932608874,0
47350,2012-01-20,0.29674767790875334,0
47351,2012-01-20,0.14675540363131598,0
47352,2012-01-20,0.22013368709866532,0
47353,2012-01-20,0.15374981437119034,0
47354,2012-01-20,0.29164335440913863,1
47355,2012-01-20,0.25151372664796456,0
47356,2012-01-20,0.27063794767070787,0
47357,2012-01-20,0.226007074140033,1
47358,2012-01-20,0.3196526104430087,0
47359,2012-01-20,0.31141594968853387,0
47360,2012-01-20,0.26813435411694575,1
47361,2012-01-20,0.4121700282970144,0
47362,2012-01-20,0.4545657955711575,0
47363,2012-01-20,0.2475087150771242,1
47364,2012-01-20,0.23603416126226878,0
47365,2012-01-20,0.33321251585946865,0
47366,2012-01-20,0.33544248909706437,0
47367,2012-01-20,0.1839648205890676,0
47368,2012-01-20,0.3445604359480899,1
47369,2012-01-20,0.5592276917929572,1
47370,2012-01-20,0.3557068867323878,1
47371,2012-01-20,0.14600190789993667,1
47372,2012-01-20,0.3538602294710768,0
47373,2012-01-20,0.3589861314187806,0
47374,2012-01-20,0.17823611341860945,0
47375,2012-01-20,0.4077904998717067,0
47376,2012-01-20,0.12607336070192834,1
47377,2012-01-20,0.20687610448314245,0
47378,2012-01-20,0.34802248983608575,1
47379,2012-01-20,0.21406891844896697,0
47380,2012-01-20,0.31720371948140297,1
47381,2012-01-20,0.35804869354009283,0
47382,2012-01-20,0.19716057603757595,1
47383,2012-01-20,0.2644471336404868,0
47384,2012-01-20,0.21828965757715124,0
47385,2012-01-20,0.34358295024467445,1
47386,2012-01-20,0.36391481170613066,0
47387,2012-01-20,0.3362931715390715,0
47388,2012-01-20,0.37096934101355955,1
47389,2012-01-20,0.1324898723276548,0
47390,2012-01-20,0.22899552432948606,0
47391,2012-01-20,0.1648702601672046,0
47392,2012-01-20,0.16965668198014733,1
47393,2012-01-20,0.13954265237550167,0
47394,2012-01-20,0.1724283658956489,0
47395,2012-01-20,0.22711428680417378,0
47396,2012-01-20,0.21452089754297174,0
47397,2012-01-20,0.14482206151525306,0
47398,2012-01-20,0.23587297136784308,0
47399,2012-01-20,0.17786785312842415,1
47400,2012-01-20,0.31496930327692124,0
47401,2012-01-20,0.15214136016353513,0
47402,2012-01-20,0.3199832347393931,1
47403,2012-01-20,0.26647172145424736,0
47404,2012-01-20,0.5165205731033501,0
47405,2012-01-20,0.26166691676150167,0
47406,2012-01-20,0.27302555007173385,0
47407,2012-01-20,0.2570065175842967,0
47408,2012-01-20,0.34690461958051344,0
47409,2012-01-20,0.20692831649557025,0
47410,2012-01-20,0.42480577651936746,0
47411,2012-01-20,0.3291466752479136,0
47412,2012-01-20,0.22437930335164402,0
47413,2012-01-20,0.23761581279389885,0
47414,2012-01-20,0.3456895532553126,0
47415,2012-01-20,0.20005234186551552,0
47416,2012-01-20,0.24633910014927424,0
47417,2012-01-20,0.1685670759847243,0
47418,2012-01-20,0.399606883204081,0
47419,2012-01-20,0.34388580166369287,1
47420,2012-01-20,0.19221042098358673,0
47421,2012-01-20,0.358321600139524,1
47422,2012-01-20,0.1798523477422973,0
47423,2012-01-20,0.3323006706444883,0
47424,2012-01-20,0.33884379812937504,1
47425,2012-01-20,0.21592791036185918,0
47426,2012-01-20,0.23492390735524896,0
47427,2012-01-20,0.29131915331499364,0
47428,2012-01-20,0.21903328871795216,0
47429,2012-01-20,0.15600012356619286,0
47430,2012-01-20,0.18297908740906005,0
47431,2012-01-20,0.34269343554039083,0
47432,2012-01-20,0.42168766647583633,0
47433,2012-01-20,0.3495995565533876,1
47434,2012-01-20,0.31286811054746255,0
47435,2012-01-20,0.14037337071707032,0
47436,2012-01-20,0.15317515519374164,0
47437,2012-01-20,0.21719175913145788,0
47438,2012-01-20,0.26377222817412854,0
47439,2012-01-20,0.3094020099276522,0
47440,2012-01-20,0.43072315209884215,1
47441,2012-01-20,0.48898684950539517,1
47442,2012-01-20,0.20958351803040579,0
47443,2012-01-20,0.32237530234027517,0
47444,2012-01-20,0.2254413569622648,1
47445,2012-01-20,0.16186750677553624,1
47446,2012-01-20,0.382106797563827,1
47447,2012-01-20,0.30026886432532146,0
47448,2012-01-20,0.5017007180344295,0
47449,2012-01-20,0.19475925845806405,0
47450,2012-01-20,0.2121961569465878,0
47451,2012-01-20,0.22301584019839987,0
47452,2012-01-20,0.2885251184442498,0
47453,2012-01-20,0.24245350031064827,1
47454,2012-01-20,0.18634932365893478,0
47455,2012-01-20,0.15166991451492157,0
47456,2012-01-20,0.2115809672858387,0
47457,2012-01-20,0.13461182749480619,1
47458,2012-01-20,0.42715468381461646,1
47459,2012-01-20,0.33434933867485883,1
47460,2012-01-20,0.1679662135401842,0
47461,2012-01-20,0.26690713031872204,1
47462,2012-01-20,0.5184285433407922,1
47463,2012-01-20,0.30651159078031737,0
47464,2012-01-20,0.16942081066844863,0
47465,2012-01-20,0.20710640823478604,0
47466,2012-01-20,0.2280387338900433,0
47467,2012-01-20,0.15734905537933574,0
47468,2012-01-20,0.15809252216374942,1
47469,2012-01-20,0.24699205487447706,0
47470,2012-01-20,0.23244554175240598,0
47471,2012-01-20,0.3069730283865645,0
47472,2012-01-20,0.1396850762822884,0
47473,2012-01-20,0.27613875124621334,0
47474,2012-01-20,0.2194868536009718,0
47475,2012-01-20,0.31401207207565296,0
47476,2012-01-20,0.18789142740344858,0
47477,2012-01-20,0.33324507337943793,1
47478,2012-01-20,0.2672443251995966,0
47479,2012-01-20,0.295976625219286,0
47480,2012-01-20,0.23446795560618872,0
47481,2012-01-20,0.23769025667675864,0
47482,2012-01-20,0.23712911443561077,0
47483,2012-01-20,0.30332366887727114,0
47484,2012-01-20,0.3701707690465717,1
47485,2012-01-20,0.20005330781569422,0
47486,2012-01-20,0.21987916685099176,1
47487,2012-01-20,0.40531125052370454,0
47488,2012-01-20,0.2415534914688371,0
47489,2012-01-20,0.350057034728959,0
47490,2012-01-20,0.1941534275541849,0
47491,2012-01-20,0.19440899213223428,0
47492,2012-01-20,0.15068860918340957,0
47493,2012-01-20,0.28170504687275627,0
47494,2012-01-20,0.4322823380784212,0
47495,2012-01-20,0.5486412474081475,1
47496,2012-01-20,0.3355827516293921,0
47497,2012-01-20,0.49912198324758567,0
47498,2012-01-20,0.3621880234136119,1
47499,2012-01-20,0.41719722675619775,0
47500,2012-01-20,0.26576331368376216,1
47501,2012-01-20,0.4495989932959965,0
47502,2012-01-20,0.18944906069878095,0
47503,2012-01-20,0.1578811059332379,0
47504,2012-01-20,0.346631194902944,0
47505,2012-01-20,0.24444104146083676,0
47506,2012-01-20,0.22278208461703058,0
47507,2012-01-20,0.2408307553184406,0
47508,2012-01-20,0.15193955215755361,0
47509,2012-01-20,0.2296927027515306,0
47510,2012-01-20,0.18113266353670165,0
47511,2012-01-20,0.1982590143461934,0
47512,2012-01-20,0.18421728818336752,1
47513,2012-01-20,0.19398922961514015,0
47514,2012-01-20,0.38329208898972233,0
47515,2012-01-20,0.1791313387622086,0
47516,2012-01-20,0.23061181593753582,0
47517,2012-01-20,0.36426935678865724,1
47518,2012-01-20,0.21451026162221282,0
47519,2012-01-20,0.17785543904347875,0
47520,2012-01-20,0.25429334677934246,0
47521,2012-01-20,0.4427427178553317,0
47522,2012-01-20,0.1743369951803373,0
47523,2012-01-20,0.14981664698712494,0
47524,2012-01-20,0.25583207800657676,0
47525,2012-01-20,0.669790089616595,1
47526,2012-01-20,0.1996440176281517,1
47527,2012-01-20,0.2553280831340835,1
47528,2012-01-20,0.2754341155407153,0
47529,2012-01-20,0.16388474171588926,1
47530,2012-01-20,0.48085471206877517,1
47531,2012-01-20,0.10200538298451389,0
47532,2012-01-20,0.37524042130332885,0
47533,2012-01-20,0.3668458037391743,1
47534,2012-01-20,0.32404167167966114,0
47535,2012-01-20,0.17680966720321833,0
47536,2012-01-20,0.35713786086590943,0
47537,2012-01-20,0.3404517441523943,0
47538,2012-01-20,0.25610349277049976,0
47539,2012-01-20,0.37352967128388753,1
47540,2012-01-20,0.2274769771050297,0
47541,2012-01-20,0.3679315261182987,1
47542,2012-01-20,0.2988943313160564,0
47543,2012-01-20,0.4181682165786978,0
47544,2012-01-20,0.418944206478938,0
47545,2012-01-20,0.15564441369804027,0
47546,2012-01-20,0.33921758236064076,0
47547,2012-01-20,0.353233667780876,0
47548,2012-01-20,0.2879319608221116,0
47549,2012-01-20,0.12744581925399104,0
47550,2012-01-20,0.17339391938434504,0
47551,2012-01-20,0.41191023319528175,1
47552,2012-01-20,0.22171030803354527,0
47553,2012-01-20,0.2810434059255631,0
47554,2012-01-20,0.15179352541460467,0
47555,2012-01-20,0.3489745405035543,0
47556,2012-01-20,0.239506819212768,0
47557,2012-01-20,0.27993927761210863,0
47558,2012-01-20,0.22990931199925807,0
47559,2012-01-20,0.18320005744913995,0
47560,2012-01-20,0.13548065497738504,0
47561,2012-01-20,0.18470935516533477,1
47562,2012-01-20,0.29538373110841865,0
47563,2012-01-20,0.32092815578844924,0
47564,2012-01-20,0.32192098277898257,0
47565,2012-01-20,0.17931609992295722,0
47566,2012-01-20,0.4149974548984116,0
47567,2012-01-20,0.38085992148510145,0
47568,2012-01-20,0.2921018287842775,1
47569,2012-01-20,0.21767848040718413,0
47570,2012-01-20,0.2443833900934073,0
47571,2012-01-20,0.2828742916288405,0
47572,2012-01-20,0.19276422525392692,0
47573,2012-01-20,0.3882780038337587,1
47574,2012-01-20,0.34110198775520906,0
47575,2012-01-20,0.2752687369256418,1
47576,2012-01-20,0.39832000731680534,1
47577,2012-01-20,0.20725232057408632,0
47578,2012-01-20,0.2679834166751105,1
47579,2012-01-20,0.29133375862954786,0
47580,2012-01-20,0.41739706780710045,0
47581,2012-01-20,0.27023708098610943,0
47582,2012-01-20,0.3445857439216432,0
47583,2012-01-20,0.20735192969700436,1
47584,2012-01-20,0.3491265023888907,1
47585,2012-01-20,0.37022702253038564,0
47586,2012-01-20,0.3238115655829701,0
47587,2012-01-20,0.2796937272337534,0
47588,2012-01-20,0.1421811875106584,0
47589,2012-01-20,0.20934374365264355,0
47590,2012-01-20,0.19751193942085524,0
47591,2012-01-20,0.18758507773393118,0
47592,2012-01-20,0.3857511069123763,1
47593,2012-01-20,0.3331448374325917,0
47594,2012-01-20,0.132010382545725,0
47595,2012-01-20,0.34763580479727363,0
47596,2012-01-20,0.1212005179639608,0
47597,2012-01-20,0.16353590532505527,0
47598,2012-01-20,0.4188117660688802,1
47599,2012-01-20,0.21340953366131615,0
47600,2012-01-20,0.1929578128301377,0
47601,2012-01-20,0.28835755013939324,0
47602,2012-01-20,0.19369227855290982,1
47603,2012-01-20,0.17221441744905036,0
47604,2012-01-20,0.34912855545994265,0
47605,2012-01-20,0.3113346475512277,0
47606,2012-01-20,0.22748898261757033,1
47607,2012-01-20,0.19584208948424964,0
47608,2012-01-20,0.1780460364851995,0
47609,2012-01-20,0.29721624636056987,0
47610,2012-01-20,0.30670759690023675,0
47611,2012-01-20,0.2756466152851429,0
47612,2012-01-20,0.26620655807462457,1
47613,2012-01-20,0.37443452530880916,0
47614,2012-01-20,0.3284188745027793,1
47615,2012-01-20,0.234117394771417,0
47616,2012-01-20,0.6067674690412748,0
47617,2012-01-20,0.13872894034274755,1
47618,2012-01-20,0.25922183783600444,0
47619,2012-01-20,0.1628837867960854,0
47620,2012-01-20,0.21283724416711894,0
47621,2012-01-20,0.2587902700816189,0
47622,2012-01-20,0.3252204084256597,1
47623,2012-01-20,0.1671240695489439,1
47624,2012-01-20,0.20376459228888147,0
47625,2012-01-20,0.2694837326053806,0
47626,2012-01-20,0.2335892546497099,0
47627,2012-01-20,0.35709744125169735,0
47628,2012-01-20,0.24318410762934622,0
47629,2012-01-20,0.1806577360155576,0
47630,2012-01-20,0.3850757612565124,0
47631,2012-01-20,0.3445373856407978,0
47632,2012-01-20,0.26600173425745394,0
47633,2012-01-20,0.3393596857100044,1
47634,2012-01-20,0.2556969185877753,0
47635,2012-01-20,0.21186240151921795,0
47636,2012-01-20,0.18321330878304046,1
47637,2012-01-20,0.32790855141105535,1
47638,2012-01-20,0.23780530930274354,0
47639,2012-01-20,0.39077004850548297,1
47640,2012-01-20,0.6841940891027627,1
47641,2012-01-20,0.207168435779844,0
47642,2012-01-20,0.3259476232929801,0
47643,2012-01-20,0.20128234583915477,0
47644,2012-01-20,0.3522502145157943,0
47645,2012-01-20,0.20146060265439417,0
47646,2012-01-20,0.3742121018361317,1
47647,2012-01-20,0.24024078678153593,0
47648,2012-01-20,0.2462667249789367,0
47649,2012-01-20,0.24560883445519208,0
47650,2012-01-20,0.3873256711902455,0
47651,2012-01-20,0.18363020197199942,0
47652,2012-01-20,0.09623046630826886,0
47653,2012-01-20,0.2957543440949531,0
47654,2012-01-20,0.3125123963515731,1
47655,2012-01-20,0.24444157935493557,0
47656,2012-01-20,0.1370425538367432,0
47657,2012-01-20,0.40604454182323346,0
47658,2012-01-20,0.2672551820409936,1
47659,2012-01-20,0.31116258557064363,0
47660,2012-01-20,0.40326814688006885,1
47661,2012-01-20,0.18681912991269034,0
47662,2012-01-21,0.23604926960551248,0
47663,2012-01-21,0.2758103498965239,1
47664,2012-01-21,0.2755910636681836,1
47665,2012-01-21,0.2824084640276592,0
47666,2012-01-21,0.32082824382460684,1
47667,2012-01-21,0.3971032331415635,0
47668,2012-01-21,0.2652784155584392,0
47669,2012-01-21,0.2312359580896427,0
47670,2012-01-21,0.22106338507471143,1
47671,2012-01-21,0.1986182820400804,0
47672,2012-01-21,0.30313483739184743,0
47673,2012-01-21,0.20250391565886944,0
47674,2012-01-21,0.17753092689461886,0
47675,2012-01-21,0.16756576666921635,0
47676,2012-01-21,0.17679399293821174,0
47677,2012-01-21,0.14906707315914489,0
47678,2012-01-21,0.25396683665246794,0
47679,2012-01-21,0.27366890316084624,1
47680,2012-01-21,0.22090210307710048,1
47681,2012-01-21,0.18662908611151555,0
47682,2012-01-21,0.23808578902562624,0
47683,2012-01-21,0.25948671885645935,0
47684,2012-01-21,0.37035429728887115,0
47685,2012-01-21,0.3431115514781878,0
47686,2012-01-21,0.2761274627701041,0
47687,2012-01-21,0.26843321373442935,0
47688,2012-01-21,0.340750846111824,0
47689,2012-01-21,0.3714398479407479,0
47690,2012-01-21,0.26172330914724157,0
47691,2012-01-21,0.18532132110956478,0
47692,2012-01-21,0.17467213102475482,0
47693,2012-01-21,0.29487478772686737,0
47694,2012-01-21,0.22701591434645874,0
47695,2012-01-21,0.42403361241708526,0
47696,2012-01-21,0.25999729227894725,0
47697,2012-01-21,0.14848304051961142,0
47698,2012-01-21,0.34319085357178125,0
47699,2012-01-21,0.1956381195684811,0
47700,2012-01-21,0.1523773131205819,0
47701,2012-01-21,0.15930923688686038,1
47702,2012-01-21,0.20211143981787977,0
47703,2012-01-21,0.4689934816608789,0
47704,2012-01-21,0.3474736841632828,0
47705,2012-01-21,0.3255808525066897,0
47706,2012-01-21,0.3067971781249426,0
47707,2012-01-21,0.25127163498358757,0
47708,2012-01-21,0.25463077163693243,0
47709,2012-01-21,0.5106518456781436,1
47710,2012-01-21,0.25785142411432693,0
47711,2012-01-21,0.21758169484159942,1
47712,2012-01-21,0.4145818502321931,1
47713,2012-01-21,0.13203548517372837,0
47714,2012-01-21,0.266719066417296,0
47715,2012-01-21,0.3639345959539741,0
47716,2012-01-21,0.3488116771933349,0
47717,2012-01-21,0.26152576283054485,1
47718,2012-01-21,0.23681015266250244,0
47719,2012-01-21,0.4099463933138736,1
47720,2012-01-21,0.26000647615152445,0
47721,2012-01-21,0.152008526052816,0
47722,2012-01-21,0.4048743775921045,1
47723,2012-01-21,0.2012370682684217,0
47724,2012-01-21,0.2015503504517642,0
47725,2012-01-21,0.17357806687790883,0
47726,2012-01-21,0.46434626907914506,0
47727,2012-01-21,0.24987203199862623,0
47728,2012-01-21,0.4283758665393166,0
47729,2012-01-21,0.19426830431252964,0
47730,2012-01-21,0.36510127354702715,0
47731,2012-01-21,0.3511301464674412,0
47732,2012-01-21,0.29423165476910346,0
47733,2012-01-21,0.22017480544385062,0
47734,2012-01-21,0.26442511164275073,0
47735,2012-01-21,0.30979466388210974,0
47736,2012-01-21,0.4190684983536465,1
47737,2012-01-21,0.3138627575641711,0
47738,2012-01-21,0.14093690158355388,0
47739,2012-01-21,0.32943954318327606,0
47740,2012-01-21,0.3489489569030566,0
47741,2012-01-21,0.18850314280683378,0
47742,2012-01-21,0.651577952369699,1
47743,2012-01-21,0.2684140981124356,0
47744,2012-01-21,0.3610308605203293,0
47745,2012-01-21,0.19305851509680744,0
47746,2012-01-21,0.2969184263195956,0
47747,2012-01-21,0.3193487726967113,0
47748,2012-01-21,0.2283726346283743,0
47749,2012-01-21,0.18357992907580878,0
47750,2012-01-21,0.2268442093647616,0
47751,2012-01-21,0.19077571660625034,0
47752,2012-01-21,0.21578078351509158,1
47753,2012-01-21,0.16345532360053014,0
47754,2012-01-21,0.4126811744263817,0
47755,2012-01-21,0.18563185498451296,0
47756,2012-01-21,0.4244633297029973,0
47757,2012-01-21,0.22606923016368427,0
47758,2012-01-21,0.2463274761034993,0
47759,2012-01-21,0.2937306782337217,0
47760,2012-01-21,0.3559468182085604,1
47761,2012-01-21,0.2781391812518462,1
47762,2012-01-21,0.18093140243806657,0
47763,2012-01-21,0.45202873881125566,0
47764,2012-01-21,0.14607218184037496,1
47765,2012-01-21,0.14455819493501665,0
47766,2012-01-21,0.363409557370228,0
47767,2012-01-21,0.2496417628607808,0
47768,2012-01-21,0.159845154278572,0
47769,2012-01-21,0.34183926673575576,0
47770,2012-01-21,0.30548098176622684,0
47771,2012-01-21,0.16730849019912927,0
47772,2012-01-21,0.35749047894572994,1
47773,2012-01-21,0.33122518333182766,0
47774,2012-01-21,0.20928740247173008,0
47775,2012-01-21,0.23180136743563112,0
47776,2012-01-21,0.47764981331752593,1
47777,2012-01-21,0.3082354150867227,0
47778,2012-01-21,0.15042052888179075,1
47779,2012-01-21,0.35953957561739924,0
47780,2012-01-21,0.4876862753282949,0
47781,2012-01-21,0.42096093861391404,1
47782,2012-01-21,0.39290231535434134,1
47783,2012-01-21,0.3821211420509326,1
47784,2012-01-21,0.2801336974389307,1
47785,2012-01-21,0.26196820693236733,0
47786,2012-01-21,0.1675756292729264,0
47787,2012-01-21,0.3397765199362179,1
47788,2012-01-21,0.3902543267669478,0
47789,2012-01-21,0.15139309998516426,0
47790,2012-01-21,0.3218407583669314,1
47791,2012-01-21,0.18333440412991356,0
47792,2012-01-21,0.18731810101489726,0
47793,2012-01-21,0.2784757482905721,0
47794,2012-01-21,0.44529082236449224,0
47795,2012-01-21,0.15333566092360215,0
47796,2012-01-21,0.35122219612977496,1
47797,2012-01-21,0.21392311713344556,0
47798,2012-01-21,0.24672722040096773,0
47799,2012-01-21,0.2371929750251858,0
47800,2012-01-21,0.2383584966048378,0
47801,2012-01-21,0.5546023682694825,1
47802,2012-01-21,0.1782605712437504,1
47803,2012-01-21,0.2938786596311012,1
47804,2012-01-21,0.27836949248923193,0
47805,2012-01-21,0.2755705323024988,0
47806,2012-01-21,0.18528258957672827,0
47807,2012-01-21,0.2360808990436526,1
47808,2012-01-21,0.1972411134071624,0
47809,2012-01-21,0.272899163225065,0
47810,2012-01-21,0.22347228958888848,0
47811,2012-01-21,0.28171307994530365,0
47812,2012-01-21,0.24486821846339007,0
47813,2012-01-21,0.2655105588524211,0
47814,2012-01-21,0.24209679886735655,0
47815,2012-01-21,0.38672039228409183,0
47816,2012-01-21,0.15231069839091582,0
47817,2012-01-21,0.3275374043726506,0
47818,2012-01-21,0.3567170213371426,0
47819,2012-01-21,0.3715241461033491,0
47820,2012-01-21,0.21544810219782642,0
47821,2012-01-21,0.3933593840197953,0
47822,2012-01-21,0.18866782264519966,0
47823,2012-01-21,0.6142483693843871,0
47824,2012-01-21,0.17981027364784183,0
47825,2012-01-21,0.16631693288804408,0
47826,2012-01-21,0.4253348461570528,0
47827,2012-01-21,0.37225905845418056,0
47828,2012-01-21,0.20204682817501798,1
47829,2012-01-21,0.4380167656418742,0
47830,2012-01-21,0.3769716008159694,1
47831,2012-01-21,0.2541074029660233,0
47832,2012-01-21,0.34583406230135605,1
47833,2012-01-21,0.22141290386149998,0
47834,2012-01-21,0.1894337553612809,0
47835,2012-01-21,0.36874672054503993,0
47836,2012-01-21,0.2105267493577714,0
47837,2012-01-21,0.2508885355320124,0
47838,2012-01-21,0.45649984463296084,1
47839,2012-01-21,0.17713704545874018,1
47840,2012-01-21,0.24231267304666207,0
47841,2012-01-21,0.4713923729515228,1
47842,2012-01-21,0.26425407101931575,0
47843,2012-01-21,0.31618742631514407,0
47844,2012-01-21,0.34467131614839647,0
47845,2012-01-21,0.48491218240347955,0
47846,2012-01-21,0.33574708988277996,0
47847,2012-01-21,0.24012038828637,1
47848,2012-01-21,0.2848731407813429,0
47849,2012-01-21,0.246651668321155,0
47850,2012-01-21,0.25197507881874553,0
47851,2012-01-21,0.12673297988609628,0
47852,2012-01-21,0.5369158002785771,1
47853,2012-01-21,0.36877180639184576,0
47854,2012-01-21,0.3453192450410527,0
47855,2012-01-21,0.2595677734336297,0
47856,2012-01-21,0.2582464772460855,0
47857,2012-01-21,0.1520771387257664,1
47858,2012-01-21,0.37695096706545805,0
47859,2012-01-21,0.11781413083624824,0
47860,2012-01-21,0.3605082796282004,0
47861,2012-01-21,0.3727113282061902,1
47862,2012-01-21,0.3497048198482632,0
47863,2012-01-21,0.33907283714914727,0
47864,2012-01-21,0.2650512734586086,0
47865,2012-01-21,0.23219895553982192,0
47866,2012-01-21,0.38995241081210763,0
47867,2012-01-21,0.12561966845186515,0
47868,2012-01-21,0.13681766541920581,1
47869,2012-01-21,0.2655881066968883,0
47870,2012-01-21,0.15724495519387297,0
47871,2012-01-21,0.20481814328286674,0
47872,2012-01-21,0.25699986192052343,1
47873,2012-01-21,0.343916044404271,1
47874,2012-01-21,0.2868827106819649,0
47875,2012-01-21,0.32576909617525424,0
47876,2012-01-21,0.16478714928806967,0
47877,2012-01-21,0.5958349149869212,1
47878,2012-01-21,0.3377586143809078,0
47879,2012-01-21,0.267098114692116,1
47880,2012-01-21,0.1557040761662744,0
47881,2012-01-21,0.29624343563350464,0
47882,2012-01-21,0.30409317059913815,1
47883,2012-01-21,0.3475272000135926,0
47884,2012-01-21,0.3029897906057704,1
47885,2012-01-21,0.2974297642424125,0
47886,2012-01-21,0.21216555308055302,0
47887,2012-01-21,0.3152966924685229,0
47888,2012-01-21,0.3526485522134002,1
47889,2012-01-21,0.33300979384105683,0
47890,2012-01-21,0.4134265602581489,1
47891,2012-01-21,0.45390365843108493,0
47892,2012-01-21,0.36164750570226,0
47893,2012-01-21,0.1592118848473067,0
47894,2012-01-21,0.4437621860653768,0
47895,2012-01-21,0.3126643520926673,0
47896,2012-01-21,0.3291672655467879,0
47897,2012-01-21,0.1849980468924416,0
47898,2012-01-21,0.18084646552698513,1
47899,2012-01-21,0.28705186509322517,0
47900,2012-01-21,0.21027532991554837,0
47901,2012-01-21,0.257554456335754,0
47902,2012-01-21,0.16162373773243172,0
47903,2012-01-21,0.23632895990552116,0
47904,2012-01-21,0.4192530029751597,0
47905,2012-01-21,0.4486619547665952,1
47906,2012-01-21,0.13870807093812929,0
47907,2012-01-21,0.21879628755994493,0
47908,2012-01-21,0.16529475280929948,0
47909,2012-01-21,0.42461642659707705,1
47910,2012-01-21,0.17012277012999555,1
47911,2012-01-21,0.17640834607184286,0
47912,2012-01-21,0.254151166336338,0
47913,2012-01-21,0.23807122341957357,0
47914,2012-01-21,0.2868373819413322,1
47915,2012-01-21,0.3506317958589715,0
47916,2012-01-21,0.24267953136380863,0
47917,2012-01-21,0.22581639345045987,0
47918,2012-01-21,0.3380306573918248,1
47919,2012-01-21,0.20515762170964172,0
47920,2012-01-21,0.19113923547797174,0
47921,2012-01-21,0.20655311546136096,0
47922,2012-01-21,0.19983218749827086,0
47923,2012-01-21,0.309479783748843,0
47924,2012-01-21,0.2459998343920279,0
47925,2012-01-21,0.23374751820894246,0
47926,2012-01-21,0.15794071074961463,0
47927,2012-01-21,0.282564744938725,0
47928,2012-01-21,0.2083103042802321,0
47929,2012-01-21,0.15512070378462092,0
47930,2012-01-21,0.2344400701713421,0
47931,2012-01-21,0.36594484747737505,1
47932,2012-01-21,0.39870445955823675,0
47933,2012-01-21,0.3349026193803756,0
47934,2012-01-21,0.12799113107226795,1
47935,2012-01-21,0.45192774727951907,1
47936,2012-01-21,0.13767576615901195,0
47937,2012-01-21,0.3092189907137842,0
47938,2012-01-21,0.19787528048959158,0
47939,2012-01-21,0.4683339586516491,1
47940,2012-01-21,0.1466596803979295,0
47941,2012-01-21,0.32559301616144365,0
47942,2012-01-21,0.18221725012179646,0
47943,2012-01-21,0.3252006386636866,1
47944,2012-01-21,0.3936196673178947,0
47945,2012-01-21,0.3365439390702088,1
47946,2012-01-21,0.3587923541913688,1
47947,2012-01-21,0.3533695430950359,0
47948,2012-01-21,0.1633130907348143,0
47949,2012-01-21,0.34218188828002444,1
47950,2012-01-21,0.30267156962646047,0
47951,2012-01-21,0.3558289109771892,1
47952,2012-01-21,0.5282198891349525,1
47953,2012-01-21,0.27802601578606734,0
47954,2012-01-21,0.3848042776125844,0
47955,2012-01-21,0.27321086191424854,0
47956,2012-01-21,0.22502969124330438,0
47957,2012-01-21,0.3359500230129659,0
47958,2012-01-21,0.4069202119305906,1
47959,2012-01-21,0.1634323726504253,0
47960,2012-01-21,0.3439603786216121,0
47961,2012-01-21,0.202882975491863,0
47962,2012-01-21,0.43452507289260944,1
47963,2012-01-21,0.328737020775284,1
47964,2012-01-21,0.2898950151630075,1
47965,2012-01-21,0.2707978696448846,1
47966,2012-01-21,0.35583617223281744,1
47967,2012-01-21,0.3842019827406882,0
47968,2012-01-21,0.36667714988073796,0
47969,2012-01-21,0.2036182392022225,0
47970,2012-01-21,0.20809680647721368,0
47971,2012-01-21,0.3599365091532952,1
47972,2012-01-21,0.273550932460308,1
47973,2012-01-21,0.29228286841595263,1
47974,2012-01-21,0.24196013332319463,0
47975,2012-01-21,0.35470340884542256,0
47976,2012-01-21,0.2633205484617651,0
47977,2012-01-21,0.2867964160326488,0
47978,2012-01-21,0.25408612753912047,0
47979,2012-01-21,0.1951719040787162,0
47980,2012-01-21,0.4383179726136848,1
47981,2012-01-21,0.3180894243693254,0
47982,2012-01-21,0.12256092520289648,0
47983,2012-01-21,0.22134324928690194,0
47984,2012-01-21,0.12763993845695293,0
47985,2012-01-21,0.14834575379809617,0
47986,2012-01-21,0.19257869522684126,0
47987,2012-01-21,0.2941845242284338,0
47988,2012-01-21,0.18263313607601692,0
47989,2012-01-21,0.18714696553620677,0
47990,2012-01-21,0.3857804345856273,0
47991,2012-01-21,0.2699314478956532,0
47992,2012-01-21,0.19451397406951237,0
47993,2012-01-21,0.2179810660553314,0
47994,2012-01-21,0.19305851509680744,0
47995,2012-01-21,0.27923091547544177,0
47996,2012-01-21,0.2687055229464866,1
47997,2012-01-21,0.41766308970090277,0
47998,2012-01-21,0.20277049935315142,0
47999,2012-01-21,0.16185214654716534,0
48000,2012-01-21,0.19854454881502087,0
48001,2012-01-21,0.3348268274296355,0
48002,2012-01-21,0.5185902871136632,0
48003,2012-01-21,0.3389444392115988,0
48004,2012-01-21,0.1994570345877508,0
48005,2012-01-21,0.20462868707875992,0
48006,2012-01-21,0.38594244147464896,0
48007,2012-01-21,0.2777973661261402,0
48008,2012-01-21,0.33322394436974934,1
48009,2012-01-21,0.3129166819876852,0
48010,2012-01-21,0.172979812339541,0
48011,2012-01-21,0.4259057929798239,0
48012,2012-01-21,0.29430530078865286,0
48013,2012-01-21,0.15945968265543561,1
48014,2012-01-21,0.3593183536944693,0
48015,2012-01-21,0.23296028564505158,0
48016,2012-01-21,0.43882286153088745,1
48017,2012-01-21,0.23617429742873167,0
48018,2012-01-21,0.24287274407099352,0
48019,2012-01-21,0.16902936040369895,0
48020,2012-01-21,0.36672966871874135,0
48021,2012-01-21,0.27822629023673734,0
48022,2012-01-21,0.14646671531394248,0
48023,2012-01-21,0.28430563509409984,0
48024,2012-01-21,0.26870415993254965,0
48025,2012-01-21,0.15865773150697787,0
48026,2012-01-21,0.3366439946924645,0
48027,2012-01-21,0.2831233395196261,1
48028,2012-01-21,0.2471889467525614,0
48029,2012-01-21,0.32780248334260875,0
48030,2012-01-21,0.24508856578439206,0
48031,2012-01-21,0.3328006670836176,1
48032,2012-01-21,0.23573647547806603,0
48033,2012-01-21,0.37567591205179673,1
48034,2012-01-21,0.34340951190283664,1
48035,2012-01-21,0.4435717266317958,0
48036,2012-01-21,0.16640249197396612,1
48037,2012-01-21,0.22939921248891412,0
48038,2012-01-21,0.2118294985578689,0
48039,2012-01-21,0.18033841011309062,0
48040,2012-01-21,0.18445486984877438,0
48041,2012-01-21,0.23001563518835516,1
48042,2012-01-21,0.2261936704557732,0
48043,2012-01-21,0.25291779811347825,1
48044,2012-01-21,0.31577863514926885,1
48045,2012-01-21,0.23027650887775053,0
48046,2012-01-21,0.28653032168874576,0
48047,2012-01-21,0.0957777467285764,0
48048,2012-01-21,0.236381012981321,1
48049,2012-01-21,0.1621537170636612,0
48050,2012-01-21,0.20634266562975528,0
48051,2012-01-21,0.6429949100571863,1
48052,2012-01-21,0.28122273716641694,0
48053,2012-01-21,0.3639464278464521,0
48054,2012-01-21,0.22057630984652718,1
48055,2012-01-21,0.1889940688952922,0
48056,2012-01-21,0.16094174177437884,0
48057,2012-01-21,0.30603556718336467,0
48058,2012-01-21,0.33861084126381535,0
48059,2012-01-21,0.36433696512292935,0
48060,2012-01-21,0.1994246460470029,1
48061,2012-01-21,0.2220719720694423,1
48062,2012-01-21,0.13844640448413495,0
48063,2012-01-21,0.23552962485338072,0
48064,2012-01-21,0.17490850772548888,0
48065,2012-01-21,0.21931765631141606,0
48066,2012-01-21,0.34429433328295506,0
48067,2012-01-21,0.35670665918105027,1
48068,2012-01-21,0.2131999573786011,0
48069,2012-01-21,0.1959558155308902,1
48070,2012-01-21,0.3151884019785574,0
48071,2012-01-21,0.19095034976461828,0
48072,2012-01-21,0.43904494310126946,0
48073,2012-01-21,0.36429511932146674,0
48074,2012-01-21,0.22671526358304325,0
48075,2012-01-21,0.21931765631141606,0
48076,2012-01-21,0.44774478151103214,0
48077,2012-01-21,0.43849161602054787,0
48078,2012-01-21,0.2682745879168838,0
48079,2012-01-21,0.30535303654478496,0
48080,2012-01-21,0.38655702985894935,0
48081,2012-01-21,0.19209593847857598,0
48082,2012-01-21,0.21491383978683107,0
48083,2012-01-21,0.37214682373149877,1
48084,2012-01-21,0.36377325093065016,0
48085,2012-01-21,0.5388196545226308,1
48086,2012-01-21,0.33120663278361334,0
48087,2012-01-21,0.19591537329228018,0
48088,2012-01-21,0.14416938960055942,0
48089,2012-01-21,0.36670309727215794,0
48090,2012-01-21,0.2953423504364954,0
48091,2012-01-21,0.35408572202373895,0
48092,2012-01-21,0.3370312575915862,1
48093,2012-01-21,0.49134166924916217,1
48094,2012-01-21,0.13703374410399638,0
48095,2012-01-21,0.4153298301256488,0
48096,2012-01-21,0.14480797889869368,0
48097,2012-01-21,0.2855155832332261,0
48098,2012-01-21,0.3371686209821194,1
48099,2012-01-21,0.2528278823007012,1
48100,2012-01-21,0.21931765631141606,1
48101,2012-01-21,0.353339359939316,0
48102,2012-01-21,0.2881206937619202,1
48103,2012-01-21,0.24258318144160304,0
48104,2012-01-21,0.2808075734799022,0
48105,2012-01-21,0.34010569064761803,1
48106,2012-01-21,0.1629598686195006,0
48107,2012-01-21,0.3281635128919598,0
48108,2012-01-21,0.3473422600813094,1
48109,2012-01-21,0.40313531018013216,0
48110,2012-01-21,0.3504224381517902,0
48111,2012-01-21,0.24260668869573734,0
48112,2012-01-21,0.1507610811243494,0
48113,2012-01-21,0.45110689882958704,1
48114,2012-01-21,0.42131821592748775,0
48115,2012-01-21,0.3617238947555591,0
48116,2012-01-21,0.3331005357775732,1
48117,2012-01-21,0.27726194619632855,0
48118,2012-01-21,0.5028165925666529,0
48119,2012-01-21,0.2719744252868898,0
48120,2012-01-21,0.3248813191540127,1
48121,2012-01-21,0.4305767940480888,0
48122,2012-01-21,0.19442594840000263,0
48123,2012-01-21,0.296576976193476,0
48124,2012-01-21,0.20534529063535015,1
48125,2012-01-21,0.14866987917278962,0
48126,2012-01-21,0.2862439910131376,0
48127,2012-01-21,0.3317711197715878,0
48128,2012-01-21,0.23296596886525592,0
48129,2012-01-21,0.44406981567587034,0
48130,2012-01-21,0.3030156426554904,1
48131,2012-01-21,0.3510489654690548,0
48132,2012-01-21,0.5960513450183701,0
48133,2012-01-21,0.28622351322355916,0
48134,2012-01-21,0.19684554510984165,0
48135,2012-01-21,0.273526400084755,0
48136,2012-01-21,0.15858727242997087,0
48137,2012-01-21,0.4514431811896407,0
48138,2012-01-21,0.36921710164735705,0
48139,2012-01-21,0.19210438349876766,0
48140,2012-01-21,0.18860089072707076,0
48141,2012-01-21,0.4638537185819898,0
48142,2012-01-21,0.3142269863053677,1
48143,2012-01-21,0.21657153363193768,0
48144,2012-01-21,0.3874022400874069,0
48145,2012-01-21,0.20872841377619308,0
48146,2012-01-21,0.17161173531368992,1
48147,2012-01-21,0.3213438052376812,0
48148,2012-01-21,0.3113671502592979,0
48149,2012-01-21,0.2347539214442932,0
48150,2012-01-21,0.26330031722339525,0
48151,2012-01-21,0.3031835783636185,0
48152,2012-01-21,0.2935957752458568,0
48153,2012-01-21,0.2884549822183409,0
48154,2012-01-21,0.32256754073596067,0
48155,2012-01-21,0.26234050269215065,0
48156,2012-01-21,0.23387210070975506,0
48157,2012-01-21,0.2014039004550878,1
48158,2012-01-21,0.38136770579830626,0
48159,2012-01-21,0.19458315926340208,1
48160,2012-01-21,0.3803406317926646,0
48161,2012-01-21,0.2432974664953004,1
48162,2012-01-21,0.21931765631141606,1
48163,2012-01-21,0.603764604553677,1
48164,2012-01-21,0.3741353964794279,0
48165,2012-01-21,0.2698985945605312,0
48166,2012-01-21,0.3186300666196068,1
48167,2012-01-21,0.5272947533988911,1
48168,2012-01-21,0.22065473420894102,0
48169,2012-01-21,0.11475454794232988,0
48170,2012-01-21,0.19037981227153525,1
48171,2012-01-21,0.24365702026909847,1
48172,2012-01-21,0.19336781750552254,0
48173,2012-01-21,0.20983679935997984,0
48174,2012-01-21,0.2639026822401863,0
48175,2012-01-21,0.20994726888368417,0
48176,2012-01-21,0.19837587120952338,0
48177,2012-01-21,0.2764562446710572,0
48178,2012-01-21,0.18418541681871783,0
48179,2012-01-21,0.34904427677293876,1
48180,2012-01-21,0.3354982609215501,0
48181,2012-01-21,0.2738022590141601,0
48182,2012-01-21,0.23511638653420194,0
48183,2012-01-21,0.15435404833042882,0
48184,2012-01-21,0.21844471046969421,0
48185,2012-01-21,0.29592719963159875,1
48186,2012-01-21,0.1586712758755509,0
48187,2012-01-21,0.15789698740600636,0
48188,2012-01-21,0.24852551048107988,0
48189,2012-01-21,0.1961466859243053,0
48190,2012-01-21,0.2442039179519745,0
48191,2012-01-21,0.17549649574933854,0
48192,2012-01-21,0.1776016252594424,0
48193,2012-01-21,0.23579729527269766,1
48194,2012-01-21,0.20716374179386107,0
48195,2012-01-21,0.3132012823339658,0
48196,2012-01-21,0.5748054115687311,0
48197,2012-01-21,0.18139558654147547,0
48198,2012-01-21,0.5038592900170598,1
48199,2012-01-21,0.3065076855007119,0
48200,2012-01-21,0.19676175127285744,0
48201,2012-01-21,0.23786747542633097,0
48202,2012-01-21,0.16598123051751518,0
48203,2012-01-21,0.2512098640758603,1
48204,2012-01-21,0.21355178955530765,0
48205,2012-01-21,0.2001005099590441,0
48206,2012-01-21,0.3263032171574893,0
48207,2012-01-21,0.2876355335003455,0
48208,2012-01-21,0.3535508169741935,0
48209,2012-01-21,0.3007093613380184,0
48210,2012-01-21,0.14343744329056576,0
48211,2012-01-21,0.15599334753281172,0
48212,2012-01-21,0.29088186119071247,1
48213,2012-01-21,0.24262069400020214,1
48214,2012-01-21,0.2084288129853973,0
48215,2012-01-21,0.3556956953721165,0
48216,2012-01-21,0.3443228759422026,0
48217,2012-01-21,0.30679678861799453,1
48218,2012-01-21,0.15409422839174514,0
48219,2012-01-21,0.32863235376212896,0
48220,2012-01-21,0.28765217081423244,1
48221,2012-01-21,0.28341769086563645,0
48222,2012-01-21,0.1431365669587858,1
48223,2012-01-21,0.3806282913958223,0
48224,2012-01-21,0.27955208331528003,0
48225,2012-01-21,0.21186555827298523,0
48226,2012-01-21,0.2226251314122444,0
48227,2012-01-21,0.3403796064141752,1
48228,2012-01-21,0.34807890091396987,1
48229,2012-01-21,0.1814655047889021,0
48230,2012-01-21,0.4079230976154596,1
48231,2012-01-21,0.23990144944054334,0
48232,2012-01-21,0.12800209472371493,0
48233,2012-01-21,0.28096242811296807,0
48234,2012-01-21,0.3985031655282241,0
48235,2012-01-21,0.41609775349573863,0
48236,2012-01-21,0.4325018247537177,1
48237,2012-01-21,0.14924565341373866,0
48238,2012-01-21,0.1632956161057243,0
48239,2012-01-21,0.22394919111745265,0
48240,2012-01-21,0.17382264157987498,1
48241,2012-01-21,0.15455951142682325,0
48242,2012-01-21,0.25009270880198287,0
48243,2012-01-21,0.1416032312855054,1
48244,2012-01-21,0.22319671913623781,0
48245,2012-01-21,0.37693328168797896,0
48246,2012-01-21,0.27873299578368615,0
48247,2012-01-21,0.16723476120892175,0
48248,2012-01-21,0.2510095359957585,0
48249,2012-01-21,0.3379985598042949,0
48250,2012-01-21,0.29787988398928567,1
48251,2012-01-21,0.24373969765913983,0
48252,2012-01-21,0.2515767968264189,1
48253,2012-01-21,0.34371313994062086,1
48254,2012-01-21,0.2708349111456836,0
48255,2012-01-21,0.17947166310097237,0
48256,2012-01-21,0.2567039620059733,0
48257,2012-01-21,0.4243408830166751,1
48258,2012-01-21,0.21534422726738728,1
48259,2012-01-21,0.2787300250703687,1
48260,2012-01-21,0.23008228450263615,0
48261,2012-01-21,0.23769025667675864,0
48262,2012-01-21,0.32517169687734304,0
48263,2012-01-21,0.33794661687716443,0
48264,2012-01-21,0.3014576410213297,0
48265,2012-01-21,0.1418727092156499,0
48266,2012-01-21,0.19979064053321835,0
48267,2012-01-21,0.18811766969552648,1
48268,2012-01-21,0.38552558879467524,1
48269,2012-01-21,0.6074386977351955,1
48270,2012-01-21,0.16865530799256678,0
48271,2012-01-21,0.2466436993422831,1
48272,2012-01-21,0.3774968247291786,0
48273,2012-01-21,0.2159989439258571,1
48274,2012-01-21,0.17859211892135513,0
48275,2012-01-21,0.19224935877562255,0
48276,2012-01-21,0.31567162131414334,0
48277,2012-01-21,0.29106670935476125,0
48278,2012-01-21,0.49007109307369945,0
48279,2012-01-21,0.2405941522527446,0
48280,2012-01-21,0.15455951142682325,0
48281,2012-01-21,0.3251028434362233,0
48282,2012-01-21,0.4826296376019609,0
48283,2012-01-21,0.14141737541418048,1
48284,2012-01-21,0.3652669989275011,0
48285,2012-01-21,0.28200504470239884,0
48286,2012-01-21,0.22291234924144218,0
48287,2012-01-21,0.22961171509433667,1
48288,2012-01-21,0.2677584616021965,0
48289,2012-01-21,0.2081337690857797,0
48290,2012-01-21,0.36141746769466015,0
48291,2012-01-21,0.2202783453559442,1
48292,2012-01-21,0.25448639965232084,0
48293,2012-01-21,0.20107194034664622,0
48294,2012-01-21,0.38861325553252823,0
48295,2012-01-21,0.39730794710013945,0
48296,2012-01-21,0.28543617574678176,0
48297,2012-01-21,0.15455951142682325,0
48298,2012-01-21,0.25883081651854206,0
48299,2012-01-21,0.2063066060175868,0
48300,2012-01-21,0.25447442647928487,0
48301,2012-01-21,0.4969641012577902,1
48302,2012-01-21,0.22896809771131996,1
48303,2012-01-21,0.2167002695214969,1
48304,2012-01-21,0.2594856343629863,0
48305,2012-01-21,0.28661994675284713,1
48306,2012-01-21,0.35421898561997134,0
48307,2012-01-21,0.23177667196199417,0
48308,2012-01-21,0.22656271114548074,0
48309,2012-01-21,0.35908452061441,0
48310,2012-01-21,0.28798533505921914,0
48311,2012-01-21,0.15230491723080553,0
48312,2012-01-21,0.1392302974531694,0
48313,2012-01-21,0.24928210737586395,1
48314,2012-01-21,0.18527024562735886,0
48315,2012-01-21,0.22958002386169438,0
48316,2012-01-21,0.1585720768836814,0
48317,2012-01-21,0.30622263011126155,0
48318,2012-01-21,0.2912442342039119,0
48319,2012-01-21,0.1918636123560546,0
48320,2012-01-21,0.30073859881058546,1
48321,2012-01-21,0.38915588040443644,0
48322,2012-01-21,0.2608052613104306,1
48323,2012-01-21,0.5785282344062885,0
48324,2012-01-21,0.2146173575547476,0
48325,2012-01-21,0.23187873226216157,0
48326,2012-01-21,0.2748625339117474,0
48327,2012-01-21,0.1895560288720046,0
48328,2012-01-21,0.337721493327781,1
48329,2012-01-21,0.26988295485525704,0
48330,2012-01-21,0.18653509058598378,0
48331,2012-01-21,0.5047014195126137,1
48332,2012-01-21,0.21663571692082123,0
48333,2012-01-21,0.22946152477154974,0
48334,2012-01-21,0.44095090326036296,1
48335,2012-01-21,0.27824888569514167,0
48336,2012-01-21,0.38545176983166485,0
48337,2012-01-21,0.2570418288373551,0
48338,2012-01-21,0.40625432345480034,0
48339,2012-01-21,0.26511006294778755,0
48340,2012-01-21,0.3489687755810086,1
48341,2012-01-21,0.24619906696066654,0
48342,2012-01-21,0.34416966474805216,0
48343,2012-01-21,0.5484485327039511,1
48344,2012-01-21,0.38338425213101784,0
48345,2012-01-21,0.3249690810616545,0
48346,2012-01-21,0.2908308236168909,0
48347,2012-01-21,0.2821642338491085,0
48348,2012-01-21,0.32886320256373797,1
48349,2012-01-21,0.4319937018953191,0
48350,2012-01-21,0.4593151629803844,0
48351,2012-01-21,0.132938844228803,0
48352,2012-01-21,0.24831275717429804,0
48353,2012-01-21,0.20984706709718462,0
48354,2012-01-21,0.24532076612119239,0
48355,2012-01-21,0.3765576174424524,0
48356,2012-01-21,0.18401698118573098,0
48357,2012-01-21,0.2331610798765288,0
48358,2012-01-21,0.22521218265496692,0
48359,2012-01-21,0.3215429129963935,0
48360,2012-01-21,0.14668037547080007,0
48361,2012-01-21,0.23008738783149352,1
48362,2012-01-21,0.1948076046329832,0
48363,2012-01-21,0.4111397907230049,0
48364,2012-01-21,0.34539194232699055,0
48365,2012-01-21,0.4200710562815068,1
48366,2012-01-21,0.35937170784211486,0
48367,2012-01-21,0.14389855985056282,0
48368,2012-01-21,0.20444482726433602,0
48369,2012-01-21,0.33258601354031886,1
48370,2012-01-21,0.3022450964582355,0
48371,2012-01-21,0.1456902918989173,0
48372,2012-01-21,0.16206795562007975,1
48373,2012-01-21,0.20473035748109705,0
48374,2012-01-21,0.31826683290256247,0
48375,2012-01-21,0.24209422680801454,0
48376,2012-01-21,0.31086130902249404,0
48377,2012-01-21,0.4855284723465501,1
48378,2012-01-21,0.32791676185830854,0
48379,2012-01-21,0.4036937164317053,1
48380,2012-01-21,0.19991623119123056,0
48381,2012-01-21,0.2242210362858262,0
48382,2012-01-21,0.36683890854266493,0
48383,2012-01-21,0.20604425270725568,0
48384,2012-01-21,0.30778111236149036,0
48385,2012-01-21,0.48228217259254985,1
48386,2012-01-21,0.11894448995698799,0
48387,2012-01-21,0.2474066434096174,0
48388,2012-01-21,0.416473710981978,1
48389,2012-01-21,0.3433793320949772,1
48390,2012-01-21,0.36164729950747787,1
48391,2012-01-21,0.13044585148209983,1
48392,2012-01-21,0.09565505651179343,0
48393,2012-01-21,0.24049791766333242,0
48394,2012-01-21,0.2859209158038032,0
48395,2012-01-21,0.20660621057042816,0
48396,2012-01-21,0.24667170830572982,0
48397,2012-01-21,0.31454362398498786,1
48398,2012-01-21,0.2518220660182322,0
48399,2012-01-21,0.2306348334388019,0
48400,2012-01-21,0.2679297794211863,0
48401,2012-01-21,0.2142984383629722,0
48402,2012-01-21,0.4974172647659805,0
48403,2012-01-21,0.160120059709929,0
48404,2012-01-21,0.3134579503980371,0
48405,2012-01-21,0.23596572544842562,0
48406,2012-01-21,0.20746518157106447,0
48407,2012-01-21,0.2427086493644658,0
48408,2012-01-21,0.22961171509433667,1
48409,2012-01-21,0.24554812997729786,1
48410,2012-01-21,0.5764435080770073,1
48411,2012-01-21,0.3645654513887069,0
48412,2012-01-21,0.22179939204625548,1
48413,2012-01-21,0.2514901354566742,0
48414,2012-01-21,0.2861599715747789,0
48415,2012-01-21,0.13103645336856282,0
48416,2012-01-21,0.4548476242281644,0
48417,2012-01-21,0.3942364683732936,1
48418,2012-01-21,0.19925942910020003,0
48419,2012-01-21,0.370830462345264,0
48420,2012-01-21,0.16916883377744876,0
48421,2012-01-21,0.33151155089731654,0
48422,2012-01-21,0.37326421278199773,1
48423,2012-01-21,0.1932911695401333,0
48424,2012-01-21,0.2305386102885495,0
48425,2012-01-21,0.2749592599722638,0
48426,2012-01-21,0.2253304504501177,1
48427,2012-01-21,0.2833431257873387,1
48428,2012-01-21,0.5269140939730774,1
48429,2012-01-21,0.22560663268055736,0
48430,2012-01-21,0.2383955147495321,0
48431,2012-01-21,0.44777638634602335,1
48432,2012-01-21,0.3501697433442308,1
48433,2012-01-21,0.1993504245530123,0
48434,2012-01-21,0.2439879046123664,1
48435,2012-01-21,0.3245235685689865,0
48436,2012-01-21,0.13660605273359452,0
48437,2012-01-21,0.264039404806129,1
48438,2012-01-21,0.2434407348999679,1
48439,2012-01-21,0.375709652376868,1
48440,2012-01-21,0.21684442654189748,0
48441,2012-01-21,0.23875014979653622,0
48442,2012-01-21,0.35107205158672855,0
48443,2012-01-21,0.26390002261187373,0
48444,2012-01-21,0.33627574352901696,1
48445,2012-01-21,0.307242542925125,0
48446,2012-01-21,0.3035794866336227,1
48447,2012-01-21,0.2610523120903352,1
48448,2012-01-21,0.3550791849389886,0
48449,2012-01-21,0.25891672980832603,0
48450,2012-01-21,0.3445187582176581,1
48451,2012-01-21,0.13274473847410156,0
48452,2012-01-21,0.42224136959993996,0
48453,2012-01-21,0.15473937731283013,0
48454,2012-01-21,0.2981882547283429,0
48455,2012-01-21,0.3273006435449612,1
48456,2012-01-21,0.21093815169171184,1
48457,2012-01-21,0.1360032921024404,0
48458,2012-01-21,0.20922875697310192,1
48459,2012-01-21,0.1749768773706267,0
48460,2012-01-21,0.1695664736609615,0
48461,2012-01-21,0.5092807167509379,1
48462,2012-01-21,0.2850431991630815,0
48463,2012-01-21,0.3246329593793774,0
48464,2012-01-21,0.20406814771853296,0
48465,2012-01-21,0.28633986808071293,0
48466,2012-01-21,0.2010366041581939,0
48467,2012-01-21,0.15382071618390927,0
48468,2012-01-21,0.22263191521627537,0
48469,2012-01-21,0.27354053058289945,0
48470,2012-01-21,0.44667178505394056,1
48471,2012-01-21,0.3412622462603847,0
48472,2012-01-21,0.30445519102298896,0
48473,2012-01-21,0.23434907518856357,0
48474,2012-01-21,0.2141858986415121,0
48475,2012-01-21,0.4653264136884893,0
48476,2012-01-21,0.16217620153498116,0
48477,2012-01-21,0.2766968713787248,0
48478,2012-01-21,0.31702917092928695,0
48479,2012-01-21,0.2277659007197742,0
48480,2012-01-21,0.17888300411418817,0
48481,2012-01-21,0.2794326471429456,0
48482,2012-01-21,0.22287279109916605,0
48483,2012-01-21,0.4122206879990233,0
48484,2012-01-21,0.17196941711579664,0
48485,2012-01-21,0.40858038760037046,0
48486,2012-01-21,0.36900606274139686,1
48487,2012-01-21,0.26013331595768885,0
48488,2012-01-21,0.19870680433410826,0
48489,2012-01-21,0.10739056203335884,0
48490,2012-01-21,0.3337416975528964,0
48491,2012-01-21,0.5232271396782908,1
48492,2012-01-21,0.23585074033247339,0
48493,2012-01-21,0.3872653417441188,1
48494,2012-01-21,0.31480976667550237,0
48495,2012-01-21,0.348007096892468,0
48496,2012-01-21,0.36525007281109784,1
48497,2012-01-21,0.22082956480119137,0
48498,2012-01-21,0.42605862428034297,0
48499,2012-01-21,0.5140334329406699,1
48500,2012-01-21,0.2725720767170121,0
48501,2012-01-21,0.24535755695504768,0
48502,2012-01-21,0.19990226028747646,0
48503,2012-01-21,0.3435757785889793,1
48504,2012-01-21,0.3884678103005448,1
48505,2012-01-21,0.3735503820728827,0
48506,2012-01-21,0.2580075839951013,0
48507,2012-01-21,0.21925086581141034,0
48508,2012-01-21,0.2972558407211539,0
48509,2012-01-21,0.2836414574458515,0
48510,2012-01-21,0.2862056991355278,1
48511,2012-01-21,0.24539121301301078,0
48512,2012-01-21,0.21869293589924554,1
48513,2012-01-21,0.13100673932895468,0
48514,2012-01-21,0.1730484813475316,0
48515,2012-01-21,0.33197002921860025,0
48516,2012-01-22,0.1741787136456019,0
48517,2012-01-22,0.3830496157164106,1
48518,2012-01-22,0.33824724976107073,0
48519,2012-01-22,0.32529617641690106,1
48520,2012-01-22,0.2572365393218025,0
48521,2012-01-22,0.14702359938526435,0
48522,2012-01-22,0.29103424421247565,0
48523,2012-01-22,0.17569709539312303,0
48524,2012-01-22,0.20376535609956806,0
48525,2012-01-22,0.4125124691302652,0
48526,2012-01-22,0.2201848912283113,0
48527,2012-01-22,0.257725361821989,1
48528,2012-01-22,0.32135542341461065,0
48529,2012-01-22,0.3164268334507369,0
48530,2012-01-22,0.24352932683716666,0
48531,2012-01-22,0.5088461602836407,1
48532,2012-01-22,0.29622388088430396,0
48533,2012-01-22,0.2390207455795442,0
48534,2012-01-22,0.3183222469760377,0
48535,2012-01-22,0.22933146768237897,0
48536,2012-01-22,0.17915045176150063,1
48537,2012-01-22,0.32971396169687706,1
48538,2012-01-22,0.29103316878023366,1
48539,2012-01-22,0.15456993062895436,0
48540,2012-01-22,0.178157804942103,0
48541,2012-01-22,0.3404414259347348,0
48542,2012-01-22,0.18481324401971036,0
48543,2012-01-22,0.34257501655207884,1
48544,2012-01-22,0.21330310900672006,0
48545,2012-01-22,0.4647582548474596,0
48546,2012-01-22,0.5434163060152535,0
48547,2012-01-22,0.1260280366386617,1
48548,2012-01-22,0.28715249546869615,0
48549,2012-01-22,0.38246845773845345,1
48550,2012-01-22,0.33379165633139485,0
48551,2012-01-22,0.18923577619610685,0
48552,2012-01-22,0.4098167993587133,0
48553,2012-01-22,0.5612069526053524,1
48554,2012-01-22,0.42465902506817305,1
48555,2012-01-22,0.3617413172426934,0
48556,2012-01-22,0.31119514081101124,0
48557,2012-01-22,0.34216562514799587,0
48558,2012-01-22,0.26423886515990114,0
48559,2012-01-22,0.5673306557642567,0
48560,2012-01-22,0.13372928683114377,1
48561,2012-01-22,0.13815217883440498,0
48562,2012-01-22,0.38142018379251424,0
48563,2012-01-22,0.23145329552320548,0
48564,2012-01-22,0.2141971194226263,1
48565,2012-01-22,0.2891613418191956,0
48566,2012-01-22,0.1985135976424253,0
48567,2012-01-22,0.2502718797867513,1
48568,2012-01-22,0.2808852116082063,1
48569,2012-01-22,0.2515708918479654,0
48570,2012-01-22,0.19442487490808735,0
48571,2012-01-22,0.17689081093666834,1
48572,2012-01-22,0.3997889598940126,1
48573,2012-01-22,0.33879470602686135,0
48574,2012-01-22,0.1652945108117773,0
48575,2012-01-22,0.3674039923653735,0
48576,2012-01-22,0.1373885682053693,1
48577,2012-01-22,0.32602832001583043,0
48578,2012-01-22,0.4215680851208829,0
48579,2012-01-22,0.17352213279910814,0
48580,2012-01-22,0.3198229830751215,0
48581,2012-01-22,0.4093042666116184,0
48582,2012-01-22,0.25963832998415554,0
48583,2012-01-22,0.30116801336201665,0
48584,2012-01-22,0.5035679392252207,1
48585,2012-01-22,0.24675558264900616,0
48586,2012-01-22,0.18224351761612126,1
48587,2012-01-22,0.319173900257088,0
48588,2012-01-22,0.2563338962719333,0
48589,2012-01-22,0.3140396078937202,0
48590,2012-01-22,0.4148042891386883,0
48591,2012-01-22,0.27302231044643255,0
48592,2012-01-22,0.3447554053651188,1
48593,2012-01-22,0.2863458013224446,1
48594,2012-01-22,0.5013075371111577,1
48595,2012-01-22,0.3371881267554237,0
48596,2012-01-22,0.1491486203345785,0
48597,2012-01-22,0.3502204700132478,1
48598,2012-01-22,0.2687973766082886,0
48599,2012-01-22,0.26247690412049846,1
48600,2012-01-22,0.17480183713725994,0
48601,2012-01-22,0.26723721495581293,0
48602,2012-01-22,0.17490407074320918,1
48603,2012-01-22,0.2039059244601378,0
48604,2012-01-22,0.17517061714011306,0
48605,2012-01-22,0.2907901674331199,1
48606,2012-01-22,0.41405016742463824,0
48607,2012-01-22,0.28384439580038295,0
48608,2012-01-22,0.36209114905500406,1
48609,2012-01-22,0.29914115357203386,0
48610,2012-01-22,0.49343656519906126,0
48611,2012-01-22,0.30900384221641075,1
48612,2012-01-22,0.3100122422209324,0
48613,2012-01-22,0.21058859090325022,1
48614,2012-01-22,0.3906016883024853,0
48615,2012-01-22,0.33591205251504813,1
48616,2012-01-22,0.17403702908341218,0
48617,2012-01-22,0.2942191875172605,0
48618,2012-01-22,0.4168038760590456,1
48619,2012-01-22,0.2269606374212761,0
48620,2012-01-22,0.2222279544840352,0
48621,2012-01-22,0.26502778706657654,0
48622,2012-01-22,0.34734690399114,1
48623,2012-01-22,0.27253080297367366,1
48624,2012-01-22,0.2586358874303281,0
48625,2012-01-22,0.2883135488677224,0
48626,2012-01-22,0.22525603090111015,0
48627,2012-01-22,0.3080622523305955,0
48628,2012-01-22,0.2664888190554356,1
48629,2012-01-22,0.20715826848676255,0
48630,2012-01-22,0.2580277074677618,0
48631,2012-01-22,0.13222334335049057,0
48632,2012-01-22,0.2750232166748801,1
48633,2012-01-22,0.2887904981211695,0
48634,2012-01-22,0.3199540984774011,1
48635,2012-01-22,0.20174417775661813,0
48636,2012-01-22,0.2885544440131935,0
48637,2012-01-22,0.35023791950208844,0
48638,2012-01-22,0.37062093962497067,0
48639,2012-01-22,0.15679933818886085,0
48640,2012-01-22,0.286776509070714,0
48641,2012-01-22,0.3394049795416149,0
48642,2012-01-22,0.5661356861971771,1
48643,2012-01-22,0.2129330664630129,1
48644,2012-01-22,0.4226244112006318,1
48645,2012-01-22,0.30298827353645114,1
48646,2012-01-22,0.3086159796469212,0
48647,2012-01-22,0.25113158193140844,0
48648,2012-01-22,0.35811667344900655,0
48649,2012-01-22,0.20646974609000265,1
48650,2012-01-22,0.2609712735429052,0
48651,2012-01-22,0.45945333157492957,1
48652,2012-01-22,0.2144467553655744,0
48653,2012-01-22,0.22124442264888505,0
48654,2012-01-22,0.35501854729260285,1
48655,2012-01-22,0.38178178366595106,0
48656,2012-01-22,0.28612088106867806,0
48657,2012-01-22,0.4701859338366325,0
48658,2012-01-22,0.27479967150793944,1
48659,2012-01-22,0.23245007137330193,0
48660,2012-01-22,0.18212135838332874,0
48661,2012-01-22,0.49974005815827105,0
48662,2012-01-22,0.18477524133252585,0
48663,2012-01-22,0.3703490569196908,0
48664,2012-01-22,0.38051848912013364,1
48665,2012-01-22,0.16342114035718058,0
48666,2012-01-22,0.3315305032914012,0
48667,2012-01-22,0.210441641190294,0
48668,2012-01-22,0.4458528774625659,1
48669,2012-01-22,0.3495763132282957,0
48670,2012-01-22,0.248835116686202,0
48671,2012-01-22,0.35518012766001583,1
48672,2012-01-22,0.24255274539787489,0
48673,2012-01-22,0.5486506026845509,0
48674,2012-01-22,0.541435981723436,0
48675,2012-01-22,0.16338164080005757,1
48676,2012-01-22,0.2995037321708221,0
48677,2012-01-22,0.3062422713403959,1
48678,2012-01-22,0.15863824832516255,0
48679,2012-01-22,0.1594835100007298,1
48680,2012-01-22,0.41582772048784905,0
48681,2012-01-22,0.20851948726860073,0
48682,2012-01-22,0.31558563431760117,1
48683,2012-01-22,0.23712146605462314,0
48684,2012-01-22,0.21892844856517843,0
48685,2012-01-22,0.2128469845104777,0
48686,2012-01-22,0.1904324853218475,0
48687,2012-01-22,0.2304322313365197,0
48688,2012-01-22,0.4692447443982193,0
48689,2012-01-22,0.3562160824862321,0
48690,2012-01-22,0.2736636643009933,1
48691,2012-01-22,0.21481005143630996,0
48692,2012-01-22,0.2982232148718577,0
48693,2012-01-22,0.17128790799393206,0
48694,2012-01-22,0.18392896700532524,0
48695,2012-01-22,0.22054838143030447,0
48696,2012-01-22,0.19792136571401348,0
48697,2012-01-22,0.15072349087697087,0
48698,2012-01-22,0.3208939711305325,0
48699,2012-01-22,0.22146089090423932,0
48700,2012-01-22,0.19887103829198927,0
48701,2012-01-22,0.2581934128211715,0
48702,2012-01-22,0.2248277340096916,0
48703,2012-01-22,0.1838789680999496,1
48704,2012-01-22,0.33384709133164187,0
48705,2012-01-22,0.24366248066425641,0
48706,2012-01-22,0.30640588574777067,0
48707,2012-01-22,0.2978761923835043,1
48708,2012-01-22,0.3881729617449431,0
48709,2012-01-22,0.28473639433961967,1
48710,2012-01-22,0.2877699637458901,0
48711,2012-01-22,0.3085755707753777,1
48712,2012-01-22,0.24974738230149165,0
48713,2012-01-22,0.3175724472421941,0
48714,2012-01-22,0.41229836127479436,1
48715,2012-01-22,0.2642202383129761,0
48716,2012-01-22,0.22896793920958314,1
48717,2012-01-22,0.30742886665088326,0
48718,2012-01-22,0.21336462205056622,0
48719,2012-01-22,0.23934529413835606,0
48720,2012-01-22,0.318196890901145,0
48721,2012-01-22,0.1502281691122486,0
48722,2012-01-22,0.24285092379742887,0
48723,2012-01-22,0.24748364119393718,0
48724,2012-01-22,0.16270592318007424,0
48725,2012-01-22,0.39788608548725046,0
48726,2012-01-22,0.36579639228044414,0
48727,2012-01-22,0.24596000859905184,1
48728,2012-01-22,0.12782927907921818,0
48729,2012-01-22,0.25623377531843267,0
48730,2012-01-22,0.29889894858319105,0
48731,2012-01-22,0.11728840859749666,0
48732,2012-01-22,0.18756053713805015,0
48733,2012-01-22,0.4018589637878308,1
48734,2012-01-22,0.2737444300435943,0
48735,2012-01-22,0.2550131932089183,0
48736,2012-01-22,0.2235485595994845,1
48737,2012-01-22,0.2934549760369019,1
48738,2012-01-22,0.2588937918249992,1
48739,2012-01-22,0.18872966801903482,1
48740,2012-01-22,0.4111508344484534,0
48741,2012-01-22,0.29110255395422385,0
48742,2012-01-22,0.3661761605014451,1
48743,2012-01-22,0.1763526340069674,0
48744,2012-01-22,0.28140559338475934,0
48745,2012-01-22,0.3352886922656169,0
48746,2012-01-22,0.3705670268527096,1
48747,2012-01-22,0.32032973620359156,1
48748,2012-01-22,0.265239491579974,0
48749,2012-01-22,0.2283235517914657,0
48750,2012-01-22,0.42088987445445114,1
48751,2012-01-22,0.2468915958422058,0
48752,2012-01-22,0.31392777713026704,0
48753,2012-01-22,0.15752890568026495,0
48754,2012-01-22,0.1751136442514333,0
48755,2012-01-22,0.44382750459961784,0
48756,2012-01-22,0.27457065894919175,0
48757,2012-01-22,0.3996496369870352,0
48758,2012-01-22,0.32214453945230065,0
48759,2012-01-22,0.19930473433342102,0
48760,2012-01-22,0.2912923930308014,0
48761,2012-01-22,0.37193073465584797,0
48762,2012-01-22,0.245824254481351,0
48763,2012-01-22,0.2533579355808327,0
48764,2012-01-22,0.4784341805629825,0
48765,2012-01-22,0.18346316025634749,0
48766,2012-01-22,0.21824474733414626,0
48767,2012-01-22,0.232531262312703,1
48768,2012-01-22,0.2286426043080205,1
48769,2012-01-22,0.2894737329880798,0
48770,2012-01-22,0.3385871166222067,1
48771,2012-01-22,0.47278068784063576,1
48772,2012-01-22,0.2876319872235859,1
48773,2012-01-22,0.2258129960566582,0
48774,2012-01-22,0.3550317767531581,1
48775,2012-01-22,0.249903709695999,1
48776,2012-01-22,0.4973578798624885,1
48777,2012-01-22,0.22013288785315863,1
48778,2012-01-22,0.2520055938565996,1
48779,2012-01-22,0.2870735684035821,1
48780,2012-01-22,0.2494454047893326,0
48781,2012-01-22,0.3412977571965068,1
48782,2012-01-22,0.3846270988745116,0
48783,2012-01-22,0.3643122373312568,1
48784,2012-01-22,0.3668605402618526,1
48785,2012-01-22,0.21988849851368567,0
48786,2012-01-22,0.3304331105835422,0
48787,2012-01-22,0.36022135564480684,0
48788,2012-01-22,0.2589605637569081,0
48789,2012-01-22,0.3721806587810227,0
48790,2012-01-22,0.2640502483673574,0
48791,2012-01-22,0.21931668953067643,0
48792,2012-01-22,0.5412550582499254,0
48793,2012-01-22,0.29061751795440444,0
48794,2012-01-22,0.4128691739964568,0
48795,2012-01-22,0.3427226022406365,1
48796,2012-01-22,0.3045839330984257,0
48797,2012-01-22,0.20965137195339892,0
48798,2012-01-22,0.30221815408906205,1
48799,2012-01-22,0.27836659934967384,0
48800,2012-01-22,0.278617223916246,0
48801,2012-01-22,0.14050420233552702,0
48802,2012-01-22,0.2901835135099978,1
48803,2012-01-22,0.22240045608194897,0
48804,2012-01-22,0.3549894109303982,0
48805,2012-01-22,0.1864417561020067,0
48806,2012-01-22,0.3858375002271704,0
48807,2012-01-22,0.4374164469094132,0
48808,2012-01-22,0.3446899756831229,0
48809,2012-01-22,0.20106002791388397,0
48810,2012-01-22,0.4211432607382302,0
48811,2012-01-22,0.23536068457390533,0
48812,2012-01-22,0.34665971284901037,1
48813,2012-01-22,0.2882572546051705,0
48814,2012-01-22,0.354419900849483,0
48815,2012-01-22,0.31465421444288877,0
48816,2012-01-22,0.16314378238191052,1
48817,2012-01-22,0.2922743890869821,0
48818,2012-01-22,0.1827613953512605,1
48819,2012-01-22,0.3308976960370657,1
48820,2012-01-22,0.4433686275489374,0
48821,2012-01-22,0.247701894659889,0
48822,2012-01-22,0.33459991447630333,1
48823,2012-01-22,0.4466441624342355,0
48824,2012-01-22,0.2280303695871589,0
48825,2012-01-22,0.1571505943030243,0
48826,2012-01-22,0.1861733887658901,0
48827,2012-01-22,0.41928505177054354,0
48828,2012-01-22,0.15855517090298105,0
48829,2012-01-22,0.22414523418492593,0
48830,2012-01-22,0.16951557764879258,0
48831,2012-01-22,0.4316189223312712,0
48832,2012-01-22,0.447169899768669,1
48833,2012-01-22,0.34100207211887246,0
48834,2012-01-22,0.2436276203021754,1
48835,2012-01-22,0.20477987973485887,0
48836,2012-01-22,0.3116313600472054,1
48837,2012-01-22,0.2370295965842705,0
48838,2012-01-22,0.3414677879969761,1
48839,2012-01-22,0.17033656188558705,0
48840,2012-01-22,0.1920956494106874,0
48841,2012-01-22,0.1776808272066301,0
48842,2012-01-22,0.31381890279842917,0
48843,2012-01-22,0.41668237980912376,0
48844,2012-01-22,0.16492846795772484,0
48845,2012-01-22,0.3003092652726083,0
48846,2012-01-22,0.253539151219522,0
48847,2012-01-22,0.24934860641605672,0
48848,2012-01-22,0.1629726498454612,0
48849,2012-01-22,0.2672803278144805,1
48850,2012-01-22,0.32231813794546177,1
48851,2012-01-22,0.5257329561764378,1
48852,2012-01-22,0.4369174233233384,0
48853,2012-01-22,0.16916907394166175,0
48854,2012-01-22,0.26823094002629244,0
48855,2012-01-22,0.36036305172969185,0
48856,2012-01-22,0.2309688846849192,0
48857,2012-01-22,0.18447618480213512,0
48858,2012-01-22,0.16345904087053212,0
48859,2012-01-22,0.2735969154753812,0
48860,2012-01-22,0.3083937688483452,0
48861,2012-01-22,0.21124314806565725,0
48862,2012-01-22,0.3448612425408309,1
48863,2012-01-22,0.24828223410520758,1
48864,2012-01-22,0.18056869412795662,0
48865,2012-01-22,0.3796354914082303,0
48866,2012-01-22,0.2651153843044832,0
48867,2012-01-22,0.2439725854944101,0
48868,2012-01-22,0.2595108805989311,0
48869,2012-01-22,0.4729274714838415,0
48870,2012-01-22,0.22622521990819114,0
48871,2012-01-22,0.2402527768154702,1
48872,2012-01-22,0.2385962602577265,0
48873,2012-01-22,0.27831113103579513,0
48874,2012-01-22,0.33104869917185376,0
48875,2012-01-22,0.27911712468185196,0
48876,2012-01-22,0.19489316199535184,0
48877,2012-01-22,0.29982625972743343,0
48878,2012-01-22,0.2088885046831008,0
48879,2012-01-22,0.2206501812382914,0
48880,2012-01-22,0.20495241295754849,0
48881,2012-01-22,0.41662403214755483,1
48882,2012-01-22,0.3323909348958078,0
48883,2012-01-22,0.2560429688198115,0
48884,2012-01-22,0.47633758602863124,0
48885,2012-01-22,0.18120342857811778,0
48886,2012-01-22,0.42257189918568694,0
48887,2012-01-22,0.1949512441556461,0
48888,2012-01-22,0.31150539163458213,0
48889,2012-01-22,0.2672351880063862,0
48890,2012-01-22,0.3930006873369867,1
48891,2012-01-22,0.14913659113496552,0
48892,2012-01-22,0.27189043000470514,0
48893,2012-01-22,0.12179723250871406,0
48894,2012-01-22,0.17576452011004884,0
48895,2012-01-22,0.31109969617854366,0
48896,2012-01-22,0.3409983264873183,1
48897,2012-01-22,0.29859764873420985,1
48898,2012-01-22,0.1869054567523476,0
48899,2012-01-22,0.21609559866750985,0
48900,2012-01-22,0.24922735724180278,0
48901,2012-01-22,0.4339598816256089,0
48902,2012-01-22,0.15407320193830615,0
48903,2012-01-22,0.29705841189801246,0
48904,2012-01-22,0.4916301911463455,0
48905,2012-01-22,0.11336519330110106,0
48906,2012-01-22,0.3119545533741402,0
48907,2012-01-22,0.2550192793555806,0
48908,2012-01-22,0.2073292357238763,0
48909,2012-01-22,0.2283974133322141,0
48910,2012-01-22,0.27780503997731065,0
48911,2012-01-22,0.4139966809361824,1
48912,2012-01-22,0.28285768588160876,0
48913,2012-01-22,0.35196717159491325,0
48914,2012-01-22,0.17176084391859964,1
48915,2012-01-22,0.3272023689663244,0
48916,2012-01-22,0.2545585156685182,0
48917,2012-01-22,0.23878956181349464,0
48918,2012-01-22,0.2607261063128578,0
48919,2012-01-22,0.33676465670624717,0
48920,2012-01-22,0.362827189910232,0
48921,2012-01-22,0.32705019489386006,0
48922,2012-01-22,0.22914523873074794,0
48923,2012-01-22,0.18859049157643126,0
48924,2012-01-22,0.491213205180379,1
48925,2012-01-22,0.4653910714234044,0
48926,2012-01-22,0.32495462587046053,0
48927,2012-01-22,0.283491394192115,0
48928,2012-01-22,0.2572573791203539,0
48929,2012-01-22,0.3058727039563757,0
48930,2012-01-22,0.16583151825202497,1
48931,2012-01-22,0.2720126359355452,1
48932,2012-01-22,0.47074262911157677,1
48933,2012-01-22,0.23302420685796632,0
48934,2012-01-22,0.2536781785041679,0
48935,2012-01-22,0.49336032180467726,0
48936,2012-01-22,0.22785399547420562,0
48937,2012-01-22,0.3812916873550566,0
48938,2012-01-22,0.42487259222636425,0
48939,2012-01-22,0.1267295161460925,0
48940,2012-01-22,0.28792189689101516,0
48941,2012-01-22,0.33851835619272197,0
48942,2012-01-22,0.3177372062235914,0
48943,2012-01-22,0.20190855893948384,0
48944,2012-01-22,0.28269236623519906,1
48945,2012-01-22,0.6146278891781751,1
48946,2012-01-22,0.1330012367913506,1
48947,2012-01-22,0.17143871360280397,0
48948,2012-01-22,0.388803606054942,0
48949,2012-01-22,0.4223629977948697,1
48950,2012-01-22,0.33289649719682995,0
48951,2012-01-22,0.22317183537402394,0
48952,2012-01-22,0.548963703078368,1
48953,2012-01-22,0.15203682784442227,1
48954,2012-01-22,0.29056222052092784,0
48955,2012-01-22,0.26924553840877885,1
48956,2012-01-22,0.3856762828444329,0
48957,2012-01-22,0.22684180948487606,1
48958,2012-01-22,0.3164955706913464,0
48959,2012-01-22,0.19688817379045184,0
48960,2012-01-22,0.33200870292874113,1
48961,2012-01-22,0.1368606591305431,0
48962,2012-01-22,0.21777674172388353,0
48963,2012-01-22,0.37882490075379066,1
48964,2012-01-22,0.2839467628969858,0
48965,2012-01-22,0.15069204727000404,0
48966,2012-01-22,0.5454601532591964,1
48967,2012-01-22,0.17101722279237502,0
48968,2012-01-22,0.1985352151233693,1
48969,2012-01-22,0.19015900910129796,0
48970,2012-01-22,0.21774148354768938,0
48971,2012-01-22,0.25349766928847434,0
48972,2012-01-22,0.28907506257078497,0
48973,2012-01-22,0.29961795515911555,1
48974,2012-01-22,0.34531646520099984,0
48975,2012-01-22,0.2395303553939659,0
48976,2012-01-22,0.12287300119299288,0
48977,2012-01-22,0.15446006861213027,0
48978,2012-01-22,0.2941758447610447,1
48979,2012-01-22,0.21988467291683983,0
48980,2012-01-22,0.24322578752975033,0
48981,2012-01-22,0.5162749176180523,1
48982,2012-01-22,0.24387312280005116,1
48983,2012-01-22,0.3796298521688639,0
48984,2012-01-22,0.39386540896678757,1
48985,2012-01-22,0.3897106149245018,0
48986,2012-01-22,0.3380152957695928,0
48987,2012-01-22,0.577665829457546,0
48988,2012-01-22,0.16541100162454753,0
48989,2012-01-22,0.22376732535623492,0
48990,2012-01-22,0.23566191901990788,0
48991,2012-01-22,0.24079113264972205,0
48992,2012-01-22,0.2599037960464467,0
48993,2012-01-22,0.22060337567386193,1
48994,2012-01-22,0.25574698950356656,0
48995,2012-01-22,0.6124538289172247,0
48996,2012-01-22,0.27164617845736355,1
48997,2012-01-22,0.2277957622558399,1
48998,2012-01-22,0.20572244301941664,0
48999,2012-01-22,0.41424020776957354,0
49000,2012-01-22,0.2993022897645305,0
49001,2012-01-22,0.19396469036551608,0
49002,2012-01-22,0.24169624802041043,0
49003,2012-01-22,0.2743820382473192,0
49004,2012-01-22,0.2509348207972774,0
49005,2012-01-22,0.2218091289675414,0
49006,2012-01-22,0.45259845866885284,1
49007,2012-01-22,0.1889827709650874,0
49008,2012-01-22,0.3100661897061596,0
49009,2012-01-22,0.3958222664780509,0
49010,2012-01-22,0.3646295297877993,0
49011,2012-01-22,0.29650164192592826,0
49012,2012-01-22,0.41073973996784596,1
49013,2012-01-22,0.26260252897335656,0
49014,2012-01-22,0.5491400269256576,1
49015,2012-01-22,0.25131394947887997,0
49016,2012-01-22,0.2450829328100553,0
49017,2012-01-22,0.23706917745273212,0
49018,2012-01-22,0.21886334876510144,1
49019,2012-01-22,0.15863861946511285,0
49020,2012-01-22,0.29150058244104865,0
49021,2012-01-22,0.18405908558174203,0
49022,2012-01-22,0.1543413830644689,0
49023,2012-01-22,0.36657316899359615,0
49024,2012-01-22,0.32145349723447647,0
49025,2012-01-22,0.26188005006365167,0
49026,2012-01-22,0.5040033214888273,1
49027,2012-01-22,0.23480334303716657,0
49028,2012-01-22,0.2901862628622323,0
49029,2012-01-22,0.31392098008397923,0
49030,2012-01-22,0.4292287939986942,1
49031,2012-01-22,0.17010429521156736,0
49032,2012-01-22,0.19676795328105284,0
49033,2012-01-22,0.29876755343307493,0
49034,2012-01-22,0.2121080298505218,1
49035,2012-01-22,0.12305574886977287,0
49036,2012-01-22,0.2594434875657238,0
49037,2012-01-22,0.6406758621147985,1
49038,2012-01-22,0.25460748448701037,0
49039,2012-01-22,0.31733622714127036,0
49040,2012-01-22,0.2833275234748617,0
49041,2012-01-22,0.1280967949405947,0
49042,2012-01-22,0.29937842078324206,0
49043,2012-01-22,0.2586168035707861,0
49044,2012-01-22,0.32456050588336416,0
49045,2012-01-22,0.26108224602454544,1
49046,2012-01-22,0.3418773842567276,0
49047,2012-01-22,0.18574748626112506,0
49048,2012-01-22,0.3115792196070369,0
49049,2012-01-22,0.35649129739071156,1
49050,2012-01-22,0.12993236905808775,0
49051,2012-01-22,0.14483761981384013,0
49052,2012-01-22,0.43321233271701365,1
49053,2012-01-22,0.24130611033932878,0
49054,2012-01-22,0.18087125340484378,0
49055,2012-01-22,0.24464322452215134,1
49056,2012-01-22,0.15321543128624196,0
49057,2012-01-22,0.22978757804682237,0
49058,2012-01-22,0.34188856977370297,1
49059,2012-01-22,0.21791677834497994,0
49060,2012-01-22,0.34223831802201005,0
49061,2012-01-22,0.18939867084673528,0
49062,2012-01-22,0.286781843576341,1
49063,2012-01-22,0.23544413151662533,0
49064,2012-01-22,0.20860485792019506,0
49065,2012-01-22,0.3684813303139261,1
49066,2012-01-22,0.3203343096418389,1
49067,2012-01-22,0.3414077458682764,0
49068,2012-01-22,0.2747093366043736,0
49069,2012-01-22,0.34805998086926154,0
49070,2012-01-22,0.21142505373915405,0
49071,2012-01-22,0.2833354699090178,0
49072,2012-01-22,0.31631382590845275,0
49073,2012-01-22,0.14806935262279342,0
49074,2012-01-22,0.3534831857252522,0
49075,2012-01-22,0.49215280833565084,0
49076,2012-01-22,0.5461240454607754,1
49077,2012-01-22,0.20139550012860935,0
49078,2012-01-22,0.165653320571116,0
49079,2012-01-22,0.3609063763371151,1
49080,2012-01-22,0.3745802252923034,0
49081,2012-01-22,0.3033114251518205,0
49082,2012-01-22,0.36790595381641095,0
49083,2012-01-22,0.26244964259257797,0
49084,2012-01-22,0.2834955193825258,0
49085,2012-01-22,0.1944561104485464,0
49086,2012-01-22,0.19554982010839828,0
49087,2012-01-22,0.1284165844035768,0
49088,2012-01-22,0.2880215590010631,1
49089,2012-01-22,0.3197751782789352,0
49090,2012-01-22,0.19573078506278838,0
49091,2012-01-22,0.20160298574477697,1
49092,2012-01-22,0.2529925214382233,0
49093,2012-01-22,0.19638837752068422,0
49094,2012-01-22,0.4769596107918095,1
49095,2012-01-22,0.2614729399505076,1
49096,2012-01-22,0.30261384494304,0
49097,2012-01-22,0.4164112344807836,1
49098,2012-01-22,0.5072960673848902,0
49099,2012-01-22,0.29390567617826713,0
49100,2012-01-22,0.5679434203860333,1
49101,2012-01-22,0.4550598667114588,1
49102,2012-01-22,0.22626174271654154,0
49103,2012-01-22,0.4155881144992874,0
49104,2012-01-22,0.3203366792426341,0
49105,2012-01-22,0.42961730220771827,0
49106,2012-01-22,0.13716897348847573,0
49107,2012-01-22,0.39903668093931666,1
49108,2012-01-22,0.3296809389141372,0
49109,2012-01-22,0.32000687143774603,1
49110,2012-01-22,0.19491971584617349,0
49111,2012-01-22,0.26161774320957903,0
49112,2012-01-22,0.4484797054933684,0
49113,2012-01-22,0.25508744110058823,0
49114,2012-01-22,0.2772652727506808,0
49115,2012-01-22,0.2081019747792102,0
49116,2012-01-22,0.1982973566258573,0
49117,2012-01-22,0.3805282171896848,1
49118,2012-01-22,0.23131981482232533,0
49119,2012-01-22,0.2987510955046504,0
49120,2012-01-22,0.2271649207427588,0
49121,2012-01-22,0.5375784685572959,1
49122,2012-01-22,0.19930753467532777,1
49123,2012-01-22,0.17545143907107982,0
49124,2012-01-22,0.20369964197427487,0
49125,2012-01-22,0.36458671259768327,0
49126,2012-01-22,0.3344943014668346,0
49127,2012-01-22,0.4172009873786699,1
49128,2012-01-22,0.4153779729586386,1
49129,2012-01-22,0.3389705385020498,0
49130,2012-01-22,0.2041278072723186,0
49131,2012-01-22,0.20235772514465336,0
49132,2012-01-22,0.31333194182357493,0
49133,2012-01-22,0.24552967550519947,0
49134,2012-01-22,0.1638559812339534,0
49135,2012-01-22,0.4409454114609754,0
49136,2012-01-22,0.27347321685646253,0
49137,2012-01-22,0.6188685817376813,1
49138,2012-01-22,0.36229549368215874,0
49139,2012-01-22,0.503495825394826,1
49140,2012-01-22,0.18826594316785975,0
49141,2012-01-22,0.2853972482566515,1
49142,2012-01-22,0.34149175846051893,0
49143,2012-01-22,0.25118584998248483,1
49144,2012-01-22,0.22299032261657278,0
49145,2012-01-22,0.3206461765069256,0
49146,2012-01-22,0.2954002577605428,0
49147,2012-01-22,0.299747471067299,1
49148,2012-01-22,0.4552185878953547,1
49149,2012-01-22,0.2976569572176261,0
49150,2012-01-22,0.289296996034815,0
49151,2012-01-22,0.14559409375237642,0
49152,2012-01-22,0.21147396808915508,0
49153,2012-01-22,0.19629690706852107,0
49154,2012-01-22,0.1860745363944694,0
49155,2012-01-22,0.3533789679955364,1
49156,2012-01-22,0.21398402807961744,0
49157,2012-01-22,0.44853561426674704,1
49158,2012-01-22,0.3071362271993208,0
49159,2012-01-22,0.3606567764624084,0
49160,2012-01-22,0.47671129814446744,1
49161,2012-01-22,0.4059498708966411,1
49162,2012-01-22,0.21867464116600152,0
49163,2012-01-22,0.16716403171295394,0
49164,2012-01-22,0.2250175571421427,0
49165,2012-01-22,0.41232618266388954,0
49166,2012-01-22,0.22552129198764484,0
49167,2012-01-22,0.3635511612412359,0
49168,2012-01-22,0.22592176585577656,0
49169,2012-01-22,0.19113107924173603,0
49170,2012-01-22,0.3462456025454813,0
49171,2012-01-22,0.18527149447531413,0
49172,2012-01-22,0.18574997525103065,0
49173,2012-01-22,0.6046590387216028,1
49174,2012-01-22,0.1865368046805488,0
49175,2012-01-22,0.23911210032598226,0
49176,2012-01-22,0.3918855234033706,0
49177,2012-01-22,0.21849946939054563,0
49178,2012-01-22,0.14444915491672178,0
49179,2012-01-22,0.1961886358460502,0
49180,2012-01-22,0.11506824361477919,0
49181,2012-01-22,0.42329295265545436,0
49182,2012-01-22,0.23674764352331332,0
49183,2012-01-22,0.1603080575806823,0
49184,2012-01-22,0.1793549795857837,0
49185,2012-01-22,0.6356633388291717,1
49186,2012-01-22,0.23374590053202696,1
49187,2012-01-22,0.3419147314582342,1
49188,2012-01-22,0.22709986626021544,0
49189,2012-01-22,0.2287080273330557,0
49190,2012-01-22,0.17605598173873993,1
49191,2012-01-22,0.10091042061253074,0
49192,2012-01-22,0.4870615823191971,0
49193,2012-01-22,0.16600096842387918,0
49194,2012-01-22,0.19858294474257704,0
49195,2012-01-22,0.20778327476545314,0
49196,2012-01-22,0.3920512242487034,1
49197,2012-01-22,0.3688176537190232,0
49198,2012-01-22,0.15499398466605915,0
49199,2012-01-22,0.13108686785578594,0
49200,2012-01-22,0.31472439399810087,0
49201,2012-01-22,0.18806459221689809,0
49202,2012-01-22,0.44447065215907683,0
49203,2012-01-22,0.2278410512872578,1
49204,2012-01-22,0.29787801145980053,1
49205,2012-01-22,0.2647415531915172,0
49206,2012-01-22,0.169142113246105,0
49207,2012-01-22,0.24343641392536913,1
49208,2012-01-22,0.38872172824497425,0
49209,2012-01-22,0.3443181113903898,0
49210,2012-01-22,0.27585133007254203,0
49211,2012-01-22,0.1465124786161336,0
49212,2012-01-22,0.562427392434634,1
49213,2012-01-22,0.1992071545526313,0
49214,2012-01-22,0.2062301451906052,0
49215,2012-01-22,0.1593551927705024,0
49216,2012-01-22,0.48831711833637703,1
49217,2012-01-22,0.3636556252525241,0
49218,2012-01-22,0.28268645556101807,1
49219,2012-01-22,0.1513278228676631,0
49220,2012-01-22,0.2600740704994737,1
49221,2012-01-22,0.24160718678565432,0
49222,2012-01-22,0.19161492498379534,0
49223,2012-01-22,0.39785779856436143,0
49224,2012-01-22,0.33406458312376275,0
49225,2012-01-22,0.4312787823498256,1
49226,2012-01-22,0.4350232072968462,1
49227,2012-01-22,0.2686068410370229,0
49228,2012-01-22,0.3974568831897834,0
49229,2012-01-22,0.33741839502724374,0
49230,2012-01-22,0.47593206086304524,0
49231,2012-01-22,0.21316167085078289,0
49232,2012-01-22,0.3523895567324157,0
49233,2012-01-22,0.17820492331465299,1
49234,2012-01-22,0.22134538016510538,0
49235,2012-01-22,0.2957550157607027,0
49236,2012-01-22,0.31000028634895876,0
49237,2012-01-22,0.21327050691128352,0
49238,2012-01-22,0.3099974217009766,0
49239,2012-01-22,0.32404262799162226,1
49240,2012-01-22,0.4695209038943591,1
49241,2012-01-22,0.6446871581598286,1
49242,2012-01-22,0.24817471007024022,0
49243,2012-01-22,0.208558913823472,0
49244,2012-01-22,0.16513280845980607,0
49245,2012-01-22,0.3772968584530016,1
49246,2012-01-22,0.35170046801795135,1
49247,2012-01-22,0.31692645420024396,0
49248,2012-01-22,0.23378332408366406,0
49249,2012-01-22,0.15277492382703875,0
49250,2012-01-22,0.4353327071594423,1
49251,2012-01-22,0.27051545027715834,0
49252,2012-01-22,0.23381207674519638,1
49253,2012-01-22,0.18132510855128456,0
49254,2012-01-22,0.16181859172038005,1
49255,2012-01-22,0.2759494577043816,1
49256,2012-01-22,0.15527052665995347,0
49257,2012-01-22,0.27638341896249785,1
49258,2012-01-22,0.2359343333467818,0
49259,2012-01-22,0.5822402044928285,1
49260,2012-01-22,0.2738367370293583,0
49261,2012-01-22,0.3373389919101195,0
49262,2012-01-22,0.3028552326071704,0
49263,2012-01-22,0.19919939576141596,0
49264,2012-01-22,0.2900190761659519,0
49265,2012-01-22,0.19858150525584545,0
49266,2012-01-22,0.23830723209387905,1
49267,2012-01-22,0.23916508101350795,0
49268,2012-01-22,0.1997924912539192,1
49269,2012-01-22,0.27448211016169116,1
49270,2012-01-22,0.21733737903294764,0
49271,2012-01-22,0.18860660924350744,0
49272,2012-01-22,0.40076052248169314,1
49273,2012-01-22,0.3184148142262057,0
49274,2012-01-22,0.34082505427249904,0
49275,2012-01-22,0.3289598172045656,0
49276,2012-01-22,0.22032103874817785,0
49277,2012-01-22,0.19659565593179854,0
49278,2012-01-22,0.4452592566332723,0
49279,2012-01-22,0.19164182148737133,0
49280,2012-01-22,0.4588884322650337,0
49281,2012-01-22,0.33801933446295096,0
49282,2012-01-22,0.2445865215787204,0
49283,2012-01-22,0.340957731978157,0
49284,2012-01-22,0.12902046481784132,0
49285,2012-01-22,0.23894388583353543,0
49286,2012-01-22,0.1371917849813254,0
49287,2012-01-22,0.3765088106140366,1
49288,2012-01-22,0.2142890658360451,1
49289,2012-01-22,0.29378338743578225,0
49290,2012-01-22,0.3681285776097376,0
49291,2012-01-22,0.35346405847412304,0
49292,2012-01-22,0.30562733580129836,0
49293,2012-01-22,0.18999731285525195,0
49294,2012-01-22,0.15399741097799136,0
49295,2012-01-22,0.34376417726000663,0
49296,2012-01-22,0.28555558646904144,1
49297,2012-01-22,0.31778326830163145,0
49298,2012-01-22,0.441917319280145,0
49299,2012-01-22,0.438302708404898,0
49300,2012-01-22,0.14823463364206124,0
49301,2012-01-22,0.33732233771276515,0
49302,2012-01-22,0.2173694194840856,1
49303,2012-01-22,0.17597645206325446,0
49304,2012-01-22,0.31032131379012384,0
49305,2012-01-22,0.24499715902261895,1
49306,2012-01-22,0.35119949097466474,0
49307,2012-01-22,0.20155819147977483,0
49308,2012-01-22,0.17764237260346805,0
49309,2012-01-22,0.4017783501650247,0
49310,2012-01-22,0.30822955259098056,0
49311,2012-01-22,0.2502693776093478,0
49312,2012-01-22,0.29533193248786943,1
49313,2012-01-22,0.3711187018886588,1
49314,2012-01-22,0.16654148048600215,0
49315,2012-01-22,0.29470537814605613,0
49316,2012-01-22,0.2712119278281322,0
49317,2012-01-22,0.2887109578925054,1
49318,2012-01-22,0.19764860418563446,0
49319,2012-01-22,0.3266576981998052,0
49320,2012-01-22,0.25070430653963305,0
49321,2012-01-22,0.48431464859728496,0
49322,2012-01-22,0.42458109603412136,0
49323,2012-01-22,0.46036288476528875,0
49324,2012-01-22,0.29212343487651915,0
49325,2012-01-22,0.3991568876142145,1
49326,2012-01-22,0.4135788629263989,0
49327,2012-01-22,0.18839612372899384,0
49328,2012-01-22,0.3228455719285655,0
49329,2012-01-22,0.4281645629190769,0
49330,2012-01-22,0.272298557896361,0
49331,2012-01-22,0.34435961808713494,1
49332,2012-01-22,0.35357997423083753,0
49333,2012-01-22,0.24932899292557364,0
49334,2012-01-22,0.3037737800928405,1
49335,2012-01-22,0.36173965515103995,0
49336,2012-01-22,0.48153706574435967,0
49337,2012-01-22,0.3097924711360257,1
49338,2012-01-22,0.32911267489454665,0
49339,2012-01-22,0.19510276963178247,0
49340,2012-01-22,0.42346599599759804,1
49341,2012-01-22,0.4882816255562448,1
49342,2012-01-22,0.3381593663371882,1
49343,2012-01-22,0.33512162493773784,1
49344,2012-01-22,0.13883055357887028,0
49345,2012-01-22,0.2886663349707859,0
49346,2012-01-22,0.2652425791894565,0
49347,2012-01-22,0.4176880635440596,0
49348,2012-01-22,0.42110313787304005,0
49349,2012-01-22,0.49177398802404826,1
49350,2012-01-22,0.26471169659778737,0
49351,2012-01-22,0.34744781755570936,1
49352,2012-01-22,0.39455865307345084,0
49353,2012-01-22,0.20549566376357153,0
49354,2012-01-22,0.31009310773788923,0
49355,2012-01-22,0.18525861865586404,0
49356,2012-01-22,0.14760009356875722,1
49357,2012-01-22,0.17974792858912997,0
49358,2012-01-22,0.17059704371059675,0
49359,2012-01-22,0.2579482195128773,0
49360,2012-01-22,0.1408051616871966,0
49361,2012-01-22,0.3120710357129217,1
49362,2012-01-22,0.3288762715069761,0
49363,2012-01-22,0.3204156856739277,0
49364,2012-01-22,0.27975454393985444,1
49365,2012-01-22,0.3413358787487312,0
49366,2012-01-22,0.1792404101186001,0
49367,2012-01-22,0.2327387506278228,0
49368,2012-01-22,0.23421640149654924,1
49369,2012-01-22,0.4391524384104368,0
49370,2012-01-22,0.2002755732778119,0
49371,2012-01-22,0.2670915185926246,1
49372,2012-01-22,0.1961740125910849,0
49373,2012-01-22,0.2986318130806785,0
49374,2012-01-22,0.5266433380292931,0
49375,2012-01-22,0.2981905427924549,0
49376,2012-01-22,0.27494696265100316,0
49377,2012-01-22,0.491501066569852,0
49378,2012-01-22,0.29236445622094026,0
49379,2012-01-22,0.48017040517418563,1
49380,2012-01-22,0.17447131263073393,1
49381,2012-01-22,0.40429171861275764,0
49382,2012-01-22,0.3097978821316992,0
49383,2012-01-22,0.14192400113962508,0
49384,2012-01-22,0.16476222206940522,0
49385,2012-01-22,0.3803853182026066,0
49386,2012-01-22,0.25221490255074697,0
49387,2012-01-22,0.17980210155436863,0
49388,2012-01-22,0.22877690509285792,1
49389,2012-01-22,0.1876774254212128,0
49390,2012-01-22,0.1829842172237947,0
49391,2012-01-22,0.2310016484182737,0
49392,2012-01-22,0.2601094039141398,0
49393,2012-01-22,0.2921426551404368,0
49394,2012-01-22,0.18677073449526782,0
49395,2012-01-22,0.2658218850392008,0
49396,2012-01-22,0.2164050759375493,0
49397,2012-01-22,0.3965660358019352,1
49398,2012-01-22,0.17585091853654924,0
49399,2012-01-22,0.16986463663910328,0
49400,2012-01-22,0.3139979291978364,1
49401,2012-01-22,0.40244239468565357,0
49402,2012-01-22,0.5047781277331174,1
49403,2012-01-22,0.288257334517506,0
49404,2012-01-22,0.23576404414307348,0
49405,2012-01-22,0.13749282743163077,0
49406,2012-01-22,0.28011697115716166,0
49407,2012-01-22,0.22816296973291464,0
49408,2012-01-22,0.33790460221067364,0
49409,2012-01-22,0.2621891882978989,0
49410,2012-01-22,0.2618474104352113,0
49411,2012-01-22,0.1632348618545667,0
49412,2012-01-22,0.20751830993787887,0
49413,2012-01-22,0.2869051469722278,0
49414,2012-01-22,0.21647651848760366,1
49415,2012-01-22,0.4284502525813634,1
49416,2012-01-22,0.11426048869409548,0
49417,2012-01-22,0.20472079249801156,0
49418,2012-01-22,0.19480469916420307,1
49419,2012-01-22,0.3217908204500456,0
49420,2012-01-22,0.21424387771603512,0
49421,2012-01-22,0.18619712862394958,0
49422,2012-01-22,0.43752246548071533,0
49423,2012-01-22,0.3364755166676423,0
49424,2012-01-22,0.3513700333131193,1
49425,2012-01-22,0.13782769557753333,0
49426,2012-01-22,0.2889020601745525,1
49427,2012-01-22,0.21871747890543228,1
49428,2012-01-22,0.2501377040842655,0
49429,2012-01-22,0.23234140282812452,0
49430,2012-01-22,0.25014044624586174,0
49431,2012-01-22,0.3065654539253796,0
49432,2012-01-22,0.4749399462773141,0
49433,2012-01-22,0.21662367012227363,0
49434,2012-01-22,0.3273043518820541,1
49435,2012-01-22,0.30770242428167,1
49436,2012-01-22,0.3711385878932792,0
49437,2012-01-22,0.21608919121163714,0
49438,2012-01-22,0.19367138898949493,0
49439,2012-01-22,0.37244472116617716,0
49440,2012-01-22,0.40975230281642133,0
49441,2012-01-22,0.24691047524009704,1
49442,2012-01-22,0.16049566014153085,0
49443,2012-01-22,0.18762487328945454,0
49444,2012-01-22,0.4153575193428781,0
49445,2012-01-22,0.18548678915360792,1
49446,2012-01-22,0.3733621864195799,1
49447,2012-01-22,0.2487635310967243,0
49448,2012-01-22,0.3913631587758078,0
49449,2012-01-22,0.17212701749396273,0
49450,2012-01-22,0.27642980999540984,0
49451,2012-01-22,0.2988549219600916,0
49452,2012-01-22,0.30644387894790825,0
49453,2012-01-22,0.41630156855482026,0
49454,2012-01-22,0.15572582347488864,0
49455,2012-01-22,0.18519053668015392,0
49456,2012-01-22,0.34783241021849454,1
49457,2012-01-22,0.4817073678918002,1
49458,2012-01-22,0.31537520540008557,0
49459,2012-01-22,0.24821379023581686,1
49460,2012-01-22,0.3620736165880741,0
49461,2012-01-22,0.2635387796829725,0
49462,2012-01-22,0.35678928131776644,0
49463,2012-01-22,0.2517427314837106,1
49464,2012-01-22,0.2868270134103402,0
49465,2012-01-22,0.27724182371080425,0
49466,2012-01-22,0.18262837092617953,1
49467,2012-01-22,0.3285635339781368,0
49468,2012-01-22,0.2581969075622984,0
49469,2012-01-22,0.3242128403040665,1
49470,2012-01-22,0.21437098094014953,0
49471,2012-01-22,0.21938407868375856,0
49472,2012-01-22,0.2851445868875828,0
49473,2012-01-22,0.21787135468550448,0
49474,2012-01-22,0.14894799175238796,0
49475,2012-01-22,0.18492577236990454,0
49476,2012-01-22,0.3909497647528652,0
49477,2012-01-22,0.1712940688326185,0
49478,2012-01-22,0.3570863288335334,0
49479,2012-01-22,0.2860705023466822,0
49480,2012-01-22,0.2259140752504728,0
49481,2012-01-22,0.2344932632182077,1
49482,2012-01-22,0.3557609525047539,0
49483,2012-01-22,0.3380774295255904,0
49484,2012-01-22,0.1415654786994048,0
49485,2012-01-22,0.28665622444895755,0
49486,2012-01-22,0.3563136591195451,0
49487,2012-01-22,0.3403020688145674,0
49488,2012-01-22,0.4052694136375935,0
49489,2012-01-22,0.17558712197911464,0
49490,2012-01-22,0.3070324532090933,0
49491,2012-01-22,0.44807694751820554,1
49492,2012-01-22,0.16176427382899372,0
49493,2012-01-22,0.1798136275072529,0
49494,2012-01-22,0.2611714082634653,0
49495,2012-01-22,0.30955952391399044,0
49496,2012-01-22,0.18729059987288638,0
49497,2012-01-22,0.13896129330682297,1
49498,2012-01-22,0.1887263915920816,0
49499,2012-01-22,0.20815407852653625,1
49500,2012-01-22,0.2229857034608104,0
49501,2012-01-22,0.17873137915480858,1
49502,2012-01-22,0.22410739322884957,0
49503,2012-01-22,0.3026201162386853,1
49504,2012-01-22,0.38544239953958276,0
49505,2012-01-22,0.25832616768748073,0
49506,2012-01-22,0.14793751826837753,0
49507,2012-01-22,0.5867816890077124,1
49508,2012-01-22,0.30703250483002403,0
49509,2012-01-22,0.2855570272404788,0
49510,2012-01-22,0.2783906134038055,0
49511,2012-01-22,0.24719663976629389,0
49512,2012-01-22,0.20394430681626893,0
49513,2012-01-22,0.11848541383411904,0
49514,2012-01-22,0.20351757702940135,0
49515,2012-01-22,0.16246016311483108,0
49516,2012-01-22,0.23727125735191396,1
49517,2012-01-22,0.15881500303474425,0
49518,2012-01-22,0.35236341959970857,0
49519,2012-01-22,0.34235665987322167,1
49520,2012-01-22,0.3087331206297009,0
49521,2012-01-22,0.4841483326778076,0
49522,2012-01-22,0.4359518087044579,0
49523,2012-01-22,0.2037310374088536,0
49524,2012-01-22,0.4160227454369954,0
49525,2012-01-22,0.1806201892103064,0
49526,2012-01-22,0.34204021107804095,1
49527,2012-01-22,0.5411724828508621,1
49528,2012-01-22,0.31426657269422836,0
49529,2012-01-22,0.2562372907675833,0
49530,2012-01-22,0.1993994547606278,0
49531,2012-01-22,0.3282258562530665,0
49532,2012-01-22,0.3026952287873597,0
49533,2012-01-22,0.3430508005860244,0
49534,2012-01-22,0.425773296923374,1
49535,2012-01-22,0.20457637660016678,0
49536,2012-01-22,0.5322549023518343,1
49537,2012-01-22,0.2718976663834256,0
49538,2012-01-22,0.45097636108986855,1
49539,2012-01-22,0.23240593568556991,0
49540,2012-01-22,0.25048559899617845,0
49541,2012-01-22,0.13244605392589937,0
49542,2012-01-22,0.32506926226533284,0
49543,2012-01-22,0.23417116018003167,1
49544,2012-01-22,0.22742521116538614,0
49545,2012-01-22,0.564466383312727,1
49546,2012-01-22,0.29824791227190023,1
49547,2012-01-22,0.208011005226222,0
49548,2012-01-22,0.13860037680469287,0
49549,2012-01-22,0.23523539127395107,0
49550,2012-01-22,0.27797598526986683,0
49551,2012-01-22,0.17644954421113077,0
49552,2012-01-22,0.21292007011399827,0
49553,2012-01-22,0.26624390855406976,0
49554,2012-01-22,0.2939417637488906,0
49555,2012-01-22,0.44897865675292725,0
49556,2012-01-22,0.43386315239052925,0
49557,2012-01-22,0.1798198972490964,0
49558,2012-01-22,0.19072741333891544,0
49559,2012-01-22,0.4770878202991318,1
49560,2012-01-22,0.3650336000274453,0
49561,2012-01-22,0.24751117661415709,0
49562,2012-01-22,0.30871043317592284,0
49563,2012-01-22,0.5134465839939281,1
49564,2012-01-23,0.5374943449710375,1
49565,2012-01-23,0.3538471233965122,1
49566,2012-01-23,0.3516448118617145,1
49567,2012-01-23,0.38660417425386073,0
49568,2012-01-23,0.4491267129169294,0
49569,2012-01-23,0.4410010639129136,0
49570,2012-01-23,0.20442440216942656,0
49571,2012-01-23,0.27637563142709487,1
49572,2012-01-23,0.44461110034193563,0
49573,2012-01-23,0.19091539443803265,0
49574,2012-01-23,0.4438878282348997,0
49575,2012-01-23,0.3257011710590061,1
49576,2012-01-23,0.2819635950675222,0
49577,2012-01-23,0.20444415477435296,0
49578,2012-01-23,0.21753183213157654,1
49579,2012-01-23,0.2692189507922958,1
49580,2012-01-23,0.22044105114500356,0
49581,2012-01-23,0.20303899072201714,0
49582,2012-01-23,0.2087895088966019,0
49583,2012-01-23,0.36376744229750085,0
49584,2012-01-23,0.3242569606414052,0
49585,2012-01-23,0.24025942827201988,0
49586,2012-01-23,0.43280401371238947,0
49587,2012-01-23,0.25551066875528017,0
49588,2012-01-23,0.35748998389755626,0
49589,2012-01-23,0.45215184629702265,0
49590,2012-01-23,0.22428760299544317,1
49591,2012-01-23,0.20541055255017066,0
49592,2012-01-23,0.2938798882023349,1
49593,2012-01-23,0.24384111944108963,0
49594,2012-01-23,0.19717242132926646,1
49595,2012-01-23,0.32111232128289446,0
49596,2012-01-23,0.12866095874043043,0
49597,2012-01-23,0.24257195132309092,0
49598,2012-01-23,0.3087717081328484,0
49599,2012-01-23,0.3424532361315992,1
49600,2012-01-23,0.19819850239007586,0
49601,2012-01-23,0.4663548983425307,0
49602,2012-01-23,0.2252078164115849,1
49603,2012-01-23,0.23894085053752984,0
49604,2012-01-23,0.25091917096012456,0
49605,2012-01-23,0.2996096650618414,0
49606,2012-01-23,0.22075802334855535,0
49607,2012-01-23,0.16352405658432415,1
49608,2012-01-23,0.16597933516782448,0
49609,2012-01-23,0.3401096783026369,0
49610,2012-01-23,0.5474242954644015,0
49611,2012-01-23,0.1405477647688586,1
49612,2012-01-23,0.40223292894492013,0
49613,2012-01-23,0.19058491920751466,1
49614,2012-01-23,0.3789616015967528,1
49615,2012-01-23,0.16259034527960184,1
49616,2012-01-23,0.2685746665810453,0
49617,2012-01-23,0.3733985896241595,0
49618,2012-01-23,0.26798839310054934,1
49619,2012-01-23,0.2590143222839651,0
49620,2012-01-23,0.37363777579341506,0
49621,2012-01-23,0.34269207419095227,0
49622,2012-01-23,0.2355288435326698,0
49623,2012-01-23,0.23270617179105604,1
49624,2012-01-23,0.2612439821817444,0
49625,2012-01-23,0.2673788994482484,0
49626,2012-01-23,0.42753650962457523,0
49627,2012-01-23,0.20674304777261854,0
49628,2012-01-23,0.12709672564672148,0
49629,2012-01-23,0.3662819268118455,1
49630,2012-01-23,0.18709350089783033,0
49631,2012-01-23,0.20819177800929378,0
49632,2012-01-23,0.23799471660369315,1
49633,2012-01-23,0.6170551200671112,0
49634,2012-01-23,0.32707428740454086,0
49635,2012-01-23,0.3919106470054456,0
49636,2012-01-23,0.1813915389012197,0
49637,2012-01-23,0.18981523777840317,0
49638,2012-01-23,0.1569674723369423,0
49639,2012-01-23,0.18026197479039513,0
49640,2012-01-23,0.3296743125230629,0
49641,2012-01-23,0.24567383899606698,0
49642,2012-01-23,0.31708855344962045,0
49643,2012-01-23,0.2582225394428849,0
49644,2012-01-23,0.17003384516611555,1
49645,2012-01-23,0.6408175797262402,1
49646,2012-01-23,0.3633115227138268,0
49647,2012-01-23,0.1691122977022052,0
49648,2012-01-23,0.15063163088503134,1
49649,2012-01-23,0.1417643839413286,0
49650,2012-01-23,0.2864119605457081,0
49651,2012-01-23,0.292016342075278,1
49652,2012-01-23,0.11496880512753256,0
49653,2012-01-23,0.3077997253036761,1
49654,2012-01-23,0.21548152065810233,1
49655,2012-01-23,0.41647130157822454,0
49656,2012-01-23,0.2521738985283223,0
49657,2012-01-23,0.172446292499589,0
49658,2012-01-23,0.16720683559894048,0
49659,2012-01-23,0.24189468703781564,0
49660,2012-01-23,0.36394221129360094,0
49661,2012-01-23,0.15016111599273502,0
49662,2012-01-23,0.3194116892579604,0
49663,2012-01-23,0.26280537148083355,0
49664,2012-01-23,0.21703816670063442,0
49665,2012-01-23,0.417758185037479,0
49666,2012-01-23,0.14541352302897834,0
49667,2012-01-23,0.21378543610894174,0
49668,2012-01-23,0.2563485300691981,1
49669,2012-01-23,0.19089732033327714,0
49670,2012-01-23,0.42750938296574026,0
49671,2012-01-23,0.3792024113630375,0
49672,2012-01-23,0.20931712741294642,0
49673,2012-01-23,0.1682078310106784,0
49674,2012-01-23,0.22778930540103365,0
49675,2012-01-23,0.4180206425940373,0
49676,2012-01-23,0.2611173342268176,1
49677,2012-01-23,0.2624738504670642,0
49678,2012-01-23,0.21386345522980132,0
49679,2012-01-23,0.26815379147256235,0
49680,2012-01-23,0.23867818083692582,0
49681,2012-01-23,0.13040435794695168,0
49682,2012-01-23,0.4087889992857848,0
49683,2012-01-23,0.26579220053462477,0
49684,2012-01-23,0.35139778958253487,0
49685,2012-01-23,0.3845036783107789,0
49686,2012-01-23,0.4011009752493603,1
49687,2012-01-23,0.21638417923779488,0
49688,2012-01-23,0.19641075183103,0
49689,2012-01-23,0.32378096533482303,0
49690,2012-01-23,0.3682948744263489,0
49691,2012-01-23,0.40333450994349024,0
49692,2012-01-23,0.1725901875313317,0
49693,2012-01-23,0.5819488652204308,1
49694,2012-01-23,0.1859814680497409,0
49695,2012-01-23,0.30864787972490554,1
49696,2012-01-23,0.4191731653188689,0
49697,2012-01-23,0.2478257994549416,0
49698,2012-01-23,0.29960139559254145,0
49699,2012-01-23,0.2810185087575052,0
49700,2012-01-23,0.41086210969147535,1
49701,2012-01-23,0.17223540441154558,0
49702,2012-01-23,0.18687162168459728,0
49703,2012-01-23,0.4216334655047585,1
49704,2012-01-23,0.2327688595403027,0
49705,2012-01-23,0.35491262339299035,0
49706,2012-01-23,0.317365848780631,0
49707,2012-01-23,0.19000852581523334,0
49708,2012-01-23,0.28133397899490015,0
49709,2012-01-23,0.17787923645421866,0
49710,2012-01-23,0.2768684745083642,0
49711,2012-01-23,0.18296668319397674,1
49712,2012-01-23,0.23745061619639196,0
49713,2012-01-23,0.16085004355783902,0
49714,2012-01-23,0.17928987610132605,0
49715,2012-01-23,0.25228060078476006,0
49716,2012-01-23,0.3127562639614871,0
49717,2012-01-23,0.2867912979056296,1
49718,2012-01-23,0.388601625949025,0
49719,2012-01-23,0.31410570920653647,0
49720,2012-01-23,0.22415763055406288,0
49721,2012-01-23,0.6107332882486337,1
49722,2012-01-23,0.29976813844858535,0
49723,2012-01-23,0.2614158909677952,0
49724,2012-01-23,0.3561643213383273,0
49725,2012-01-23,0.27309009458090744,1
49726,2012-01-23,0.38314684130451576,0
49727,2012-01-23,0.2606708464807409,0
49728,2012-01-23,0.18920662034873462,0
49729,2012-01-23,0.3951906472416326,0
49730,2012-01-23,0.22496076005342414,0
49731,2012-01-23,0.3123092361591226,1
49732,2012-01-23,0.35361963454592815,0
49733,2012-01-23,0.19626405947517667,0
49734,2012-01-23,0.29490770562270957,0
49735,2012-01-23,0.20529154007639627,0
49736,2012-01-23,0.3078634443403541,0
49737,2012-01-23,0.4304092343792893,1
49738,2012-01-23,0.4050694301632457,1
49739,2012-01-23,0.3065235984497265,0
49740,2012-01-23,0.38070564199597784,0
49741,2012-01-23,0.1650033732036564,0
49742,2012-01-23,0.250702658741279,0
49743,2012-01-23,0.15961460570362976,1
49744,2012-01-23,0.5159796968637441,0
49745,2012-01-23,0.2767731738422362,0
49746,2012-01-23,0.21102956703802161,0
49747,2012-01-23,0.2308638342040946,0
49748,2012-01-23,0.2530756878756164,0
49749,2012-01-23,0.41428887632754946,0
49750,2012-01-23,0.2274283708423798,1
49751,2012-01-23,0.18005693067156847,0
49752,2012-01-23,0.4815157622457955,1
49753,2012-01-23,0.2480618234306195,0
49754,2012-01-23,0.28037008753281406,0
49755,2012-01-23,0.2476957770903342,1
49756,2012-01-23,0.24993297315453436,0
49757,2012-01-23,0.26505123885802795,0
49758,2012-01-23,0.2896459848885863,0
49759,2012-01-23,0.25857617733884863,0
49760,2012-01-23,0.4769659280648234,1
49761,2012-01-23,0.40000578545712506,0
49762,2012-01-23,0.2034083718153347,0
49763,2012-01-23,0.33596448079139213,1
49764,2012-01-23,0.4011062796382617,0
49765,2012-01-23,0.2485546511282098,0
49766,2012-01-23,0.1629469336005812,0
49767,2012-01-23,0.2658023122249176,0
49768,2012-01-23,0.3210986272706996,1
49769,2012-01-23,0.09124848114278909,0
49770,2012-01-23,0.5767915882711218,0
49771,2012-01-23,0.40107450812449996,0
49772,2012-01-23,0.13102120312746748,1
49773,2012-01-23,0.3676746641439309,0
49774,2012-01-23,0.2712173457308911,0
49775,2012-01-23,0.24076767190491624,0
49776,2012-01-23,0.2645972796367643,0
49777,2012-01-23,0.16606522991406067,0
49778,2012-01-23,0.3545465926889389,0
49779,2012-01-23,0.26797426546663106,0
49780,2012-01-23,0.25881107826198674,1
49781,2012-01-23,0.2858037815799381,0
49782,2012-01-23,0.16756675132377027,0
49783,2012-01-23,0.30437774912578996,0
49784,2012-01-23,0.24366884781262538,0
49785,2012-01-23,0.17914409991995697,0
49786,2012-01-23,0.21918303893182164,1
49787,2012-01-23,0.1732422492677893,0
49788,2012-01-23,0.20557963396553328,0
49789,2012-01-23,0.16396490021597854,1
49790,2012-01-23,0.20262641957544425,0
49791,2012-01-23,0.21591567781397764,1
49792,2012-01-23,0.2067876795015779,0
49793,2012-01-23,0.13294835815723838,0
49794,2012-01-23,0.2610025559850292,1
49795,2012-01-23,0.3261381233713019,1
49796,2012-01-23,0.208481421982633,0
49797,2012-01-23,0.37022058254243767,0
49798,2012-01-23,0.12047482440194567,0
49799,2012-01-23,0.22480841162163054,0
49800,2012-01-23,0.3460933946558692,0
49801,2012-01-23,0.2831014067672839,0
49802,2012-01-23,0.3328555556645658,0
49803,2012-01-23,0.3519992889172389,1
49804,2012-01-23,0.22347883179963388,1
49805,2012-01-23,0.20493248077082238,0
49806,2012-01-23,0.32561075099509046,0
49807,2012-01-23,0.2875007519250776,0
49808,2012-01-23,0.5284561958558658,0
49809,2012-01-23,0.2637211969835894,0
49810,2012-01-23,0.28197853309861576,0
49811,2012-01-23,0.5106825077048817,1
49812,2012-01-23,0.1840852589484131,0
49813,2012-01-23,0.11072966022379425,0
49814,2012-01-23,0.35188746009390803,0
49815,2012-01-23,0.1957274516711812,1
49816,2012-01-23,0.3400789579661848,1
49817,2012-01-23,0.187713157428343,0
49818,2012-01-23,0.34364625345462596,0
49819,2012-01-23,0.2365846182353019,0
49820,2012-01-23,0.3377796540148422,1
49821,2012-01-23,0.349883437645437,0
49822,2012-01-23,0.27759809787870476,0
49823,2012-01-23,0.17813303394290467,0
49824,2012-01-23,0.23480174650908583,0
49825,2012-01-23,0.22968248076734124,0
49826,2012-01-23,0.1626719290404982,1
49827,2012-01-23,0.17613849790622632,0
49828,2012-01-23,0.288694729827168,0
49829,2012-01-23,0.17494789075341355,0
49830,2012-01-23,0.3066140500928808,0
49831,2012-01-23,0.2128893747388602,1
49832,2012-01-23,0.27256827800184885,0
49833,2012-01-23,0.2596081272957213,0
49834,2012-01-23,0.2176350733078508,0
49835,2012-01-23,0.3291109008034189,0
49836,2012-01-23,0.26516593121384613,1
49837,2012-01-23,0.11022666110035997,0
49838,2012-01-23,0.4800416039104738,0
49839,2012-01-23,0.16472846835734456,0
49840,2012-01-23,0.2658056861791188,0
49841,2012-01-23,0.3012889590387023,0
49842,2012-01-23,0.32590427662277993,0
49843,2012-01-23,0.20136983317083545,1
49844,2012-01-23,0.19835452569585302,0
49845,2012-01-23,0.21465204088810952,1
49846,2012-01-23,0.5734045893643026,1
49847,2012-01-23,0.37211551253246233,1
49848,2012-01-23,0.09773843619069521,0
49849,2012-01-23,0.45581473351444735,1
49850,2012-01-23,0.2564442235946356,0
49851,2012-01-23,0.28097545194735757,0
49852,2012-01-23,0.19396042338117261,0
49853,2012-01-23,0.5020055049278133,0
49854,2012-01-23,0.30060669457460915,0
49855,2012-01-23,0.40123757071364613,0
49856,2012-01-23,0.19150122341751694,0
49857,2012-01-23,0.23224466797542898,1
49858,2012-01-23,0.396632000149191,0
49859,2012-01-23,0.6628122966740106,0
49860,2012-01-23,0.16501642324371105,0
49861,2012-01-23,0.2681347982526615,0
49862,2012-01-23,0.4306791907901417,1
49863,2012-01-23,0.1802214114543469,1
49864,2012-01-23,0.3195766849746305,1
49865,2012-01-23,0.2030267130446913,1
49866,2012-01-23,0.30929380740445983,0
49867,2012-01-23,0.42492112981335733,0
49868,2012-01-23,0.3521482023949866,0
49869,2012-01-23,0.20172109607819955,1
49870,2012-01-23,0.4628325674818555,0
49871,2012-01-23,0.21164416183710985,0
49872,2012-01-23,0.24631100057308358,0
49873,2012-01-23,0.09485063397490474,0
49874,2012-01-23,0.17159907851730355,1
49875,2012-01-23,0.24704707613368798,1
49876,2012-01-23,0.2972176746125479,0
49877,2012-01-23,0.27074616891525294,0
49878,2012-01-23,0.2737929139746295,0
49879,2012-01-23,0.2218776541355171,0
49880,2012-01-23,0.2960905461427334,1
49881,2012-01-23,0.14708679501546362,1
49882,2012-01-23,0.2842322094357481,0
49883,2012-01-23,0.35739245909540224,0
49884,2012-01-23,0.3555620056448157,1
49885,2012-01-23,0.2564187457556278,0
49886,2012-01-23,0.5174446251741666,1
49887,2012-01-23,0.26258968134440847,1
49888,2012-01-23,0.11596409548654439,1
49889,2012-01-23,0.1723660644679105,0
49890,2012-01-23,0.285296309200968,1
49891,2012-01-23,0.29975280968248674,0
49892,2012-01-23,0.3127999838024807,0
49893,2012-01-23,0.2732117143719469,0
49894,2012-01-23,0.15822386282545167,0
49895,2012-01-23,0.23875532423739032,0
49896,2012-01-23,0.13833014192206294,0
49897,2012-01-23,0.2562643813593912,1
49898,2012-01-23,0.3549894989206163,0
49899,2012-01-23,0.219741046681005,0
49900,2012-01-23,0.4064336441265694,1
49901,2012-01-23,0.41559994927302923,0
49902,2012-01-23,0.2929104442865877,0
49903,2012-01-23,0.26915646096613277,0
49904,2012-01-23,0.19480466108348526,1
49905,2012-01-23,0.25611446182625347,0
49906,2012-01-23,0.5355775628344199,0
49907,2012-01-23,0.24656111826615645,0
49908,2012-01-23,0.11060808176617891,0
49909,2012-01-23,0.11975438653846021,0
49910,2012-01-23,0.33182171242637043,0
49911,2012-01-23,0.1442042975343825,0
49912,2012-01-23,0.36355448537859203,1
49913,2012-01-23,0.1968079262979101,0
49914,2012-01-23,0.2343824588250406,0
49915,2012-01-23,0.36179918507202635,0
49916,2012-01-23,0.20496657936468818,0
49917,2012-01-23,0.2569218311195983,1
49918,2012-01-23,0.23234273128662394,0
49919,2012-01-23,0.48175080973397966,1
49920,2012-01-23,0.35317754352856995,1
49921,2012-01-23,0.33156758208487336,0
49922,2012-01-23,0.2843830604456217,1
49923,2012-01-23,0.2528321720169223,0
49924,2012-01-23,0.1346626578823262,0
49925,2012-01-23,0.26802846208626496,0
49926,2012-01-23,0.2781216068938512,1
49927,2012-01-23,0.16164799624731696,0
49928,2012-01-23,0.14454588331620158,0
49929,2012-01-23,0.43405916922698246,1
49930,2012-01-23,0.4206075581603665,0
49931,2012-01-23,0.4457451686080145,0
49932,2012-01-23,0.1990713653147304,0
49933,2012-01-23,0.25976160446454843,0
49934,2012-01-23,0.39704519440197594,1
49935,2012-01-23,0.24821217632091588,0
49936,2012-01-23,0.24211966802914173,0
49937,2012-01-23,0.3447748307740754,0
49938,2012-01-23,0.1536117191268013,0
49939,2012-01-23,0.180223511430089,0
49940,2012-01-23,0.20297706916318467,0
49941,2012-01-23,0.1676131097210186,0
49942,2012-01-23,0.28782928372500144,0
49943,2012-01-23,0.16984368755378088,0
49944,2012-01-23,0.15793422458505813,0
49945,2012-01-23,0.21595584050965336,0
49946,2012-01-23,0.15363228013702468,1
49947,2012-01-23,0.33919990095785235,0
49948,2012-01-23,0.20120474986385775,0
49949,2012-01-23,0.37029621424859915,0
49950,2012-01-23,0.6491372456372115,1
49951,2012-01-23,0.5969151490954877,0
49952,2012-01-23,0.4676158647638303,0
49953,2012-01-23,0.4104939107289527,1
49954,2012-01-23,0.4890061505099097,1
49955,2012-01-23,0.19906115066768235,0
49956,2012-01-23,0.38051537779843353,1
49957,2012-01-23,0.3355383793547427,0
49958,2012-01-23,0.2815787234934235,0
49959,2012-01-23,0.12691832009238727,0
49960,2012-01-23,0.23046278692645117,0
49961,2012-01-23,0.39528174887152934,1
49962,2012-01-23,0.2957433552981346,0
49963,2012-01-23,0.2692175517264219,0
49964,2012-01-23,0.15446662650118115,0
49965,2012-01-23,0.38621256619613054,1
49966,2012-01-23,0.1948211468354592,1
49967,2012-01-23,0.14711859659244644,0
49968,2012-01-23,0.3683871598104018,0
49969,2012-01-23,0.33884413763904314,0
49970,2012-01-23,0.23036558265684015,0
49971,2012-01-23,0.5006115904941495,1
49972,2012-01-23,0.3536856525735158,1
49973,2012-01-23,0.2702480260457212,0
49974,2012-01-23,0.2744161792397482,0
49975,2012-01-23,0.16857404812601304,0
49976,2012-01-23,0.574437199684325,0
49977,2012-01-23,0.45345771415168523,1
49978,2012-01-23,0.3500000873023735,1
49979,2012-01-23,0.30305290240646354,0
49980,2012-01-23,0.21085799152087734,0
49981,2012-01-23,0.37067985809484555,0
49982,2012-01-23,0.4378307030241963,0
49983,2012-01-23,0.20372175396139544,0
49984,2012-01-23,0.2859982914945872,0
49985,2012-01-23,0.25448125405803007,0
49986,2012-01-23,0.19202167486996202,0
49987,2012-01-23,0.4086890942264485,0
49988,2012-01-23,0.16233034977249272,0
49989,2012-01-23,0.2722719442206912,0
49990,2012-01-23,0.13670358040253053,0
49991,2012-01-23,0.465551479741452,1
49992,2012-01-23,0.31336717294315736,0
49993,2012-01-23,0.22214513495798668,0
49994,2012-01-23,0.21754534682185533,0
49995,2012-01-23,0.29665928752430804,0
49996,2012-01-23,0.3909466726975109,0
49997,2012-01-23,0.28155848938718386,0
49998,2012-01-23,0.3752770338582019,0
49999,2012-01-23,0.25708305874186366,0
50000,2012-01-23,0.20601368107299559,1
50001,2012-01-23,0.19407033571977486,0
50002,2012-01-23,0.20916805935954835,0
50003,2012-01-23,0.33623934018347823,0
50004,2012-01-23,0.25907148304709804,1
50005,2012-01-23,0.20668800392928005,1
50006,2012-01-23,0.24040495038278564,1
50007,2012-01-23,0.25582367432403047,0
50008,2012-01-23,0.4878245508427219,1
50009,2012-01-23,0.22827199401012652,0
50010,2012-01-23,0.22537245666373168,0
50011,2012-01-23,0.26605698364069935,0
50012,2012-01-23,0.20277860822800786,0
50013,2012-01-23,0.539847530480027,1
50014,2012-01-23,0.31727522460861707,0
50015,2012-01-23,0.3111895107294779,0
50016,2012-01-23,0.20983248968305193,0
50017,2012-01-23,0.3238847978997908,0
50018,2012-01-23,0.16143771307222948,0
50019,2012-01-23,0.3378561247900029,0
50020,2012-01-23,0.18735096572952414,1
50021,2012-01-23,0.32198061796195887,0
50022,2012-01-23,0.24909314521879794,0
50023,2012-01-23,0.4331881034799732,1
50024,2012-01-23,0.45803627271050196,1
50025,2012-01-23,0.1373581114013186,0
50026,2012-01-23,0.3961059691994127,1
50027,2012-01-23,0.2989268506428962,1
50028,2012-01-23,0.2202107124671093,0
50029,2012-01-23,0.18397207031328364,0
50030,2012-01-23,0.13798575649319145,0
50031,2012-01-23,0.23680607272134396,1
50032,2012-01-23,0.21495509031726004,0
50033,2012-01-23,0.293372476312031,0
50034,2012-01-23,0.21326463038555848,0
50035,2012-01-23,0.22289374166653653,0
50036,2012-01-23,0.4382540989820541,0
50037,2012-01-23,0.4751151056584815,1
50038,2012-01-23,0.2896434926929914,0
50039,2012-01-23,0.194325810882402,1
50040,2012-01-23,0.30312331110546603,0
50041,2012-01-23,0.30979835038340703,0
50042,2012-01-23,0.24447901259111293,1
50043,2012-01-23,0.28974038106497985,1
50044,2012-01-23,0.3022304055148009,0
50045,2012-01-23,0.26220259983553024,0
50046,2012-01-23,0.5684088508822803,0
50047,2012-01-23,0.4519334257876933,1
50048,2012-01-23,0.2672242204035314,0
50049,2012-01-23,0.19427018153440118,0
50050,2012-01-23,0.19125297030568744,0
50051,2012-01-23,0.18327097784133398,0
50052,2012-01-23,0.2225209466649819,0
50053,2012-01-23,0.3249583378860055,1
50054,2012-01-23,0.11958606983144367,0
50055,2012-01-23,0.42222402610737586,0
50056,2012-01-23,0.318575289409982,1
50057,2012-01-23,0.1642732362627579,0
50058,2012-01-23,0.33053655233973134,1
50059,2012-01-23,0.2847991832257222,1
50060,2012-01-23,0.12907565645821298,0
50061,2012-01-23,0.6733787427693201,1
50062,2012-01-23,0.22092828868001493,0
50063,2012-01-23,0.21685298307658182,0
50064,2012-01-23,0.3568434244433616,0
50065,2012-01-23,0.2525790084567089,0
50066,2012-01-23,0.3454686765551805,1
50067,2012-01-23,0.41864622154327297,1
50068,2012-01-23,0.248956306976331,0
50069,2012-01-23,0.2747881569299229,0
50070,2012-01-23,0.22317883255087032,0
50071,2012-01-23,0.22175480091091707,1
50072,2012-01-23,0.2144833767206358,0
50073,2012-01-23,0.2633014796934922,1
50074,2012-01-23,0.5122979936081157,0
50075,2012-01-23,0.21898881799120767,0
50076,2012-01-23,0.20816648710215255,0
50077,2012-01-23,0.1744569063677292,0
50078,2012-01-23,0.16324691672786787,0
50079,2012-01-23,0.34605152195121897,0
50080,2012-01-23,0.33444429087823746,0
50081,2012-01-23,0.28677032433393945,0
50082,2012-01-23,0.20808913691065734,0
50083,2012-01-23,0.09022959889605602,0
50084,2012-01-23,0.15641411635107738,0
50085,2012-01-23,0.3182484442711076,0
50086,2012-01-23,0.20208637345085484,0
50087,2012-01-23,0.2836682483153481,0
50088,2012-01-23,0.1940257266141941,0
50089,2012-01-23,0.2705445944493402,0
50090,2012-01-23,0.16281474768718662,0
50091,2012-01-23,0.4346710107856388,1
50092,2012-01-23,0.24139471564154416,0
50093,2012-01-23,0.17270836476161133,0
50094,2012-01-23,0.34591125905042114,1
50095,2012-01-23,0.4818260518878846,0
50096,2012-01-23,0.29010934227161606,1
50097,2012-01-23,0.602158431314426,1
50098,2012-01-23,0.23694967909341524,0
50099,2012-01-23,0.1452178457374119,1
50100,2012-01-23,0.25164060550244666,0
50101,2012-01-23,0.2149283132530917,0
50102,2012-01-23,0.31390332724023157,0
50103,2012-01-23,0.3395401260566368,0
50104,2012-01-23,0.21496574193673795,0
50105,2012-01-23,0.36881870909536973,0
50106,2012-01-23,0.10745813874719674,0
50107,2012-01-23,0.33577396196823206,1
50108,2012-01-23,0.1999276517732865,1
50109,2012-01-23,0.3238281684095631,0
50110,2012-01-23,0.21578239901323382,0
50111,2012-01-23,0.27979283572590385,0
50112,2012-01-23,0.354237869213367,0
50113,2012-01-23,0.20794377064070155,0
50114,2012-01-23,0.23916343699902112,0
50115,2012-01-23,0.18156599887767033,0
50116,2012-01-23,0.17150586821215977,0
50117,2012-01-23,0.3967174678750198,0
50118,2012-01-23,0.34080251921813604,1
50119,2012-01-23,0.17788759310563249,0
50120,2012-01-23,0.24919405602884112,0
50121,2012-01-23,0.32443563864927427,0
50122,2012-01-23,0.2951809268884003,1
50123,2012-01-23,0.26086771470353004,0
50124,2012-01-23,0.24124648083839195,0
50125,2012-01-23,0.32819977902412534,0
50126,2012-01-23,0.2368511196970721,1
50127,2012-01-23,0.2879573824927361,1
50128,2012-01-23,0.32490602032235966,0
50129,2012-01-23,0.3285710749115678,1
50130,2012-01-23,0.34981827079952166,0
50131,2012-01-23,0.43745901484133404,1
50132,2012-01-23,0.5859244634046152,1
50133,2012-01-23,0.21222194132884264,0
50134,2012-01-23,0.15082184454486736,0
50135,2012-01-23,0.3444558746816914,0
50136,2012-01-23,0.1361046729922265,0
50137,2012-01-23,0.1587862252365622,0
50138,2012-01-23,0.16590528436832785,0
50139,2012-01-23,0.4180199047164579,1
50140,2012-01-23,0.15122287772133616,0
50141,2012-01-23,0.23426098781316973,0
50142,2012-01-23,0.17945416844582557,0
50143,2012-01-23,0.27153516979763614,0
50144,2012-01-23,0.3696579273814959,0
50145,2012-01-23,0.611177562302037,0
50146,2012-01-23,0.40049377101193534,1
50147,2012-01-23,0.17647140948103388,0
50148,2012-01-23,0.1923689682566136,1
50149,2012-01-23,0.19041989931965914,0
50150,2012-01-23,0.18102937695827181,0
50151,2012-01-23,0.22756100737583193,0
50152,2012-01-23,0.3215985450417949,0
50153,2012-01-23,0.18678013786015185,0
50154,2012-01-23,0.1938265799277866,1
50155,2012-01-23,0.3162098931520806,0
50156,2012-01-23,0.2555919055323359,1
50157,2012-01-23,0.25705238265038494,0
50158,2012-01-23,0.24685233006348498,1
50159,2012-01-23,0.1697182079137468,0
50160,2012-01-23,0.41875362367231184,1
50161,2012-01-23,0.3745807564314932,0
50162,2012-01-23,0.1750097717891275,0
50163,2012-01-23,0.3949046530105346,0
50164,2012-01-23,0.37277316224695034,0
50165,2012-01-23,0.25768052520082685,1
50166,2012-01-23,0.20949500842093424,1
50167,2012-01-23,0.35597822618189295,0
50168,2012-01-23,0.18473767137225186,1
50169,2012-01-23,0.2101611889760684,1
50170,2012-01-23,0.6394961116866975,1
50171,2012-01-23,0.5269931299546728,1
50172,2012-01-23,0.4005691928178463,0
50173,2012-01-23,0.2984674476086137,0
50174,2012-01-23,0.4248889188199394,1
50175,2012-01-23,0.24999920411097645,0
50176,2012-01-23,0.20653365208013544,0
50177,2012-01-23,0.19180797411076903,0
50178,2012-01-23,0.10450842715050768,0
50179,2012-01-23,0.3971084124593282,0
50180,2012-01-23,0.4289157615731864,0
50181,2012-01-23,0.3073534511822117,1
50182,2012-01-23,0.2079246120761106,0
50183,2012-01-23,0.1228418764971859,0
50184,2012-01-23,0.2756156993426757,1
50185,2012-01-23,0.4219486870171263,1
50186,2012-01-23,0.3208363663090171,1
50187,2012-01-23,0.240209556533962,0
50188,2012-01-23,0.40958676645281983,0
50189,2012-01-23,0.32797480400772905,0
50190,2012-01-23,0.5910952539935591,1
50191,2012-01-23,0.21642188236633442,0
50192,2012-01-23,0.40298450126699087,1
50193,2012-01-23,0.26680987815726714,1
50194,2012-01-23,0.35620186730597725,0
50195,2012-01-23,0.28205415058223743,0
50196,2012-01-23,0.24641209040131073,0
50197,2012-01-23,0.23629266511742006,1
50198,2012-01-23,0.21233983422169111,0
50199,2012-01-23,0.4494062653827779,0
50200,2012-01-23,0.20524993061320987,0
50201,2012-01-23,0.2625156898487021,0
50202,2012-01-23,0.24876944801507192,0
50203,2012-01-23,0.2169250318802992,0
50204,2012-01-23,0.2960802709415685,0
50205,2012-01-23,0.2957129459333566,0
50206,2012-01-23,0.34526000856555955,0
50207,2012-01-23,0.5292401782694588,1
50208,2012-01-23,0.33274591058284403,0
50209,2012-01-23,0.3824988758820434,0
50210,2012-01-23,0.41778268005189917,1
50211,2012-01-23,0.22836320285405304,0
50212,2012-01-23,0.2654506015444136,0
50213,2012-01-23,0.33563757035510694,0
50214,2012-01-23,0.39551287895447335,0
50215,2012-01-23,0.20989086371074644,1
50216,2012-01-23,0.31188958333912226,1
50217,2012-01-23,0.3108407751668986,1
50218,2012-01-23,0.4055584265195768,0
50219,2012-01-23,0.1649358691489329,0
50220,2012-01-23,0.22213647255939006,0
50221,2012-01-23,0.34895695530630916,1
50222,2012-01-23,0.34546684620828305,0
50223,2012-01-23,0.317544947061303,0
50224,2012-01-23,0.21419139873295653,0
50225,2012-01-23,0.4268657728890948,0
50226,2012-01-23,0.3036396920660384,0
50227,2012-01-23,0.19212486283961988,0
50228,2012-01-23,0.31362984052114434,0
50229,2012-01-23,0.20799782025428376,0
50230,2012-01-23,0.15158074625942491,0
50231,2012-01-23,0.16966661644565395,1
50232,2012-01-23,0.39060190241004056,1
50233,2012-01-23,0.31147709419600184,0
50234,2012-01-23,0.28249254651584355,0
50235,2012-01-23,0.4044018390825932,0
50236,2012-01-23,0.45815216963897226,1
50237,2012-01-23,0.32470908325507414,1
50238,2012-01-23,0.5837008392359734,1
50239,2012-01-23,0.18737417138509396,1
50240,2012-01-23,0.310157302303138,1
50241,2012-01-23,0.3730601505880154,1
50242,2012-01-23,0.19572931035936025,0
50243,2012-01-23,0.22570950817744087,1
50244,2012-01-23,0.3942637071416718,0
50245,2012-01-23,0.1863727667264893,1
50246,2012-01-23,0.20229460353106465,0
50247,2012-01-23,0.39212992854728124,0
50248,2012-01-23,0.20964408345216307,1
50249,2012-01-23,0.18113280170642784,0
50250,2012-01-23,0.16467971583103405,0
50251,2012-01-23,0.2817822440147835,0
50252,2012-01-23,0.49763280936431675,1
50253,2012-01-23,0.37022071923654803,0
50254,2012-01-23,0.21204955719367188,0
50255,2012-01-23,0.1916070731877975,0
50256,2012-01-23,0.23419042870947993,0
50257,2012-01-23,0.4421651104915167,1
50258,2012-01-23,0.1754846511574385,0
50259,2012-01-23,0.2212625784513787,0
50260,2012-01-23,0.2699944776402017,0
50261,2012-01-23,0.2447295646508769,0
50262,2012-01-23,0.26609990468303146,1
50263,2012-01-23,0.26772441846170986,0
50264,2012-01-23,0.16684653874028293,0
50265,2012-01-23,0.3009003791839213,1
50266,2012-01-23,0.19892460843344095,0
50267,2012-01-23,0.1377706564917835,0
50268,2012-01-23,0.14679700379903646,0
50269,2012-01-23,0.2843421143186583,1
50270,2012-01-23,0.31667644148298973,1
50271,2012-01-23,0.31859475545898175,0
50272,2012-01-23,0.2888403396766799,0
50273,2012-01-23,0.32985792671518793,0
50274,2012-01-23,0.2195900110249122,0
50275,2012-01-23,0.41440343183215644,0
50276,2012-01-23,0.34193132237044715,0
50277,2012-01-23,0.3925339729990218,0
50278,2012-01-23,0.18594522903928892,0
50279,2012-01-23,0.2826225464123211,0
50280,2012-01-23,0.4234418362153977,0
50281,2012-01-23,0.2875925118359993,0
50282,2012-01-23,0.1702865735890379,0
50283,2012-01-23,0.3820560662878043,0
50284,2012-01-24,0.5157571093418656,0
50285,2012-01-24,0.22568515303631245,1
50286,2012-01-24,0.4518301330588294,1
50287,2012-01-24,0.3607635256756591,1
50288,2012-01-24,0.21017851785137218,0
50289,2012-01-24,0.4365603635169493,0
50290,2012-01-24,0.38895468371328984,1
50291,2012-01-24,0.3868646657108954,1
50292,2012-01-24,0.39840897671565023,0
50293,2012-01-24,0.22444006944905978,0
50294,2012-01-24,0.19004196551400784,0
50295,2012-01-24,0.31315049584342874,0
50296,2012-01-24,0.5424819308787933,1
50297,2012-01-24,0.29127231575065526,0
50298,2012-01-24,0.33232541046052294,0
50299,2012-01-24,0.43067038604960955,1
50300,2012-01-24,0.20209349643833027,1
50301,2012-01-24,0.25790119976791337,0
50302,2012-01-24,0.2644713425106706,1
50303,2012-01-24,0.2929375806442012,0
50304,2012-01-24,0.4381591350520222,0
50305,2012-01-24,0.4200103405430181,0
50306,2012-01-24,0.31422254266497274,0
50307,2012-01-24,0.32428069790164077,0
50308,2012-01-24,0.28015696528226064,0
50309,2012-01-24,0.4254215237966504,0
50310,2012-01-24,0.20871729417815724,0
50311,2012-01-24,0.18730341166274225,1
50312,2012-01-24,0.4110132715008061,1
50313,2012-01-24,0.3435446159276189,0
50314,2012-01-24,0.24901406981342267,0
50315,2012-01-24,0.27668038845842396,0
50316,2012-01-24,0.20795545907377258,1
50317,2012-01-24,0.5310627787512446,1
50318,2012-01-24,0.21323168477231394,0
50319,2012-01-24,0.2950067046048414,0
50320,2012-01-24,0.2444291825975141,0
50321,2012-01-24,0.34373546427642826,0
50322,2012-01-24,0.24360482356827295,0
50323,2012-01-24,0.1941099094201388,0
50324,2012-01-24,0.4326630922749066,0
50325,2012-01-24,0.20553458717965564,0
50326,2012-01-24,0.37570789892008954,0
50327,2012-01-24,0.2891827632057401,1
50328,2012-01-24,0.41727363830328007,1
50329,2012-01-24,0.20326990553540816,1
50330,2012-01-24,0.375111607680474,1
50331,2012-01-24,0.342876478149354,0
50332,2012-01-24,0.18631070211742617,0
50333,2012-01-24,0.3533039954125163,0
50334,2012-01-24,0.23719245859931223,1
50335,2012-01-24,0.32856904665359843,0
50336,2012-01-24,0.22851416250385947,0
50337,2012-01-24,0.48245336336748484,1
50338,2012-01-24,0.3266610663336068,0
50339,2012-01-24,0.2703317713561582,0
50340,2012-01-24,0.3527801042908663,0
50341,2012-01-24,0.21315420806147067,0
50342,2012-01-24,0.17903925408440383,0
50343,2012-01-24,0.292599216848873,0
50344,2012-01-24,0.21744584637176353,0
50345,2012-01-24,0.2809532056818236,0
50346,2012-01-24,0.2783045019539742,1
50347,2012-01-24,0.29981425074809553,1
50348,2012-01-24,0.29942954306124453,0
50349,2012-01-24,0.24131313542877833,0
50350,2012-01-24,0.15007612861190706,0
50351,2012-01-24,0.2227815781052773,0
50352,2012-01-24,0.3947121723392681,1
50353,2012-01-24,0.08978024874684784,0
50354,2012-01-24,0.22478250931696028,0
50355,2012-01-24,0.19335127343005049,0
50356,2012-01-24,0.13696541021073128,0
50357,2012-01-24,0.2561884685723547,0
50358,2012-01-24,0.3359148678542273,0
50359,2012-01-24,0.32232347321280036,0
50360,2012-01-24,0.21231164373717615,0
50361,2012-01-24,0.27513667952210524,0
50362,2012-01-24,0.30854796750243957,0
50363,2012-01-24,0.18472676833207596,0
50364,2012-01-24,0.2943800096193918,0
50365,2012-01-24,0.2925757663934711,0
50366,2012-01-24,0.25903341491815224,0
50367,2012-01-24,0.2484104959304011,0
50368,2012-01-24,0.49435826544660366,0
50369,2012-01-24,0.1442458544547254,0
50370,2012-01-24,0.2643165783950475,0
50371,2012-01-24,0.29342520542467804,0
50372,2012-01-24,0.29489319128280783,0
50373,2012-01-24,0.4361749777684027,0
50374,2012-01-24,0.32267765687431915,1
50375,2012-01-24,0.22701733889818923,0
50376,2012-01-24,0.3620210238046737,1
50377,2012-01-24,0.20542272090612668,1
50378,2012-01-24,0.22482076823624067,0
50379,2012-01-24,0.4953785953641525,1
50380,2012-01-24,0.2951579102364396,0
50381,2012-01-24,0.2818854613993464,1
50382,2012-01-24,0.24182565251755056,0
50383,2012-01-24,0.19567619845972245,0
50384,2012-01-24,0.2959929320478159,0
50385,2012-01-24,0.12084695747697181,0
50386,2012-01-24,0.2843478530864036,0
50387,2012-01-24,0.15611221019994165,0
50388,2012-01-24,0.16063544241196043,0
50389,2012-01-24,0.17883104108505923,0
50390,2012-01-24,0.1679768402630959,0
50391,2012-01-24,0.3025391499100135,0
50392,2012-01-24,0.30947320282816293,0
50393,2012-01-24,0.19352618916946615,0
50394,2012-01-24,0.2822464964888585,1
50395,2012-01-24,0.43906334559692217,0
50396,2012-01-24,0.2790767272236309,1
50397,2012-01-24,0.21417165333303423,1
50398,2012-01-24,0.18703847838083681,0
50399,2012-01-24,0.3108592799056048,0
50400,2012-01-24,0.12057035958565872,1
50401,2012-01-24,0.18365654887295182,0
50402,2012-01-24,0.3047086519788367,0
50403,2012-01-24,0.31127860560481824,0
50404,2012-01-24,0.2886563300365487,0
50405,2012-01-24,0.18216402855103248,0
50406,2012-01-24,0.43777071456717365,0
50407,2012-01-24,0.135670539959609,0
50408,2012-01-24,0.3144919297374898,1
50409,2012-01-24,0.26562856382058503,0
50410,2012-01-24,0.1971827165596435,1
50411,2012-01-24,0.2570953355206286,0
50412,2012-01-24,0.41552350579842967,0
50413,2012-01-24,0.21621871841773568,0
50414,2012-01-24,0.2786319039027369,0
50415,2012-01-24,0.12698934437123272,0
50416,2012-01-24,0.3617637697859508,1
50417,2012-01-24,0.5483225541737543,1
50418,2012-01-24,0.27875587478683306,1
50419,2012-01-24,0.2891296864218454,1
50420,2012-01-24,0.36584682659047624,0
50421,2012-01-24,0.4269387091277106,0
50422,2012-01-24,0.43673619899341937,0
50423,2012-01-24,0.2701345178432454,0
50424,2012-01-24,0.27967230588226405,0
50425,2012-01-24,0.19813464558869356,0
50426,2012-01-24,0.27309445789287845,0
50427,2012-01-24,0.4883128950121103,0
50428,2012-01-24,0.2582806290036843,1
50429,2012-01-24,0.4457999535475364,1
50430,2012-01-24,0.17549753247140665,1
50431,2012-01-24,0.337421161175154,0
50432,2012-01-24,0.420951562795919,1
50433,2012-01-24,0.35139645380423135,0
50434,2012-01-24,0.2089101693285296,0
50435,2012-01-24,0.11829635573833623,0
50436,2012-01-24,0.3881258987941245,0
50437,2012-01-24,0.457391373176619,1
50438,2012-01-24,0.17093095425221752,0
50439,2012-01-24,0.2393462731460769,0
50440,2012-01-24,0.18257275124639302,0
50441,2012-01-24,0.35604176748853,0
50442,2012-01-24,0.32492474987661774,1
50443,2012-01-24,0.2959583597885671,0
50444,2012-01-24,0.21704325688220497,1
50445,2012-01-24,0.14097043629000083,0
50446,2012-01-24,0.13175656418027548,0
50447,2012-01-24,0.2427597532276449,0
50448,2012-01-24,0.23007872987569755,0
50449,2012-01-24,0.24548462572391927,0
50450,2012-01-24,0.24642724835410754,0
50451,2012-01-24,0.4033474781625188,1
50452,2012-01-24,0.2676809799998891,0
50453,2012-01-24,0.26382962295961665,0
50454,2012-01-24,0.33362170385639683,0
50455,2012-01-24,0.3232964073701087,1
50456,2012-01-24,0.41664394900324697,0
50457,2012-01-24,0.14831405511871762,0
50458,2012-01-24,0.16945661765960957,0
50459,2012-01-24,0.40470156496659593,1
50460,2012-01-24,0.23806583204198703,1
50461,2012-01-24,0.30209063976208433,0
50462,2012-01-24,0.2329727333793222,0
50463,2012-01-24,0.32844408973145023,0
50464,2012-01-24,0.2083316546333391,0
50465,2012-01-24,0.39628131355103763,1
50466,2012-01-24,0.6270275881104299,1
50467,2012-01-24,0.19566335429142803,0
50468,2012-01-24,0.15768469316115924,0
50469,2012-01-24,0.24486821846339007,0
50470,2012-01-24,0.19495798748068585,0
50471,2012-01-24,0.2469745049644924,1
50472,2012-01-24,0.18346165579878626,0
50473,2012-01-24,0.1814586586629731,0
50474,2012-01-24,0.1906111814898201,0
50475,2012-01-24,0.2522230169542844,0
50476,2012-01-24,0.22800299463349588,0
50477,2012-01-24,0.23354242301549333,0
50478,2012-01-24,0.2660446748419816,1
50479,2012-01-24,0.19552173151251173,0
50480,2012-01-24,0.181101883077652,0
50481,2012-01-24,0.1930674826409439,1
50482,2012-01-24,0.30988558449627,0
50483,2012-01-24,0.1550904034832511,0
50484,2012-01-24,0.3780105854217143,0
50485,2012-01-24,0.19938014656497133,0
50486,2012-01-24,0.335269441478642,0
50487,2012-01-24,0.17287821759238028,0
50488,2012-01-24,0.30919802788762224,0
50489,2012-01-24,0.45007975820795093,1
50490,2012-01-24,0.280508852339282,0
50491,2012-01-24,0.2746088683408971,0
50492,2012-01-24,0.26900246271210876,0
50493,2012-01-24,0.5595737874968295,1
50494,2012-01-24,0.21931059065054623,0
50495,2012-01-24,0.11596676364567245,0
50496,2012-01-24,0.2855787084126245,0
50497,2012-01-24,0.19850276693219648,0
50498,2012-01-24,0.4262408903129048,0
50499,2012-01-24,0.3482671476244893,0
50500,2012-01-24,0.25157384864883403,0
50501,2012-01-24,0.12150348223739303,0
50502,2012-01-24,0.21936152038894965,0
50503,2012-01-24,0.2089478804302428,0
50504,2012-01-24,0.2029644829420337,1
50505,2012-01-24,0.193298941653365,0
50506,2012-01-24,0.33508287779190943,0
50507,2012-01-24,0.21487583210421773,1
50508,2012-01-24,0.10073445635829807,0
50509,2012-01-24,0.333422504257935,0
50510,2012-01-24,0.3308706019790213,0
50511,2012-01-24,0.2879272318622725,0
50512,2012-01-24,0.27318938749134275,0
50513,2012-01-24,0.3143237788791316,1
50514,2012-01-24,0.2644255818388983,0
50515,2012-01-24,0.16982245836464893,0
50516,2012-01-24,0.2225934463265793,0
50517,2012-01-24,0.28042763978834284,0
50518,2012-01-24,0.2954873741166008,0
50519,2012-01-24,0.5538625170302601,0
50520,2012-01-24,0.19669660834698405,0
50521,2012-01-24,0.4718116198645945,1
50522,2012-01-24,0.24354879176246294,0
50523,2012-01-24,0.2137511148719381,0
50524,2012-01-24,0.1525442161085496,0
50525,2012-01-24,0.21075852991145871,0
50526,2012-01-24,0.23054915021302091,0
50527,2012-01-24,0.3429614382480012,1
50528,2012-01-24,0.1626010642550286,0
50529,2012-01-24,0.3497550696881202,0
50530,2012-01-24,0.5143238860409033,1
50531,2012-01-24,0.5217412688669413,0
50532,2012-01-24,0.32306081444763907,0
50533,2012-01-24,0.26725368425045376,0
50534,2012-01-24,0.22779818892316384,0
50535,2012-01-24,0.4124974831524415,1
50536,2012-01-24,0.22108844205722783,1
50537,2012-01-24,0.49226234783981104,0
50538,2012-01-24,0.23493984680135047,0
50539,2012-01-24,0.6858522936234739,1
50540,2012-01-24,0.11568829683370015,0
50541,2012-01-24,0.21271742716711275,0
50542,2012-01-24,0.30073439919658573,1
50543,2012-01-24,0.44849211944707223,1
50544,2012-01-24,0.3088915094866911,0
50545,2012-01-24,0.37591114784884483,0
50546,2012-01-24,0.19831777544733564,0
50547,2012-01-24,0.35176560250731403,0
50548,2012-01-24,0.26047367953653505,0
50549,2012-01-24,0.2638686564236463,0
50550,2012-01-24,0.3045391267246501,1
50551,2012-01-24,0.24805375160313112,1
50552,2012-01-24,0.2630105331975963,0
50553,2012-01-24,0.18736238056428448,0
50554,2012-01-24,0.41166129800878104,0
50555,2012-01-24,0.21295520531512482,0
50556,2012-01-24,0.42565166666317267,0
50557,2012-01-24,0.1968135712835889,0
50558,2012-01-24,0.4667008962328378,1
50559,2012-01-24,0.2147200093924276,0
50560,2012-01-24,0.29646641874908264,0
50561,2012-01-24,0.18304463975914528,0
50562,2012-01-24,0.3516640688376439,0
50563,2012-01-24,0.17063458392187575,0
50564,2012-01-24,0.39552808734850664,1
50565,2012-01-24,0.26549866421000595,1
50566,2012-01-24,0.3103899906351784,0
50567,2012-01-24,0.5561880755949661,1
50568,2012-01-24,0.35539230570774716,1
50569,2012-01-24,0.3417048254355619,0
50570,2012-01-24,0.24275575427153814,0
50571,2012-01-24,0.33854825809597716,0
50572,2012-01-24,0.18824527119518586,1
50573,2012-01-24,0.2600161174700932,0
50574,2012-01-24,0.43318402615748486,0
50575,2012-01-24,0.19361949009066723,1
50576,2012-01-24,0.1321955731040634,0
50577,2012-01-24,0.31245483368191834,1
50578,2012-01-24,0.34196260945209234,0
50579,2012-01-24,0.4738394308953449,0
50580,2012-01-24,0.36509915254428993,0
50581,2012-01-24,0.3233419510515288,0
50582,2012-01-24,0.20513809679902523,0
50583,2012-01-24,0.12627031230901914,0
50584,2012-01-24,0.2598639142665377,0
50585,2012-01-24,0.4480747652012851,0
50586,2012-01-24,0.19061644902927274,0
50587,2012-01-24,0.18886915725016645,0
50588,2012-01-24,0.3460266317286951,0
50589,2012-01-24,0.19387357323224078,0
50590,2012-01-24,0.22349240203421764,0
50591,2012-01-24,0.4555243217614034,0
50592,2012-01-24,0.19929924417686629,0
50593,2012-01-24,0.3026761768316357,0
50594,2012-01-24,0.28662583182158957,0
50595,2012-01-24,0.49696048203728654,1
50596,2012-01-25,0.18881867221704193,1
50597,2012-01-25,0.27238675813413304,0
50598,2012-01-25,0.17517254749074793,0
50599,2012-01-25,0.2988719531197629,0
50600,2012-01-25,0.28014190755377083,1
50601,2012-01-25,0.14703094920643348,1
50602,2012-01-25,0.15259732140982096,0
50603,2012-01-25,0.3466413156767402,0
50604,2012-01-25,0.3514135994066652,0
50605,2012-01-25,0.17079522094476957,0
50606,2012-01-25,0.46552668920599904,1
50607,2012-01-25,0.3471949259971933,0
50608,2012-01-25,0.33019839523743066,1
50609,2012-01-25,0.2402582388287569,0
50610,2012-01-25,0.46699822160501603,0
50611,2012-01-25,0.33654337010775626,1
50612,2012-01-25,0.23667078925827262,0
50613,2012-01-25,0.3501946647491439,0
50614,2012-01-25,0.4958215408540917,1
50615,2012-01-25,0.11661699595631322,0
50616,2012-01-25,0.46749927679046394,1
50617,2012-01-25,0.3419372881050409,0
50618,2012-01-25,0.28059018055580126,1
50619,2012-01-25,0.30501177570215116,0
50620,2012-01-25,0.2810294199401555,0
50621,2012-01-25,0.16743134205638754,0
50622,2012-01-25,0.3323498726901895,1
50623,2012-01-25,0.23876958652953453,1
50624,2012-01-25,0.428003368373805,0
50625,2012-01-25,0.20052916249648714,0
50626,2012-01-25,0.3604092550790956,0
50627,2012-01-25,0.46025024919590635,0
50628,2012-01-25,0.3702973854938202,1
50629,2012-01-25,0.18528713013358283,1
50630,2012-01-25,0.17677794099431746,0
50631,2012-01-25,0.22292340575624278,0
50632,2012-01-25,0.14934614503594873,0
50633,2012-01-25,0.4159520390374723,1
50634,2012-01-25,0.3615634641129736,0
50635,2012-01-25,0.44641985947275165,0
50636,2012-01-25,0.1277144141805019,0
50637,2012-01-25,0.3431709017613667,0
50638,2012-01-25,0.22578986229991807,0
50639,2012-01-25,0.2534931544333411,0
50640,2012-01-25,0.5030557202951295,1
50641,2012-01-25,0.4418983309670692,0
50642,2012-01-25,0.37850465727589955,0
50643,2012-01-25,0.15515950773077242,0
50644,2012-01-25,0.22481091175587425,0
50645,2012-01-25,0.4946685923386351,0
50646,2012-01-25,0.5953634084014465,1
50647,2012-01-25,0.15895419266701044,0
50648,2012-01-25,0.2627820487962186,0
50649,2012-01-25,0.25203485641262957,0
50650,2012-01-25,0.21765088224153617,0
50651,2012-01-25,0.2784524895905878,0
50652,2012-01-25,0.22350949700591297,0
50653,2012-01-25,0.30990500504385304,0
50654,2012-01-25,0.20659423936946264,0
50655,2012-01-25,0.38383761089090906,1
50656,2012-01-25,0.3543726709870488,0
50657,2012-01-25,0.31584090321374475,1
50658,2012-01-25,0.35221246803276157,1
50659,2012-01-25,0.34330516916544773,1
50660,2012-01-25,0.4473065913988893,0
50661,2012-01-25,0.5126611981276009,0
50662,2012-01-25,0.2454955842881402,0
50663,2012-01-25,0.26037902369082266,0
50664,2012-01-25,0.24433631756526195,0
50665,2012-01-25,0.3864459603329978,1
50666,2012-01-25,0.29047756907628774,1
50667,2012-01-25,0.2002794763544664,0
50668,2012-01-25,0.15816899104088195,0
50669,2012-01-25,0.2737587487191165,0
50670,2012-01-25,0.19710525500806186,0
50671,2012-01-25,0.4594013801632624,1
50672,2012-01-25,0.2842548545451938,1
50673,2012-01-25,0.16577478054045072,0
50674,2012-01-25,0.2490187867054855,1
50675,2012-01-25,0.23699853342913804,0
50676,2012-01-25,0.21719927495444583,0
50677,2012-01-25,0.2818008378548365,0
50678,2012-01-25,0.20740505237289333,0
50679,2012-01-25,0.27947562396469444,1
50680,2012-01-25,0.3081454599959015,1
50681,2012-01-25,0.31383239013855957,0
50682,2012-01-25,0.45686065367076073,1
50683,2012-01-25,0.26272776284915356,0
50684,2012-01-25,0.2822898114111093,1
50685,2012-01-25,0.17582925932746618,1
50686,2012-01-25,0.23069857992296441,0
50687,2012-01-25,0.30160624078972015,1
50688,2012-01-25,0.4043585056014793,1
50689,2012-01-25,0.5487129363634208,1
50690,2012-01-25,0.31942620241644115,0
50691,2012-01-25,0.24935565368784873,0
50692,2012-01-25,0.36312326013733925,0
50693,2012-01-25,0.4817420117496049,1
50694,2012-01-25,0.29377776710531545,0
50695,2012-01-25,0.35990155184644745,1
50696,2012-01-25,0.1272976243138321,0
50697,2012-01-25,0.6220992178779543,0
50698,2012-01-25,0.2778056354743919,0
50699,2012-01-25,0.4874680945817135,0
50700,2012-01-25,0.24426037338372564,0
50701,2012-01-25,0.6123575371737621,1
50702,2012-01-25,0.3573320646224765,0
50703,2012-01-25,0.5243635078737979,0
50704,2012-01-25,0.3989858187379582,1
50705,2012-01-25,0.1277144141805019,0
50706,2012-01-25,0.4387935600393088,0
50707,2012-01-25,0.4180263163121915,0
50708,2012-01-25,0.30652907032410087,0
50709,2012-01-25,0.2879096636622281,0
50710,2012-01-25,0.1770400907284604,0
50711,2012-01-25,0.562575059959793,1
50712,2012-01-25,0.27503915461111644,1
50713,2012-01-25,0.24836326449758658,0
50714,2012-01-25,0.11765650471220132,0
50715,2012-01-25,0.2040567356399899,0
50716,2012-01-25,0.1681023234794967,0
50717,2012-01-25,0.25803322346702356,0
50718,2012-01-25,0.4979046927127554,0
50719,2012-01-25,0.10732049595813138,0
50720,2012-01-25,0.3365315878524013,1
50721,2012-01-25,0.2109211813302536,0
50722,2012-01-25,0.3486584639400003,0
50723,2012-01-25,0.566653905059416,1
50724,2012-01-25,0.24309291250103485,0
50725,2012-01-25,0.4107849715127104,0
50726,2012-01-25,0.3294807970058583,0
50727,2012-01-25,0.313203320502849,0
50728,2012-01-25,0.18570974272938337,0
50729,2012-01-25,0.2625556291884359,0
50730,2012-01-25,0.42837545637831337,0
50731,2012-01-25,0.20407593504730467,0
50732,2012-01-25,0.4980458039532374,0
50733,2012-01-25,0.45538609522024565,0
50734,2012-01-25,0.3014426104542238,0
50735,2012-01-25,0.3627526573833447,1
50736,2012-01-25,0.4109537248731677,1
50737,2012-01-25,0.1620344027070926,0
50738,2012-01-25,0.3472418035019573,0
50739,2012-01-25,0.35303765047095526,0
50740,2012-01-25,0.28302952661379566,0
50741,2012-01-25,0.17167166659527897,0
50742,2012-01-25,0.20001864763987742,0
50743,2012-01-25,0.31307845119192795,0
50744,2012-01-25,0.3733747029587592,0
50745,2012-01-25,0.5805918177998503,0
50746,2012-01-25,0.2422836655658455,0
50747,2012-01-25,0.41339596935313977,1
50748,2012-01-25,0.18351626680854544,0
50749,2012-01-25,0.2937925318578815,0
50750,2012-01-25,0.627535041943881,1
50751,2012-01-25,0.31293499571796607,0
50752,2012-01-25,0.42990509841452407,0
50753,2012-01-25,0.1444537082646897,0
50754,2012-01-25,0.38383957321433726,1
50755,2012-01-25,0.2660539465546785,0
50756,2012-01-25,0.18025043053362322,0
50757,2012-01-25,0.5850628469270267,0
50758,2012-01-25,0.22062759156913161,0
50759,2012-01-25,0.12838509250139032,0
50760,2012-01-25,0.23289780840272922,0
50761,2012-01-25,0.23259357043585377,0
50762,2012-01-25,0.35182564724134624,0
50763,2012-01-25,0.34144799231895384,0
50764,2012-01-25,0.24859444049055024,0
50765,2012-01-25,0.23828519493809786,0
50766,2012-01-25,0.28666868985460536,0
50767,2012-01-25,0.23312484961581947,0
50768,2012-01-25,0.15302753648514394,0
50769,2012-01-25,0.3012629993847884,0
50770,2012-01-25,0.41702416160954364,0
50771,2012-01-25,0.1747203229518338,0
50772,2012-01-25,0.2738786903405002,0
50773,2012-01-25,0.15701065856494067,1
50774,2012-01-25,0.4178017806519999,0
50775,2012-01-25,0.640235965507855,1
50776,2012-01-25,0.2241558711231468,0
50777,2012-01-25,0.17541327600024342,0
50778,2012-01-25,0.1909519181868555,0
50779,2012-01-25,0.24138949625298164,0
50780,2012-01-25,0.6143159530895546,1
50781,2012-01-25,0.2319303155546896,0
50782,2012-01-25,0.1663057394911861,0
50783,2012-01-25,0.18416587358104317,0
50784,2012-01-25,0.1279085673154896,0
50785,2012-01-25,0.25057945831364936,0
50786,2012-01-25,0.18804838824658365,1
50787,2012-01-25,0.4434873225295915,1
50788,2012-01-25,0.4090145989702976,1
50789,2012-01-25,0.31348232865593334,1
50790,2012-01-25,0.15528750685533027,0
50791,2012-01-25,0.35589107740599113,1
50792,2012-01-25,0.24279182604416583,0
50793,2012-01-25,0.24587851638234315,1
50794,2012-01-25,0.2425985653238104,0
50795,2012-01-25,0.17004391692569662,0
50796,2012-01-25,0.15276271533123867,0
50797,2012-01-25,0.5759864746954086,1
50798,2012-01-25,0.23198778452983554,0
50799,2012-01-25,0.2801109714484011,1
50800,2012-01-25,0.2816173189559822,0
50801,2012-01-25,0.21544410334423042,0
50802,2012-01-25,0.14863402456415617,1
50803,2012-01-25,0.20545400425237711,0
50804,2012-01-25,0.19450446262239587,0
50805,2012-01-25,0.21137416909245615,0
50806,2012-01-25,0.4033883280619244,0
50807,2012-01-25,0.3656484833512484,1
50808,2012-01-25,0.4578852805742552,0
50809,2012-01-25,0.4492206848938981,1
50810,2012-01-25,0.11883148990228744,1
50811,2012-01-25,0.33048328793628456,0
50812,2012-01-25,0.21834284878641413,0
50813,2012-01-25,0.3429687194943001,1
50814,2012-01-25,0.13823793429078782,0
50815,2012-01-25,0.4592879633803656,1
50816,2012-01-25,0.40431646782060593,0
50817,2012-01-25,0.24563827104396424,0
50818,2012-01-25,0.17145316346260925,0
50819,2012-01-25,0.3455900221293073,1
50820,2012-01-25,0.29833725166104763,0
50821,2012-01-25,0.2779568541300722,1
50822,2012-01-25,0.29430610017068,0
50823,2012-01-25,0.3162020503082016,1
50824,2012-01-25,0.37870222565304745,1
50825,2012-01-25,0.255954062933816,0
50826,2012-01-25,0.26406265614749885,0
50827,2012-01-25,0.42432904815713396,0
50828,2012-01-25,0.28066270107279456,0
50829,2012-01-25,0.3857735631630051,0
50830,2012-01-25,0.2098091075378782,0
50831,2012-01-25,0.5722452670535543,0
50832,2012-01-25,0.3878251086831015,1
50833,2012-01-25,0.45970606622398874,0
50834,2012-01-25,0.16602909243942982,0
50835,2012-01-25,0.16536887758722818,0
50836,2012-01-25,0.236367763784546,0
50837,2012-01-25,0.5159801910211441,0
50838,2012-01-25,0.568796628462216,1
50839,2012-01-25,0.35279154809383595,1
50840,2012-01-25,0.14884967691222062,0
50841,2012-01-25,0.3035548143957015,1
50842,2012-01-25,0.2247777221407048,1
50843,2012-01-25,0.21562929977748796,0
50844,2012-01-25,0.31662319709992204,0
50845,2012-01-25,0.2607009204471573,1
50846,2012-01-25,0.1619930793957118,0
50847,2012-01-25,0.18260942252450976,0
50848,2012-01-25,0.18296389618402056,0
50849,2012-01-25,0.2652958763838695,0
50850,2012-01-25,0.3041477669834111,0
50851,2012-01-25,0.2847655484029055,0
50852,2012-01-25,0.2731266824954454,0
50853,2012-01-25,0.3198010357525798,0
50854,2012-01-25,0.2643621315117525,0
50855,2012-01-25,0.36647074754138514,0
50856,2012-01-25,0.24552230751557508,0
50857,2012-01-25,0.49537339652816675,0
50858,2012-01-25,0.26821002150232315,0
50859,2012-01-25,0.3947724450951456,1
50860,2012-01-25,0.2646930529394491,1
50861,2012-01-25,0.2637634231548378,0
50862,2012-01-25,0.20116552829376932,0
50863,2012-01-25,0.2406367362736939,0
50864,2012-01-25,0.44204060820576246,1
50865,2012-01-25,0.3313846515484746,0
50866,2012-01-25,0.39898073638589343,0
50867,2012-01-25,0.33637767038244354,0
50868,2012-01-25,0.29702286816459444,0
50869,2012-01-25,0.4519338889000873,1
50870,2012-01-25,0.3531230291382159,0
50871,2012-01-25,0.2766831062198742,0
50872,2012-01-25,0.2133687449756619,0
50873,2012-01-25,0.3447432939358504,1
50874,2012-01-25,0.14283511348269723,0
50875,2012-01-25,0.11672730910936191,0
50876,2012-01-25,0.6854804799185398,1
50877,2012-01-26,0.4813411881167909,0
50878,2012-01-26,0.27707748882743444,1
50879,2012-01-26,0.3165284413087841,1
50880,2012-01-26,0.25111942046351743,1
50881,2012-01-26,0.3282701501901871,1
50882,2012-01-26,0.24703529836195762,0
50883,2012-01-26,0.30581828950904966,0
50884,2012-01-26,0.28985314128019396,0
50885,2012-01-26,0.14090255986341077,0
50886,2012-01-26,0.2624467914678148,0
50887,2012-01-26,0.18632802231892068,0
50888,2012-01-26,0.18506430225941412,0
50889,2012-01-26,0.34634700550580944,0
50890,2012-01-26,0.2089214440924242,0
50891,2012-01-26,0.33440970095716377,0
50892,2012-01-26,0.14847162823027416,0
50893,2012-01-26,0.13990612553487178,0
50894,2012-01-26,0.10404428101962027,1
50895,2012-01-26,0.22509304536725055,0
50896,2012-01-26,0.610491398029139,1
50897,2012-01-26,0.27855781159659715,0
50898,2012-01-26,0.19840463599583102,0
50899,2012-01-26,0.4092638343140125,0
50900,2012-01-26,0.24538031562501067,0
50901,2012-01-26,0.29654908602008934,0
50902,2012-01-26,0.1281358953712834,0
50903,2012-01-26,0.3039725256513281,1
50904,2012-01-26,0.2971386162430324,0
50905,2012-01-26,0.18426908536779366,0
50906,2012-01-26,0.25950653627743747,0
50907,2012-01-26,0.20948416378776497,1
50908,2012-01-26,0.20302748421451372,0
50909,2012-01-26,0.23702849528626274,1
50910,2012-01-26,0.24378825030248172,1
50911,2012-01-26,0.2713385538726209,0
50912,2012-01-26,0.1706034160910427,0
50913,2012-01-26,0.12213905032834332,0
50914,2012-01-26,0.2992881081441302,0
50915,2012-01-26,0.37405436005466847,0
50916,2012-01-26,0.3040551893156535,1
50917,2012-01-26,0.2800857724488851,1
50918,2012-01-26,0.1771798122622837,1
50919,2012-01-26,0.3127888658285138,1
50920,2012-01-26,0.22745892617594884,0
50921,2012-01-26,0.19633128885889659,0
50922,2012-01-26,0.19841046677044416,1
50923,2012-01-26,0.30131865567112576,0
50924,2012-01-26,0.3554419005259499,0
50925,2012-01-26,0.2812242225285521,0
50926,2012-01-26,0.16838594804063603,0
50927,2012-01-26,0.5256806499653469,1
50928,2012-01-26,0.14793129365841454,0
50929,2012-01-26,0.2800170019382731,0
50930,2012-01-26,0.2356823999636923,0
50931,2012-01-26,0.15502939432739582,1
50932,2012-01-26,0.11235255012187205,0
50933,2012-01-26,0.3182753294022249,0
50934,2012-01-26,0.18401428847611584,0
50935,2012-01-26,0.3608668087316685,0
50936,2012-01-26,0.17255198681699863,0
50937,2012-01-26,0.32830787758171415,1
50938,2012-01-26,0.45427622069597245,1
50939,2012-01-26,0.23549154248865084,0
50940,2012-01-26,0.3509335792044405,0
50941,2012-01-26,0.31041829882107735,0
50942,2012-01-26,0.17245181002609838,1
50943,2012-01-26,0.22752164285136894,0
50944,2012-01-26,0.48683290394695117,1
50945,2012-01-26,0.26200056760145574,0
50946,2012-01-26,0.3508970110571093,1
50947,2012-01-26,0.1240997567639625,0
50948,2012-01-26,0.28866045938870816,1
50949,2012-01-26,0.27145762406130186,0
50950,2012-01-26,0.22618965701710608,0
50951,2012-01-26,0.31643919975922924,0
50952,2012-01-26,0.3251796175106516,0
50953,2012-01-26,0.26646965038166753,0
50954,2012-01-26,0.22604918514043482,0
50955,2012-01-26,0.299617221843597,0
50956,2012-01-26,0.30759057790195354,1
50957,2012-01-26,0.4372256168498597,0
50958,2012-01-26,0.36743068916309835,0
50959,2012-01-26,0.46276690069409787,1
50960,2012-01-26,0.2053378690275305,1
50961,2012-01-26,0.21204534122572732,1
50962,2012-01-26,0.2601615221824479,0
50963,2012-01-26,0.2959875228807511,0
50964,2012-01-26,0.26029721950672247,0
50965,2012-01-26,0.359237077176283,1
50966,2012-01-26,0.31988860060050084,0
50967,2012-01-26,0.16426635158002809,1
50968,2012-01-26,0.29385588347022557,0
50969,2012-01-26,0.29096199335386996,0
50970,2012-01-26,0.1733494912198406,0
50971,2012-01-26,0.23771536688611494,0
50972,2012-01-26,0.22060251355257435,0
50973,2012-01-26,0.38012991356278536,0
50974,2012-01-26,0.41549244546253344,1
50975,2012-01-26,0.45967381734507406,1
50976,2012-01-26,0.26384335820768684,0
50977,2012-01-26,0.24252192033208025,0
50978,2012-01-26,0.1433616563252566,0
50979,2012-01-26,0.17759811082652938,1
50980,2012-01-26,0.23126414977501528,0
50981,2012-01-26,0.41809105338139757,0
50982,2012-01-26,0.2885059136653682,0
50983,2012-01-26,0.17333193314658885,1
50984,2012-01-26,0.31224054507461285,0
50985,2012-01-26,0.37326183955771025,0
50986,2012-01-26,0.40633436922081684,1
50987,2012-01-26,0.16672818960353739,1
50988,2012-01-26,0.27405533469616106,0
50989,2012-01-26,0.24995328010529466,0
50990,2012-01-26,0.18738444490216358,0
50991,2012-01-26,0.2654727317513066,0
50992,2012-01-26,0.3765215774010664,0
50993,2012-01-26,0.3659361158521238,0
50994,2012-01-26,0.17222276520229426,0
50995,2012-01-26,0.4188397915255359,0
50996,2012-01-26,0.2523597532082477,0
50997,2012-01-26,0.15681284503547732,0
50998,2012-01-26,0.19034060859912452,0
50999,2012-01-26,0.13213172132277343,0
51000,2012-01-26,0.3028586475449596,0
51001,2012-01-26,0.22878170614920665,1
51002,2012-01-26,0.18785173310889888,0
51003,2012-01-26,0.17259245544574248,0
51004,2012-01-26,0.17437097933723433,0
51005,2012-01-26,0.26805497664190087,0
51006,2012-01-26,0.2169944398282679,1
51007,2012-01-26,0.19271743258135884,0
51008,2012-01-26,0.2536029898819863,0
51009,2012-01-26,0.13213222914354225,1
51010,2012-01-26,0.12461428763855051,0
51011,2012-01-26,0.215528158778437,0
51012,2012-01-26,0.3280549163246391,0
51013,2012-01-26,0.30577660667739925,0
51014,2012-01-26,0.32694167582821426,0
51015,2012-01-26,0.25637261997028593,0
51016,2012-01-26,0.19522837949912594,0
51017,2012-01-26,0.4279891030416231,0
51018,2012-01-26,0.38833668546672767,0
51019,2012-01-26,0.31329173214741207,1
51020,2012-01-26,0.1923513713059888,1
51021,2012-01-26,0.3991354716698564,1
51022,2012-01-26,0.2910984234528122,0
51023,2012-01-26,0.3790860858138358,1
51024,2012-01-26,0.18136333641382765,1
51025,2012-01-26,0.19562696032427215,0
51026,2012-01-26,0.2476183482040882,0
51027,2012-01-26,0.34690376250336713,0
51028,2012-01-26,0.22027047944527478,0
51029,2012-01-26,0.40314025972809103,0
51030,2012-01-26,0.18507531480082307,0
51031,2012-01-26,0.24104221724796077,1
51032,2012-01-26,0.3174263107782062,0
51033,2012-01-26,0.1927719940276777,0
51034,2012-01-26,0.3445982145821398,0
51035,2012-01-26,0.39913893987556653,1
51036,2012-01-26,0.223178030625625,0
51037,2012-01-26,0.29738734437249154,0
51038,2012-01-26,0.291410322293343,0
51039,2012-01-26,0.1973419810185978,0
51040,2012-01-26,0.22853195320707637,0
51041,2012-01-26,0.2750112396123375,0
51042,2012-01-26,0.22427223431579804,0
51043,2012-01-26,0.28811048595576755,0
51044,2012-01-26,0.4419048994670305,1
51045,2012-01-26,0.36437909019288445,1
51046,2012-01-26,0.19499711501487482,1
51047,2012-01-26,0.24854463096504648,0
51048,2012-01-26,0.3413360985235203,0
51049,2012-01-26,0.32360803059896304,1
51050,2012-01-26,0.3241643580893241,0
51051,2012-01-26,0.15262181310461084,0
51052,2012-01-26,0.13166032125033464,1
51053,2012-01-26,0.1804430031875534,1
51054,2012-01-26,0.3607867801248791,1
51055,2012-01-26,0.4325439921347393,0
51056,2012-01-26,0.30580994981395637,0
51057,2012-01-26,0.30569420958738547,0
51058,2012-01-26,0.2237777795383589,0
51059,2012-01-26,0.3814534694410772,0
51060,2012-01-26,0.11756225846079814,0
51061,2012-01-26,0.29354201390865947,0
51062,2012-01-26,0.48487398832350875,0
51063,2012-01-26,0.2978312894441789,0
51064,2012-01-26,0.3608515199658365,0
51065,2012-01-26,0.24401350730799032,0
51066,2012-01-26,0.28106354387641114,1
51067,2012-01-26,0.23977465918736326,0
51068,2012-01-26,0.09716108719387732,0
51069,2012-01-26,0.14920116186108218,0
51070,2012-01-26,0.19652590846982135,0
51071,2012-01-26,0.17799978965747196,0
51072,2012-01-26,0.19827769456503364,0
51073,2012-01-26,0.18219662233234293,0
51074,2012-01-26,0.46509323524493973,1
51075,2012-01-26,0.401873657064477,1
51076,2012-01-26,0.25448302533612277,0
51077,2012-01-26,0.37519055802467205,1
51078,2012-01-26,0.21268547828600087,0
51079,2012-01-27,0.22893382550298025,1
51080,2012-01-27,0.2699225004529559,1
51081,2012-01-27,0.3889319515285642,1
51082,2012-01-27,0.28899117477160224,1
51083,2012-01-27,0.1834246605089625,0
51084,2012-01-27,0.19008995048473867,1
51085,2012-01-27,0.21841109313220478,0
51086,2012-01-27,0.18557177527443888,0
51087,2012-01-27,0.20289645680526305,0
51088,2012-01-27,0.2572326837302378,0
51089,2012-01-27,0.3451794544490789,0
51090,2012-01-27,0.5587159754290767,1
51091,2012-01-27,0.2347313952946127,0
51092,2012-01-27,0.27557787010072793,1
51093,2012-01-27,0.18632411589242737,1
51094,2012-01-27,0.37377847666549663,0
51095,2012-01-27,0.24562834337950915,0
51096,2012-01-27,0.3060281873183329,0
51097,2012-01-27,0.18943783361249042,0
51098,2012-01-27,0.3390128598271682,1
51099,2012-01-27,0.6034908439086083,0
51100,2012-01-27,0.5132744048679461,0
51101,2012-01-27,0.39743571022697793,0
51102,2012-01-27,0.3020428377521149,0
51103,2012-01-27,0.3842839354766599,1
51104,2012-01-27,0.33462127568489664,1
51105,2012-01-27,0.1337700448996626,1
51106,2012-01-27,0.2794661345746897,0
51107,2012-01-27,0.4505145425051601,0
51108,2012-01-27,0.40903756731924634,1
51109,2012-01-27,0.648055741627437,1
51110,2012-01-27,0.28970117687164715,1
51111,2012-01-27,0.2398809485953435,1
51112,2012-01-27,0.25941100577029835,0
51113,2012-01-27,0.1584204302371912,1
51114,2012-01-27,0.24125436552039325,0
51115,2012-01-27,0.2854275011595737,0
51116,2012-01-27,0.28592890047363145,0
51117,2012-01-27,0.19515069743119343,0
51118,2012-01-27,0.39712695844700735,1
51119,2012-01-27,0.13848723792445494,0
51120,2012-01-27,0.5644150418916599,0
51121,2012-01-27,0.19096910800074943,0
51122,2012-01-27,0.26012561867398004,0
51123,2012-01-27,0.1522827717806449,0
51124,2012-01-27,0.5733268834231431,1
51125,2012-01-27,0.15635853687491982,0
51126,2012-01-27,0.3012942026720586,1
51127,2012-01-27,0.34320115770415227,0
51128,2012-01-27,0.5024263601986408,0
51129,2012-01-27,0.24465802523483285,1
51130,2012-01-27,0.22943230864363176,0
51131,2012-01-27,0.2137684710702082,1
51132,2012-01-27,0.35340506711920316,0
51133,2012-01-27,0.4199145395524378,0
51134,2012-01-27,0.31434649392335184,0
51135,2012-01-27,0.4198547890654366,1
51136,2012-01-27,0.278417418966832,0
51137,2012-01-27,0.24295444031676736,0
51138,2012-01-27,0.26715241284908403,0
51139,2012-01-27,0.20135782199910146,1
51140,2012-01-27,0.2340392267459298,0
51141,2012-01-27,0.3696301818772841,0
51142,2012-01-27,0.18445504968039134,1
51143,2012-01-27,0.4582096004914099,1
51144,2012-01-27,0.322181853515531,0
51145,2012-01-27,0.24290247751395647,0
51146,2012-01-27,0.2717361415262892,0
51147,2012-01-27,0.41562420217068097,0
51148,2012-01-27,0.4852415225103986,0
51149,2012-01-27,0.33673860896713514,0
51150,2012-01-27,0.32000205035988516,0
51151,2012-01-27,0.2069556400185337,1
51152,2012-01-27,0.21203951073160712,1
51153,2012-01-27,0.30564610074781684,0
51154,2012-01-27,0.3011681642333687,1
51155,2012-01-27,0.18638911452095056,1
51156,2012-01-27,0.2039171176011609,1
51157,2012-01-27,0.28102488464876463,0
51158,2012-01-27,0.30856640142024033,1
51159,2012-01-27,0.1193680259998939,0
51160,2012-01-27,0.35193996627829166,1
51161,2012-01-27,0.1958323926035881,0
51162,2012-01-27,0.2503145958377408,1
51163,2012-01-27,0.21049450715101053,1
51164,2012-01-27,0.30784136776000603,1
51165,2012-01-27,0.4674148031075254,0
51166,2012-01-27,0.23867611697274618,0
51167,2012-01-27,0.29222248591227384,0
51168,2012-01-27,0.23460857974117513,0
51169,2012-01-27,0.16197447229584908,0
51170,2012-01-27,0.24954610673173097,1
51171,2012-01-27,0.2981209281974734,1
51172,2012-01-27,0.1915326020404779,1
51173,2012-01-27,0.1797865447048388,0
51174,2012-01-27,0.4739883391518694,0
51175,2012-01-27,0.4614243386842463,0
51176,2012-01-27,0.23839103942006937,1
51177,2012-01-27,0.35059275781680294,1
51178,2012-01-27,0.4320931486885261,1
51179,2012-01-27,0.21847421552805973,0
51180,2012-01-27,0.3576843873252032,0
51181,2012-01-27,0.30589733117413964,0
51182,2012-01-27,0.4778808823680261,0
51183,2012-01-27,0.18215935483520757,0
51184,2012-01-27,0.29962804005293986,1
51185,2012-01-27,0.2437233948044112,0
51186,2012-01-27,0.18670307583719728,1
51187,2012-01-27,0.28992767753275905,0
51188,2012-01-27,0.5976030183259238,1
51189,2012-01-27,0.261959521603182,1
51190,2012-01-27,0.19017772877509936,1
51191,2012-01-27,0.49413735629078787,0
51192,2012-01-27,0.2930959037408575,1
51193,2012-01-27,0.6203823110957635,0
51194,2012-01-27,0.20575499903888428,0
51195,2012-01-27,0.25738893750891284,1
51196,2012-01-27,0.3143358464304586,1
51197,2012-01-27,0.4600383071214538,0
51198,2012-01-27,0.1787469914789808,1
51199,2012-01-27,0.24361861956720438,0
51200,2012-01-27,0.21816694938941456,0
51201,2012-01-27,0.32297425624747655,0
51202,2012-01-27,0.13530275519348897,0
51203,2012-01-27,0.19063562874082488,0
51204,2012-01-27,0.25967264639198073,0
51205,2012-01-27,0.260072927483359,0
51206,2012-01-27,0.22136787846827313,0
51207,2012-01-27,0.30393057049659233,0
51208,2012-01-27,0.19995680765131874,0
51209,2012-01-27,0.49217352569462663,1
51210,2012-01-27,0.18487440863911164,0
51211,2012-01-27,0.1750196051073924,0
51212,2012-01-27,0.2179200533238509,0
51213,2012-01-27,0.3843302141443897,1
51214,2012-01-27,0.3437926303741834,1
51215,2012-01-27,0.31896832689171384,1
51216,2012-01-27,0.2846608461365361,0
51217,2012-01-27,0.15470344338926686,0
51218,2012-01-27,0.15752534921793052,0
51219,2012-01-27,0.3521521088502946,0
51220,2012-01-27,0.31615118170441436,0
51221,2012-01-27,0.27572387614256094,1
51222,2012-01-27,0.12476744784030884,0
51223,2012-01-27,0.23953585272774525,0
51224,2012-01-27,0.35955266143078823,1
51225,2012-01-27,0.6133857609113885,1
51226,2012-01-27,0.30417968031656956,1
51227,2012-01-27,0.38677144574761346,1
51228,2012-01-27,0.1787585703406275,0
51229,2012-01-27,0.2707407585435639,0
51230,2012-01-27,0.32280856733691204,1
51231,2012-01-27,0.37859442848884056,0
51232,2012-01-27,0.41483441584411423,1
51233,2012-01-27,0.4843197290465824,1
51234,2012-01-27,0.14353053421923356,0
51235,2012-01-27,0.27633406340219946,0
51236,2012-01-27,0.37939740037600644,1
51237,2012-01-27,0.20551207553364112,0
51238,2012-01-27,0.18129169756678373,0
51239,2012-01-27,0.2320203503874464,0
51240,2012-01-27,0.17808258571486038,0
51241,2012-01-27,0.27586597547153313,0
51242,2012-01-27,0.1616399340978645,0
51243,2012-01-27,0.3808120149305492,1
51244,2012-01-27,0.21698205819265942,0
51245,2012-01-27,0.3424513781905592,0
51246,2012-01-27,0.23755902193866604,0
51247,2012-01-27,0.4879729652531899,0
51248,2012-01-27,0.2747377885953996,0
51249,2012-01-27,0.3889188258624857,1
51250,2012-01-27,0.31200391036648273,0
51251,2012-01-27,0.3637900055598345,0
51252,2012-01-27,0.2225194054901795,0
51253,2012-01-27,0.2984644912253109,0
51254,2012-01-27,0.1437521198711414,0
51255,2012-01-27,0.2690536346353717,0
51256,2012-01-27,0.2667731269306749,0
51257,2012-01-27,0.3303474992450606,1
51258,2012-01-27,0.36514344384361613,1
51259,2012-01-27,0.0923690219984376,0
51260,2012-01-27,0.45160988335891433,0
51261,2012-01-27,0.3637785353565067,0
51262,2012-01-27,0.4856176606591781,0
51263,2012-01-27,0.22007740963436376,1
51264,2012-01-27,0.2553112017584886,0
51265,2012-01-27,0.31040118740042594,0
51266,2012-01-27,0.3336643969770488,0
51267,2012-01-27,0.30369137643137156,0
51268,2012-01-27,0.4032176126570394,0
51269,2012-01-27,0.18031019242326207,0
51270,2012-01-27,0.16732511558748916,0
51271,2012-01-27,0.1914798055231582,1
51272,2012-01-27,0.34182073843900834,0
51273,2012-01-27,0.26441793903429556,0
51274,2012-01-27,0.1884064743602242,0
51275,2012-01-27,0.43014223313045874,0
51276,2012-01-27,0.490256786404456,1
51277,2012-01-27,0.29669560386071675,1
51278,2012-01-27,0.10209298224870259,0
51279,2012-01-27,0.24565969197906948,1
51280,2012-01-27,0.21775979600333217,0
51281,2012-01-27,0.21031558408645332,0
51282,2012-01-27,0.18650639698039992,0
51283,2012-01-27,0.37409743033674747,1
51284,2012-01-27,0.48214799580520734,1
51285,2012-01-27,0.22696464404085365,0
51286,2012-01-27,0.40652879762110355,1
51287,2012-01-27,0.3434481125884363,1
51288,2012-01-27,0.2366788921831728,0
51289,2012-01-27,0.5046879080154959,1
51290,2012-01-27,0.23507833724139807,0
51291,2012-01-27,0.39703649460534574,1
51292,2012-01-27,0.3171283731249034,0
51293,2012-01-27,0.20726780338446102,0
51294,2012-01-27,0.26115340498154066,0
51295,2012-01-27,0.13970681984540934,1
51296,2012-01-27,0.2942795800546457,0
51297,2012-01-27,0.17795164158956295,1
51298,2012-01-27,0.33396903096880315,1
51299,2012-01-27,0.2830976549932756,0
51300,2012-01-27,0.571920064553477,0
51301,2012-01-27,0.3957379951727878,0
51302,2012-01-27,0.1712076728781607,1
51303,2012-01-27,0.2950899830052316,0
51304,2012-01-27,0.28007888774299305,0
51305,2012-01-27,0.196953691997919,0
51306,2012-01-27,0.5597702488609219,0
51307,2012-01-27,0.16406520205557254,0
51308,2012-01-27,0.2757485074988549,0
51309,2012-01-27,0.25337179539039345,0
51310,2012-01-27,0.1958658407595257,1
51311,2012-01-27,0.22992218846824936,1
51312,2012-01-27,0.3807290964376455,0
51313,2012-01-27,0.19848937952986678,0
51314,2012-01-27,0.21508764251299714,0
51315,2012-01-27,0.1463823483774975,0
51316,2012-01-27,0.1604809816025519,1
51317,2012-01-27,0.23483697432236705,1
51318,2012-01-27,0.2449038553757565,1
51319,2012-01-27,0.243432391529565,0
51320,2012-01-27,0.18263075326929212,0
51321,2012-01-27,0.3824397307396956,1
51322,2012-01-27,0.20946733657826164,0
51323,2012-01-27,0.17022276989681936,0
51324,2012-01-27,0.2272007225315807,1
51325,2012-01-27,0.26256677615829593,0
51326,2012-01-27,0.25144443971192953,0
51327,2012-01-27,0.15369581134485336,1
51328,2012-01-27,0.3360006816878719,1
51329,2012-01-27,0.46247749887893563,0
51330,2012-01-27,0.23440916323932318,0
51331,2012-01-27,0.27704966445300605,0
51332,2012-01-27,0.2094620394284115,0
51333,2012-01-27,0.4354191714188472,0
51334,2012-01-27,0.43514874098167067,1
51335,2012-01-27,0.5156008993003885,0
51336,2012-01-27,0.2222630732411819,0
51337,2012-01-27,0.2670975421966951,0
51338,2012-01-27,0.38988812206199785,1
51339,2012-01-27,0.5155714121121151,0
51340,2012-01-27,0.15208738965442326,0
51341,2012-01-27,0.29160263560715544,0
51342,2012-01-27,0.3500102578596382,1
51343,2012-01-27,0.16780848183804212,0
51344,2012-01-27,0.261984982442182,0
51345,2012-01-27,0.15073108888972786,0
51346,2012-01-27,0.20711901150613213,0
51347,2012-01-27,0.20600467003915043,0
51348,2012-01-27,0.35611126049632635,0
51349,2012-01-27,0.2101501093372717,1
51350,2012-01-27,0.46703749119860266,0
51351,2012-01-27,0.3221928272692862,0
51352,2012-01-27,0.1810513657302884,0
51353,2012-01-27,0.22859500243487635,0
51354,2012-01-27,0.19534754905781204,0
51355,2012-01-27,0.37454849510552624,1
51356,2012-01-27,0.46293163888572525,1
51357,2012-01-27,0.1658510382285349,0
51358,2012-01-27,0.256457198664331,0
51359,2012-01-27,0.5979534313551402,1
51360,2012-01-27,0.3371119209606679,0
51361,2012-01-27,0.21291881502246146,0
51362,2012-01-27,0.3705089461029169,0
51363,2012-01-27,0.24206301449224865,0
51364,2012-01-27,0.3374823331389821,0
51365,2012-01-27,0.25572627778078516,0
51366,2012-01-27,0.25371609472766704,0
51367,2012-01-27,0.26307732032704145,0
51368,2012-01-27,0.41273317121953196,0
51369,2012-01-27,0.24838851169355233,0
51370,2012-01-27,0.19739685322402997,0
51371,2012-01-27,0.2497279108635123,0
51372,2012-01-27,0.22674554350133716,0
51373,2012-01-27,0.25725952426371934,1
51374,2012-01-27,0.3150995086190171,0
51375,2012-01-27,0.29830725717956547,0
51376,2012-01-27,0.5886248988592501,1
51377,2012-01-27,0.2895500601700189,0
51378,2012-01-27,0.5294730051672863,1
51379,2012-01-27,0.2360894086337999,0
51380,2012-01-27,0.354228855844939,1
51381,2012-01-27,0.2710098457309859,0
51382,2012-01-27,0.24341506465545926,1
51383,2012-01-27,0.42846793199663663,0
51384,2012-01-27,0.3315251428645804,0
51385,2012-01-27,0.2288314658136281,0
51386,2012-01-27,0.20101458865819452,0
51387,2012-01-27,0.25753653660919185,0
51388,2012-01-27,0.3718869898691925,1
51389,2012-01-27,0.25009415925805617,0
51390,2012-01-27,0.3031558645264121,0
51391,2012-01-27,0.2591939726013755,0
51392,2012-01-27,0.3547746367336713,0
51393,2012-01-27,0.276865535273024,1
51394,2012-01-27,0.3425557207870303,0
51395,2012-01-27,0.28481993109396403,0
51396,2012-01-27,0.2533205778362244,0
51397,2012-01-27,0.25326808015595126,1
51398,2012-01-27,0.16683246773803143,1
51399,2012-01-27,0.24237853361298842,0
51400,2012-01-27,0.18750309264633933,0
51401,2012-01-27,0.15305110348860385,0
51402,2012-01-27,0.3049106238383559,0
51403,2012-01-27,0.357033435982899,0
51404,2012-01-27,0.31647135004869265,0
51405,2012-01-27,0.1883038034314969,0
51406,2012-01-27,0.32268549403083474,0
51407,2012-01-27,0.3150838631173239,0
51408,2012-01-27,0.3326159216009615,0
51409,2012-01-28,0.311471966314443,0
51410,2012-01-28,0.3907827359711756,1
51411,2012-01-28,0.5272339870743732,1
51412,2012-01-28,0.2047653693480838,1
51413,2012-01-28,0.2265771156823281,0
51414,2012-01-28,0.25599792498206125,0
51415,2012-01-28,0.26782370344548456,0
51416,2012-01-28,0.36386765619631467,0
51417,2012-01-28,0.1965185711325055,0
51418,2012-01-28,0.1979973390412735,0
51419,2012-01-28,0.15081891693203517,0
51420,2012-01-28,0.27312497082692994,0
51421,2012-01-28,0.250323632522837,0
51422,2012-01-28,0.2899798721497133,0
51423,2012-01-28,0.18986287110360112,0
51424,2012-01-28,0.34804986085374345,0
51425,2012-01-28,0.1724026293999834,0
51426,2012-01-28,0.3495506644491119,0
51427,2012-01-28,0.32838780667488965,0
51428,2012-01-28,0.18780293224854785,0
51429,2012-01-28,0.295924864011109,0
51430,2012-01-28,0.5111369523124328,1
51431,2012-01-28,0.2808063265795747,1
51432,2012-01-28,0.3025072199528267,0
51433,2012-01-28,0.3591824406225064,0
51434,2012-01-28,0.41722231361479156,1
51435,2012-01-28,0.2893534757802412,0
51436,2012-01-28,0.43275921002985474,0
51437,2012-01-28,0.37275922375419773,0
51438,2012-01-28,0.17058525294914864,0
51439,2012-01-28,0.18583004698172675,0
51440,2012-01-28,0.21934454787127647,0
51441,2012-01-28,0.2044524622940711,1
51442,2012-01-28,0.18699921757349688,0
51443,2012-01-28,0.1255087680920101,0
51444,2012-01-28,0.21635648288880446,0
51445,2012-01-28,0.2689598032956079,0
51446,2012-01-28,0.22255493835759127,0
51447,2012-01-28,0.4108948572602413,0
51448,2012-01-28,0.19708413308113065,0
51449,2012-01-28,0.2595379296975015,0
51450,2012-01-28,0.21621104855344375,1
51451,2012-01-28,0.2686355030252432,0
51452,2012-01-28,0.29213700795231134,0
51453,2012-01-28,0.4512524459109102,0
51454,2012-01-28,0.4090083707478847,1
51455,2012-01-28,0.22417290517209662,0
51456,2012-01-28,0.49533401696998713,0
51457,2012-01-28,0.18048281055226525,0
51458,2012-01-28,0.21271593498431532,0
51459,2012-01-28,0.20225918462137266,0
51460,2012-01-28,0.35945353495872195,1
51461,2012-01-28,0.2564038126283138,0
51462,2012-01-28,0.46564783135095733,1
51463,2012-01-28,0.16738417195449462,0
51464,2012-01-28,0.3031300604207464,0
51465,2012-01-28,0.33660739079313506,1
51466,2012-01-28,0.4614312100884919,1
51467,2012-01-28,0.4220081392260017,0
51468,2012-01-28,0.2876399166630017,1
51469,2012-01-28,0.210998103072563,0
51470,2012-01-28,0.2070270342123622,1
51471,2012-01-28,0.27189284488141274,0
51472,2012-01-28,0.25583484402812023,1
51473,2012-01-28,0.19922674042078764,0
51474,2012-01-28,0.2198501047827099,0
51475,2012-01-28,0.4353486660121745,0
51476,2012-01-28,0.2957008314935255,0
51477,2012-01-28,0.4701092224512195,1
51478,2012-01-28,0.3335159582894259,0
51479,2012-01-28,0.29818242668315664,0
51480,2012-01-28,0.34942759683926516,1
51481,2012-01-28,0.22804125665595168,0
51482,2012-01-28,0.29308981713079535,0
51483,2012-01-28,0.2539281269441639,0
51484,2012-01-28,0.12297537782859895,0
51485,2012-01-28,0.5234775732584983,0
51486,2012-01-28,0.5052208006039707,0
51487,2012-01-28,0.15503454533195202,0
51488,2012-01-28,0.35055546121609904,0
51489,2012-01-28,0.17788294272442973,0
51490,2012-01-28,0.1995547202108131,0
51491,2012-01-28,0.19079815163517158,0
51492,2012-01-28,0.37119728265316837,0
51493,2012-01-28,0.1920782786653449,0
51494,2012-01-28,0.28052037135695895,0
51495,2012-01-28,0.20888919945044623,0
51496,2012-01-28,0.39578000763743754,1
51497,2012-01-28,0.2612588756531722,0
51498,2012-01-28,0.23271484388617347,0
51499,2012-01-28,0.2698975241208937,0
51500,2012-01-28,0.30786572601366374,0
51501,2012-01-28,0.37858405908040293,1
51502,2012-01-28,0.18734008231575183,1
51503,2012-01-28,0.3453650544019592,1
51504,2012-01-28,0.20414529250148206,0
51505,2012-01-28,0.2226936271245372,1
51506,2012-01-28,0.1763292408499846,0
51507,2012-01-28,0.12021444408685725,0
51508,2012-01-28,0.43434617593829816,1
51509,2012-01-28,0.5799340837547735,1
51510,2012-01-28,0.5447039210040162,1
51511,2012-01-28,0.36227798071838224,1
51512,2012-01-28,0.291766386203435,0
51513,2012-01-28,0.19382596931799456,0
51514,2012-01-28,0.1760519477669059,1
51515,2012-01-28,0.1616307492063387,0
51516,2012-01-28,0.24531005148362678,1
51517,2012-01-28,0.294706447081743,0
51518,2012-01-28,0.2963123365498319,0
51519,2012-01-28,0.4206624151462843,0
51520,2012-01-28,0.23518074200504122,0
51521,2012-01-28,0.24395337348964388,0
51522,2012-01-28,0.4187152420841529,1
51523,2012-01-28,0.3153935144364582,0
51524,2012-01-28,0.42082697895840365,1
51525,2012-01-28,0.1125692316692003,0
51526,2012-01-28,0.388803606054942,0
51527,2012-01-28,0.26720613289339423,1
51528,2012-01-28,0.10308586384097251,0
51529,2012-01-28,0.23783573353618798,0
51530,2012-01-28,0.1611491087099027,1
51531,2012-01-28,0.4128864456358493,1
51532,2012-01-28,0.1849576690812093,0
51533,2012-01-28,0.28216145500092055,1
51534,2012-01-28,0.16657498163042012,0
51535,2012-01-28,0.2441284448870233,0
51536,2012-01-28,0.22643372301814754,0
51537,2012-01-28,0.16710370255000226,0
51538,2012-01-28,0.24345935499330798,0
51539,2012-01-28,0.15462325362360207,0
51540,2012-01-28,0.413988219087804,1
51541,2012-01-28,0.3148808949402784,1
51542,2012-01-28,0.32648169954485196,0
51543,2012-01-28,0.12625119392977072,0
51544,2012-01-28,0.4631591964989718,0
51545,2012-01-28,0.13323301853290398,0
51546,2012-01-28,0.22857892034101726,1
51547,2012-01-28,0.3708557274961345,1
51548,2012-01-28,0.3707365077552301,1
51549,2012-01-28,0.39037964908414374,0
51550,2012-01-28,0.2136647634464781,0
51551,2012-01-28,0.11385143367528705,0
51552,2012-01-28,0.27653621507698817,1
51553,2012-01-28,0.3090002471978566,0
51554,2012-01-28,0.2469657788582596,1
51555,2012-01-28,0.2696967630657794,0
51556,2012-01-28,0.30960835234107065,1
51557,2012-01-28,0.443103859164587,0
51558,2012-01-28,0.3814606924378503,0
51559,2012-01-28,0.20928525200434123,0
51560,2012-01-28,0.4377335026322073,1
51561,2012-01-28,0.18093220574688995,0
51562,2012-01-28,0.39044608750659343,1
51563,2012-01-28,0.20008209048759365,0
51564,2012-01-28,0.16119999667196658,0
51565,2012-01-28,0.5336500446346376,1
51566,2012-01-28,0.33471482009292997,0
51567,2012-01-28,0.21798608890338275,0
51568,2012-01-28,0.32671030130688017,1
51569,2012-01-28,0.38767859522591397,0
51570,2012-01-28,0.26230324089722856,0
51571,2012-01-28,0.24020243646016973,0
51572,2012-01-28,0.42268787953477194,0
51573,2012-01-28,0.26690493703148493,0
51574,2012-01-28,0.18378883774722612,1
51575,2012-01-28,0.26482501499526434,0
51576,2012-01-28,0.2681319090357886,0
51577,2012-01-28,0.13970864182708193,0
51578,2012-01-28,0.2093571637578011,0
51579,2012-01-28,0.252754724839548,1
51580,2012-01-28,0.22283760488109317,1
51581,2012-01-28,0.1542526048160078,1
51582,2012-01-28,0.1257539822255153,0
51583,2012-01-28,0.18916189934534128,0
51584,2012-01-28,0.45004965867973906,0
51585,2012-01-28,0.1961924616071005,0
51586,2012-01-28,0.6260912064017623,1
51587,2012-01-28,0.3315559035645488,0
51588,2012-01-28,0.34944764596494493,1
51589,2012-01-28,0.4431436906367453,1
51590,2012-01-28,0.16866937189979286,0
51591,2012-01-28,0.14645445850423172,1
51592,2012-01-28,0.5873326533667944,1
51593,2012-01-28,0.1950303672438976,1
51594,2012-01-28,0.16054740791797484,0
51595,2012-01-28,0.15219518700508292,0
51596,2012-01-28,0.20163100522206323,0
51597,2012-01-28,0.2204528854256992,1
51598,2012-01-28,0.404035851834747,1
51599,2012-01-28,0.2306815127607927,1
51600,2012-01-28,0.18340228725722954,1
51601,2012-01-28,0.46561363340830325,1
51602,2012-01-28,0.40288882562204137,0
51603,2012-01-28,0.16377390543739342,0
51604,2012-01-28,0.30852032104730964,0
51605,2012-01-28,0.48508681060654507,0
51606,2012-01-28,0.6136524975829337,1
51607,2012-01-28,0.2554157941768737,1
51608,2012-01-28,0.2613788300059106,1
51609,2012-01-28,0.3542915770251794,1
51610,2012-01-28,0.18110149606846263,0
51611,2012-01-28,0.2711422542889011,0
51612,2012-01-28,0.34126932275189975,0
51613,2012-01-28,0.3816238893693721,0
51614,2012-01-28,0.3692505716453836,1
51615,2012-01-28,0.20110615283823424,1
51616,2012-01-28,0.3376254253231782,0
51617,2012-01-28,0.33876849888249816,0
51618,2012-01-28,0.3532290606935654,1
51619,2012-01-28,0.29342713894595834,0
51620,2012-01-28,0.302381739328009,0
51621,2012-01-28,0.47827145582477465,0
51622,2012-01-28,0.11163233935860785,0
51623,2012-01-28,0.19619109042387417,1
51624,2012-01-28,0.3761740587266567,0
51625,2012-01-28,0.5876131038080209,0
51626,2012-01-28,0.3193285333152446,0
51627,2012-01-28,0.19382596931799456,0
51628,2012-01-28,0.4911094672799617,1
51629,2012-01-28,0.30013970066031065,0
51630,2012-01-28,0.33365896691844366,0
51631,2012-01-28,0.21061187200301468,0
51632,2012-01-28,0.2309183624298275,0
51633,2012-01-28,0.2922384861587242,0
51634,2012-01-28,0.27741945927750244,0
51635,2012-01-28,0.16123570630821082,1
51636,2012-01-28,0.2498439247243809,0
51637,2012-01-28,0.18528083885707827,0
51638,2012-01-28,0.233145927307635,1
51639,2012-01-28,0.3066209203941924,0
51640,2012-01-28,0.22884234368588507,0
51641,2012-01-28,0.26657629110543796,0
51642,2012-01-28,0.24412070386782633,0
51643,2012-01-28,0.23174325923553066,0
51644,2012-01-28,0.30380473879191994,0
51645,2012-01-28,0.18847440761990816,0
51646,2012-01-28,0.2812527937003199,1
51647,2012-01-28,0.27434425194373785,1
51648,2012-01-28,0.22557386603925345,0
51649,2012-01-28,0.13899902498761374,0
51650,2012-01-28,0.24400531095081196,1
51651,2012-01-28,0.2671505556823379,0
51652,2012-01-28,0.21630073946166592,0
51653,2012-01-28,0.20150623897444786,0
51654,2012-01-28,0.27187760253255866,0
51655,2012-01-28,0.4126885746505466,0
51656,2012-01-28,0.24000679689527557,0
51657,2012-01-28,0.23638428917700757,0
51658,2012-01-28,0.18244556862276018,1
51659,2012-01-28,0.1603993286541528,0
51660,2012-01-28,0.09960975759394633,0
51661,2012-01-28,0.36811342780759754,1
51662,2012-01-28,0.29470743905594055,0
51663,2012-01-28,0.28024057688995985,0
51664,2012-01-28,0.18050893830821657,1
51665,2012-01-28,0.17429327659865604,0
51666,2012-01-28,0.32792452968333435,0
51667,2012-01-28,0.15344931315763247,0
51668,2012-01-28,0.39328225949836454,0
51669,2012-01-28,0.22441165120894715,0
51670,2012-01-28,0.2904489681256495,0
51671,2012-01-28,0.26670954944959135,0
51672,2012-01-28,0.3667231266868335,0
51673,2012-01-28,0.27239976175722597,0
51674,2012-01-28,0.3137278698309774,0
51675,2012-01-28,0.37004985549882236,0
51676,2012-01-28,0.4665459102954884,0
51677,2012-01-28,0.19988090834109862,0
51678,2012-01-28,0.22387311362407353,0
51679,2012-01-28,0.38787424024460104,0
51680,2012-01-28,0.20021949085958704,0
51681,2012-01-28,0.3071115560087935,1
51682,2012-01-28,0.17439156258969607,0
51683,2012-01-28,0.32981481499619847,0
51684,2012-01-28,0.33708287776071627,1
51685,2012-01-28,0.2784925658061971,0
51686,2012-01-28,0.20617320889788304,0
51687,2012-01-28,0.16349506458461457,0
51688,2012-01-28,0.28897498959707574,0
51689,2012-01-28,0.25553332951747065,0
51690,2012-01-28,0.3334930869126629,0
51691,2012-01-28,0.17222982366259837,0
51692,2012-01-28,0.30879845378116766,0
51693,2012-01-28,0.12352823137583514,0
51694,2012-01-28,0.23814439108809882,0
51695,2012-01-28,0.3638761168938236,0
51696,2012-01-28,0.2689056024360868,1
51697,2012-01-28,0.4051842505132424,0
51698,2012-01-28,0.43818256365682223,1
51699,2012-01-28,0.29513088874144566,0
51700,2012-01-28,0.21276806648508922,0
51701,2012-01-28,0.2542028249085432,1
51702,2012-01-28,0.16146711987355897,0
51703,2012-01-28,0.35365879900067265,1
51704,2012-01-28,0.3444566267685919,1
51705,2012-01-28,0.3387282808984241,0
51706,2012-01-28,0.14657397771425693,0
51707,2012-01-28,0.3510666663260053,0
51708,2012-01-28,0.5246703477569269,1
51709,2012-01-28,0.23303901923761006,0
51710,2012-01-28,0.4268539978120306,0
51711,2012-01-28,0.22803226936769286,0
51712,2012-01-28,0.36779928460615025,0
51713,2012-01-28,0.18033508625992847,0
51714,2012-01-28,0.2407926751625816,0
51715,2012-01-28,0.14285759902020098,0
51716,2012-01-28,0.15951257721207374,0
51717,2012-01-28,0.26385622751803844,0
51718,2012-01-28,0.28141367499540865,1
51719,2012-01-28,0.13315852491089641,0
51720,2012-01-28,0.26229694777611684,0
51721,2012-01-28,0.18796078660447463,0
51722,2012-01-28,0.32544140549397066,0
51723,2012-01-28,0.6540532837223553,1
51724,2012-01-28,0.33980730543411675,1
51725,2012-01-28,0.18208241843873968,0
51726,2012-01-28,0.26631261892846053,0
51727,2012-01-28,0.26914453023927926,0
51728,2012-01-28,0.2603758210160419,0
51729,2012-01-28,0.3769183384228741,0
51730,2012-01-28,0.43681528391222735,1
51731,2012-01-28,0.22318381065848364,0
51732,2012-01-28,0.21757549615812805,1
51733,2012-01-28,0.38050541474715244,1
51734,2012-01-28,0.41363050132023793,0
51735,2012-01-28,0.1358812444840578,0
51736,2012-01-28,0.18700452934077286,0
51737,2012-01-28,0.6013609818320248,0
51738,2012-01-28,0.2581184809174603,1
51739,2012-01-28,0.19944421191552963,0
51740,2012-01-28,0.28036313227477827,0
51741,2012-01-28,0.1663804865897633,1
51742,2012-01-28,0.16128425635497678,0
51743,2012-01-28,0.2429814763666307,0
51744,2012-01-28,0.16232360252296796,0
51745,2012-01-28,0.1767930511677658,0
51746,2012-01-28,0.2506382424828793,0
51747,2012-01-28,0.4816824827127734,1
51748,2012-01-28,0.1564215297087167,1
51749,2012-01-28,0.22520030298736055,1
51750,2012-01-28,0.4073005343526195,1
51751,2012-01-28,0.4559415875022069,0
51752,2012-01-28,0.17788294272442973,0
51753,2012-01-28,0.22110391332934487,0
51754,2012-01-28,0.22739739048754476,0
51755,2012-01-28,0.2990413129368526,0
51756,2012-01-28,0.20510377737196325,0
51757,2012-01-28,0.30368981246645055,0
51758,2012-01-28,0.429428910325618,1
51759,2012-01-28,0.4184997574565283,1
51760,2012-01-28,0.19862212924384817,0
51761,2012-01-28,0.2590940505014761,0
51762,2012-01-28,0.2773401641811031,0
51763,2012-01-28,0.22365298528451055,1
51764,2012-01-28,0.15302616165645522,1
51765,2012-01-28,0.36446182005449995,1
51766,2012-01-28,0.1924454467889512,0
51767,2012-01-28,0.2185915467768668,0
51768,2012-01-28,0.28939478137628444,0
51769,2012-01-28,0.2037578054873621,1
51770,2012-01-28,0.35459523937971066,0
51771,2012-01-28,0.2737722199075785,0
51772,2012-01-28,0.2876611459820919,1
51773,2012-01-28,0.23043242551769877,1
51774,2012-01-28,0.17861018249467317,0
51775,2012-01-28,0.3005416269010393,0
51776,2012-01-28,0.21524245191463764,1
51777,2012-01-28,0.22638800895113773,0
51778,2012-01-28,0.3967786076275073,0
51779,2012-01-28,0.27981494219258835,0
51780,2012-01-28,0.2869623647141113,0
51781,2012-01-28,0.26553534908808035,1
51782,2012-01-28,0.23885837671990393,0
51783,2012-01-28,0.38351832880694897,0
51784,2012-01-28,0.25199351968387534,1
51785,2012-01-28,0.3278830874936714,0
51786,2012-01-28,0.1290603898053078,0
51787,2012-01-28,0.3090036360240911,0
51788,2012-01-28,0.2760604218151396,0
51789,2012-01-28,0.4441220852535156,1
51790,2012-01-28,0.27308375079886765,0
51791,2012-01-28,0.3128081850534839,0
51792,2012-01-28,0.3500072365132575,1
51793,2012-01-28,0.36356924366894067,1
51794,2012-01-28,0.2495934104466036,1
51795,2012-01-28,0.26925741225180966,1
51796,2012-01-28,0.2924097620165439,0
51797,2012-01-28,0.2975561642594872,0
51798,2012-01-28,0.20743895422100933,0
51799,2012-01-28,0.2151891538359598,1
51800,2012-01-28,0.2615889172755533,1
51801,2012-01-28,0.2208573861670682,0
51802,2012-01-28,0.5874764726076286,1
51803,2012-01-28,0.19390738593968068,0
51804,2012-01-28,0.22459923668504062,0
51805,2012-01-28,0.23325183178270978,1
51806,2012-01-28,0.4036372986224666,1
51807,2012-01-28,0.40365859885429795,1
51808,2012-01-28,0.3189152741610528,1
51809,2012-01-28,0.279337991644393,0
51810,2012-01-28,0.2977435704575578,0
51811,2012-01-28,0.17957140910253214,0
51812,2012-01-28,0.2541493650591981,0
51813,2012-01-28,0.5529501483020084,1
51814,2012-01-28,0.13847441209372965,0
51815,2012-01-28,0.4435394107204458,0
51816,2012-01-28,0.2599187276485487,1
51817,2012-01-28,0.17136207450819319,0
51818,2012-01-28,0.37613113752666605,0
51819,2012-01-28,0.3170253482585984,0
51820,2012-01-28,0.1703871738913405,0
51821,2012-01-28,0.4278909276823332,1
51822,2012-01-28,0.3101774027861418,0
51823,2012-01-28,0.37039172806131043,1
51824,2012-01-28,0.2520984639937057,0
51825,2012-01-28,0.19271810252092822,1
51826,2012-01-28,0.24819400895662336,0
51827,2012-01-28,0.13657626947892107,0
51828,2012-01-28,0.33561278878646306,1
51829,2012-01-28,0.30115196197707417,1
51830,2012-01-28,0.1812905297382208,0
51831,2012-01-28,0.26009220730032423,0
51832,2012-01-28,0.5031132635609479,0
51833,2012-01-28,0.1942298569704878,0
51834,2012-01-29,0.3341177780440353,0
51835,2012-01-29,0.2992025823295029,0
51836,2012-01-29,0.20398792803619567,0
51837,2012-01-29,0.227418795729823,1
51838,2012-01-29,0.2970553549260681,0
51839,2012-01-29,0.5886990518337212,1
51840,2012-01-29,0.15190172973798366,0
51841,2012-01-29,0.25015734773087767,1
51842,2012-01-29,0.18763754070139235,1
51843,2012-01-29,0.19530136038117524,0
51844,2012-01-29,0.5973207451799268,1
51845,2012-01-29,0.3166578508518829,1
51846,2012-01-29,0.33780258021093,0
51847,2012-01-29,0.39532944333602416,0
51848,2012-01-29,0.4322011490638308,0
51849,2012-01-29,0.32119974746886804,1
51850,2012-01-29,0.11356717544595078,0
51851,2012-01-29,0.4920970424898019,1
51852,2012-01-29,0.40546979952007317,0
51853,2012-01-29,0.3060478860484646,0
51854,2012-01-29,0.15407505139776181,0
51855,2012-01-29,0.19587245967811323,0
51856,2012-01-29,0.1490770629190055,0
51857,2012-01-29,0.46771956361995143,0
51858,2012-01-29,0.30076844301352396,0
51859,2012-01-29,0.2355792777509316,1
51860,2012-01-29,0.33523940868672014,0
51861,2012-01-29,0.1966318944441087,0
51862,2012-01-29,0.2753977845778086,0
51863,2012-01-29,0.11710108410262622,0
51864,2012-01-29,0.3052824186043686,1
51865,2012-01-29,0.4364713556987495,1
51866,2012-01-29,0.319111200507264,0
51867,2012-01-29,0.2883015596100753,0
51868,2012-01-29,0.1921323787731348,0
51869,2012-01-29,0.2979424008897096,0
51870,2012-01-29,0.2717895020748455,0
51871,2012-01-29,0.3097928985313818,0
51872,2012-01-29,0.15533439008390143,0
51873,2012-01-29,0.206006147759888,0
51874,2012-01-29,0.31456739811487966,0
51875,2012-01-29,0.1828817895406596,0
51876,2012-01-29,0.2716839236629165,0
51877,2012-01-29,0.1844724819177271,0
51878,2012-01-29,0.33849004960469264,1
51879,2012-01-29,0.4392274601914426,0
51880,2012-01-29,0.2482500585605019,0
51881,2012-01-29,0.23374148900432157,0
51882,2012-01-29,0.4470269031819347,0
51883,2012-01-29,0.1766491704101941,0
51884,2012-01-29,0.24101878128818924,1
51885,2012-01-29,0.2036630642106143,0
51886,2012-01-29,0.18982066920183985,0
51887,2012-01-29,0.18211497280047353,0
51888,2012-01-29,0.29099693666305876,0
51889,2012-01-29,0.25314923641039344,1
51890,2012-01-29,0.1951543650435883,0
51891,2012-01-29,0.41015638032049606,0
51892,2012-01-29,0.4776891447485991,1
51893,2012-01-29,0.2050781905695293,0
51894,2012-01-29,0.39333984919962034,0
51895,2012-01-29,0.3720709122936621,0
51896,2012-01-29,0.2353506162294344,0
51897,2012-01-29,0.28658956820269255,0
51898,2012-01-29,0.4044937237916085,0
51899,2012-01-29,0.1748691269826727,0
51900,2012-01-29,0.2872430608037093,1
51901,2012-01-29,0.1377993729113493,0
51902,2012-01-29,0.1728222312616112,1
51903,2012-01-29,0.19174034868297626,1
51904,2012-01-29,0.3387463298196462,1
51905,2012-01-29,0.2825519580179226,1
51906,2012-01-29,0.2408251421749792,0
51907,2012-01-29,0.25887657621328114,1
51908,2012-01-29,0.3129694925764762,0
51909,2012-01-29,0.28484236251398143,1
51910,2012-01-29,0.2626711184635162,1
51911,2012-01-29,0.1770735531204096,1
51912,2012-01-29,0.23221312494667143,0
51913,2012-01-29,0.41884349305581925,1
51914,2012-01-29,0.32292994640902817,0
51915,2012-01-29,0.20052050436669652,0
51916,2012-01-29,0.27777186672340964,0
51917,2012-01-29,0.3887893304161057,0
51918,2012-01-29,0.3812139259466104,1
51919,2012-01-29,0.13703486596198974,0
51920,2012-01-29,0.24596009290622214,0
51921,2012-01-29,0.34364197526629897,1
51922,2012-01-29,0.304485986576083,1
51923,2012-01-29,0.25664588077301564,1
51924,2012-01-29,0.6240390475374095,1
51925,2012-01-29,0.22078534237924916,1
51926,2012-01-29,0.16074542043601145,0
51927,2012-01-29,0.1888627204272952,0
51928,2012-01-29,0.2570656747836408,0
51929,2012-01-29,0.3455335571734179,0
51930,2012-01-29,0.2625765605982486,0
51931,2012-01-29,0.2735009300123491,0
51932,2012-01-29,0.2637096101583332,1
51933,2012-01-29,0.24184459832266728,0
51934,2012-01-29,0.2714348568648256,1
51935,2012-01-29,0.2640422763082047,0
51936,2012-01-29,0.1888725517521389,0
51937,2012-01-29,0.335218286321404,1
51938,2012-01-29,0.4967994141074064,0
51939,2012-01-29,0.46014835418305156,1
51940,2012-01-29,0.18015782487752632,0
51941,2012-01-29,0.20680039687836366,0
51942,2012-01-29,0.5307187928821494,1
51943,2012-01-29,0.16237560125792933,0
51944,2012-01-29,0.1809661773395375,0
51945,2012-01-29,0.34451085317583446,0
51946,2012-01-29,0.4158896540001954,0
51947,2012-01-29,0.6560351115736586,1
51948,2012-01-29,0.24160158327194636,1
51949,2012-01-29,0.2252946355747055,0
51950,2012-01-29,0.14414140994844118,0
51951,2012-01-29,0.29239291324538585,0
51952,2012-01-29,0.28051121456379985,0
51953,2012-01-29,0.544000690379339,1
51954,2012-01-29,0.3107682846426368,0
51955,2012-01-29,0.3659486141414906,0
51956,2012-01-29,0.2887608713789369,0
51957,2012-01-29,0.3075084537931866,0
51958,2012-01-29,0.30611151485329763,0
51959,2012-01-29,0.36104014692281095,0
51960,2012-01-29,0.3683067849452011,1
51961,2012-01-29,0.16312841197419495,0
51962,2012-01-29,0.33681914327050116,0
51963,2012-01-29,0.5911016041122525,1
51964,2012-01-29,0.2649849570728476,0
51965,2012-01-29,0.364294171632887,0
51966,2012-01-29,0.27744901068222033,0
51967,2012-01-29,0.4506273648066641,1
51968,2012-01-29,0.4734498591977241,1
51969,2012-01-29,0.3804771981111138,0
51970,2012-01-29,0.1760165070200282,1
51971,2012-01-29,0.24382057607320864,0
51972,2012-01-29,0.26064539996624864,0
51973,2012-01-29,0.3801920756555121,1
51974,2012-01-29,0.16350367084912917,1
51975,2012-01-29,0.49404036332624146,1
51976,2012-01-29,0.3192524864607498,0
51977,2012-01-29,0.24627930741088175,0
51978,2012-01-29,0.22838031902168482,1
51979,2012-01-29,0.5494760817973573,0
51980,2012-01-29,0.41340658975282496,0
51981,2012-01-29,0.33460020662412154,1
51982,2012-01-29,0.40449188196844343,1
51983,2012-01-29,0.20550218156935152,0
51984,2012-01-29,0.1882919168203777,0
51985,2012-01-29,0.2949670887108654,0
51986,2012-01-29,0.4203296959279391,0
51987,2012-01-29,0.3477535557286378,0
51988,2012-01-29,0.42585319941396865,0
51989,2012-01-29,0.21675374473161824,1
51990,2012-01-29,0.2240036594463039,0
51991,2012-01-29,0.4610889522890484,1
51992,2012-01-29,0.37263415283813545,0
51993,2012-01-29,0.34946433170837843,1
51994,2012-01-29,0.43973351362431556,0
51995,2012-01-29,0.2756640436903183,0
51996,2012-01-29,0.1469833356647089,0
51997,2012-01-29,0.19044347696342806,0
51998,2012-01-29,0.2983576864236292,0
51999,2012-01-29,0.20645686032374538,0
52000,2012-01-29,0.3371004661236306,1
52001,2012-01-29,0.44530783594777984,1
52002,2012-01-29,0.2810171773539388,0
52003,2012-01-29,0.19651472505922324,1
52004,2012-01-29,0.16880947048817294,0
52005,2012-01-29,0.30497514618913857,0
52006,2012-01-29,0.424057902798866,0
52007,2012-01-29,0.5316202978139162,1
52008,2012-01-29,0.33187601507865155,1
52009,2012-01-29,0.34277844743852515,0
52010,2012-01-29,0.24827696711932254,0
52011,2012-01-29,0.15550803833988955,0
52012,2012-01-29,0.24560162450278672,0
52013,2012-01-29,0.222914284724119,0
52014,2012-01-29,0.3357622967735167,0
52015,2012-01-29,0.35550645478925585,0
52016,2012-01-29,0.19020686110651505,0
52017,2012-01-29,0.35793058808093947,0
52018,2012-01-29,0.42997618495941264,0
52019,2012-01-29,0.17834927870915004,0
52020,2012-01-29,0.6129689219202129,1
52021,2012-01-29,0.2563005216154412,0
52022,2012-01-29,0.5919434447263314,1
52023,2012-01-29,0.3345222400494136,0
52024,2012-01-29,0.3882698603877253,0
52025,2012-01-29,0.30748211049869034,0
52026,2012-01-29,0.16940218031749338,0
52027,2012-01-29,0.3260847232266321,1
52028,2012-01-29,0.15760225142441128,0
52029,2012-01-29,0.32402680674944595,1
52030,2012-01-29,0.24101276705673996,0
52031,2012-01-29,0.5523615235321689,0
52032,2012-01-29,0.24906446775045332,0
52033,2012-01-29,0.32233261465958635,1
52034,2012-01-29,0.48858060607013404,1
52035,2012-01-29,0.18633238458626888,0
52036,2012-01-29,0.13537155363040618,0
52037,2012-01-29,0.2431114399887643,1
52038,2012-01-29,0.20185554456379062,0
52039,2012-01-29,0.2929123628477048,1
52040,2012-01-29,0.3461030862622118,0
52041,2012-01-29,0.35959030736258835,0
52042,2012-01-29,0.41712961891931366,0
52043,2012-01-29,0.20349026663479422,0
52044,2012-01-29,0.37847444187758505,0
52045,2012-01-29,0.285135195267744,0
52046,2012-01-29,0.18432018231041364,0
52047,2012-01-29,0.19848308505434567,0
52048,2012-01-29,0.24383163216466489,0
52049,2012-01-29,0.5326299207441048,1
52050,2012-01-29,0.2644405296097364,0
52051,2012-01-29,0.3092781674582562,1
52052,2012-01-29,0.37644779418534363,1
52053,2012-01-29,0.24554090300080822,0
52054,2012-01-29,0.1863472028405629,0
52055,2012-01-29,0.2550530880657071,0
52056,2012-01-29,0.19470321088529516,0
52057,2012-01-29,0.26255527383551347,1
52058,2012-01-29,0.19865898290130732,0
52059,2012-01-29,0.37080189875323183,1
52060,2012-01-29,0.40158915271578766,0
52061,2012-01-29,0.3486053838878483,0
52062,2012-01-29,0.27947349664726095,0
52063,2012-01-29,0.34171452732392466,0
52064,2012-01-29,0.10249955386904272,0
52065,2012-01-29,0.17764415712684536,0
52066,2012-01-29,0.42462479654389584,0
52067,2012-01-29,0.29205614480219916,1
52068,2012-01-29,0.23615336803183198,0
52069,2012-01-29,0.311330623177488,0
52070,2012-01-29,0.33637748952695945,1
52071,2012-01-29,0.35461388904755875,0
52072,2012-01-29,0.1335022675717473,0
52073,2012-01-29,0.17650692445004224,0
52074,2012-01-29,0.2540167339350219,0
52075,2012-01-29,0.17943971182644358,0
52076,2012-01-29,0.3261340836728038,0
52077,2012-01-29,0.28870941846771153,0
52078,2012-01-29,0.45562639874037675,1
52079,2012-01-29,0.21677773907443848,1
52080,2012-01-29,0.18101169159102562,1
52081,2012-01-29,0.4401170159399227,1
52082,2012-01-29,0.21457132121165148,0
52083,2012-01-29,0.32908050054399113,0
52084,2012-01-29,0.302936816525482,0
52085,2012-01-29,0.25943389887151413,0
52086,2012-01-29,0.1749441050877164,1
52087,2012-01-29,0.33467148460263946,1
52088,2012-01-29,0.38756695707614847,0
52089,2012-01-29,0.3137560975785851,0
52090,2012-01-29,0.1892208109157481,0
52091,2012-01-29,0.22066970771261651,0
52092,2012-01-29,0.4147017316797159,1
52093,2012-01-29,0.4262973497867414,0
52094,2012-01-29,0.11599959753002827,0
52095,2012-01-29,0.4234264859897006,1
52096,2012-01-29,0.31892720680668624,0
52097,2012-01-29,0.410906368242448,1
52098,2012-01-29,0.37131781953928245,1
52099,2012-01-29,0.46035830761973906,0
52100,2012-01-29,0.37158613506475713,0
52101,2012-01-29,0.4649282071627257,0
52102,2012-01-29,0.5018692567658096,1
52103,2012-01-29,0.3604761790489713,0
52104,2012-01-29,0.20499978728531112,0
52105,2012-01-29,0.2504102833203185,0
52106,2012-01-29,0.24895417351848156,0
52107,2012-01-29,0.1579166005184323,0
52108,2012-01-29,0.18653907639118048,0
52109,2012-01-29,0.3237166142497755,0
52110,2012-01-29,0.28868919905263335,0
52111,2012-01-29,0.31431397473420014,0
52112,2012-01-29,0.48958302619178695,1
52113,2012-01-29,0.33096513550008777,0
52114,2012-01-29,0.5999204334733522,1
52115,2012-01-29,0.24619863813056025,0
52116,2012-01-29,0.14045826210614562,1
52117,2012-01-29,0.31803006862314165,0
52118,2012-01-29,0.3542363050072339,1
52119,2012-01-29,0.22772652723761452,0
52120,2012-01-29,0.11163819162760805,0
52121,2012-01-29,0.26464323730073935,0
52122,2012-01-29,0.2753726685104965,0
52123,2012-01-29,0.15400127593092036,1
52124,2012-01-29,0.3085810086645156,0
52125,2012-01-29,0.19115976941643306,0
52126,2012-01-29,0.2842939209390444,0
52127,2012-01-29,0.37274723980699576,1
52128,2012-01-29,0.1748799585576786,0
52129,2012-01-29,0.19833867639484654,1
52130,2012-01-29,0.30766270675035085,0
52131,2012-01-29,0.34295246474133667,0
52132,2012-01-29,0.1606474526503037,0
52133,2012-01-29,0.22966043689835974,0
52134,2012-01-29,0.4414462766003341,0
52135,2012-01-29,0.48949278461882934,0
52136,2012-01-29,0.46994622711999945,1
52137,2012-01-29,0.17923541725984687,0
52138,2012-01-29,0.2687113594417712,0
52139,2012-01-29,0.14327744643278145,0
52140,2012-01-29,0.27456338885611115,0
52141,2012-01-29,0.2254604907656012,0
52142,2012-01-29,0.17079431685510957,0
52143,2012-01-29,0.2590754461606716,1
52144,2012-01-29,0.19276287463193884,0
52145,2012-01-29,0.40451462790538706,0
52146,2012-01-29,0.1426393968856852,0
52147,2012-01-29,0.44980518965584104,1
52148,2012-01-29,0.3222675101917452,0
52149,2012-01-29,0.37526630142636513,0
52150,2012-01-29,0.14582146330928408,0
52151,2012-01-29,0.16509627358333467,0
52152,2012-01-29,0.17199593384951323,0
52153,2012-01-29,0.2859917933643108,0
52154,2012-01-29,0.21695757469824434,0
52155,2012-01-29,0.49089654837403046,0
52156,2012-01-29,0.2695294793229329,1
52157,2012-01-29,0.21992489683093183,0
52158,2012-01-29,0.199108105660505,0
52159,2012-01-29,0.3285315976213681,0
52160,2012-01-29,0.11304934536434963,0
52161,2012-01-29,0.31616030710442544,0
52162,2012-01-29,0.19007163367404725,0
52163,2012-01-29,0.2596301451939487,1
52164,2012-01-29,0.2426397966387767,0
52165,2012-01-29,0.18151807072987564,0
52166,2012-01-29,0.2790102449145773,0
52167,2012-01-29,0.260956306543054,0
52168,2012-01-29,0.21206515985205754,0
52169,2012-01-29,0.14219017587800184,0
52170,2012-01-29,0.5171837673732361,1
52171,2012-01-29,0.26253997401826806,0
52172,2012-01-29,0.42453649481487676,1
52173,2012-01-29,0.1215935669409223,0
52174,2012-01-29,0.3124106932159434,1
52175,2012-01-29,0.3367951970047475,0
52176,2012-01-29,0.19941835614485456,1
52177,2012-01-29,0.21906334002555325,0
52178,2012-01-29,0.4182047317339766,0
52179,2012-01-29,0.161807028387444,1
52180,2012-01-29,0.35601032817508976,1
52181,2012-01-29,0.39098749152832346,0
52182,2012-01-29,0.31133607429551147,0
52183,2012-01-29,0.2206112683048077,1
52184,2012-01-29,0.510985259277186,0
52185,2012-01-29,0.1998301065757152,0
52186,2012-01-29,0.480918511630054,1
52187,2012-01-29,0.265398824670365,0
52188,2012-01-29,0.44766479925014263,1
52189,2012-01-29,0.22194860040208586,1
52190,2012-01-29,0.3648157911347101,0
52191,2012-01-29,0.23032158277953008,0
52192,2012-01-29,0.1905510408903999,0
52193,2012-01-29,0.37382294059826526,0
52194,2012-01-29,0.19995720899093766,0
52195,2012-01-29,0.3088941487412779,0
52196,2012-01-29,0.22353216322263375,0
52197,2012-01-29,0.28598762169655734,1
52198,2012-01-29,0.23358757358693605,0
52199,2012-01-29,0.13220530118142276,0
52200,2012-01-29,0.33979254587991686,1
52201,2012-01-29,0.41233136491011657,1
52202,2012-01-29,0.1779885617462596,0
52203,2012-01-29,0.21673635278888523,0
52204,2012-01-29,0.3292841204140522,0
52205,2012-01-29,0.20935301983341661,1
52206,2012-01-29,0.38633857199567495,0
52207,2012-01-29,0.1488222788692752,0
52208,2012-01-29,0.5107660268562476,0
52209,2012-01-29,0.3571706889118115,1
52210,2012-01-29,0.2966630377254042,0
52211,2012-01-29,0.34820301790213964,0
52212,2012-01-29,0.15946411989801407,0
52213,2012-01-29,0.24133369858967976,0
52214,2012-01-29,0.5306823064730778,0
52215,2012-01-29,0.2959319209024859,0
52216,2012-01-29,0.2156153572106214,1
52217,2012-01-29,0.30291186237427076,1
52218,2012-01-29,0.30595141854673613,1
52219,2012-01-29,0.25712331926046,0
52220,2012-01-29,0.6330693831815405,1
52221,2012-01-29,0.19162524450090276,0
52222,2012-01-29,0.17815807284326135,0
52223,2012-01-29,0.17666305199157198,0
52224,2012-01-29,0.24893353162814708,1
52225,2012-01-29,0.15466174860792303,0
52226,2012-01-29,0.34139096864036234,1
52227,2012-01-29,0.20543204324299608,0
52228,2012-01-29,0.39092188607069944,1
52229,2012-01-29,0.3780169542279485,0
52230,2012-01-29,0.16103443154025288,0
52231,2012-01-29,0.20986401117804765,0
52232,2012-01-29,0.42167301786527717,1
52233,2012-01-29,0.3541297935420589,0
52234,2012-01-29,0.23085313517998732,0
52235,2012-01-29,0.4045654037490517,1
52236,2012-01-29,0.255051120327001,1
52237,2012-01-29,0.21782869655701576,0
52238,2012-01-29,0.41610229739341,0
52239,2012-01-29,0.13946217817356593,0
52240,2012-01-29,0.10824750243740826,0
52241,2012-01-29,0.2503869953985874,1
52242,2012-01-29,0.4525856532049538,1
52243,2012-01-29,0.18408868035122494,0
52244,2012-01-29,0.38104228065877427,0
52245,2012-01-29,0.33687085954282314,0
52246,2012-01-29,0.4431596896048265,0
52247,2012-01-29,0.21588056095047825,0
52248,2012-01-29,0.25794469825087846,0
52249,2012-01-29,0.31627070872487484,0
52250,2012-01-29,0.19534016816672767,0
52251,2012-01-29,0.5896196308419388,1
52252,2012-01-29,0.45749691338947396,0
52253,2012-01-29,0.28529677505149,1
52254,2012-01-29,0.18620201518727658,0
52255,2012-01-29,0.1965308112058388,0
52256,2012-01-29,0.2936579566753126,1
52257,2012-01-29,0.45096850473146155,1
52258,2012-01-29,0.39564755720913286,0
52259,2012-01-29,0.4117655826612206,1
52260,2012-01-29,0.30246402991443205,0
52261,2012-01-29,0.19910001385365975,0
52262,2012-01-29,0.25722704941062774,1
52263,2012-01-29,0.4685566722486151,0
52264,2012-01-29,0.4130923804497948,0
52265,2012-01-29,0.2753329610329942,1
52266,2012-01-29,0.29538303326707,0
52267,2012-01-29,0.22168097789822894,0
52268,2012-01-29,0.3696282955603699,0
52269,2012-01-29,0.22010401525652382,0
52270,2012-01-29,0.21585141794290533,1
52271,2012-01-29,0.4546740383705341,0
52272,2012-01-29,0.2826566914970146,0
52273,2012-01-29,0.11834642039946845,0
52274,2012-01-29,0.3028974959576997,0
52275,2012-01-29,0.2510679148281725,0
52276,2012-01-29,0.28821813122621487,1
52277,2012-01-29,0.5417109102873655,1
52278,2012-01-29,0.5151424375671213,1
52279,2012-01-29,0.30622054388304826,0
52280,2012-01-29,0.1549151262599173,0
52281,2012-01-29,0.21881173554046254,0
52282,2012-01-29,0.18400585571993378,0
52283,2012-01-29,0.24483821347457252,0
52284,2012-01-29,0.1871536218845404,0
52285,2012-01-29,0.26204154919204575,0
52286,2012-01-29,0.49844352600620656,0
52287,2012-01-29,0.4317476905086692,0
52288,2012-01-29,0.1407437327532945,0
52289,2012-01-29,0.3165851205518092,1
52290,2012-01-29,0.17579473756399797,0
52291,2012-01-29,0.2483472063915325,0
52292,2012-01-29,0.24546580116998945,1
52293,2012-01-29,0.32456703463975217,0
52294,2012-01-29,0.1291339805470008,0
52295,2012-01-29,0.44442008282154155,1
52296,2012-01-29,0.593462121746196,1
52297,2012-01-29,0.2850859033842991,0
52298,2012-01-29,0.36918455696147273,1
52299,2012-01-29,0.23687848477986834,0
52300,2012-01-29,0.25321539021849016,0
52301,2012-01-29,0.5332814726377175,0
52302,2012-01-29,0.3166726247938905,1
52303,2012-01-29,0.2994970997879225,0
52304,2012-01-29,0.1490183490203034,0
52305,2012-01-29,0.3133721490158116,0
52306,2012-01-29,0.2450168241004752,0
52307,2012-01-29,0.3461396071900105,0
52308,2012-01-29,0.16688409921438765,0
52309,2012-01-29,0.2337911858545726,0
52310,2012-01-29,0.37258593158531117,1
52311,2012-01-29,0.34945616535921364,1
52312,2012-01-29,0.18624971393085465,0
52313,2012-01-29,0.20837885664690514,0
52314,2012-01-29,0.3062479148956665,0
52315,2012-01-29,0.20817625939466514,0
52316,2012-01-29,0.18029483462599474,0
52317,2012-01-29,0.3734619742035461,1
52318,2012-01-29,0.20173977576871852,0
52319,2012-01-29,0.25010213194391817,1
52320,2012-01-29,0.45389748755168907,1
52321,2012-01-29,0.42800575840511207,0
52322,2012-01-29,0.15465556213081058,0
52323,2012-01-29,0.5230072885383815,0
52324,2012-01-29,0.15840298160981922,0
52325,2012-01-29,0.23803665879607694,0
52326,2012-01-29,0.309478474094716,1
52327,2012-01-29,0.2839380614893133,1
52328,2012-01-29,0.5781639700919315,1
52329,2012-01-29,0.26867183183324495,0
52330,2012-01-29,0.3554462501358007,0
52331,2012-01-29,0.19958076405684116,0
52332,2012-01-29,0.15031727744025067,0
52333,2012-01-29,0.3162803089661388,0
52334,2012-01-29,0.4233542650528667,0
52335,2012-01-29,0.2234411888030672,0
52336,2012-01-29,0.26005270255108026,0
52337,2012-01-29,0.19012698394342276,0
52338,2012-01-29,0.38486510728567985,0
52339,2012-01-29,0.3030634201193666,0
52340,2012-01-29,0.25175793106997074,0
52341,2012-01-29,0.195615269118569,1
52342,2012-01-29,0.18471992001004264,1
52343,2012-01-29,0.2103775649849646,0
52344,2012-01-29,0.32307331694082975,0
52345,2012-01-29,0.15974656663775202,0
52346,2012-01-29,0.1892208109157481,0
52347,2012-01-29,0.3490355706286856,0
52348,2012-01-29,0.1189677454947601,0
52349,2012-01-29,0.2891917018170357,1
52350,2012-01-29,0.24049335002012096,0
52351,2012-01-29,0.2809173763759586,0
52352,2012-01-29,0.3655689154992931,0
52353,2012-01-29,0.4512523431177071,0
52354,2012-01-29,0.4011440470912914,1
52355,2012-01-29,0.39610746955307774,0
52356,2012-01-29,0.37142222623390775,1
52357,2012-01-29,0.46602395629413973,0
52358,2012-01-29,0.4494016083359048,1
52359,2012-01-29,0.13465625865222267,1
52360,2012-01-29,0.5269322846434967,1
52361,2012-01-29,0.21846693505310621,0
52362,2012-01-29,0.3366563996775921,1
52363,2012-01-29,0.4480096014985713,0
52364,2012-01-29,0.19935102580258196,0
52365,2012-01-29,0.26389548696307424,1
52366,2012-01-29,0.4054307975060838,0
52367,2012-01-29,0.18140743826928252,0
52368,2012-01-29,0.4192901988192719,0
52369,2012-01-29,0.2132643450077043,0
52370,2012-01-29,0.26191884643210717,0
52371,2012-01-29,0.2900715574961908,0
52372,2012-01-29,0.34697186116089523,0
52373,2012-01-29,0.33442605547411725,0
52374,2012-01-29,0.2758040532170604,0
52375,2012-01-29,0.24573931496823437,0
52376,2012-01-29,0.44719152999754413,1
52377,2012-01-29,0.2992689114432586,0
52378,2012-01-29,0.1230536836470449,0
52379,2012-01-29,0.21866248636517016,0
52380,2012-01-29,0.2625222788009684,0
52381,2012-01-29,0.3521282305572285,0
52382,2012-01-29,0.3238472450496162,0
52383,2012-01-29,0.3392734409791447,0
52384,2012-01-29,0.5590095420156818,0
52385,2012-01-29,0.3017716124519197,0
52386,2012-01-29,0.5668458548462189,1
52387,2012-01-29,0.2868602130463153,0
52388,2012-01-29,0.2099570718054523,0
52389,2012-01-29,0.4710151299116018,1
52390,2012-01-29,0.2775687576335497,0
52391,2012-01-29,0.33222983300849945,1
52392,2012-01-29,0.39993185304851386,1
52393,2012-01-29,0.3661320438723545,0
52394,2012-01-29,0.5225243501269392,1
52395,2012-01-29,0.18549588427802294,0
52396,2012-01-29,0.3673724835965769,0
52397,2012-01-29,0.29958573252021936,0
52398,2012-01-29,0.16159701664246806,0
52399,2012-01-29,0.3287627622027999,0
52400,2012-01-29,0.19348081154342744,0
52401,2012-01-29,0.35909090978286945,1
52402,2012-01-29,0.2603952531671948,0
52403,2012-01-29,0.17436086860273345,0
52404,2012-01-29,0.18420762057281417,0
52405,2012-01-29,0.3003026862632703,1
52406,2012-01-29,0.12987753590105075,0
52407,2012-01-29,0.28601402939560877,0
52408,2012-01-29,0.3736571844299076,0
52409,2012-01-29,0.35463271403058405,0
52410,2012-01-29,0.21861619533752777,1
52411,2012-01-29,0.25609610619211826,1
52412,2012-01-29,0.3620068550057142,0
52413,2012-01-29,0.21968548377233674,0
52414,2012-01-29,0.1894027193803296,0
52415,2012-01-29,0.2967721618891768,1
52416,2012-01-29,0.16260883930045306,0
52417,2012-01-29,0.4505850600995406,0
52418,2012-01-29,0.2527207825910693,0
52419,2012-01-29,0.4471072688816761,1
52420,2012-01-29,0.21547142345311046,0
52421,2012-01-29,0.361317117200429,0
52422,2012-01-29,0.13321898497244558,1
52423,2012-01-29,0.45117111661801174,1
52424,2012-01-29,0.28313907333035937,0
52425,2012-01-29,0.1719574008783853,0
52426,2012-01-29,0.31810350493479084,0
52427,2012-01-29,0.18134289381913615,0
52428,2012-01-29,0.5010705585404959,0
52429,2012-01-29,0.41199416164484814,0
52430,2012-01-29,0.3291403158452929,0
52431,2012-01-29,0.279290137811966,0
52432,2012-01-29,0.31237428524662963,0
52433,2012-01-29,0.23569823782518512,1
52434,2012-01-29,0.21098427648919205,1
52435,2012-01-29,0.36505404125208074,0
52436,2012-01-29,0.17442513323797035,0
52437,2012-01-29,0.3508773823615789,1
52438,2012-01-29,0.33648277509844887,1
52439,2012-01-29,0.535221297404026,1
52440,2012-01-29,0.2904578952598209,0
52441,2012-01-29,0.25022673908425247,0
52442,2012-01-29,0.3599311066253016,0
52443,2012-01-29,0.27121786124782976,0
52444,2012-01-29,0.34761582662702095,0
52445,2012-01-29,0.33320609540537377,0
52446,2012-01-29,0.18390571010380816,0
52447,2012-01-29,0.3305651743935592,0
52448,2012-01-29,0.35076384838358177,1
52449,2012-01-29,0.277291717124988,0
52450,2012-01-29,0.47050116457721625,0
52451,2012-01-29,0.37444100846744266,1
52452,2012-01-29,0.276810331756538,1
52453,2012-01-29,0.26758887788832897,0
52454,2012-01-29,0.25303398329669785,1
52455,2012-01-29,0.3237248223194921,0
52456,2012-01-29,0.20111893884542187,1
52457,2012-01-29,0.185136302524135,1
52458,2012-01-29,0.15994849206844838,0
52459,2012-01-29,0.3469079354795143,1
52460,2012-01-29,0.26777654264031997,1
52461,2012-01-29,0.3339089994835433,0
52462,2012-01-29,0.5875158526089024,1
52463,2012-01-29,0.39019793522451657,0
52464,2012-01-29,0.5985860937899009,1
52465,2012-01-29,0.5155826058543909,1
52466,2012-01-29,0.6116492929414763,1
52467,2012-01-29,0.2250287000694573,0
52468,2012-01-29,0.2533002741483287,0
52469,2012-01-29,0.501435990405653,1
52470,2012-01-29,0.2534921700955766,0
52471,2012-01-29,0.6264402639494575,1
52472,2012-01-29,0.2855971873558693,0
52473,2012-01-29,0.17982633082099903,0
52474,2012-01-29,0.6306307682807389,1
52475,2012-01-29,0.31403954011753477,0
52476,2012-01-29,0.2572460231358586,0
52477,2012-01-29,0.34983003214314745,1
52478,2012-01-29,0.2664562979773872,0
52479,2012-01-29,0.4763831118922868,0
52480,2012-01-29,0.3687273913040512,0
52481,2012-01-29,0.5774716222222674,1
52482,2012-01-29,0.20091478637626703,0
52483,2012-01-29,0.28697289239920243,0
52484,2012-01-29,0.4243989581004578,1
52485,2012-01-29,0.2094610141898539,0
52486,2012-01-29,0.18822705998196462,0
52487,2012-01-29,0.24200365941355584,0
52488,2012-01-29,0.16405527194959862,0
52489,2012-01-29,0.3373479667607683,1
52490,2012-01-29,0.25574467211494084,0
52491,2012-01-29,0.4288002249133423,1
52492,2012-01-29,0.19925679029168974,0
52493,2012-01-29,0.17209860170836852,0
52494,2012-01-29,0.20105485323635114,0
52495,2012-01-29,0.31701933571040847,1
52496,2012-01-29,0.14480564991085387,0
52497,2012-01-29,0.30118976097353695,0
52498,2012-01-29,0.2521863563108156,0
52499,2012-01-29,0.4971721502815805,1
52500,2012-01-29,0.2607707068671736,0
52501,2012-01-29,0.28998959223882337,0
52502,2012-01-29,0.3957507241185522,1
52503,2012-01-29,0.23611795608461159,0
52504,2012-01-29,0.20871978070621705,0
52505,2012-01-29,0.19847898974371636,0
52506,2012-01-29,0.21957871236607102,0
52507,2012-01-29,0.35363598104078453,0
52508,2012-01-29,0.2580992291579883,0
52509,2012-01-29,0.32281342248107636,0
52510,2012-01-29,0.30795015395346675,1
52511,2012-01-29,0.1467505596653651,0
52512,2012-01-29,0.29758105578309896,1
52513,2012-01-29,0.3242917116980741,1
52514,2012-01-29,0.24454716335732576,0
52515,2012-01-29,0.1112293966070864,0
52516,2012-01-29,0.13468341517092602,1
52517,2012-01-29,0.4653333031756728,0
52518,2012-01-29,0.26032184181170853,0
52519,2012-01-29,0.4236136717786728,1
52520,2012-01-29,0.3709247018634448,1
52521,2012-01-29,0.40771934265728993,0
52522,2012-01-29,0.37862121820797356,1
52523,2012-01-29,0.42030655899597047,1
52524,2012-01-29,0.28606270051692656,1
52525,2012-01-29,0.28330672564953074,0
52526,2012-01-29,0.24403091266698596,0
52527,2012-01-29,0.3197216872142741,0
52528,2012-01-29,0.5253462749178466,0
52529,2012-01-29,0.2762080709415251,0
52530,2012-01-29,0.22404461008404603,0
52531,2012-01-29,0.487195200088278,0
52532,2012-01-29,0.218823192025831,0
52533,2012-01-29,0.4624511209947253,0
52534,2012-01-29,0.2601664463004352,0
52535,2012-01-29,0.18041780402894184,0
52536,2012-01-29,0.20866327533953685,1
52537,2012-01-29,0.2090062029018594,0
52538,2012-01-29,0.3138679973445561,0
52539,2012-01-29,0.1938930899149256,0
52540,2012-01-29,0.3323542464545623,0
52541,2012-01-29,0.19374251106913315,0
52542,2012-01-29,0.5032994037173169,0
52543,2012-01-29,0.17327435789328144,0
52544,2012-01-29,0.29952085898615033,1
52545,2012-01-29,0.28236690352503346,0
52546,2012-01-29,0.30887108360701665,1
52547,2012-01-29,0.2139769870182555,1
52548,2012-01-29,0.3083040535827266,1
52549,2012-01-29,0.16096780639886965,0
52550,2012-01-29,0.21968846188218258,1
52551,2012-01-29,0.33251742904331955,0
52552,2012-01-29,0.3166608501884103,0
52553,2012-01-29,0.28941599225647635,0
52554,2012-01-29,0.20954680192074504,0
52555,2012-01-29,0.4618461044448297,0
52556,2012-01-29,0.3655648925074257,1
52557,2012-01-29,0.18033488022409622,0
52558,2012-01-29,0.17678703241856955,0
52559,2012-01-29,0.28477089570830916,1
52560,2012-01-29,0.43174760893480235,1
52561,2012-01-29,0.17081459412490616,1
52562,2012-01-29,0.27783862695494266,0
52563,2012-01-29,0.22605780264043235,0
52564,2012-01-29,0.3535937121764275,1
52565,2012-01-29,0.20198242252555254,0
52566,2012-01-29,0.17806709085381464,0
52567,2012-01-29,0.2502694181994353,0
52568,2012-01-29,0.21645349458625582,0
52569,2012-01-29,0.21570535672957075,0
52570,2012-01-29,0.35930405496208456,1
52571,2012-01-29,0.36967178374001664,1
52572,2012-01-29,0.47036444171105607,1
52573,2012-01-29,0.18267636027450254,1
52574,2012-01-29,0.19025472297037468,0
52575,2012-01-29,0.2566479788623801,1
52576,2012-01-29,0.19876942717283744,0
52577,2012-01-29,0.3336667478533262,0
52578,2012-01-29,0.18017385820282097,1
52579,2012-01-29,0.3313916353312348,0
52580,2012-01-29,0.16340657563711194,0
52581,2012-01-29,0.35306224912100836,0
52582,2012-01-29,0.39181060590724043,0
52583,2012-01-29,0.1972133657817956,0
52584,2012-01-29,0.20395804331842884,1
52585,2012-01-29,0.20924033491289623,1
52586,2012-01-29,0.28784659579108585,0
52587,2012-01-29,0.19865886513620232,0
52588,2012-01-29,0.20204091596341905,0
52589,2012-01-29,0.39420960565229657,0
52590,2012-01-29,0.23321155981951053,1
52591,2012-01-29,0.2943502997073921,0
52592,2012-01-29,0.11322998455519456,0
52593,2012-01-29,0.38228480842695534,0
52594,2012-01-29,0.3352566368510016,1
52595,2012-01-29,0.34260779718887574,0
52596,2012-01-29,0.23652327360054426,0
52597,2012-01-29,0.3848537504344267,1
52598,2012-01-29,0.33372292303472945,1
52599,2012-01-29,0.1241973695224194,0
52600,2012-01-29,0.31674845620859393,0
52601,2012-01-29,0.3212796466868033,1
52602,2012-01-29,0.27135276222703686,1
52603,2012-01-29,0.49397791209876085,0
52604,2012-01-29,0.4191724564932436,0
52605,2012-01-29,0.3044756552723607,0
52606,2012-01-29,0.2409749497489075,1
52607,2012-01-29,0.27414845484158107,0
52608,2012-01-29,0.12373919808874796,0
52609,2012-01-29,0.17621060404610042,0
52610,2012-01-29,0.49127268652281,0
52611,2012-01-29,0.20271322976759573,1
52612,2012-01-29,0.27166662545810655,1
52613,2012-01-29,0.24099821088133347,0
52614,2012-01-29,0.17475778690496752,0
52615,2012-01-29,0.2748682474157116,0
52616,2012-01-29,0.19977333913646636,0
52617,2012-01-29,0.23070086215524188,0
52618,2012-01-29,0.15113147845460384,0
52619,2012-01-29,0.27490565484199503,0
52620,2012-01-29,0.2598597257634032,0
52621,2012-01-29,0.3156060922874186,0
52622,2012-01-29,0.1734228614368617,1
52623,2012-01-29,0.2116087883462402,1
52624,2012-01-29,0.21965622369293344,0
52625,2012-01-29,0.19265829820230918,0
52626,2012-01-29,0.3130465450628568,0
52627,2012-01-29,0.21704975363944906,0
52628,2012-01-29,0.15400009602270917,0
52629,2012-01-29,0.3123610189181179,0
52630,2012-01-29,0.3270962562247777,1
52631,2012-01-29,0.42760577877186007,1
52632,2012-01-29,0.26906490944887973,1
52633,2012-01-29,0.21333409819425408,1
52634,2012-01-29,0.45147349847736784,1
52635,2012-01-29,0.5502684333121771,0
52636,2012-01-29,0.3781078696961105,0
52637,2012-01-29,0.2965934945616348,0
52638,2012-01-29,0.1509137634258834,0
52639,2012-01-29,0.36714708191864126,0
52640,2012-01-29,0.49856202546642014,0
52641,2012-01-29,0.20975543692448956,0
52642,2012-01-29,0.28982361571511606,0
52643,2012-01-29,0.3933653432644872,0
52644,2012-01-29,0.4057378651975247,1
52645,2012-01-29,0.3508290464428102,0
52646,2012-01-29,0.30770937312596475,1
52647,2012-01-29,0.31781084210836147,0
52648,2012-01-29,0.4300865984794099,1
52649,2012-01-29,0.45111974405158356,0
52650,2012-01-29,0.20782705019386266,1
52651,2012-01-29,0.27252598414070195,1
52652,2012-01-29,0.21478960308011044,0
52653,2012-01-29,0.4403022934555129,1
52654,2012-01-29,0.18775728538309053,0
52655,2012-01-29,0.5392258215142786,1
52656,2012-01-29,0.17818952120259812,0
52657,2012-01-29,0.4643704703823125,0
52658,2012-01-29,0.35976861864611087,0
52659,2012-01-29,0.3692585083112565,0
52660,2012-01-29,0.44268699094066744,1
52661,2012-01-29,0.18428255955573722,0
52662,2012-01-29,0.3835928217072141,0
52663,2012-01-29,0.2456120593197352,1
52664,2012-01-29,0.26683420884716924,0
52665,2012-01-29,0.3605994503186788,0
52666,2012-01-29,0.3044014597419239,1
52667,2012-01-29,0.3747805002462923,0
52668,2012-01-29,0.32498351185784335,0
52669,2012-01-29,0.26792113116508415,1
52670,2012-01-29,0.3396464022028469,0
52671,2012-01-29,0.1837304813978656,1
52672,2012-01-29,0.3739339540720518,1
52673,2012-01-29,0.2284883201865362,0
52674,2012-01-29,0.29128629514396065,0
52675,2012-01-29,0.20672086408612644,1
52676,2012-01-29,0.3001746140847527,0
52677,2012-01-29,0.3400459112087822,1
52678,2012-01-29,0.3149461811791179,0
52679,2012-01-29,0.20349047101284487,0
52680,2012-01-29,0.2223929923711256,0
52681,2012-01-30,0.15344695722097715,0
52682,2012-01-30,0.15309588327477752,1
52683,2012-01-30,0.2407830459481037,1
52684,2012-01-30,0.3665870516242918,0
52685,2012-01-30,0.26783538999983636,0
52686,2012-01-30,0.15667863314915656,0
52687,2012-01-30,0.16363930173828997,0
52688,2012-01-30,0.2901186179235261,0
52689,2012-01-30,0.2545506459460052,1
52690,2012-01-30,0.36489698951816607,0
52691,2012-01-30,0.2615735802969375,0
52692,2012-01-30,0.29389905120162024,0
52693,2012-01-30,0.32236040160794543,1
52694,2012-01-30,0.15451303384857448,0
52695,2012-01-30,0.18119104420091367,1
52696,2012-01-30,0.3823150905578591,0
52697,2012-01-30,0.21084661334998192,0
52698,2012-01-30,0.2055907631709962,0
52699,2012-01-30,0.28101348217816813,0
52700,2012-01-30,0.3819729048684972,1
52701,2012-01-30,0.39454988369005217,1
52702,2012-01-30,0.6315510642132701,1
52703,2012-01-30,0.2005474342127017,1
52704,2012-01-30,0.25730085551478027,0
52705,2012-01-30,0.2985164389211026,0
52706,2012-01-30,0.1782914493270741,0
52707,2012-01-30,0.3072446795546576,0
52708,2012-01-30,0.34749013729425693,1
52709,2012-01-30,0.34851855087665656,0
52710,2012-01-30,0.32004942269426334,0
52711,2012-01-30,0.6043652374380345,0
52712,2012-01-30,0.6001712752384517,0
52713,2012-01-30,0.1945936599220427,0
52714,2012-01-30,0.18933090007456407,1
52715,2012-01-30,0.17718711772298384,0
52716,2012-01-30,0.17460326719057537,0
52717,2012-01-30,0.2528907574629764,1
52718,2012-01-30,0.2524172563646419,0
52719,2012-01-30,0.47546061755262997,1
52720,2012-01-30,0.251583825225612,1
52721,2012-01-30,0.2181252883856816,0
52722,2012-01-30,0.1876702167898644,0
52723,2012-01-30,0.34071153125366166,0
52724,2012-01-30,0.18742287060600038,0
52725,2012-01-30,0.5739659932846994,0
52726,2012-01-30,0.2781581247060749,0
52727,2012-01-30,0.3467369217879818,0
52728,2012-01-30,0.20577697620263,0
52729,2012-01-30,0.175016300058569,0
52730,2012-01-30,0.20194436396576107,1
52731,2012-01-30,0.48646092546281344,1
52732,2012-01-30,0.303625219258678,0
52733,2012-01-30,0.25392765187276234,1
52734,2012-01-30,0.21001745734107513,1
52735,2012-01-30,0.3142243598378813,0
52736,2012-01-30,0.23107420113571284,0
52737,2012-01-30,0.31664234997292323,0
52738,2012-01-30,0.3705851971922796,0
52739,2012-01-30,0.17270968014058052,1
52740,2012-01-30,0.4246082721094553,0
52741,2012-01-30,0.32984200824931453,0
52742,2012-01-30,0.16454868934068867,0
52743,2012-01-30,0.1496379655184683,0
52744,2012-01-30,0.3295215601790209,0
52745,2012-01-30,0.31631296646960516,1
52746,2012-01-30,0.20661788258815675,0
52747,2012-01-30,0.22017879668187107,0
52748,2012-01-30,0.18143633454132918,1
52749,2012-01-30,0.2191068549298329,0
52750,2012-01-30,0.1437321181830662,1
52751,2012-01-30,0.2658439511803102,0
52752,2012-01-30,0.3018365648060658,0
52753,2012-01-30,0.24572430709423265,1
52754,2012-01-30,0.3631601450766707,1
52755,2012-01-30,0.3333497581066261,0
52756,2012-01-30,0.1295274814529604,0
52757,2012-01-30,0.21637101864540964,1
52758,2012-01-30,0.25444736233918763,0
52759,2012-01-30,0.13153037402297255,0
52760,2012-01-30,0.3589615066517732,0
52761,2012-01-30,0.18833044932423362,0
52762,2012-01-30,0.24954532438767732,1
52763,2012-01-30,0.35463417364273325,0
52764,2012-01-30,0.11826589069627864,0
52765,2012-01-30,0.33439140906824566,1
52766,2012-01-30,0.252237812006924,0
52767,2012-01-30,0.28929653477866907,0
52768,2012-01-30,0.19920995199282926,1
52769,2012-01-30,0.3537152075596176,0
52770,2012-01-30,0.35435195132452385,0
52771,2012-01-30,0.21205844796214596,0
52772,2012-01-30,0.36147818066621257,0
52773,2012-01-30,0.21757504031932778,1
52774,2012-01-30,0.35682905372556417,1
52775,2012-01-30,0.19580723700004457,1
52776,2012-01-30,0.41259870052343606,1
52777,2012-01-30,0.2537411706892285,0
52778,2012-01-30,0.36799177401597594,1
52779,2012-01-30,0.17701761509311636,0
52780,2012-01-30,0.5259976748687183,1
52781,2012-01-30,0.4684106029563203,0
52782,2012-01-30,0.28742281107428264,0
52783,2012-01-30,0.3200348616635587,0
52784,2012-01-30,0.2647681057430491,0
52785,2012-01-30,0.3564669509271193,1
52786,2012-01-30,0.3169045242167911,0
52787,2012-01-30,0.3284715937204952,0
52788,2012-01-30,0.2554983621994357,0
52789,2012-01-30,0.26689882395465475,0
52790,2012-01-30,0.11124763509749802,0
52791,2012-01-30,0.1622224295906594,0
52792,2012-01-30,0.2061806680762367,0
52793,2012-01-30,0.14706213716229008,0
52794,2012-01-30,0.2447433435095008,0
52795,2012-01-30,0.20888976972874856,0
52796,2012-01-30,0.20296845361340513,0
52797,2012-01-30,0.2896930836650121,0
52798,2012-01-30,0.21565804389166013,0
52799,2012-01-30,0.214065331312758,0
52800,2012-01-30,0.46892833467694983,1
52801,2012-01-30,0.17799009250910125,0
52802,2012-01-30,0.21578768262359121,0
52803,2012-01-30,0.2316608654770454,1
52804,2012-01-30,0.12819546745099547,0
52805,2012-01-30,0.19199160875333052,1
52806,2012-01-30,0.20412291634611812,0
52807,2012-01-30,0.1871623316252545,1
52808,2012-01-30,0.16230597806631586,0
52809,2012-01-30,0.3106026097076552,0
52810,2012-01-30,0.3324469059411658,0
52811,2012-01-30,0.20938906037059749,0
52812,2012-01-30,0.429436397904146,0
52813,2012-01-30,0.2013237871577398,0
52814,2012-01-30,0.19762875572556654,0
52815,2012-01-30,0.2193950510988753,0
52816,2012-01-30,0.3036817626487194,1
52817,2012-01-30,0.2905859578745895,0
52818,2012-01-30,0.3699813580117359,0
52819,2012-01-30,0.3529284074276917,0
52820,2012-01-30,0.17460138820686627,1
52821,2012-01-30,0.18736689311603094,0
52822,2012-01-30,0.18625226270012776,0
52823,2012-01-30,0.15803312844631945,0
52824,2012-01-30,0.1817228837314943,0
52825,2012-01-30,0.1916182622114848,0
52826,2012-01-30,0.30485709279405243,0
52827,2012-01-30,0.26007046139820555,0
52828,2012-01-30,0.3436667038528902,1
52829,2012-01-30,0.39377387485993476,0
52830,2012-01-30,0.41166560999609386,0
52831,2012-01-30,0.3166463201822572,0
52832,2012-01-30,0.26056043795379674,0
52833,2012-01-30,0.17738618332259806,0
52834,2012-01-30,0.30914406521020504,1
52835,2012-01-30,0.363913457808909,0
52836,2012-01-30,0.2997579917970512,1
52837,2012-01-30,0.22739094045151947,1
52838,2012-01-30,0.15985335980652973,0
52839,2012-01-30,0.236878113708952,1
52840,2012-01-30,0.4130525885377,0
52841,2012-01-30,0.24983925532367743,0
52842,2012-01-30,0.3188919779391494,0
52843,2012-01-30,0.19765657977524917,1
52844,2012-01-30,0.2906649261219038,0
52845,2012-01-30,0.20916804416165174,0
52846,2012-01-30,0.5078621452517911,0
52847,2012-01-30,0.20667875996063167,0
52848,2012-01-30,0.18186012717099184,0
52849,2012-01-30,0.37015265155746,0
52850,2012-01-30,0.16885497684232542,0
52851,2012-01-30,0.18663150217302144,0
52852,2012-01-30,0.2572416716368035,0
52853,2012-01-30,0.17790532525099612,0
52854,2012-01-30,0.47762506262029636,0
52855,2012-01-30,0.12313915985233582,1
52856,2012-01-30,0.22114508519451218,1
52857,2012-01-30,0.28086048560427107,0
52858,2012-01-30,0.37331716499582374,1
52859,2012-01-30,0.17910956881801707,1
52860,2012-01-30,0.2035362902809462,0
52861,2012-01-30,0.23930272067387573,0
52862,2012-01-30,0.1867631330426226,0
52863,2012-01-30,0.17329393330581896,0
52864,2012-01-30,0.3764236509223015,0
52865,2012-01-30,0.2519788076220634,0
52866,2012-01-30,0.29041011877641376,1
52867,2012-01-30,0.20010281223285964,0
52868,2012-01-30,0.43367254348039574,0
52869,2012-01-30,0.24362354424878255,0
52870,2012-01-30,0.24728701676869752,1
52871,2012-01-30,0.22743263872247263,0
52872,2012-01-30,0.3022291484799997,0
52873,2012-01-30,0.2141561482714306,0
52874,2012-01-30,0.17533585446611605,0
52875,2012-01-30,0.19098904860649965,0
52876,2012-01-30,0.30138247167949805,0
52877,2012-01-30,0.33588812492844483,0
52878,2012-01-30,0.2338447841318932,0
52879,2012-01-30,0.28098362436344204,1
52880,2012-01-30,0.21725553431181627,1
52881,2012-01-30,0.23653124881680856,0
52882,2012-01-30,0.3006504546457688,0
52883,2012-01-30,0.23499147587006788,1
52884,2012-01-30,0.2374576132420982,0
52885,2012-01-30,0.1517677231906685,0
52886,2012-01-30,0.35966919662794156,0
52887,2012-01-30,0.26324816515512295,0
52888,2012-01-30,0.3130985171919484,1
52889,2012-01-30,0.22136589143388377,0
52890,2012-01-30,0.23059163312243505,0
52891,2012-01-30,0.14869947606728862,0
52892,2012-01-30,0.5721634329533116,0
52893,2012-01-30,0.39026520226758593,0
52894,2012-01-30,0.2861105393268937,1
52895,2012-01-30,0.35443915652812624,0
52896,2012-01-30,0.23419904739407935,0
52897,2012-01-30,0.2520916892647428,0
52898,2012-01-30,0.22864972788339089,0
52899,2012-01-30,0.2776073119564931,1
52900,2012-01-30,0.31904869908433914,0
52901,2012-01-30,0.18141779512738715,0
52902,2012-01-30,0.35064878414961775,0
52903,2012-01-30,0.23409550688866682,0
52904,2012-01-30,0.34578165192847066,0
52905,2012-01-30,0.15378296393243562,0
52906,2012-01-30,0.2714869935267509,0
52907,2012-01-30,0.32990945289591694,0
52908,2012-01-30,0.20984231502362413,0
52909,2012-01-30,0.5012762994630338,0
52910,2012-01-30,0.23892409423248706,1
52911,2012-01-30,0.20547432658093773,0
52912,2012-01-30,0.31001289385992875,1
52913,2012-01-30,0.3228238193543876,0
52914,2012-01-30,0.5103280699219824,0
52915,2012-01-30,0.18115738645435012,0
52916,2012-01-30,0.3237535324606893,0
52917,2012-01-30,0.405598328792086,0
52918,2012-01-30,0.49034238153202137,0
52919,2012-01-30,0.19774309957503372,0
52920,2012-01-30,0.1896657452069117,0
52921,2012-01-30,0.20068263750176196,0
52922,2012-01-30,0.4096833093139966,0
52923,2012-01-30,0.2150932899061438,0
52924,2012-01-30,0.2780908451555579,1
52925,2012-01-30,0.27297351116684193,0
52926,2012-01-30,0.1490782605609312,0
52927,2012-01-30,0.20517178843731276,0
52928,2012-01-30,0.2561546694210549,0
52929,2012-01-30,0.2931545296626033,1
52930,2012-01-30,0.34565489062722765,0
52931,2012-01-30,0.22511322921340104,1
52932,2012-01-30,0.39185074997207764,0
52933,2012-01-30,0.14672230488720028,0
52934,2012-01-30,0.38080702278230266,0
52935,2012-01-30,0.6834877536666999,0
52936,2012-01-30,0.3233501619135437,0
52937,2012-01-30,0.20733600842359584,0
52938,2012-01-30,0.17397347680965594,0
52939,2012-01-30,0.30963047806803173,1
52940,2012-01-30,0.2344070759575084,0
52941,2012-01-30,0.4494902485061479,1
52942,2012-01-30,0.2522329333155457,0
52943,2012-01-30,0.13981009244253997,1
52944,2012-01-30,0.33071620349145664,0
52945,2012-01-30,0.30502195210290295,1
52946,2012-01-30,0.48726103574939633,0
52947,2012-01-30,0.3365777070847949,0
52948,2012-01-30,0.14194715017929468,1
52949,2012-01-30,0.31370484132088083,0
52950,2012-01-30,0.26593413208555744,1
52951,2012-01-30,0.2971013334491719,0
52952,2012-01-30,0.15521607912269836,1
52953,2012-01-30,0.1624736724582811,0
52954,2012-01-30,0.26347646010689635,0
52955,2012-01-30,0.2060240749779239,1
52956,2012-01-30,0.22744957548737443,0
52957,2012-01-30,0.1894121479726316,0
52958,2012-01-30,0.33707589817064315,0
52959,2012-01-30,0.1525897258878945,1
52960,2012-01-30,0.33148246143323756,0
52961,2012-01-30,0.19884179218202164,0
52962,2012-01-30,0.18385092954159885,0
52963,2012-01-30,0.29366508934648144,0
52964,2012-01-30,0.3269900168041484,0
52965,2012-01-30,0.2522576638464755,0
52966,2012-01-30,0.4271882750131616,1
52967,2012-01-30,0.35345534146569124,0
52968,2012-01-30,0.3253858855424941,0
52969,2012-01-30,0.26571530470967564,0
52970,2012-01-30,0.1910832025219006,1
52971,2012-01-30,0.3891486339442337,1
52972,2012-01-30,0.31647167434693824,0
52973,2012-01-30,0.27874938837501,0
52974,2012-01-30,0.20350061988944396,1
52975,2012-01-30,0.21321139092916822,0
52976,2012-01-30,0.26890734685420287,1
52977,2012-01-30,0.3098129391775185,0
52978,2012-01-30,0.22053305942922727,1
52979,2012-01-30,0.2877835405091279,0
52980,2012-01-30,0.2371868847499357,0
52981,2012-01-30,0.2891219406474415,0
52982,2012-01-30,0.21033444038107138,0
52983,2012-01-30,0.19892418582270482,1
52984,2012-01-30,0.15242571232211108,0
52985,2012-01-30,0.19988992281880405,1
52986,2012-01-30,0.21774141848826778,0
52987,2012-01-30,0.24727472670327721,0
52988,2012-01-30,0.5636975012562221,1
52989,2012-01-30,0.3705456952513823,0
52990,2012-01-30,0.23253312357118755,0
52991,2012-01-30,0.19367772341675749,1
52992,2012-01-30,0.20478355116791344,0
52993,2012-01-30,0.16144971648722442,0
52994,2012-01-30,0.2701989988987252,0
52995,2012-01-30,0.48604478551808605,0
52996,2012-01-30,0.39427345658610985,0
52997,2012-01-30,0.16405101731762925,0
52998,2012-01-30,0.1250070468685648,0
52999,2012-01-30,0.4833114875277885,0
53000,2012-01-30,0.15064036403211611,0
53001,2012-01-30,0.15739191274596695,0
53002,2012-01-30,0.18009894926729544,1
53003,2012-01-30,0.2498249638136321,1
53004,2012-01-30,0.1392305505404314,0
53005,2012-01-30,0.42035432517684646,0
53006,2012-01-30,0.21726165507943473,0
53007,2012-01-30,0.2466806801392326,0
53008,2012-01-30,0.16762953663885874,0
53009,2012-01-30,0.48358799125678287,0
53010,2012-01-30,0.34783222987545054,0
53011,2012-01-30,0.23829961778446213,0
53012,2012-01-30,0.2297333685130215,0
53013,2012-01-30,0.41315960016157927,1
53014,2012-01-30,0.4235349307954467,1
53015,2012-01-30,0.2173527279763982,0
53016,2012-01-30,0.3876945083645681,0
53017,2012-01-30,0.1950556564273482,0
53018,2012-01-30,0.3779250112114123,0
53019,2012-01-30,0.34593766826657474,0
53020,2012-01-30,0.2781516705427694,0
53021,2012-01-30,0.299067818010373,0
53022,2012-01-30,0.236040340247743,1
53023,2012-01-30,0.29323882978149857,0
53024,2012-01-30,0.4697218483046215,1
53025,2012-01-30,0.10110474632043917,1
53026,2012-01-30,0.20509329279486851,0
53027,2012-01-30,0.4136594480334517,0
53028,2012-01-30,0.18572300146484563,0
53029,2012-01-30,0.30275618794783704,1
53030,2012-01-30,0.24599439621077976,0
53031,2012-01-30,0.43651791907823695,1
53032,2012-01-30,0.18499056982273532,0
53033,2012-01-30,0.22651829524881784,1
53034,2012-01-30,0.27891241372459924,1
53035,2012-01-30,0.24435097947516124,0
53036,2012-01-30,0.21913700268677067,1
53037,2012-01-30,0.23710787201913675,1
53038,2012-01-30,0.12041708889226568,0
53039,2012-01-30,0.19276449938261758,0
53040,2012-01-30,0.24848818503755746,0
53041,2012-01-30,0.17660539498218328,0
53042,2012-01-30,0.4904923553623126,1
53043,2012-01-30,0.21849578767352212,1
53044,2012-01-30,0.3768715724033893,1
53045,2012-01-30,0.18742105260017158,0
53046,2012-01-30,0.16155884637907178,0
53047,2012-01-30,0.27144416623122564,0
53048,2012-01-30,0.3880264518472485,1
53049,2012-01-30,0.40177931958297913,0
53050,2012-01-30,0.3578985563907871,0
53051,2012-01-30,0.38076354153991,1
53052,2012-01-30,0.4000649929512745,0
53053,2012-01-30,0.30534785244110096,0
53054,2012-01-30,0.1465363509011008,0
53055,2012-01-30,0.38183863213647873,1
53056,2012-01-30,0.18301231171758708,0
53057,2012-01-30,0.28696021127875593,0
53058,2012-01-30,0.4875386783066476,0
53059,2012-01-30,0.43640996046977726,0
53060,2012-01-30,0.43199631895742485,1
53061,2012-01-30,0.4661430328357513,1
53062,2012-01-30,0.37676369987339714,0
53063,2012-01-30,0.38816109942001087,1
53064,2012-01-30,0.30104589835913165,0
53065,2012-01-30,0.4536901385376135,1
53066,2012-01-30,0.429436397904146,0
53067,2012-01-30,0.2620652730059403,0
53068,2012-01-30,0.1660976799166357,0
53069,2012-01-30,0.4888865606213291,1
53070,2012-01-30,0.28644260537486027,0
53071,2012-01-30,0.2080829124552522,0
53072,2012-01-30,0.24834378209193564,0
53073,2012-01-30,0.1850711859671835,0
53074,2012-01-30,0.2904516801584227,1
53075,2012-01-30,0.21308529222661435,0
53076,2012-01-30,0.26146658256020056,0
53077,2012-01-30,0.29073312095197373,0
53078,2012-01-30,0.48411225855567674,0
53079,2012-01-30,0.2198347450032348,1
53080,2012-01-30,0.32303951738888814,1
53081,2012-01-30,0.161429533958139,1
53082,2012-01-30,0.23881777035235122,0
53083,2012-01-30,0.2912745382324018,0
53084,2012-01-30,0.24217189673347223,0
53085,2012-01-30,0.30365223215563764,1
53086,2012-01-30,0.30134665293216145,0
53087,2012-01-30,0.35141266988406406,0
53088,2012-01-30,0.1886611484717925,0
53089,2012-01-30,0.19619001354840346,0
53090,2012-01-30,0.31713809173117247,0
53091,2012-01-30,0.16456133698983585,1
53092,2012-01-30,0.24920077269130841,0
53093,2012-01-30,0.28254929146854535,0
53094,2012-01-30,0.4225561647815422,1
53095,2012-01-30,0.23890870673814402,1
53096,2012-01-30,0.1899620210485965,0
53097,2012-01-30,0.13065348538877208,0
53098,2012-01-30,0.25176240677911166,0
53099,2012-01-30,0.4690878071774215,0
53100,2012-01-30,0.17590248955676177,0
53101,2012-01-30,0.23072366935990876,1
53102,2012-01-30,0.18822191987436812,0
53103,2012-01-30,0.17369576062261916,0
53104,2012-01-30,0.19835424689534883,0
53105,2012-01-30,0.1695880426888411,0
53106,2012-01-30,0.30926268061527495,0
53107,2012-01-30,0.18723292411825138,0
53108,2012-01-30,0.16792688443029985,0
53109,2012-01-30,0.4301405203328743,0
53110,2012-01-30,0.34261743925834726,1
53111,2012-01-30,0.3616436392025346,1
53112,2012-01-30,0.3020798308484918,0
53113,2012-01-30,0.3484734246329879,0
53114,2012-01-30,0.2461415037660507,0
53115,2012-01-30,0.2595328793901753,0
53116,2012-01-30,0.3930390721175534,0
53117,2012-01-30,0.26068808107681685,0
53118,2012-01-30,0.20788460075644918,0
53119,2012-01-30,0.1696008834041606,0
53120,2012-01-30,0.2668049730030279,0
53121,2012-01-30,0.3905770539032066,0
53122,2012-01-30,0.18425271248326033,0
53123,2012-01-30,0.17716303562373795,0
53124,2012-01-30,0.2772493006295731,1
53125,2012-01-30,0.2878464548727905,0
53126,2012-01-30,0.3784569664408942,0
53127,2012-01-30,0.4195585224632794,1
53128,2012-01-30,0.3775481337145144,1
53129,2012-01-30,0.19246392484901342,0
53130,2012-01-30,0.3482053993032666,1
53131,2012-01-30,0.27035239780423836,0
53132,2012-01-30,0.15239208364937218,1
53133,2012-01-30,0.3012561036085154,0
53134,2012-01-30,0.12991339956905723,0
53135,2012-01-30,0.4041016684746865,1
53136,2012-01-30,0.36081087547634677,0
53137,2012-01-30,0.2457100040328446,0
53138,2012-01-30,0.40083464326495744,0
53139,2012-01-30,0.2504481295094049,0
53140,2012-01-30,0.16194814462933013,0
53141,2012-01-30,0.14902132400512796,0
53142,2012-01-30,0.247343570620825,0
53143,2012-01-30,0.32105918283565493,0
53144,2012-01-30,0.29828580126024534,1
53145,2012-01-30,0.3186695940758843,1
53146,2012-01-30,0.3773538321840569,1
53147,2012-01-30,0.2580173161645544,0
53148,2012-01-30,0.2042786799621849,0
53149,2012-01-30,0.32683151966323576,1
53150,2012-01-30,0.350923721177822,1
53151,2012-01-30,0.44626211490797124,0
53152,2012-01-30,0.3106543846873105,0
53153,2012-01-30,0.25694019841371907,1
53154,2012-01-30,0.2958546986430789,0
53155,2012-01-30,0.3522976232895149,0
53156,2012-01-30,0.1698579227187121,0
53157,2012-01-30,0.2308237328704516,0
53158,2012-01-30,0.4805962953931553,1
53159,2012-01-30,0.27226454052027943,0
53160,2012-01-30,0.31728074853404353,0
53161,2012-01-30,0.24686956571128943,1
53162,2012-01-30,0.1778859849925675,0
53163,2012-01-30,0.2668661061329686,1
53164,2012-01-30,0.49506081026358145,1
53165,2012-01-30,0.26877247782092756,0
53166,2012-01-30,0.34740741048293955,1
53167,2012-01-30,0.2289969517514585,0
53168,2012-01-30,0.18103388442325075,0
53169,2012-01-30,0.20287616076260648,1
53170,2012-01-30,0.23500044225888267,0
53171,2012-01-30,0.21411231761147842,0
53172,2012-01-30,0.2887151930216598,0
53173,2012-01-30,0.2750706942326463,0
53174,2012-01-30,0.3133987806530614,0
53175,2012-01-30,0.2061354566680167,0
53176,2012-01-30,0.24757525302202807,0
53177,2012-01-30,0.3034439361530147,0
53178,2012-01-30,0.3099511322702274,1
53179,2012-01-30,0.4539819027533185,0
53180,2012-01-30,0.2781463148288899,0
53181,2012-01-30,0.3092640404605256,0
53182,2012-01-30,0.15383177754270144,0
53183,2012-01-30,0.19193476382976207,1
53184,2012-01-30,0.2942307047800266,0
53185,2012-01-30,0.31929693686950117,0
53186,2012-01-30,0.20268362302612847,0
53187,2012-01-30,0.1800727451058446,1
53188,2012-01-30,0.31924154907028884,0
53189,2012-01-30,0.2757543838842082,0
53190,2012-01-30,0.2776154707980886,1
53191,2012-01-30,0.19959592682096983,0
53192,2012-01-30,0.2738928440419078,0
53193,2012-01-30,0.3452602642226265,1
53194,2012-01-30,0.12963687304366506,0
53195,2012-01-30,0.2713388184699977,1
53196,2012-01-30,0.21031492226583,0
53197,2012-01-30,0.24864340794176204,0
53198,2012-01-30,0.27080929718426483,0
53199,2012-01-30,0.2167480628339031,0
53200,2012-01-30,0.29744520035349753,0
53201,2012-01-30,0.4141587324418334,0
53202,2012-01-30,0.16816119124740456,1
53203,2012-01-30,0.28025383846443563,0
53204,2012-01-30,0.38472688300087665,1
53205,2012-01-30,0.40718071922160126,0
53206,2012-01-30,0.3119119169461417,0
53207,2012-01-30,0.22116286227059906,0
53208,2012-01-30,0.29446908550246775,0
53209,2012-01-30,0.3640039300674828,1
53210,2012-01-30,0.28165427794867853,0
53211,2012-01-30,0.3321028203969607,1
53212,2012-01-30,0.33144300597007653,0
53213,2012-01-30,0.4157879541285797,0
53214,2012-01-30,0.2330234925979888,0
53215,2012-01-30,0.16873425435584827,0
53216,2012-01-30,0.4369055115593546,0
53217,2012-01-30,0.34901135268488126,0
53218,2012-01-30,0.42143137403217784,1
53219,2012-01-30,0.18435027824668201,0
53220,2012-01-30,0.24828565943039932,1
53221,2012-01-30,0.3037589252762132,1
53222,2012-01-30,0.18311959774423997,1
53223,2012-01-30,0.1606826053676146,1
53224,2012-01-30,0.29568496001540484,0
53225,2012-01-30,0.28629781361520107,1
53226,2012-01-30,0.16372081955725395,0
53227,2012-01-30,0.21750461945666316,0
53228,2012-01-30,0.2389309859150265,0
53229,2012-01-30,0.34961146728330095,0
53230,2012-01-30,0.33183956053787145,1
53231,2012-01-30,0.33156708992062855,1
53232,2012-01-30,0.17952643459964593,0
53233,2012-01-30,0.416513935835273,1
53234,2012-01-30,0.5566236812993005,1
53235,2012-01-30,0.31204912494138815,0
53236,2012-01-30,0.2194513740883135,1
53237,2012-01-30,0.1679645417830638,0
53238,2012-01-30,0.36732824247932644,0
53239,2012-01-30,0.15817198816443656,0
53240,2012-01-30,0.2183008423704202,0
53241,2012-01-30,0.1569001136784816,0
53242,2012-01-30,0.40376196919844143,1
53243,2012-01-30,0.1531464497823769,1
53244,2012-01-30,0.3159504231829595,0
53245,2012-01-30,0.1513277443570214,0
53246,2012-01-30,0.2083723594449351,0
53247,2012-01-30,0.16581931546721776,0
53248,2012-01-30,0.3009272851856263,0
53249,2012-01-30,0.33697925774259424,0
53250,2012-01-30,0.20470980821086068,0
53251,2012-01-30,0.22850675176139032,0
53252,2012-01-30,0.38338066241569885,0
53253,2012-01-30,0.24970543942378304,1
53254,2012-01-30,0.4495639836031419,0
53255,2012-01-30,0.25464596466403355,1
53256,2012-01-30,0.29280953951778343,0
53257,2012-01-30,0.6021080998238257,0
53258,2012-01-30,0.17388555403779454,0
53259,2012-01-30,0.2132050536588988,1
53260,2012-01-30,0.17851893724699683,1
53261,2012-01-30,0.2272053924425217,1
53262,2012-01-30,0.18026180966841557,0
53263,2012-01-30,0.2683753360622101,0
53264,2012-01-30,0.18979841145520557,0
53265,2012-01-30,0.3407672388231623,0
53266,2012-01-30,0.4025126960658616,0
53267,2012-01-30,0.4095391999764308,0
53268,2012-01-30,0.2889863448599701,1
53269,2012-01-30,0.3498038433279177,1
53270,2012-01-30,0.26332756892255715,0
53271,2012-01-30,0.20610521421635547,0
53272,2012-01-30,0.4624756260809951,0
53273,2012-01-30,0.21477885433864174,0
53274,2012-01-30,0.2243511399874922,1
53275,2012-01-30,0.2076292515579351,0
53276,2012-01-30,0.19799862512297484,0
53277,2012-01-30,0.14665685221425315,0
53278,2012-01-30,0.11765707079719954,0
53279,2012-01-30,0.27713136554006773,0
53280,2012-01-30,0.2251031365830095,0
53281,2012-01-30,0.17579791078618864,0
53282,2012-01-30,0.4719924119962535,1
53283,2012-01-30,0.18669254755259257,1
53284,2012-01-30,0.22992314186578797,0
53285,2012-01-30,0.17294245305273687,0
53286,2012-01-30,0.19019894739185111,0
53287,2012-01-30,0.16042004205907529,0
53288,2012-01-30,0.2072192410641377,0
53289,2012-01-30,0.13955143413184654,0
53290,2012-01-30,0.23303937501656347,0
53291,2012-01-30,0.25383062653577715,0
53292,2012-01-30,0.33285302844979775,0
53293,2012-01-30,0.31154499219277776,1
53294,2012-01-30,0.18465721919056083,1
53295,2012-01-30,0.2705248315526062,1
53296,2012-01-30,0.27412803063454,0
53297,2012-01-30,0.14392428604671864,1
53298,2012-01-30,0.31013965659549164,0
53299,2012-01-30,0.25138879664398395,0
53300,2012-01-30,0.32363875958562666,1
53301,2012-01-30,0.23156644803702695,0
53302,2012-01-30,0.25019811775923056,1
53303,2012-01-30,0.20803086609813154,1
53304,2012-01-30,0.3578920624015007,1
53305,2012-01-30,0.21196928894975234,0
53306,2012-01-30,0.3215108498180147,1
53307,2012-01-30,0.2429635692018712,0
53308,2012-01-30,0.3918855234033706,0
53309,2012-01-30,0.23638625517109157,0
53310,2012-01-30,0.20622748694022863,0
53311,2012-01-30,0.15750588977709687,0
53312,2012-01-30,0.20590202084711598,0
53313,2012-01-30,0.28513173864309443,1
53314,2012-01-30,0.2196056421723925,1
53315,2012-01-30,0.23879838399669695,0
53316,2012-01-30,0.12325094746815404,0
53317,2012-01-30,0.2629942960603144,0
53318,2012-01-30,0.3790180751136985,1
53319,2012-01-30,0.22440563368548025,0
53320,2012-01-30,0.18935114030305275,1
53321,2012-01-30,0.26295999105703,1
53322,2012-01-30,0.2967592113734315,1
53323,2012-01-30,0.4965857794221883,0
53324,2012-01-30,0.24984937715077482,1
53325,2012-01-30,0.30736147035662986,0
53326,2012-01-30,0.1942394542634389,0
53327,2012-01-30,0.23151872160930373,1
53328,2012-01-30,0.3532583684760019,1
53329,2012-01-30,0.250789281719809,0
53330,2012-01-30,0.3848835038780738,1
53331,2012-01-30,0.4841014165802374,1
53332,2012-01-30,0.20584649003542552,1
53333,2012-01-30,0.23817714365027132,1
53334,2012-01-30,0.30602147508907285,0
53335,2012-01-30,0.26747984256545065,1
53336,2012-01-30,0.16845684448174536,0
53337,2012-01-30,0.2652897182350882,0
53338,2012-01-30,0.31984650664020836,0
53339,2012-01-30,0.27213722116281586,0
53340,2012-01-30,0.26819117237765555,1
53341,2012-01-30,0.22955513527031568,0
53342,2012-01-30,0.28963784881933097,0
53343,2012-01-30,0.19256711602120874,0
53344,2012-01-30,0.4225270247064444,1
53345,2012-01-30,0.27631712964656324,0
53346,2012-01-30,0.15980986203136674,0
53347,2012-01-30,0.20632515652771669,1
53348,2012-01-30,0.18631201692334046,0
53349,2012-01-30,0.275495833796428,0
53350,2012-01-30,0.2074313216922737,0
53351,2012-01-30,0.30372250950515906,0
53352,2012-01-30,0.25236025121561056,0
53353,2012-01-30,0.18582877908139162,1
53354,2012-01-30,0.47041621311650617,0
53355,2012-01-30,0.2327307993965498,0
53356,2012-01-30,0.29100153153487873,0
53357,2012-01-30,0.23158990036386623,0
53358,2012-01-30,0.1707232414432973,0
53359,2012-01-30,0.450714774636779,0
53360,2012-01-30,0.27258639596643125,1
53361,2012-01-30,0.2724705759426292,0
53362,2012-01-30,0.24469102281385538,0
53363,2012-01-30,0.2252594940233423,0
53364,2012-01-30,0.1936340601337513,1
53365,2012-01-30,0.3714559318828453,0
53366,2012-01-30,0.19049221462801888,0
53367,2012-01-30,0.14213186187908927,1
53368,2012-01-30,0.5881306533916169,1
53369,2012-01-30,0.21763883897039343,1
53370,2012-01-30,0.30315035126770923,0
53371,2012-01-30,0.32874018071514666,0
53372,2012-01-30,0.22769650646668604,0
53373,2012-01-30,0.27610777335539494,0
53374,2012-01-30,0.3031300023929121,0
53375,2012-01-30,0.4016195211646186,0
53376,2012-01-30,0.3187316045987602,0
53377,2012-01-30,0.21102870878705873,1
53378,2012-01-30,0.1997291922194356,0
53379,2012-01-30,0.164730357349826,0
53380,2012-01-30,0.22902515005930485,1
53381,2012-01-30,0.32183292368602645,1
53382,2012-01-30,0.2154565315348909,0
53383,2012-01-30,0.2343058056375691,0
53384,2012-01-30,0.4611165926118157,0
53385,2012-01-30,0.3384757897756599,1
53386,2012-01-30,0.3523145996576983,0
53387,2012-01-30,0.1302580406393905,0
53388,2012-01-30,0.1330462495144416,0
53389,2012-01-30,0.1776193406949092,0
53390,2012-01-30,0.17736645629189346,0
53391,2012-01-30,0.23517161133276937,1
53392,2012-01-30,0.6161991082260182,1
53393,2012-01-30,0.2341230321060033,0
53394,2012-01-30,0.17114042320158648,0
53395,2012-01-30,0.12596003901589914,0
53396,2012-01-30,0.18744616437403133,0
53397,2012-01-30,0.3817994828894106,1
53398,2012-01-30,0.22566947610750152,0
53399,2012-01-30,0.2732761536225998,0
53400,2012-01-30,0.21963999639048912,0
53401,2012-01-30,0.13070681598781989,1
53402,2012-01-30,0.2018928273963621,0
53403,2012-01-30,0.15740422837884743,0
53404,2012-01-30,0.22675266132179436,0
53405,2012-01-30,0.31175588238945046,1
53406,2012-01-30,0.17360456609068808,1
53407,2012-01-30,0.17749315004240865,0
53408,2012-01-30,0.3397337592550355,0
53409,2012-01-30,0.4658431571803016,0
53410,2012-01-30,0.5095268716298177,1
53411,2012-01-30,0.24257997927094924,0
53412,2012-01-30,0.14822522394191065,0
53413,2012-01-30,0.1990308075476628,1
53414,2012-01-30,0.1814020011636003,1
53415,2012-01-30,0.25834371468035705,1
53416,2012-01-30,0.397571477824823,0
53417,2012-01-30,0.3885641624176272,1
53418,2012-01-30,0.29259014694628893,0
53419,2012-01-30,0.2503869217106419,0
53420,2012-01-30,0.36210689153533776,1
53421,2012-01-30,0.2607702092642481,0
53422,2012-01-30,0.4088679855908153,1
53423,2012-01-30,0.2128387128450665,0
53424,2012-01-30,0.171312169226523,0
53425,2012-01-30,0.2640843804335448,0
53426,2012-01-30,0.14430544231176515,0
53427,2012-01-30,0.39449921276350464,1
53428,2012-01-30,0.27310047361551426,0
53429,2012-01-30,0.1637276170840298,0
53430,2012-01-30,0.3889915052187675,1
53431,2012-01-30,0.26679568188534847,0
53432,2012-01-30,0.21694932844289325,1
53433,2012-01-30,0.23117228402700732,1
53434,2012-01-30,0.3616743239017199,0
53435,2012-01-30,0.3393240711391654,0
53436,2012-01-30,0.2732838594446058,1
53437,2012-01-30,0.2829919887538307,1
53438,2012-01-30,0.40984164956071983,0
53439,2012-01-30,0.13838399625941006,0
53440,2012-01-30,0.2844876796931353,1
53441,2012-01-30,0.2930860953412611,1
53442,2012-01-30,0.41887926455386854,1
53443,2012-01-30,0.1939719264687849,0
53444,2012-01-30,0.24688799656684335,0
53445,2012-01-30,0.2769863002854249,0
53446,2012-01-30,0.31617049496957395,0
53447,2012-01-30,0.261718941322357,1
53448,2012-01-30,0.2233291909184594,1
53449,2012-01-30,0.2217176598011155,0
53450,2012-01-30,0.39609783587859354,1
53451,2012-01-30,0.40240924995529176,1
53452,2012-01-30,0.3048170825886915,1
53453,2012-01-30,0.41845632435364155,0
53454,2012-01-30,0.27914467810392163,1
53455,2012-01-30,0.17872314281579846,0
53456,2012-01-30,0.2653331373597584,1
53457,2012-01-30,0.147158682957235,0
53458,2012-01-30,0.33812095201928427,0
53459,2012-01-30,0.23500044225888267,0
53460,2012-01-30,0.3097308648008888,0
53461,2012-01-30,0.24713906020357718,1
53462,2012-01-30,0.3124198989643403,0
53463,2012-01-30,0.2721694723261967,0
53464,2012-01-30,0.15178011885227882,0
53465,2012-01-30,0.218662887673701,0
53466,2012-01-30,0.2807575990775676,0
53467,2012-01-30,0.1796029988330748,0
53468,2012-01-30,0.21505768184695556,0
53469,2012-01-30,0.2491467369266612,0
53470,2012-01-30,0.4045069044137604,1
53471,2012-01-30,0.2627064383636742,0
53472,2012-01-30,0.2348781957486861,0
53473,2012-01-30,0.18118001856173235,0
53474,2012-01-30,0.28597470689164634,1
53475,2012-01-30,0.40590726609834754,0
53476,2012-01-30,0.3227591553700988,0
53477,2012-01-30,0.4317534869778637,0
53478,2012-01-30,0.4332082678123568,0
53479,2012-01-30,0.1627855956039044,0
53480,2012-01-30,0.2479638151085858,0
53481,2012-01-30,0.23787218351950132,0
53482,2012-01-30,0.5699910731299407,1
53483,2012-01-30,0.20234506401184352,1
53484,2012-01-30,0.25541500195654804,0
53485,2012-01-30,0.2144310312841246,0
53486,2012-01-30,0.3458918479014975,0
53487,2012-01-30,0.22036377667125567,1
53488,2012-01-30,0.22190542380770029,0
53489,2012-01-30,0.18283798736204954,0
53490,2012-01-30,0.28267968351989314,0
53491,2012-01-30,0.22664843866215087,0
53492,2012-01-30,0.26714272843760706,0
53493,2012-01-30,0.18297559939277835,0
53494,2012-01-30,0.28689347516661046,0
53495,2012-01-30,0.2605344294157464,1
53496,2012-01-30,0.25866428304743927,1
53497,2012-01-30,0.18692280353974947,0
53498,2012-01-30,0.19075381292075588,0
53499,2012-01-30,0.25655139430564877,0
53500,2012-01-30,0.3147233803865408,0
53501,2012-01-30,0.1663618596759802,0
53502,2012-01-30,0.2816659376947816,0
53503,2012-01-30,0.32878671909749857,0
53504,2012-01-30,0.4335195907959583,0
53505,2012-01-30,0.23416971912493553,1
53506,2012-01-30,0.13993383388594877,0
53507,2012-01-30,0.4826882683967703,1
53508,2012-01-30,0.2902149947761845,1
53509,2012-01-30,0.26490847310774795,1
53510,2012-01-30,0.35224045712691987,0
53511,2012-01-30,0.4531634039942145,1
53512,2012-01-30,0.3899643197820919,1
53513,2012-01-30,0.23738115447146027,0
53514,2012-01-30,0.2964698381191859,1
53515,2012-01-30,0.1916493543883997,0
53516,2012-01-30,0.14660563578498884,1
53517,2012-01-30,0.2730668735838172,1
53518,2012-01-30,0.38320045898816085,0
53519,2012-01-30,0.22423055687437596,1
53520,2012-01-30,0.5630310676567435,1
53521,2012-01-30,0.18434964729796927,0
53522,2012-01-30,0.36019519711800835,1
53523,2012-01-30,0.34805213299858423,0
53524,2012-01-30,0.41775664370605986,1
53525,2012-01-30,0.15715289575963381,0
53526,2012-01-30,0.24378688428389567,0
53527,2012-01-30,0.5732713316452002,1
53528,2012-01-30,0.3136497535331498,0
53529,2012-01-30,0.4145203226185654,0
53530,2012-01-30,0.5980747272205614,0
53531,2012-01-30,0.24882902535384008,0
53532,2012-01-30,0.40030729449008534,0
53533,2012-01-30,0.3954403471539746,1
53534,2012-01-30,0.4133342330307615,0
53535,2012-01-30,0.16196860733394328,0
53536,2012-01-30,0.19494655349292933,0
53537,2012-01-30,0.22730978353677106,0
53538,2012-01-30,0.2680038267058394,0
53539,2012-01-30,0.15780408944383123,1
53540,2012-01-30,0.16581958140560413,1
53541,2012-01-30,0.18224360586986638,1
53542,2012-01-30,0.30407328488846463,1
53543,2012-01-30,0.3600383925421632,0
53544,2012-01-30,0.20322734709017984,1
53545,2012-01-30,0.34522913563334606,1
53546,2012-01-30,0.24858174023757756,0
53547,2012-01-30,0.37015458674882606,0
53548,2012-01-30,0.15358835491319653,0
53549,2012-01-30,0.22872368576422064,0
53550,2012-01-30,0.3195251381828065,1
53551,2012-01-30,0.5463102827159035,1
53552,2012-01-30,0.22893285781667352,1
53553,2012-01-30,0.23944081497169034,1
53554,2012-01-30,0.23573798815759603,0
53555,2012-01-30,0.1652275653835261,0
53556,2012-01-30,0.13919785850452712,0
53557,2012-01-30,0.4591242124190389,0
53558,2012-01-30,0.15307288225160945,0
53559,2012-01-30,0.25275382470780144,0
53560,2012-01-30,0.2719787526062628,0
53561,2012-01-30,0.22965362221281999,0
53562,2012-01-30,0.2902962258223701,1
53563,2012-01-30,0.4285227909880048,0
53564,2012-01-30,0.3081093970799689,0
53565,2012-01-30,0.2996466034707324,0
53566,2012-01-30,0.17230097949522902,0
53567,2012-01-30,0.21480211848140318,1
53568,2012-01-30,0.1399361930615358,0
53569,2012-01-30,0.24782708632658876,0
53570,2012-01-30,0.18506612949321724,0
53571,2012-01-30,0.39421588957970133,0
53572,2012-01-30,0.3609570420630131,0
53573,2012-01-30,0.17356968933886105,0
53574,2012-01-30,0.29884282150678865,1
53575,2012-01-30,0.30174840461833907,1
53576,2012-01-30,0.13870142865288188,1
53577,2012-01-30,0.3778475569000783,0
53578,2012-01-30,0.15959734570378675,0
53579,2012-01-30,0.22076683277195291,0
53580,2012-01-30,0.2662951939633853,0
53581,2012-01-30,0.2680774497268069,0
53582,2012-01-30,0.19481337843756155,1
53583,2012-01-30,0.31402445360544096,0
53584,2012-01-30,0.2552711420537138,1
53585,2012-01-30,0.16305072314332159,1
53586,2012-01-30,0.18822890645070706,0
53587,2012-01-30,0.23824068424315786,0
53588,2012-01-30,0.3405596568106833,1
53589,2012-01-30,0.38327805587607733,1
53590,2012-01-30,0.27824918358660533,0
53591,2012-01-30,0.17944027069881455,1
53592,2012-01-30,0.25795059054815206,0
53593,2012-01-30,0.3236948269331217,1
53594,2012-01-30,0.41834849199498614,1
53595,2012-01-30,0.17609957725142072,0
53596,2012-01-30,0.411231634254001,1
53597,2012-01-30,0.11092500001801549,1
53598,2012-01-30,0.20301837162806433,0
53599,2012-01-30,0.21712168432152587,0
53600,2012-01-30,0.2974760568227874,0
53601,2012-01-30,0.25090561767312136,0
53602,2012-01-30,0.24724883106597945,1
53603,2012-01-30,0.17694170965103886,1
53604,2012-01-30,0.3965961600537941,0
53605,2012-01-30,0.2303990644888341,0
53606,2012-01-30,0.2946547553961395,1
53607,2012-01-30,0.2840532250700431,0
53608,2012-01-30,0.46849514416104304,0
53609,2012-01-30,0.2764630506339794,0
53610,2012-01-30,0.44756591986770233,1
53611,2012-01-30,0.13341882937031854,0
53612,2012-01-30,0.16183802104975556,1
53613,2012-01-30,0.17334838700444402,1
53614,2012-01-30,0.22911639891273217,0
53615,2012-01-30,0.30054548754342364,1
53616,2012-01-30,0.30864759190662705,0
53617,2012-01-30,0.456229768876243,0
53618,2012-01-30,0.33870160833574225,1
53619,2012-01-30,0.3210207367304342,1
53620,2012-01-30,0.20498377129641296,1
53621,2012-01-30,0.15592920516292416,0
53622,2012-01-30,0.16312508039980958,0
53623,2012-01-30,0.24829156942521768,0
53624,2012-01-30,0.18894932762875538,1
53625,2012-01-30,0.3563060220051832,1
53626,2012-01-30,0.21173614922758494,0
53627,2012-01-30,0.36400772161349537,1
53628,2012-01-30,0.3286152461816617,1
53629,2012-01-30,0.4505619127331488,1
53630,2012-01-30,0.2846619304298521,1
53631,2012-01-30,0.27055863293701093,1
53632,2012-01-30,0.3125497232723823,0
53633,2012-01-30,0.3133120160797549,0
53634,2012-01-30,0.2236229509446098,0
53635,2012-01-30,0.20069264580958668,0
53636,2012-01-30,0.22227106017232726,1
53637,2012-01-30,0.2156396080601829,0
53638,2012-01-30,0.2710985377041783,0
53639,2012-01-30,0.23798452201794024,0
53640,2012-01-30,0.3109792758358157,0
53641,2012-01-30,0.36979440503533173,0
53642,2012-01-30,0.22698115745319866,1
53643,2012-01-30,0.2161648478634253,0
53644,2012-01-30,0.18513995110718887,0
53645,2012-01-30,0.23438112211248835,0
53646,2012-01-30,0.18004899005264757,0
53647,2012-01-30,0.35208261839892,1
53648,2012-01-30,0.23009796633737847,0
53649,2012-01-30,0.1994152441103145,0
53650,2012-01-30,0.17000994449377627,1
53651,2012-01-30,0.26185315959428296,0
53652,2012-01-30,0.21607395136881208,0
53653,2012-01-30,0.22785372489435235,1
53654,2012-01-30,0.21193949792358951,0
53655,2012-01-30,0.3952720607850122,0
53656,2012-01-30,0.15234923779791917,0
53657,2012-01-30,0.26085757189084247,0
53658,2012-01-30,0.31585746883850824,0
53659,2012-01-30,0.27325069368148763,0
53660,2012-01-30,0.17735362771051413,0
53661,2012-01-30,0.2259982378358746,0
53662,2012-01-30,0.21322714942844853,0
53663,2012-01-30,0.3149660273722915,0
53664,2012-01-30,0.2522343389814042,1
53665,2012-01-30,0.21320163890829716,0
53666,2012-01-30,0.23693147044053997,1
53667,2012-01-30,0.3809085820622871,1
53668,2012-01-30,0.29780353590325603,1
53669,2012-01-30,0.36491153715385954,1
53670,2012-01-30,0.4592064727620122,1
53671,2012-01-30,0.29700442985983105,0
53672,2012-01-30,0.21670186373151099,0
53673,2012-01-30,0.352034664882526,0
53674,2012-01-30,0.22052165295919154,0
53675,2012-01-30,0.26065068046780493,0
53676,2012-01-30,0.1727920584111578,0
53677,2012-01-30,0.1833232094847268,1
53678,2012-01-30,0.3429694154032484,1
53679,2012-01-30,0.2750805535369479,1
53680,2012-01-30,0.3824206134805331,1
53681,2012-01-30,0.3255720674825191,0
53682,2012-01-30,0.22652473726082928,0
53683,2012-01-30,0.191804450130988,1
53684,2012-01-30,0.11497608485725064,1
53685,2012-01-30,0.26960787207929376,0
53686,2012-01-30,0.14133337847650018,0
53687,2012-01-30,0.1492289884116898,0
53688,2012-01-30,0.1167515083909559,1
53689,2012-01-30,0.21336719808611887,0
53690,2012-01-30,0.3250702677063721,0
53691,2012-01-30,0.32026037483211417,0
53692,2012-01-30,0.20827536920416181,0
53693,2012-01-30,0.18032080961636085,1
53694,2012-01-30,0.3768640878698608,0
53695,2012-01-30,0.1351101365362525,0
53696,2012-01-30,0.257053414168294,1
53697,2012-01-30,0.2492846342650965,0
53698,2012-01-30,0.5101903037965871,0
53699,2012-01-30,0.18095641413683783,1
53700,2012-01-30,0.4467156761757057,0
53701,2012-01-30,0.2926414631877023,0
53702,2012-01-30,0.3890132931556754,0
53703,2012-01-30,0.2674331886260217,0
53704,2012-01-30,0.19988893779010455,1
53705,2012-01-30,0.34566935378829594,0
53706,2012-01-30,0.2870750180842336,0
53707,2012-01-30,0.43685737072069214,1
53708,2012-01-30,0.29784935790765205,0
53709,2012-01-30,0.27855924720664244,1
53710,2012-01-30,0.25155215011549686,1
53711,2012-01-30,0.26974390949665733,0
53712,2012-01-30,0.21231920146260735,0
53713,2012-01-30,0.3225192401518292,0
53714,2012-01-30,0.37864784713606897,0
53715,2012-01-30,0.4140278855463372,1
53716,2012-01-30,0.4815854861885982,0
53717,2012-01-30,0.2915392477125507,1
53718,2012-01-30,0.17824479497721785,1
53719,2012-01-30,0.37254158949205257,0
53720,2012-01-30,0.36413774787807734,0
53721,2012-01-30,0.24117771028846519,1
53722,2012-01-31,0.1343330313456144,0
53723,2012-01-31,0.34118818241755794,0
53724,2012-01-31,0.20345172333553546,1
53725,2012-01-31,0.39565968885040825,0
53726,2012-01-31,0.4343867615245351,1
53727,2012-01-31,0.22459876999989636,0
53728,2012-01-31,0.18116776352001307,0
53729,2012-01-31,0.34578531663713913,0
53730,2012-01-31,0.1590039423811372,0
53731,2012-01-31,0.19328263526585696,0
53732,2012-01-31,0.23962093414752608,1
53733,2012-01-31,0.19542896107614194,0
53734,2012-01-31,0.2399107317283515,0
53735,2012-01-31,0.31523619643310535,1
53736,2012-01-31,0.23829777506092878,1
53737,2012-01-31,0.15111063665708793,0
53738,2012-01-31,0.24890991881743063,0
53739,2012-01-31,0.42841222003806334,1
53740,2012-01-31,0.2244748279620564,0
53741,2012-01-31,0.14832544007868187,0
53742,2012-01-31,0.22038837033372288,0
53743,2012-01-31,0.46228361762984216,0
53744,2012-01-31,0.2573553858173024,0
53745,2012-01-31,0.23021414100290732,0
53746,2012-01-31,0.21148616859001765,1
53747,2012-01-31,0.23237163976088518,1
53748,2012-01-31,0.2797630829951719,1
53749,2012-01-31,0.16059822388774866,0
53750,2012-01-31,0.13370801037647242,0
53751,2012-01-31,0.1946070023836804,0
53752,2012-01-31,0.33820563568898193,0
53753,2012-01-31,0.26540256641865073,0
53754,2012-01-31,0.17514222669508173,1
53755,2012-01-31,0.30780516405766606,0
53756,2012-01-31,0.23474825214049358,0
53757,2012-01-31,0.3189001408743631,1
53758,2012-01-31,0.16993995824236438,0
53759,2012-01-31,0.3639142432933766,1
53760,2012-01-31,0.39619103716725707,1
53761,2012-01-31,0.13456353428571657,0
53762,2012-01-31,0.18918336568484292,0
53763,2012-01-31,0.20401498440067004,0
53764,2012-01-31,0.15841303536822232,1
53765,2012-01-31,0.3900907689192617,1
53766,2012-01-31,0.4329133750540045,1
53767,2012-01-31,0.27947107577303276,1
53768,2012-01-31,0.28053921493194084,0
53769,2012-01-31,0.42956993549734107,1
53770,2012-01-31,0.41166524727650206,0
53771,2012-01-31,0.38982406202688674,0
53772,2012-01-31,0.30583395408016245,1
53773,2012-01-31,0.18479540004178382,0
53774,2012-01-31,0.21340920375463052,0
53775,2012-01-31,0.2763458880549755,0
53776,2012-01-31,0.33444113876866804,1
53777,2012-01-31,0.2703694703608632,0
53778,2012-01-31,0.5839220389897771,1
53779,2012-01-31,0.2570857727733705,0
53780,2012-01-31,0.2498414059612376,1
53781,2012-01-31,0.17986216231208518,0
53782,2012-01-31,0.29945001660828124,1
53783,2012-01-31,0.16738518973795188,0
53784,2012-01-31,0.2529972346626184,0
53785,2012-01-31,0.15260045443676112,1
53786,2012-01-31,0.33426568861462186,0
53787,2012-01-31,0.1830921585867723,0
53788,2012-01-31,0.1783892288045334,1
53789,2012-01-31,0.33296329051424145,0
53790,2012-01-31,0.32230068018417224,1
53791,2012-01-31,0.5176056644094474,0
53792,2012-01-31,0.151166731449775,1
53793,2012-01-31,0.20298576133591217,1
53794,2012-01-31,0.33234403212154945,0
53795,2012-01-31,0.23000168508619548,1
53796,2012-01-31,0.30523661539352953,1
53797,2012-01-31,0.30175483531533587,1
53798,2012-01-31,0.3666389228700267,0
53799,2012-01-31,0.274843213417004,0
53800,2012-01-31,0.3522001830229405,0
53801,2012-01-31,0.12420874200813199,1
53802,2012-01-31,0.25435332684133916,0
53803,2012-01-31,0.2772220081846477,0
53804,2012-01-31,0.20528204142510958,0
53805,2012-01-31,0.21218263926619538,0
53806,2012-01-31,0.3694206098427716,0
53807,2012-01-31,0.2386092200340387,0
53808,2012-01-31,0.28519040998650674,1
53809,2012-01-31,0.22861785630636003,0
53810,2012-01-31,0.2175155606102486,0
53811,2012-01-31,0.15363019867727004,1
53812,2012-01-31,0.4496764547741355,1
53813,2012-01-31,0.3747308773587269,0
53814,2012-01-31,0.30316878698305394,1
53815,2012-01-31,0.3121120824259824,1
53816,2012-01-31,0.2575215181464549,1
53817,2012-01-31,0.38809165406706897,0
53818,2012-01-31,0.3909745254620733,1
53819,2012-01-31,0.2334332289014013,0
53820,2012-01-31,0.18229419887317017,0
53821,2012-01-31,0.32379522689288065,0
53822,2012-01-31,0.28311362200287676,1
53823,2012-01-31,0.16542164400586373,0
53824,2012-01-31,0.4597929210571144,0
53825,2012-01-31,0.40782249311459445,0
53826,2012-01-31,0.17286927538859906,0
53827,2012-01-31,0.28203893647019956,1
53828,2012-01-31,0.1346055012622529,0
53829,2012-01-31,0.41600139640843586,0
53830,2012-01-31,0.3138904026962604,1
53831,2012-01-31,0.2238861704041409,1
53832,2012-01-31,0.2911959356430668,1
53833,2012-01-31,0.33666158066503066,1
53834,2012-01-31,0.30897942248733484,1
53835,2012-01-31,0.1435824395623119,0
53836,2012-01-31,0.2137769536284654,0
53837,2012-01-31,0.489643071937829,1
53838,2012-01-31,0.17992786735103952,0
53839,2012-01-31,0.20006932196537763,1
53840,2012-01-31,0.18577110788048454,0
53841,2012-01-31,0.3127599111469377,1
53842,2012-01-31,0.14525645427829595,0
53843,2012-01-31,0.18081609444413646,1
53844,2012-01-31,0.28180360692642487,0
53845,2012-01-31,0.34393746169209993,1
53846,2012-01-31,0.41199095703381655,1
53847,2012-01-31,0.2099155118658846,0
53848,2012-01-31,0.16679607318228878,0
53849,2012-01-31,0.3090809997258831,0
53850,2012-01-31,0.1337599570198145,0
53851,2012-01-31,0.2670384177847184,0
53852,2012-01-31,0.26999248557534555,0
53853,2012-01-31,0.21368256840153133,0
53854,2012-01-31,0.37552220005728887,1
53855,2012-01-31,0.22872516306639695,1
53856,2012-01-31,0.33088531686662354,0
53857,2012-01-31,0.27136154336609897,0
53858,2012-01-31,0.2222355009990939,0
53859,2012-01-31,0.4205679525470669,0
53860,2012-01-31,0.17087369623271956,0
53861,2012-01-31,0.24455164922314024,1
53862,2012-01-31,0.3215635400386119,0
53863,2012-01-31,0.1714142157730934,1
53864,2012-01-31,0.20964629597998066,0
53865,2012-01-31,0.22127606569587951,0
53866,2012-01-31,0.16727461497228346,0
53867,2012-01-31,0.4327150025775395,1
53868,2012-01-31,0.22542378788410283,0
53869,2012-01-31,0.22459228544489798,0
53870,2012-01-31,0.5802035667740039,0
53871,2012-01-31,0.15475521087509264,0
53872,2012-01-31,0.27374386068851064,1
53873,2012-01-31,0.3177019981754778,1
53874,2012-01-31,0.282635765652283,1
53875,2012-01-31,0.21067502361212725,0
53876,2012-01-31,0.32114313866784167,1
53877,2012-01-31,0.32853372210646264,0
53878,2012-01-31,0.24314277736734446,0
53879,2012-01-31,0.2879745075677588,0
53880,2012-01-31,0.19299217267907848,0
53881,2012-01-31,0.20725594673362835,0
53882,2012-01-31,0.22207283338606543,0
53883,2012-01-31,0.14849338056077102,0
53884,2012-01-31,0.2615978735478874,0
53885,2012-01-31,0.16772232697024528,0
53886,2012-01-31,0.4388352430558827,1
53887,2012-01-31,0.513404479547022,0
53888,2012-01-31,0.26011133383256707,1
53889,2012-01-31,0.16886858969772753,0
53890,2012-01-31,0.32828984184910354,0
53891,2012-01-31,0.26518611374585926,0
53892,2012-01-31,0.24988532619870008,0
53893,2012-01-31,0.3864253086275274,1
53894,2012-01-31,0.33838630518971535,1
53895,2012-01-31,0.24210206056014075,0
53896,2012-01-31,0.47285528033349805,0
53897,2012-01-31,0.29257487066074667,1
53898,2012-01-31,0.27220571854185827,1
53899,2012-01-31,0.3546031273429653,0
53900,2012-01-31,0.16813219145218725,0
53901,2012-01-31,0.16618418129283216,1
53902,2012-01-31,0.3276560440183535,0
53903,2012-01-31,0.2564660760649393,1
53904,2012-01-31,0.20650687979447982,0
53905,2012-01-31,0.18112483407440658,0
53906,2012-01-31,0.3993339131258167,1
53907,2012-01-31,0.372332074142825,1
53908,2012-01-31,0.16433375486864704,0
53909,2012-01-31,0.15814135308433575,0
53910,2012-01-31,0.5093148006537577,1
53911,2012-01-31,0.21428634520303827,0
53912,2012-01-31,0.3160218563209236,0
53913,2012-01-31,0.49791971944716473,1
53914,2012-01-31,0.3448053840930924,0
53915,2012-01-31,0.1946028167496482,0
53916,2012-01-31,0.42861721975385275,0
53917,2012-01-31,0.22569145960341552,0
53918,2012-01-31,0.2163806376003188,0
53919,2012-01-31,0.2573326225541124,0
53920,2012-01-31,0.17591381543208792,1
53921,2012-01-31,0.21967490153205724,1
53922,2012-01-31,0.26785705010408617,1
53923,2012-01-31,0.5043416027762965,0
53924,2012-01-31,0.1950025724313665,1
53925,2012-01-31,0.26349468353790806,0
53926,2012-01-31,0.2168361562597071,1
53927,2012-01-31,0.16293400609609862,1
53928,2012-01-31,0.25142963218890035,0
53929,2012-01-31,0.2675393898752739,1
53930,2012-01-31,0.22245806253662107,0
53931,2012-01-31,0.2540729397395473,0
53932,2012-01-31,0.13854742911322943,0
53933,2012-01-31,0.1661331219281415,1
53934,2012-01-31,0.3904164684628594,0
53935,2012-01-31,0.28305217882400785,0
53936,2012-01-31,0.2797050242525995,1
53937,2012-01-31,0.35424983498775037,1
53938,2012-01-31,0.2581208237894881,0
53939,2012-01-31,0.25739553287672984,1
53940,2012-01-31,0.35411972612369513,0
53941,2012-01-31,0.19706849314460115,0
53942,2012-01-31,0.20925470844884664,1
53943,2012-01-31,0.36460999913794506,0
53944,2012-01-31,0.19773454182809083,0
53945,2012-01-31,0.26124110812404855,1
53946,2012-01-31,0.2685082909959667,0
53947,2012-01-31,0.3367151825253091,1
53948,2012-01-31,0.2545428802507091,0
53949,2012-01-31,0.3508267844088681,1
53950,2012-01-31,0.28974955693051246,0
53951,2012-01-31,0.2173517933283414,1
53952,2012-01-31,0.17860487668097155,0
53953,2012-01-31,0.14480506431812568,0
53954,2012-01-31,0.4123510404891538,0
53955,2012-01-31,0.17086203330000155,1
53956,2012-01-31,0.5589579217383561,1
53957,2012-01-31,0.33038217996369984,0
53958,2012-01-31,0.2947265228945759,0
53959,2012-01-31,0.13688734107803496,0
53960,2012-01-31,0.3764731464128417,0
53961,2012-01-31,0.4153298301256488,0
53962,2012-01-31,0.6015840769420833,1
53963,2012-01-31,0.38596682792629716,0
53964,2012-01-31,0.35539446857857104,1
53965,2012-01-31,0.4180878834745304,0
53966,2012-01-31,0.2808507883709496,0
53967,2012-01-31,0.26019977011033313,0
53968,2012-01-31,0.2555272811536283,0
53969,2012-01-31,0.24173409166751106,1
53970,2012-01-31,0.2890670312117265,1
53971,2012-01-31,0.41093882083966404,1
53972,2012-01-31,0.4750557524804769,0
53973,2012-01-31,0.30891701960441553,1
53974,2012-01-31,0.16090322898019097,0
53975,2012-01-31,0.19224525526100353,1
53976,2012-01-31,0.2664251233613385,1
53977,2012-01-31,0.33292338286676976,0
53978,2012-01-31,0.2259944047048867,0
53979,2012-01-31,0.19658092631470492,0
53980,2012-01-31,0.13249065294303497,0
53981,2012-01-31,0.18440540139649444,0
53982,2012-01-31,0.36002438913416934,1
53983,2012-01-31,0.2082485523754176,0
53984,2012-01-31,0.3342983415177158,0
53985,2012-01-31,0.3568130191208363,1
53986,2012-01-31,0.2937547135143348,1
53987,2012-01-31,0.1924860538275621,0
53988,2012-01-31,0.2085329228211748,1
53989,2012-01-31,0.25608892265440547,1
53990,2012-01-31,0.23750768977065834,0
53991,2012-01-31,0.41614379899762705,0
53992,2012-01-31,0.28380039411365565,0
53993,2012-01-31,0.3915959757021888,0
53994,2012-01-31,0.2018658186486799,1
53995,2012-01-31,0.18769012994250261,0
53996,2012-01-31,0.31280148154367743,1
53997,2012-01-31,0.30793002951696785,1
53998,2012-01-31,0.19858830619773238,0
53999,2012-01-31,0.29395857793346214,0
54000,2012-01-31,0.22002185092175652,0
54001,2012-01-31,0.21712890554058062,0
54002,2012-01-31,0.21167545199819987,0
54003,2012-01-31,0.12526725850399578,1
54004,2012-01-31,0.2957738176698044,0
54005,2012-01-31,0.39172037409083416,1
54006,2012-01-31,0.22632450644961,0
54007,2012-01-31,0.5169326208456397,0
54008,2012-01-31,0.25708610775927015,0
54009,2012-01-31,0.17307554095962038,1
54010,2012-01-31,0.1532159878651729,0
54011,2012-01-31,0.4011100919725824,0
54012,2012-01-31,0.44017379222429964,0
54013,2012-01-31,0.1829894444303376,1
54014,2012-01-31,0.38562713301103296,1
54015,2012-01-31,0.22135335291447256,1
54016,2012-01-31,0.17989612971294114,1
54017,2012-01-31,0.45318979873678067,0
54018,2012-01-31,0.3112251998221206,0
54019,2012-01-31,0.3748693185747864,0
54020,2012-01-31,0.17737919901359736,0
54021,2012-01-31,0.32540012456561707,0
54022,2012-01-31,0.19637106843437535,0
54023,2012-01-31,0.31738997329230395,1
54024,2012-01-31,0.28749647935640504,0
54025,2012-01-31,0.19474792097056787,1
54026,2012-01-31,0.17582183313630415,1
54027,2012-01-31,0.2530411964483524,0
54028,2012-01-31,0.20985281467580466,0
54029,2012-01-31,0.2672533845521481,0
54030,2012-01-31,0.3420167992251405,1
54031,2012-01-31,0.17389781841995336,1
54032,2012-01-31,0.34808600552153424,1
54033,2012-01-31,0.39913026197136303,1
54034,2012-01-31,0.5814460297751765,1
54035,2012-01-31,0.3806373200739708,0
54036,2012-01-31,0.3370514459709042,1
54037,2012-01-31,0.1962095574832387,0
54038,2012-01-31,0.3335004407078791,1
54039,2012-01-31,0.3019994144061693,0
54040,2012-01-31,0.24459289393145406,0
54041,2012-01-31,0.22165589303055575,1
54042,2012-01-31,0.3982227186814526,1
54043,2012-01-31,0.42496510073443317,1
54044,2012-01-31,0.20104154116036005,0
54045,2012-01-31,0.11961249721744202,0
54046,2012-01-31,0.33526543127275915,0
54047,2012-01-31,0.14365803463997046,1
54048,2012-01-31,0.2812219401087307,1
54049,2012-01-31,0.1555147167368681,0
54050,2012-01-31,0.2156632482843403,0
54051,2012-01-31,0.20495563361783686,0
54052,2012-01-31,0.18613702761555143,1
54053,2012-01-31,0.32181226989123124,1
54054,2012-01-31,0.6316964636039988,1
54055,2012-01-31,0.230780152933416,0
54056,2012-01-31,0.33774684723230625,0
54057,2012-01-31,0.2629136320317232,0
54058,2012-01-31,0.3873903982074635,1
54059,2012-01-31,0.18337675988659233,1
54060,2012-01-31,0.1732035059466498,0
54061,2012-01-31,0.2712150057826937,0
54062,2012-01-31,0.3525928754395375,1
54063,2012-01-31,0.29383884299904517,0
54064,2012-01-31,0.3776128559142049,0
54065,2012-01-31,0.1914264235065992,1
54066,2012-01-31,0.2793185110666458,0
54067,2012-01-31,0.417702671471011,0
54068,2012-01-31,0.19464494235252494,1
54069,2012-01-31,0.36344992695190503,0
54070,2012-01-31,0.19305530418238737,0
54071,2012-01-31,0.3287633770576096,0
54072,2012-01-31,0.21312050053599835,0
54073,2012-01-31,0.2463989854230057,0
54074,2012-01-31,0.37278744020957477,1
54075,2012-01-31,0.2748901049848724,0
54076,2012-01-31,0.25457975731587,0
54077,2012-01-31,0.24366601821707823,0
54078,2012-01-31,0.26338274839754056,0
54079,2012-01-31,0.20808227422451486,0
54080,2012-01-31,0.28994586666409894,0
54081,2012-01-31,0.23128795921134995,0
54082,2012-01-31,0.21289718645964098,0
54083,2012-01-31,0.2984607207562186,0
54084,2012-01-31,0.194890838959478,0
54085,2012-01-31,0.2213640194459697,0
54086,2012-01-31,0.21505471013833058,1
54087,2012-01-31,0.16767563314093253,0
54088,2012-01-31,0.22946635123829542,1
54089,2012-01-31,0.23991219193895358,0
54090,2012-01-31,0.26848801218880686,0
54091,2012-01-31,0.2350077595884978,0
54092,2012-01-31,0.31299760471441046,0
54093,2012-01-31,0.2166776555871536,0
54094,2012-01-31,0.36773496279969536,0
54095,2012-01-31,0.22530517866364796,0
54096,2012-01-31,0.3501673166020172,1
54097,2012-01-31,0.1822632822544869,0
54098,2012-01-31,0.3087210412714233,0
54099,2012-01-31,0.23986712594492865,0
54100,2012-01-31,0.3401746673252733,1
54101,2012-01-31,0.23948296642255423,1
54102,2012-01-31,0.15387506359440326,1
54103,2012-01-31,0.161051446713951,0
54104,2012-01-31,0.18286014610353085,1
54105,2012-01-31,0.41340957264135547,0
54106,2012-01-31,0.15007603702748487,0
54107,2012-01-31,0.4024652593089669,1
54108,2012-01-31,0.33026444506880215,0
54109,2012-01-31,0.17523444081951256,0
54110,2012-01-31,0.1778027964707108,1
54111,2012-01-31,0.3755503733472527,1
54112,2012-01-31,0.21274823408801513,0
54113,2012-01-31,0.4222771187357488,0
54114,2012-01-31,0.532176205258727,1
54115,2012-01-31,0.3271957165089349,1
54116,2012-01-31,0.18299052111596611,1
54117,2012-01-31,0.2191221989736244,0
54118,2012-01-31,0.2436756584309029,0
54119,2012-01-31,0.3418048084117532,0
54120,2012-01-31,0.21658117664291754,1
54121,2012-01-31,0.4973707657811103,0
54122,2012-01-31,0.25746883257530373,1
54123,2012-01-31,0.32246103976546003,1
54124,2012-01-31,0.24758105667210217,1
54125,2012-01-31,0.22395925411794484,0
54126,2012-01-31,0.2763663858760031,0
54127,2012-01-31,0.13658193014746114,0
54128,2012-01-31,0.2863226400220588,1
54129,2012-01-31,0.40390971016509863,0
54130,2012-01-31,0.34283121888089974,0
54131,2012-01-31,0.18863524283330052,0
54132,2012-01-31,0.1655322340378208,0
54133,2012-01-31,0.22095816839278126,0
54134,2012-01-31,0.2535209727119386,0
54135,2012-01-31,0.31135676973562215,0
54136,2012-01-31,0.23896105607965035,1
54137,2012-01-31,0.17368196471388547,1
54138,2012-01-31,0.20533054218963587,0
54139,2012-01-31,0.3179819097027116,0
54140,2012-01-31,0.2625820418325718,0
54141,2012-01-31,0.16731732928502377,0
54142,2012-01-31,0.23917714018106032,0
54143,2012-01-31,0.2066340985657827,0
54144,2012-01-31,0.1814371781189792,0
54145,2012-01-31,0.32433833596354783,0
54146,2012-01-31,0.2402399582531094,1
54147,2012-01-31,0.25153711482150287,1
54148,2012-01-31,0.2754262738654173,1
54149,2012-01-31,0.2881327683544433,0
54150,2012-01-31,0.25717925684131804,0
54151,2012-01-31,0.6251253951453466,1
54152,2012-01-31,0.14272519733230743,0
54153,2012-01-31,0.284743840935525,0
54154,2012-01-31,0.30934011217276963,0
54155,2012-01-31,0.18623006822652266,0
54156,2012-01-31,0.22038281485245226,0
54157,2012-01-31,0.5034993491870855,1
54158,2012-01-31,0.26762817409422995,1
54159,2012-01-31,0.31228676715282677,0
54160,2012-01-31,0.26098136310785175,1
54161,2012-01-31,0.21303201610600003,1
54162,2012-01-31,0.20169888158894578,0
54163,2012-01-31,0.3881839899897161,0
54164,2012-01-31,0.41354429495328937,1
54165,2012-01-31,0.3183649316023064,1
54166,2012-01-31,0.3217517287076348,1
54167,2012-01-31,0.3788370913059516,0
54168,2012-01-31,0.3134760069979634,1
54169,2012-01-31,0.2751400736603323,0
54170,2012-01-31,0.1968610737390149,0
54171,2012-01-31,0.16898832309956677,0
54172,2012-01-31,0.1346166049076186,0
54173,2012-01-31,0.3268655494829833,1
54174,2012-01-31,0.13449858829193936,0
54175,2012-01-31,0.21881211588716892,1
54176,2012-01-31,0.31332449695781633,1
54177,2012-01-31,0.27513889131954167,0
54178,2012-01-31,0.3781521503634159,0
54179,2012-01-31,0.40766163091468044,1
54180,2012-01-31,0.2129458663093604,1
54181,2012-01-31,0.6528130978140213,1
54182,2012-01-31,0.15066975640624275,0
54183,2012-01-31,0.36197243106177845,0
54184,2012-01-31,0.15915883464108405,1
54185,2012-01-31,0.36867136202401407,0
54186,2012-01-31,0.4206377483149748,0
54187,2012-01-31,0.4061326155742973,0
54188,2012-01-31,0.1875007715672093,0
54189,2012-01-31,0.4063212119930732,1
54190,2012-01-31,0.20028843414375236,0
54191,2012-01-31,0.20266270668734918,0
54192,2012-01-31,0.606587111817711,1
54193,2012-01-31,0.18162179137361859,0
54194,2012-01-31,0.3974092426994524,0
54195,2012-01-31,0.1668526690713545,0
54196,2012-01-31,0.13533285959874236,0
54197,2012-01-31,0.31340667953554874,0
54198,2012-01-31,0.3342342723639974,0
54199,2012-01-31,0.29096337521093846,1
54200,2012-01-31,0.21212024811536867,0
54201,2012-01-31,0.595661675701753,1
54202,2012-01-31,0.19387671728845807,0
54203,2012-01-31,0.17424219226059998,0
54204,2012-01-31,0.3325281986289215,0
54205,2012-01-31,0.17991401050393435,0
54206,2012-01-31,0.27243484569659054,1
54207,2012-01-31,0.6034728406168174,0
54208,2012-01-31,0.23951164824722862,1
54209,2012-01-31,0.3791879047143828,0
54210,2012-01-31,0.44266578145601265,1
54211,2012-01-31,0.2749698023453152,0
54212,2012-01-31,0.34958636786336755,1
54213,2012-01-31,0.2093379567650012,0
54214,2012-01-31,0.21898135470500427,0
54215,2012-01-31,0.3711255283459873,1
54216,2012-01-31,0.2190941903552602,1
54217,2012-01-31,0.2562863745537877,1
54218,2012-01-31,0.1473620275233736,0
54219,2012-01-31,0.310743504354944,0
54220,2012-01-31,0.1999563572015799,0
54221,2012-01-31,0.31129476300010056,1
54222,2012-01-31,0.3179668115758,0
54223,2012-01-31,0.2352510575480343,1
54224,2012-01-31,0.22208667321238695,1
54225,2012-01-31,0.20500152324077542,0
54226,2012-01-31,0.10930959165679335,1
54227,2012-01-31,0.49664225365559256,0
54228,2012-01-31,0.1863490034398684,1
54229,2012-01-31,0.32001166416646354,1
54230,2012-01-31,0.36020486524124623,1
54231,2012-01-31,0.1994897208859536,0
54232,2012-01-31,0.21951718512072535,0
54233,2012-01-31,0.27505192557180397,0
54234,2012-01-31,0.19610447957661126,0
54235,2012-01-31,0.2699932319904596,0
54236,2012-01-31,0.32861623044692095,0
54237,2012-01-31,0.28506881010991575,0
54238,2012-01-31,0.3375410584578294,1
54239,2012-01-31,0.3395410717747792,1
54240,2012-01-31,0.24031283954558574,0
54241,2012-01-31,0.14268040026504453,1
54242,2012-01-31,0.37013714629641953,1
54243,2012-01-31,0.2722978350857573,1
54244,2012-01-31,0.25650153231415634,1
54245,2012-01-31,0.12223853366274186,0
54246,2012-01-31,0.10419893252695571,0
54247,2012-01-31,0.5546533451799244,1
54248,2012-01-31,0.17308570831704972,1
54249,2012-01-31,0.2882628582155677,0
54250,2012-01-31,0.18866170242407257,0
54251,2012-01-31,0.47726480560046225,1
54252,2012-01-31,0.2654307334320706,0
54253,2012-01-31,0.20129331231873607,1
54254,2012-01-31,0.33832933063275866,0
54255,2012-01-31,0.4213940258223996,1
54256,2012-01-31,0.23033973811258512,1
54257,2012-01-31,0.2598137815693162,0
54258,2012-01-31,0.33053734633300136,0
54259,2012-01-31,0.5650288136583361,1
54260,2012-01-31,0.14146816708167848,1
54261,2012-01-31,0.4480155905917113,1
54262,2012-01-31,0.2001042078811249,1
54263,2012-01-31,0.5639043555454879,1
54264,2012-01-31,0.4607572523991456,0
54265,2012-01-31,0.17422967118585186,1
54266,2012-01-31,0.27183872863500663,1
54267,2012-01-31,0.28514796886244176,1
54268,2012-01-31,0.40386162878213866,1
54269,2012-01-31,0.3388403781837499,0
54270,2012-01-31,0.15947322558814217,0
54271,2012-01-31,0.45702215807569374,1
54272,2012-01-31,0.17306511811960537,0
54273,2012-01-31,0.34238608163304257,0
54274,2012-01-31,0.40828597147755535,0
54275,2012-01-31,0.1895114105644392,1
54276,2012-01-31,0.3172855745450769,1
54277,2012-01-31,0.31095042335962325,0
54278,2012-01-31,0.2722629832842289,0
54279,2012-01-31,0.2781970211516275,0
54280,2012-01-31,0.25467744947586446,0
54281,2012-01-31,0.3549624866435243,1
54282,2012-01-31,0.4103670420291812,1
54283,2012-01-31,0.5561761142036256,1
54284,2012-01-31,0.3380731564181601,1
54285,2012-01-31,0.49515883500178925,1
54286,2012-01-31,0.18074593322327018,0
54287,2012-01-31,0.3863028721749733,0
54288,2012-01-31,0.29346292860815415,0
54289,2012-01-31,0.29545726650339904,0
54290,2012-01-31,0.21878131556449834,1
54291,2012-01-31,0.2916874899985539,1
54292,2012-01-31,0.16341088370896856,0
54293,2012-01-31,0.2844141370936637,0
54294,2012-01-31,0.24009707073600425,0
54295,2012-01-31,0.25846999890258354,0
54296,2012-01-31,0.33796465079693844,0
54297,2012-01-31,0.2358498436700163,0
54298,2012-01-31,0.14998583702575957,0
54299,2012-01-31,0.37316062544317075,0
54300,2012-01-31,0.16112532241947009,0
54301,2012-01-31,0.10528812819238871,0
54302,2012-01-31,0.5024506507835396,0
54303,2012-01-31,0.17225420584184511,0
54304,2012-01-31,0.3497486549787027,0
54305,2012-01-31,0.4606421228290558,1
54306,2012-01-31,0.3579692569102655,0
54307,2012-01-31,0.18014204495382607,0
54308,2012-01-31,0.14432909765902238,1
54309,2012-01-31,0.4051657777955722,0
54310,2012-01-31,0.18756393255589685,0
54311,2012-01-31,0.41340764648142186,1
54312,2012-01-31,0.17958269699708396,1
54313,2012-01-31,0.2041552620868839,1
54314,2012-01-31,0.2166135524787881,0
54315,2012-01-31,0.44474438452082937,1
54316,2012-01-31,0.20332896301147688,0
54317,2012-01-31,0.29654399270840903,1
54318,2012-01-31,0.22247724341406008,0
54319,2012-01-31,0.36156959535780103,1
54320,2012-01-31,0.5073210478317899,1
54321,2012-01-31,0.176131317755625,1
54322,2012-01-31,0.4084233730711006,0
54323,2012-01-31,0.27024905398441673,0
54324,2012-01-31,0.2057209606717389,0
54325,2012-01-31,0.43316462924586163,1
54326,2012-01-31,0.3791142733871103,1
54327,2012-01-31,0.3835481165970029,1
54328,2012-01-31,0.268144636488538,1
54329,2012-01-31,0.392140579155697,1
54330,2012-01-31,0.30915292300178504,1
54331,2012-01-31,0.20024223726590096,0
54332,2012-01-31,0.23178591631801618,0
54333,2012-01-31,0.18494834446054123,1
54334,2012-01-31,0.14935511706756777,0
54335,2012-01-31,0.19021458385186069,0
54336,2012-01-31,0.2798950587211438,1
54337,2012-01-31,0.26376356289913094,1
54338,2012-01-31,0.42138126873100196,1
54339,2012-01-31,0.10546354861726126,1
54340,2012-01-31,0.40259101372513517,0
54341,2012-01-31,0.19402054115183878,0
54342,2012-01-31,0.5580475572016541,1
54343,2012-01-31,0.23323745523963615,0
54344,2012-01-31,0.22988957220173678,1
54345,2012-01-31,0.5140379429626724,1
54346,2012-01-31,0.20272126335195387,0
54347,2012-01-31,0.35285613930411563,0
54348,2012-01-31,0.34119814127171094,1
54349,2012-01-31,0.5681268374462225,1
54350,2012-01-31,0.28035896043890396,0
54351,2012-01-31,0.23510984175214808,1
54352,2012-01-31,0.25889606944459487,1
54353,2012-01-31,0.3692217571084577,0
54354,2012-01-31,0.40977070369291885,0
54355,2012-01-31,0.2029088854090844,1
54356,2012-01-31,0.11669029780222714,0
54357,2012-01-31,0.4119392376527881,0
54358,2012-01-31,0.3153486097170578,0
54359,2012-01-31,0.40314320370247847,0
54360,2012-01-31,0.3035653491328397,0
54361,2012-01-31,0.206379522738459,0
54362,2012-01-31,0.23374383992150263,0
54363,2012-01-31,0.20370335168700487,1
54364,2012-01-31,0.2731166606822032,0
54365,2012-01-31,0.38067597255251157,0
54366,2012-01-31,0.1891730697282573,0
54367,2012-01-31,0.33946865810621474,0
54368,2012-01-31,0.13777403321429543,0
54369,2012-01-31,0.41801235114636065,0
54370,2012-01-31,0.4559129769638117,0
54371,2012-01-31,0.4385299851617065,0
54372,2012-01-31,0.18284886161637978,1
54373,2012-01-31,0.5081345292887327,1
54374,2012-01-31,0.1750426302572769,1
54375,2012-01-31,0.2161348357379529,1
54376,2012-01-31,0.2109662825679634,0
54377,2012-01-31,0.2684345401762443,1
54378,2012-01-31,0.34423354495923103,0
54379,2012-01-31,0.21438291963950507,0
54380,2012-01-31,0.2411916990065374,1
54381,2012-01-31,0.16205120338052162,0
54382,2012-01-31,0.14644283193610813,0
54383,2012-01-31,0.2581018143403032,1
54384,2012-01-31,0.3299397940485392,1
54385,2012-01-31,0.24220007946634847,0
54386,2012-01-31,0.2458349827328285,0
54387,2012-01-31,0.1731089948261087,0
54388,2012-01-31,0.3384940968169616,0
54389,2012-01-31,0.16723525123851593,0
54390,2012-01-31,0.20540990237140747,0
54391,2012-01-31,0.17877348360750164,0
54392,2012-01-31,0.19555996885251561,0
54393,2012-01-31,0.3229168526007414,0
54394,2012-01-31,0.31220872415264417,0
54395,2012-01-31,0.33158563150771364,0
54396,2012-01-31,0.11121764846883454,0
54397,2012-01-31,0.17472054852714797,1
54398,2012-01-31,0.2835175062026605,1
54399,2012-01-31,0.4586138222628247,1
54400,2012-01-31,0.19553873428521726,0
54401,2012-01-31,0.23862074070062017,0
54402,2012-01-31,0.21991725916818267,0
54403,2012-01-31,0.370795513426723,0
54404,2012-01-31,0.3169520068110966,0
54405,2012-01-31,0.22130560689235496,1
54406,2012-01-31,0.3319703078778491,1
54407,2012-01-31,0.47680399157721154,1
54408,2012-01-31,0.45535423950177134,0
54409,2012-01-31,0.3709038368941889,0
54410,2012-01-31,0.1381856284119735,1
54411,2012-01-31,0.17062131200121994,1
54412,2012-01-31,0.501102053872848,1
54413,2012-01-31,0.5669422437603692,1
54414,2012-01-31,0.3274777635106322,0
54415,2012-01-31,0.2842804233747879,0
54416,2012-01-31,0.1833141800934054,0
54417,2012-01-31,0.30599210357631473,1
54418,2012-01-31,0.23274606679078005,0
54419,2012-01-31,0.31798123031229963,0
54420,2012-01-31,0.33831372118661385,0
54421,2012-01-31,0.12615993516673807,0
54422,2012-01-31,0.45936220883326534,1
54423,2012-01-31,0.2174586527319042,1
54424,2012-01-31,0.20821705307547547,1
54425,2012-01-31,0.20929896974119383,0
54426,2012-01-31,0.27239662707730206,1
54427,2012-01-31,0.5693803827166343,1
54428,2012-01-31,0.3027170614750438,0
54429,2012-01-31,0.17971514245926418,0
54430,2012-01-31,0.4501845413480361,1
54431,2012-01-31,0.19103734017988966,1
54432,2012-01-31,0.6048280881745243,0
54433,2012-01-31,0.31017512545019216,0
54434,2012-01-31,0.2705909505138595,1
54435,2012-01-31,0.29311124679117145,1
54436,2012-01-31,0.31298793484164134,0
54437,2012-01-31,0.22566503101173738,0
54438,2012-01-31,0.1681306276398256,0
54439,2012-01-31,0.18816224816313162,0
54440,2012-01-31,0.3539328614627119,0
54441,2012-01-31,0.5899283298279033,0
54442,2012-01-31,0.23023117908568738,0
54443,2012-01-31,0.35121002254360006,0
54444,2012-01-31,0.3233248241134407,0
54445,2012-01-31,0.3619930216263237,1
54446,2012-01-31,0.18198750020340543,0
54447,2012-01-31,0.3536682756982001,0
54448,2012-01-31,0.285299481650897,0
54449,2012-01-31,0.5929963416091953,1
54450,2012-01-31,0.19035089182489381,0
54451,2012-01-31,0.24399404649766193,0
54452,2012-01-31,0.373688416780128,0
54453,2012-01-31,0.20270635496999714,1
54454,2012-01-31,0.3020826942497885,1
54455,2012-01-31,0.1755284424095403,0
54456,2012-01-31,0.30434541434113516,0
54457,2012-01-31,0.1005952711867091,0
54458,2012-01-31,0.15428803449090528,0
54459,2012-01-31,0.1893605426701956,0
54460,2012-01-31,0.1778100658093067,1
54461,2012-01-31,0.28648509859276766,0
54462,2012-01-31,0.4523579138380609,0
54463,2012-01-31,0.4085523182392826,0
54464,2012-01-31,0.5083632335736368,1
54465,2012-01-31,0.2100809448387766,0
54466,2012-01-31,0.39063066873675606,1
54467,2012-01-31,0.3018292059966928,0
54468,2012-01-31,0.29863293338935476,1
54469,2012-01-31,0.1637621198002549,0
54470,2012-01-31,0.5880362752765405,1
54471,2012-01-31,0.25307835465806394,0
54472,2012-01-31,0.19747929379706386,0
54473,2012-01-31,0.29127017022911506,1
54474,2012-01-31,0.24730296104548938,0
54475,2012-01-31,0.1672871307505262,0
54476,2012-01-31,0.3438943328969878,1
54477,2012-01-31,0.20613829578521659,0
54478,2012-01-31,0.28635480717069545,0
54479,2012-01-31,0.1486043822343531,0
54480,2012-01-31,0.21227820289742136,0
54481,2012-01-31,0.16706569311743508,0
54482,2012-01-31,0.15576358725481176,0
54483,2012-01-31,0.21321011709843346,0
54484,2012-01-31,0.31689834415323476,1
54485,2012-01-31,0.16125353207924217,0
54486,2012-01-31,0.2883743432661587,0
54487,2012-01-31,0.3484558853759827,0
54488,2012-01-31,0.3426462389770335,0
54489,2012-01-31,0.14618276529924096,0
54490,2012-01-31,0.0922753033078591,0
54491,2012-01-31,0.1707950172034654,1
54492,2012-01-31,0.38655327291363023,0
54493,2012-01-31,0.2788958753875803,1
54494,2012-01-31,0.1818492991320542,0
54495,2012-01-31,0.2427252764526964,0
54496,2012-01-31,0.22604409221628,0
54497,2012-01-31,0.14411772018158622,1
54498,2012-01-31,0.3834368743016478,1
54499,2012-01-31,0.2993588925446451,0
54500,2012-01-31,0.4535116664703289,0
54501,2012-01-31,0.18608466726611717,0
54502,2012-01-31,0.20158535358915672,0
54503,2012-01-31,0.26020214280639464,0
54504,2012-01-31,0.22214528566152886,1
54505,2012-01-31,0.23042182242931422,0
54506,2012-01-31,0.4975558524936554,1
54507,2012-01-31,0.21833094101913084,1
54508,2012-01-31,0.3979239429553581,1
54509,2012-01-31,0.2594515930177224,0
54510,2012-01-31,0.23658955003150642,0
54511,2012-01-31,0.2382652841206687,0
54512,2012-01-31,0.1747250247399624,0
54513,2012-01-31,0.20974047648232447,0
54514,2012-01-31,0.4286449064152052,0
54515,2012-01-31,0.40119501359036003,1
54516,2012-01-31,0.3854062859818031,0
54517,2012-01-31,0.2064982158800215,1
54518,2012-01-31,0.27255566269314235,0
54519,2012-01-31,0.2835057977658632,1
54520,2012-01-31,0.24577598984279833,0
54521,2012-01-31,0.14795491537747804,0
54522,2012-01-31,0.21838366855710242,0
54523,2012-01-31,0.1263443524508232,0
54524,2012-01-31,0.19393731773691536,0
54525,2012-01-31,0.2099183813827727,0
54526,2012-01-31,0.25887246927912083,1
54527,2012-01-31,0.2913967636161824,0
54528,2012-01-31,0.345104761566063,0
54529,2012-01-31,0.26548545834709264,0
54530,2012-01-31,0.18932288967593464,0
54531,2012-01-31,0.5038316828080504,0
54532,2012-01-31,0.18835157487021578,0
54533,2012-01-31,0.23743141534135426,0
54534,2012-01-31,0.1677235565261082,0
54535,2012-01-31,0.1984620887184305,0
54536,2012-01-31,0.3974418923215221,1
54537,2012-01-31,0.2910722589607711,1
54538,2012-01-31,0.2310906681289272,0
54539,2012-01-31,0.47985431277559976,0
54540,2012-01-31,0.4135281948634261,1
54541,2012-01-31,0.2794968438258203,0
54542,2012-01-31,0.39268217768677605,0
54543,2012-01-31,0.16713454559117163,0
54544,2012-01-31,0.1351408829030662,0
54545,2012-01-31,0.18667036665589554,1
54546,2012-01-31,0.45061651297700406,0
54547,2012-01-31,0.184174130829845,1
54548,2012-01-31,0.2559116558367743,0
54549,2012-01-31,0.319336479751468,1
54550,2012-01-31,0.25141692885822875,0
54551,2012-01-31,0.22572528509177356,0
54552,2012-01-31,0.3602272208079758,1
54553,2012-01-31,0.15128124168905763,0
54554,2012-01-31,0.1884891619687951,0
54555,2012-01-31,0.40780278360499245,0
54556,2012-01-31,0.2510263650464762,0
54557,2012-01-31,0.39332632130676354,1
54558,2012-01-31,0.3497862054814014,0
54559,2012-01-31,0.20833339816484178,0
54560,2012-01-31,0.23006188037756067,1
54561,2012-01-31,0.29807351093309126,0
54562,2012-01-31,0.3004933582619498,0
54563,2012-01-31,0.21781344341513162,0
54564,2012-01-31,0.2305761508576116,0
54565,2012-01-31,0.30052324856454526,1
54566,2012-01-31,0.3385643204717825,0
54567,2012-01-31,0.19564625237443317,0
54568,2012-01-31,0.3684730736935236,0
54569,2012-01-31,0.2531506989454738,0
54570,2012-01-31,0.18990152992465748,1
54571,2012-01-31,0.18926977563923345,0
54572,2012-01-31,0.26330129640266015,0
54573,2012-01-31,0.21667490580441764,1
54574,2012-01-31,0.29911756033234177,1
54575,2012-01-31,0.2773273547194582,1
54576,2012-01-31,0.1536318424141313,1
54577,2012-01-31,0.18707383924739787,1
54578,2012-01-31,0.1612154187450657,0
54579,2012-01-31,0.20068456337014748,0
54580,2012-01-31,0.36584649060834723,0
54581,2012-01-31,0.2661169239298997,0
54582,2012-01-31,0.2585738147255543,0
54583,2012-01-31,0.20290629261941562,0
54584,2012-01-31,0.24307665080257637,0
54585,2012-01-31,0.27042694493417363,0
54586,2012-01-31,0.32856053112005973,1
54587,2012-01-31,0.18537402147201698,0
54588,2012-01-31,0.3165736877276846,0
54589,2012-01-31,0.5295286238859613,0
54590,2012-01-31,0.3307302919407068,0
54591,2012-01-31,0.2647796205167514,0
54592,2012-01-31,0.30389582555326566,0
54593,2012-01-31,0.33945059142728334,0
54594,2012-01-31,0.33927078383386267,1
54595,2012-01-31,0.4219890420400014,0
54596,2012-01-31,0.2046006217267176,1
54597,2012-01-31,0.2096008172315453,0
54598,2012-01-31,0.1360752013983406,0
54599,2012-01-31,0.22714665832821265,1
54600,2012-01-31,0.18338432955733827,1
54601,2012-01-31,0.2264504590546159,1
54602,2012-01-31,0.15450052346550028,0
54603,2012-01-31,0.37734196512131807,0
54604,2012-01-31,0.2974169035101789,0
54605,2012-01-31,0.33148716828814234,0
54606,2012-01-31,0.15569130018516072,0
54607,2012-01-31,0.19959493854236676,0
54608,2012-01-31,0.3948493761127297,1
54609,2012-01-31,0.4643149728283012,1
54610,2012-01-31,0.3718278517849739,1
54611,2012-01-31,0.21028451248201968,0
54612,2012-01-31,0.3127321980122163,0
54613,2012-01-31,0.19256118312014597,0
54614,2012-01-31,0.219547417480955,0
54615,2012-01-31,0.13306387286985327,0
54616,2012-01-31,0.24017224444489246,0
54617,2012-01-31,0.23916193880106026,0
54618,2012-01-31,0.31254207339338513,0
54619,2012-01-31,0.1858408252062416,1
54620,2012-01-31,0.21169395689396,0
54621,2012-01-31,0.30185409073403596,0
54622,2012-01-31,0.23876695192840094,0
54623,2012-01-31,0.16525541888718878,1
54624,2012-01-31,0.2958959167146879,1
54625,2012-01-31,0.4757305280129103,1
54626,2012-01-31,0.30516754284762065,1
54627,2012-01-31,0.3629676671916045,0
54628,2012-01-31,0.2553286434433957,1
54629,2012-01-31,0.2081451201529607,0
54630,2012-01-31,0.35215629029348644,0
54631,2012-01-31,0.2519235386021243,1
54632,2012-01-31,0.32863427957965846,1
54633,2012-01-31,0.15335182797997488,1
54634,2012-01-31,0.18896910026409344,0
54635,2012-01-31,0.22119115582150325,0
54636,2012-01-31,0.3130116468104662,1
54637,2012-01-31,0.4300250182769544,0
54638,2012-01-31,0.17586463473189065,1
54639,2012-01-31,0.39860815212473305,0
54640,2012-01-31,0.3215967483269495,1
54641,2012-01-31,0.5995505260670752,1
54642,2012-01-31,0.2894819118246896,0
54643,2012-01-31,0.4728892054029184,1
54644,2012-01-31,0.3146757148820404,1
54645,2012-01-31,0.3237141965987651,1
54646,2012-01-31,0.2722746837127235,1
54647,2012-01-31,0.2011510567635979,1
54648,2012-01-31,0.1808743678555082,1
54649,2012-01-31,0.33409509874520565,0
54650,2012-01-31,0.23902357924020953,0
54651,2012-01-31,0.32597896887789785,0
54652,2012-01-31,0.2859706338171279,0
54653,2012-01-31,0.18032493894810267,0
54654,2012-01-31,0.23873256722743233,0
54655,2012-01-31,0.38036606735813877,1
54656,2012-01-31,0.4095140878142889,1
54657,2012-01-31,0.3731781421810228,1
54658,2012-01-31,0.15506520851942204,0
54659,2012-01-31,0.3804834352288766,0
54660,2012-01-31,0.26416099411528465,0
54661,2012-01-31,0.4126348500576324,1
54662,2012-01-31,0.41336141452545827,1
54663,2012-01-31,0.21397599991913394,0
54664,2012-01-31,0.31918354173083885,1
54665,2012-01-31,0.19589818866838987,0
54666,2012-01-31,0.5077386828954684,0
54667,2012-01-31,0.2517824584826056,1
54668,2012-01-31,0.26160198477454055,0
54669,2012-01-31,0.2982493298155983,1
54670,2012-01-31,0.3608105828101273,0
54671,2012-01-31,0.3298239317903961,0
54672,2012-01-31,0.24720312807738193,0
54673,2012-01-31,0.18732829912787485,0
54674,2012-01-31,0.2740663078266471,1
54675,2012-01-31,0.3036626004822507,0
54676,2012-01-31,0.2978710810468702,0
54677,2012-01-31,0.33326033238827596,0
54678,2012-01-31,0.32733621511753686,1
54679,2012-01-31,0.21716880316511225,1
54680,2012-01-31,0.2435114477309384,0
54681,2012-01-31,0.3823587225496593,0
54682,2012-01-31,0.14855646692939364,0
54683,2012-01-31,0.2387277883087914,0
54684,2012-01-31,0.2861659714506583,0
54685,2012-01-31,0.321266078506972,1
54686,2012-01-31,0.23751755228072605,0
54687,2012-01-31,0.4209241754597502,0
54688,2012-01-31,0.18892716662855571,1
54689,2012-01-31,0.16638465106974806,0
54690,2012-01-31,0.1941517108736561,1
54691,2012-01-31,0.3841898242509465,0
54692,2012-01-31,0.16902040545477837,1
54693,2012-01-31,0.398800851151373,0
54694,2012-01-31,0.3039182798869493,1
54695,2012-01-31,0.1988153360452645,1
54696,2012-01-31,0.23157510456294375,0
54697,2012-01-31,0.3845823792228407,1
54698,2012-01-31,0.17509592082828776,0
54699,2012-01-31,0.2647032624072764,0
54700,2012-01-31,0.2408943336647565,0
54701,2012-01-31,0.19591274517581486,0
54702,2012-01-31,0.5104590575001718,1
54703,2012-01-31,0.2575440900943294,0
54704,2012-01-31,0.3651346072060331,0
54705,2012-01-31,0.318411618310304,1
54706,2012-01-31,0.33018966336761946,1
54707,2012-01-31,0.12596287822088184,0
54708,2012-01-31,0.23879330476617308,0
54709,2012-01-31,0.2375044618719672,0
54710,2012-01-31,0.45647066236342854,0
54711,2012-01-31,0.21419194195007288,0
54712,2012-01-31,0.18814907430644487,1
54713,2012-01-31,0.3638031605419294,0
54714,2012-01-31,0.39853566302885435,0
54715,2012-01-31,0.38101111513770647,1
54716,2012-01-31,0.36829932424097167,0
54717,2012-01-31,0.17621710723165776,0
54718,2012-01-31,0.2663113877394132,1
54719,2012-01-31,0.3521538848950092,0
54720,2012-01-31,0.5168206367860272,1
54721,2012-01-31,0.48249829638243263,0
54722,2012-01-31,0.18961566539535415,1
54723,2012-01-31,0.18543336079053852,1
54724,2012-01-31,0.3163172667775456,1
54725,2012-01-31,0.2708217183044808,0
54726,2012-01-31,0.24670986944392728,0
54727,2012-01-31,0.215827712404937,1
54728,2012-01-31,0.16241089155792174,0
54729,2012-01-31,0.4370253045807975,1
54730,2012-01-31,0.3863144176062027,1
54731,2012-01-31,0.3103470885797366,0
54732,2012-01-31,0.32767453427562354,1
54733,2012-01-31,0.343659523075505,0
54734,2012-01-31,0.6392296207834789,1
54735,2012-01-31,0.1802312895743472,0
54736,2012-01-31,0.2080467593955684,1
54737,2012-01-31,0.2557720054123382,1
54738,2012-01-31,0.4607445439343471,0
54739,2012-01-31,0.2603923078127674,0
54740,2012-01-31,0.4274553731130943,0
54741,2012-01-31,0.22435417121122392,0
54742,2012-01-31,0.36198138798648416,0
54743,2012-01-31,0.15178826860001565,1
54744,2012-01-31,0.3210520586959404,1
54745,2012-01-31,0.21289489287720106,0
54746,2012-01-31,0.2122774452627725,1
54747,2012-01-31,0.30930670759826356,0
54748,2012-01-31,0.47361502975454867,0
54749,2012-01-31,0.20173249127398837,0
54750,2012-01-31,0.3104432116606136,0
54751,2012-01-31,0.4580144369994697,1
54752,2012-01-31,0.3355543136727695,0
54753,2012-01-31,0.30446312511928486,0
54754,2012-01-31,0.29103300062940485,1
54755,2012-01-31,0.34691311617958587,0
54756,2012-01-31,0.20733506381913464,1
54757,2012-01-31,0.4541771912843872,1
54758,2012-01-31,0.33381201375003766,1
54759,2012-01-31,0.17689201188919196,0
54760,2012-01-31,0.3003494633836133,0
54761,2012-01-31,0.37619686861562146,1
54762,2012-01-31,0.1699243476107264,0
54763,2012-01-31,0.3119669510088167,1
54764,2012-01-31,0.23991102534224282,0
54765,2012-01-31,0.2130196278211873,0
54766,2012-01-31,0.3296144286381569,1
54767,2012-01-31,0.16486957281382364,1
54768,2012-01-31,0.1640532242841129,1
54769,2012-01-31,0.3238195290092093,0
54770,2012-01-31,0.2575841289516397,0
54771,2012-01-31,0.34450932401960727,1
54772,2012-01-31,0.3118801149061739,1
54773,2012-01-31,0.28746659317731194,0
54774,2012-01-31,0.5112726667859099,1
54775,2012-01-31,0.3231419120374245,0
54776,2012-01-31,0.35518768062041106,0
54777,2012-01-31,0.2912019145115445,1
54778,2012-01-31,0.2262458749172446,1
54779,2012-01-31,0.176731482621826,0
54780,2012-01-31,0.2810537326527463,0
54781,2012-01-31,0.22962691048893302,0
54782,2012-01-31,0.30367101271379465,1
54783,2012-01-31,0.4081377775859226,1
54784,2012-01-31,0.39740199963528167,1
54785,2012-01-31,0.1679549336629587,1
54786,2012-01-31,0.36219458661646015,0
54787,2012-01-31,0.20868763228894677,0
54788,2012-01-31,0.26567000389151807,0
54789,2012-01-31,0.32467612033800075,0
54790,2012-01-31,0.3156690848048197,1
54791,2012-01-31,0.2576781632890037,0
54792,2012-01-31,0.18426865246402893,0
54793,2012-01-31,0.28836517551334584,1
54794,2012-01-31,0.4283984033332751,0
54795,2012-01-31,0.45025618408210505,1
54796,2012-01-31,0.2268309843333402,1
54797,2012-01-31,0.19514874554501307,1
54798,2012-01-31,0.316504473015312,0
54799,2012-01-31,0.15257780660850168,0
54800,2012-01-31,0.11592828529982971,0
54801,2012-01-31,0.3455468605053604,1
54802,2012-01-31,0.271643223486357,0
54803,2012-01-31,0.1731393199090618,0
54804,2012-01-31,0.2438681303368755,0
54805,2012-01-31,0.15238919520457794,1
54806,2012-01-31,0.2840948508425272,0
54807,2012-01-31,0.17787899565280274,0
54808,2012-01-31,0.329409263944357,0
54809,2012-01-31,0.322857312473532,1
54810,2012-01-31,0.2678842556520569,1
54811,2012-01-31,0.30149268194063966,0
54812,2012-01-31,0.3440360938011312,0
54813,2012-01-31,0.15959435637665764,1
54814,2012-01-31,0.2917912357768447,1
54815,2012-01-31,0.3671857146805664,1
54816,2012-01-31,0.30006024561025335,0
54817,2012-01-31,0.25708355772149405,0
54818,2012-01-31,0.1909013426204379,1
54819,2012-01-31,0.20815041856284772,1
54820,2012-01-31,0.21060777937055086,0
54821,2012-01-31,0.4093815364236643,1
54822,2012-01-31,0.3833563434208577,1
54823,2012-01-31,0.4738932382412633,1
54824,2012-01-31,0.3688957425936801,0
54825,2012-01-31,0.38511170582306675,1
54826,2012-01-31,0.1745797517733121,0
54827,2012-01-31,0.2994455719151873,0
54828,2012-01-31,0.23690553438376055,1
54829,2012-01-31,0.17687129584515648,0
54830,2012-01-31,0.43503581804137714,1
54831,2012-01-31,0.47934792578056395,0
54832,2012-01-31,0.18614587153851941,1
54833,2012-01-31,0.1552288544293812,0
54834,2012-01-31,0.20450312424148517,0
54835,2012-01-31,0.4240517036352557,1
54836,2012-01-31,0.25310891202354424,1
54837,2012-01-31,0.35565608783413133,0
54838,2012-01-31,0.2049843414230339,1
54839,2012-01-31,0.20536408149173205,1
54840,2012-01-31,0.1882527864641121,1
54841,2012-01-31,0.13541052261950814,0
54842,2012-01-31,0.2525939183353812,1
54843,2012-01-31,0.3283857060136976,0
54844,2012-01-31,0.6376585118002313,1
54845,2012-01-31,0.19718354093250598,0
54846,2012-01-31,0.3536874626770189,1
54847,2012-01-31,0.4155663622547286,0
54848,2012-01-31,0.16522925871153077,0
54849,2012-01-31,0.32399751912328606,0
54850,2012-01-31,0.20094775291704117,0
54851,2012-01-31,0.24686747105023749,0
54852,2012-01-31,0.4197526507671023,0
54853,2012-01-31,0.21305040278582454,0
54854,2012-01-31,0.2639276378001413,1
54855,2012-01-31,0.23379575271032293,0
54856,2012-01-31,0.2969539343023644,0
54857,2012-01-31,0.142568462250188,0
54858,2012-01-31,0.2635012330810311,0
54859,2012-01-31,0.29350871066523154,1
54860,2012-01-31,0.5791631303439485,1
54861,2012-01-31,0.3793270392116694,0
54862,2012-01-31,0.2871845594130637,1
54863,2012-01-31,0.4591731919032642,0
54864,2012-01-31,0.2176269749699206,0
54865,2012-01-31,0.28079223655049046,0
54866,2012-01-31,0.3315445042802596,0
54867,2012-01-31,0.29856065069605825,0
54868,2012-01-31,0.20309061145812682,0
54869,2012-01-31,0.3122595102779436,1
54870,2012-01-31,0.23684798363163576,0
54871,2012-01-31,0.22419888173277222,1
54872,2012-01-31,0.1605169786167304,1
54873,2012-01-31,0.20571227285733162,0
54874,2012-01-31,0.26340807028439217,0
54875,2012-01-31,0.2930672451526363,1
54876,2012-01-31,0.1782231917125777,0
54877,2012-01-31,0.33102542763295756,0
54878,2012-01-31,0.3354535973625821,0
54879,2012-01-31,0.2136612167196865,0
54880,2012-01-31,0.3261828237009951,0
54881,2012-01-31,0.2889965588163609,0
54882,2012-01-31,0.18275796112629472,0
54883,2012-01-31,0.3230567699241638,1
54884,2012-01-31,0.2835476560998352,1
54885,2012-01-31,0.4706898042137054,0
54886,2012-01-31,0.1466350889815105,1
54887,2012-01-31,0.4355593364504192,1
54888,2012-01-31,0.28588338731870294,0
54889,2012-01-31,0.3233975641095032,0
54890,2012-01-31,0.19646996219945562,1
54891,2012-01-31,0.21724904017780147,1
54892,2012-01-31,0.2736168782604584,1
54893,2012-01-31,0.14700958910462322,0
54894,2012-01-31,0.19764117368194445,0
54895,2012-01-31,0.2720200672934535,0
54896,2012-01-31,0.41680201627051783,0
54897,2012-01-31,0.0915646775574966,0
54898,2012-01-31,0.41469345294298343,1
54899,2012-01-31,0.3092086004663297,1
54900,2012-01-31,0.2662136005787889,0
54901,2012-01-31,0.5824032453513984,0
54902,2012-01-31,0.10210034941749245,0
54903,2012-01-31,0.21990116524500167,1
54904,2012-01-31,0.328094329788867,0
54905,2012-01-31,0.26942637265543595,1
54906,2012-01-31,0.3375029035580243,0
54907,2012-01-31,0.2014192524886295,1
54908,2012-01-31,0.45359010277426326,1
54909,2012-01-31,0.15421120248550618,0
54910,2012-01-31,0.368288847709021,0
54911,2012-01-31,0.21649142995838466,1
54912,2012-01-31,0.1582623528710639,0
54913,2012-01-31,0.39543883148280035,0
54914,2012-01-31,0.2712717670413805,0
54915,2012-01-31,0.36763775417979433,0
54916,2012-01-31,0.17792292378987795,0
54917,2012-01-31,0.2748161515057796,0
54918,2012-01-31,0.1747621376714319,1
54919,2012-01-31,0.43758308287401076,0
54920,2012-01-31,0.3049293954107973,1
54921,2012-01-31,0.1800527656071021,0
54922,2012-01-31,0.36444484708109554,1
54923,2012-01-31,0.2083891694899004,0
54924,2012-01-31,0.3585746905712036,1
54925,2012-01-31,0.34041210554100726,1
54926,2012-01-31,0.347085465545958,0
54927,2012-01-31,0.1710168885688225,0
54928,2012-01-31,0.1337520036772863,0
54929,2012-01-31,0.2042826718056754,0
54930,2012-01-31,0.31819132305455455,1
54931,2012-01-31,0.17458167208082423,0
54932,2012-01-31,0.15143457833615215,0
54933,2012-01-31,0.15780942740811835,0
54934,2012-01-31,0.19416181031308208,0
54935,2012-01-31,0.28189351565110693,0
54936,2012-01-31,0.4113524731564039,0
54937,2012-01-31,0.2561407820614029,0
54938,2012-01-31,0.248706822440824,0
54939,2012-01-31,0.1734398045101237,0
54940,2012-01-31,0.29105369915007007,0
54941,2012-01-31,0.2773138972126612,0
54942,2012-01-31,0.21093602058632005,0
54943,2012-01-31,0.32526421592490873,0
54944,2012-01-31,0.2880107961999277,0
54945,2012-01-31,0.14232505676123425,0
54946,2012-01-31,0.2939235247111705,1
54947,2012-01-31,0.21780956041880492,1
54948,2012-01-31,0.33015313058181367,1
54949,2012-01-31,0.25720614826391786,1
54950,2012-01-31,0.275139698262846,0
54951,2012-01-31,0.2812874737123209,0
54952,2012-01-31,0.1232501539970722,0
54953,2012-01-31,0.22384819849312235,1
54954,2012-01-31,0.1828299453037817,0
54955,2012-01-31,0.20758860169574023,0
54956,2012-01-31,0.3901904805623145,0
54957,2012-01-31,0.1815423057306439,0
54958,2012-01-31,0.24912780184032923,1
54959,2012-01-31,0.31240243644825066,0
54960,2012-01-31,0.16932051706628934,0
54961,2012-01-31,0.20751765080348053,0
54962,2012-01-31,0.3532236450254456,1
54963,2012-01-31,0.1762991990551238,0
54964,2012-01-31,0.18801038890004726,0
54965,2012-01-31,0.39455388889687376,1
54966,2012-01-31,0.2949803869620139,1
54967,2012-02-01,0.3048872091476881,1
54968,2012-02-01,0.15355736611067147,0
54969,2012-02-01,0.17974441547077863,1
54970,2012-02-01,0.18063082375674816,0
54971,2012-02-01,0.3394574341625645,1
54972,2012-02-01,0.18270230166315585,0
54973,2012-02-01,0.3593185254877576,1
54974,2012-02-01,0.24079908083819795,1
54975,2012-02-01,0.2947017346905383,0
54976,2012-02-01,0.09832605161930681,1
54977,2012-02-01,0.3821021667017923,0
54978,2012-02-01,0.37968738394971496,1
54979,2012-02-01,0.2578547092815371,0
54980,2012-02-01,0.21677626217732143,0
54981,2012-02-01,0.21159447454256247,0
54982,2012-02-01,0.17560679167172596,1
54983,2012-02-01,0.3766150045495692,1
54984,2012-02-01,0.35832557040847296,1
54985,2012-02-01,0.27815453696005404,1
54986,2012-02-01,0.1634975448197311,0
54987,2012-02-01,0.3245765353740313,0
54988,2012-02-01,0.24079586306317055,1
54989,2012-02-01,0.19994826946664743,1
54990,2012-02-01,0.18470537815048688,1
54991,2012-02-01,0.3400311539068639,0
54992,2012-02-01,0.3430500231750797,0
54993,2012-02-01,0.22562751117598615,0
54994,2012-02-01,0.27577238297737555,0
54995,2012-02-01,0.31177668551407894,1
54996,2012-02-01,0.35977928123963554,1
54997,2012-02-01,0.2618072079415591,0
54998,2012-02-01,0.18106633719698637,1
54999,2012-02-01,0.25414766141378664,1
55000,2012-02-01,0.23591203254464868,1
55001,2012-02-01,0.21243715357001072,0
55002,2012-02-01,0.2970884327545155,0
55003,2012-02-01,0.19793516055126237,0
55004,2012-02-01,0.36836625004371754,1
55005,2012-02-01,0.20481512848516992,0
55006,2012-02-01,0.2164153343040522,1
55007,2012-02-01,0.3007082822969915,1
55008,2012-02-01,0.2785459734561979,1
55009,2012-02-01,0.22448687087236094,0
55010,2012-02-01,0.36810647487813014,1
55011,2012-02-01,0.29112566317231464,0
55012,2012-02-01,0.1869384714546762,0
55013,2012-02-01,0.3379754096114259,1
55014,2012-02-01,0.25620399214839557,0
55015,2012-02-01,0.36817431126876937,0
55016,2012-02-01,0.1879720220241152,1
55017,2012-02-01,0.14990354086954308,1
55018,2012-02-01,0.2529806867039542,1
55019,2012-02-01,0.2163743944013312,0
55020,2012-02-01,0.17171512648145348,0
55021,2012-02-01,0.15796865286910397,0
55022,2012-02-01,0.16347409803299617,0
55023,2012-02-01,0.23508971449801477,1
55024,2012-02-01,0.23012023048756097,0
55025,2012-02-01,0.3017169480802182,1
55026,2012-02-01,0.11339546300771312,0
55027,2012-02-01,0.18541681190749706,1
55028,2012-02-01,0.40851817337731167,1
55029,2012-02-01,0.3082333427674041,0
55030,2012-02-01,0.32027788511704897,1
55031,2012-02-01,0.3375301842160933,1
55032,2012-02-01,0.20956388614217927,1
55033,2012-02-01,0.2888484970183839,1
55034,2012-02-01,0.29355034285742565,1
55035,2012-02-01,0.21458518248729352,1
55036,2012-02-01,0.1925785798829992,1
55037,2012-02-01,0.2988908002924035,1
55038,2012-02-01,0.1897457932509309,1
55039,2012-02-01,0.2916458717776492,0
55040,2012-02-01,0.49904484865895793,0
55041,2012-02-01,0.1795825354393433,1
55042,2012-02-01,0.3522089885131494,0
55043,2012-02-01,0.27143460721023055,1
55044,2012-02-01,0.321119194148731,1
55045,2012-02-01,0.1792508108358125,1
55046,2012-02-01,0.20002837117446595,0
55047,2012-02-01,0.2101119525791458,0
55048,2012-02-01,0.23104674030932826,1
55049,2012-02-01,0.1870542312493973,0
55050,2012-02-01,0.3133347431453269,0
55051,2012-02-01,0.20043754509200581,1
55052,2012-02-01,0.1903078794967758,0
55053,2012-02-01,0.28549597913190405,0
55054,2012-02-01,0.2745170213617664,0
55055,2012-02-01,0.256952245831251,0
55056,2012-02-01,0.34451788919950416,1
55057,2012-02-01,0.18180360323599074,1
55058,2012-02-01,0.20488737255702671,1
55059,2012-02-01,0.1810542202546653,0
55060,2012-02-01,0.1872430942145662,1
55061,2012-02-01,0.30952152399825394,1
55062,2012-02-01,0.2698689560817781,0
55063,2012-02-01,0.3112146123633037,1
55064,2012-02-01,0.12552643794773455,0
55065,2012-02-01,0.33601898172175837,0
55066,2012-02-01,0.22489992215485463,1
55067,2012-02-01,0.22718994417953078,0
55068,2012-02-01,0.1870170741172469,1
55069,2012-02-01,0.20003219711811887,0
55070,2012-02-01,0.21508978217591918,0
55071,2012-02-01,0.21465490684488317,0
55072,2012-02-01,0.39613539240507517,1
55073,2012-02-01,0.30911032215576423,1
55074,2012-02-01,0.16731323862539804,0
55075,2012-02-01,0.17792025273728965,0
55076,2012-02-01,0.20831402146051758,0
55077,2012-02-01,0.21083220682771162,1
55078,2012-02-01,0.2726396426552917,0
55079,2012-02-01,0.2675827016923608,1
55080,2012-02-01,0.3397183506911865,1
55081,2012-02-01,0.3113686371582179,1
55082,2012-02-01,0.13774303000976215,1
55083,2012-02-01,0.30650814758223877,1
55084,2012-02-01,0.19833166807276487,0
55085,2012-02-01,0.3677571718801853,0
55086,2012-02-01,0.35267972938366626,0
55087,2012-02-01,0.2928610019289739,1
55088,2012-02-01,0.3791785052879356,1
55089,2012-02-01,0.4451741333700294,0
55090,2012-02-01,0.24838991901048965,1
55091,2012-02-01,0.24623003630617726,1
55092,2012-02-01,0.17737660602767988,0
55093,2012-02-01,0.19614731696192902,0
55094,2012-02-01,0.3127567181994419,0
55095,2012-02-01,0.21207548284057443,1
55096,2012-02-01,0.2062218084113121,1
55097,2012-02-01,0.21170522151155682,0
55098,2012-02-01,0.19147109751873362,1
55099,2012-02-01,0.2805378910271712,0
55100,2012-02-01,0.2676216589026133,0
55101,2012-02-01,0.18625930324895537,1
55102,2012-02-01,0.3564952592676488,1
55103,2012-02-01,0.1658336603043003,1
55104,2012-02-01,0.27676415016792477,1
55105,2012-02-01,0.3118814547461153,0
55106,2012-02-01,0.3513908242588813,0
55107,2012-02-01,0.4386625010505138,1
55108,2012-02-01,0.2060428537626825,0
55109,2012-02-01,0.33201999980146607,0
55110,2012-02-01,0.4369266361054632,0
55111,2012-02-01,0.19429050911442888,0
55112,2012-02-01,0.24110452595930415,0
55113,2012-02-01,0.2198142851010638,1
55114,2012-02-01,0.15525878882051558,0
55115,2012-02-01,0.21528532574844533,1
55116,2012-02-01,0.18960593007137164,1
55117,2012-02-01,0.17701412757271123,0
55118,2012-02-01,0.35861374726521733,0
55119,2012-02-01,0.38366831401351337,0
55120,2012-02-01,0.16777495967854103,0
55121,2012-02-01,0.16343412508928906,1
55122,2012-02-01,0.2896381512871729,1
55123,2012-02-01,0.22344272750038555,0
55124,2012-02-01,0.1463263617736922,0
55125,2012-02-01,0.18416113755237112,1
55126,2012-02-01,0.1319781766452297,0
55127,2012-02-01,0.46059868472393667,0
55128,2012-02-01,0.36637578859975956,1
55129,2012-02-01,0.22376636876142683,1
55130,2012-02-01,0.42333093656958215,1
55131,2012-02-01,0.3317669784905668,0
55132,2012-02-01,0.16299444639575278,1
55133,2012-02-01,0.34086263605678574,0
55134,2012-02-01,0.24740826582772324,0
55135,2012-02-01,0.5015029471873778,1
55136,2012-02-01,0.1867598460257132,1
55137,2012-02-01,0.29292429366604,0
55138,2012-02-01,0.1320742582538336,0
55139,2012-02-01,0.1907265312411699,1
55140,2012-02-01,0.31282501823487124,1
55141,2012-02-01,0.2533819752323694,1
55142,2012-02-01,0.37987398499844727,1
55143,2012-02-01,0.2564327602424384,1
55144,2012-02-01,0.2896676594857572,0
55145,2012-02-01,0.21312793129860186,0
55146,2012-02-01,0.2276861827491026,1
55147,2012-02-01,0.237376794641312,1
55148,2012-02-01,0.20476910206194654,1
55149,2012-02-01,0.2893710547210713,0
55150,2012-02-01,0.1654494015196537,0
55151,2012-02-01,0.32865150817326905,1
55152,2012-02-01,0.28484052516689334,0
55153,2012-02-01,0.4831879729090416,0
55154,2012-02-01,0.27417137247563755,1
55155,2012-02-01,0.2625699811831265,0
55156,2012-02-01,0.18957423453003472,1
55157,2012-02-01,0.2768808108725063,1
55158,2012-02-01,0.2764313384991248,1
55159,2012-02-01,0.3103355303336399,0
55160,2012-02-01,0.2079707865569839,1
55161,2012-02-01,0.16284575601653348,0
55162,2012-02-01,0.20914822214043113,1
55163,2012-02-01,0.2548332109322097,1
55164,2012-02-01,0.12017630591958096,1
55165,2012-02-01,0.22245126630891518,1
55166,2012-02-01,0.35274381151918016,1
55167,2012-02-01,0.2560283870449593,1
55168,2012-02-01,0.15007028165434477,1
55169,2012-02-01,0.2155442335747008,1
55170,2012-02-01,0.20287098833782205,0
55171,2012-02-01,0.20939186282392072,0
55172,2012-02-01,0.18356625238434504,1
55173,2012-02-01,0.1898664814662702,0
55174,2012-02-01,0.1734991519803717,0
55175,2012-02-01,0.26633917513344235,0
55176,2012-02-01,0.3305108351093637,1
55177,2012-02-01,0.21986678701695325,0
55178,2012-02-01,0.24471938128901607,0
55179,2012-02-01,0.3082636978463476,1
55180,2012-02-01,0.1824337775951254,1
55181,2012-02-01,0.20058485537841036,1
55182,2012-02-01,0.20727777631457536,0
55183,2012-02-01,0.3186252666053472,1
55184,2012-02-01,0.4061928185182477,1
55185,2012-02-01,0.27788433370791166,0
55186,2012-02-01,0.23453122747756314,1
55187,2012-02-01,0.32136601606882337,0
55188,2012-02-01,0.2440207294174793,1
55189,2012-02-01,0.17700156971876665,0
55190,2012-02-01,0.3202641713271659,0
55191,2012-02-01,0.18902451129083364,1
55192,2012-02-01,0.2282929726503766,0
55193,2012-02-01,0.35141784026076256,1
55194,2012-02-01,0.3430746971998687,0
55195,2012-02-01,0.17776259869476857,1
55196,2012-02-01,0.3093670663680878,1
55197,2012-02-01,0.32534366352206046,1
55198,2012-02-01,0.23549987576028286,0
55199,2012-02-01,0.20776538767352135,0
55200,2012-02-01,0.22735352198235434,0
55201,2012-02-01,0.2642416998599782,1
55202,2012-02-01,0.23702734120974533,1
55203,2012-02-01,0.22025616224494957,1
55204,2012-02-01,0.2869031798667162,1
55205,2012-02-01,0.18822419079253896,0
55206,2012-02-01,0.1525773290126554,1
55207,2012-02-01,0.3922856903218081,1
55208,2012-02-01,0.19449013690613914,1
55209,2012-02-01,0.5013718522311736,1
55210,2012-02-01,0.20435568066686963,0
55211,2012-02-01,0.1585759859663197,1
55212,2012-02-01,0.19910278426811004,0
55213,2012-02-01,0.3089143583834896,0
55214,2012-02-01,0.2344877084648578,1
55215,2012-02-01,0.29580567240542727,1
55216,2012-02-01,0.24867600296811518,1
55217,2012-02-01,0.37145162089362094,1
55218,2012-02-01,0.13938079169566892,0
55219,2012-02-01,0.3202204341138544,0
55220,2012-02-01,0.2702281762489936,1
55221,2012-02-01,0.35108901422139477,0
55222,2012-02-01,0.192661711725493,0
55223,2012-02-01,0.18157264962070585,1
55224,2012-02-01,0.19695575243564126,0
55225,2012-02-01,0.2331390319490183,0
55226,2012-02-01,0.41317927155835504,1
55227,2012-02-01,0.19868672297125847,1
55228,2012-02-01,0.3282242133373618,0
55229,2012-02-01,0.17155213478716042,1
55230,2012-02-01,0.19122075290544555,0
55231,2012-02-01,0.32336628462078726,1
55232,2012-02-01,0.22481160906631764,0
55233,2012-02-01,0.2437991773150684,1
55234,2012-02-01,0.24005803885566454,1
55235,2012-02-01,0.2586017238594439,1
55236,2012-02-01,0.15178031159268107,0
55237,2012-02-01,0.2658106783287348,1
55238,2012-02-01,0.25176714341474576,0
55239,2012-02-01,0.2314986268060328,1
55240,2012-02-01,0.17261309516042384,0
55241,2012-02-01,0.3093934581502055,0
55242,2012-02-01,0.10462872759813274,0
55243,2012-02-01,0.275968135230721,0
55244,2012-02-01,0.35734331929321816,1
55245,2012-02-01,0.19035833150757847,1
55246,2012-02-01,0.18572057027445296,0
55247,2012-02-01,0.30579388846047273,1
55248,2012-02-01,0.11444148105621588,0
55249,2012-02-01,0.3111221581059989,0
55250,2012-02-01,0.25115679329437895,1
55251,2012-02-01,0.20537631939810536,0
55252,2012-02-01,0.27791220061271366,1
55253,2012-02-01,0.2311021369867076,1
55254,2012-02-01,0.31011237475982517,1
55255,2012-02-01,0.28413537655353005,1
55256,2012-02-01,0.17017366924483962,0
55257,2012-02-01,0.3360733310032331,1
55258,2012-02-01,0.3138929598844836,1
55259,2012-02-01,0.34759454631123626,0
55260,2012-02-01,0.34616286795139406,0
55261,2012-02-01,0.30948726513867875,1
55262,2012-02-01,0.3392639802116098,0
55263,2012-02-01,0.33873683149415884,0
55264,2012-02-01,0.36117143014442016,1
55265,2012-02-01,0.30522201660663556,1
55266,2012-02-01,0.19926487220231762,0
55267,2012-02-01,0.12623859163853512,0
55268,2012-02-01,0.31524498493063347,1
55269,2012-02-01,0.3369314799234957,0
55270,2012-02-01,0.2808445511928168,1
55271,2012-02-01,0.3058855709716135,1
55272,2012-02-01,0.2613266068026806,1
55273,2012-02-01,0.17983914012726646,1
55274,2012-02-01,0.19422899165539653,0
55275,2012-02-01,0.21428121979253426,0
55276,2012-02-01,0.21504934598467684,0
55277,2012-02-01,0.3611389271471341,1
55278,2012-02-01,0.258468006679658,1
55279,2012-02-01,0.31889153116305985,1
55280,2012-02-01,0.30815873479055605,0
55281,2012-02-01,0.21909482273201672,0
55282,2012-02-01,0.2692186343661976,1
55283,2012-02-01,0.2725039388829342,0
55284,2012-02-01,0.27371491215550703,1
55285,2012-02-01,0.20873437642153805,1
55286,2012-02-01,0.3020956546602348,0
55287,2012-02-01,0.44790750022985626,1
55288,2012-02-01,0.432000535290195,1
55289,2012-02-01,0.26960662144925257,1
55290,2012-02-01,0.2119292212799289,1
55291,2012-02-01,0.35335898188817844,1
55292,2012-02-01,0.33750376643875024,0
55293,2012-02-01,0.20791045443977507,1
55294,2012-02-01,0.32386938956658357,1
55295,2012-02-01,0.4893836571918279,1
55296,2012-02-01,0.26172911332640914,0
55297,2012-02-01,0.21325280925587983,0
55298,2012-02-01,0.3920209136403461,1
55299,2012-02-01,0.30621197820070367,1
55300,2012-02-01,0.4491871834890687,1
55301,2012-02-01,0.3205133949015894,1
55302,2012-02-01,0.1814577102714605,1
55303,2012-02-01,0.36470148002384317,1
55304,2012-02-01,0.3007668432410847,1
55305,2012-02-01,0.38651746872469006,1
55306,2012-02-01,0.23986773450837143,0
55307,2012-02-01,0.3032808822585842,1
55308,2012-02-01,0.24390287988909878,0
55309,2012-02-01,0.19649068069544035,0
55310,2012-02-01,0.20554573728264025,1
55311,2012-02-01,0.39714290204370656,1
55312,2012-02-01,0.388527257158654,1
55313,2012-02-01,0.27704517063773487,0
55314,2012-02-01,0.20368589621837213,1
55315,2012-02-01,0.20179399127339992,0
55316,2012-02-01,0.28720325660838486,0
55317,2012-02-01,0.15728474297593775,0
55318,2012-02-01,0.19640502083827185,1
55319,2012-02-01,0.14112187681648106,0
55320,2012-02-01,0.1613169206565484,0
55321,2012-02-01,0.20038777732312776,1
55322,2012-02-01,0.28561121978189535,1
55323,2012-02-01,0.4335645672106793,0
55324,2012-02-01,0.15218156314098022,1
55325,2012-02-01,0.21193276633097777,1
55326,2012-02-01,0.27271621555363046,0
55327,2012-02-01,0.2731439122090224,1
55328,2012-02-01,0.32783748323320994,0
55329,2012-02-01,0.24191758944014224,0
55330,2012-02-01,0.1642968089640242,1
55331,2012-02-01,0.1639752244776908,0
55332,2012-02-01,0.1789896448879499,1
55333,2012-02-01,0.26877795977748986,1
55334,2012-02-01,0.11673920257922316,0
55335,2012-02-01,0.19937338750522146,1
55336,2012-02-01,0.2779530520729715,1
55337,2012-02-01,0.24836567318504132,0
55338,2012-02-01,0.2182830656830493,1
55339,2012-02-01,0.24518845580666868,0
55340,2012-02-01,0.36948034067093943,1
55341,2012-02-01,0.26239185933316445,1
55342,2012-02-01,0.1434278371990788,1
55343,2012-02-01,0.19174135392620745,1
55344,2012-02-01,0.3214523040953974,1
55345,2012-02-01,0.2002681409822394,1
55346,2012-02-01,0.26858107034068623,1
55347,2012-02-01,0.18322772088299485,1
55348,2012-02-01,0.1775977890433006,1
55349,2012-02-01,0.23802347721260314,0
55350,2012-02-01,0.15085833390286438,0
55351,2012-02-01,0.2440005316884144,1
55352,2012-02-01,0.3830772611047865,1
55353,2012-02-01,0.2316184628685957,1
55354,2012-02-01,0.2661166475508641,0
55355,2012-02-01,0.3002719367302231,1
55356,2012-02-01,0.17613309583106418,0
55357,2012-02-01,0.33041285857771524,1
55358,2012-02-01,0.29245560785281416,0
55359,2012-02-01,0.24800433451445683,1
55360,2012-02-01,0.19044981649572398,1
55361,2012-02-01,0.2292466400774149,0
55362,2012-02-01,0.3158097466773258,0
55363,2012-02-01,0.2366628014761671,0
55364,2012-02-01,0.17484324534776147,0
55365,2012-02-01,0.15230897703695648,0
55366,2012-02-01,0.34310509777108167,1
55367,2012-02-01,0.15574644826518338,0
55368,2012-02-01,0.31725549614231524,1
55369,2012-02-01,0.1997559098185581,0
55370,2012-02-01,0.2641169170145338,1
55371,2012-02-01,0.20400704075713685,0
55372,2012-02-01,0.20507640405665262,1
55373,2012-02-01,0.2504476414411667,0
55374,2012-02-01,0.12599475329192872,0
55375,2012-02-01,0.5219698021052677,1
55376,2012-02-01,0.19792885884081107,1
55377,2012-02-01,0.4505473679598495,0
55378,2012-02-01,0.3611041866434931,1
55379,2012-02-01,0.3809365930122777,0
55380,2012-02-01,0.1900392086690526,1
55381,2012-02-01,0.32519564689113745,0
55382,2012-02-01,0.2576865364030675,1
55383,2012-02-01,0.2308312268428863,1
55384,2012-02-01,0.21077437162997714,1
55385,2012-02-01,0.21416920380522117,0
55386,2012-02-01,0.23893273299613632,1
55387,2012-02-01,0.17335428827720967,1
55388,2012-02-01,0.2576740298456297,1
55389,2012-02-01,0.2688136037796353,1
55390,2012-02-01,0.21508252081557522,0
55391,2012-02-01,0.3107046145640254,0
55392,2012-02-01,0.2610527180196024,1
55393,2012-02-01,0.32489223033779185,0
55394,2012-02-01,0.1433050038660109,0
55395,2012-02-01,0.2644234075726679,1
55396,2012-02-01,0.3270542003318769,1
55397,2012-02-01,0.2034332543047582,0
55398,2012-02-01,0.2438475006316278,0
55399,2012-02-01,0.17745427145336376,1
55400,2012-02-01,0.2877288195315615,0
55401,2012-02-01,0.1616415278245949,0
55402,2012-02-01,0.1855961439745652,1
55403,2012-02-01,0.34354075845561427,1
55404,2012-02-01,0.24406774917179883,0
55405,2012-02-01,0.18225642831993857,1
55406,2012-02-01,0.1723769466050996,0
55407,2012-02-01,0.20163100522206323,0
55408,2012-02-01,0.20967195879526282,1
55409,2012-02-01,0.3382413854326937,1
55410,2012-02-01,0.18659216153896682,1
55411,2012-02-01,0.14938661274133574,0
55412,2012-02-01,0.38692358731793014,1
55413,2012-02-01,0.2461799673715733,1
55414,2012-02-01,0.3709268992140716,1
55415,2012-02-01,0.31178694293453446,0
55416,2012-02-01,0.24529310898598772,1
55417,2012-02-01,0.20876030574546972,1
55418,2012-02-01,0.19169566909947333,1
55419,2012-02-01,0.15887397627150424,0
55420,2012-02-01,0.2731153202218071,0
55421,2012-02-01,0.26395370245902,0
55422,2012-02-01,0.24309768945421464,1
55423,2012-02-01,0.43636103646355834,1
55424,2012-02-01,0.08778434890632174,1
55425,2012-02-01,0.19583830015030157,0
55426,2012-02-01,0.30755445916089286,1
55427,2012-02-01,0.32603316402175503,1
55428,2012-02-01,0.19229495032344907,1
55429,2012-02-01,0.26461718484666447,1
55430,2012-02-01,0.33129052620091826,1
55431,2012-02-01,0.24905399225320904,1
55432,2012-02-01,0.2583995684792597,0
55433,2012-02-01,0.16976832364291977,0
55434,2012-02-01,0.1730318069911814,0
55435,2012-02-01,0.15707239159316375,0
55436,2012-02-01,0.2617972648858773,0
55437,2012-02-01,0.3402730016075841,1
55438,2012-02-01,0.2799316968279068,0
55439,2012-02-01,0.45093516136454337,1
55440,2012-02-01,0.2532733619832198,0
55441,2012-02-01,0.2038051075807181,0
55442,2012-02-02,0.40773105255270725,1
55443,2012-02-02,0.24107960102996168,1
55444,2012-02-02,0.3281744301611193,1
55445,2012-02-02,0.27657088053133394,1
55446,2012-02-02,0.2380738111471418,0
55447,2012-02-02,0.47385454370660446,1
55448,2012-02-02,0.41426410188689966,0
55449,2012-02-02,0.43792312604739286,1
55450,2012-02-02,0.30961887509753183,1
55451,2012-02-02,0.2703160383663177,0
55452,2012-02-02,0.3731802681162635,0
55453,2012-02-02,0.26783078835048985,1
55454,2012-02-02,0.26540624949047986,1
55455,2012-02-02,0.23648075418046083,1
55456,2012-02-02,0.27083755416193916,1
55457,2012-02-02,0.25103192913664174,0
55458,2012-02-02,0.21763709594037411,0
55459,2012-02-02,0.24710257077223732,0
55460,2012-02-02,0.25248511676242863,1
55461,2012-02-02,0.2002565691786142,1
55462,2012-02-02,0.31589780215430746,1
55463,2012-02-02,0.2920114529963774,1
55464,2012-02-02,0.3045157221685146,1
55465,2012-02-02,0.2783643668508971,0
55466,2012-02-02,0.20672528350757352,0
55467,2012-02-02,0.19980102172563471,1
55468,2012-02-02,0.2779771643128507,0
55469,2012-02-02,0.31094783849075985,1
55470,2012-02-02,0.19234857286028223,1
55471,2012-02-02,0.33428296909539895,1
55472,2012-02-02,0.33840450953703166,1
55473,2012-02-02,0.20363384035467874,0
55474,2012-02-02,0.1789981529050321,1
55475,2012-02-02,0.27683903808893934,0
55476,2012-02-02,0.28939950002892945,1
55477,2012-02-02,0.4761154786777253,0
55478,2012-02-02,0.3046689854335575,1
55479,2012-02-02,0.1484819347989644,0
55480,2012-02-02,0.229343816472961,1
55481,2012-02-02,0.3372994639071343,0
55482,2012-02-02,0.23045186943993046,1
55483,2012-02-02,0.17789199310157539,1
55484,2012-02-02,0.2831173802255732,1
55485,2012-02-02,0.23306410107084974,0
55486,2012-02-02,0.3190129568812495,0
55487,2012-02-02,0.20775934142186325,1
55488,2012-02-02,0.1741890601324885,1
55489,2012-02-02,0.1518307832942723,0
55490,2012-02-02,0.13762159042774572,1
55491,2012-02-02,0.3633952867893561,0
55492,2012-02-02,0.20094524034567277,1
55493,2012-02-02,0.4113668922827517,1
55494,2012-02-02,0.20570885720110108,1
55495,2012-02-02,0.2058890814392593,0
55496,2012-02-02,0.29080174735006276,1
55497,2012-02-02,0.1640899631015285,1
55498,2012-02-02,0.28381315333872403,1
55499,2012-02-02,0.1957931745808212,1
55500,2012-02-02,0.19347951609288924,0
55501,2012-02-02,0.28965998322928455,0
55502,2012-02-02,0.25777719522941756,0
55503,2012-02-02,0.2004111140780166,0
55504,2012-02-02,0.36481343126960514,0
55505,2012-02-02,0.2866044657378646,1
55506,2012-02-02,0.2659825034802231,1
55507,2012-02-02,0.2658620510955875,1
55508,2012-02-02,0.18195981940631145,0
55509,2012-02-02,0.3496462132900828,1
55510,2012-02-02,0.3118122620479878,1
55511,2012-02-02,0.13536982803216133,1
55512,2012-02-02,0.14667149465157828,1
55513,2012-02-02,0.2545980929611069,1
55514,2012-02-02,0.23409830503096288,1
55515,2012-02-02,0.16013878148495847,1
55516,2012-02-02,0.2988448882263971,1
55517,2012-02-02,0.211850588764829,0
55518,2012-02-02,0.27832707633560055,1
55519,2012-02-02,0.35127573859129646,0
55520,2012-02-02,0.1791822297758971,1
55521,2012-02-02,0.2896885578451975,0
55522,2012-02-02,0.15646566261627798,1
55523,2012-02-02,0.4034906679929309,1
55524,2012-02-02,0.24033307980439056,0
55525,2012-02-02,0.17688541883765022,1
55526,2012-02-02,0.25296211236954613,1
55527,2012-02-02,0.2612873389341021,0
55528,2012-02-02,0.2519836536317954,0
55529,2012-02-02,0.31565051350156387,0
55530,2012-02-02,0.17562875715585585,1
55531,2012-02-02,0.3508614731860693,1
55532,2012-02-02,0.229070257212528,1
55533,2012-02-02,0.2904724842626599,0
55534,2012-02-02,0.344582005291936,1
55535,2012-02-02,0.3207742609856959,1
55536,2012-02-02,0.3044655112531958,1
55537,2012-02-02,0.30271785892766845,0
55538,2012-02-02,0.2061347020798479,1
55539,2012-02-02,0.4481199858421697,1
55540,2012-02-02,0.20217373290598525,1
55541,2012-02-02,0.25602508832137266,1
55542,2012-02-02,0.2955985428360093,1
55543,2012-02-02,0.2376735378272602,0
55544,2012-02-02,0.23067551515523566,1
55545,2012-02-02,0.39301843482836085,1
55546,2012-02-02,0.17085055577661154,0
55547,2012-02-02,0.33678299296171005,1
55548,2012-02-02,0.3749807300436909,1
55549,2012-02-02,0.2332747055866017,0
55550,2012-02-02,0.38374962362083603,0
55551,2012-02-02,0.34133145500459117,1
55552,2012-02-02,0.22936402950089946,1
55553,2012-02-02,0.4479337679058709,1
55554,2012-02-02,0.174208185718462,0
55555,2012-02-02,0.23132885661207805,0
55556,2012-02-02,0.4227744032724435,1
55557,2012-02-02,0.4048676448074904,1
55558,2012-02-02,0.3839028363010281,1
55559,2012-02-02,0.237572080726754,1
55560,2012-02-02,0.11492375300255303,1
55561,2012-02-02,0.146616759917475,0
55562,2012-02-02,0.2069035612700498,1
55563,2012-02-02,0.26656558775183625,1
55564,2012-02-02,0.18899714310864354,1
55565,2012-02-02,0.21755401374995742,0
55566,2012-02-02,0.3580169390604964,0
55567,2012-02-02,0.34078681895496715,1
55568,2012-02-02,0.2814533813205954,1
55569,2012-02-02,0.1998527599347639,0
55570,2012-02-02,0.2905907793182135,1
55571,2012-02-02,0.2758314764052322,1
55572,2012-02-02,0.2604634201704811,1
55573,2012-02-02,0.20310001246518525,1
55574,2012-02-02,0.38466327113225995,0
55575,2012-02-02,0.24677904840900314,0
55576,2012-02-02,0.34282779696924615,1
55577,2012-02-02,0.17059739809836513,1
55578,2012-02-02,0.19932927086849128,1
55579,2012-02-02,0.47206294457162823,1
55580,2012-02-02,0.14691073988318473,0
55581,2012-02-02,0.2992762562376588,1
55582,2012-02-02,0.34422953627565356,1
55583,2012-02-02,0.22482628383944003,1
55584,2012-02-02,0.1502233504122592,1
55585,2012-02-02,0.2618478262554554,1
55586,2012-02-02,0.2569006770034809,1
55587,2012-02-02,0.1888730775187395,1
55588,2012-02-02,0.20078597678373913,1
55589,2012-02-02,0.16160927504967207,0
55590,2012-02-02,0.1783637295581508,1
55591,2012-02-02,0.31665562425547233,1
55592,2012-02-02,0.3051460234515739,1
55593,2012-02-02,0.3643825827726089,1
55594,2012-02-02,0.17976347385495067,0
55595,2012-02-02,0.22321493809119683,0
55596,2012-02-02,0.23904385588578408,1
55597,2012-02-02,0.3277503480262491,1
55598,2012-02-02,0.20349116769274192,1
55599,2012-02-02,0.263717879471712,0
55600,2012-02-02,0.20176010442769562,0
55601,2012-02-02,0.4468298994462274,1
55602,2012-02-02,0.42666544312686566,1
55603,2012-02-02,0.3044049018522509,0
55604,2012-02-02,0.250139531599713,1
55605,2012-02-02,0.15834241412862174,0
55606,2012-02-02,0.1829461042073864,1
55607,2012-02-02,0.1380618148308206,1
55608,2012-02-02,0.22211302742089917,1
55609,2012-02-02,0.3871679141133781,0
55610,2012-02-02,0.2971118370492015,0
55611,2012-02-02,0.23248021889688597,1
55612,2012-02-02,0.2913848676785122,0
55613,2012-02-02,0.36302321454898484,1
55614,2012-02-02,0.18075395501630334,1
55615,2012-02-02,0.26088436976754065,0
55616,2012-02-02,0.3637000279206869,1
55617,2012-02-02,0.18706174562354203,1
55618,2012-02-02,0.1986536051903226,0
55619,2012-02-02,0.1809925535977903,1
55620,2012-02-02,0.1361809926464066,0
55621,2012-02-02,0.18298776940663186,1
55622,2012-02-02,0.2545639922619729,0
55623,2012-02-02,0.16559889171528341,1
55624,2012-02-02,0.29646543014988186,0
55625,2012-02-02,0.19929728889286405,1
55626,2012-02-02,0.11925040181642986,0
55627,2012-02-02,0.1877859915606122,0
55628,2012-02-02,0.21335210800510135,1
55629,2012-02-02,0.16531776314248162,1
55630,2012-02-02,0.2239792280215922,0
55631,2012-02-02,0.3200957887691571,1
55632,2012-02-02,0.22250953305591192,1
55633,2012-02-02,0.2533953859180029,1
55634,2012-02-02,0.31811414756467665,1
55635,2012-02-02,0.2748513869839084,0
55636,2012-02-02,0.4271639351412512,1
55637,2012-02-02,0.24246068662810535,1
55638,2012-02-02,0.25146878157054864,1
55639,2012-02-02,0.19686286343524387,0
55640,2012-02-02,0.30035741715552905,1
55641,2012-02-02,0.3151498445237482,1
55642,2012-02-02,0.18091097856203187,1
55643,2012-02-02,0.21545536030291573,1
55644,2012-02-02,0.21084600771368442,1
55645,2012-02-02,0.21330922418256623,1
55646,2012-02-02,0.2984343885402178,1
55647,2012-02-02,0.19908491967123026,1
55648,2012-02-02,0.17092213100743459,1
55649,2012-02-02,0.3931373176854645,0
55650,2012-02-02,0.23201225427308578,1
55651,2012-02-02,0.21764666577660102,1
55652,2012-02-02,0.1982754797429654,1
55653,2012-02-02,0.33854891324988484,1
55654,2012-02-02,0.3740218698175754,1
55655,2012-02-02,0.3945606707293453,0
55656,2012-02-02,0.20821321792001618,1
55657,2012-02-02,0.3509492900122069,0
55658,2012-02-02,0.3943764602683036,1
55659,2012-02-02,0.24070757163964082,1
55660,2012-02-02,0.2702978686333251,1
55661,2012-02-02,0.1924561272564777,1
55662,2012-02-02,0.2230600540730635,1
55663,2012-02-02,0.19176433578172494,1
55664,2012-02-02,0.14683887489976907,0
55665,2012-02-02,0.1367812439946648,0
55666,2012-02-02,0.19775096519055416,0
55667,2012-02-02,0.29935170550349827,0
55668,2012-02-02,0.24045296631506424,1
55669,2012-02-02,0.3696206429670502,0
55670,2012-02-02,0.27684342849865384,0
55671,2012-02-02,0.22067422423292624,1
55672,2012-02-02,0.23988469418873765,1
55673,2012-02-02,0.24833570697269686,1
55674,2012-02-02,0.34957104554192986,1
55675,2012-02-02,0.3540810794020457,1
55676,2012-02-02,0.20668946668669147,0
55677,2012-02-02,0.20750047979582184,0
55678,2012-02-02,0.3291431512095465,1
55679,2012-02-02,0.3847398255736689,1
55680,2012-02-02,0.2827431684390865,0
55681,2012-02-02,0.26245421229616017,0
55682,2012-02-02,0.31573095471257817,1
55683,2012-02-02,0.2107330190845359,0
55684,2012-02-02,0.1453700406246118,1
55685,2012-02-02,0.34284289725197153,1
55686,2012-02-02,0.2571734017197934,0
55687,2012-02-02,0.3123165384960032,0
55688,2012-02-02,0.28615471046615576,0
55689,2012-02-02,0.18246204367287483,1
55690,2012-02-02,0.12828483233360768,0
55691,2012-02-02,0.2808818482845407,0
55692,2012-02-02,0.35359954869580174,1
55693,2012-02-02,0.17065397232200774,1
55694,2012-02-02,0.22721125534496697,1
55695,2012-02-02,0.23503230497963237,1
55696,2012-02-02,0.3379606330158693,1
55697,2012-02-02,0.22250710621667164,1
55698,2012-02-02,0.34154832281147063,1
55699,2012-02-02,0.2285181792004224,1
55700,2012-02-02,0.23668136979522458,0
55701,2012-02-02,0.1710145452988818,1
55702,2012-02-02,0.1120425191943318,0
55703,2012-02-02,0.24430864624087623,0
55704,2012-02-02,0.1582513740957146,0
55705,2012-02-02,0.150390483946998,0
55706,2012-02-02,0.14391927388108766,1
55707,2012-02-02,0.18271896626326015,1
55708,2012-02-02,0.36723007336268976,1
55709,2012-02-02,0.211210477786532,1
55710,2012-02-02,0.2851782361473677,0
55711,2012-02-02,0.24004296157516172,1
55712,2012-02-02,0.20391283438042354,1
55713,2012-02-02,0.20065529977918256,1
55714,2012-02-02,0.1833236154113875,1
55715,2012-02-02,0.29161324438436603,0
55716,2012-02-02,0.28214379056568123,0
55717,2012-02-02,0.21967236637947082,1
55718,2012-02-02,0.19709932209047673,0
55719,2012-02-02,0.19741708930956378,1
55720,2012-02-02,0.289557265261393,1
55721,2012-02-02,0.3688383110909458,0
55722,2012-02-02,0.37814131698623077,1
55723,2012-02-02,0.23741475562126937,1
55724,2012-02-02,0.21802786330918097,0
55725,2012-02-02,0.32029719258930195,0
55726,2012-02-02,0.13562297837038018,1
55727,2012-02-02,0.27016826225711005,1
55728,2012-02-02,0.2759307702825737,0
55729,2012-02-02,0.25519673595609543,0
55730,2012-02-02,0.3424457149552373,1
55731,2012-02-02,0.3485427647407755,1
55732,2012-02-02,0.34119992153026296,1
55733,2012-02-02,0.26459993604919707,0
55734,2012-02-02,0.4029176915398698,0
55735,2012-02-02,0.16120865927788508,1
55736,2012-02-02,0.19112371639987685,1
55737,2012-02-02,0.36295053976541697,1
55738,2012-02-02,0.16427444073539094,0
55739,2012-02-02,0.21329097095987773,0
55740,2012-02-02,0.2411955309271583,1
55741,2012-02-02,0.23016340340460875,1
55742,2012-02-02,0.2954941746154428,0
55743,2012-02-02,0.2942351011357015,1
55744,2012-02-02,0.2088799479537254,1
55745,2012-02-02,0.15269564278206296,0
55746,2012-02-02,0.22561422713389942,1
55747,2012-02-02,0.1501375779637304,0
55748,2012-02-02,0.20527557917593034,1
55749,2012-02-02,0.14678378600189765,0
55750,2012-02-02,0.3968244849088442,1
55751,2012-02-02,0.20740702431346938,0
55752,2012-02-02,0.3487505837161859,1
55753,2012-02-02,0.1469610216763938,1
55754,2012-02-02,0.48422410849796627,0
55755,2012-02-02,0.18605701087549434,1
55756,2012-02-02,0.27059650538195734,1
55757,2012-02-02,0.18931838002198015,1
55758,2012-02-02,0.13897103994586224,1
55759,2012-02-02,0.3184391552673868,0
55760,2012-02-02,0.16993058105055162,1
55761,2012-02-02,0.2053416561234333,1
55762,2012-02-02,0.1580089345773976,0
55763,2012-02-02,0.2014246084233403,0
55764,2012-02-02,0.1301275660477436,1
55765,2012-02-02,0.17458058684449676,0
55766,2012-02-02,0.2865817266815712,1
55767,2012-02-02,0.17561203588542082,1
55768,2012-02-02,0.2503180468122786,0
55769,2012-02-02,0.15736942020933936,0
55770,2012-02-02,0.43421928683440597,0
55771,2012-02-02,0.27630390989813136,0
55772,2012-02-02,0.2761242960114756,1
55773,2012-02-02,0.2682759547597799,0
55774,2012-02-02,0.39778652145511123,1
55775,2012-02-02,0.30202278994430926,1
55776,2012-02-02,0.18152400718626963,1
55777,2012-02-02,0.259636108269547,1
55778,2012-02-02,0.35780116127025713,1
55779,2012-02-02,0.13427417407576436,0
55780,2012-02-02,0.2686714753852504,1
55781,2012-02-02,0.41416604446799726,1
55782,2012-02-02,0.4250774796003667,1
55783,2012-02-02,0.21934689969267687,0
55784,2012-02-02,0.23060247948773566,1
55785,2012-02-02,0.37475866328129165,1
55786,2012-02-02,0.18026686547817372,1
55787,2012-02-02,0.3081861058541875,1
55788,2012-02-02,0.22499671532639645,1
55789,2012-02-02,0.29316700086499453,1
55790,2012-02-02,0.19884393840157588,0
55791,2012-02-02,0.46394504529124864,1
55792,2012-02-02,0.3537248827837329,0
55793,2012-02-02,0.26009451586855165,1
55794,2012-02-02,0.30706056425355416,0
55795,2012-02-02,0.21676390021479164,0
55796,2012-02-02,0.33099943642363644,1
55797,2012-02-02,0.2140984487638493,1
55798,2012-02-02,0.26587563574604955,1
55799,2012-02-02,0.42634065147065664,1
55800,2012-02-02,0.1949987579915499,1
55801,2012-02-02,0.34865334997279795,1
55802,2012-02-02,0.2390013029955126,0
55803,2012-02-02,0.1483902154596431,0
55804,2012-02-02,0.19080752434551612,0
55805,2012-02-02,0.18126949144578489,0
55806,2012-02-02,0.13644526109337665,0
55807,2012-02-02,0.29346573221676636,1
55808,2012-02-02,0.33100633169676763,0
55809,2012-02-02,0.367533497765521,1
55810,2012-02-02,0.31996711189490695,1
55811,2012-02-02,0.17440114375154017,0
55812,2012-02-02,0.1923004074072788,0
55813,2012-02-02,0.18724653560168367,1
55814,2012-02-02,0.22833245549332412,1
55815,2012-02-02,0.153031826210034,1
55816,2012-02-02,0.30442575935896,1
55817,2012-02-02,0.33784982749467596,1
55818,2012-02-02,0.14038844245085044,1
55819,2012-02-02,0.19167284698158135,1
55820,2012-02-02,0.1822866323473543,1
55821,2012-02-02,0.2625678601534676,1
55822,2012-02-02,0.33094345019044563,1
55823,2012-02-02,0.2998882667707227,1
55824,2012-02-02,0.19897542722343262,1
55825,2012-02-02,0.18986774910789164,1
55826,2012-02-02,0.1551896562299038,1
55827,2012-02-02,0.24424826836209698,0
55828,2012-02-02,0.1411161394653856,0
55829,2012-02-02,0.38221694789362326,1
55830,2012-02-02,0.3484445512978857,1
55831,2012-02-02,0.23292442009953848,1
55832,2012-02-02,0.253083255929012,1
55833,2012-02-02,0.15843988063687295,0
55834,2012-02-02,0.29699528560184074,1
55835,2012-02-02,0.39588569990749023,1
55836,2012-02-02,0.37877979662229916,1
55837,2012-02-02,0.13011924401709374,0
55838,2012-02-02,0.14667338318734768,0
55839,2012-02-02,0.18190852139962546,0
55840,2012-02-02,0.14221944572986725,1
55841,2012-02-02,0.2550859404644039,0
55842,2012-02-02,0.18809746675984507,1
55843,2012-02-02,0.19604623354656525,1
55844,2012-02-02,0.19066257199546774,0
55845,2012-02-02,0.2506724433600307,0
55846,2012-02-02,0.1577670731831195,0
55847,2012-02-02,0.11778246043629421,1
55848,2012-02-02,0.13154534119886216,1
55849,2012-02-02,0.18311246668342174,1
55850,2012-02-02,0.11014898042350146,0
55851,2012-02-02,0.2981878598181339,1
55852,2012-02-02,0.15998635235816067,0
55853,2012-02-02,0.3170873606358101,1
55854,2012-02-02,0.22221142617124057,1
55855,2012-02-02,0.19650533953155916,1
55856,2012-02-02,0.32423533341901184,1
55857,2012-02-02,0.19187723960324865,0
55858,2012-02-02,0.28729300802054253,1
55859,2012-02-02,0.24087849333815625,0
55860,2012-02-02,0.13989447535413616,1
55861,2012-02-02,0.28566718292884397,1
55862,2012-02-02,0.1326062098138861,1
55863,2012-02-02,0.23994942107972575,1
55864,2012-02-02,0.3322764274354219,1
55865,2012-02-02,0.20929347204092394,0
55866,2012-02-02,0.1650425950187413,1
55867,2012-02-02,0.3200494600844712,1
55868,2012-02-02,0.26073821712726447,0
55869,2012-02-02,0.419520934460504,1
55870,2012-02-02,0.26024290925712695,1
55871,2012-02-02,0.15663028488801733,1
55872,2012-02-02,0.3324942639814138,1
55873,2012-02-02,0.17832059860118746,1
55874,2012-02-02,0.20362495110997858,0
55875,2012-02-02,0.1340502837985466,0
55876,2012-02-02,0.2037989679337406,1
55877,2012-02-02,0.32487250778860194,1
55878,2012-02-02,0.27051968296844286,1
55879,2012-02-02,0.2930335396457313,1
55880,2012-02-02,0.26829132017753854,1
55881,2012-02-02,0.42727396732617096,1
55882,2012-02-02,0.24821106335779242,1
55883,2012-02-02,0.2034219518547367,1
55884,2012-02-02,0.31349549767519963,1
55885,2012-02-02,0.24333274816511502,0
55886,2012-02-02,0.193316174648081,1
55887,2012-02-02,0.14191196066385667,0
55888,2012-02-02,0.32448737752162266,1
55889,2012-02-02,0.23296297880336875,1
55890,2012-02-02,0.2824584925112064,1
55891,2012-02-02,0.2446936632309099,0
55892,2012-02-02,0.32525361300662037,1
55893,2012-02-02,0.27703214011112015,1
55894,2012-02-02,0.2084040776971131,1
55895,2012-02-02,0.29393615302298237,1
55896,2012-02-02,0.42304573734694095,0
55897,2012-02-02,0.24692355856645393,1
55898,2012-02-02,0.23705338007849575,1
55899,2012-02-02,0.27908543813386477,1
55900,2012-02-02,0.2640219238375029,0
55901,2012-02-02,0.2528467554564309,1
55902,2012-02-02,0.17051770046847917,0
55903,2012-02-02,0.19254167450695286,1
55904,2012-02-02,0.23686250549106252,0
55905,2012-02-02,0.1933166097815605,0
55906,2012-02-02,0.14887566092463592,1
55907,2012-02-02,0.16748882397967008,1
55908,2012-02-02,0.29312626714135326,0
55909,2012-02-02,0.3308979595203496,1
55910,2012-02-02,0.23183772383170043,1
55911,2012-02-02,0.1702147336549323,1
55912,2012-02-02,0.27901369541559934,0
55913,2012-02-02,0.29202155621469084,1
55914,2012-02-02,0.24755645933992265,1
55915,2012-02-02,0.18074488996406585,0
55916,2012-02-02,0.3215341510500026,1
55917,2012-02-02,0.2802042248951922,0
55918,2012-02-02,0.18186346716869237,0
55919,2012-02-02,0.1299163006666351,0
55920,2012-02-02,0.15732369511508287,0
55921,2012-02-02,0.33990260951403145,1
55922,2012-02-02,0.17389491411962807,0
55923,2012-02-02,0.18568674057712764,1
55924,2012-02-02,0.18646323124352784,1
55925,2012-02-02,0.2019464154969396,0
55926,2012-02-02,0.2557315132966093,1
55927,2012-02-02,0.2679086925526922,0
55928,2012-02-02,0.2321218723054239,1
55929,2012-02-02,0.17332806267841191,1
55930,2012-02-02,0.1920893290591814,0
55931,2012-02-02,0.33653297937340754,1
55932,2012-02-02,0.35304033636419263,0
55933,2012-02-02,0.3379007649273011,1
55934,2012-02-02,0.21926807491273428,0
55935,2012-02-02,0.3105805448111251,0
55936,2012-02-02,0.13981619964081674,0
55937,2012-02-02,0.22126454262011633,1
55938,2012-02-02,0.33773548530823205,1
55939,2012-02-02,0.31131797012101214,1
55940,2012-02-02,0.340621744044491,1
55941,2012-02-02,0.2737842252291874,1
55942,2012-02-02,0.253733757315504,0
55943,2012-02-02,0.389552195956451,0
55944,2012-02-02,0.34213202355253003,1
55945,2012-02-02,0.23286690818041236,0
55946,2012-02-02,0.37542010960164884,1
55947,2012-02-02,0.2349230314015432,1
55948,2012-02-02,0.17389499243162507,1
55949,2012-02-02,0.242294184096008,1
55950,2012-02-02,0.13433791282232144,0
55951,2012-02-02,0.3094177847092188,1
55952,2012-02-02,0.3840767105472141,1
55953,2012-02-02,0.3273750925950241,1
55954,2012-02-02,0.1582802700199665,0
55955,2012-02-02,0.14924041824554596,1
55956,2012-02-02,0.400251896055455,1
55957,2012-02-02,0.17774537582191394,0
55958,2012-02-02,0.24856503895707563,0
55959,2012-02-02,0.25423262323471596,1
55960,2012-02-02,0.3740512770719848,1
55961,2012-02-02,0.1420234417465926,0
55962,2012-02-02,0.2593583063853597,1
55963,2012-02-02,0.17035420340689658,1
55964,2012-02-02,0.3159844185711794,1
55965,2012-02-02,0.20839376793744757,1
55966,2012-02-02,0.4449096656128688,1
55967,2012-02-02,0.3336538010901771,1
55968,2012-02-02,0.21283486725504566,0
55969,2012-02-02,0.21265467554276515,1
55970,2012-02-02,0.29901212190851006,1
55971,2012-02-02,0.2967812673549424,0
55972,2012-02-02,0.21659088170635993,1
55973,2012-02-02,0.19248137073109417,0
55974,2012-02-02,0.24137613298346153,0
55975,2012-02-02,0.1786584198874656,0
55976,2012-02-02,0.214950340537526,1
55977,2012-02-02,0.2043866297889456,0
55978,2012-02-02,0.33102412761757644,1
55979,2012-02-02,0.4163570843504469,1
55980,2012-02-02,0.4946083986179871,1
55981,2012-02-02,0.31478135372935345,1
55982,2012-02-02,0.22925521157026266,0
55983,2012-02-02,0.31236357562178557,1
55984,2012-02-02,0.2356474789919896,0
55985,2012-02-02,0.2712442844020261,0
55986,2012-02-02,0.14439759355603599,1
55987,2012-02-02,0.3733649455430144,1
55988,2012-02-02,0.18491135575867843,1
55989,2012-02-02,0.34693154798973375,1
55990,2012-02-02,0.2783276996618324,0
55991,2012-02-02,0.18467061205213764,1
55992,2012-02-02,0.1955336936942112,0
55993,2012-02-02,0.24231922616869958,0
55994,2012-02-02,0.3069956028961288,0
55995,2012-02-02,0.23289985845294076,0
55996,2012-02-02,0.36099077128779383,0
55997,2012-02-02,0.30913556219662847,0
55998,2012-02-02,0.22699040687801555,1
55999,2012-02-02,0.16805672862126686,1
56000,2012-02-02,0.16800185288477137,1
56001,2012-02-02,0.2319180168456476,0
56002,2012-02-02,0.18988481957596323,1
56003,2012-02-02,0.17842118774332352,0
56004,2012-02-02,0.34523474410735316,1
56005,2012-02-02,0.34284414560944165,0
56006,2012-02-02,0.1821833528238469,1
56007,2012-02-02,0.14919618668319262,0
56008,2012-02-02,0.18954811491818915,1
56009,2012-02-02,0.2056505271729913,1
56010,2012-02-02,0.23198515678944243,1
56011,2012-02-02,0.22382831492738248,1
56012,2012-02-02,0.20801994396047435,1
56013,2012-02-02,0.30179346806969193,1
56014,2012-02-02,0.2773524108905575,1
56015,2012-02-02,0.19278098304922164,0
56016,2012-02-02,0.46483542209445117,1
56017,2012-02-02,0.32055596835386596,1
56018,2012-02-02,0.22632240953868848,1
56019,2012-02-02,0.2683047496380125,1
56020,2012-02-02,0.33765153389102265,0
56021,2012-02-02,0.22337922396876064,1
56022,2012-02-02,0.1400800121427788,0
56023,2012-02-02,0.26628814979328164,0
56024,2012-02-02,0.35568133200110674,1
56025,2012-02-02,0.4266866953023928,1
56026,2012-02-02,0.21482697139998308,1
56027,2012-02-02,0.18670327032798736,0
56028,2012-02-02,0.29318988660547896,1
56029,2012-02-02,0.34067438680624473,1
56030,2012-02-02,0.2779052573335151,1
56031,2012-02-02,0.20074302434472793,1
56032,2012-02-02,0.2245340715742359,1
56033,2012-02-02,0.18823894200495317,1
56034,2012-02-02,0.13800743801227724,1
56035,2012-02-02,0.4756512137884763,0
56036,2012-02-02,0.23622356157538926,1
56037,2012-02-02,0.2666118118369102,1
56038,2012-02-02,0.17629396996377303,1
56039,2012-02-02,0.23703994597485467,1
56040,2012-02-02,0.21518442092829765,1
56041,2012-02-02,0.20321640585814368,1
56042,2012-02-02,0.20479735602990476,0
56043,2012-02-02,0.25158716882004767,0
56044,2012-02-02,0.17203372552614074,1
56045,2012-02-02,0.2031912529515723,1
56046,2012-02-02,0.3615632699329512,1
56047,2012-02-02,0.18764040245236144,1
56048,2012-02-02,0.26791434443351836,0
56049,2012-02-02,0.3720108154510015,1
56050,2012-02-02,0.200369589180816,1
56051,2012-02-02,0.15910540112118032,0
56052,2012-02-02,0.20107268931569436,1
56053,2012-02-02,0.3373270676796638,1
56054,2012-02-02,0.3353126676499573,1
56055,2012-02-02,0.19384633483816918,1
56056,2012-02-02,0.22760346014271102,0
56057,2012-02-02,0.29582786489547175,0
56058,2012-02-02,0.15405765160585144,1
56059,2012-02-02,0.23284645526586242,1
56060,2012-02-02,0.26519267424180415,1
56061,2012-02-02,0.39277092104881417,1
56062,2012-02-02,0.42748618299221164,1
56063,2012-02-02,0.33172130490672064,1
56064,2012-02-02,0.2747047498091566,1
56065,2012-02-02,0.27752209979502623,1
56066,2012-02-02,0.4156630139587707,0
56067,2012-02-02,0.2780787598146128,1
56068,2012-02-02,0.19924353435559314,1
56069,2012-02-02,0.17997223026605674,0
56070,2012-02-02,0.3113860533856693,0
56071,2012-02-02,0.25647798366951824,1
56072,2012-02-02,0.3142889662647328,1
56073,2012-02-02,0.29706657310816653,1
56074,2012-02-02,0.16032802999721682,0
56075,2012-02-02,0.16340688070826628,0
56076,2012-02-02,0.1813313834985759,0
56077,2012-02-02,0.468504273636551,0
56078,2012-02-02,0.20353351829230998,0
56079,2012-02-02,0.3131578473843447,1
56080,2012-02-02,0.2661668308582962,1
56081,2012-02-02,0.26195019211694615,0
56082,2012-02-02,0.11480516778730258,0
56083,2012-02-02,0.1791417881206511,0
56084,2012-02-02,0.3877286672736744,0
56085,2012-02-02,0.3270463416809789,1
56086,2012-02-02,0.19816685308291648,1
56087,2012-02-02,0.3545350490220225,0
56088,2012-02-02,0.1412328160624012,1
56089,2012-02-02,0.20151019152585772,1
56090,2012-02-02,0.18855402080990155,1
56091,2012-02-02,0.3494079284834593,0
56092,2012-02-02,0.23737471707023333,0
56093,2012-02-02,0.29490716731922234,1
56094,2012-02-02,0.3304204644757934,1
56095,2012-02-02,0.25780994873813756,1
56096,2012-02-02,0.23790703553092565,1
56097,2012-02-02,0.3894547529739793,0
56098,2012-02-02,0.34468910949474285,1
56099,2012-02-02,0.25974399262667147,0
56100,2012-02-02,0.15571023649891827,1
56101,2012-02-02,0.2661297699534913,0
56102,2012-02-02,0.21941874076400747,0
56103,2012-02-02,0.26055951509050995,0
56104,2012-02-02,0.4889076557264182,1
56105,2012-02-02,0.2776042094758995,0
56106,2012-02-02,0.23824942706498856,0
56107,2012-02-02,0.45966304421901827,0
56108,2012-02-02,0.2644166182485528,1
56109,2012-02-02,0.3009851293368204,1
56110,2012-02-02,0.2349801767649573,1
56111,2012-02-02,0.26156261300283107,1
56112,2012-02-02,0.1534631308145727,1
56113,2012-02-02,0.1896346018137216,0
56114,2012-02-02,0.2957182261249757,1
56115,2012-02-02,0.1467714266856974,1
56116,2012-02-02,0.2339714522704396,1
56117,2012-02-02,0.2107009264479171,1
56118,2012-02-02,0.1969248551929378,1
56119,2012-02-02,0.24653953968877929,0
56120,2012-02-02,0.13461383541657243,0
56121,2012-02-02,0.1868816297095539,1
56122,2012-02-02,0.2841058645730061,1
56123,2012-02-02,0.3866558370817289,1
56124,2012-02-02,0.15928568353701922,1
56125,2012-02-02,0.2557054422604089,1
56126,2012-02-02,0.36037019865790776,1
56127,2012-02-02,0.28543190863259943,0
56128,2012-02-02,0.2833395226615056,1
56129,2012-02-02,0.148128986671433,0
56130,2012-02-02,0.14456584998549052,1
56131,2012-02-02,0.2104787142522276,1
56132,2012-02-02,0.3750582692712478,1
56133,2012-02-02,0.15599459081585848,0
56134,2012-02-02,0.20363938093141692,0
56135,2012-02-02,0.35731456219601204,1
56136,2012-02-02,0.3210241464914007,1
56137,2012-02-02,0.2532078220747419,1
56138,2012-02-02,0.21257973470367247,1
56139,2012-02-02,0.25937469149668113,1
56140,2012-02-02,0.34735205206811653,1
56141,2012-02-02,0.2459660701222834,0
56142,2012-02-02,0.33295848071006523,0
56143,2012-02-02,0.31348201992745833,1
56144,2012-02-02,0.17660094394626633,1
56145,2012-02-02,0.1982395972815787,1
56146,2012-02-02,0.1625931935087057,1
56147,2012-02-02,0.24843110498227852,1
56148,2012-02-02,0.3286550253427365,1
56149,2012-02-02,0.2892656792788315,0
56150,2012-02-02,0.3293002376981187,1
56151,2012-02-02,0.24541203224343075,1
56152,2012-02-02,0.20219106612853255,1
56153,2012-02-02,0.29703507896686143,1
56154,2012-02-02,0.19081108483009512,0
56155,2012-02-02,0.19958189574135074,0
56156,2012-02-02,0.1530378614177933,1
56157,2012-02-02,0.18361710902730724,1
56158,2012-02-02,0.3173022362961227,0
56159,2012-02-02,0.3379722212263791,1
56160,2012-02-02,0.307051987113786,1
56161,2012-02-02,0.3663926466183366,1
56162,2012-02-02,0.2638878681786381,1
56163,2012-02-02,0.40336615102331635,1
56164,2012-02-02,0.2961035899134941,0
56165,2012-02-02,0.2512433995775511,1
56166,2012-02-02,0.230755207324913,1
56167,2012-02-02,0.20028927247140224,1
56168,2012-02-02,0.16400958483807512,0
56169,2012-02-02,0.19842887071544163,1
56170,2012-02-02,0.2923911430119753,1
56171,2012-02-02,0.2801575241567316,0
56172,2012-02-02,0.4489859938849776,0
56173,2012-02-02,0.19885846699949153,1
56174,2012-02-02,0.25878686391443306,1
56175,2012-02-02,0.14968367073110245,0
56176,2012-02-02,0.4045590321369431,0
56177,2012-02-02,0.3052951304784049,1
56178,2012-02-02,0.14020736366662814,0
56179,2012-02-02,0.26650730668083683,1
56180,2012-02-02,0.24716136899242977,1
56181,2012-02-02,0.4813022035438377,0
56182,2012-02-02,0.3225435090506092,0
56183,2012-02-02,0.284839105985175,1
56184,2012-02-02,0.23100480221596653,1
56185,2012-02-02,0.24299248625452585,1
56186,2012-02-02,0.35270135211168235,1
56187,2012-02-02,0.39356913293169815,1
56188,2012-02-02,0.32479819243021935,1
56189,2012-02-02,0.4376072490908374,0
56190,2012-02-02,0.11303568292802908,0
56191,2012-02-02,0.195866338954314,0
56192,2012-02-02,0.24381986015653623,1
56193,2012-02-02,0.343698854925072,1
56194,2012-02-02,0.3686468835882064,1
56195,2012-02-02,0.17017251493307264,1
56196,2012-02-02,0.23422524634883007,1
56197,2012-02-02,0.2939504277248951,1
56198,2012-02-02,0.22193580612263059,0
56199,2012-02-02,0.33746279411847363,1
56200,2012-02-02,0.18498023408960917,0
56201,2012-02-02,0.37813148817913006,1
56202,2012-02-02,0.28373246879241254,1
56203,2012-02-02,0.2440246124318868,1
56204,2012-02-02,0.2982419366366556,1
56205,2012-02-02,0.4318825636820117,1
56206,2012-02-02,0.24494012244122965,0
56207,2012-02-02,0.3437865239539845,0
56208,2012-02-02,0.34080687240085583,0
56209,2012-02-02,0.2983486369333699,1
56210,2012-02-02,0.15999960517903397,1
56211,2012-02-02,0.30422255603349574,1
56212,2012-02-02,0.20534579757368102,0
56213,2012-02-02,0.34679597461024436,1
56214,2012-02-02,0.24777392191318323,1
56215,2012-02-02,0.1999101909544613,1
56216,2012-02-02,0.3489911405637317,1
56217,2012-02-02,0.25814330023433674,0
56218,2012-02-02,0.23244067822771672,1
56219,2012-02-02,0.2627686358018719,0
56220,2012-02-02,0.40572148259105784,1
56221,2012-02-02,0.17331342949773912,1
56222,2012-02-02,0.2023028814042806,1
56223,2012-02-02,0.33143035644002017,1
56224,2012-02-02,0.35707318785862596,0
56225,2012-02-02,0.32131307315953284,1
56226,2012-02-02,0.2938770591665418,1
56227,2012-02-02,0.19339777541823047,1
56228,2012-02-02,0.20067296619951216,1
56229,2012-02-02,0.31189976553677823,1
56230,2012-02-02,0.26954183492615397,0
56231,2012-02-02,0.13206491229078224,1
56232,2012-02-02,0.20499728936980044,1
56233,2012-02-02,0.3299706761497457,1
56234,2012-02-02,0.17119143004768303,1
56235,2012-02-02,0.21591702772666918,1
56236,2012-02-02,0.34154767800060015,1
56237,2012-02-02,0.1956436593686602,1
56238,2012-02-02,0.18061088895968894,1
56239,2012-02-02,0.22185806444391137,1
56240,2012-02-02,0.20740617831592642,1
56241,2012-02-02,0.1728078364829564,1
56242,2012-02-02,0.3326063878412813,0
56243,2012-02-02,0.2533436084740981,0
56244,2012-02-02,0.3407208215253963,1
56245,2012-02-02,0.21135227694582245,1
56246,2012-02-02,0.38733151127543336,1
56247,2012-02-02,0.33026523202588853,1
56248,2012-02-02,0.3134484458417458,1
56249,2012-02-02,0.33142526743778966,0
56250,2012-02-02,0.2124476974000887,1
56251,2012-02-02,0.2261143577296785,0
56252,2012-02-02,0.37019222351839703,1
56253,2012-02-02,0.45815407862441887,0
56254,2012-02-02,0.4501554924736372,0
56255,2012-02-02,0.45762066657057715,1
56256,2012-02-02,0.13757281149103642,0
56257,2012-02-02,0.19919060345638467,0
56258,2012-02-02,0.3834846534451235,1
56259,2012-02-02,0.18245645623791104,1
56260,2012-02-02,0.2784400710513385,0
56261,2012-02-02,0.17562875715585585,1
56262,2012-02-02,0.37744799586125993,1
56263,2012-02-02,0.2903725575650526,0
56264,2012-02-02,0.41394124648605285,0
56265,2012-02-02,0.1323700734725974,0
56266,2012-02-02,0.271335667181097,1
56267,2012-02-02,0.1860895971839893,0
56268,2012-02-02,0.21650314667383147,1
56269,2012-02-02,0.2599632649774707,1
56270,2012-02-02,0.2709545755710717,1
56271,2012-02-02,0.20583803955909274,1
56272,2012-02-02,0.3073505466642949,0
56273,2012-02-02,0.1809675771059015,1
56274,2012-02-02,0.24361189752065643,0
56275,2012-02-02,0.2630023174800914,0
56276,2012-02-02,0.20571730519098455,1
56277,2012-02-02,0.3413520658218045,1
56278,2012-02-02,0.2904737570033749,1
56279,2012-02-02,0.19034369209795474,0
56280,2012-02-02,0.13514027451788746,0
56281,2012-02-02,0.22506254266545891,1
56282,2012-02-02,0.21662368924630623,1
56283,2012-02-02,0.43845153027952605,1
56284,2012-02-02,0.12417530470428469,0
56285,2012-02-02,0.20228739789487343,1
56286,2012-02-02,0.3077604519582791,1
56287,2012-02-02,0.1931206081334409,0
56288,2012-02-02,0.17977413328636846,1
56289,2012-02-02,0.3892321313308279,1
56290,2012-02-02,0.16923082782094637,0
56291,2012-02-02,0.14072384966899307,0
56292,2012-02-02,0.29442447382022063,1
56293,2012-02-02,0.23674627768159195,0
56294,2012-02-02,0.2090711939339807,0
56295,2012-02-02,0.26039445610575734,1
56296,2012-02-02,0.2624875038451159,1
56297,2012-02-02,0.11811416475195165,0
56298,2012-02-02,0.2774435025862112,0
56299,2012-02-02,0.25705976506486994,1
56300,2012-02-02,0.22659401738467327,1
56301,2012-02-02,0.3778046020397615,1
56302,2012-02-02,0.20815243101538727,1
56303,2012-02-02,0.20110030190572173,0
56304,2012-02-02,0.1585812304587239,1
56305,2012-02-02,0.32491739568671724,1
56306,2012-02-02,0.15460119666039698,1
56307,2012-02-02,0.22442620234273683,1
56308,2012-02-02,0.2741769790762764,1
56309,2012-02-02,0.29086647779253183,1
56310,2012-02-02,0.29784160120296294,1
56311,2012-02-02,0.31558646886141833,1
56312,2012-02-02,0.22430405588617466,1
56313,2012-02-02,0.1688786173900639,1
56314,2012-02-02,0.21874018402939463,1
56315,2012-02-02,0.3515288531322386,1
56316,2012-02-02,0.34784268611000563,0
56317,2012-02-02,0.27669728916659747,1
56318,2012-02-02,0.20988448804414095,1
56319,2012-02-02,0.3038122476962202,1
56320,2012-02-02,0.22743652381458704,0
56321,2012-02-02,0.23247169107580226,1
56322,2012-02-02,0.17671408485847223,0
56323,2012-02-02,0.18360478620678972,0
56324,2012-02-02,0.19181861595889926,0
56325,2012-02-02,0.3353222359287984,1
56326,2012-02-02,0.34205007463332593,0
56327,2012-02-02,0.13238852787319025,0
56328,2012-02-02,0.13682007714531796,0
56329,2012-02-02,0.13522965289343367,1
56330,2012-02-02,0.3842265041477617,1
56331,2012-02-02,0.27753771778656694,1
56332,2012-02-02,0.2208944833223712,1
56333,2012-02-02,0.26701035881883867,0
56334,2012-02-02,0.1722157042592385,0
56335,2012-02-02,0.23754774765524175,1
56336,2012-02-02,0.2632463619479763,0
56337,2012-02-02,0.2696223503804397,0
56338,2012-02-02,0.35759052524114887,1
56339,2012-02-02,0.16045755602556755,1
56340,2012-02-02,0.2648681663117195,0
56341,2012-02-02,0.3914894815677849,1
56342,2012-02-02,0.21656812725885433,0
56343,2012-02-02,0.18644908812843805,0
56344,2012-02-02,0.2711294192262794,0
56345,2012-02-02,0.1298205124258934,0
56346,2012-02-02,0.45124958764620254,0
56347,2012-02-02,0.252167309073933,1
56348,2012-02-02,0.31221449943175006,1
56349,2012-02-02,0.31256794404189203,1
56350,2012-02-02,0.45356601313567274,1
56351,2012-02-02,0.21392671001284247,1
56352,2012-02-02,0.17448119135147078,0
56353,2012-02-02,0.27705349715889466,0
56354,2012-02-02,0.300846754580354,1
56355,2012-02-02,0.20946244993482757,0
56356,2012-02-02,0.20229062662740876,1
56357,2012-02-02,0.22786245852352954,0
56358,2012-02-02,0.2544589333336504,0
56359,2012-02-02,0.1492665865662057,0
56360,2012-02-02,0.1764999949217603,0
56361,2012-02-02,0.3301621731015771,1
56362,2012-02-02,0.21519568034637224,1
56363,2012-02-02,0.21437983731688273,0
56364,2012-02-02,0.11273562881211134,0
56365,2012-02-02,0.36058646166755576,1
56366,2012-02-02,0.19739399467688568,0
56367,2012-02-02,0.285979914896065,1
56368,2012-02-02,0.34077624930818196,1
56369,2012-02-02,0.14609052671264683,1
56370,2012-02-02,0.1543371972082514,1
56371,2012-02-02,0.34564760728885785,0
56372,2012-02-02,0.33597707862677884,1
56373,2012-02-02,0.25320706317103137,1
56374,2012-02-02,0.2025123176093334,1
56375,2012-02-02,0.23269416061029793,1
56376,2012-02-02,0.19361961459715418,1
56377,2012-02-02,0.42170740378077215,1
56378,2012-02-02,0.23285264859794277,1
56379,2012-02-02,0.20313899416453907,0
56380,2012-02-02,0.37968854446713635,1
56381,2012-02-02,0.3428081838997625,1
56382,2012-02-03,0.2617802921468466,1
56383,2012-02-03,0.1728711348579128,1
56384,2012-02-03,0.19188360258972628,1
56385,2012-02-03,0.24744056954155766,1
56386,2012-02-03,0.17687304145675908,1
56387,2012-02-03,0.23890463153917482,1
56388,2012-02-03,0.3739603012050186,1
56389,2012-02-03,0.23703511749802617,1
56390,2012-02-03,0.2323851177217718,1
56391,2012-02-03,0.20890000133107892,1
56392,2012-02-03,0.16952228396399208,0
56393,2012-02-03,0.3681962449755216,1
56394,2012-02-03,0.13955955109346696,1
56395,2012-02-03,0.15196981654388567,0
56396,2012-02-03,0.3981699552865811,1
56397,2012-02-03,0.3631238591722105,1
56398,2012-02-03,0.22740064324314818,1
56399,2012-02-03,0.28495146229536744,1
56400,2012-02-03,0.1782400882808771,1
56401,2012-02-03,0.3343101527399877,1
56402,2012-02-03,0.21599933476133742,1
56403,2012-02-03,0.3237289389613654,1
56404,2012-02-03,0.29308691497223727,0
56405,2012-02-03,0.12550412711815243,0
56406,2012-02-03,0.2819317095993005,1
56407,2012-02-03,0.240336177834172,1
56408,2012-02-03,0.35349256497692916,1
56409,2012-02-03,0.2249278113231558,1
56410,2012-02-03,0.20695208164010293,1
56411,2012-02-03,0.254031026475713,1
56412,2012-02-03,0.3959247791641878,1
56413,2012-02-03,0.22061284990621044,0
56414,2012-02-03,0.31433230826667574,1
56415,2012-02-03,0.21345034251684183,0
56416,2012-02-03,0.35044406030903313,1
56417,2012-02-03,0.2419160001129377,1
56418,2012-02-03,0.3768002019980747,1
56419,2012-02-03,0.21925671942709365,1
56420,2012-02-03,0.32490046789999166,0
56421,2012-02-03,0.31516715285293656,0
56422,2012-02-03,0.2525300361342877,1
56423,2012-02-03,0.29909116941432073,1
56424,2012-02-03,0.3727008560524747,1
56425,2012-02-03,0.4201144623093929,1
56426,2012-02-03,0.17680618376173898,1
56427,2012-02-03,0.3002787535163442,0
56428,2012-02-03,0.2508999658145142,1
56429,2012-02-03,0.25325074625307853,0
56430,2012-02-03,0.40031044565331886,1
56431,2012-02-03,0.19962769065349517,0
56432,2012-02-03,0.24164860400394914,0
56433,2012-02-03,0.14222669267163723,1
56434,2012-02-03,0.25544164383374174,1
56435,2012-02-03,0.15900545163571728,1
56436,2012-02-03,0.29958212388761335,1
56437,2012-02-03,0.22575707228599945,1
56438,2012-02-03,0.22317545226201752,1
56439,2012-02-03,0.21637992220731153,0
56440,2012-02-03,0.30446990819561237,1
56441,2012-02-03,0.23494576890763627,0
56442,2012-02-03,0.1824632676300904,1
56443,2012-02-03,0.13402551724721865,0
56444,2012-02-03,0.20170578603716757,0
56445,2012-02-03,0.3338102093972112,0
56446,2012-02-03,0.36395974167933287,1
56447,2012-02-03,0.3983736814087996,0
56448,2012-02-03,0.24302123153772415,1
56449,2012-02-03,0.2646160639664238,1
56450,2012-02-03,0.2057407759932261,1
56451,2012-02-03,0.17877641522478427,1
56452,2012-02-03,0.3581388541606232,1
56453,2012-02-03,0.45673283995058517,1
56454,2012-02-03,0.24481623683985843,1
56455,2012-02-03,0.2222286934650947,1
56456,2012-02-03,0.31819663080033,1
56457,2012-02-03,0.21330774630084773,1
56458,2012-02-03,0.22271147890286527,0
56459,2012-02-03,0.2620823933612174,0
56460,2012-02-03,0.2789589458891655,1
56461,2012-02-03,0.2519353498482754,1
56462,2012-02-03,0.22545480918964284,0
56463,2012-02-03,0.2218840542655124,0
56464,2012-02-03,0.24979231031548838,1
56465,2012-02-03,0.2541125202281518,0
56466,2012-02-03,0.2175797587417923,0
56467,2012-02-03,0.16533605219445904,0
56468,2012-02-03,0.1749345573180386,1
56469,2012-02-03,0.1960949644566508,1
56470,2012-02-03,0.45616832402803437,0
56471,2012-02-03,0.1764795054994207,1
56472,2012-02-03,0.34091973333161957,1
56473,2012-02-03,0.3096620164456423,0
56474,2012-02-03,0.2305605585910442,1
56475,2012-02-03,0.4390182540583947,1
56476,2012-02-03,0.2280775376507703,1
56477,2012-02-03,0.26100560082753904,0
56478,2012-02-03,0.2638999683122169,1
56479,2012-02-03,0.1871645611541929,0
56480,2012-02-03,0.1947016811437255,1
56481,2012-02-03,0.34400715336035637,0
56482,2012-02-03,0.12896841664082043,1
56483,2012-02-03,0.2723645585240009,1
56484,2012-02-03,0.20598937669894377,1
56485,2012-02-03,0.19619283265402376,1
56486,2012-02-03,0.30321756358872476,1
56487,2012-02-03,0.2070442877668891,1
56488,2012-02-03,0.32571958735312945,1
56489,2012-02-03,0.40049530042023734,1
56490,2012-02-03,0.16771328444365527,0
56491,2012-02-03,0.3065076392258957,0
56492,2012-02-03,0.18455942728933253,1
56493,2012-02-03,0.33899495035581456,1
56494,2012-02-03,0.20020486005470892,1
56495,2012-02-03,0.3395531730846273,1
56496,2012-02-03,0.29322008244709685,1
56497,2012-02-03,0.1929450044389449,1
56498,2012-02-03,0.37105725086903385,0
56499,2012-02-03,0.28499840208791183,0
56500,2012-02-03,0.2697644531610625,0
56501,2012-02-03,0.39680885148897665,1
56502,2012-02-03,0.21789312299314548,1
56503,2012-02-03,0.3781112787867061,1
56504,2012-02-03,0.2211213712175128,0
56505,2012-02-03,0.451155588619912,1
56506,2012-02-03,0.2871810552762116,1
56507,2012-02-03,0.22939329215500923,1
56508,2012-02-03,0.2794643885853435,1
56509,2012-02-03,0.3403724240044062,1
56510,2012-02-03,0.32695254932517726,1
56511,2012-02-03,0.33146947278474265,1
56512,2012-02-03,0.29518705704905757,0
56513,2012-02-03,0.25002128796207385,0
56514,2012-02-03,0.21371387896686803,1
56515,2012-02-03,0.18617954172041137,1
56516,2012-02-03,0.28898176300687595,1
56517,2012-02-03,0.28621455084515995,1
56518,2012-02-03,0.1306298816050809,1
56519,2012-02-03,0.22773770310520647,1
56520,2012-02-03,0.31656123951035003,0
56521,2012-02-03,0.29686542572526614,1
56522,2012-02-03,0.2044577282774451,1
56523,2012-02-03,0.22743725193142952,1
56524,2012-02-03,0.2694067782492604,0
56525,2012-02-03,0.3015968710076002,1
56526,2012-02-03,0.1350007492001017,0
56527,2012-02-03,0.3275123982502728,1
56528,2012-02-03,0.33306159499585797,0
56529,2012-02-03,0.34018323101038533,0
56530,2012-02-03,0.23177358819212923,1
56531,2012-02-03,0.23332053487445348,1
56532,2012-02-03,0.2990492885749441,1
56533,2012-02-03,0.4204513252107047,0
56534,2012-02-03,0.16772576516692045,1
56535,2012-02-03,0.20739387513331542,0
56536,2012-02-03,0.33938862938820996,1
56537,2012-02-03,0.28310533566283,0
56538,2012-02-03,0.16356452190410978,0
56539,2012-02-03,0.2649967112294936,1
56540,2012-02-03,0.4973438493441457,1
56541,2012-02-03,0.4179158036985454,1
56542,2012-02-03,0.2927239213962926,0
56543,2012-02-03,0.18411154198378535,1
56544,2012-02-03,0.11755702218995077,1
56545,2012-02-03,0.31550885370265963,1
56546,2012-02-03,0.30597612269568863,1
56547,2012-02-03,0.2687976496891416,1
56548,2012-02-03,0.24673668736476587,0
56549,2012-02-03,0.27840008531884164,0
56550,2012-02-03,0.2183636427910756,1
56551,2012-02-03,0.12591278061451186,1
56552,2012-02-03,0.2660831719736907,1
56553,2012-02-03,0.21100310894827565,0
56554,2012-02-03,0.1994618150049326,1
56555,2012-02-03,0.2607371228401165,1
56556,2012-02-03,0.1085473066030753,1
56557,2012-02-03,0.34745793430199956,0
56558,2012-02-03,0.4053970015903682,0
56559,2012-02-03,0.2997772904752458,1
56560,2012-02-03,0.3889337560394225,1
56561,2012-02-03,0.18001645271494016,1
56562,2012-02-03,0.2329047023800162,0
56563,2012-02-03,0.27933334799466825,0
56564,2012-02-03,0.23252966162326025,1
56565,2012-02-03,0.15448177736236668,0
56566,2012-02-03,0.23049694678025603,1
56567,2012-02-03,0.15726400951146502,1
56568,2012-02-03,0.25743817428004423,0
56569,2012-02-03,0.2036085502421854,0
56570,2012-02-03,0.1938344918527506,0
56571,2012-02-03,0.19502750296809315,1
56572,2012-02-03,0.10507036044529516,1
56573,2012-02-03,0.3113321761765696,1
56574,2012-02-03,0.22948824968493403,1
56575,2012-02-03,0.4065764625785504,1
56576,2012-02-03,0.21299201208852328,1
56577,2012-02-03,0.2589220862686421,1
56578,2012-02-03,0.2704588637787824,0
56579,2012-02-03,0.48591157182588174,1
56580,2012-02-03,0.24582747408218983,1
56581,2012-02-03,0.3416287653122485,0
56582,2012-02-03,0.19098577770799202,1
56583,2012-02-03,0.22691821296353537,1
56584,2012-02-03,0.28522613166372657,0
56585,2012-02-03,0.18465287861071605,1
56586,2012-02-03,0.353249808971371,1
56587,2012-02-03,0.15379957309982134,0
56588,2012-02-03,0.1418515278467406,0
56589,2012-02-03,0.3077793441610774,1
56590,2012-02-03,0.29987949946903647,0
56591,2012-02-03,0.2998724590075396,1
56592,2012-02-03,0.2588671610205523,1
56593,2012-02-03,0.19400421756457653,1
56594,2012-02-03,0.13653861151542548,1
56595,2012-02-03,0.3554122453566854,1
56596,2012-02-03,0.1767848648381111,0
56597,2012-02-03,0.19022268396346387,1
56598,2012-02-03,0.23775124062527409,1
56599,2012-02-03,0.19238651535973605,0
56600,2012-02-03,0.20702275676496765,1
56601,2012-02-03,0.19559364560429898,1
56602,2012-02-03,0.3822777345889691,1
56603,2012-02-03,0.14498346877206872,1
56604,2012-02-03,0.14753164093615678,1
56605,2012-02-03,0.13014024778216182,1
56606,2012-02-03,0.22745743883542133,1
56607,2012-02-03,0.2614901752052113,1
56608,2012-02-03,0.2945366531614112,1
56609,2012-02-03,0.3073879080693329,0
56610,2012-02-03,0.32393989539422274,0
56611,2012-02-03,0.1805172298129113,1
56612,2012-02-03,0.1781577552950552,1
56613,2012-02-03,0.1935739255002726,0
56614,2012-02-03,0.23059766267824366,1
56615,2012-02-03,0.3346388168746179,1
56616,2012-02-03,0.31985109493850444,1
56617,2012-02-03,0.23474375400461195,0
56618,2012-02-03,0.296357214061497,0
56619,2012-02-03,0.1957118423997931,1
56620,2012-02-03,0.4003962613030667,0
56621,2012-02-03,0.25814039009403017,0
56622,2012-02-03,0.283741325458415,1
56623,2012-02-03,0.15167059728262544,1
56624,2012-02-03,0.28285989432066444,0
56625,2012-02-03,0.24620607381888218,1
56626,2012-02-03,0.2278182628412578,1
56627,2012-02-03,0.2426586635127222,0
56628,2012-02-03,0.2897558904818362,1
56629,2012-02-03,0.29752632322351724,1
56630,2012-02-03,0.26752670958859376,1
56631,2012-02-03,0.2025158563730299,1
56632,2012-02-03,0.3420825464884793,1
56633,2012-02-03,0.3804110990236827,1
56634,2012-02-03,0.3032514327102614,0
56635,2012-02-03,0.1669183684333306,1
56636,2012-02-03,0.21158124441219028,1
56637,2012-02-03,0.26472875556094183,1
56638,2012-02-03,0.3063017497143155,1
56639,2012-02-03,0.26326009503427944,1
56640,2012-02-03,0.3048986032995581,0
56641,2012-02-03,0.2670756789889943,0
56642,2012-02-03,0.17915561004518943,1
56643,2012-02-03,0.32465433737959737,0
56644,2012-02-03,0.1534619586632046,0
56645,2012-02-03,0.21649563497518293,1
56646,2012-02-03,0.2576162837326568,1
56647,2012-02-03,0.23658679863891033,1
56648,2012-02-03,0.3428859407169168,1
56649,2012-02-03,0.19876997625685688,0
56650,2012-02-03,0.32793488496138157,1
56651,2012-02-03,0.2650345899075675,1
56652,2012-02-03,0.16237435992372654,1
56653,2012-02-03,0.17742027991909667,1
56654,2012-02-03,0.22269722784960666,1
56655,2012-02-03,0.2788291233116811,0
56656,2012-02-03,0.2598435838299465,1
56657,2012-02-03,0.33138068720778163,1
56658,2012-02-03,0.30301266359661627,1
56659,2012-02-03,0.38002402711948746,1
56660,2012-02-03,0.3112174942405725,0
56661,2012-02-03,0.235786768624299,1
56662,2012-02-03,0.15387166102524227,0
56663,2012-02-03,0.24707364591754724,0
56664,2012-02-03,0.2933560839509359,1
56665,2012-02-03,0.21764781585931264,1
56666,2012-02-03,0.22335907163626925,0
56667,2012-02-03,0.29758939504627374,0
56668,2012-02-03,0.08894300908152944,1
56669,2012-02-03,0.19271321729359295,0
56670,2012-02-03,0.28680992962597107,1
56671,2012-02-03,0.21361499778290013,1
56672,2012-02-03,0.32082729011572725,1
56673,2012-02-03,0.2619309371754196,1
56674,2012-02-03,0.2147236000394008,1
56675,2012-02-03,0.18492944431965808,1
56676,2012-02-03,0.41349617149437007,1
56677,2012-02-03,0.31228460252639045,1
56678,2012-02-03,0.19607920523934744,0
56679,2012-02-03,0.19526031751150083,1
56680,2012-02-03,0.2640290642223567,1
56681,2012-02-03,0.368526983999324,1
56682,2012-02-03,0.2246068234133509,1
56683,2012-02-03,0.2694370666350869,1
56684,2012-02-03,0.20064306980489124,1
56685,2012-02-03,0.18255458586546233,1
56686,2012-02-03,0.18142042176471074,0
56687,2012-02-03,0.14510485069636056,1
56688,2012-02-03,0.22609294620248913,1
56689,2012-02-03,0.3343548923580554,1
56690,2012-02-03,0.1558950742985107,1
56691,2012-02-03,0.13775536265445626,1
56692,2012-02-03,0.3813404650109944,1
56693,2012-02-03,0.38988265795705196,1
56694,2012-02-03,0.4242026254017899,1
56695,2012-02-03,0.1996763817132376,1
56696,2012-02-03,0.18183131946522008,0
56697,2012-02-03,0.398303334657437,0
56698,2012-02-03,0.19509427738681562,0
56699,2012-02-03,0.2511925964530746,0
56700,2012-02-03,0.34151352213517405,1
56701,2012-02-03,0.33266604350174195,0
56702,2012-02-03,0.25285581336776713,0
56703,2012-02-03,0.3480060463316727,1
56704,2012-02-03,0.3070834096666522,1
56705,2012-02-03,0.21445064861797009,1
56706,2012-02-03,0.14492507333290433,0
56707,2012-02-03,0.3236460079530637,1
56708,2012-02-03,0.28209224373964037,1
56709,2012-02-03,0.19133896605527684,0
56710,2012-02-03,0.21247390233257002,1
56711,2012-02-03,0.2315125282536319,1
56712,2012-02-03,0.1592217989739236,0
56713,2012-02-03,0.24365625509528518,1
56714,2012-02-03,0.1514320368506978,0
56715,2012-02-03,0.290999015353853,1
56716,2012-02-03,0.20524769744161328,1
56717,2012-02-03,0.2945537139327634,1
56718,2012-02-03,0.2922105116908443,1
56719,2012-02-03,0.22159039654978863,1
56720,2012-02-03,0.4781742134741735,1
56721,2012-02-03,0.2685900604164791,1
56722,2012-02-03,0.27240093421323747,0
56723,2012-02-03,0.33682709129075444,1
56724,2012-02-03,0.20289282960489047,1
56725,2012-02-03,0.26284060660458397,0
56726,2012-02-03,0.21308336389878615,1
56727,2012-02-03,0.2492072474395767,1
56728,2012-02-03,0.21494179081423911,0
56729,2012-02-03,0.2633595365647845,0
56730,2012-02-03,0.22846876193406376,1
56731,2012-02-03,0.24480673197052005,1
56732,2012-02-03,0.23883864425636278,1
56733,2012-02-03,0.19853425308178285,0
56734,2012-02-03,0.3022520285105207,1
56735,2012-02-03,0.1806929734304344,0
56736,2012-02-03,0.2514183673695959,1
56737,2012-02-03,0.43701160662418054,0
56738,2012-02-03,0.28547519443248826,0
56739,2012-02-03,0.20979052778133536,1
56740,2012-02-03,0.3075714601667728,1
56741,2012-02-03,0.2285811109071734,1
56742,2012-02-03,0.36111997842064764,1
56743,2012-02-03,0.23558067643545805,0
56744,2012-02-03,0.3174394880012004,1
56745,2012-02-03,0.18812543986565763,1
56746,2012-02-03,0.20086738054728684,0
56747,2012-02-03,0.21876612761556055,1
56748,2012-02-03,0.3086845560363865,1
56749,2012-02-03,0.2289311193503462,1
56750,2012-02-03,0.173301294194638,1
56751,2012-02-03,0.20343222324628712,1
56752,2012-02-03,0.17829965103926404,0
56753,2012-02-03,0.2756163516339147,1
56754,2012-02-03,0.2458515139699395,0
56755,2012-02-03,0.18281430251954758,1
56756,2012-02-03,0.3328321583341321,0
56757,2012-02-03,0.21089336207738088,0
56758,2012-02-03,0.164545795875844,1
56759,2012-02-03,0.3427711181742227,1
56760,2012-02-03,0.4238115862692893,1
56761,2012-02-03,0.3229192411214031,1
56762,2012-02-03,0.2632745477545555,1
56763,2012-02-03,0.2082983776886367,0
56764,2012-02-03,0.2740704337761114,0
56765,2012-02-03,0.21197807159866722,1
56766,2012-02-03,0.372325983165963,1
56767,2012-02-03,0.20036283801632554,1
56768,2012-02-03,0.23069240592266657,0
56769,2012-02-03,0.1499027754023355,1
56770,2012-02-03,0.32433394255073045,1
56771,2012-02-03,0.17202599508775993,0
56772,2012-02-03,0.15030521118289855,0
56773,2012-02-03,0.2006750391388161,0
56774,2012-02-03,0.1896607111139058,1
56775,2012-02-03,0.18610087212366955,1
56776,2012-02-03,0.35683701982969773,1
56777,2012-02-03,0.24885013719156931,0
56778,2012-02-03,0.20043571839536256,1
56779,2012-02-03,0.12402352600729,1
56780,2012-02-03,0.1774975989297523,1
56781,2012-02-03,0.18977097768082826,0
56782,2012-02-03,0.31231026215302166,1
56783,2012-02-03,0.17050931574411485,1
56784,2012-02-03,0.1304218420568011,1
56785,2012-02-03,0.2951288414260215,0
56786,2012-02-03,0.2333089332205774,0
56787,2012-02-03,0.3969024523479737,1
56788,2012-02-03,0.20377964273212568,0
56789,2012-02-03,0.4232348259557692,1
56790,2012-02-03,0.1833364707043813,1
56791,2012-02-03,0.24327357162177046,1
56792,2012-02-03,0.3736580780600741,1
56793,2012-02-03,0.3210623239160566,1
56794,2012-02-03,0.24450089265240224,1
56795,2012-02-03,0.31443817987506445,1
56796,2012-02-03,0.16601843262757482,0
56797,2012-02-03,0.28330609772604354,1
56798,2012-02-03,0.3959450305369706,1
56799,2012-02-03,0.20364316076496589,1
56800,2012-02-03,0.2843739248975858,1
56801,2012-02-03,0.3118680780626539,1
56802,2012-02-03,0.291886823297571,0
56803,2012-02-03,0.3269212080612677,0
56804,2012-02-03,0.29039516479928057,1
56805,2012-02-03,0.18110771943231613,0
56806,2012-02-03,0.1400162790409651,1
56807,2012-02-03,0.24440486497014696,0
56808,2012-02-03,0.12815825976661632,1
56809,2012-02-03,0.3162680005680823,1
56810,2012-02-03,0.37278501988546486,1
56811,2012-02-03,0.16421857415543484,1
56812,2012-02-03,0.18287281825329726,1
56813,2012-02-03,0.18511059747239808,1
56814,2012-02-03,0.3208578400662478,1
56815,2012-02-03,0.19442257832058898,1
56816,2012-02-03,0.2652689744942628,1
56817,2012-02-03,0.5517688616622899,0
56818,2012-02-03,0.1246142112468557,1
56819,2012-02-03,0.20014307501705872,1
56820,2012-02-03,0.33171694406379254,1
56821,2012-02-03,0.4219987630361462,1
56822,2012-02-03,0.2695085629807956,1
56823,2012-02-03,0.2403563176840105,1
56824,2012-02-03,0.17103916521885884,0
56825,2012-02-03,0.2536325998621444,1
56826,2012-02-03,0.26365390846082154,1
56827,2012-02-03,0.11050899619240462,0
56828,2012-02-03,0.316020243512287,0
56829,2012-02-03,0.2554390732097795,1
56830,2012-02-03,0.22750054157180033,1
56831,2012-02-03,0.2409048425959125,1
56832,2012-02-03,0.47955595944042717,1
56833,2012-02-03,0.18599399543279946,0
56834,2012-02-03,0.23002280675127906,1
56835,2012-02-03,0.2850859033842991,1
56836,2012-02-03,0.2541929560223385,1
56837,2012-02-03,0.29471019277086863,0
56838,2012-02-03,0.19707367693319372,1
56839,2012-02-03,0.38258540538075664,1
56840,2012-02-03,0.30718345610709846,1
56841,2012-02-03,0.33635519732131935,1
56842,2012-02-03,0.23453838842504118,1
56843,2012-02-03,0.4767873490219287,0
56844,2012-02-03,0.37871269612369596,1
56845,2012-02-03,0.2471339069121442,1
56846,2012-02-03,0.211181274281534,0
56847,2012-02-03,0.33080583206834063,1
56848,2012-02-03,0.30291313176165313,0
56849,2012-02-03,0.31196993390205224,1
56850,2012-02-03,0.2253723363055926,1
56851,2012-02-03,0.32355677548190886,1
56852,2012-02-03,0.3152375635051746,1
56853,2012-02-03,0.1887822775582791,1
56854,2012-02-03,0.26990150864443235,1
56855,2012-02-03,0.23128556789351679,1
56856,2012-02-03,0.3184933890633281,1
56857,2012-02-03,0.43449602565725537,1
56858,2012-02-03,0.3372681883895387,0
56859,2012-02-03,0.2436166848093416,1
56860,2012-02-03,0.2057056474257127,1
56861,2012-02-03,0.19759887711936058,0
56862,2012-02-03,0.22548889221146937,1
56863,2012-02-03,0.1768069647978745,1
56864,2012-02-03,0.2941406122188103,0
56865,2012-02-03,0.23961933081147418,1
56866,2012-02-03,0.2540985672523663,1
56867,2012-02-03,0.20761196932403228,1
56868,2012-02-03,0.2791376352767076,0
56869,2012-02-03,0.28284842294370316,1
56870,2012-02-03,0.1864849586030987,1
56871,2012-02-03,0.45188305748541113,0
56872,2012-02-03,0.17433247451858008,1
56873,2012-02-03,0.18562231821515024,0
56874,2012-02-03,0.2674519015253968,1
56875,2012-02-03,0.13852148701850558,0
56876,2012-02-03,0.18924453780157066,0
56877,2012-02-03,0.258289686279045,0
56878,2012-02-03,0.19503651382647927,1
56879,2012-02-03,0.1747946193161394,0
56880,2012-02-03,0.19495389284453474,1
56881,2012-02-03,0.20541015394395357,1
56882,2012-02-03,0.19255256821255648,1
56883,2012-02-03,0.16838697038808817,0
56884,2012-02-03,0.31096730575926496,1
56885,2012-02-03,0.19644036337562068,0
56886,2012-02-03,0.23486881053164133,1
56887,2012-02-03,0.3551378688474282,1
56888,2012-02-03,0.21768204276710143,1
56889,2012-02-03,0.3721701578469375,1
56890,2012-02-03,0.241143520069355,1
56891,2012-02-03,0.2955333736337243,1
56892,2012-02-03,0.1976121206120534,0
56893,2012-02-03,0.3135065999330011,1
56894,2012-02-03,0.18205633077044492,1
56895,2012-02-03,0.21196968208152395,0
56896,2012-02-03,0.34487476375054105,1
56897,2012-02-03,0.24744414136674853,1
56898,2012-02-03,0.18451173526547032,1
56899,2012-02-03,0.4448946836185979,1
56900,2012-02-03,0.10985810588647904,0
56901,2012-02-03,0.2892854523830483,0
56902,2012-02-03,0.30119928101667254,1
56903,2012-02-03,0.2158658015075365,1
56904,2012-02-03,0.19247728755751417,1
56905,2012-02-03,0.20794461001320755,0
56906,2012-02-03,0.36404394028735865,0
56907,2012-02-03,0.20653041768381275,0
56908,2012-02-03,0.18222202146244093,0
56909,2012-02-03,0.24307380573381118,1
56910,2012-02-03,0.23392065832704745,1
56911,2012-02-03,0.15042731411501323,0
56912,2012-02-03,0.1660967277694906,1
56913,2012-02-03,0.2834547962374287,1
56914,2012-02-03,0.40333757005469134,1
56915,2012-02-03,0.34283491842382713,0
56916,2012-02-03,0.1753512804770399,1
56917,2012-02-03,0.14079065607710597,0
56918,2012-02-03,0.15863703494344145,0
56919,2012-02-03,0.17312830005011814,1
56920,2012-02-03,0.3393483008525061,1
56921,2012-02-03,0.1794782875960987,1
56922,2012-02-03,0.19984357968651237,1
56923,2012-02-03,0.21932652731057348,0
56924,2012-02-03,0.28044705967897904,1
56925,2012-02-03,0.22391496767512378,1
56926,2012-02-03,0.18346425089761248,1
56927,2012-02-03,0.17943735895232532,0
56928,2012-02-03,0.31050824869574317,1
56929,2012-02-03,0.3174138142222566,1
56930,2012-02-03,0.2409786723113026,1
56931,2012-02-03,0.3543352618285262,1
56932,2012-02-03,0.22623292416675442,1
56933,2012-02-03,0.16405575567465439,1
56934,2012-02-03,0.34940838030932303,1
56935,2012-02-03,0.18945941163828794,1
56936,2012-02-03,0.32533296885671326,1
56937,2012-02-03,0.2574818911790399,0
56938,2012-02-03,0.27994583126138484,0
56939,2012-02-03,0.3617586753397526,1
56940,2012-02-04,0.3186167942634353,0
56941,2012-02-04,0.32412723282019257,1
56942,2012-02-04,0.14703577006272628,0
56943,2012-02-04,0.22503633484299232,0
56944,2012-02-04,0.1907879988900059,1
56945,2012-02-04,0.21233175305137358,1
56946,2012-02-04,0.3258943446303058,1
56947,2012-02-04,0.29129590580330017,1
56948,2012-02-04,0.43753455804146274,1
56949,2012-02-04,0.23474336802763549,1
56950,2012-02-04,0.4324993531498873,1
56951,2012-02-04,0.14478587266606563,1
56952,2012-02-04,0.3102580342132504,1
56953,2012-02-04,0.29787131660798655,1
56954,2012-02-04,0.20478349673447585,0
56955,2012-02-04,0.6571378386750745,0
56956,2012-02-04,0.1581724465350993,0
56957,2012-02-04,0.36756269765405886,0
56958,2012-02-04,0.35873610824860125,1
56959,2012-02-04,0.2282047875559721,1
56960,2012-02-04,0.3391089031021019,1
56961,2012-02-04,0.2911407396920846,1
56962,2012-02-04,0.18670930135619337,0
56963,2012-02-04,0.16883348919691007,0
56964,2012-02-04,0.17384594750727733,1
56965,2012-02-04,0.2725723786493135,1
56966,2012-02-04,0.2311354160733605,0
56967,2012-02-04,0.31375699120220646,0
56968,2012-02-04,0.2695848616382616,1
56969,2012-02-04,0.16499834907914415,0
56970,2012-02-04,0.383382461897589,1
56971,2012-02-04,0.16854832745559814,0
56972,2012-02-04,0.30989954416373605,1
56973,2012-02-04,0.24738432537302113,0
56974,2012-02-04,0.15119592046730237,0
56975,2012-02-04,0.35191998302310795,1
56976,2012-02-04,0.24067456917970406,1
56977,2012-02-04,0.395144198629515,1
56978,2012-02-04,0.19502291230011634,1
56979,2012-02-04,0.34927877694057435,1
56980,2012-02-04,0.2231493207297099,1
56981,2012-02-04,0.20736651568812678,1
56982,2012-02-04,0.4541934724758778,1
56983,2012-02-04,0.3779552593777142,0
56984,2012-02-04,0.13035764009388282,1
56985,2012-02-04,0.5965835208808717,1
56986,2012-02-04,0.22990236680860904,0
56987,2012-02-04,0.27045098880965396,0
56988,2012-02-04,0.6013057231235522,0
56989,2012-02-04,0.19744637416295877,1
56990,2012-02-04,0.2239507078631537,0
56991,2012-02-04,0.3812424918338963,1
56992,2012-02-04,0.34788785515539256,0
56993,2012-02-04,0.19367087862308718,0
56994,2012-02-04,0.15319171611511895,1
56995,2012-02-04,0.3702770000866184,0
56996,2012-02-04,0.18680191871885318,0
56997,2012-02-04,0.2631188597534264,1
56998,2012-02-04,0.2154960186259487,0
56999,2012-02-04,0.3046314370570511,1
57000,2012-02-04,0.197141447351655,1
57001,2012-02-04,0.33116014014350953,1
57002,2012-02-04,0.5062344975117027,1
57003,2012-02-04,0.30146989610439995,1
57004,2012-02-04,0.3356214658594172,0
57005,2012-02-04,0.36795482899448245,1
57006,2012-02-04,0.24890371757567073,1
57007,2012-02-04,0.25774556239115665,1
57008,2012-02-04,0.15463805649494602,0
57009,2012-02-04,0.3155611384329941,1
57010,2012-02-04,0.19649904373058757,0
57011,2012-02-04,0.3910701291117599,0
57012,2012-02-04,0.30844690063029495,0
57013,2012-02-04,0.22209394170141117,0
57014,2012-02-04,0.19442467748652228,0
57015,2012-02-04,0.44074778724235464,1
57016,2012-02-04,0.20179089065719757,1
57017,2012-02-04,0.42878851333966944,1
57018,2012-02-04,0.26190378702776707,0
57019,2012-02-04,0.21159564317934593,0
57020,2012-02-04,0.20774369897426664,1
57021,2012-02-04,0.3848471232394948,1
57022,2012-02-04,0.15620323031324598,0
57023,2012-02-04,0.34184098393368023,0
57024,2012-02-04,0.3182271180473535,1
57025,2012-02-04,0.344958598457693,1
57026,2012-02-04,0.376084945826279,0
57027,2012-02-04,0.2705401075537005,1
57028,2012-02-04,0.32592881426478726,1
57029,2012-02-04,0.15268631545635755,0
57030,2012-02-04,0.3817377900329374,1
57031,2012-02-04,0.25221201018954537,1
57032,2012-02-04,0.3340807805330336,1
57033,2012-02-04,0.3436705587159358,1
57034,2012-02-04,0.3482664000433143,0
57035,2012-02-04,0.29076088342601775,1
57036,2012-02-04,0.1687773442041041,0
57037,2012-02-04,0.1855917665808858,0
57038,2012-02-04,0.19331546735685898,0
57039,2012-02-04,0.20672987676516902,0
57040,2012-02-04,0.24310775991228795,0
57041,2012-02-04,0.29663099300495804,1
57042,2012-02-04,0.2810563559009041,1
57043,2012-02-04,0.20137185947682681,1
57044,2012-02-04,0.21334599757428535,1
57045,2012-02-04,0.24393658967847007,1
57046,2012-02-04,0.28743388248115126,0
57047,2012-02-04,0.14086415826217139,0
57048,2012-02-04,0.18120788480380132,0
57049,2012-02-04,0.322252782372927,0
57050,2012-02-04,0.26911958695095556,0
57051,2012-02-04,0.2797993223700065,0
57052,2012-02-04,0.33961916450951335,0
57053,2012-02-04,0.19282662299969178,1
57054,2012-02-04,0.2909249439938033,0
57055,2012-02-04,0.17888311376325813,1
57056,2012-02-04,0.3615901791298441,1
57057,2012-02-04,0.14146654294717728,1
57058,2012-02-04,0.37348311145603186,1
57059,2012-02-04,0.15615858313983913,1
57060,2012-02-04,0.3135535570235569,1
57061,2012-02-04,0.2646395779680129,0
57062,2012-02-04,0.2795413960063277,0
57063,2012-02-04,0.30101113560678183,1
57064,2012-02-04,0.1756796217882569,1
57065,2012-02-04,0.19418136221881951,0
57066,2012-02-04,0.24884264189495037,0
57067,2012-02-04,0.1271171014864129,0
57068,2012-02-04,0.21544601838827174,0
57069,2012-02-04,0.3424022957442958,1
57070,2012-02-04,0.311289065194553,0
57071,2012-02-04,0.21654237422272463,0
57072,2012-02-04,0.22874342752635426,1
57073,2012-02-04,0.2707113261867887,0
57074,2012-02-04,0.3023702975666242,0
57075,2012-02-04,0.2512420810081371,0
57076,2012-02-04,0.19739427728594705,1
57077,2012-02-04,0.2144755014116933,0
57078,2012-02-04,0.31310162396676927,1
57079,2012-02-04,0.22458245475483707,1
57080,2012-02-04,0.3286160484355645,1
57081,2012-02-04,0.38818404489038366,0
57082,2012-02-04,0.21017943320041782,1
57083,2012-02-04,0.24695792946285638,1
57084,2012-02-04,0.3546804779093228,1
57085,2012-02-04,0.2281390507577417,1
57086,2012-02-04,0.18828813653254106,1
57087,2012-02-04,0.2185780098331341,1
57088,2012-02-04,0.14966958181914486,0
57089,2012-02-04,0.29481193328591876,0
57090,2012-02-04,0.2510608086081583,1
57091,2012-02-04,0.13274067064760067,0
57092,2012-02-04,0.31390961840210235,1
57093,2012-02-04,0.6645824036564719,1
57094,2012-02-04,0.33581100788241286,0
57095,2012-02-04,0.2520540071221323,0
57096,2012-02-04,0.14557647411176003,0
57097,2012-02-04,0.12348607257896892,1
57098,2012-02-04,0.15542669442264187,1
57099,2012-02-04,0.36367232317965176,1
57100,2012-02-04,0.250133581053288,0
57101,2012-02-04,0.3078082754708614,1
57102,2012-02-04,0.3566012494017635,0
57103,2012-02-04,0.12383778776598545,0
57104,2012-02-04,0.2536704077088193,1
57105,2012-02-04,0.21688853874922565,1
57106,2012-02-04,0.2891341897319145,0
57107,2012-02-04,0.3029759045889719,1
57108,2012-02-04,0.26452625294403714,0
57109,2012-02-04,0.14686824763732786,1
57110,2012-02-04,0.19777664272166953,1
57111,2012-02-04,0.23027979648648256,1
57112,2012-02-04,0.22012567286398407,1
57113,2012-02-04,0.27750961430201787,1
57114,2012-02-04,0.16810407619544984,1
57115,2012-02-04,0.35930669454793634,0
57116,2012-02-04,0.3172256281605281,1
57117,2012-02-04,0.17029136402420578,1
57118,2012-02-04,0.3901553475835271,1
57119,2012-02-04,0.3177568647060491,0
57120,2012-02-04,0.25662336954175735,1
57121,2012-02-04,0.20462025937703235,0
57122,2012-02-04,0.5284359272376099,1
57123,2012-02-04,0.15542430624058548,0
57124,2012-02-04,0.3969814378884544,0
57125,2012-02-04,0.18740765425336228,0
57126,2012-02-04,0.19147869260523084,1
57127,2012-02-04,0.2196729526635769,1
57128,2012-02-04,0.3439207182796623,1
57129,2012-02-04,0.25859378939817457,0
57130,2012-02-04,0.26468177253594455,1
57131,2012-02-04,0.15989254413068665,1
57132,2012-02-04,0.45444049485393595,1
57133,2012-02-04,0.1533112146017192,0
57134,2012-02-04,0.16781917007979927,0
57135,2012-02-04,0.1889239840048821,1
57136,2012-02-04,0.30912307533591576,1
57137,2012-02-04,0.17541505463186285,1
57138,2012-02-04,0.31138580921643605,1
57139,2012-02-04,0.2641574033504491,0
57140,2012-02-04,0.2376418199653934,1
57141,2012-02-04,0.12657952071088166,1
57142,2012-02-04,0.2716827118476896,1
57143,2012-02-04,0.31691578999390746,1
57144,2012-02-04,0.31229568717376,1
57145,2012-02-04,0.3218011391804586,1
57146,2012-02-04,0.16749886232862107,0
57147,2012-02-04,0.27109550490067447,0
57148,2012-02-04,0.18070615976039256,1
57149,2012-02-04,0.24322427421650092,1
57150,2012-02-04,0.14750373024630592,1
57151,2012-02-04,0.32001817462581383,1
57152,2012-02-04,0.36489178095819336,1
57153,2012-02-04,0.35370964260267,0
57154,2012-02-04,0.1882992339156886,1
57155,2012-02-04,0.18756148656870725,1
57156,2012-02-04,0.3173887716463868,1
57157,2012-02-04,0.32897367534905714,1
57158,2012-02-04,0.26529662235140195,1
57159,2012-02-04,0.2024681310152164,1
57160,2012-02-04,0.1911279598228018,0
57161,2012-02-04,0.3547054172873999,1
57162,2012-02-04,0.40929188556937285,0
57163,2012-02-04,0.14231834316923989,0
57164,2012-02-04,0.2925371015766198,0
57165,2012-02-04,0.301718714381475,1
57166,2012-02-04,0.365164894603214,1
57167,2012-02-04,0.21072864415417764,1
57168,2012-02-04,0.1509038034369369,0
57169,2012-02-04,0.2732941110203218,0
57170,2012-02-04,0.1368006648637658,0
57171,2012-02-04,0.21486730412904897,1
57172,2012-02-04,0.27918749882527866,1
57173,2012-02-04,0.2618661255287985,0
57174,2012-02-04,0.5442787772404464,1
57175,2012-02-04,0.12667046141826566,0
57176,2012-02-04,0.24112944823729562,1
57177,2012-02-04,0.18832148151400452,0
57178,2012-02-04,0.2732537155497153,1
57179,2012-02-04,0.31155795192230207,1
57180,2012-02-04,0.2991852385656426,1
57181,2012-02-04,0.4286470321613198,1
57182,2012-02-04,0.26869686902544443,1
57183,2012-02-04,0.27141335662187127,1
57184,2012-02-04,0.22025749469803688,0
57185,2012-02-04,0.29168027395896234,0
57186,2012-02-04,0.6172383106070559,1
57187,2012-02-04,0.1768363957627582,1
57188,2012-02-04,0.21071685796403775,0
57189,2012-02-04,0.222967635755838,0
57190,2012-02-04,0.1967145252192261,1
57191,2012-02-04,0.20718710740095528,0
57192,2012-02-04,0.30127002376915785,1
57193,2012-02-04,0.14980445803798217,1
57194,2012-02-04,0.26967650498964696,1
57195,2012-02-04,0.22268322491088494,1
57196,2012-02-04,0.265860621479362,1
57197,2012-02-04,0.5268276286420548,0
57198,2012-02-04,0.1756765822325335,1
57199,2012-02-04,0.4832415700346486,1
57200,2012-02-04,0.3233744142994122,0
57201,2012-02-04,0.15892397154002164,0
57202,2012-02-04,0.2635481552340226,0
57203,2012-02-04,0.3477500076714206,1
57204,2012-02-04,0.34894314073053795,1
57205,2012-02-04,0.5040154970773565,1
57206,2012-02-04,0.3296882046305877,0
57207,2012-02-04,0.19877774490464203,1
57208,2012-02-04,0.22458398226732895,1
57209,2012-02-04,0.24925846040972863,1
57210,2012-02-04,0.2555508420528923,0
57211,2012-02-04,0.610382682409851,1
57212,2012-02-04,0.40725332329150704,1
57213,2012-02-04,0.20782388172425748,1
57214,2012-02-04,0.3129584899075806,1
57215,2012-02-04,0.3107627180836346,1
57216,2012-02-04,0.4295095369830975,0
57217,2012-02-04,0.4314591583006184,1
57218,2012-02-04,0.21223430839570132,1
57219,2012-02-04,0.29952214335525446,0
57220,2012-02-04,0.21421629144496443,1
57221,2012-02-04,0.3842383644215416,1
57222,2012-02-04,0.18327353610529534,1
57223,2012-02-04,0.256079415410591,1
57224,2012-02-04,0.15130672277202686,0
57225,2012-02-04,0.23379003571345883,1
57226,2012-02-04,0.30106584194745417,1
57227,2012-02-04,0.3126403995052167,1
57228,2012-02-04,0.4617563450781109,0
57229,2012-02-04,0.18680191871885318,0
57230,2012-02-04,0.2480397959982189,1
57231,2012-02-04,0.3702586377909034,1
57232,2012-02-04,0.25122729451094505,1
57233,2012-02-04,0.280205248315013,1
57234,2012-02-04,0.2143820773226367,0
57235,2012-02-04,0.17701409586940983,0
57236,2012-02-04,0.14079070567170557,1
57237,2012-02-04,0.4669003600047294,1
57238,2012-02-04,0.19334397561137634,1
57239,2012-02-04,0.3334929041145134,1
57240,2012-02-04,0.4614400745692097,1
57241,2012-02-04,0.2452569916993096,1
57242,2012-02-04,0.14404426769088793,1
57243,2012-02-04,0.13886307328099268,0
57244,2012-02-04,0.15626534367509998,1
57245,2012-02-04,0.4893634355215731,0
57246,2012-02-04,0.16342348492792536,1
57247,2012-02-04,0.19546817342699002,1
57248,2012-02-04,0.3880984814638563,1
57249,2012-02-04,0.19059953095354368,1
57250,2012-02-04,0.20741629386929084,0
57251,2012-02-04,0.15239498013034536,0
57252,2012-02-04,0.12258704366511862,0
57253,2012-02-04,0.24653109012017654,1
57254,2012-02-04,0.19765100138291897,1
57255,2012-02-04,0.3034971852511622,1
57256,2012-02-04,0.1747981117133973,1
57257,2012-02-04,0.1998919600590069,1
57258,2012-02-04,0.22824776308248781,1
57259,2012-02-04,0.3621452765321166,1
57260,2012-02-04,0.3981395510723246,1
57261,2012-02-04,0.2367491342138116,0
57262,2012-02-04,0.15325327823372462,0
57263,2012-02-04,0.1360485365178726,0
57264,2012-02-04,0.22319835254561082,0
57265,2012-02-04,0.21854780155824044,1
57266,2012-02-04,0.2718367919136472,1
57267,2012-02-04,0.1877982312225098,0
57268,2012-02-04,0.37360783384496793,1
57269,2012-02-04,0.3356583050894167,0
57270,2012-02-04,0.2513402284278111,1
57271,2012-02-04,0.23418356890979797,1
57272,2012-02-04,0.19773871573545207,1
57273,2012-02-04,0.38829558328816677,0
57274,2012-02-04,0.3366286020072751,1
57275,2012-02-04,0.30625476754194564,0
57276,2012-02-04,0.268537086833519,1
57277,2012-02-04,0.29091673367454635,1
57278,2012-02-04,0.3987034305412087,1
57279,2012-02-04,0.407168852681723,1
57280,2012-02-04,0.3193215509415868,1
57281,2012-02-04,0.18177580914615651,1
57282,2012-02-04,0.1915874905285065,0
57283,2012-02-04,0.27727498962083624,1
57284,2012-02-04,0.1983021021493312,0
57285,2012-02-04,0.44202569581020185,1
57286,2012-02-04,0.29042203838341446,1
57287,2012-02-04,0.19960211411835516,1
57288,2012-02-04,0.24608437687326645,1
57289,2012-02-04,0.17957773245384298,1
57290,2012-02-04,0.3547852387152413,1
57291,2012-02-04,0.22161656277720662,0
57292,2012-02-04,0.18236089852929194,0
57293,2012-02-04,0.2685653505867903,0
57294,2012-02-04,0.25638064119990583,0
57295,2012-02-04,0.25397795245447047,1
57296,2012-02-04,0.28738152439871695,0
57297,2012-02-04,0.2682204671578914,1
57298,2012-02-04,0.22501908283481184,0
57299,2012-02-04,0.21549380833803944,1
57300,2012-02-04,0.18149663651936757,0
57301,2012-02-04,0.15531482394950813,0
57302,2012-02-04,0.22353452166181997,0
57303,2012-02-04,0.23011550304092487,0
57304,2012-02-04,0.26338046787220626,1
57305,2012-02-04,0.25462533978036256,1
57306,2012-02-04,0.22876702678766822,1
57307,2012-02-04,0.2368324937998848,1
57308,2012-02-04,0.19724115150736213,0
57309,2012-02-04,0.22946320794370859,0
57310,2012-02-04,0.31307365252492725,1
57311,2012-02-04,0.29968773381606506,0
57312,2012-02-04,0.6155838821265979,1
57313,2012-02-04,0.49116560834896195,0
57314,2012-02-04,0.22646170613041738,1
57315,2012-02-04,0.42673283975317455,0
57316,2012-02-04,0.17922730482258978,1
57317,2012-02-04,0.3795047054865495,1
57318,2012-02-04,0.3981825477397795,1
57319,2012-02-04,0.5321626593810399,1
57320,2012-02-04,0.3168958462833842,1
57321,2012-02-04,0.24546607276794008,1
57322,2012-02-04,0.23024002879454522,0
57323,2012-02-04,0.2709279525636421,1
57324,2012-02-04,0.21789555440845762,1
57325,2012-02-04,0.17880734064349496,1
57326,2012-02-04,0.3797438705971772,1
57327,2012-02-04,0.40780550557392087,1
57328,2012-02-04,0.3325771244659513,1
57329,2012-02-04,0.1970512135008376,1
57330,2012-02-04,0.22918889218643343,0
57331,2012-02-04,0.38301666587697275,1
57332,2012-02-04,0.4441599072835976,0
57333,2012-02-04,0.16707147600086228,1
57334,2012-02-04,0.22595316600919407,1
57335,2012-02-04,0.4272316412396485,1
57336,2012-02-04,0.30048664424664095,1
57337,2012-02-04,0.18559359296921105,1
57338,2012-02-04,0.35766614991617807,0
57339,2012-02-04,0.2128894252806989,0
57340,2012-02-04,0.15952238995030324,0
57341,2012-02-04,0.32030199175572094,0
57342,2012-02-04,0.2567626474654169,1
57343,2012-02-04,0.22334001633285475,1
57344,2012-02-04,0.1584588397527322,0
57345,2012-02-04,0.32875432638469476,1
57346,2012-02-04,0.28605560130768676,0
57347,2012-02-04,0.22793562934618125,1
57348,2012-02-04,0.3337962218783864,1
57349,2012-02-04,0.16735264761862056,1
57350,2012-02-04,0.5028907663193599,0
57351,2012-02-04,0.20830773687764043,1
57352,2012-02-04,0.2898005623511359,1
57353,2012-02-04,0.17526692565586732,0
57354,2012-02-04,0.2524835653966964,1
57355,2012-02-04,0.3333065294040771,1
57356,2012-02-04,0.38380274032667433,1
57357,2012-02-04,0.2975918825417834,0
57358,2012-02-04,0.29187194817843437,1
57359,2012-02-04,0.21298625611953775,1
57360,2012-02-04,0.3632001844281146,1
57361,2012-02-04,0.23026960301782393,0
57362,2012-02-04,0.31240967455909957,0
57363,2012-02-04,0.14587451059390102,1
57364,2012-02-04,0.1782147351425965,1
57365,2012-02-04,0.23286930649522583,0
57366,2012-02-04,0.284281911573292,1
57367,2012-02-04,0.21784552573973479,0
57368,2012-02-04,0.3140961955121161,1
57369,2012-02-04,0.24659201962372596,0
57370,2012-02-04,0.18006900187198766,1
57371,2012-02-04,0.16984085495377818,0
57372,2012-02-04,0.13079412708435548,0
57373,2012-02-04,0.2320642964021069,1
57374,2012-02-04,0.3516767665281039,0
57375,2012-02-04,0.25446908779581806,0
57376,2012-02-04,0.2666404818852257,0
57377,2012-02-04,0.2004473336813397,0
57378,2012-02-04,0.1810146948012195,0
57379,2012-02-04,0.21065839306594275,1
57380,2012-02-04,0.19530198781245187,0
57381,2012-02-04,0.1745945228921794,0
57382,2012-02-04,0.2961296758839738,1
57383,2012-02-04,0.28326311425592615,1
57384,2012-02-04,0.16572945790485402,1
57385,2012-02-04,0.2713219607405999,1
57386,2012-02-04,0.20511942623021162,0
57387,2012-02-04,0.3738065032392129,0
57388,2012-02-04,0.508190831745603,1
57389,2012-02-04,0.13284816818288797,0
57390,2012-02-04,0.13932395688758512,0
57391,2012-02-04,0.4196245950252141,1
57392,2012-02-04,0.19614353735038625,0
57393,2012-02-04,0.24941524124674885,0
57394,2012-02-04,0.27604326999178985,0
57395,2012-02-04,0.21186831076075072,1
57396,2012-02-04,0.44131825634959393,0
57397,2012-02-04,0.5035588678795861,1
57398,2012-02-04,0.21746779686260412,1
57399,2012-02-04,0.3137116471761844,1
57400,2012-02-04,0.2073273305181025,1
57401,2012-02-04,0.12111111492595798,1
57402,2012-02-04,0.21684366379298797,1
57403,2012-02-04,0.27969204021033456,1
57404,2012-02-04,0.2724584481423941,1
57405,2012-02-04,0.3711687585420626,1
57406,2012-02-05,0.18600466901177867,0
57407,2012-02-05,0.3830838545289492,0
57408,2012-02-05,0.3776507344389564,0
57409,2012-02-05,0.21794834812119543,1
57410,2012-02-05,0.2829551043942759,1
57411,2012-02-05,0.2875801053369193,0
57412,2012-02-05,0.32833248359624684,1
57413,2012-02-05,0.13537520869663258,0
57414,2012-02-05,0.1414249527035242,1
57415,2012-02-05,0.16612435683149943,0
57416,2012-02-05,0.1863297750807884,1
57417,2012-02-05,0.28082985461772597,1
57418,2012-02-05,0.288171083752297,1
57419,2012-02-05,0.39270610572867554,1
57420,2012-02-05,0.31385310158827884,0
57421,2012-02-05,0.16539919041110893,1
57422,2012-02-05,0.2644611101553281,1
57423,2012-02-05,0.3894002888610043,0
57424,2012-02-05,0.30983942212458987,1
57425,2012-02-05,0.2792511142331173,0
57426,2012-02-05,0.18529128580971457,0
57427,2012-02-05,0.1770334319082205,0
57428,2012-02-05,0.19160872836234114,1
57429,2012-02-05,0.38803246873183084,1
57430,2012-02-05,0.3266320420560714,1
57431,2012-02-05,0.34106507947410164,0
57432,2012-02-05,0.2229113967155115,1
57433,2012-02-05,0.2008851616637798,1
57434,2012-02-05,0.4393939617442173,1
57435,2012-02-05,0.4016026132513674,1
57436,2012-02-05,0.365444055941954,1
57437,2012-02-05,0.24657593270936976,0
57438,2012-02-05,0.3111843176260638,1
57439,2012-02-05,0.23387778872246828,0
57440,2012-02-05,0.28587134532316727,1
57441,2012-02-05,0.20996383454013495,0
57442,2012-02-05,0.2598791537584935,1
57443,2012-02-05,0.21352082014791293,0
57444,2012-02-05,0.32745744957960216,1
57445,2012-02-05,0.46341192261094943,0
57446,2012-02-05,0.3256049063916804,1
57447,2012-02-05,0.3096188119095637,1
57448,2012-02-05,0.3129370545746931,0
57449,2012-02-05,0.40534420451811154,1
57450,2012-02-05,0.25995896844110483,0
57451,2012-02-05,0.23265178307986958,0
57452,2012-02-05,0.28830569074859874,1
57453,2012-02-05,0.3185106186485609,1
57454,2012-02-05,0.24690954014457486,1
57455,2012-02-05,0.28180360692642487,1
57456,2012-02-05,0.3520985476487108,1
57457,2012-02-05,0.2414115175511226,1
57458,2012-02-05,0.24062737301409703,1
57459,2012-02-05,0.2606186461956636,1
57460,2012-02-05,0.15160625759536558,0
57461,2012-02-05,0.2179424240816294,0
57462,2012-02-05,0.4184539202142048,1
57463,2012-02-05,0.2058085181879023,0
57464,2012-02-05,0.26742002756376004,1
57465,2012-02-05,0.5307031394648271,1
57466,2012-02-05,0.3039379421371288,1
57467,2012-02-05,0.3650052531516914,1
57468,2012-02-05,0.4386740284237709,0
57469,2012-02-05,0.3799907957434081,1
57470,2012-02-05,0.21179048168089315,1
57471,2012-02-05,0.13818171343812313,0
57472,2012-02-05,0.3494426376643688,0
57473,2012-02-05,0.4197513865938751,1
57474,2012-02-05,0.24911104764947706,0
57475,2012-02-05,0.3435903687675961,1
57476,2012-02-05,0.21795027750706716,1
57477,2012-02-05,0.2362721102419788,0
57478,2012-02-05,0.231688381342146,0
57479,2012-02-05,0.31797034181602274,1
57480,2012-02-05,0.17054667172208318,0
57481,2012-02-05,0.30416380017162775,0
57482,2012-02-05,0.2018814937602302,1
57483,2012-02-05,0.5271244894752577,0
57484,2012-02-05,0.20702380044270344,0
57485,2012-02-05,0.1934823507948766,0
57486,2012-02-05,0.15189593199176943,1
57487,2012-02-05,0.1755226073859213,1
57488,2012-02-05,0.1471498773850836,0
57489,2012-02-05,0.12829256154579702,1
57490,2012-02-05,0.2530761020384894,0
57491,2012-02-05,0.2577353171877435,1
57492,2012-02-05,0.1625162498653188,1
57493,2012-02-05,0.34215723237335166,1
57494,2012-02-05,0.23120733764471155,1
57495,2012-02-05,0.3434075101042757,1
57496,2012-02-05,0.2034819291995582,0
57497,2012-02-05,0.21060285679412122,1
57498,2012-02-05,0.30064796887132894,0
57499,2012-02-05,0.2654609494041942,1
57500,2012-02-05,0.24185238232428038,1
57501,2012-02-05,0.22974413998140097,1
57502,2012-02-05,0.2873022549371066,1
57503,2012-02-05,0.21249225984670203,0
57504,2012-02-05,0.36230840589076907,1
57505,2012-02-05,0.48656230011361196,1
57506,2012-02-05,0.2491836382662757,0
57507,2012-02-05,0.23272910318239934,1
57508,2012-02-05,0.2756498749136938,1
57509,2012-02-05,0.238459739176626,0
57510,2012-02-05,0.13663276805976718,1
57511,2012-02-05,0.3986646956306178,1
57512,2012-02-05,0.4014257487801041,1
57513,2012-02-05,0.1540095218439919,0
57514,2012-02-05,0.2762143388473393,1
57515,2012-02-05,0.26639352023032553,1
57516,2012-02-05,0.35278697255063385,1
57517,2012-02-05,0.22985761852758205,1
57518,2012-02-05,0.3593862928864719,0
57519,2012-02-05,0.21700854154487237,1
57520,2012-02-05,0.16516160315776354,1
57521,2012-02-05,0.19933269708487802,1
57522,2012-02-05,0.21412163854360566,0
57523,2012-02-05,0.2316797679089094,0
57524,2012-02-05,0.17498893644696195,0
57525,2012-02-05,0.29584368645536213,0
57526,2012-02-05,0.13375251562865295,0
57527,2012-02-05,0.22325583211087602,0
57528,2012-02-05,0.21239931172130783,1
57529,2012-02-05,0.2396206951879801,1
57530,2012-02-05,0.23796221503839968,0
57531,2012-02-05,0.26970041147728085,1
57532,2012-02-05,0.24787896013350655,1
57533,2012-02-05,0.28722769520967534,0
57534,2012-02-05,0.42494026474463825,0
57535,2012-02-05,0.19988084752807178,1
57536,2012-02-05,0.19951660965087423,0
57537,2012-02-05,0.2256782067635077,1
57538,2012-02-05,0.22363819018534403,0
57539,2012-02-05,0.1741199047241302,0
57540,2012-02-05,0.33320891845238354,0
57541,2012-02-05,0.23095059154546177,1
57542,2012-02-05,0.19776861120262357,1
57543,2012-02-05,0.4639998994299387,0
57544,2012-02-05,0.35894651610177786,1
57545,2012-02-05,0.32402609812646904,1
57546,2012-02-05,0.34983695156547645,1
57547,2012-02-05,0.4165384280646792,1
57548,2012-02-05,0.39137020539263667,1
57549,2012-02-05,0.22110447302425384,0
57550,2012-02-05,0.1858897111882287,0
57551,2012-02-05,0.38130025303806775,1
57552,2012-02-05,0.23715917618444693,0
57553,2012-02-05,0.21562581500866365,1
57554,2012-02-05,0.3355420543040799,0
57555,2012-02-05,0.18801899155417945,1
57556,2012-02-05,0.344634917038914,0
57557,2012-02-05,0.5196292427264451,1
57558,2012-02-05,0.32771406455323926,1
57559,2012-02-05,0.1498376985653303,1
57560,2012-02-05,0.1756503004738917,0
57561,2012-02-05,0.13084931874555217,0
57562,2012-02-05,0.25397900065294327,1
57563,2012-02-05,0.2646972722099146,1
57564,2012-02-05,0.2048630231016939,1
57565,2012-02-05,0.28618687877525056,1
57566,2012-02-05,0.3341427100560843,0
57567,2012-02-05,0.2709333460146869,1
57568,2012-02-05,0.4554148388744494,0
57569,2012-02-05,0.186908002058681,1
57570,2012-02-05,0.2051756877129515,1
57571,2012-02-05,0.20840901820668178,0
57572,2012-02-05,0.3772445372380934,1
57573,2012-02-05,0.18732810914633266,1
57574,2012-02-05,0.2504535069950579,1
57575,2012-02-05,0.26648786955721554,1
57576,2012-02-05,0.30098699326120804,0
57577,2012-02-05,0.14548088234656487,0
57578,2012-02-05,0.2534773254023153,0
57579,2012-02-05,0.4577464346662499,1
57580,2012-02-05,0.13493166715535015,0
57581,2012-02-05,0.1929424686970513,1
57582,2012-02-05,0.2694489755083788,1
57583,2012-02-05,0.26332258584696655,0
57584,2012-02-05,0.1526278520440165,1
57585,2012-02-05,0.19070915143084993,1
57586,2012-02-05,0.18221940902777853,1
57587,2012-02-05,0.3026071003142369,1
57588,2012-02-05,0.2517299671187832,1
57589,2012-02-05,0.23519289949940975,1
57590,2012-02-05,0.2922642914492247,0
57591,2012-02-05,0.3211889982958497,1
57592,2012-02-05,0.5355151584651262,1
57593,2012-02-05,0.26486302656161387,0
57594,2012-02-05,0.3099913107485105,0
57595,2012-02-05,0.2835514363211098,0
57596,2012-02-05,0.16228174456795966,1
57597,2012-02-05,0.2857794565573523,1
57598,2012-02-05,0.4398334115126951,1
57599,2012-02-05,0.19373628188073258,1
57600,2012-02-05,0.2649341866102038,1
57601,2012-02-05,0.37085079159928336,0
57602,2012-02-05,0.20642148565530533,0
57603,2012-02-05,0.23637232457299967,1
57604,2012-02-05,0.2084916570899408,0
57605,2012-02-05,0.487821394486579,0
57606,2012-02-05,0.14870001051067586,1
57607,2012-02-05,0.3700377683111961,1
57608,2012-02-05,0.18074210819553865,1
57609,2012-02-05,0.24240887475559397,0
57610,2012-02-05,0.23553520496066485,1
57611,2012-02-05,0.19893343387627985,1
57612,2012-02-05,0.543472783665381,1
57613,2012-02-05,0.47091088669274744,1
57614,2012-02-05,0.2333613560785632,0
57615,2012-02-05,0.1383787389197657,1
57616,2012-02-05,0.25253127227361066,1
57617,2012-02-05,0.33187532705208383,0
57618,2012-02-05,0.24981321866730552,1
57619,2012-02-05,0.18511875564035604,1
57620,2012-02-05,0.2632076935467378,0
57621,2012-02-05,0.1949461862217231,1
57622,2012-02-05,0.1759853063774131,0
57623,2012-02-05,0.5330957488769728,0
57624,2012-02-05,0.1734820047632969,0
57625,2012-02-05,0.305085573819418,1
57626,2012-02-05,0.2037653476386465,1
57627,2012-02-05,0.3005856252066955,1
57628,2012-02-05,0.17673629240276478,1
57629,2012-02-05,0.38678293489740523,1
57630,2012-02-05,0.20388248516745378,1
57631,2012-02-05,0.32009243156843376,0
57632,2012-02-05,0.314486691899296,0
57633,2012-02-05,0.25752866274855346,0
57634,2012-02-05,0.27049191392524996,1
57635,2012-02-05,0.18046815794285537,1
57636,2012-02-05,0.30918114150880216,1
57637,2012-02-05,0.28877344844144703,0
57638,2012-02-05,0.3750030424525252,1
57639,2012-02-05,0.504581061075175,1
57640,2012-02-05,0.28465756822429833,1
57641,2012-02-05,0.2890365501604178,1
57642,2012-02-05,0.4202621046035559,1
57643,2012-02-05,0.2361505352758535,1
57644,2012-02-05,0.27080876197789155,1
57645,2012-02-05,0.19468546433131959,1
57646,2012-02-05,0.14268876577613862,0
57647,2012-02-05,0.20249016894673857,1
57648,2012-02-05,0.5446128669362759,1
57649,2012-02-05,0.21211702794066473,1
57650,2012-02-05,0.158179876169794,0
57651,2012-02-05,0.20116577774419783,0
57652,2012-02-05,0.21912190877305734,1
57653,2012-02-05,0.3521294587110122,1
57654,2012-02-05,0.31121183401631136,1
57655,2012-02-05,0.23316807781984225,1
57656,2012-02-05,0.2936021945361308,1
57657,2012-02-05,0.2796412599186929,0
57658,2012-02-05,0.13580327718008037,0
57659,2012-02-05,0.16047466145270303,1
57660,2012-02-05,0.18016176731486774,1
57661,2012-02-05,0.32665971954612616,0
57662,2012-02-05,0.37397594060405936,0
57663,2012-02-05,0.18735928241631458,1
57664,2012-02-05,0.23543654844727832,1
57665,2012-02-05,0.22545482989887847,1
57666,2012-02-05,0.4035430062346839,0
57667,2012-02-05,0.2763310316106945,0
57668,2012-02-05,0.26607720847925337,1
57669,2012-02-05,0.29150535469188993,1
57670,2012-02-05,0.12189365647861787,1
57671,2012-02-05,0.3331239742037472,0
57672,2012-02-05,0.19289405192356335,0
57673,2012-02-05,0.26323179630140675,1
57674,2012-02-05,0.530552769826549,1
57675,2012-02-05,0.21884603409276446,0
57676,2012-02-05,0.1445883167116148,1
57677,2012-02-05,0.28363256957958777,1
57678,2012-02-05,0.32803794597730873,1
57679,2012-02-05,0.15058305375700023,1
57680,2012-02-05,0.24663032971342955,1
57681,2012-02-05,0.3350166131898202,1
57682,2012-02-05,0.15605545050146993,0
57683,2012-02-05,0.24830643656807294,1
57684,2012-02-05,0.22678664153919803,1
57685,2012-02-05,0.20566646419481788,1
57686,2012-02-05,0.2057765777246061,0
57687,2012-02-05,0.24765758846035474,1
57688,2012-02-05,0.27525728070210287,1
57689,2012-02-05,0.26386342990956846,1
57690,2012-02-05,0.3840585988302063,1
57691,2012-02-05,0.2571850584412893,1
57692,2012-02-05,0.2969854392500606,0
57693,2012-02-05,0.33822222292215876,1
57694,2012-02-05,0.37348977633629304,1
57695,2012-02-05,0.4156291036966007,0
57696,2012-02-05,0.19848210380380849,1
57697,2012-02-05,0.1955030794885376,1
57698,2012-02-05,0.2697146651746824,1
57699,2012-02-05,0.25019697952540937,0
57700,2012-02-05,0.30272558762193336,0
57701,2012-02-05,0.2578035961211716,1
57702,2012-02-05,0.33795612016785126,1
57703,2012-02-05,0.3689589665484387,0
57704,2012-02-05,0.2198672387561829,1
57705,2012-02-05,0.19953523099372533,1
57706,2012-02-05,0.23305921691111403,1
57707,2012-02-05,0.24345019485979644,1
57708,2012-02-05,0.1763469668537978,0
57709,2012-02-05,0.24082757618167963,1
57710,2012-02-05,0.20190461528291737,1
57711,2012-02-05,0.3123683913454669,0
57712,2012-02-05,0.32956713915519836,1
57713,2012-02-05,0.21680958050907265,0
57714,2012-02-05,0.3442771541991463,1
57715,2012-02-05,0.1545938519310503,1
57716,2012-02-05,0.35975891005069044,1
57717,2012-02-05,0.1897441223567424,1
57718,2012-02-05,0.14141500920368175,1
57719,2012-02-05,0.26618248761881796,0
57720,2012-02-05,0.2484928104742417,0
57721,2012-02-05,0.2128482726467891,1
57722,2012-02-05,0.15344536122657068,0
57723,2012-02-05,0.21468752183722856,1
57724,2012-02-05,0.37610538142265726,0
57725,2012-02-05,0.32928491310609337,1
57726,2012-02-05,0.24389411958889734,1
57727,2012-02-05,0.3701899776145642,1
57728,2012-02-05,0.2563173174998449,1
57729,2012-02-05,0.17591809782195178,1
57730,2012-02-05,0.16631238578852556,1
57731,2012-02-05,0.39713620493233487,1
57732,2012-02-05,0.2450150488712904,1
57733,2012-02-05,0.2907121912888212,0
57734,2012-02-05,0.4099430028149271,1
57735,2012-02-05,0.1755804407420375,1
57736,2012-02-05,0.1801049199172845,1
57737,2012-02-05,0.30550154452119144,0
57738,2012-02-05,0.46570695621473945,1
57739,2012-02-05,0.2652981754856135,1
57740,2012-02-05,0.1021396706266462,1
57741,2012-02-05,0.2746492210816467,0
57742,2012-02-05,0.3022456833929437,1
57743,2012-02-05,0.3356766339841779,0
57744,2012-02-05,0.385414130092019,1
57745,2012-02-05,0.31495554943980464,1
57746,2012-02-05,0.37338879086745147,0
57747,2012-02-05,0.23612106012145687,1
57748,2012-02-05,0.20119696131700116,1
57749,2012-02-05,0.3238719522560144,1
57750,2012-02-05,0.34623539141292176,0
57751,2012-02-05,0.20607014421775738,0
57752,2012-02-05,0.3452129720644877,0
57753,2012-02-05,0.2005037820971066,1
57754,2012-02-05,0.38676743738832925,1
57755,2012-02-05,0.40166308537430356,0
57756,2012-02-05,0.3434084216040474,0
57757,2012-02-05,0.27836530616201904,1
57758,2012-02-05,0.25323773376205455,1
57759,2012-02-05,0.2972289683416479,0
57760,2012-02-05,0.12627345679664462,1
57761,2012-02-05,0.4222379752480583,1
57762,2012-02-05,0.5262655131060023,0
57763,2012-02-05,0.21531007561033325,1
57764,2012-02-05,0.36777632373858815,1
57765,2012-02-05,0.21194464665247176,1
57766,2012-02-05,0.2349209290613058,0
57767,2012-02-05,0.15732796349655234,1
57768,2012-02-05,0.2305513089288528,1
57769,2012-02-05,0.35827786831471514,1
57770,2012-02-05,0.2342514956306077,1
57771,2012-02-05,0.21317523067940333,1
57772,2012-02-05,0.2230328567925892,1
57773,2012-02-05,0.40789529907761934,1
57774,2012-02-05,0.2305513089288528,1
57775,2012-02-05,0.2469248076523296,0
57776,2012-02-05,0.3075982772374819,1
57777,2012-02-05,0.16202054036907057,1
57778,2012-02-05,0.12451986075549723,0
57779,2012-02-05,0.17575537522819368,1
57780,2012-02-05,0.20782746728933205,0
57781,2012-02-05,0.13648579655497445,0
57782,2012-02-05,0.2283464516644459,1
57783,2012-02-05,0.17895074628703353,0
57784,2012-02-05,0.332957025933885,0
57785,2012-02-05,0.3691206890530423,1
57786,2012-02-05,0.35786016506501644,1
57787,2012-02-05,0.15637351626266957,0
57788,2012-02-05,0.3203867697291798,1
57789,2012-02-05,0.1990405626442063,1
57790,2012-02-05,0.2642204970169224,0
57791,2012-02-05,0.29166322975591435,1
57792,2012-02-05,0.36351453477402007,1
57793,2012-02-05,0.19732260077089,1
57794,2012-02-05,0.2345922278070305,1
57795,2012-02-05,0.12004384426926684,0
57796,2012-02-05,0.12469851247649565,1
57797,2012-02-05,0.20932471583167644,1
57798,2012-02-05,0.27769109610609105,1
57799,2012-02-05,0.1786340741981321,0
57800,2012-02-05,0.27662674733227094,1
57801,2012-02-05,0.3699231252145458,1
57802,2012-02-05,0.24835381869879555,0
57803,2012-02-05,0.23589029366252992,1
57804,2012-02-05,0.2537451210887993,1
57805,2012-02-05,0.2758917123764042,1
57806,2012-02-05,0.19445855185068914,1
57807,2012-02-05,0.3701035442816752,0
57808,2012-02-05,0.21302480511373886,1
57809,2012-02-05,0.4126664832060091,1
57810,2012-02-05,0.23853691893366402,0
57811,2012-02-05,0.23991373243601832,0
57812,2012-02-05,0.38444091448991435,1
57813,2012-02-05,0.20586833476768343,1
57814,2012-02-05,0.2889169032057843,1
57815,2012-02-05,0.40250589555300603,0
57816,2012-02-05,0.1704430431579654,1
57817,2012-02-05,0.19316895844014773,1
57818,2012-02-05,0.2533278165759907,1
57819,2012-02-05,0.32110837907732565,0
57820,2012-02-05,0.17647132765329554,0
57821,2012-02-05,0.22454947232671624,0
57822,2012-02-05,0.21276912035710335,1
57823,2012-02-05,0.41343802464867146,1
57824,2012-02-05,0.2850907103268986,1
57825,2012-02-05,0.22040003250016285,1
57826,2012-02-05,0.23560436158544562,1
57827,2012-02-05,0.1689374954567879,1
57828,2012-02-05,0.1819783606503568,1
57829,2012-02-05,0.2628431767781484,0
57830,2012-02-05,0.393526960407652,1
57831,2012-02-05,0.2477496944488376,0
57832,2012-02-05,0.3308125791851739,1
57833,2012-02-05,0.27304531751309263,1
57834,2012-02-05,0.29244835456433305,1
57835,2012-02-05,0.5971611828398695,1
57836,2012-02-05,0.2946152637839916,0
57837,2012-02-05,0.29136880709119956,0
57838,2012-02-05,0.37426793009986137,1
57839,2012-02-05,0.22556048094509087,1
57840,2012-02-05,0.3765194171970825,1
57841,2012-02-05,0.1295019155885969,0
57842,2012-02-05,0.36074834153508906,1
57843,2012-02-05,0.23755135375128553,0
57844,2012-02-05,0.36956255442993624,0
57845,2012-02-05,0.26261188859223855,1
57846,2012-02-05,0.22243930968946896,1
57847,2012-02-05,0.22192414946324876,0
57848,2012-02-05,0.14426058980741568,0
57849,2012-02-05,0.17963489093878096,0
57850,2012-02-05,0.23772978448255488,0
57851,2012-02-05,0.3540992461045973,1
57852,2012-02-05,0.3421008675688557,1
57853,2012-02-05,0.27919202838158,0
57854,2012-02-05,0.3059425835129061,0
57855,2012-02-05,0.3288932909219362,1
57856,2012-02-05,0.24907551249784093,1
57857,2012-02-05,0.20112713105816293,0
57858,2012-02-05,0.1733268505792649,0
57859,2012-02-05,0.22871158801462582,1
57860,2012-02-05,0.25558727644017254,0
57861,2012-02-05,0.12662396224634487,0
57862,2012-02-05,0.41775469521387765,1
57863,2012-02-05,0.28401011890639327,0
57864,2012-02-05,0.222397241416993,1
57865,2012-02-05,0.17531226073149697,1
57866,2012-02-05,0.15777930954492947,1
57867,2012-02-05,0.3087115471566196,1
57868,2012-02-05,0.20813830906404776,1
57869,2012-02-05,0.24574483128039556,0
57870,2012-02-05,0.2653216398330491,1
57871,2012-02-05,0.20861313172374213,1
57872,2012-02-05,0.19428340547931255,1
57873,2012-02-05,0.3020762606261811,0
57874,2012-02-05,0.23919215814037192,1
57875,2012-02-05,0.21623836617339184,1
57876,2012-02-05,0.19881210708839417,1
57877,2012-02-05,0.17990332945176216,0
57878,2012-02-05,0.25085607692458595,1
57879,2012-02-05,0.1941068741691005,1
57880,2012-02-05,0.21304071949120676,0
57881,2012-02-05,0.2946816777718264,1
57882,2012-02-05,0.31545452824295894,1
57883,2012-02-05,0.1828898588235068,1
57884,2012-02-05,0.2741117504430132,1
57885,2012-02-05,0.5130148394338763,0
57886,2012-02-05,0.4020185343614317,0
57887,2012-02-05,0.18061199181480658,0
57888,2012-02-05,0.2831015611343294,0
57889,2012-02-05,0.1280446100511761,1
57890,2012-02-05,0.12977768133195958,0
57891,2012-02-05,0.1763984088988778,1
57892,2012-02-05,0.1646107651089445,1
57893,2012-02-05,0.2412432560051371,0
57894,2012-02-05,0.1948870887908167,0
57895,2012-02-05,0.34728903917837706,0
57896,2012-02-05,0.219915187822416,1
57897,2012-02-05,0.32186051087700907,1
57898,2012-02-05,0.13971401283046214,1
57899,2012-02-05,0.2469864643357904,1
57900,2012-02-05,0.15285494548984394,0
57901,2012-02-05,0.15570238851507062,0
57902,2012-02-05,0.18879603138282863,0
57903,2012-02-05,0.4841394366787891,1
57904,2012-02-05,0.22516973892687198,1
57905,2012-02-05,0.16862336635481953,1
57906,2012-02-05,0.35460459636763597,1
57907,2012-02-05,0.20066019023378612,0
57908,2012-02-05,0.34384394744169666,0
57909,2012-02-05,0.40984819054472454,1
57910,2012-02-05,0.29407916730793365,1
57911,2012-02-05,0.30804038236038,1
57912,2012-02-05,0.18888544192200282,1
57913,2012-02-05,0.14865581128622538,0
57914,2012-02-05,0.2160521880869188,1
57915,2012-02-05,0.2900834175339874,0
57916,2012-02-05,0.46632746710203093,1
57917,2012-02-05,0.30732122413049306,1
57918,2012-02-05,0.2519512518774489,1
57919,2012-02-05,0.20155306603655368,0
57920,2012-02-05,0.2680161422508631,1
57921,2012-02-05,0.242748245919099,0
57922,2012-02-05,0.34493750370034393,1
57923,2012-02-05,0.16794781554028396,0
57924,2012-02-05,0.21652920111209745,0
57925,2012-02-05,0.27142408768605747,1
57926,2012-02-05,0.48637456043597393,1
57927,2012-02-05,0.27386248508166244,0
57928,2012-02-05,0.2820031498903139,1
57929,2012-02-05,0.45894978862107977,1
57930,2012-02-05,0.3023502719696306,1
57931,2012-02-05,0.22826254060863763,0
57932,2012-02-05,0.31975012593429203,1
57933,2012-02-05,0.19147290396081643,1
57934,2012-02-05,0.30719156878167075,1
57935,2012-02-05,0.39079802672001845,1
57936,2012-02-05,0.14534977821779863,1
57937,2012-02-05,0.34626285433670856,0
57938,2012-02-05,0.3439410341656366,1
57939,2012-02-05,0.19312879073550412,1
57940,2012-02-05,0.27328959969517624,1
57941,2012-02-05,0.2559914051980376,1
57942,2012-02-05,0.2106163527278099,1
57943,2012-02-05,0.2423638466243078,0
57944,2012-02-05,0.22523213910278228,1
57945,2012-02-05,0.2638391222190251,1
57946,2012-02-05,0.509468430817543,1
57947,2012-02-05,0.25987813541470756,1
57948,2012-02-05,0.19817533315006167,1
57949,2012-02-05,0.1309165258899794,1
57950,2012-02-05,0.17142100204336966,1
57951,2012-02-05,0.5116175246548791,0
57952,2012-02-05,0.11906399361127233,0
57953,2012-02-05,0.17765402627661023,1
57954,2012-02-05,0.23082443723416612,1
57955,2012-02-05,0.3574198362145465,1
57956,2012-02-05,0.16515372921952345,1
57957,2012-02-05,0.3623980417468918,1
57958,2012-02-05,0.33217592254375633,1
57959,2012-02-05,0.20286294749126818,1
57960,2012-02-05,0.19342595270242838,1
57961,2012-02-05,0.18910344485668815,0
57962,2012-02-05,0.18003487906401816,1
57963,2012-02-05,0.19433155646893818,1
57964,2012-02-05,0.2145002007516835,1
57965,2012-02-05,0.32105193154089795,1
57966,2012-02-05,0.27054578027061565,1
57967,2012-02-05,0.21983020206747794,0
57968,2012-02-05,0.2600145444082299,0
57969,2012-02-05,0.1598832521980119,0
57970,2012-02-05,0.23787787968426125,1
57971,2012-02-05,0.17659042343511408,0
57972,2012-02-05,0.271471244931926,0
57973,2012-02-05,0.22618041659036672,1
57974,2012-02-05,0.13689642041106995,0
57975,2012-02-05,0.17091883877556094,0
57976,2012-02-05,0.1669318669071906,1
57977,2012-02-05,0.2756302682119016,0
57978,2012-02-05,0.2301713863842403,1
57979,2012-02-05,0.25297033580266276,0
57980,2012-02-05,0.4207421371860411,1
57981,2012-02-05,0.20792431221016636,1
57982,2012-02-05,0.2194469485550493,1
57983,2012-02-05,0.1609694561462346,1
57984,2012-02-05,0.32003280765190567,1
57985,2012-02-05,0.21458018619735372,1
57986,2012-02-05,0.17488379558299114,1
57987,2012-02-05,0.3981863954082851,1
57988,2012-02-05,0.2598962496507793,1
57989,2012-02-05,0.4036256521305117,1
57990,2012-02-05,0.24689941907042967,0
57991,2012-02-05,0.48391521685299355,1
57992,2012-02-05,0.2641075494136769,1
57993,2012-02-05,0.34808624528544274,0
57994,2012-02-05,0.18870871327545533,1
57995,2012-02-05,0.32240656733487316,1
57996,2012-02-05,0.1750603633585627,0
57997,2012-02-05,0.2675110712181861,0
57998,2012-02-05,0.379888869992028,0
57999,2012-02-05,0.21729295962219744,1
58000,2012-02-05,0.3288527577443358,0
58001,2012-02-05,0.15740676415585442,0
58002,2012-02-05,0.2706402901060853,1
58003,2012-02-05,0.17151537579117676,1
58004,2012-02-05,0.20565381169210203,0
58005,2012-02-05,0.210364690996455,1
58006,2012-02-05,0.28760344538194677,1
58007,2012-02-05,0.2558959413428439,1
58008,2012-02-05,0.2952016543989196,0
58009,2012-02-05,0.3225978397229317,0
58010,2012-02-05,0.19393898389386452,1
58011,2012-02-05,0.3692473090867222,0
58012,2012-02-05,0.18197457695101402,1
58013,2012-02-05,0.36564995308873244,1
58014,2012-02-05,0.19010123820980793,0
58015,2012-02-05,0.12179781399042403,0
58016,2012-02-05,0.29517136418326334,1
58017,2012-02-05,0.23410577363645244,0
58018,2012-02-05,0.31048110514162064,0
58019,2012-02-05,0.2104496657157907,0
58020,2012-02-05,0.3748557261968043,0
58021,2012-02-05,0.22032963279300924,0
58022,2012-02-05,0.4775310080738898,1
58023,2012-02-05,0.2098053379113465,0
58024,2012-02-05,0.19502995149814065,1
58025,2012-02-05,0.5752270945012994,1
58026,2012-02-05,0.21030886569270069,0
58027,2012-02-05,0.4213724577565184,1
58028,2012-02-05,0.23687026889631205,0
58029,2012-02-05,0.44203323870691946,0
58030,2012-02-05,0.44494528604906775,0
58031,2012-02-05,0.30898424727181767,1
58032,2012-02-05,0.31234195560507827,0
58033,2012-02-05,0.21087366345435163,1
58034,2012-02-05,0.20904508207662714,1
58035,2012-02-05,0.2872993780071324,1
58036,2012-02-05,0.2069157240912921,0
58037,2012-02-05,0.1401287794480257,1
58038,2012-02-05,0.21551410037010696,1
58039,2012-02-05,0.4487780268274544,0
58040,2012-02-05,0.20714902869214843,1
58041,2012-02-05,0.46151476735139757,0
58042,2012-02-05,0.18839371529473484,1
58043,2012-02-05,0.3248677099350362,1
58044,2012-02-05,0.3017672641254873,1
58045,2012-02-05,0.25020771537287556,1
58046,2012-02-05,0.37391131277705214,0
58047,2012-02-05,0.3035220714831597,1
58048,2012-02-05,0.14275072744676318,1
58049,2012-02-05,0.5361988543521438,0
58050,2012-02-05,0.2716569889304481,1
58051,2012-02-05,0.2779076827380567,1
58052,2012-02-05,0.14965528181637433,1
58053,2012-02-05,0.2989859451157816,0
58054,2012-02-05,0.3668337360577433,1
58055,2012-02-05,0.16124377361883288,0
58056,2012-02-05,0.307267442366952,1
58057,2012-02-05,0.19850506926689254,1
58058,2012-02-05,0.20124209055847428,1
58059,2012-02-05,0.13333503439364106,0
58060,2012-02-05,0.2062025449262163,0
58061,2012-02-05,0.25453413116497137,1
58062,2012-02-05,0.2514172697164224,0
58063,2012-02-05,0.2742424608886724,0
58064,2012-02-05,0.16400016322636105,0
58065,2012-02-05,0.2304931075313038,1
58066,2012-02-05,0.3766897791529073,0
58067,2012-02-05,0.21954951656430705,1
58068,2012-02-05,0.17449646026844387,0
58069,2012-02-05,0.2800155626009712,0
58070,2012-02-05,0.1855842679886652,1
58071,2012-02-05,0.4538941928258837,0
58072,2012-02-05,0.2660629684471295,1
58073,2012-02-05,0.20765368669895481,1
58074,2012-02-05,0.19543014832849254,1
58075,2012-02-05,0.3395007277751292,1
58076,2012-02-05,0.19311359188715288,0
58077,2012-02-05,0.17889900660373426,1
58078,2012-02-05,0.2160623774871534,0
58079,2012-02-05,0.34482356553638,0
58080,2012-02-05,0.39568849885047247,1
58081,2012-02-05,0.24563725413153661,1
58082,2012-02-05,0.2924677151332144,0
58083,2012-02-05,0.3594355322089343,1
58084,2012-02-05,0.25062056326816623,1
58085,2012-02-05,0.2624055213172533,0
58086,2012-02-05,0.3513066031648321,1
58087,2012-02-05,0.1744184931360647,1
58088,2012-02-05,0.31013642446177253,1
58089,2012-02-05,0.20601162972050135,1
58090,2012-02-05,0.28457156072381085,1
58091,2012-02-05,0.22648230152106535,0
58092,2012-02-05,0.23522294657961482,1
58093,2012-02-05,0.19157177714319634,1
58094,2012-02-05,0.12368197903668127,1
58095,2012-02-05,0.2700041331113455,1
58096,2012-02-05,0.33256604195626394,0
58097,2012-02-05,0.2161529333959083,1
58098,2012-02-05,0.2207858557049023,1
58099,2012-02-05,0.3390946644932056,1
58100,2012-02-05,0.17375056788361984,0
58101,2012-02-05,0.27083621286214066,1
58102,2012-02-05,0.2923389200175198,1
58103,2012-02-05,0.2790641805985245,1
58104,2012-02-05,0.18202684574378403,0
58105,2012-02-05,0.21578795852837068,1
58106,2012-02-05,0.1441826633221275,0
58107,2012-02-05,0.18927887712462999,1
58108,2012-02-05,0.18808304071917425,1
58109,2012-02-05,0.26053663563147017,0
58110,2012-02-05,0.40855304086304006,1
58111,2012-02-05,0.36575093154710964,1
58112,2012-02-05,0.30769339147687913,1
58113,2012-02-05,0.14426041476677567,0
58114,2012-02-05,0.3873737395838121,1
58115,2012-02-05,0.34357516298812896,1
58116,2012-02-05,0.154489933362906,0
58117,2012-02-05,0.24972015591944907,0
58118,2012-02-05,0.21510895172009195,0
58119,2012-02-05,0.25955138355482876,1
58120,2012-02-05,0.1946276229505676,1
58121,2012-02-05,0.2825281657815686,1
58122,2012-02-05,0.17116393621611628,1
58123,2012-02-05,0.3302821829619773,1
58124,2012-02-05,0.31325204377369253,1
58125,2012-02-05,0.30454387665068683,1
58126,2012-02-05,0.44795770437420795,1
58127,2012-02-05,0.15914258639198645,0
58128,2012-02-05,0.25558099814274426,1
58129,2012-02-05,0.21001861167628663,1
58130,2012-02-05,0.18437502933402888,0
58131,2012-02-05,0.30296685586809396,0
58132,2012-02-05,0.2067040001115276,1
58133,2012-02-05,0.24379758794496909,1
58134,2012-02-05,0.16732375170505054,1
58135,2012-02-05,0.37252800297455946,0
58136,2012-02-05,0.2740165248506706,0
58137,2012-02-05,0.2857477218241879,1
58138,2012-02-05,0.2189187108048284,1
58139,2012-02-05,0.34979475302402213,1
58140,2012-02-05,0.498517303691995,1
58141,2012-02-05,0.48987944531399846,1
58142,2012-02-05,0.2907050525808825,1
58143,2012-02-05,0.12500558089556357,0
58144,2012-02-05,0.18896909075699087,1
58145,2012-02-05,0.4899887378330959,0
58146,2012-02-05,0.49929614375386017,1
58147,2012-02-05,0.3205400910660995,1
58148,2012-02-05,0.1453143358129091,1
58149,2012-02-06,0.2300288559334839,1
58150,2012-02-06,0.5577708608408819,0
58151,2012-02-06,0.3405168087801053,0
58152,2012-02-06,0.2902169803753925,1
58153,2012-02-06,0.2784290165200179,1
58154,2012-02-06,0.15864554351673715,1
58155,2012-02-06,0.15911479689296812,0
58156,2012-02-06,0.2919244449385671,0
58157,2012-02-06,0.41008836773846036,0
58158,2012-02-06,0.11913586560901539,0
58159,2012-02-06,0.16214081343829775,0
58160,2012-02-06,0.16742466315391855,0
58161,2012-02-06,0.24825005716413395,1
58162,2012-02-06,0.13016219675575172,0
58163,2012-02-06,0.28005816060815664,1
58164,2012-02-06,0.25810893134465684,1
58165,2012-02-06,0.2717164768822303,0
58166,2012-02-06,0.24012607506773004,0
58167,2012-02-06,0.27679514792755616,1
58168,2012-02-06,0.2206961155308942,0
58169,2012-02-06,0.2347313225459153,1
58170,2012-02-06,0.3283137585527956,0
58171,2012-02-06,0.38988130644891617,0
58172,2012-02-06,0.4667104177637045,0
58173,2012-02-06,0.2035782974974951,0
58174,2012-02-06,0.31754194690595294,0
58175,2012-02-06,0.2779224529847967,1
58176,2012-02-06,0.48352830017698195,1
58177,2012-02-06,0.5395917760140472,1
58178,2012-02-06,0.3505502432070512,1
58179,2012-02-06,0.2748582754105815,0
58180,2012-02-06,0.3675968273339127,0
58181,2012-02-06,0.5215492459000112,1
58182,2012-02-06,0.14150704837862754,0
58183,2012-02-06,0.40549939889648706,1
58184,2012-02-06,0.2566622806667445,0
58185,2012-02-06,0.6063474937213023,1
58186,2012-02-06,0.2598052456198831,1
58187,2012-02-06,0.3552869898377569,0
58188,2012-02-06,0.19903102104485793,1
58189,2012-02-06,0.16727869043959356,1
58190,2012-02-06,0.6212022196649188,1
58191,2012-02-06,0.19347434421248613,0
58192,2012-02-06,0.13622042854591268,0
58193,2012-02-06,0.23919840835037404,0
58194,2012-02-06,0.33655041462169477,0
58195,2012-02-06,0.2946598698799028,0
58196,2012-02-06,0.44041162475111334,0
58197,2012-02-06,0.1801432013270972,0
58198,2012-02-06,0.1360140306624603,0
58199,2012-02-06,0.3394766294702458,1
58200,2012-02-06,0.1595682761635621,1
58201,2012-02-06,0.14579716866287384,1
58202,2012-02-06,0.36661725639522724,0
58203,2012-02-06,0.30803516965947353,1
58204,2012-02-06,0.20913644806393838,0
58205,2012-02-06,0.32270101153461134,1
58206,2012-02-06,0.13945075711667748,0
58207,2012-02-06,0.1582192842039161,1
58208,2012-02-06,0.3270113263705849,1
58209,2012-02-06,0.2800769123015364,1
58210,2012-02-06,0.19441019252513597,1
58211,2012-02-06,0.34880680061366426,1
58212,2012-02-06,0.11162605374567411,0
58213,2012-02-06,0.17238225413556374,1
58214,2012-02-06,0.13475131262829954,1
58215,2012-02-06,0.21950647757385397,0
58216,2012-02-06,0.15206687123424673,1
58217,2012-02-06,0.14298966423362716,0
58218,2012-02-06,0.18178019917532853,0
58219,2012-02-06,0.291790465285231,1
58220,2012-02-06,0.16501226071711805,1
58221,2012-02-06,0.3178882989709271,1
58222,2012-02-06,0.19758131630752654,1
58223,2012-02-06,0.17578103345286925,1
58224,2012-02-06,0.2573717180387356,1
58225,2012-02-06,0.3189499016272079,1
58226,2012-02-06,0.36617960361760726,1
58227,2012-02-06,0.1997454127122326,1
58228,2012-02-06,0.25326695114787534,1
58229,2012-02-06,0.2749945881986714,0
58230,2012-02-06,0.6030473530584601,1
58231,2012-02-06,0.20259832026486788,1
58232,2012-02-06,0.16704013593513686,1
58233,2012-02-06,0.3528748447598028,0
58234,2012-02-06,0.21783377280034727,0
58235,2012-02-06,0.35806066318404967,1
58236,2012-02-06,0.30733657129902214,1
58237,2012-02-06,0.3945189264988348,0
58238,2012-02-06,0.15705636299504858,0
58239,2012-02-06,0.24699553195008836,0
58240,2012-02-06,0.31674679973269654,1
58241,2012-02-06,0.2956812877054641,1
58242,2012-02-06,0.20155870462133058,1
58243,2012-02-06,0.4137954443662092,0
58244,2012-02-06,0.2671250043422224,0
58245,2012-02-06,0.1691402716255673,1
58246,2012-02-06,0.5454027210375054,1
58247,2012-02-06,0.3386953596070901,1
58248,2012-02-06,0.12560499133834496,1
58249,2012-02-06,0.222207928286002,1
58250,2012-02-06,0.24910511912680722,1
58251,2012-02-06,0.22017080878655412,1
58252,2012-02-06,0.3366868523672685,1
58253,2012-02-06,0.21118134740169678,0
58254,2012-02-06,0.14743628340835663,1
58255,2012-02-06,0.20922469245279812,1
58256,2012-02-06,0.1605308811931871,1
58257,2012-02-06,0.12622759154937305,1
58258,2012-02-06,0.21532349812986412,1
58259,2012-02-06,0.16988009393108275,1
58260,2012-02-06,0.3300346011028613,0
58261,2012-02-06,0.19240107519969088,0
58262,2012-02-06,0.29306431085106377,0
58263,2012-02-06,0.17197729511862125,0
58264,2012-02-06,0.17272430965907942,1
58265,2012-02-06,0.3342855860963449,1
58266,2012-02-06,0.4233578234993406,1
58267,2012-02-06,0.24612677480800552,1
58268,2012-02-06,0.4128892385671208,1
58269,2012-02-06,0.09602423542745579,0
58270,2012-02-06,0.2351209591077235,0
58271,2012-02-06,0.17683429161802222,0
58272,2012-02-06,0.12443645088937443,0
58273,2012-02-06,0.39841226464368296,1
58274,2012-02-06,0.29916243288335354,1
58275,2012-02-06,0.22338076300850304,1
58276,2012-02-06,0.18971345984442886,0
58277,2012-02-06,0.29783479436557364,1
58278,2012-02-06,0.20001345843317245,1
58279,2012-02-06,0.26273425691860475,0
58280,2012-02-06,0.19550292569921143,0
58281,2012-02-06,0.20240345729419887,0
58282,2012-02-06,0.2745423246130784,1
58283,2012-02-06,0.15976035075981362,0
58284,2012-02-06,0.294792142499907,1
58285,2012-02-06,0.2634069068278864,0
58286,2012-02-06,0.19824851096403412,0
58287,2012-02-06,0.4511690249505342,1
58288,2012-02-06,0.39116454694908853,0
58289,2012-02-06,0.3524626907186422,1
58290,2012-02-06,0.2551263824524144,0
58291,2012-02-06,0.22988198573137902,1
58292,2012-02-06,0.132929629956357,1
58293,2012-02-06,0.17039709278694287,1
58294,2012-02-06,0.19191538419661616,0
58295,2012-02-06,0.30525604094463515,1
58296,2012-02-06,0.29865455748623115,0
58297,2012-02-06,0.4187473358480084,0
58298,2012-02-06,0.26929633974169137,0
58299,2012-02-06,0.2216715780053186,0
58300,2012-02-06,0.2635521199351873,0
58301,2012-02-06,0.27546845134348596,1
58302,2012-02-06,0.25427321636661027,1
58303,2012-02-06,0.31926808046260735,0
58304,2012-02-06,0.2484306376685423,1
58305,2012-02-06,0.1613592795356173,1
58306,2012-02-06,0.3925147345302227,0
58307,2012-02-06,0.3048039755016862,1
58308,2012-02-06,0.41974431103582655,0
58309,2012-02-06,0.16882738514048654,1
58310,2012-02-06,0.1764697498677003,1
58311,2012-02-06,0.46789756818102407,1
58312,2012-02-06,0.31407237194468773,1
58313,2012-02-06,0.35830668960687206,1
58314,2012-02-06,0.31375376128018617,1
58315,2012-02-06,0.1397158169748436,0
58316,2012-02-06,0.2476451656401909,1
58317,2012-02-06,0.28370753596318643,1
58318,2012-02-06,0.2069532628529554,0
58319,2012-02-06,0.16008700979597532,0
58320,2012-02-06,0.2754283172544751,1
58321,2012-02-06,0.35418652371255566,1
58322,2012-02-06,0.30446999644491135,0
58323,2012-02-06,0.35470695709854505,1
58324,2012-02-06,0.20454979504272516,1
58325,2012-02-06,0.4898662566833213,1
58326,2012-02-06,0.25551051826344723,1
58327,2012-02-06,0.28533482000775906,1
58328,2012-02-06,0.29989631917806947,1
58329,2012-02-06,0.3087464186768689,1
58330,2012-02-06,0.5598750380152601,0
58331,2012-02-06,0.25700371094098406,1
58332,2012-02-06,0.27152869839221505,0
58333,2012-02-06,0.3596848107852696,0
58334,2012-02-06,0.16666003738755977,1
58335,2012-02-06,0.2696339867918821,1
58336,2012-02-06,0.3554831388727154,1
58337,2012-02-06,0.14105905767020874,1
58338,2012-02-06,0.24129793091886695,1
58339,2012-02-06,0.20940314488425626,0
58340,2012-02-06,0.16467406390626907,1
58341,2012-02-06,0.31840719846387844,1
58342,2012-02-06,0.28920152136490473,1
58343,2012-02-06,0.2574963062186682,0
58344,2012-02-06,0.15876296259722752,0
58345,2012-02-06,0.33628206073493416,0
58346,2012-02-06,0.21593888433886194,0
58347,2012-02-06,0.28319102569829663,1
58348,2012-02-06,0.3305601462303699,1
58349,2012-02-06,0.21212069349954654,0
58350,2012-02-06,0.2778257470026636,1
58351,2012-02-06,0.3172902965252986,1
58352,2012-02-06,0.21642908198451175,1
58353,2012-02-06,0.3393419495885722,1
58354,2012-02-06,0.2014542755660531,1
58355,2012-02-06,0.4743222578526168,0
58356,2012-02-06,0.17103437469025184,0
58357,2012-02-06,0.14799870700316323,1
58358,2012-02-06,0.27541951262994546,1
58359,2012-02-06,0.3876288267253793,1
58360,2012-02-06,0.21257018359971003,1
58361,2012-02-06,0.21282327835404757,1
58362,2012-02-06,0.18990656004995454,1
58363,2012-02-06,0.2419028117582069,0
58364,2012-02-06,0.24238729851423163,1
58365,2012-02-06,0.22617599913263484,0
58366,2012-02-06,0.17843899509365932,0
58367,2012-02-06,0.2961941956904988,1
58368,2012-02-06,0.26924696849182717,1
58369,2012-02-06,0.3859271825527288,0
58370,2012-02-06,0.17183115264012094,1
58371,2012-02-06,0.40589048150723317,0
58372,2012-02-06,0.29437696871948027,1
58373,2012-02-06,0.17841720056957544,0
58374,2012-02-06,0.2989010037415394,1
58375,2012-02-06,0.2552377549295619,0
58376,2012-02-06,0.21278150828652453,0
58377,2012-02-06,0.3807963310454789,0
58378,2012-02-06,0.26645316564370813,0
58379,2012-02-06,0.2819601696377801,1
58380,2012-02-06,0.33848276007636924,1
58381,2012-02-06,0.1425313190144011,0
58382,2012-02-06,0.20825948781458217,1
58383,2012-02-06,0.15603931893178455,0
58384,2012-02-06,0.2774266867170852,0
58385,2012-02-06,0.30372820603177914,1
58386,2012-02-06,0.2519022238431526,0
58387,2012-02-06,0.35713325029166465,1
58388,2012-02-06,0.1977295170509547,1
58389,2012-02-06,0.2588752970129766,1
58390,2012-02-06,0.49856870144745963,1
58391,2012-02-06,0.463744225319795,1
58392,2012-02-06,0.31498326346051725,1
58393,2012-02-06,0.3203877307810844,1
58394,2012-02-06,0.17615474228664293,1
58395,2012-02-06,0.4785252978235206,0
58396,2012-02-06,0.34826765996421216,1
58397,2012-02-06,0.18608547541390685,0
58398,2012-02-06,0.21745013517416245,1
58399,2012-02-06,0.25451618290772837,1
58400,2012-02-06,0.34083877766754944,1
58401,2012-02-06,0.38309490959030107,0
58402,2012-02-06,0.2601219285903774,0
58403,2012-02-06,0.18782932136293895,1
58404,2012-02-06,0.1620175112075508,0
58405,2012-02-06,0.3315089969707076,0
58406,2012-02-06,0.3517711033827818,0
58407,2012-02-06,0.18506049310273914,0
58408,2012-02-06,0.3601798620704899,1
58409,2012-02-06,0.33350894639084766,1
58410,2012-02-06,0.31107050963795574,1
58411,2012-02-06,0.1772484088332453,0
58412,2012-02-06,0.33430778826823987,1
58413,2012-02-06,0.28347982502125474,1
58414,2012-02-06,0.23469264384576186,1
58415,2012-02-06,0.23989392753336022,1
58416,2012-02-06,0.21174652284535445,0
58417,2012-02-06,0.23741929743139203,1
58418,2012-02-06,0.29962897662904175,1
58419,2012-02-06,0.14677493377701817,0
58420,2012-02-06,0.22695212805852003,1
58421,2012-02-06,0.26355436291493767,1
58422,2012-02-06,0.18888018729825382,1
58423,2012-02-06,0.4562722834971971,0
58424,2012-02-06,0.24302799389919394,1
58425,2012-02-06,0.3104467513718526,1
58426,2012-02-06,0.169323858047865,0
58427,2012-02-06,0.2811374613512861,1
58428,2012-02-06,0.2770776671434428,0
58429,2012-02-06,0.3557059656902026,0
58430,2012-02-06,0.183597247311625,1
58431,2012-02-06,0.19613619170472116,1
58432,2012-02-06,0.40775582558186113,0
58433,2012-02-06,0.21043130140443878,0
58434,2012-02-06,0.32477139343977574,1
58435,2012-02-06,0.17786948914938425,1
58436,2012-02-06,0.17099609285172562,0
58437,2012-02-06,0.34761901558318836,1
58438,2012-02-06,0.2229686917552406,1
58439,2012-02-06,0.31673947838249705,0
58440,2012-02-06,0.2788787756024439,1
58441,2012-02-06,0.19734022379182342,1
58442,2012-02-06,0.3056041281184738,0
58443,2012-02-06,0.19317225185847753,1
58444,2012-02-06,0.335770289010726,1
58445,2012-02-06,0.1675683757811224,1
58446,2012-02-06,0.2621374217545581,1
58447,2012-02-06,0.3326692226287429,1
58448,2012-02-06,0.2841616632298222,1
58449,2012-02-06,0.3596765072379089,1
58450,2012-02-06,0.21546612132597215,1
58451,2012-02-06,0.24938010111063955,1
58452,2012-02-06,0.3427556447276528,0
58453,2012-02-06,0.25960407345318964,1
58454,2012-02-06,0.3805099465771867,1
58455,2012-02-06,0.22041149484424996,1
58456,2012-02-06,0.15886891124197022,0
58457,2012-02-06,0.12018660363710049,0
58458,2012-02-06,0.24275454024140464,0
58459,2012-02-06,0.15629530152848253,1
58460,2012-02-06,0.3628453113303928,0
58461,2012-02-06,0.20435585691506458,1
58462,2012-02-06,0.11885853239779536,0
58463,2012-02-06,0.33539344881999783,1
58464,2012-02-06,0.38419993201899233,1
58465,2012-02-06,0.20149557952347374,1
58466,2012-02-06,0.22841182911020644,0
58467,2012-02-06,0.28278464003468434,1
58468,2012-02-06,0.280661381768283,1
58469,2012-02-06,0.28720046069559707,0
58470,2012-02-06,0.15674968637941086,1
58471,2012-02-06,0.2674329823203298,1
58472,2012-02-06,0.3062474915593608,1
58473,2012-02-06,0.21475793634047885,0
58474,2012-02-06,0.16982602622309587,0
58475,2012-02-06,0.46242263298508635,0
58476,2012-02-06,0.32122596749366583,1
58477,2012-02-06,0.2252313578087488,0
58478,2012-02-06,0.15983635380796785,0
58479,2012-02-06,0.3182331639000215,1
58480,2012-02-06,0.20056701638129476,1
58481,2012-02-06,0.3889009140231653,0
58482,2012-02-06,0.26388170982449904,0
58483,2012-02-06,0.45061305527838263,0
58484,2012-02-06,0.2760245436809482,1
58485,2012-02-06,0.372521510000792,1
58486,2012-02-06,0.32239452637996346,1
58487,2012-02-06,0.25128584656808306,1
58488,2012-02-06,0.13106243582289892,0
58489,2012-02-06,0.3887614235019325,0
58490,2012-02-06,0.2634069068278864,1
58491,2012-02-06,0.19490554072413588,1
58492,2012-02-06,0.18209680314395413,1
58493,2012-02-06,0.2929277830075114,1
58494,2012-02-06,0.24157117238316259,1
58495,2012-02-06,0.13996597393723087,0
58496,2012-02-06,0.257862048552632,0
58497,2012-02-06,0.40464105782558374,0
58498,2012-02-06,0.15825133791464807,0
58499,2012-02-06,0.12063190262122339,1
58500,2012-02-06,0.2807730489621213,1
58501,2012-02-06,0.16026745367511044,0
58502,2012-02-06,0.5062461747088376,1
58503,2012-02-06,0.25326032097704004,1
58504,2012-02-06,0.20875706247927275,1
58505,2012-02-06,0.29549733990780763,1
58506,2012-02-06,0.24908149642017574,0
58507,2012-02-06,0.2528611415881121,0
58508,2012-02-06,0.2268124332882823,0
58509,2012-02-06,0.2617551508044471,0
58510,2012-02-06,0.42965915022158546,1
58511,2012-02-06,0.21556316093083874,1
58512,2012-02-06,0.23054887993276993,1
58513,2012-02-06,0.25243397373709825,1
58514,2012-02-06,0.2878100703874146,0
58515,2012-02-06,0.2979944472580985,0
58516,2012-02-06,0.15055168182923398,1
58517,2012-02-06,0.21068089296877995,1
58518,2012-02-06,0.22267817294445544,1
58519,2012-02-06,0.2129940484629988,0
58520,2012-02-06,0.2518637144494309,1
58521,2012-02-06,0.14456132324320076,0
58522,2012-02-06,0.35483094663067627,0
58523,2012-02-06,0.1912202585153943,1
58524,2012-02-06,0.1916388363195274,1
58525,2012-02-06,0.25130194492936186,0
58526,2012-02-06,0.4737658733695241,1
58527,2012-02-06,0.20834249187639392,0
58528,2012-02-06,0.27522717751793424,1
58529,2012-02-06,0.35626854895428617,1
58530,2012-02-06,0.25629688980975995,0
58531,2012-02-06,0.44128694472387203,0
58532,2012-02-06,0.4064696784663219,1
58533,2012-02-06,0.24749001421311806,0
58534,2012-02-06,0.3097207177825769,1
58535,2012-02-06,0.32054775421440207,1
58536,2012-02-06,0.3035987274889428,1
58537,2012-02-06,0.22841398655161832,1
58538,2012-02-06,0.28448557743673847,1
58539,2012-02-06,0.1963912252721931,0
58540,2012-02-06,0.3119073260537927,1
58541,2012-02-06,0.25974646143469293,1
58542,2012-02-06,0.23100972921074672,0
58543,2012-02-06,0.21706987005116124,1
58544,2012-02-06,0.5870714918497925,1
58545,2012-02-06,0.23264794366779112,1
58546,2012-02-06,0.21306526370229648,1
58547,2012-02-06,0.24635051855757856,0
58548,2012-02-06,0.2399672089853737,1
58549,2012-02-06,0.42392227214190903,0
58550,2012-02-06,0.3679136096671848,1
58551,2012-02-06,0.16477543969460215,1
58552,2012-02-06,0.2130057394056585,1
58553,2012-02-06,0.15657593302752376,0
58554,2012-02-06,0.19421617096082444,1
58555,2012-02-06,0.14537562997440598,1
58556,2012-02-06,0.18520649514949386,0
58557,2012-02-06,0.3164207377910935,0
58558,2012-02-06,0.30742181993627543,1
58559,2012-02-06,0.30001825364423396,0
58560,2012-02-06,0.30003928402074453,1
58561,2012-02-06,0.35331806397194404,1
58562,2012-02-06,0.2637469075961006,0
58563,2012-02-06,0.41208445841000924,1
58564,2012-02-06,0.1409118493987811,1
58565,2012-02-06,0.2637003705155288,1
58566,2012-02-06,0.25494567990917927,1
58567,2012-02-06,0.19538477593127856,1
58568,2012-02-06,0.28684804342325415,1
58569,2012-02-06,0.26463700591922223,1
58570,2012-02-06,0.23565112979670366,0
58571,2012-02-06,0.2791624352346341,1
58572,2012-02-06,0.6047147141842016,1
58573,2012-02-06,0.22616431889155592,0
58574,2012-02-06,0.28120832757222963,1
58575,2012-02-06,0.19245487530271116,1
58576,2012-02-06,0.32692178909998093,0
58577,2012-02-06,0.188070079202911,0
58578,2012-02-06,0.5849812868655048,1
58579,2012-02-06,0.19763199691652603,1
58580,2012-02-06,0.2748179150953075,1
58581,2012-02-06,0.39985020445592967,0
58582,2012-02-06,0.3438504803042762,1
58583,2012-02-06,0.27141654890561207,1
58584,2012-02-06,0.269648994039888,0
58585,2012-02-06,0.20190508654710124,0
58586,2012-02-06,0.25176779887777456,0
58587,2012-02-06,0.16689537120767192,1
58588,2012-02-06,0.33558384149544684,1
58589,2012-02-06,0.21661457814709645,1
58590,2012-02-06,0.1497935364569399,1
58591,2012-02-06,0.2347369868677965,1
58592,2012-02-06,0.2526310936541197,1
58593,2012-02-06,0.28956513176431614,0
58594,2012-02-06,0.22680848805968296,0
58595,2012-02-06,0.17263450798492466,1
58596,2012-02-06,0.19705708061443197,0
58597,2012-02-06,0.3854388666378843,0
58598,2012-02-06,0.2558303368769087,0
58599,2012-02-06,0.1945212046436512,1
58600,2012-02-06,0.18755781854491665,0
58601,2012-02-06,0.29052862794916445,0
58602,2012-02-06,0.22485315516775828,0
58603,2012-02-06,0.25791696074654735,1
58604,2012-02-06,0.1590643423964533,1
58605,2012-02-06,0.20184115783884668,0
58606,2012-02-06,0.21857779844540726,1
58607,2012-02-06,0.26515872049926326,1
58608,2012-02-06,0.254499779892063,0
58609,2012-02-06,0.20514623493030618,1
58610,2012-02-06,0.2801877781156611,1
58611,2012-02-06,0.25524489544822854,1
58612,2012-02-06,0.1405924412776358,0
58613,2012-02-06,0.24208644394065867,1
58614,2012-02-06,0.2800589097347801,0
58615,2012-02-06,0.41761160312178497,1
58616,2012-02-06,0.2580438804057868,1
58617,2012-02-06,0.49749138066878457,0
58618,2012-02-06,0.3656517596276867,1
58619,2012-02-06,0.27249609114488416,1
58620,2012-02-06,0.30525165923643827,1
58621,2012-02-06,0.27533218672725723,1
58622,2012-02-06,0.358286646779713,1
58623,2012-02-06,0.35360708841062294,1
58624,2012-02-06,0.2028080077158411,1
58625,2012-02-06,0.3400436318524645,1
58626,2012-02-06,0.34001404030021115,0
58627,2012-02-06,0.44776266195756936,0
58628,2012-02-06,0.18830532932096988,0
58629,2012-02-06,0.361034786873317,0
58630,2012-02-06,0.43309654847479007,1
58631,2012-02-06,0.22305070190278928,1
58632,2012-02-06,0.3123981886944348,1
58633,2012-02-06,0.2260934959838311,0
58634,2012-02-06,0.16378947271681096,0
58635,2012-02-06,0.2566980054133145,0
58636,2012-02-06,0.13465352245206924,1
58637,2012-02-06,0.1631255005233304,1
58638,2012-02-06,0.33676858659071507,1
58639,2012-02-06,0.22531167536285554,1
58640,2012-02-06,0.23290616065118,0
58641,2012-02-06,0.22085806903104646,0
58642,2012-02-06,0.3087906050236572,1
58643,2012-02-06,0.2283332912737329,1
58644,2012-02-06,0.2349171643163774,0
58645,2012-02-06,0.19492086495748556,1
58646,2012-02-06,0.2744068815078849,1
58647,2012-02-06,0.1732403346090147,0
58648,2012-02-06,0.3026247696438818,0
58649,2012-02-06,0.2319707565801735,1
58650,2012-02-06,0.327109526371354,1
58651,2012-02-06,0.33988213061052963,0
58652,2012-02-06,0.37167874912921245,1
58653,2012-02-06,0.1717051174511741,0
58654,2012-02-06,0.24671903651620772,1
58655,2012-02-06,0.4634301786086024,1
58656,2012-02-06,0.20678696161369708,1
58657,2012-02-06,0.19541129422521067,1
58658,2012-02-06,0.16914532849646133,0
58659,2012-02-06,0.5624275301471212,1
58660,2012-02-06,0.36411990381481224,0
58661,2012-02-06,0.13935160220860685,1
58662,2012-02-06,0.13413551765902482,1
58663,2012-02-06,0.16162623654935282,0
58664,2012-02-06,0.31868372900973585,1
58665,2012-02-06,0.13309691274978733,1
58666,2012-02-06,0.44102666160464826,1
58667,2012-02-06,0.16614683651401227,1
58668,2012-02-06,0.3048433355742759,1
58669,2012-02-06,0.2920378108937294,0
58670,2012-02-06,0.1490447736264951,0
58671,2012-02-06,0.38478584324359355,1
58672,2012-02-06,0.37197267335609147,1
58673,2012-02-06,0.14926877257900334,1
58674,2012-02-06,0.29068193463115016,0
58675,2012-02-06,0.3801490931768157,0
58676,2012-02-06,0.3341440591276853,0
58677,2012-02-06,0.29146163897088295,1
58678,2012-02-06,0.2555091966082263,1
58679,2012-02-06,0.2772228791353509,1
58680,2012-02-06,0.23617358488840864,1
58681,2012-02-06,0.2049923176770084,1
58682,2012-02-06,0.3814587055521999,1
58683,2012-02-06,0.2568338772812455,1
58684,2012-02-06,0.2905298974879553,1
58685,2012-02-06,0.2501030939668303,0
58686,2012-02-06,0.3399950915038978,1
58687,2012-02-06,0.2634069068278864,1
58688,2012-02-06,0.34701546307410935,1
58689,2012-02-06,0.23628180177534916,0
58690,2012-02-06,0.17793382198282512,0
58691,2012-02-06,0.39026061015198044,1
58692,2012-02-06,0.4133534501328725,0
58693,2012-02-06,0.17818973740403174,0
58694,2012-02-06,0.275907216684642,0
58695,2012-02-06,0.15065160242022835,0
58696,2012-02-06,0.3310318596166636,1
58697,2012-02-06,0.17296344166201952,0
58698,2012-02-06,0.20874162499961216,1
58699,2012-02-06,0.2780386561958953,0
58700,2012-02-06,0.3473475035679466,1
58701,2012-02-06,0.32311769805723933,0
58702,2012-02-06,0.2367072975547671,0
58703,2012-02-06,0.31523838115078223,0
58704,2012-02-06,0.4300499292947358,1
58705,2012-02-06,0.12023244776991376,0
58706,2012-02-06,0.2995144749773877,1
58707,2012-02-06,0.18118447752369107,1
58708,2012-02-06,0.21503844876336864,1
58709,2012-02-06,0.5776657850925789,1
58710,2012-02-06,0.23814424182771704,0
58711,2012-02-06,0.33344330279079587,1
58712,2012-02-06,0.323655638001284,1
58713,2012-02-06,0.33724053121903813,1
58714,2012-02-06,0.23703159079806863,1
58715,2012-02-06,0.26476982504079516,1
58716,2012-02-06,0.3029362952895049,1
58717,2012-02-06,0.34709350034096453,0
58718,2012-02-06,0.2680185740817169,1
58719,2012-02-06,0.6012117034569666,0
58720,2012-02-06,0.26821615397099935,0
58721,2012-02-06,0.18186561257977832,1
58722,2012-02-06,0.17656377131681764,0
58723,2012-02-06,0.19507247674058134,0
58724,2012-02-06,0.5619032537968511,0
58725,2012-02-06,0.42129127673230454,1
58726,2012-02-06,0.1452046722471262,1
58727,2012-02-06,0.23680413486724378,1
58728,2012-02-06,0.49337707109662277,0
58729,2012-02-06,0.32730113733564337,0
58730,2012-02-06,0.18263459858380127,0
58731,2012-02-06,0.12503125434587015,0
58732,2012-02-06,0.22482212294334655,0
58733,2012-02-06,0.3186850411887068,0
58734,2012-02-06,0.20092999745422577,1
58735,2012-02-06,0.29620770651543943,1
58736,2012-02-06,0.3062789541501702,1
58737,2012-02-06,0.2664977907445307,0
58738,2012-02-06,0.13275636718368475,0
58739,2012-02-06,0.22007767058890915,1
58740,2012-02-06,0.417360170089056,0
58741,2012-02-06,0.32328853077570996,1
58742,2012-02-06,0.26550733666168547,1
58743,2012-02-06,0.18872285295149716,0
58744,2012-02-06,0.18927161313365784,1
58745,2012-02-06,0.19092721861267598,1
58746,2012-02-06,0.15919586689870635,0
58747,2012-02-06,0.17681830351317043,1
58748,2012-02-06,0.41163143067724767,0
58749,2012-02-06,0.24963377990288335,0
58750,2012-02-06,0.23078799432061892,1
58751,2012-02-06,0.4980282442228032,1
58752,2012-02-06,0.15840655077498522,0
58753,2012-02-06,0.48497185595110565,0
58754,2012-02-06,0.2805972200466982,1
58755,2012-02-06,0.21759895374335206,1
58756,2012-02-06,0.14563740000409542,0
58757,2012-02-06,0.13810610968490009,1
58758,2012-02-06,0.3242993562591757,1
58759,2012-02-06,0.4314391772100922,1
58760,2012-02-06,0.3475175679020562,0
58761,2012-02-06,0.2961590656511402,0
58762,2012-02-06,0.1761993245066932,0
58763,2012-02-06,0.31848751744172205,1
58764,2012-02-06,0.11898447468596529,1
58765,2012-02-06,0.21188160354860652,1
58766,2012-02-06,0.1738080803994891,1
58767,2012-02-06,0.34084584406229956,1
58768,2012-02-06,0.5170402683969619,1
58769,2012-02-06,0.1627650765794621,1
58770,2012-02-06,0.29707849870459946,1
58771,2012-02-06,0.3904836409139778,1
58772,2012-02-06,0.23730572638902708,1
58773,2012-02-06,0.3743466597545712,1
58774,2012-02-06,0.28817476626831684,0
58775,2012-02-06,0.12977662559962594,1
58776,2012-02-06,0.19272687056604113,1
58777,2012-02-06,0.21367644126671267,1
58778,2012-02-06,0.17091663182709121,1
58779,2012-02-06,0.22316809411993252,1
58780,2012-02-06,0.20701264582741621,1
58781,2012-02-06,0.27575112657034806,1
58782,2012-02-06,0.2476618974351282,1
58783,2012-02-06,0.32345691661100945,0
58784,2012-02-06,0.24333953507698053,1
58785,2012-02-06,0.1323909907455037,0
58786,2012-02-06,0.20974799489858675,1
58787,2012-02-06,0.2690470054503989,0
58788,2012-02-06,0.4944004224039973,1
58789,2012-02-06,0.20993371487492013,0
58790,2012-02-06,0.3481123538781537,1
58791,2012-02-06,0.34571288121276444,0
58792,2012-02-06,0.18315888001639738,1
58793,2012-02-06,0.18544489019648558,0
58794,2012-02-06,0.4369721209245504,1
58795,2012-02-06,0.37534557403633595,1
58796,2012-02-06,0.3922281089223449,1
58797,2012-02-06,0.24117006335822186,1
58798,2012-02-06,0.33778144907025515,1
58799,2012-02-06,0.3156552729947728,0
58800,2012-02-06,0.3517083225485881,0
58801,2012-02-06,0.1568132925591887,0
58802,2012-02-06,0.20847390785928938,0
58803,2012-02-06,0.28244534707761687,1
58804,2012-02-06,0.5792088155938285,0
58805,2012-02-06,0.17781661312866298,0
58806,2012-02-06,0.16485069164409163,0
58807,2012-02-06,0.19588491816231451,1
58808,2012-02-06,0.19870632657827625,1
58809,2012-02-06,0.24190200380074248,1
58810,2012-02-06,0.22325164423957922,1
58811,2012-02-06,0.1396454288723578,1
58812,2012-02-06,0.19554381908193733,1
58813,2012-02-06,0.35064545966631433,1
58814,2012-02-06,0.16492649747269048,1
58815,2012-02-06,0.24280219740708284,1
58816,2012-02-06,0.2761390273927616,0
58817,2012-02-06,0.3618595754489973,1
58818,2012-02-06,0.3000662348731633,0
58819,2012-02-06,0.27041372694728133,0
58820,2012-02-06,0.21746294888314177,1
58821,2012-02-06,0.27555778544570964,1
58822,2012-02-06,0.20987033321605042,0
58823,2012-02-06,0.37212534565488026,0
58824,2012-02-06,0.18152777925087155,0
58825,2012-02-06,0.1939962146273546,1
58826,2012-02-06,0.4815231288489014,1
58827,2012-02-06,0.2750099008020915,1
58828,2012-02-06,0.419172908840701,1
58829,2012-02-06,0.28559729999372274,0
58830,2012-02-06,0.24201690792582592,1
58831,2012-02-06,0.19194211511966064,1
58832,2012-02-06,0.22109421743992572,0
58833,2012-02-06,0.28450562458139245,1
58834,2012-02-06,0.3188940507152248,1
58835,2012-02-06,0.18918380900119788,1
58836,2012-02-06,0.254900649441902,1
58837,2012-02-06,0.3023301383204162,1
58838,2012-02-06,0.1795443126023436,1
58839,2012-02-06,0.36722165883372165,1
58840,2012-02-06,0.13967964810465433,0
58841,2012-02-06,0.21263114999106958,0
58842,2012-02-06,0.3625341884011061,1
58843,2012-02-06,0.17314338922231337,1
58844,2012-02-06,0.3921653373039289,1
58845,2012-02-06,0.45953175169257593,0
58846,2012-02-06,0.4043871278159897,0
58847,2012-02-06,0.22202883930152548,0
58848,2012-02-06,0.1634798817667969,1
58849,2012-02-06,0.20992286641765137,0
58850,2012-02-06,0.22400723106953,1
58851,2012-02-06,0.42065691179331,0
58852,2012-02-06,0.1807491294330034,0
58853,2012-02-06,0.4496851210668656,0
58854,2012-02-06,0.26756344904809304,0
58855,2012-02-06,0.2509451650767468,0
58856,2012-02-06,0.187864494412862,0
58857,2012-02-06,0.4126648097777921,0
58858,2012-02-06,0.17572523415698027,1
58859,2012-02-06,0.2321642187601275,0
58860,2012-02-06,0.2763735642272104,1
58861,2012-02-06,0.17178753972800068,0
58862,2012-02-06,0.1992577344886748,1
58863,2012-02-06,0.2004269192476959,1
58864,2012-02-06,0.1975717963566871,0
58865,2012-02-06,0.31123652886463576,1
58866,2012-02-06,0.32166677194543614,0
58867,2012-02-06,0.26318870381163023,1
58868,2012-02-06,0.38780193531277996,1
58869,2012-02-06,0.25181862673051847,1
58870,2012-02-06,0.4569147819406762,0
58871,2012-02-06,0.17766905596554425,1
58872,2012-02-06,0.22671572656473588,0
58873,2012-02-06,0.18133944992983406,1
58874,2012-02-06,0.25618423475163526,0
58875,2012-02-06,0.16950624664336544,1
58876,2012-02-06,0.24206037877578593,0
58877,2012-02-06,0.25361793247125597,0
58878,2012-02-06,0.3331110319298347,0
58879,2012-02-06,0.17189556410375087,1
58880,2012-02-06,0.20263348027423345,1
58881,2012-02-06,0.2828130098217106,1
58882,2012-02-06,0.35431171339390805,1
58883,2012-02-06,0.3057994255050193,1
58884,2012-02-06,0.17638024120668117,0
58885,2012-02-06,0.17175648173269112,1
58886,2012-02-06,0.4782230555263193,1
58887,2012-02-06,0.1796912795199107,1
58888,2012-02-06,0.5853508912955376,1
58889,2012-02-06,0.40800096693598753,0
58890,2012-02-06,0.6047313352288619,1
58891,2012-02-06,0.49753416828690744,0
58892,2012-02-06,0.2914421951790253,0
58893,2012-02-06,0.3209997942161333,1
58894,2012-02-06,0.3487744106348682,1
58895,2012-02-06,0.2557621377274738,1
58896,2012-02-06,0.28509449964374056,0
58897,2012-02-06,0.28370926468539703,1
58898,2012-02-06,0.30539624243012703,1
58899,2012-02-06,0.5345079580336589,1
58900,2012-02-06,0.1266938860224036,1
58901,2012-02-06,0.18602249786700656,0
58902,2012-02-06,0.18911504155490974,1
58903,2012-02-06,0.33265647797478404,1
58904,2012-02-06,0.5222937299355466,0
58905,2012-02-06,0.2213495208285073,1
58906,2012-02-06,0.13307338712769162,1
58907,2012-02-06,0.380458974218054,1
58908,2012-02-06,0.4288525668772891,1
58909,2012-02-06,0.181357673396186,1
58910,2012-02-06,0.34249616640489444,1
58911,2012-02-06,0.2160636966924314,0
58912,2012-02-06,0.46310315316727685,1
58913,2012-02-06,0.2878477838369072,1
58914,2012-02-06,0.11343978880700205,1
58915,2012-02-06,0.22972775322999564,1
58916,2012-02-06,0.49923008284757614,1
58917,2012-02-06,0.41946231653754484,0
58918,2012-02-06,0.2432126605605458,1
58919,2012-02-06,0.1655160449609677,1
58920,2012-02-06,0.30508588321928765,0
58921,2012-02-06,0.19325924423448396,1
58922,2012-02-06,0.28820340858924115,1
58923,2012-02-06,0.3135088717290107,0
58924,2012-02-06,0.22260557280265345,1
58925,2012-02-06,0.24215105880145396,1
58926,2012-02-06,0.24059985052177132,1
58927,2012-02-06,0.25917640529756253,0
58928,2012-02-06,0.32978838189326626,1
58929,2012-02-06,0.44796302233755425,1
58930,2012-02-06,0.17904784338144072,0
58931,2012-02-06,0.275120552979284,1
58932,2012-02-06,0.19980313847849132,0
58933,2012-02-06,0.1674812489480933,1
58934,2012-02-06,0.30980432081650644,1
58935,2012-02-06,0.3169061850571069,1
58936,2012-02-06,0.19573103874525977,0
58937,2012-02-06,0.15517603748527883,0
58938,2012-02-06,0.29632321592484395,0
58939,2012-02-06,0.30248260681280675,0
58940,2012-02-06,0.20049791026906175,0
58941,2012-02-06,0.19204643675421412,1
58942,2012-02-06,0.4943283692669033,1
58943,2012-02-06,0.2938847691193558,1
58944,2012-02-06,0.2650078720519865,1
58945,2012-02-06,0.1297663139173692,0
58946,2012-02-06,0.3172273335081839,1
58947,2012-02-06,0.21344862137239068,0
58948,2012-02-06,0.2122891201934414,0
58949,2012-02-06,0.19775100739524099,0
58950,2012-02-06,0.2752195181757227,1
58951,2012-02-06,0.18842765449635449,0
58952,2012-02-06,0.33798522054536834,1
58953,2012-02-06,0.14853588655593344,0
58954,2012-02-06,0.5261517244162386,1
58955,2012-02-06,0.26114213295029626,1
58956,2012-02-06,0.584878034047559,1
58957,2012-02-06,0.5301915769387391,1
58958,2012-02-06,0.2687999238799416,1
58959,2012-02-06,0.22129538903654555,1
58960,2012-02-06,0.28675687144783235,1
58961,2012-02-06,0.27490163012029256,1
58962,2012-02-06,0.3594137563771739,1
58963,2012-02-06,0.22007903325962938,0
58964,2012-02-06,0.3151758374944167,1
58965,2012-02-06,0.30801527414661994,1
58966,2012-02-06,0.1364298868332324,1
58967,2012-02-06,0.17268819089618287,0
58968,2012-02-06,0.2982993145185912,1
58969,2012-02-06,0.23307941179518782,1
58970,2012-02-06,0.3294841093993468,1
58971,2012-02-06,0.4439799679098829,1
58972,2012-02-06,0.16085127001475172,0
58973,2012-02-06,0.422596842295244,0
58974,2012-02-06,0.3827830689542672,1
58975,2012-02-06,0.23609851460749062,0
58976,2012-02-06,0.37093400268077503,1
58977,2012-02-06,0.18036222412547737,1
58978,2012-02-06,0.3295476262582733,1
58979,2012-02-06,0.4565740620047701,1
58980,2012-02-06,0.48480601409611335,0
58981,2012-02-06,0.21226199662142775,1
58982,2012-02-06,0.18988925624287886,0
58983,2012-02-06,0.43031389013203514,1
58984,2012-02-06,0.22173958206945987,1
58985,2012-02-06,0.4949189535011032,1
58986,2012-02-06,0.34753882358007043,0
58987,2012-02-06,0.1776173541946645,1
58988,2012-02-06,0.39070281300122767,1
58989,2012-02-06,0.2889534864737659,0
58990,2012-02-06,0.2984982488654116,1
58991,2012-02-06,0.24357133696532246,1
58992,2012-02-06,0.2634069068278864,1
58993,2012-02-06,0.29671006701908753,0
58994,2012-02-06,0.4082287632631334,1
58995,2012-02-06,0.45569389419029627,1
58996,2012-02-06,0.487621102725426,0
58997,2012-02-06,0.36688602941247284,0
58998,2012-02-06,0.14956390772579695,0
58999,2012-02-06,0.11615110808603468,1
59000,2012-02-06,0.31804773925188823,0
59001,2012-02-06,0.21732215418188125,1
59002,2012-02-06,0.3199510417839717,1
59003,2012-02-06,0.18443026596234818,0
59004,2012-02-06,0.23280465198037198,1
59005,2012-02-06,0.2158350991669025,1
59006,2012-02-06,0.3134897034261497,0
59007,2012-02-06,0.46805104088525123,1
59008,2012-02-06,0.39646874229714885,1
59009,2012-02-06,0.37427828909570887,1
59010,2012-02-06,0.14348422946667055,0
59011,2012-02-06,0.3069066129014781,0
59012,2012-02-06,0.17699511915144858,1
59013,2012-02-06,0.21893708119041644,1
59014,2012-02-06,0.333713339863153,1
59015,2012-02-06,0.23435450370059582,1
59016,2012-02-06,0.597554768860807,1
59017,2012-02-06,0.19672325233130214,1
59018,2012-02-06,0.31776514730270167,0
59019,2012-02-06,0.28560937612200343,0
59020,2012-02-06,0.3517422566152881,0
59021,2012-02-06,0.22387790291190673,1
59022,2012-02-06,0.2586352348354111,1
59023,2012-02-06,0.30624615207751343,0
59024,2012-02-06,0.2082905428119269,1
59025,2012-02-06,0.14731990187273095,1
59026,2012-02-06,0.5980492235330979,0
59027,2012-02-06,0.2895192247907608,1
59028,2012-02-06,0.4323409021934866,1
59029,2012-02-06,0.23121289702453174,1
59030,2012-02-06,0.48237552705002956,1
59031,2012-02-06,0.1093861304128838,1
59032,2012-02-06,0.2866944538649595,1
59033,2012-02-06,0.2426948182092803,1
59034,2012-02-06,0.296876970629214,1
59035,2012-02-06,0.35020272155195137,1
59036,2012-02-06,0.35920900282936036,1
59037,2012-02-07,0.6255640894038786,0
59038,2012-02-07,0.17570080840930663,0
59039,2012-02-07,0.547650160987101,0
59040,2012-02-07,0.24615628414852886,0
59041,2012-02-07,0.14303744927390055,0
59042,2012-02-07,0.266380623354519,1
59043,2012-02-07,0.18048712617454418,0
59044,2012-02-07,0.20349863805430457,1
59045,2012-02-07,0.2701972766843429,1
59046,2012-02-07,0.2329698516795332,1
59047,2012-02-07,0.20982842184029804,1
59048,2012-02-07,0.5382066724918568,1
59049,2012-02-07,0.10723956899663757,0
59050,2012-02-07,0.4706519525700096,0
59051,2012-02-07,0.3853733407347458,0
59052,2012-02-07,0.40150661215930733,1
59053,2012-02-07,0.26930480497277,0
59054,2012-02-07,0.12044040549056435,0
59055,2012-02-07,0.30872423473261085,0
59056,2012-02-07,0.2337606993375454,0
59057,2012-02-07,0.400855397867802,1
59058,2012-02-07,0.4891976424283249,1
59059,2012-02-07,0.23963420270518102,1
59060,2012-02-07,0.15102223754201136,0
59061,2012-02-07,0.172859770156199,0
59062,2012-02-07,0.1993853063432314,0
59063,2012-02-07,0.3806735385272765,1
59064,2012-02-07,0.19387990518777432,1
59065,2012-02-07,0.1362062957147217,0
59066,2012-02-07,0.40748523710120826,1
59067,2012-02-07,0.344716025550643,0
59068,2012-02-07,0.33241838941346863,0
59069,2012-02-07,0.2716409728455389,1
59070,2012-02-07,0.2900219803190167,1
59071,2012-02-07,0.1493372194210451,1
59072,2012-02-07,0.3099556555191329,0
59073,2012-02-07,0.2063220425368829,1
59074,2012-02-07,0.2875900545579317,0
59075,2012-02-07,0.3137245825536046,0
59076,2012-02-07,0.1265461389234556,0
59077,2012-02-07,0.2773744116509377,1
59078,2012-02-07,0.5349393643674782,0
59079,2012-02-07,0.4214980983863776,1
59080,2012-02-07,0.3507174893321304,0
59081,2012-02-07,0.2289865714370919,1
59082,2012-02-07,0.2966536785318808,1
59083,2012-02-07,0.6626760882774112,1
59084,2012-02-07,0.16655670796888158,1
59085,2012-02-07,0.2044979259190291,1
59086,2012-02-07,0.2187292683107672,1
59087,2012-02-07,0.38719985572524507,1
59088,2012-02-07,0.2606571926790806,1
59089,2012-02-07,0.42922264492766465,1
59090,2012-02-07,0.2776559931445865,1
59091,2012-02-07,0.18423798111170644,0
59092,2012-02-07,0.5294938880601227,0
59093,2012-02-07,0.23798940687390674,0
59094,2012-02-07,0.2562944660397034,1
59095,2012-02-07,0.18019767962239236,0
59096,2012-02-07,0.44496641977788526,0
59097,2012-02-07,0.4964984333965724,1
59098,2012-02-07,0.24814716037823883,1
59099,2012-02-07,0.17109363681272216,1
59100,2012-02-07,0.21331345785292824,0
59101,2012-02-07,0.26581511442577427,0
59102,2012-02-07,0.30633199039305653,0
59103,2012-02-07,0.13380592677337186,0
59104,2012-02-07,0.18999670351268372,0
59105,2012-02-07,0.34151559706098394,0
59106,2012-02-07,0.1556206468245693,0
59107,2012-02-07,0.36844660130744444,0
59108,2012-02-07,0.3224599110778021,1
59109,2012-02-07,0.20399587149588938,0
59110,2012-02-07,0.569875295935024,1
59111,2012-02-07,0.2609667375740694,0
59112,2012-02-07,0.1797552727300916,0
59113,2012-02-07,0.2451173391105043,1
59114,2012-02-07,0.2843117746703509,1
59115,2012-02-07,0.25245555436298345,0
59116,2012-02-07,0.2241009950899513,0
59117,2012-02-07,0.17937690496171174,1
59118,2012-02-07,0.19580854666365974,1
59119,2012-02-07,0.23359232572047128,1
59120,2012-02-07,0.18022199464339614,1
59121,2012-02-07,0.10859065080259954,1
59122,2012-02-07,0.43349723867893175,0
59123,2012-02-07,0.2821271023142946,1
59124,2012-02-07,0.18565383850570857,1
59125,2012-02-07,0.20999718789411348,0
59126,2012-02-07,0.27442620197341827,1
59127,2012-02-07,0.29023959732625115,1
59128,2012-02-07,0.2494993895079749,1
59129,2012-02-07,0.25814958809699146,1
59130,2012-02-07,0.2233191235091655,1
59131,2012-02-07,0.3480583456100796,0
59132,2012-02-07,0.2945639190265114,0
59133,2012-02-07,0.31009131385712785,1
59134,2012-02-07,0.472762753533227,0
59135,2012-02-07,0.3277084788004435,0
59136,2012-02-07,0.42113548240974874,0
59137,2012-02-07,0.22471750738183147,1
59138,2012-02-07,0.29035683730785883,1
59139,2012-02-07,0.3032640814869164,1
59140,2012-02-07,0.25340352659911286,0
59141,2012-02-07,0.1901050301805244,1
59142,2012-02-07,0.20462056719964145,1
59143,2012-02-07,0.526962243723125,1
59144,2012-02-07,0.2200887976573102,0
59145,2012-02-07,0.18376130204075009,0
59146,2012-02-07,0.24643162483764766,1
59147,2012-02-07,0.26989986916199193,0
59148,2012-02-07,0.25454348265645266,1
59149,2012-02-07,0.3074054839508068,0
59150,2012-02-07,0.21343875071515905,1
59151,2012-02-07,0.2480299951499022,1
59152,2012-02-07,0.17541529429858946,0
59153,2012-02-07,0.34673326512436464,1
59154,2012-02-07,0.2882642759313804,1
59155,2012-02-07,0.1504938932222985,0
59156,2012-02-07,0.1699992955622493,0
59157,2012-02-07,0.46085773640608696,1
59158,2012-02-07,0.40011503081780275,1
59159,2012-02-07,0.18059721370238527,0
59160,2012-02-07,0.1595690160431013,0
59161,2012-02-07,0.2537906234984919,0
59162,2012-02-07,0.2932145388536736,0
59163,2012-02-07,0.4412436240065913,1
59164,2012-02-07,0.3264893734281244,1
59165,2012-02-07,0.2014646282569993,0
59166,2012-02-07,0.24625665181447406,1
59167,2012-02-07,0.2839302406638137,1
59168,2012-02-07,0.3753613255793776,0
59169,2012-02-07,0.29966515557309437,1
59170,2012-02-07,0.5401123094130409,1
59171,2012-02-07,0.21282807249097518,0
59172,2012-02-07,0.2912281717427366,1
59173,2012-02-07,0.1554468423449288,0
59174,2012-02-07,0.3889524341614156,1
59175,2012-02-07,0.26391551936359403,0
59176,2012-02-07,0.3715437662376378,1
59177,2012-02-07,0.2036204782336089,1
59178,2012-02-07,0.19563508475623773,0
59179,2012-02-07,0.24975915228445866,1
59180,2012-02-07,0.40277381320757444,0
59181,2012-02-07,0.22425656988584025,0
59182,2012-02-07,0.4545303966300716,0
59183,2012-02-07,0.329269775548465,0
59184,2012-02-07,0.23998829309768843,0
59185,2012-02-07,0.15216098631011812,1
59186,2012-02-07,0.225202375369873,0
59187,2012-02-07,0.35554253783791523,0
59188,2012-02-07,0.27371538729120926,0
59189,2012-02-07,0.15099772358093336,0
59190,2012-02-07,0.3166888643294491,1
59191,2012-02-07,0.13607405840949466,0
59192,2012-02-07,0.5091012818761425,1
59193,2012-02-07,0.2456969907440734,0
59194,2012-02-07,0.37258908677891855,1
59195,2012-02-07,0.15638627464311733,1
59196,2012-02-07,0.16176772249678142,0
59197,2012-02-07,0.30739937550510527,1
59198,2012-02-07,0.3025055054135177,0
59199,2012-02-07,0.31376956517080434,0
59200,2012-02-07,0.48434653104225955,1
59201,2012-02-07,0.16640140315103244,1
59202,2012-02-07,0.23538122156099817,0
59203,2012-02-07,0.25314872757747126,0
59204,2012-02-07,0.23014904603916617,0
59205,2012-02-07,0.19923175886396893,1
59206,2012-02-07,0.27848095474407814,1
59207,2012-02-07,0.15996175466973803,0
59208,2012-02-07,0.17684876125941448,0
59209,2012-02-07,0.1026491804697493,0
59210,2012-02-07,0.25574179970882693,0
59211,2012-02-07,0.2104607305350374,0
59212,2012-02-07,0.2653117569400184,1
59213,2012-02-07,0.5861190081734521,0
59214,2012-02-07,0.18687950805858733,1
59215,2012-02-07,0.1291448903094806,0
59216,2012-02-07,0.2816862958493516,1
59217,2012-02-07,0.19451560803559742,1
59218,2012-02-07,0.3090551297279988,1
59219,2012-02-07,0.2789478947730415,0
59220,2012-02-07,0.3190820504592659,0
59221,2012-02-07,0.47664535846230094,1
59222,2012-02-07,0.416879945377419,0
59223,2012-02-07,0.2417393322204868,1
59224,2012-02-07,0.27781931950998656,0
59225,2012-02-07,0.29019558689190394,0
59226,2012-02-07,0.27167095250308665,0
59227,2012-02-07,0.3114989428986125,1
59228,2012-02-07,0.21051379316298463,1
59229,2012-02-07,0.19080498956745104,1
59230,2012-02-07,0.1991292266652834,0
59231,2012-02-07,0.14970931203227134,0
59232,2012-02-07,0.11330916528356111,0
59233,2012-02-07,0.36678645649522257,1
59234,2012-02-07,0.17782565868875827,1
59235,2012-02-07,0.289152038123224,0
59236,2012-02-07,0.41459846728236716,1
59237,2012-02-07,0.3177695607180303,0
59238,2012-02-07,0.16319673558906156,1
59239,2012-02-07,0.4517577314397696,1
59240,2012-02-07,0.24718153180632277,0
59241,2012-02-07,0.1360905332867057,0
59242,2012-02-07,0.3930305314250827,1
59243,2012-02-07,0.4799117990762719,1
59244,2012-02-07,0.27940581987409413,1
59245,2012-02-07,0.26082048711323397,1
59246,2012-02-07,0.19744711061685005,0
59247,2012-02-07,0.30199888175380907,0
59248,2012-02-07,0.16591621265288303,0
59249,2012-02-07,0.6317427721937164,1
59250,2012-02-07,0.29891278222977824,0
59251,2012-02-07,0.25308364551394535,1
59252,2012-02-07,0.14321773001587282,0
59253,2012-02-07,0.2601714387965539,1
59254,2012-02-07,0.1822395451777027,0
59255,2012-02-07,0.10313525742074998,0
59256,2012-02-07,0.41298882134925924,0
59257,2012-02-07,0.357846223950848,0
59258,2012-02-07,0.5806802545115584,0
59259,2012-02-07,0.20548453108333464,0
59260,2012-02-07,0.3685113156084686,1
59261,2012-02-07,0.2545577631053956,1
59262,2012-02-07,0.21016124341079004,0
59263,2012-02-07,0.13561151473103217,0
59264,2012-02-07,0.23948244645236802,1
59265,2012-02-07,0.25100430784472244,0
59266,2012-02-07,0.4791203247280038,1
59267,2012-02-07,0.18498110572661858,0
59268,2012-02-07,0.18925302644289935,0
59269,2012-02-07,0.30491255793222105,0
59270,2012-02-07,0.4057696160353237,1
59271,2012-02-07,0.22576234579558926,1
59272,2012-02-07,0.370290191892552,1
59273,2012-02-07,0.1708743732183634,1
59274,2012-02-07,0.2845081452926583,0
59275,2012-02-07,0.3946972515953128,1
59276,2012-02-07,0.15184065205492422,1
59277,2012-02-07,0.5180922154245856,0
59278,2012-02-07,0.3220807853909341,1
59279,2012-02-07,0.3375185881623864,1
59280,2012-02-07,0.1341221274339269,0
59281,2012-02-07,0.18386238157056117,0
59282,2012-02-07,0.17816671349803684,1
59283,2012-02-07,0.1678046135725592,0
59284,2012-02-07,0.2285320683753759,1
59285,2012-02-07,0.37306301352335003,1
59286,2012-02-07,0.41925688083145807,0
59287,2012-02-07,0.4544667870104363,1
59288,2012-02-07,0.34319769740622613,0
59289,2012-02-07,0.18975786146030518,1
59290,2012-02-07,0.33077701201089593,1
59291,2012-02-07,0.13578575928661787,0
59292,2012-02-07,0.34092195497408534,1
59293,2012-02-07,0.3008700317394637,1
59294,2012-02-07,0.33017617520170783,0
59295,2012-02-07,0.1841015307952682,1
59296,2012-02-07,0.2792954638946501,1
59297,2012-02-07,0.43207858403660193,1
59298,2012-02-07,0.36694851572532,0
59299,2012-02-07,0.12466932971923098,1
59300,2012-02-07,0.17609296859157889,0
59301,2012-02-07,0.25434657906201924,1
59302,2012-02-07,0.27198206949613674,1
59303,2012-02-07,0.1376976984847083,0
59304,2012-02-07,0.20842740015987113,0
59305,2012-02-07,0.3208714137157829,0
59306,2012-02-07,0.22608356841892416,0
59307,2012-02-07,0.2738919228806993,1
59308,2012-02-07,0.24322834070291993,1
59309,2012-02-07,0.2876079035888817,0
59310,2012-02-07,0.5452960837786187,0
59311,2012-02-07,0.3346058912853307,0
59312,2012-02-07,0.2719272730898735,1
59313,2012-02-07,0.19642228222192795,1
59314,2012-02-07,0.19307984464229422,1
59315,2012-02-07,0.2700548133792007,0
59316,2012-02-07,0.39267258009627076,0
59317,2012-02-07,0.23003320943360217,1
59318,2012-02-07,0.21488952455565974,0
59319,2012-02-07,0.31169577707704904,0
59320,2012-02-07,0.25774181839718163,1
59321,2012-02-07,0.2683306825082309,0
59322,2012-02-07,0.603522467655483,1
59323,2012-02-07,0.21593000414591568,1
59324,2012-02-07,0.1921496166989225,0
59325,2012-02-07,0.439366074617312,1
59326,2012-02-07,0.3182732041046502,0
59327,2012-02-07,0.22422322774918074,1
59328,2012-02-07,0.34186642399664535,1
59329,2012-02-07,0.19523417767344675,1
59330,2012-02-07,0.25054030124280313,0
59331,2012-02-07,0.17879801199861464,1
59332,2012-02-07,0.13370281801500503,0
59333,2012-02-07,0.1763911544401896,0
59334,2012-02-07,0.38017884349596154,1
59335,2012-02-07,0.20063762564163426,1
59336,2012-02-07,0.2230404750195747,1
59337,2012-02-07,0.24372685044850226,0
59338,2012-02-07,0.17592132644671754,0
59339,2012-02-07,0.33244461853647933,0
59340,2012-02-07,0.25335684497972477,0
59341,2012-02-07,0.1157261001869696,0
59342,2012-02-07,0.19689794540201386,0
59343,2012-02-07,0.27344845654791894,0
59344,2012-02-07,0.32817011643044147,1
59345,2012-02-07,0.3748332782612888,1
59346,2012-02-07,0.44668167330577363,1
59347,2012-02-07,0.24046024267676916,1
59348,2012-02-07,0.407545713248703,0
59349,2012-02-07,0.43988144292779746,1
59350,2012-02-07,0.22009496884013358,1
59351,2012-02-07,0.3194409633641641,1
59352,2012-02-07,0.18303780119987312,1
59353,2012-02-07,0.19335769731512745,1
59354,2012-02-07,0.18098043221245658,0
59355,2012-02-07,0.24271802649235563,0
59356,2012-02-07,0.41685775779060935,0
59357,2012-02-07,0.25365712125559925,1
59358,2012-02-07,0.2589219506819343,1
59359,2012-02-07,0.30656774634151507,1
59360,2012-02-07,0.24548975834610764,0
59361,2012-02-07,0.21401793558808901,1
59362,2012-02-07,0.24364373286040283,0
59363,2012-02-07,0.5330053887549604,1
59364,2012-02-07,0.2853462710566667,0
59365,2012-02-07,0.29780073335033475,0
59366,2012-02-07,0.6270921858014151,0
59367,2012-02-07,0.3188906423534135,0
59368,2012-02-07,0.40238366925616886,1
59369,2012-02-07,0.37727322764187043,1
59370,2012-02-07,0.21238004304282587,0
59371,2012-02-07,0.2812819058592563,0
59372,2012-02-07,0.2641452937690839,0
59373,2012-02-07,0.3990469831614038,0
59374,2012-02-07,0.31539049244111855,1
59375,2012-02-07,0.18199380801802065,1
59376,2012-02-07,0.3319788088090937,0
59377,2012-02-07,0.2394175942875146,0
59378,2012-02-07,0.37303341279854735,0
59379,2012-02-07,0.22701329369327763,1
59380,2012-02-07,0.24405620924208266,1
59381,2012-02-07,0.1495643401862177,1
59382,2012-02-07,0.3055906274616277,0
59383,2012-02-07,0.24712384649488547,0
59384,2012-02-07,0.14031920983792842,0
59385,2012-02-07,0.2666699685968742,1
59386,2012-02-07,0.2755021672897871,0
59387,2012-02-07,0.33555750644150834,1
59388,2012-02-07,0.22591348085365154,0
59389,2012-02-07,0.14934173419497876,1
59390,2012-02-07,0.31327911328618424,0
59391,2012-02-07,0.43639697276911993,0
59392,2012-02-07,0.33890808375696235,0
59393,2012-02-07,0.26049984209150384,1
59394,2012-02-07,0.1665605363890183,0
59395,2012-02-07,0.3252151900361125,0
59396,2012-02-07,0.26597045957573806,1
59397,2012-02-07,0.24087594410585905,0
59398,2012-02-07,0.29279176798888074,1
59399,2012-02-07,0.18600762382434716,0
59400,2012-02-07,0.3492059611883107,0
59401,2012-02-07,0.2199621997984382,0
59402,2012-02-07,0.17689519522979716,1
59403,2012-02-07,0.21119600259965793,1
59404,2012-02-07,0.11228390557900049,0
59405,2012-02-07,0.18428015054536065,1
59406,2012-02-07,0.19417297301135966,0
59407,2012-02-07,0.3361281632587751,1
59408,2012-02-07,0.1473891148105864,1
59409,2012-02-07,0.3190565387621693,1
59410,2012-02-07,0.3213739363023803,1
59411,2012-02-07,0.13417717939130547,1
59412,2012-02-07,0.1808518292469503,1
59413,2012-02-07,0.4338898457011541,1
59414,2012-02-07,0.31468052944444297,1
59415,2012-02-07,0.19113955656500142,0
59416,2012-02-07,0.19535458645004503,0
59417,2012-02-07,0.26838928606796664,0
59418,2012-02-07,0.19942123288669472,1
59419,2012-02-07,0.2578924159196461,1
59420,2012-02-07,0.27840501084805624,0
59421,2012-02-07,0.28670028372271344,0
59422,2012-02-07,0.2881983887492123,1
59423,2012-02-07,0.18149117709556858,0
59424,2012-02-07,0.20014878595065125,1
59425,2012-02-07,0.1775585477178093,1
59426,2012-02-07,0.22171429848685695,1
59427,2012-02-07,0.30921766592181954,1
59428,2012-02-07,0.35906789631268654,0
59429,2012-02-07,0.3606019469315256,0
59430,2012-02-07,0.3477811907144646,0
59431,2012-02-07,0.18182885963066453,1
59432,2012-02-07,0.20798570368306815,1
59433,2012-02-07,0.5579837489438966,1
59434,2012-02-07,0.3486648839356092,0
59435,2012-02-07,0.36399038695525693,1
59436,2012-02-07,0.45426552593238223,0
59437,2012-02-07,0.3874032737522477,1
59438,2012-02-07,0.40794257662664624,0
59439,2012-02-07,0.23149820330209364,0
59440,2012-02-07,0.2727830970537515,1
59441,2012-02-07,0.26944015302016433,1
59442,2012-02-07,0.35310981426027516,0
59443,2012-02-07,0.3595712146944561,1
59444,2012-02-08,0.20079093798931053,0
59445,2012-02-08,0.27030551614592546,0
59446,2012-02-08,0.28433062617969734,1
59447,2012-02-08,0.26472448058384807,1
59448,2012-02-08,0.5621487594153555,1
59449,2012-02-08,0.29359508421625563,0
59450,2012-02-08,0.1156733303946862,0
59451,2012-02-08,0.20988551737642208,1
59452,2012-02-08,0.20027287397953306,0
59453,2012-02-08,0.25201728689186303,1
59454,2012-02-08,0.20179253652075718,0
59455,2012-02-08,0.3018734474719102,0
59456,2012-02-08,0.2890827440365716,0
59457,2012-02-08,0.3380368706557633,0
59458,2012-02-08,0.1229502536267478,1
59459,2012-02-08,0.5483234044916204,0
59460,2012-02-08,0.3396633984671023,0
59461,2012-02-08,0.2878428454909244,1
59462,2012-02-08,0.13068871466974544,0
59463,2012-02-08,0.12486336328194277,0
59464,2012-02-08,0.636152661753594,1
59465,2012-02-08,0.41809569875475505,1
59466,2012-02-08,0.5771144994594772,1
59467,2012-02-08,0.308524504928559,1
59468,2012-02-08,0.1632155298643961,0
59469,2012-02-08,0.29031012884373036,1
59470,2012-02-08,0.24832450834605035,1
59471,2012-02-08,0.3107473491984948,1
59472,2012-02-08,0.3502042895231365,1
59473,2012-02-08,0.199635088532038,0
59474,2012-02-08,0.18363622858306317,0
59475,2012-02-08,0.21585077435605685,1
59476,2012-02-08,0.11631615504780407,0
59477,2012-02-08,0.1864612941241541,1
59478,2012-02-08,0.5161428815022006,0
59479,2012-02-08,0.26106971747230273,1
59480,2012-02-08,0.17684599148834262,1
59481,2012-02-08,0.16529874459785776,0
59482,2012-02-08,0.13863854721227142,1
59483,2012-02-08,0.46382227743618154,1
59484,2012-02-08,0.3022597124691447,1
59485,2012-02-08,0.2776147549495243,1
59486,2012-02-08,0.4796259130924718,1
59487,2012-02-08,0.3411415803232368,0
59488,2012-02-08,0.4428016635457687,0
59489,2012-02-08,0.39172638622191974,1
59490,2012-02-08,0.31307226304133956,0
59491,2012-02-08,0.45932256257508475,0
59492,2012-02-08,0.15351174464203513,0
59493,2012-02-08,0.1513360764748334,0
59494,2012-02-08,0.37785037993154624,0
59495,2012-02-08,0.17670878102184331,1
59496,2012-02-08,0.15192660924789342,1
59497,2012-02-08,0.22778589897723214,0
59498,2012-02-08,0.20707524252096177,1
59499,2012-02-08,0.6620344184652578,0
59500,2012-02-08,0.4152872938839796,1
59501,2012-02-08,0.18469763382316234,1
59502,2012-02-08,0.20293662484452524,0
59503,2012-02-08,0.3647329612056459,0
59504,2012-02-08,0.2665626238691911,1
59505,2012-02-08,0.2526477106858837,1
59506,2012-02-08,0.14551925571223903,0
59507,2012-02-08,0.17084212303654564,0
59508,2012-02-08,0.3669772175890502,1
59509,2012-02-08,0.3295330965784105,0
59510,2012-02-08,0.2669701354811125,0
59511,2012-02-08,0.47426143102055107,0
59512,2012-02-08,0.1774961140019587,0
59513,2012-02-08,0.32378582264006517,0
59514,2012-02-08,0.13950684603654046,0
59515,2012-02-08,0.30631476122595214,0
59516,2012-02-08,0.3934367980385398,1
59517,2012-02-08,0.15931142339535284,0
59518,2012-02-08,0.20337469031499558,0
59519,2012-02-08,0.17801265047107448,0
59520,2012-02-08,0.23073720825777658,1
59521,2012-02-08,0.3444029977095976,0
59522,2012-02-08,0.24789817300581285,0
59523,2012-02-08,0.2862262266402066,1
59524,2012-02-08,0.28450969717023006,0
59525,2012-02-08,0.23497747597561278,1
59526,2012-02-08,0.2551536800008036,0
59527,2012-02-08,0.1074616062689139,0
59528,2012-02-08,0.2100889376977546,0
59529,2012-02-08,0.25737812024627865,0
59530,2012-02-08,0.1849934331558555,0
59531,2012-02-08,0.20252808701224473,0
59532,2012-02-08,0.2933242140220574,0
59533,2012-02-08,0.19700969013463165,1
59534,2012-02-08,0.2132799903889154,0
59535,2012-02-08,0.18402227922691794,1
59536,2012-02-08,0.2582943637683935,1
59537,2012-02-08,0.15721690393018112,0
59538,2012-02-08,0.3083620874299487,1
59539,2012-02-08,0.410715948984166,1
59540,2012-02-08,0.33356959899939703,0
59541,2012-02-08,0.4141675387053034,1
59542,2012-02-08,0.37821810301838876,0
59543,2012-02-08,0.3102412230596327,1
59544,2012-02-08,0.2706216635076571,1
59545,2012-02-08,0.2717851849546277,0
59546,2012-02-08,0.4268609788948465,0
59547,2012-02-08,0.23158082900387678,1
59548,2012-02-08,0.33772616835125957,0
59549,2012-02-08,0.45573293312297297,1
59550,2012-02-08,0.452071633647813,0
59551,2012-02-08,0.29280067826438644,1
59552,2012-02-08,0.49350694596056693,0
59553,2012-02-08,0.3688459708662677,1
59554,2012-02-08,0.38695469521101566,1
59555,2012-02-08,0.1748691269826727,1
59556,2012-02-08,0.446890278902957,0
59557,2012-02-08,0.397945701452813,1
59558,2012-02-08,0.2128501001248871,0
59559,2012-02-08,0.160633130079185,0
59560,2012-02-08,0.2681418310758368,0
59561,2012-02-08,0.20162731519808363,1
59562,2012-02-08,0.3983855550272596,0
59563,2012-02-08,0.2557223765298986,1
59564,2012-02-08,0.26185470319129805,1
59565,2012-02-08,0.3167349481029221,1
59566,2012-02-08,0.4902679749423478,0
59567,2012-02-08,0.5254659602824462,1
59568,2012-02-08,0.17327993444217374,0
59569,2012-02-08,0.17359911197040018,1
59570,2012-02-08,0.1969698186050723,0
59571,2012-02-08,0.23006119977029846,0
59572,2012-02-08,0.21630112980601995,0
59573,2012-02-08,0.4190543803842421,0
59574,2012-02-08,0.20574738967184245,0
59575,2012-02-08,0.2980621822260708,1
59576,2012-02-08,0.16779933411676057,0
59577,2012-02-08,0.24207418221672067,1
59578,2012-02-08,0.33200460263518217,0
59579,2012-02-08,0.20678502432325535,1
59580,2012-02-08,0.3549521930252972,1
59581,2012-02-08,0.20734251438899745,0
59582,2012-02-08,0.45432357317462957,0
59583,2012-02-08,0.11309641399782512,1
59584,2012-02-08,0.3023544526658483,0
59585,2012-02-08,0.5289792460233856,1
59586,2012-02-08,0.366651149767577,0
59587,2012-02-08,0.41952366443433114,1
59588,2012-02-08,0.16813338727048205,0
59589,2012-02-08,0.49354046657381306,0
59590,2012-02-08,0.39299276167594854,1
59591,2012-02-08,0.36456052927224875,0
59592,2012-02-08,0.2760963134070334,1
59593,2012-02-08,0.568727852425333,1
59594,2012-02-08,0.12448334782987318,0
59595,2012-02-08,0.31044825050355596,1
59596,2012-02-08,0.3850646350259365,1
59597,2012-02-08,0.3414015721175047,0
59598,2012-02-08,0.21020960649466458,1
59599,2012-02-08,0.17161919649731944,0
59600,2012-02-08,0.11155426991547168,0
59601,2012-02-08,0.1663428186299615,0
59602,2012-02-08,0.16604181789094835,1
59603,2012-02-08,0.3200677013723334,0
59604,2012-02-08,0.1669135745432807,1
59605,2012-02-08,0.3977140225975426,0
59606,2012-02-08,0.5803745120743945,0
59607,2012-02-08,0.20077640850748657,0
59608,2012-02-08,0.49112122530845903,0
59609,2012-02-08,0.47638806734974465,1
59610,2012-02-08,0.19640292416448094,0
59611,2012-02-08,0.3644680633504991,0
59612,2012-02-08,0.27107475743607523,0
59613,2012-02-08,0.13791372195076423,0
59614,2012-02-08,0.2264390832893639,0
59615,2012-02-08,0.39015663711330034,1
59616,2012-02-08,0.2354488355970325,0
59617,2012-02-08,0.22372240445931826,0
59618,2012-02-08,0.34781014249648734,0
59619,2012-02-08,0.256449004906077,0
59620,2012-02-08,0.28577065474417257,0
59621,2012-02-08,0.47190962016423404,1
59622,2012-02-08,0.4005008468245533,0
59623,2012-02-08,0.25430683870528703,0
59624,2012-02-08,0.1113412389294172,0
59625,2012-02-08,0.317794907376572,0
59626,2012-02-08,0.25529900131228905,0
59627,2012-02-08,0.33191627480447095,0
59628,2012-02-08,0.6225155985915546,0
59629,2012-02-08,0.28511064674166614,0
59630,2012-02-08,0.49639703308741057,0
59631,2012-02-08,0.17025873644449474,0
59632,2012-02-08,0.320728855498447,1
59633,2012-02-08,0.2693859733849547,0
59634,2012-02-08,0.2441870519072605,1
59635,2012-02-08,0.37825276790394285,0
59636,2012-02-08,0.1723442744529458,0
59637,2012-02-08,0.525931325162635,1
59638,2012-02-08,0.3650179230218617,0
59639,2012-02-08,0.5852636802359842,1
59640,2012-02-08,0.15596730917300036,0
59641,2012-02-08,0.17888104098845956,1
59642,2012-02-08,0.25805425945733307,0
59643,2012-02-08,0.24549136399647156,0
59644,2012-02-08,0.315373370897656,1
59645,2012-02-08,0.40861968523223297,0
59646,2012-02-08,0.16596619142578986,0
59647,2012-02-08,0.4781189310660382,1
59648,2012-02-08,0.41934089487408194,1
59649,2012-02-08,0.32895069655031006,0
59650,2012-02-08,0.18498951152603654,0
59651,2012-02-08,0.26174735506838476,1
59652,2012-02-08,0.39802100954892944,0
59653,2012-02-08,0.39292717530311755,1
59654,2012-02-08,0.1719311499200139,1
59655,2012-02-08,0.29084168133020544,1
59656,2012-02-08,0.1562273846492934,1
59657,2012-02-08,0.33558354538356594,0
59658,2012-02-08,0.1811608074527675,0
59659,2012-02-08,0.35243303003512133,1
59660,2012-02-08,0.5447086246898656,1
59661,2012-02-08,0.1610305879077186,0
59662,2012-02-08,0.1937490933433916,0
59663,2012-02-08,0.3906884946236593,0
59664,2012-02-08,0.22202943411594486,0
59665,2012-02-08,0.13574581157485338,0
59666,2012-02-08,0.2671549048968826,0
59667,2012-02-08,0.3140546367392993,1
59668,2012-02-08,0.312718521405656,1
59669,2012-02-08,0.5263952760640371,1
59670,2012-02-08,0.32458737521783804,1
59671,2012-02-08,0.2035109448243792,0
59672,2012-02-08,0.1913052784773044,0
59673,2012-02-08,0.4955832569726492,1
59674,2012-02-08,0.34445103238045854,1
59675,2012-02-08,0.3125442900091819,1
59676,2012-02-08,0.33588089834279544,1
59677,2012-02-08,0.43432732606049473,1
59678,2012-02-08,0.4591409893389939,1
59679,2012-02-08,0.13825320274104985,0
59680,2012-02-08,0.11579691881614564,0
59681,2012-02-08,0.2927243429998338,1
59682,2012-02-08,0.3848340542123904,0
59683,2012-02-08,0.36271378029566353,1
59684,2012-02-08,0.4136006593160689,1
59685,2012-02-08,0.12978517328831515,0
59686,2012-02-08,0.2936454485058534,0
59687,2012-02-08,0.2640794289146979,0
59688,2012-02-08,0.24427775217618763,0
59689,2012-02-08,0.2975101336205157,1
59690,2012-02-08,0.33405501870436494,1
59691,2012-02-08,0.21059559814901185,0
59692,2012-02-08,0.40148219718999967,1
59693,2012-02-08,0.14586717654033465,0
59694,2012-02-08,0.32220781227647133,1
59695,2012-02-08,0.22946756673676186,0
59696,2012-02-08,0.529434387581826,1
59697,2012-02-08,0.11475330845819363,0
59698,2012-02-08,0.4592067507295921,1
59699,2012-02-08,0.37432777906554543,1
59700,2012-02-08,0.5766965509804914,1
59701,2012-02-08,0.3434213271541931,1
59702,2012-02-08,0.18719926287410416,1
59703,2012-02-08,0.49067585626980786,1
59704,2012-02-08,0.3071077338976716,0
59705,2012-02-08,0.17170624947498267,0
59706,2012-02-08,0.18282649730369777,1
59707,2012-02-08,0.31774245035792714,0
59708,2012-02-08,0.23085129893000278,0
59709,2012-02-08,0.371432836097485,1
59710,2012-02-08,0.6051374057643536,0
59711,2012-02-08,0.4153298301256488,1
59712,2012-02-08,0.19006771700257086,0
59713,2012-02-08,0.29957218146499826,0
59714,2012-02-08,0.12294214218353745,0
59715,2012-02-08,0.18033996669561017,1
59716,2012-02-08,0.375268356801824,0
59717,2012-02-08,0.16920318873455487,1
59718,2012-02-08,0.20301509896322248,0
59719,2012-02-08,0.25908768694759843,1
59720,2012-02-08,0.1960310787684134,1
59721,2012-02-08,0.16112556437898834,1
59722,2012-02-08,0.39006711359092505,0
59723,2012-02-08,0.35238432986929813,1
59724,2012-02-08,0.34191786778160377,0
59725,2012-02-08,0.2908767239911301,0
59726,2012-02-08,0.5721851134288894,0
59727,2012-02-08,0.1982640536767513,0
59728,2012-02-08,0.2376610460310077,1
59729,2012-02-08,0.2867915907537893,1
59730,2012-02-08,0.22825353093247888,0
59731,2012-02-08,0.385789735280539,1
59732,2012-02-08,0.206540597264997,1
59733,2012-02-08,0.37140884186557976,1
59734,2012-02-08,0.09292442585424289,0
59735,2012-02-08,0.2074827016885776,1
59736,2012-02-08,0.4347436566213799,1
59737,2012-02-08,0.2040875710622873,1
59738,2012-02-08,0.23261488952718287,0
59739,2012-02-08,0.22191942844965,1
59740,2012-02-08,0.433521203371443,0
59741,2012-02-08,0.3398885100389461,1
59742,2012-02-08,0.2663967025569752,0
59743,2012-02-08,0.45298337896018337,1
59744,2012-02-08,0.27096329526696344,1
59745,2012-02-08,0.27673831464739057,0
59746,2012-02-08,0.21224095837016985,0
59747,2012-02-08,0.5339206225931848,1
59748,2012-02-08,0.3713887283196514,1
59749,2012-02-08,0.1896969797772634,1
59750,2012-02-08,0.32852298502088434,1
59751,2012-02-08,0.2437196176251208,0
59752,2012-02-08,0.22042170883512457,0
59753,2012-02-08,0.41862209566325786,0
59754,2012-02-08,0.2279475132102147,0
59755,2012-02-08,0.29885830693673265,0
59756,2012-02-08,0.36431993558723585,1
59757,2012-02-08,0.30870779255711206,0
59758,2012-02-08,0.14130100444472857,1
59759,2012-02-08,0.25665756708698256,0
59760,2012-02-08,0.24038518477199283,0
59761,2012-02-08,0.5936326970458792,1
59762,2012-02-08,0.40046637727212675,1
59763,2012-02-08,0.6591978730508516,1
59764,2012-02-08,0.188624372351672,0
59765,2012-02-08,0.16836696500097006,1
59766,2012-02-08,0.27390064927503477,0
59767,2012-02-08,0.37854872074337836,1
59768,2012-02-08,0.3822482230080784,0
59769,2012-02-08,0.4495285155881718,1
59770,2012-02-08,0.2719059174303178,0
59771,2012-02-08,0.20720835960069367,0
59772,2012-02-08,0.2904426104364349,0
59773,2012-02-08,0.207970869594934,1
59774,2012-02-08,0.23039519166156897,0
59775,2012-02-08,0.2761822443091985,0
59776,2012-02-08,0.33734643106470596,0
59777,2012-02-08,0.36629148842518583,1
59778,2012-02-08,0.305093290060797,1
59779,2012-02-08,0.360033179983545,0
59780,2012-02-08,0.2836982800671874,0
59781,2012-02-08,0.2847282320023844,1
59782,2012-02-08,0.23544430556052884,0
59783,2012-02-08,0.4709468760094286,1
59784,2012-02-08,0.5534710498298129,0
59785,2012-02-08,0.23813918456229224,1
59786,2012-02-08,0.22501451361978284,1
59787,2012-02-08,0.2186429333252816,1
59788,2012-02-08,0.2907576617295069,1
59789,2012-02-08,0.4184965401558402,1
59790,2012-02-08,0.30394709415209037,0
59791,2012-02-08,0.15832730756440383,1
59792,2012-02-08,0.20049235730260628,1
59793,2012-02-08,0.12770272476043454,0
59794,2012-02-08,0.19022988681607494,0
59795,2012-02-08,0.3242415841920489,1
59796,2012-02-08,0.24955072485356938,0
59797,2012-02-08,0.3311109406313529,0
59798,2012-02-08,0.2905472663113114,1
59799,2012-02-08,0.3951729975740669,1
59800,2012-02-08,0.1343413899792747,0
59801,2012-02-08,0.2863712128228903,1
59802,2012-02-08,0.16068047540399244,0
59803,2012-02-08,0.13215021947100983,0
59804,2012-02-08,0.4424338240880893,1
59805,2012-02-08,0.17878425864419586,0
59806,2012-02-08,0.27674252823880197,0
59807,2012-02-08,0.21078275427946294,0
59808,2012-02-08,0.49195043294613494,0
59809,2012-02-08,0.4368333464925729,0
59810,2012-02-08,0.43044209572489833,0
59811,2012-02-08,0.28558352347231825,1
59812,2012-02-08,0.13770831556112148,0
59813,2012-02-08,0.25462410627232906,0
59814,2012-02-08,0.17504782494671575,1
59815,2012-02-08,0.1871004080518721,0
59816,2012-02-08,0.3656223301995501,1
59817,2012-02-08,0.24658535810668278,0
59818,2012-02-08,0.3916011163354392,0
59819,2012-02-08,0.28486638483667426,0
59820,2012-02-08,0.3137904617012748,0
59821,2012-02-08,0.3082655347451988,1
59822,2012-02-08,0.27785462967380453,1
59823,2012-02-08,0.5175463880486371,0
59824,2012-02-08,0.24496877565578729,1
59825,2012-02-08,0.19422565952919393,0
59826,2012-02-08,0.527934597151415,1
59827,2012-02-08,0.3013777013411866,0
59828,2012-02-08,0.16040216935066054,0
59829,2012-02-08,0.3825596110275733,1
59830,2012-02-08,0.23069671254283414,0
59831,2012-02-08,0.13788689112295655,0
59832,2012-02-08,0.47308922269494064,1
59833,2012-02-08,0.29801122606145186,0
59834,2012-02-08,0.42448833292428506,1
59835,2012-02-08,0.21095719157756188,0
59836,2012-02-08,0.3120854964475252,0
59837,2012-02-08,0.17769060935443748,0
59838,2012-02-08,0.19129012024709058,0
59839,2012-02-08,0.3334158107890234,1
59840,2012-02-08,0.29084168133020544,0
59841,2012-02-08,0.2179720693588814,1
59842,2012-02-08,0.18284408477726016,1
59843,2012-02-08,0.4217043867840965,1
59844,2012-02-08,0.2598459782224838,1
59845,2012-02-08,0.3811385846300102,0
59846,2012-02-08,0.182706155614008,0
59847,2012-02-08,0.3539497865938292,0
59848,2012-02-08,0.12469050639325817,0
59849,2012-02-08,0.45670043825891327,1
59850,2012-02-08,0.6161578787430895,0
59851,2012-02-08,0.15189090290337143,0
59852,2012-02-08,0.4391035878536663,0
59853,2012-02-08,0.18149071500247171,0
59854,2012-02-08,0.32284361857206134,1
59855,2012-02-08,0.19421767524984554,1
59856,2012-02-08,0.4406204140136184,0
59857,2012-02-08,0.3999224362849543,1
59858,2012-02-08,0.1342991349304558,0
59859,2012-02-08,0.27311772668810397,0
59860,2012-02-08,0.6243504508722562,0
59861,2012-02-08,0.28759284134926993,1
59862,2012-02-08,0.24483332868657096,0
59863,2012-02-08,0.377962603898559,1
59864,2012-02-08,0.5699018301161575,1
59865,2012-02-08,0.38419275676868037,1
59866,2012-02-08,0.6003724025999004,0
59867,2012-02-08,0.2238706082459758,1
59868,2012-02-08,0.12260839562712751,0
59869,2012-02-08,0.43720706506811746,1
59870,2012-02-08,0.21699760630369164,0
59871,2012-02-08,0.22448937643522773,1
59872,2012-02-08,0.1988053088840181,1
59873,2012-02-08,0.20382822585945126,0
59874,2012-02-08,0.1932446176154832,0
59875,2012-02-08,0.2151493005295516,1
59876,2012-02-08,0.30993999262932,1
59877,2012-02-08,0.3707975261095395,0
59878,2012-02-08,0.22055771552620487,1
59879,2012-02-08,0.2696988876063322,0
59880,2012-02-08,0.2522666012044363,1
59881,2012-02-08,0.1899280468469777,0
59882,2012-02-08,0.34245676607225806,0
59883,2012-02-08,0.43328306217708273,1
59884,2012-02-08,0.10887757658335817,0
59885,2012-02-08,0.5316222388645749,1
59886,2012-02-08,0.5190381422750382,1
59887,2012-02-08,0.5461720538413349,1
59888,2012-02-08,0.3348436034595347,1
59889,2012-02-08,0.2646104458291491,0
59890,2012-02-08,0.42975565481743155,0
59891,2012-02-08,0.37191558182326373,0
59892,2012-02-08,0.4729498311353971,1
59893,2012-02-08,0.3210372328728335,1
59894,2012-02-08,0.16330982056282206,0
59895,2012-02-08,0.4556715106082413,1
59896,2012-02-08,0.3411968827107796,1
59897,2012-02-08,0.27751261278469547,0
59898,2012-02-08,0.36275598198336234,1
59899,2012-02-08,0.33030087651022794,0
59900,2012-02-08,0.25097187136106996,0
59901,2012-02-08,0.21025822091171006,0
59902,2012-02-08,0.5420786573009426,0
59903,2012-02-08,0.26150245633092295,0
59904,2012-02-08,0.23543828716962065,1
59905,2012-02-08,0.2047762319427716,1
59906,2012-02-08,0.5119704878079541,0
59907,2012-02-08,0.21960740704605658,0
59908,2012-02-08,0.23373173060886704,0
59909,2012-02-08,0.4734588816576777,1
59910,2012-02-08,0.2525094348487127,0
59911,2012-02-08,0.30347074610453956,1
59912,2012-02-08,0.169347520561691,1
59913,2012-02-08,0.20000322249845603,1
59914,2012-02-08,0.24703664937680192,1
59915,2012-02-08,0.28781205975481144,1
59916,2012-02-08,0.3470347518892465,0
59917,2012-02-08,0.3726368642867115,0
59918,2012-02-08,0.18149075021148944,0
59919,2012-02-08,0.35655314996541343,1
59920,2012-02-08,0.2554462386756968,1
59921,2012-02-08,0.34794639741363353,1
59922,2012-02-08,0.10757392204573182,1
59923,2012-02-08,0.2562434993608856,1
59924,2012-02-08,0.30144592967071976,1
59925,2012-02-08,0.1894363617811701,0
59926,2012-02-08,0.2971450170762852,0
59927,2012-02-08,0.10567821382044999,0
59928,2012-02-08,0.17972499295296568,1
59929,2012-02-08,0.31893272655970706,0
59930,2012-02-08,0.20245858620111157,0
59931,2012-02-08,0.28101101156208036,0
59932,2012-02-08,0.23867686028653548,0
59933,2012-02-08,0.3176920841131048,1
59934,2012-02-08,0.19479896700073612,1
59935,2012-02-08,0.29583630589223187,0
59936,2012-02-08,0.30513222121838524,0
59937,2012-02-08,0.24428405228470618,1
59938,2012-02-08,0.30193021771392275,0
59939,2012-02-08,0.26779112616092204,0
59940,2012-02-08,0.3420260428288935,0
59941,2012-02-08,0.15758209528299175,0
59942,2012-02-08,0.45363335712933633,1
59943,2012-02-08,0.30630607806270416,1
59944,2012-02-08,0.19901034725849362,1
59945,2012-02-08,0.40609183806918653,1
59946,2012-02-08,0.20342782632578144,0
59947,2012-02-08,0.2654127268362789,0
59948,2012-02-08,0.2966392428448728,1
59949,2012-02-08,0.19039631030489493,0
59950,2012-02-08,0.3555096433024963,1
59951,2012-02-08,0.32487841413503776,0
59952,2012-02-08,0.20735460965197505,0
59953,2012-02-08,0.19847846581010611,0
59954,2012-02-08,0.1310296660030009,1
59955,2012-02-08,0.25888213599635906,0
59956,2012-02-08,0.24532440160431135,1
59957,2012-02-08,0.1748691269826727,1
59958,2012-02-08,0.2850195082041927,1
59959,2012-02-08,0.20856100313205483,0
59960,2012-02-08,0.38840174175061953,1
59961,2012-02-08,0.13594547772074508,1
59962,2012-02-08,0.1657813333590445,0
59963,2012-02-08,0.29003198452979234,1
59964,2012-02-08,0.30638564597382484,0
59965,2012-02-08,0.3280756786362626,0
59966,2012-02-08,0.21264060246644267,0
59967,2012-02-08,0.33328884706514345,0
59968,2012-02-08,0.13558742692905806,0
59969,2012-02-08,0.1359143985405246,0
59970,2012-02-08,0.2015464756578116,1
59971,2012-02-08,0.26038961798356286,0
59972,2012-02-08,0.24966643770509536,0
59973,2012-02-08,0.23209241587227442,0
59974,2012-02-08,0.20976717091494063,0
59975,2012-02-08,0.6174605818623068,1
59976,2012-02-08,0.24181252127226405,0
59977,2012-02-09,0.3587644837884669,0
59978,2012-02-09,0.20612631016089072,0
59979,2012-02-09,0.21414484119513974,0
59980,2012-02-09,0.3115103457935481,0
59981,2012-02-09,0.21202547662843188,0
59982,2012-02-09,0.20240415193887265,0
59983,2012-02-09,0.19851355285174774,1
59984,2012-02-09,0.178442339510096,0
59985,2012-02-09,0.3583689067925418,0
59986,2012-02-09,0.28525577646229067,0
59987,2012-02-09,0.37324705112440854,0
59988,2012-02-09,0.4398725084834028,1
59989,2012-02-09,0.4102994287376202,1
59990,2012-02-09,0.1876284848226089,0
59991,2012-02-09,0.4369800993892254,1
59992,2012-02-09,0.28583223020650456,0
59993,2012-02-09,0.23183894869022095,1
59994,2012-02-09,0.17005097884844583,0
59995,2012-02-09,0.3892619344222388,0
59996,2012-02-09,0.39013166190046533,1
59997,2012-02-09,0.20265157031575493,0
59998,2012-02-09,0.28174723238854404,1
59999,2012-02-09,0.560979464518074,1
60000,2012-02-09,0.3268331862363864,1
60001,2012-02-09,0.14324894184060627,0
60002,2012-02-09,0.27034810570983603,0
60003,2012-02-09,0.2037427289750439,0
60004,2012-02-09,0.6163662978037796,0
60005,2012-02-09,0.3021575572238851,0
60006,2012-02-09,0.25584827064673926,0
60007,2012-02-09,0.33998880076811694,0
60008,2012-02-09,0.4081035335258068,1
60009,2012-02-09,0.3671231546323104,0
60010,2012-02-09,0.1426990863502203,0
60011,2012-02-09,0.5146235728683016,0
60012,2012-02-09,0.3861299311580251,0
60013,2012-02-09,0.3639937353857814,1
60014,2012-02-09,0.4729205056035489,1
60015,2012-02-09,0.5055041436070528,0
60016,2012-02-09,0.4411441326693554,0
60017,2012-02-09,0.27295282603042387,0
60018,2012-02-09,0.2807598934038556,0
60019,2012-02-09,0.42678966577639355,1
60020,2012-02-09,0.20857097012946746,0
60021,2012-02-09,0.20613541287346948,1
60022,2012-02-09,0.13604726606961248,0
60023,2012-02-09,0.514816699087313,1
60024,2012-02-09,0.2924670616565331,0
60025,2012-02-09,0.44334772261263017,0
60026,2012-02-09,0.271064772274787,1
60027,2012-02-09,0.4289813366678458,0
60028,2012-02-09,0.3925075031351188,0
60029,2012-02-09,0.19333500811458607,0
60030,2012-02-09,0.36393775931272265,0
60031,2012-02-09,0.2591395128666079,0
60032,2012-02-09,0.16296886642676406,0
60033,2012-02-09,0.33046959824570943,0
60034,2012-02-09,0.3378409741484155,1
60035,2012-02-09,0.27888298411690743,0
60036,2012-02-09,0.6139699570018696,1
60037,2012-02-09,0.35306083158162344,0
60038,2012-02-09,0.22031504113580233,0
60039,2012-02-09,0.34971521315639187,0
60040,2012-02-09,0.12404345719053791,0
60041,2012-02-09,0.4245942724752616,1
60042,2012-02-09,0.3455860985343959,0
60043,2012-02-09,0.20994636189026436,0
60044,2012-02-09,0.3544245077992472,0
60045,2012-02-09,0.4968471119377873,1
60046,2012-02-09,0.15838254069736662,1
60047,2012-02-09,0.23278205260239357,0
60048,2012-02-09,0.14808420807664904,0
60049,2012-02-09,0.13914443934793236,0
60050,2012-02-09,0.38605706743899054,0
60051,2012-02-09,0.3746736009670027,0
60052,2012-02-09,0.47526562150352225,0
60053,2012-02-09,0.34747097282119055,1
60054,2012-02-09,0.18412833484405608,0
60055,2012-02-09,0.34688714305420004,0
60056,2012-02-09,0.27433454596456547,0
60057,2012-02-09,0.4853681771576798,1
60058,2012-02-09,0.4314803692386523,0
60059,2012-02-09,0.33661061713639173,1
60060,2012-02-09,0.21913776462726028,1
60061,2012-02-09,0.19391604159709586,0
60062,2012-02-09,0.3624991735798808,0
60063,2012-02-09,0.2645220597170885,0
60064,2012-02-09,0.17306596895806456,0
60065,2012-02-09,0.37362218560235155,1
60066,2012-02-09,0.18487571384422388,0
60067,2012-02-09,0.3591064913373763,1
60068,2012-02-09,0.33280228170366233,0
60069,2012-02-09,0.3499649390866866,0
60070,2012-02-09,0.4063452644209191,0
60071,2012-02-09,0.3377014003250611,0
60072,2012-02-09,0.2078779796839497,1
60073,2012-02-09,0.6342876355858812,1
60074,2012-02-09,0.2010036918361166,0
60075,2012-02-09,0.3866497526619351,1
60076,2012-02-09,0.40358758314560056,0
60077,2012-02-09,0.29162784793029745,0
60078,2012-02-09,0.29789740161436384,1
60079,2012-02-09,0.29017025574094707,1
60080,2012-02-09,0.4098847069102937,1
60081,2012-02-09,0.16854598013567879,1
60082,2012-02-09,0.1889748872928011,1
60083,2012-02-09,0.5498192823188971,0
60084,2012-02-09,0.308993890357651,0
60085,2012-02-09,0.16712763620236445,1
60086,2012-02-09,0.34351383006069275,0
60087,2012-02-09,0.3159693733370123,0
60088,2012-02-09,0.3072829324980708,0
60089,2012-02-09,0.21161215675123726,1
60090,2012-02-09,0.5520826439668187,1
60091,2012-02-09,0.3304610972162484,1
60092,2012-02-09,0.3027770840882464,0
60093,2012-02-09,0.27556353491664204,1
60094,2012-02-09,0.22888218567134688,0
60095,2012-02-09,0.19424595533254854,0
60096,2012-02-09,0.25301084247126476,1
60097,2012-02-09,0.13616246704618323,0
60098,2012-02-09,0.1547782408764251,0
60099,2012-02-09,0.24284075628481297,0
60100,2012-02-09,0.3550215277546294,0
60101,2012-02-09,0.3005530010465109,0
60102,2012-02-09,0.3971844928193427,1
60103,2012-02-09,0.1271999943264723,1
60104,2012-02-09,0.27080869879216474,1
60105,2012-02-09,0.5429282879887761,0
60106,2012-02-09,0.3931523108136827,1
60107,2012-02-09,0.16721584711983137,0
60108,2012-02-09,0.2654097626491635,0
60109,2012-02-09,0.15094201305160362,1
60110,2012-02-09,0.17055946175553915,0
60111,2012-02-09,0.4278523550818175,0
60112,2012-02-09,0.34559697035382736,0
60113,2012-02-09,0.24808399966280573,0
60114,2012-02-09,0.11375576667717173,0
60115,2012-02-09,0.23811540518785695,0
60116,2012-02-09,0.38801876870102503,1
60117,2012-02-09,0.2797924519419379,0
60118,2012-02-09,0.329193388859109,0
60119,2012-02-09,0.5525466337834515,1
60120,2012-02-09,0.5875435718691998,1
60121,2012-02-09,0.13536979439316418,0
60122,2012-02-09,0.20447104903704114,0
60123,2012-02-09,0.23056142540123806,0
60124,2012-02-09,0.36006348036243746,0
60125,2012-02-09,0.2090720410735288,1
60126,2012-02-09,0.15058655751279953,1
60127,2012-02-09,0.3601986733990816,1
60128,2012-02-09,0.3211619989474614,0
60129,2012-02-09,0.4121523016739672,0
60130,2012-02-09,0.1790394194588703,0
60131,2012-02-09,0.17062284580181386,1
60132,2012-02-09,0.3714393345184382,0
60133,2012-02-09,0.20194705816643235,0
60134,2012-02-09,0.5773524834798943,1
60135,2012-02-09,0.2883179079548568,0
60136,2012-02-09,0.36502802108723825,0
60137,2012-02-09,0.6278853220100847,1
60138,2012-02-09,0.30805502613958613,0
60139,2012-02-09,0.36300325727087224,0
60140,2012-02-09,0.1860310899876907,0
60141,2012-02-09,0.17645467329664286,1
60142,2012-02-09,0.38203434540111675,0
60143,2012-02-09,0.32547099941434793,1
60144,2012-02-09,0.4501430467552401,1
60145,2012-02-09,0.20632243755786847,0
60146,2012-02-09,0.16835525517996258,0
60147,2012-02-09,0.3119718850133241,1
60148,2012-02-09,0.16009714102913392,0
60149,2012-02-09,0.44213577239057505,0
60150,2012-02-09,0.37555116612862505,0
60151,2012-02-09,0.22214333666470434,1
60152,2012-02-09,0.309505719363705,0
60153,2012-02-09,0.26684056475595014,1
60154,2012-02-09,0.12009476476089108,0
60155,2012-02-09,0.44162696331523016,0
60156,2012-02-09,0.2991367109161809,0
60157,2012-02-09,0.18873175908567175,0
60158,2012-02-09,0.2298412774196966,0
60159,2012-02-09,0.2561168211828934,0
60160,2012-02-09,0.3320805288635901,1
60161,2012-02-09,0.330175298213873,0
60162,2012-02-09,0.1491049065567505,0
60163,2012-02-09,0.36812678917945446,0
60164,2012-02-09,0.28278429497469676,0
60165,2012-02-09,0.33223393912717536,0
60166,2012-02-09,0.14952571794238037,1
60167,2012-02-09,0.1778070471937648,1
60168,2012-02-09,0.36529705630037684,1
60169,2012-02-09,0.1815141249199201,1
60170,2012-02-09,0.37449945173238636,1
60171,2012-02-09,0.19618899805391748,0
60172,2012-02-09,0.5110803605734232,1
60173,2012-02-09,0.4572247428189186,0
60174,2012-02-09,0.16526953347750437,0
60175,2012-02-09,0.2671828788970708,0
60176,2012-02-09,0.18878334831446708,1
60177,2012-02-09,0.35047771351490176,0
60178,2012-02-09,0.3337324902171798,0
60179,2012-02-09,0.23016036752948413,0
60180,2012-02-09,0.3237557475625934,1
60181,2012-02-09,0.38276818962990294,1
60182,2012-02-09,0.3138485361900416,1
60183,2012-02-09,0.4584199557066184,0
60184,2012-02-09,0.44792877604082837,0
60185,2012-02-09,0.33311839183445324,0
60186,2012-02-09,0.3578499371345118,1
60187,2012-02-09,0.3228475194260409,0
60188,2012-02-09,0.1650572765090376,0
60189,2012-02-09,0.2370156530292188,0
60190,2012-02-09,0.22982422240574463,0
60191,2012-02-09,0.14902895054121368,0
60192,2012-02-09,0.35914849658050413,0
60193,2012-02-09,0.24230555173592014,1
60194,2012-02-09,0.1696126587686032,1
60195,2012-02-09,0.6716476176707834,1
60196,2012-02-09,0.199046802743412,0
60197,2012-02-09,0.5238519227898188,0
60198,2012-02-09,0.23320482796800016,0
60199,2012-02-09,0.20871988795973048,1
60200,2012-02-09,0.18570560797788246,1
60201,2012-02-09,0.16257813321742706,0
60202,2012-02-09,0.27371008803889635,1
60203,2012-02-09,0.21421358315676256,0
60204,2012-02-09,0.2867695667860609,1
60205,2012-02-09,0.21009405863216007,0
60206,2012-02-09,0.1820784466372295,1
60207,2012-02-09,0.18956840664368627,0
60208,2012-02-09,0.4414832993020479,1
60209,2012-02-09,0.27320953951591154,1
60210,2012-02-09,0.13890320964625466,0
60211,2012-02-09,0.31870200311474456,0
60212,2012-02-09,0.24309735174988384,1
60213,2012-02-09,0.4245564776635927,1
60214,2012-02-09,0.19485389896314836,1
60215,2012-02-09,0.2992058634606573,0
60216,2012-02-09,0.24194941294739683,1
60217,2012-02-09,0.3544278191870034,1
60218,2012-02-09,0.25967006122129604,0
60219,2012-02-09,0.20436033159866157,0
60220,2012-02-09,0.24733086996542222,0
60221,2012-02-09,0.2876183613517039,0
60222,2012-02-09,0.1944538061061869,0
60223,2012-02-09,0.1265581266583454,1
60224,2012-02-09,0.26044192630977003,0
60225,2012-02-09,0.2963574898833521,0
60226,2012-02-09,0.15595681194726196,0
60227,2012-02-10,0.17501439317750467,0
60228,2012-02-10,0.18887187043220074,0
60229,2012-02-10,0.5573026190279836,1
60230,2012-02-10,0.31755991206353523,0
60231,2012-02-10,0.2730626646280669,1
60232,2012-02-10,0.5859099933272186,1
60233,2012-02-10,0.1275694580704689,0
60234,2012-02-10,0.39103773218060894,0
60235,2012-02-10,0.40459209268531426,1
60236,2012-02-10,0.43963325302517964,0
60237,2012-02-10,0.19431338792827074,0
60238,2012-02-10,0.22111724015496104,0
60239,2012-02-10,0.3588481381407978,0
60240,2012-02-10,0.18711646543504756,1
60241,2012-02-10,0.1418962359896035,1
60242,2012-02-10,0.21507937557118154,1
60243,2012-02-10,0.1217173096674121,0
60244,2012-02-10,0.2396825713949677,0
60245,2012-02-10,0.4741886428349456,0
60246,2012-02-10,0.5500622057773267,0
60247,2012-02-10,0.1873069134839765,0
60248,2012-02-10,0.23305480861573694,1
60249,2012-02-10,0.3576899049370346,1
60250,2012-02-10,0.16749628343928127,1
60251,2012-02-10,0.3269499076803506,1
60252,2012-02-10,0.1522069329389716,0
60253,2012-02-10,0.18332681489365366,1
60254,2012-02-10,0.1842714580481195,1
60255,2012-02-10,0.3098351772569093,0
60256,2012-02-10,0.2704594049852189,0
60257,2012-02-10,0.6454519653012812,0
60258,2012-02-10,0.3548244870424216,1
60259,2012-02-10,0.2088494049004301,1
60260,2012-02-10,0.3871721313459247,0
60261,2012-02-10,0.2444543091607238,0
60262,2012-02-10,0.461143880838327,1
60263,2012-02-10,0.2799874927304139,0
60264,2012-02-10,0.38291432908452633,0
60265,2012-02-10,0.2545672803484659,0
60266,2012-02-10,0.4398018424302319,1
60267,2012-02-10,0.25838865507038244,0
60268,2012-02-10,0.45749696777662524,0
60269,2012-02-10,0.23684618577644803,1
60270,2012-02-10,0.16229863622609333,0
60271,2012-02-10,0.22424323597394272,0
60272,2012-02-10,0.43803101068958405,0
60273,2012-02-10,0.16929361712345162,0
60274,2012-02-10,0.2623058307876748,1
60275,2012-02-10,0.19752055807931104,0
60276,2012-02-10,0.36325759942314073,1
60277,2012-02-10,0.2655170663587041,1
60278,2012-02-10,0.43505593601598613,0
60279,2012-02-10,0.34147080805829777,1
60280,2012-02-10,0.26303642293163865,0
60281,2012-02-10,0.398485333105223,0
60282,2012-02-10,0.1424775693535184,1
60283,2012-02-10,0.27422897337467417,0
60284,2012-02-10,0.3682418402181529,1
60285,2012-02-10,0.2568508192325024,0
60286,2012-02-10,0.12230921022800385,0
60287,2012-02-10,0.19895217838923415,1
60288,2012-02-10,0.2119821144785062,1
60289,2012-02-10,0.21814592303416222,1
60290,2012-02-10,0.2012879662638663,0
60291,2012-02-10,0.2740846449717272,0
60292,2012-02-10,0.21137750084776816,1
60293,2012-02-10,0.15668288263532432,0
60294,2012-02-10,0.3552308705141133,1
60295,2012-02-10,0.3357710629599816,0
60296,2012-02-10,0.19218244615998073,0
60297,2012-02-10,0.319579532840014,0
60298,2012-02-10,0.1932723696324392,0
60299,2012-02-10,0.4905155765526492,1
60300,2012-02-10,0.20230184732341827,0
60301,2012-02-10,0.2633504317657737,0
60302,2012-02-10,0.19729038169453683,1
60303,2012-02-10,0.38647688780514083,1
60304,2012-02-10,0.15558048179458173,0
60305,2012-02-10,0.14406465245167793,0
60306,2012-02-10,0.32116756202223895,1
60307,2012-02-10,0.3001719903688058,0
60308,2012-02-10,0.2349676788044117,0
60309,2012-02-10,0.4523727350804139,1
60310,2012-02-10,0.2886952726073965,1
60311,2012-02-10,0.22676764185894607,0
60312,2012-02-10,0.2169599720410268,0
60313,2012-02-10,0.25935835025889664,1
60314,2012-02-10,0.2394433430923237,0
60315,2012-02-10,0.5446099926793536,1
60316,2012-02-10,0.18021022320719404,1
60317,2012-02-10,0.270869758315048,0
60318,2012-02-10,0.16661104681121208,0
60319,2012-02-10,0.2860803467879558,1
60320,2012-02-10,0.19158717464716624,0
60321,2012-02-10,0.10795075619930974,0
60322,2012-02-10,0.3215919305132713,1
60323,2012-02-10,0.3695124317170478,1
60324,2012-02-10,0.3070857625007268,1
60325,2012-02-10,0.1546497451407742,0
60326,2012-02-10,0.1620986056922289,0
60327,2012-02-10,0.28359939892963726,0
60328,2012-02-10,0.2279491591355061,0
60329,2012-02-10,0.3860091567254009,0
60330,2012-02-10,0.16663184166477277,0
60331,2012-02-10,0.23530828197718323,1
60332,2012-02-10,0.4039327365139853,0
60333,2012-02-10,0.35002421431240394,1
60334,2012-02-10,0.25809130874779357,0
60335,2012-02-10,0.41922999014782986,1
60336,2012-02-10,0.12741588072929969,0
60337,2012-02-10,0.14771076857348908,1
60338,2012-02-10,0.31160990985560927,1
60339,2012-02-10,0.14494808196983283,0
60340,2012-02-10,0.5114602399396192,1
60341,2012-02-10,0.2832133563773675,1
60342,2012-02-10,0.40789445257625845,1
60343,2012-02-10,0.3548244870424216,1
60344,2012-02-10,0.2828798130716423,1
60345,2012-02-10,0.49752412745743496,1
60346,2012-02-10,0.19915991136738104,1
60347,2012-02-10,0.343620784274457,0
60348,2012-02-10,0.2689403781912412,0
60349,2012-02-10,0.4595930988466464,1
60350,2012-02-10,0.3040537077120046,1
60351,2012-02-10,0.34526276487795554,0
60352,2012-02-10,0.5028000534505936,1
60353,2012-02-10,0.1851337475855773,1
60354,2012-02-10,0.3426341151288271,0
60355,2012-02-10,0.17362538917589002,1
60356,2012-02-10,0.2522118241429387,0
60357,2012-02-10,0.32840308541497676,0
60358,2012-02-10,0.26082553794503804,1
60359,2012-02-10,0.23740693573631272,0
60360,2012-02-10,0.4176325973883413,0
60361,2012-02-10,0.4148479336849644,1
60362,2012-02-10,0.34595520742202,0
60363,2012-02-10,0.40884515606953586,1
60364,2012-02-10,0.5016703394249675,0
60365,2012-02-10,0.20398943418631396,0
60366,2012-02-10,0.17871183634650792,1
60367,2012-02-10,0.19317599227067028,0
60368,2012-02-10,0.18684102795242474,1
60369,2012-02-10,0.1574934561474854,1
60370,2012-02-10,0.18206162689370048,1
60371,2012-02-10,0.3954964123692571,0
60372,2012-02-10,0.15306608747296807,1
60373,2012-02-10,0.26271621859380323,0
60374,2012-02-10,0.21167429586850775,0
60375,2012-02-10,0.14466273681147312,1
60376,2012-02-10,0.12266800775460868,1
60377,2012-02-10,0.145313983015856,0
60378,2012-02-10,0.20126645917351202,1
60379,2012-02-10,0.23070223827782632,0
60380,2012-02-10,0.2647243956113773,0
60381,2012-02-10,0.20845112069422275,0
60382,2012-02-10,0.2375596400262631,0
60383,2012-02-10,0.21768110445826216,0
60384,2012-02-10,0.18764919590397172,0
60385,2012-02-10,0.3593710187523951,0
60386,2012-02-10,0.21124176491103805,0
60387,2012-02-10,0.1864581138869225,0
60388,2012-02-10,0.3716142722661228,1
60389,2012-02-10,0.25027974806613984,0
60390,2012-02-10,0.2203406304381665,0
60391,2012-02-10,0.32721307967084123,0
60392,2012-02-10,0.2101597234200397,0
60393,2012-02-10,0.23642697274857247,1
60394,2012-02-10,0.18563987107217458,0
60395,2012-02-10,0.29311793009862336,1
60396,2012-02-10,0.16272101765040503,1
60397,2012-02-10,0.41194428913145353,1
60398,2012-02-10,0.16709550665749123,1
60399,2012-02-10,0.4050756668747812,0
60400,2012-02-10,0.434030448130683,0
60401,2012-02-10,0.21308506260587923,0
60402,2012-02-10,0.1810261370493353,0
60403,2012-02-10,0.17052847544799726,0
60404,2012-02-10,0.2427942739410023,0
60405,2012-02-10,0.30765320640069405,0
60406,2012-02-10,0.29565972333015317,0
60407,2012-02-10,0.23150344757003294,1
60408,2012-02-10,0.1962278883831189,1
60409,2012-02-10,0.3036610418902315,0
60410,2012-02-10,0.18795236139868388,1
60411,2012-02-10,0.5192516121566926,1
60412,2012-02-10,0.4661010873296139,0
60413,2012-02-10,0.24967629102175506,1
60414,2012-02-11,0.4260597084641244,0
60415,2012-02-11,0.2362596016912635,1
60416,2012-02-11,0.23464982006392188,1
60417,2012-02-11,0.39507463942664534,0
60418,2012-02-11,0.46232256845969516,0
60419,2012-02-11,0.28057820897739444,0
60420,2012-02-11,0.274408422943717,0
60421,2012-02-11,0.2881327903209956,0
60422,2012-02-11,0.23958807882560623,0
60423,2012-02-11,0.5275657282914938,1
60424,2012-02-11,0.25121260831469533,1
60425,2012-02-11,0.4469569141719909,1
60426,2012-02-11,0.3230540774400262,0
60427,2012-02-11,0.16710380547668757,0
60428,2012-02-11,0.3653378625071841,0
60429,2012-02-11,0.24932426733784588,0
60430,2012-02-11,0.27164463855985166,0
60431,2012-02-11,0.2577211084847735,0
60432,2012-02-11,0.373773718206759,1
60433,2012-02-11,0.2480508842952711,1
60434,2012-02-11,0.229723515687536,1
60435,2012-02-11,0.1541317652281684,0
60436,2012-02-11,0.27280702669195755,1
60437,2012-02-11,0.32364621501961005,1
60438,2012-02-11,0.31900372486571366,0
60439,2012-02-11,0.1460491945898023,0
60440,2012-02-11,0.29833825871824365,1
60441,2012-02-11,0.3422403900590828,1
60442,2012-02-11,0.29055392656847356,1
60443,2012-02-11,0.11242818867052753,1
60444,2012-02-11,0.3313841478526791,0
60445,2012-02-11,0.20711402450336008,1
60446,2012-02-11,0.25326917027692186,0
60447,2012-02-11,0.3398827011616549,1
60448,2012-02-11,0.22346050378414578,0
60449,2012-02-11,0.2863455733082182,0
60450,2012-02-11,0.3430476153161604,0
60451,2012-02-11,0.20671130802321724,0
60452,2012-02-11,0.3117049158246772,1
60453,2012-02-11,0.5336005289738656,1
60454,2012-02-11,0.17196416880447934,1
60455,2012-02-11,0.38128495867939355,1
60456,2012-02-11,0.46494592627271664,0
60457,2012-02-11,0.41234130896864307,1
60458,2012-02-11,0.2140186733499176,0
60459,2012-02-11,0.5416209572011232,1
60460,2012-02-11,0.18011372874719153,1
60461,2012-02-11,0.31508474946667764,1
60462,2012-02-11,0.3796453299127346,0
60463,2012-02-11,0.17610396474196055,0
60464,2012-02-11,0.18587791032806275,0
60465,2012-02-11,0.25711212802166183,0
60466,2012-02-11,0.16915252675845585,0
60467,2012-02-11,0.3137473034342806,0
60468,2012-02-11,0.33082747295491566,0
60469,2012-02-11,0.15293580890753786,1
60470,2012-02-11,0.3943472884021277,0
60471,2012-02-11,0.4044715630179283,0
60472,2012-02-11,0.5355542896734176,0
60473,2012-02-11,0.13276386088810754,1
60474,2012-02-11,0.1562010436131894,1
60475,2012-02-11,0.24635945979423166,1
60476,2012-02-11,0.356441890580898,1
60477,2012-02-11,0.18599399543279946,1
60478,2012-02-11,0.49911285593948584,0
60479,2012-02-11,0.5449218511120566,1
60480,2012-02-11,0.5109032311430858,1
60481,2012-02-11,0.2605497110931198,0
60482,2012-02-11,0.3155076292137424,0
60483,2012-02-11,0.27168216494202074,1
60484,2012-02-11,0.17303803352170416,1
60485,2012-02-11,0.36179412734751343,1
60486,2012-02-11,0.31521770816992833,1
60487,2012-02-11,0.17550764898623036,1
60488,2012-02-11,0.4830858204337462,0
60489,2012-02-11,0.6002647493066635,1
60490,2012-02-11,0.33097100635683957,1
60491,2012-02-11,0.23445618559889678,1
60492,2012-02-11,0.2552829341928349,1
60493,2012-02-11,0.3045446806223077,0
60494,2012-02-11,0.2637452546486136,0
60495,2012-02-11,0.21605056748155638,1
60496,2012-02-11,0.3321576191659357,0
60497,2012-02-11,0.19567043047483404,1
60498,2012-02-11,0.46277188250769463,1
60499,2012-02-11,0.24104836357994774,1
60500,2012-02-11,0.28151312658399597,0
60501,2012-02-11,0.43094533616464303,1
60502,2012-02-11,0.28131052803860757,0
60503,2012-02-11,0.19165718604891893,0
60504,2012-02-11,0.31469579776235024,0
60505,2012-02-11,0.2433247125586262,1
60506,2012-02-11,0.4650068540042258,0
60507,2012-02-11,0.21501157406410015,0
60508,2012-02-11,0.16972704313372747,1
60509,2012-02-11,0.41707122898609345,1
60510,2012-02-11,0.24102409145055614,0
60511,2012-02-11,0.38634213053698907,1
60512,2012-02-11,0.4335596935304147,0
60513,2012-02-11,0.34970151758568163,1
60514,2012-02-11,0.19196676998910114,1
60515,2012-02-11,0.30969219732329223,0
60516,2012-02-11,0.34124189946634353,1
60517,2012-02-11,0.586721283692348,0
60518,2012-02-11,0.17459121206030306,1
60519,2012-02-11,0.22025358893418384,1
60520,2012-02-11,0.29376878907971365,1
60521,2012-02-11,0.20296171536577667,0
60522,2012-02-11,0.5056635511799894,1
60523,2012-02-11,0.27671662469648056,1
60524,2012-02-11,0.44838135640434046,1
60525,2012-02-11,0.2681617214336666,1
60526,2012-02-11,0.35917222798705767,1
60527,2012-02-11,0.15434603851586237,0
60528,2012-02-11,0.1825004830880505,1
60529,2012-02-11,0.15017819617271974,0
60530,2012-02-11,0.4431003609019303,0
60531,2012-02-11,0.23132961441862843,0
60532,2012-02-11,0.2885495506853552,0
60533,2012-02-11,0.6373024795954009,1
60534,2012-02-11,0.2965969926866496,1
60535,2012-02-11,0.3999079459955265,1
60536,2012-02-11,0.3431342247331878,1
60537,2012-02-11,0.4200589456869969,1
60538,2012-02-11,0.2983092561372779,0
60539,2012-02-11,0.18630911450912294,0
60540,2012-02-11,0.23046370165710992,0
60541,2012-02-11,0.13687160311725458,1
60542,2012-02-11,0.21037042180450344,0
60543,2012-02-11,0.2280957011937127,0
60544,2012-02-11,0.3584090798188352,0
60545,2012-02-11,0.47163769894366114,0
60546,2012-02-11,0.6489104922729311,1
60547,2012-02-11,0.45445197676459975,0
60548,2012-02-11,0.35885864918510774,1
60549,2012-02-11,0.2513976894362482,0
60550,2012-02-11,0.27321075583288484,0
60551,2012-02-11,0.32428070244614965,0
60552,2012-02-11,0.21976239246766383,0
60553,2012-02-11,0.31400615184815434,1
60554,2012-02-11,0.5823755348444976,0
60555,2012-02-11,0.16697957205902553,0
60556,2012-02-11,0.27467971778865696,1
60557,2012-02-11,0.25273512931065883,1
60558,2012-02-11,0.5949254183930424,1
60559,2012-02-11,0.2496642822487374,0
60560,2012-02-11,0.26771909468772637,0
60561,2012-02-11,0.32850757672605085,1
60562,2012-02-11,0.306459783095632,0
60563,2012-02-11,0.310209106501579,0
60564,2012-02-11,0.3657748904235387,0
60565,2012-02-11,0.2475695768316234,0
60566,2012-02-11,0.23240615958081015,1
60567,2012-02-11,0.17183066295843766,0
60568,2012-02-11,0.3514753828025007,0
60569,2012-02-11,0.19602478888574096,0
60570,2012-02-11,0.16360365365419574,0
60571,2012-02-11,0.3506128818908581,0
60572,2012-02-11,0.24852659763065532,0
60573,2012-02-11,0.1484234952772555,0
60574,2012-02-11,0.4356654428453201,1
60575,2012-02-11,0.3323895992686113,0
60576,2012-02-11,0.556914147187341,1
60577,2012-02-11,0.48297134179542284,0
60578,2012-02-11,0.19156518406964057,0
60579,2012-02-11,0.4326661751264701,0
60580,2012-02-11,0.24798197850553375,1
60581,2012-02-11,0.15966889990089309,0
60582,2012-02-11,0.45683002251109955,0
60583,2012-02-11,0.1647901792278633,0
60584,2012-02-11,0.4901029064155735,0
60585,2012-02-11,0.20992277562426762,0
60586,2012-02-11,0.28314442385625344,1
60587,2012-02-11,0.43783085405925587,1
60588,2012-02-11,0.22296956762227166,1
60589,2012-02-11,0.31100336974552695,0
60590,2012-02-11,0.14152627477445406,0
60591,2012-02-11,0.18927905569815662,1
60592,2012-02-11,0.24738181582987448,1
60593,2012-02-11,0.4326940683767642,0
60594,2012-02-11,0.22789460401917913,0
60595,2012-02-11,0.21950750191967044,0
60596,2012-02-11,0.13969258789557848,1
60597,2012-02-11,0.3724337335360617,0
60598,2012-02-11,0.20307230751659652,0
60599,2012-02-11,0.19366611065302347,0
60600,2012-02-11,0.1148009671280902,0
60601,2012-02-11,0.3497021516285401,1
60602,2012-02-11,0.28033498557467346,0
60603,2012-02-11,0.31582346683619594,0
60604,2012-02-11,0.3373064156974845,1
60605,2012-02-11,0.2013427554561538,0
60606,2012-02-11,0.35108913638194456,0
60607,2012-02-11,0.5057002596195245,0
60608,2012-02-11,0.21836857094135306,1
60609,2012-02-11,0.21384948544627794,0
60610,2012-02-11,0.5657165700148764,1
60611,2012-02-11,0.26834355178622266,1
60612,2012-02-11,0.11482872873726926,0
60613,2012-02-11,0.4357381916235549,0
60614,2012-02-11,0.23967529556739686,0
60615,2012-02-11,0.5088689579470954,1
60616,2012-02-11,0.17696598843909825,1
60617,2012-02-11,0.15772352259335454,0
60618,2012-02-11,0.2906822220700084,0
60619,2012-02-11,0.41406367359246327,1
60620,2012-02-11,0.2135914513824851,0
60621,2012-02-11,0.3525138429761004,0
60622,2012-02-11,0.20236396703987342,0
60623,2012-02-11,0.21706246517822472,1
60624,2012-02-11,0.16875517073887625,0
60625,2012-02-11,0.1490028339823975,0
60626,2012-02-11,0.3968737864065642,0
60627,2012-02-11,0.40396939913953467,1
60628,2012-02-11,0.2659206883222963,0
60629,2012-02-11,0.2865563962392475,0
60630,2012-02-11,0.5677303435648882,0
60631,2012-02-11,0.26954331441665147,0
60632,2012-02-11,0.2651648463854229,0
60633,2012-02-11,0.5096761807134876,0
60634,2012-02-11,0.5280681446552019,1
60635,2012-02-11,0.42716994903528904,1
60636,2012-02-11,0.2018825962180787,0
60637,2012-02-11,0.3346545513252755,0
60638,2012-02-11,0.16424840077812605,0
60639,2012-02-11,0.504572397178356,1
60640,2012-02-11,0.2069458582960529,0
60641,2012-02-11,0.12051605449391212,0
60642,2012-02-11,0.28868675445348774,1
60643,2012-02-11,0.18937352535934515,0
60644,2012-02-11,0.5054089337047379,1
60645,2012-02-11,0.15102889923769017,0
60646,2012-02-11,0.17457913401941463,0
60647,2012-02-11,0.1848571939684564,0
60648,2012-02-11,0.1491645316575914,0
60649,2012-02-11,0.5311131894243123,1
60650,2012-02-11,0.18599399543279946,1
60651,2012-02-11,0.31950018575570316,0
60652,2012-02-11,0.21143552275348365,0
60653,2012-02-11,0.31448623509954154,0
60654,2012-02-11,0.25003124407743077,1
60655,2012-02-11,0.29756237364875704,0
60656,2012-02-11,0.322101012909203,0
60657,2012-02-11,0.2274474205150039,0
60658,2012-02-11,0.26622052988630235,0
60659,2012-02-11,0.15809002575408176,0
60660,2012-02-11,0.32029837260350774,1
60661,2012-02-11,0.26886917984334324,1
60662,2012-02-11,0.39969249947753216,1
60663,2012-02-11,0.45674542652368905,1
60664,2012-02-11,0.5412707380945655,0
60665,2012-02-11,0.14613263490830347,0
60666,2012-02-11,0.458361558357706,0
60667,2012-02-11,0.40717924430874364,1
60668,2012-02-11,0.30023085273037026,1
60669,2012-02-11,0.34299375364761164,1
60670,2012-02-11,0.45090580363523486,0
60671,2012-02-11,0.24444078652897408,0
60672,2012-02-11,0.29684024783723034,0
60673,2012-02-11,0.1430423554302943,0
60674,2012-02-11,0.453463845297592,0
60675,2012-02-11,0.4655600161597743,1
60676,2012-02-11,0.2152363529032305,1
60677,2012-02-11,0.41734549565256546,1
60678,2012-02-11,0.2310159885387538,1
60679,2012-02-11,0.44474084614813353,0
60680,2012-02-11,0.27845932828046904,0
60681,2012-02-11,0.2467374939821355,0
60682,2012-02-11,0.5470799989816878,0
60683,2012-02-11,0.4823224425759971,0
60684,2012-02-11,0.29564281087027033,0
60685,2012-02-11,0.44601809391093716,1
60686,2012-02-11,0.22209059947771184,0
60687,2012-02-11,0.2537473588621386,1
60688,2012-02-11,0.5537653373315903,1
60689,2012-02-11,0.3451163709744348,1
60690,2012-02-11,0.31712949665672974,0
60691,2012-02-11,0.29606860220414766,1
60692,2012-02-11,0.4680275581393765,1
60693,2012-02-11,0.21056008598397388,0
60694,2012-02-11,0.3925517566813538,1
60695,2012-02-11,0.17007699534619278,0
60696,2012-02-11,0.428352510496522,0
60697,2012-02-11,0.4453060354348828,1
60698,2012-02-11,0.16197877869076108,0
60699,2012-02-11,0.1561309032427503,1
60700,2012-02-11,0.3639668870418453,1
60701,2012-02-11,0.5945552581745226,1
60702,2012-02-11,0.2151890929879925,0
60703,2012-02-11,0.41456044279818527,1
60704,2012-02-11,0.35072433752072246,1
60705,2012-02-11,0.20966717862092682,0
60706,2012-02-11,0.29770344387890185,0
60707,2012-02-11,0.23016977586395485,1
60708,2012-02-11,0.23897233516080246,0
60709,2012-02-11,0.3137294611978038,0
60710,2012-02-11,0.20913359814885824,0
60711,2012-02-11,0.33557087843633177,1
60712,2012-02-11,0.3665473795137758,0
60713,2012-02-11,0.36538100133791007,1
60714,2012-02-11,0.32738250903255095,0
60715,2012-02-11,0.3602009708628757,0
60716,2012-02-11,0.27277695477495373,1
60717,2012-02-11,0.3510412887340437,0
60718,2012-02-11,0.1778547407416791,1
60719,2012-02-11,0.587869214012959,1
60720,2012-02-11,0.4641507746619635,1
60721,2012-02-11,0.25185154823317196,0
60722,2012-02-11,0.413734136639667,1
60723,2012-02-11,0.5310691938380642,1
60724,2012-02-11,0.2549836095689657,1
60725,2012-02-11,0.29465528739631147,1
60726,2012-02-11,0.3679295544262596,1
60727,2012-02-11,0.2720918993150082,1
60728,2012-02-11,0.647384138026471,1
60729,2012-02-11,0.16189339694160865,1
60730,2012-02-11,0.10348654989379122,0
60731,2012-02-11,0.20606935699919507,0
60732,2012-02-11,0.15574388337764553,0
60733,2012-02-11,0.1636512813126729,1
60734,2012-02-11,0.22537177020071875,0
60735,2012-02-11,0.35720328443863825,1
60736,2012-02-11,0.20558616810744243,0
60737,2012-02-11,0.30540411076157825,1
60738,2012-02-11,0.19133858464956338,0
60739,2012-02-11,0.259109046076214,1
60740,2012-02-11,0.2407495010419598,0
60741,2012-02-11,0.29485698482087175,0
60742,2012-02-11,0.1697223671090315,0
60743,2012-02-11,0.23903490913404282,0
60744,2012-02-11,0.17009180018712153,0
60745,2012-02-11,0.46102740997993846,0
60746,2012-02-11,0.16867537526652052,0
60747,2012-02-11,0.26545161467571055,1
60748,2012-02-11,0.3920991997501815,0
60749,2012-02-11,0.4416431301242816,1
60750,2012-02-11,0.1331394599239247,0
60751,2012-02-11,0.3814044580581895,1
60752,2012-02-11,0.3259590974990538,1
60753,2012-02-11,0.18599399543279946,1
60754,2012-02-11,0.2998871488289404,0
60755,2012-02-11,0.6667154217762092,1
60756,2012-02-11,0.2197857049527039,0
60757,2012-02-11,0.31335188831393546,0
60758,2012-02-11,0.427540678347878,1
60759,2012-02-11,0.17339870664176488,0
60760,2012-02-11,0.25175248573744186,0
60761,2012-02-11,0.3434013647573211,1
60762,2012-02-11,0.2409216415767675,0
60763,2012-02-11,0.21409946769243668,0
60764,2012-02-11,0.23593875049109295,1
60765,2012-02-11,0.2916279295544818,1
60766,2012-02-11,0.40529691507220433,1
60767,2012-02-11,0.14630986275408256,1
60768,2012-02-11,0.4207646527366186,1
60769,2012-02-11,0.27193832101895815,0
60770,2012-02-11,0.3974922567252054,1
60771,2012-02-11,0.40371808822362737,1
60772,2012-02-11,0.1505782666194879,0
60773,2012-02-11,0.26372541060904436,1
60774,2012-02-11,0.6326503225543048,0
60775,2012-02-11,0.23850662578010118,0
60776,2012-02-11,0.28174910555857874,1
60777,2012-02-11,0.1465937417068307,0
60778,2012-02-11,0.2934167180537195,1
60779,2012-02-11,0.19217643134757492,0
60780,2012-02-11,0.4488003470351129,0
60781,2012-02-11,0.3455468218587204,1
60782,2012-02-11,0.3261591257332627,1
60783,2012-02-11,0.17696598843909825,1
60784,2012-02-11,0.1408639218267306,0
60785,2012-02-11,0.24911088157790431,0
60786,2012-02-11,0.4964174944369375,0
60787,2012-02-11,0.1751388481459226,1
60788,2012-02-11,0.34507452191676624,0
60789,2012-02-11,0.5149551944571763,1
60790,2012-02-11,0.29690503827566445,1
60791,2012-02-11,0.19368392970639609,0
60792,2012-02-11,0.44894832028005843,1
60793,2012-02-11,0.2899255120311988,0
60794,2012-02-11,0.22512280378431274,0
60795,2012-02-11,0.16656583870787223,1
60796,2012-02-11,0.20267942547368686,0
60797,2012-02-11,0.15451707955654248,0
60798,2012-02-11,0.21809859400697734,1
60799,2012-02-11,0.2777982481750937,1
60800,2012-02-11,0.20683377895350955,0
60801,2012-02-11,0.26542811418421774,1
60802,2012-02-11,0.21645339868354546,1
60803,2012-02-11,0.3435864360888207,0
60804,2012-02-11,0.50275814164804,0
60805,2012-02-11,0.36686007139538324,0
60806,2012-02-11,0.183156215923365,1
60807,2012-02-11,0.5935809028096479,0
60808,2012-02-11,0.12947813947748538,0
60809,2012-02-11,0.3875007241617968,0
60810,2012-02-11,0.20771819385418425,0
60811,2012-02-11,0.39812900222820274,0
60812,2012-02-11,0.34130295106561065,0
60813,2012-02-11,0.16809866558469813,0
60814,2012-02-11,0.39861302139055393,1
60815,2012-02-11,0.42593009023990613,0
60816,2012-02-11,0.32277580302224773,0
60817,2012-02-11,0.3998543057513739,0
60818,2012-02-11,0.39052352337467255,1
60819,2012-02-11,0.24623361393043847,0
60820,2012-02-11,0.3724204910601416,0
60821,2012-02-11,0.2040979091816072,0
60822,2012-02-11,0.5904841354353372,1
60823,2012-02-11,0.33932669335973303,1
60824,2012-02-11,0.3312242373615088,1
60825,2012-02-11,0.39930940623138034,1
60826,2012-02-11,0.17786109983787182,1
60827,2012-02-11,0.33154437449143986,1
60828,2012-02-11,0.5574981950035302,0
60829,2012-02-11,0.4274866717052162,1
60830,2012-02-11,0.28397429389061274,0
60831,2012-02-11,0.19045247387477326,0
60832,2012-02-11,0.4681083765950264,1
60833,2012-02-11,0.5009842780044942,1
60834,2012-02-11,0.20539425984740178,0
60835,2012-02-11,0.3120652070479194,0
60836,2012-02-11,0.22808333205633635,1
60837,2012-02-11,0.16996343916933127,0
60838,2012-02-11,0.22588496657319104,0
60839,2012-02-11,0.16909308542357204,0
60840,2012-02-11,0.2860367274472563,1
60841,2012-02-11,0.2687746153598351,0
60842,2012-02-11,0.1291778911703431,0
60843,2012-02-11,0.21596212283438895,0
60844,2012-02-11,0.3673198444921163,0
60845,2012-02-11,0.18953992020940508,1
60846,2012-02-11,0.16489290263170456,0
60847,2012-02-11,0.375349085176611,1
60848,2012-02-11,0.23147797772821244,0
60849,2012-02-11,0.34219052159101887,0
60850,2012-02-11,0.19486497184963375,0
60851,2012-02-11,0.2382826745270727,1
60852,2012-02-11,0.3122249679320118,1
60853,2012-02-11,0.42226880310552967,0
60854,2012-02-11,0.4270358023231647,0
60855,2012-02-11,0.2809395368303051,0
60856,2012-02-11,0.2070427120986018,0
60857,2012-02-11,0.45253674205043876,1
60858,2012-02-11,0.47124142062862745,0
60859,2012-02-11,0.21518884943691283,0
60860,2012-02-11,0.26987165950947267,0
60861,2012-02-11,0.19609436979222283,1
60862,2012-02-11,0.4200220481891813,1
60863,2012-02-11,0.39143179587122984,0
60864,2012-02-11,0.3698773963225551,0
60865,2012-02-11,0.207450399422327,0
60866,2012-02-11,0.16168896526197046,0
60867,2012-02-11,0.19370034043654794,1
60868,2012-02-11,0.2947525304119607,0
60869,2012-02-11,0.2660322085903506,0
60870,2012-02-11,0.16282478288226448,0
60871,2012-02-11,0.40809385548407107,1
60872,2012-02-11,0.30334278696920375,1
60873,2012-02-11,0.41538174323825694,0
60874,2012-02-11,0.18350139407787566,0
60875,2012-02-11,0.40782159249513367,0
60876,2012-02-11,0.2569123419728983,0
60877,2012-02-11,0.32878641258833796,0
60878,2012-02-11,0.2994506713874175,0
60879,2012-02-11,0.1729235164198286,0
60880,2012-02-11,0.1938122324199713,1
60881,2012-02-11,0.16662872910868504,1
60882,2012-02-11,0.29790670895455795,1
60883,2012-02-11,0.4509244413116876,0
60884,2012-02-11,0.3826620935893301,0
60885,2012-02-11,0.6152337531076407,0
60886,2012-02-11,0.49153775926275384,1
60887,2012-02-11,0.19673555406817891,0
60888,2012-02-11,0.20507704614399086,1
60889,2012-02-11,0.2927771800929227,1
60890,2012-02-11,0.3515490360500785,0
60891,2012-02-11,0.24043933815781013,1
60892,2012-02-11,0.3891194423840694,1
60893,2012-02-11,0.2513782434248813,1
60894,2012-02-11,0.19193729382921554,0
60895,2012-02-11,0.19060434654397596,1
60896,2012-02-11,0.21928959512779103,1
60897,2012-02-11,0.12969032711822862,0
60898,2012-02-11,0.1711671453347152,0
60899,2012-02-11,0.2101882671698133,0
60900,2012-02-11,0.28041071951113233,1
60901,2012-02-11,0.25991298214940173,0
60902,2012-02-11,0.2567058977314959,1
60903,2012-02-11,0.256293367216454,0
60904,2012-02-11,0.2981620197425842,0
60905,2012-02-11,0.4193055976125512,1
60906,2012-02-11,0.15842263139673646,0
60907,2012-02-11,0.3813560014419845,0
60908,2012-02-11,0.15754552670573121,0
60909,2012-02-11,0.23854495803033662,0
60910,2012-02-11,0.26906363838622666,0
60911,2012-02-11,0.2911814522590405,0
60912,2012-02-11,0.2226275846330371,0
60913,2012-02-11,0.4069291592669608,0
60914,2012-02-11,0.2833677336605102,1
60915,2012-02-11,0.14414086796498865,0
60916,2012-02-11,0.4674311459789381,1
60917,2012-02-11,0.32126082240861326,0
60918,2012-02-11,0.17331356221848795,1
60919,2012-02-11,0.2722279116286259,1
60920,2012-02-11,0.22793336694454014,0
60921,2012-02-11,0.17331894190522512,0
60922,2012-02-11,0.22451132873402518,0
60923,2012-02-11,0.3287942724963225,0
60924,2012-02-11,0.4546415673280079,0
60925,2012-02-11,0.30685401554749947,1
60926,2012-02-11,0.24655489838654274,1
60927,2012-02-11,0.16830087556261622,0
60928,2012-02-11,0.22947145285896073,0
60929,2012-02-11,0.13528072708567085,1
60930,2012-02-11,0.41982082617837074,1
60931,2012-02-11,0.25967585206447563,0
60932,2012-02-11,0.2816460681407831,0
60933,2012-02-11,0.272607861508885,0
60934,2012-02-11,0.19620749280425082,0
60935,2012-02-11,0.15046304264179805,0
60936,2012-02-11,0.297775181364215,0
60937,2012-02-11,0.26948003467156134,0
60938,2012-02-11,0.41296434772433066,1
60939,2012-02-11,0.3402123543292975,1
60940,2012-02-11,0.23132692543642572,0
60941,2012-02-11,0.23692990445114448,1
60942,2012-02-11,0.4076007141847168,1
60943,2012-02-11,0.5377253734089685,1
60944,2012-02-11,0.30599903654221217,0
60945,2012-02-11,0.4010689655284994,1
60946,2012-02-11,0.18597673913539386,0
60947,2012-02-11,0.20547124634538128,0
60948,2012-02-11,0.1029813019795762,0
60949,2012-02-11,0.15833754144235646,0
60950,2012-02-11,0.228352476757637,0
60951,2012-02-11,0.2652772872472495,0
60952,2012-02-11,0.24246324685026963,1
60953,2012-02-11,0.3027492046942573,0
60954,2012-02-11,0.17786792243907382,1
60955,2012-02-11,0.26997123801435485,0
60956,2012-02-11,0.31527738011104356,0
60957,2012-02-11,0.23931692037004718,0
60958,2012-02-11,0.26067187310372025,0
60959,2012-02-11,0.17215711328398423,0
60960,2012-02-11,0.16638521827267852,0
60961,2012-02-11,0.5788881876123414,1
60962,2012-02-11,0.5282614252768075,1
60963,2012-02-11,0.26806067938047456,0
60964,2012-02-11,0.15743516470626231,0
60965,2012-02-11,0.2841159772365519,1
60966,2012-02-11,0.40777535674339344,1
60967,2012-02-12,0.41914698914407417,1
60968,2012-02-12,0.2630927315153895,0
60969,2012-02-12,0.18535108886329102,0
60970,2012-02-12,0.30334117714380415,0
60971,2012-02-12,0.28134301775134496,0
60972,2012-02-12,0.27468064751723814,0
60973,2012-02-12,0.2342970950523969,1
60974,2012-02-12,0.3035146835699949,1
60975,2012-02-12,0.39488467421566054,1
60976,2012-02-12,0.37780601995386376,0
60977,2012-02-12,0.23656957971773768,0
60978,2012-02-12,0.24792660151141144,0
60979,2012-02-12,0.5752877229459228,0
60980,2012-02-12,0.1622500983058883,0
60981,2012-02-12,0.49138260315358934,1
60982,2012-02-12,0.4596604348914713,1
60983,2012-02-12,0.5336259201037187,0
60984,2012-02-12,0.45223738728729745,0
60985,2012-02-12,0.16394827859349145,0
60986,2012-02-12,0.20993336911697036,0
60987,2012-02-12,0.24661803699758597,0
60988,2012-02-12,0.4627525962291301,0
60989,2012-02-12,0.3027358357801784,1
60990,2012-02-12,0.36556666702392027,0
60991,2012-02-12,0.1324243969819654,0
60992,2012-02-12,0.401380956504243,1
60993,2012-02-12,0.2708253307596517,0
60994,2012-02-12,0.17408400252778386,0
60995,2012-02-12,0.5322658987123756,0
60996,2012-02-12,0.4191497578455158,0
60997,2012-02-12,0.2667134072305016,1
60998,2012-02-12,0.179013224911358,0
60999,2012-02-12,0.27970053321646776,1
61000,2012-02-12,0.15937095837647774,1
61001,2012-02-12,0.5478189844722368,0
61002,2012-02-12,0.397294057819544,0
61003,2012-02-12,0.3644819616232784,0
61004,2012-02-12,0.13535877350918923,0
61005,2012-02-12,0.47252101322721896,1
61006,2012-02-12,0.33792807984641665,1
61007,2012-02-12,0.18739007455577666,0
61008,2012-02-12,0.14131717078337278,0
61009,2012-02-12,0.37397923402665795,1
61010,2012-02-12,0.23968967735613497,1
61011,2012-02-12,0.39728330924555555,0
61012,2012-02-12,0.25309855620597527,0
61013,2012-02-12,0.6062436973139739,1
61014,2012-02-12,0.23400071853598042,1
61015,2012-02-12,0.18756480395097302,0
61016,2012-02-12,0.3805617140244868,1
61017,2012-02-12,0.37237724799353783,1
61018,2012-02-12,0.29507632702633163,1
61019,2012-02-12,0.32105767746910124,1
61020,2012-02-12,0.20977383847535003,0
61021,2012-02-12,0.18665392912665904,1
61022,2012-02-12,0.4558894339381603,1
61023,2012-02-12,0.2682530851617596,0
61024,2012-02-12,0.17955887027100528,0
61025,2012-02-12,0.20656022397965737,0
61026,2012-02-12,0.13058653457468666,0
61027,2012-02-12,0.26098028788292127,0
61028,2012-02-12,0.28839551922597406,0
61029,2012-02-12,0.45854220718523303,0
61030,2012-02-12,0.29659207830427076,0
61031,2012-02-12,0.5519398931080919,1
61032,2012-02-12,0.4310063850252481,1
61033,2012-02-12,0.23760794016126163,1
61034,2012-02-12,0.18051651974135274,1
61035,2012-02-12,0.1633336469248212,0
61036,2012-02-12,0.5363255002939756,0
61037,2012-02-12,0.23777344905445422,0
61038,2012-02-12,0.35871238554256285,0
61039,2012-02-12,0.45534352855545074,1
61040,2012-02-12,0.3236119166767968,0
61041,2012-02-12,0.4425576315409519,0
61042,2012-02-12,0.32842727412028827,0
61043,2012-02-12,0.44724951125764967,0
61044,2012-02-12,0.2725992275342287,1
61045,2012-02-12,0.5598362214683124,0
61046,2012-02-12,0.1714083053843069,1
61047,2012-02-12,0.23200646926088453,1
61048,2012-02-12,0.5632330996962497,1
61049,2012-02-12,0.35377543750910534,1
61050,2012-02-12,0.17044112890536708,1
61051,2012-02-12,0.15398649493066763,0
61052,2012-02-12,0.4247661416272511,1
61053,2012-02-12,0.24551891384867255,1
61054,2012-02-12,0.3060359404996965,0
61055,2012-02-12,0.3696617078123262,0
61056,2012-02-12,0.14107561977857463,0
61057,2012-02-12,0.22998730606848164,0
61058,2012-02-12,0.23233753291902942,1
61059,2012-02-12,0.47079643650849345,1
61060,2012-02-12,0.18517688605131824,1
61061,2012-02-12,0.16699711171253181,0
61062,2012-02-12,0.27023284974194023,0
61063,2012-02-12,0.18932252676796976,0
61064,2012-02-12,0.3259407678747636,1
61065,2012-02-12,0.14536222306961075,0
61066,2012-02-12,0.1852348370108196,0
61067,2012-02-12,0.4954516704869248,0
61068,2012-02-12,0.20607809159144083,1
61069,2012-02-12,0.2739276382250227,1
61070,2012-02-12,0.21468372606987388,1
61071,2012-02-12,0.2949505061300737,0
61072,2012-02-12,0.385341597099322,1
61073,2012-02-12,0.16636970043327656,1
61074,2012-02-12,0.16585461430457316,0
61075,2012-02-12,0.26441228000101474,1
61076,2012-02-12,0.3686481236300501,0
61077,2012-02-12,0.5348087283850969,1
61078,2012-02-12,0.2786540971910605,1
61079,2012-02-12,0.44693107429821133,1
61080,2012-02-12,0.2862426260619731,0
61081,2012-02-12,0.12368532582852308,1
61082,2012-02-12,0.25641625124774625,1
61083,2012-02-12,0.2797037783247649,0
61084,2012-02-12,0.3343859894308295,1
61085,2012-02-12,0.4881685695280193,0
61086,2012-02-12,0.34535094274269823,1
61087,2012-02-12,0.3776484499696676,1
61088,2012-02-12,0.34619119911818097,1
61089,2012-02-12,0.4766809108076778,1
61090,2012-02-12,0.4061381103731984,0
61091,2012-02-12,0.3572114602695674,0
61092,2012-02-12,0.2783309493733134,0
61093,2012-02-12,0.18308626501169004,0
61094,2012-02-12,0.24531454844954131,1
61095,2012-02-12,0.2636179937800007,0
61096,2012-02-12,0.20388722667802225,0
61097,2012-02-12,0.1981629101307249,1
61098,2012-02-12,0.22136880019921593,0
61099,2012-02-12,0.1872545914430653,0
61100,2012-02-12,0.22474062109739468,0
61101,2012-02-12,0.23417545119212957,0
61102,2012-02-12,0.26329890237044856,0
61103,2012-02-12,0.2632202903689333,0
61104,2012-02-12,0.23123545547389573,0
61105,2012-02-12,0.31986632906444246,0
61106,2012-02-12,0.5106460365055531,1
61107,2012-02-12,0.1495783362924407,0
61108,2012-02-12,0.17861393156527913,0
61109,2012-02-12,0.4200742326616709,1
61110,2012-02-12,0.25143080265064643,0
61111,2012-02-12,0.3267999241615119,1
61112,2012-02-12,0.29333541840979876,1
61113,2012-02-12,0.4091018554621541,0
61114,2012-02-12,0.300122997894704,1
61115,2012-02-12,0.23437369387372806,0
61116,2012-02-12,0.2435308959915387,0
61117,2012-02-12,0.1804759328375667,0
61118,2012-02-12,0.20574021795067404,0
61119,2012-02-12,0.18422153460113627,0
61120,2012-02-12,0.3435980264761977,0
61121,2012-02-12,0.5219314857285413,0
61122,2012-02-12,0.17735213098136654,1
61123,2012-02-12,0.4655778871008452,1
61124,2012-02-12,0.21172345338171683,1
61125,2012-02-12,0.3774480272878729,0
61126,2012-02-12,0.16836679497017787,0
61127,2012-02-12,0.25497086948739073,0
61128,2012-02-12,0.3294996710661649,0
61129,2012-02-12,0.38750943601275895,1
61130,2012-02-12,0.29931336206444736,1
61131,2012-02-12,0.39076111479210635,1
61132,2012-02-12,0.6041069037293825,1
61133,2012-02-12,0.18040748085386754,0
61134,2012-02-12,0.4007723870822757,0
61135,2012-02-12,0.16035035602007447,0
61136,2012-02-12,0.17152216486235392,0
61137,2012-02-12,0.28682918337293256,0
61138,2012-02-12,0.42601403245536934,1
61139,2012-02-12,0.10614457283911409,0
61140,2012-02-12,0.28054759782462313,0
61141,2012-02-12,0.31417139990698295,1
61142,2012-02-12,0.1548299900539535,0
61143,2012-02-12,0.097711009756235,0
61144,2012-02-12,0.283832508348972,1
61145,2012-02-12,0.4014182880189289,1
61146,2012-02-12,0.41112119547477616,1
61147,2012-02-12,0.3704020976447119,1
61148,2012-02-12,0.21511769702886097,0
61149,2012-02-12,0.3114716597342805,1
61150,2012-02-12,0.496182026677289,1
61151,2012-02-12,0.12567205752610852,0
61152,2012-02-12,0.20537047072673073,0
61153,2012-02-12,0.4075992216146202,0
61154,2012-02-12,0.31498966026915176,1
61155,2012-02-12,0.35466614613197317,0
61156,2012-02-12,0.2360627328401699,0
61157,2012-02-12,0.380069174347604,0
61158,2012-02-12,0.2204271725009067,0
61159,2012-02-12,0.4471282639080049,0
61160,2012-02-12,0.5477555531401191,1
61161,2012-02-12,0.4880222430226977,0
61162,2012-02-12,0.1794598694170037,0
61163,2012-02-12,0.4396528148175006,0
61164,2012-02-12,0.394723076951353,0
61165,2012-02-12,0.22902486063422098,0
61166,2012-02-12,0.33466075741989154,0
61167,2012-02-12,0.2844484120730304,0
61168,2012-02-12,0.5475636399253901,1
61169,2012-02-12,0.44871062903298636,0
61170,2012-02-12,0.49358708173475674,1
61171,2012-02-12,0.3532375403533108,1
61172,2012-02-12,0.3071634047883154,1
61173,2012-02-12,0.2243260650367003,0
61174,2012-02-12,0.35492890232356944,1
61175,2012-02-12,0.4054264535473947,0
61176,2012-02-12,0.27821008797749336,1
61177,2012-02-12,0.422879928051972,1
61178,2012-02-12,0.21824834284098063,1
61179,2012-02-12,0.19922399406452132,0
61180,2012-02-12,0.29647132866719333,0
61181,2012-02-12,0.2632313680203332,1
61182,2012-02-12,0.18214503648086824,1
61183,2012-02-12,0.313590012417714,0
61184,2012-02-12,0.20532971704007447,1
61185,2012-02-12,0.41905506894471634,1
61186,2012-02-12,0.1920495219147873,1
61187,2012-02-12,0.39995305593503283,1
61188,2012-02-12,0.44541687854792494,1
61189,2012-02-12,0.5503493807645728,1
61190,2012-02-12,0.4759266680861694,1
61191,2012-02-12,0.6056813092901582,1
61192,2012-02-12,0.23263791913318815,0
61193,2012-02-12,0.17746991661151965,0
61194,2012-02-12,0.22062205953025735,0
61195,2012-02-12,0.6126518807930078,1
61196,2012-02-12,0.29126984406415524,1
61197,2012-02-12,0.5534832315207121,1
61198,2012-02-12,0.3268934251630767,0
61199,2012-02-12,0.3624728025579469,0
61200,2012-02-12,0.1840419380319814,0
61201,2012-02-12,0.18598405071620583,0
61202,2012-02-12,0.2308825575078875,1
61203,2012-02-12,0.5001485865156058,1
61204,2012-02-12,0.24861747424903957,0
61205,2012-02-12,0.32122295030267867,1
61206,2012-02-12,0.25597849227708985,0
61207,2012-02-12,0.2734672756813171,0
61208,2012-02-12,0.46314916288460456,0
61209,2012-02-12,0.2331730513090493,0
61210,2012-02-12,0.5739945966492321,1
61211,2012-02-12,0.2645813145622384,1
61212,2012-02-12,0.33936529315331376,1
61213,2012-02-12,0.16636248996151493,0
61214,2012-02-12,0.4503509865430395,1
61215,2012-02-12,0.11193742949371602,1
61216,2012-02-12,0.16461069590545405,0
61217,2012-02-12,0.14871297643335255,0
61218,2012-02-12,0.46152220183350856,0
61219,2012-02-12,0.17879878269068228,1
61220,2012-02-12,0.5951974446565373,1
61221,2012-02-12,0.3469754160540571,1
61222,2012-02-12,0.17836824343033364,0
61223,2012-02-12,0.3821715586282809,1
61224,2012-02-12,0.23348556163269138,1
61225,2012-02-12,0.1812821100154683,0
61226,2012-02-12,0.15803275157650268,0
61227,2012-02-12,0.16305168734395242,0
61228,2012-02-12,0.2616627746988499,0
61229,2012-02-12,0.4898262905281146,1
61230,2012-02-12,0.2944336051044141,1
61231,2012-02-12,0.24772905005655405,0
61232,2012-02-12,0.21500244538460112,1
61233,2012-02-12,0.379744712653277,1
61234,2012-02-12,0.29235903472480584,1
61235,2012-02-12,0.1723583593942361,0
61236,2012-02-12,0.3319997891504781,1
61237,2012-02-12,0.2618566090596637,0
61238,2012-02-12,0.22332603992211789,0
61239,2012-02-12,0.1938715293608953,0
61240,2012-02-12,0.29378972994863045,0
61241,2012-02-12,0.17576089788252194,0
61242,2012-02-12,0.1456042181703242,0
61243,2012-02-12,0.3807407968960491,0
61244,2012-02-12,0.16008329634112567,0
61245,2012-02-12,0.2726763606741837,1
61246,2012-02-12,0.37316995586518176,1
61247,2012-02-12,0.14976916172898427,1
61248,2012-02-12,0.30752242842517513,1
61249,2012-02-12,0.26817384266736743,1
61250,2012-02-12,0.2818665875309488,1
61251,2012-02-12,0.26897469371764604,0
61252,2012-02-12,0.2360048424619448,0
61253,2012-02-12,0.3272765377535955,1
61254,2012-02-12,0.15286961198954777,1
61255,2012-02-12,0.4404013717306025,0
61256,2012-02-12,0.2546768595012838,0
61257,2012-02-12,0.5585295589059059,1
61258,2012-02-12,0.3399158365711975,1
61259,2012-02-12,0.17758481852672198,0
61260,2012-02-12,0.4041146554728945,1
61261,2012-02-12,0.1681738711482064,0
61262,2012-02-12,0.19089687718749224,0
61263,2012-02-12,0.17923481637954047,0
61264,2012-02-12,0.35339442742671695,1
61265,2012-02-12,0.5970940535084976,1
61266,2012-02-12,0.1934105736539013,1
61267,2012-02-12,0.5577318982457461,1
61268,2012-02-12,0.15783620151888395,1
61269,2012-02-12,0.14898223934614846,0
61270,2012-02-12,0.41411151284161485,1
61271,2012-02-12,0.3767365863841394,0
61272,2012-02-12,0.2232555024463475,0
61273,2012-02-12,0.39234589839610795,0
61274,2012-02-12,0.39779190579380436,1
61275,2012-02-12,0.2911770822384842,0
61276,2012-02-12,0.4592164303957463,0
61277,2012-02-12,0.5877156498542581,1
61278,2012-02-12,0.3764384354552456,0
61279,2012-02-12,0.1689847751985134,0
61280,2012-02-12,0.21570796502502892,0
61281,2012-02-12,0.37427634752259326,1
61282,2012-02-12,0.1219230628602012,0
61283,2012-02-12,0.2247740914021022,1
61284,2012-02-12,0.28342016504663203,0
61285,2012-02-12,0.2543259557924975,1
61286,2012-02-12,0.31035482407428655,0
61287,2012-02-12,0.3584974997818985,0
61288,2012-02-12,0.5047878048904182,1
61289,2012-02-12,0.2975310242227398,1
61290,2012-02-12,0.2516197797818125,1
61291,2012-02-12,0.21700435593589026,1
61292,2012-02-12,0.26933256186874754,1
61293,2012-02-12,0.3848260986354776,1
61294,2012-02-12,0.2697902646100377,0
61295,2012-02-12,0.12115949703255051,1
61296,2012-02-12,0.3427253144810275,0
61297,2012-02-12,0.36527634657537467,0
61298,2012-02-12,0.30002999637571653,0
61299,2012-02-12,0.4043172925282616,0
61300,2012-02-12,0.4971222549923512,0
61301,2012-02-12,0.15689927355684463,1
61302,2012-02-12,0.39143037699567446,0
61303,2012-02-12,0.30933703346096625,1
61304,2012-02-12,0.2378388964901065,0
61305,2012-02-12,0.37483512290292187,0
61306,2012-02-12,0.616291982244483,0
61307,2012-02-12,0.2942847618213095,0
61308,2012-02-12,0.2855446747801347,1
61309,2012-02-12,0.2594208233245025,0
61310,2012-02-12,0.4161102068016176,1
61311,2012-02-12,0.30533205574089173,1
61312,2012-02-12,0.33306092540945825,1
61313,2012-02-12,0.29238569884208765,0
61314,2012-02-12,0.2354656843762795,1
61315,2012-02-12,0.1806096229871912,0
61316,2012-02-12,0.17702152830591034,1
61317,2012-02-12,0.22268042601203822,1
61318,2012-02-12,0.5326115992029307,0
61319,2012-02-12,0.37889760747326,1
61320,2012-02-12,0.2435308959915387,0
61321,2012-02-12,0.2528879619269154,0
61322,2012-02-12,0.39667018442648916,0
61323,2012-02-12,0.3094902533447573,0
61324,2012-02-12,0.1614826393309921,0
61325,2012-02-12,0.15535938152761988,0
61326,2012-02-12,0.3544435872193516,0
61327,2012-02-12,0.315390114235373,0
61328,2012-02-12,0.14577089112191144,0
61329,2012-02-12,0.21926828664289144,1
61330,2012-02-12,0.30766176312789917,1
61331,2012-02-12,0.24484429671855795,0
61332,2012-02-12,0.3513793669489575,0
61333,2012-02-12,0.30475310545029327,1
61334,2012-02-12,0.17868848239071333,1
61335,2012-02-12,0.320960487949401,0
61336,2012-02-12,0.14793220160573456,1
61337,2012-02-12,0.3056269817670575,1
61338,2012-02-12,0.22832869050519422,1
61339,2012-02-12,0.3370161681853703,0
61340,2012-02-12,0.38146677135284324,0
61341,2012-02-12,0.2043576656677293,0
61342,2012-02-12,0.40779729169986284,0
61343,2012-02-12,0.357318503222431,1
61344,2012-02-12,0.2541472446755457,0
61345,2012-02-12,0.1748967715053727,1
61346,2012-02-12,0.4317830000799073,1
61347,2012-02-12,0.4613177342137086,1
61348,2012-02-12,0.3137148792868411,0
61349,2012-02-12,0.5662425389634551,1
61350,2012-02-12,0.19152443900331662,0
61351,2012-02-12,0.28269248190211943,1
61352,2012-02-12,0.2573346291719421,0
61353,2012-02-12,0.1890951769036187,0
61354,2012-02-12,0.11400893234966508,0
61355,2012-02-12,0.48077941902625565,0
61356,2012-02-12,0.4210481267708367,1
61357,2012-02-12,0.52220507317754,1
61358,2012-02-12,0.29813403605918054,0
61359,2012-02-12,0.2159414711239859,0
61360,2012-02-12,0.21222086727780695,1
61361,2012-02-12,0.2646013592863092,1
61362,2012-02-12,0.34461654651030654,0
61363,2012-02-12,0.11534629435185279,0
61364,2012-02-12,0.2704333640297657,0
61365,2012-02-12,0.20710172281776773,0
61366,2012-02-12,0.3733275541424145,0
61367,2012-02-12,0.39397987361364,1
61368,2012-02-12,0.6147687307053891,1
61369,2012-02-12,0.49541604730681627,0
61370,2012-02-12,0.30509770133457054,0
61371,2012-02-12,0.3552471566366971,1
61372,2012-02-12,0.19788039825197254,1
61373,2012-02-12,0.4804374272389251,1
61374,2012-02-12,0.19123219959125548,0
61375,2012-02-12,0.25142336887958244,1
61376,2012-02-12,0.2415415194916734,1
61377,2012-02-12,0.2316277051445057,0
61378,2012-02-12,0.3182258988844647,0
61379,2012-02-12,0.30033296727385367,1
61380,2012-02-12,0.1892357646458115,0
61381,2012-02-12,0.42857845313483056,1
61382,2012-02-12,0.3745343207927202,1
61383,2012-02-12,0.15642716125759124,1
61384,2012-02-12,0.27552327359718004,0
61385,2012-02-12,0.5152152132515636,0
61386,2012-02-12,0.2591233368358914,0
61387,2012-02-12,0.4267226716512814,1
61388,2012-02-12,0.3470182613654688,0
61389,2012-02-12,0.3239369244954116,0
61390,2012-02-12,0.3907878197391692,1
61391,2012-02-12,0.2889788141825914,0
61392,2012-02-12,0.21241854140513589,1
61393,2012-02-12,0.22612653325535859,0
61394,2012-02-12,0.24248763097292467,1
61395,2012-02-12,0.48511648231090193,1
61396,2012-02-12,0.3637464952416244,0
61397,2012-02-12,0.3051135450686381,1
61398,2012-02-12,0.3576962652806388,1
61399,2012-02-12,0.20318709128115772,1
61400,2012-02-12,0.17374392367371388,1
61401,2012-02-12,0.47766719183337514,0
61402,2012-02-12,0.2964449063740651,0
61403,2012-02-12,0.5255174791157894,1
61404,2012-02-12,0.1490964532319208,0
61405,2012-02-12,0.32086032784602997,1
61406,2012-02-12,0.33985811895845963,1
61407,2012-02-12,0.13394455504633768,0
61408,2012-02-12,0.2786778210776124,1
61409,2012-02-12,0.5205822267640707,0
61410,2012-02-12,0.32782683881557123,0
61411,2012-02-12,0.2216474133863935,1
61412,2012-02-12,0.2001053243841975,0
61413,2012-02-12,0.15750269301722036,0
61414,2012-02-12,0.18622432019078464,0
61415,2012-02-12,0.49946254768120496,1
61416,2012-02-12,0.37915722026718085,1
61417,2012-02-12,0.249478877220845,0
61418,2012-02-12,0.29594602912814644,0
61419,2012-02-12,0.33238850598346503,0
61420,2012-02-12,0.46643635302249276,0
61421,2012-02-12,0.31319449584192405,1
61422,2012-02-12,0.2943329429991615,0
61423,2012-02-12,0.5307261124517557,0
61424,2012-02-12,0.2819140293987727,1
61425,2012-02-12,0.25107602930510775,0
61426,2012-02-12,0.10204738933486408,0
61427,2012-02-12,0.2807095362528516,1
61428,2012-02-12,0.2944035666555914,1
61429,2012-02-12,0.3675210089505725,0
61430,2012-02-12,0.16955029500611724,1
61431,2012-02-12,0.3603132954033814,1
61432,2012-02-12,0.289456815209054,0
61433,2012-02-12,0.19966020799599693,1
61434,2012-02-12,0.10978559003834555,0
61435,2012-02-12,0.24290018818204076,0
61436,2012-02-12,0.11879366544856436,0
61437,2012-02-12,0.2042171336159782,0
61438,2012-02-12,0.40108158178210324,0
61439,2012-02-12,0.4184951365493479,0
61440,2012-02-12,0.2363292811227965,1
61441,2012-02-12,0.21022262927562016,0
61442,2012-02-12,0.33407342257773964,1
61443,2012-02-12,0.28453136417294767,0
61444,2012-02-12,0.24230706484137213,0
61445,2012-02-12,0.19544202727843685,0
61446,2012-02-12,0.5437772417664991,0
61447,2012-02-12,0.19976537166793218,0
61448,2012-02-12,0.26289927184823986,0
61449,2012-02-12,0.23995869835697886,0
61450,2012-02-12,0.2071164550222903,0
61451,2012-02-12,0.24350777972072127,1
61452,2012-02-12,0.2981509168133897,0
61453,2012-02-12,0.2683458335761251,0
61454,2012-02-12,0.5319188918204054,1
61455,2012-02-12,0.35827003604524943,0
61456,2012-02-12,0.3810261472870292,0
61457,2012-02-12,0.2945004340308734,0
61458,2012-02-12,0.31385626527913424,1
61459,2012-02-12,0.20570367070485845,1
61460,2012-02-12,0.3239422447646554,0
61461,2012-02-12,0.41475503086722815,1
61462,2012-02-12,0.3349700430110057,0
61463,2012-02-12,0.5491508515631639,1
61464,2012-02-12,0.20651311813890513,0
61465,2012-02-12,0.4960910039389616,1
61466,2012-02-12,0.20342652621550042,0
61467,2012-02-12,0.5133706070883814,1
61468,2012-02-12,0.19789508461999822,1
61469,2012-02-12,0.4712111321413684,0
61470,2012-02-12,0.25037394285693787,1
61471,2012-02-12,0.29713512246777646,0
61472,2012-02-12,0.47217795583271654,1
61473,2012-02-12,0.49118475219570384,0
61474,2012-02-12,0.41938755136961703,1
61475,2012-02-12,0.2543890026317221,0
61476,2012-02-12,0.4891485168490449,1
61477,2012-02-12,0.37910608154827935,0
61478,2012-02-12,0.5080506384264287,0
61479,2012-02-12,0.33101372958785275,0
61480,2012-02-12,0.46811641511517155,1
61481,2012-02-12,0.30872135460881256,1
61482,2012-02-12,0.4221714663005272,1
61483,2012-02-12,0.40055467457725297,1
61484,2012-02-12,0.2016594811641704,0
61485,2012-02-12,0.20282241651926636,1
61486,2012-02-12,0.1635099327716944,1
61487,2012-02-12,0.18314559854525483,1
61488,2012-02-12,0.33530488249831464,0
61489,2012-02-12,0.19782303036556503,0
61490,2012-02-12,0.42249395316709165,1
61491,2012-02-12,0.1547827386997659,0
61492,2012-02-12,0.3176323987553683,0
61493,2012-02-12,0.14267288329261923,1
61494,2012-02-12,0.45922942482974993,1
61495,2012-02-12,0.19867092849906548,1
61496,2012-02-12,0.14412492392128815,0
61497,2012-02-12,0.4448544219612894,0
61498,2012-02-12,0.28695851144693413,1
61499,2012-02-12,0.38893745984355427,0
61500,2012-02-12,0.2168469446641501,1
61501,2012-02-12,0.26931630638927034,0
61502,2012-02-12,0.3943212653811849,0
61503,2012-02-12,0.35311109023422654,1
61504,2012-02-12,0.20380298140470127,0
61505,2012-02-12,0.16418146156444885,0
61506,2012-02-12,0.20844836676231582,0
61507,2012-02-12,0.4423074760516445,0
61508,2012-02-12,0.2709560179654063,1
61509,2012-02-12,0.23922607373518953,0
61510,2012-02-12,0.29257387607764185,0
61511,2012-02-12,0.21200596007655198,0
61512,2012-02-12,0.22452905613330953,0
61513,2012-02-12,0.24965589049233297,1
61514,2012-02-12,0.19183822553702146,0
61515,2012-02-12,0.3469143644461717,0
61516,2012-02-12,0.3513827613939729,1
61517,2012-02-12,0.4264413594762711,0
61518,2012-02-12,0.3806468079591306,0
61519,2012-02-12,0.3640135378736327,0
61520,2012-02-12,0.17653737334819697,0
61521,2012-02-12,0.42442077871593226,0
61522,2012-02-12,0.37248768607941335,1
61523,2012-02-12,0.22174503975585946,1
61524,2012-02-12,0.33227003463666693,0
61525,2012-02-12,0.22454914820614277,0
61526,2012-02-12,0.16833657443475702,0
61527,2012-02-12,0.2209010407479702,0
61528,2012-02-12,0.3183315774685703,0
61529,2012-02-12,0.24876690847127625,0
61530,2012-02-12,0.12027229033119245,0
61531,2012-02-12,0.48787877896117404,1
61532,2012-02-12,0.2358272754898379,0
61533,2012-02-12,0.2628351034667751,0
61534,2012-02-12,0.5476317538140597,1
61535,2012-02-12,0.3502621926515509,1
61536,2012-02-12,0.21082905559211695,0
61537,2012-02-12,0.25400886318260846,0
61538,2012-02-12,0.358100347520773,1
61539,2012-02-12,0.40643684682569087,0
61540,2012-02-12,0.46979441154575546,1
61541,2012-02-12,0.19897266203484776,0
61542,2012-02-12,0.6276111055444923,0
61543,2012-02-12,0.3424501571622032,0
61544,2012-02-12,0.4077093672245473,0
61545,2012-02-12,0.2798045454538169,0
61546,2012-02-12,0.1316286073951903,0
61547,2012-02-12,0.44509696274159544,0
61548,2012-02-12,0.30823523094484506,1
61549,2012-02-12,0.17900527481315728,0
61550,2012-02-12,0.2713346183019558,0
61551,2012-02-12,0.1342226339222607,0
61552,2012-02-12,0.23945417413771075,0
61553,2012-02-12,0.24410558904185817,0
61554,2012-02-12,0.5432793803187984,0
61555,2012-02-12,0.15342304244605018,0
61556,2012-02-12,0.260549723280918,1
61557,2012-02-12,0.38806069322447395,1
61558,2012-02-12,0.21575578404693413,1
61559,2012-02-12,0.5533433746801436,1
61560,2012-02-12,0.17257754885433796,0
61561,2012-02-12,0.2438105762973357,0
61562,2012-02-12,0.25204515973831004,1
61563,2012-02-12,0.20595932828439906,0
61564,2012-02-12,0.5962148540061731,1
61565,2012-02-12,0.2046560250720765,0
61566,2012-02-12,0.4917466285547002,1
61567,2012-02-12,0.3084449876976922,1
61568,2012-02-12,0.38956082159965155,1
61569,2012-02-12,0.49120921165899073,1
61570,2012-02-12,0.17764999879915067,1
61571,2012-02-12,0.39046971073463527,0
61572,2012-02-12,0.6186589310575531,0
61573,2012-02-12,0.32184459474983157,0
61574,2012-02-12,0.17781043931251828,0
61575,2012-02-12,0.19446623599175258,0
61576,2012-02-12,0.3431881308201774,0
61577,2012-02-12,0.1711479396969171,0
61578,2012-02-12,0.4477662810224204,1
61579,2012-02-12,0.4545984570648745,0
61580,2012-02-12,0.28645740922552443,1
61581,2012-02-12,0.2769240301842073,0
61582,2012-02-12,0.5664295891698361,0
61583,2012-02-12,0.17486448322672887,1
61584,2012-02-12,0.39325415785315204,1
61585,2012-02-12,0.1554160360474235,1
61586,2012-02-12,0.29111781428843647,0
61587,2012-02-12,0.17478156226603345,0
61588,2012-02-12,0.4774244837259466,0
61589,2012-02-12,0.46022277154565217,1
61590,2012-02-12,0.547082217283552,1
61591,2012-02-12,0.16912045902375497,1
61592,2012-02-12,0.23782808639090366,1
61593,2012-02-12,0.3775725279718362,0
61594,2012-02-12,0.4724125514647061,1
61595,2012-02-12,0.16725333354340768,0
61596,2012-02-12,0.1674075196835771,0
61597,2012-02-12,0.1579330934823953,0
61598,2012-02-12,0.249999547215437,0
61599,2012-02-12,0.40008536398246014,1
61600,2012-02-12,0.4589374194970957,0
61601,2012-02-12,0.36097914083695903,1
61602,2012-02-12,0.6188025423608609,1
61603,2012-02-12,0.28074745135961066,0
61604,2012-02-12,0.42203120162137353,1
61605,2012-02-12,0.23253458266614005,1
61606,2012-02-12,0.12792801503712223,0
61607,2012-02-12,0.21307250703775815,0
61608,2012-02-12,0.455576385476936,0
61609,2012-02-12,0.4090441972991427,0
61610,2012-02-12,0.27246307159227856,0
61611,2012-02-12,0.18247594154440014,0
61612,2012-02-12,0.3018582951988593,1
61613,2012-02-12,0.45284313786071584,1
61614,2012-02-12,0.39258021204042753,1
61615,2012-02-12,0.27405664118423856,1
61616,2012-02-12,0.35487141379530024,0
61617,2012-02-12,0.32714784026316274,0
61618,2012-02-12,0.15638500380610992,0
61619,2012-02-12,0.3555577483861253,1
61620,2012-02-12,0.160321031498276,0
61621,2012-02-12,0.3647721107863205,0
61622,2012-02-12,0.3390428559390522,0
61623,2012-02-12,0.2144178471715885,1
61624,2012-02-12,0.1812871481125811,0
61625,2012-02-12,0.20994981727160536,0
61626,2012-02-12,0.3038233547983423,1
61627,2012-02-12,0.26101190970832,1
61628,2012-02-12,0.22051802845045035,1
61629,2012-02-13,0.3824124734952199,1
61630,2012-02-13,0.2527071880376896,0
61631,2012-02-13,0.16695999367615535,0
61632,2012-02-13,0.17945070317372575,0
61633,2012-02-13,0.4617840937550081,0
61634,2012-02-13,0.2181088069105693,0
61635,2012-02-13,0.3129168941825131,0
61636,2012-02-13,0.30425825851181554,0
61637,2012-02-13,0.15332246625735368,1
61638,2012-02-13,0.4212437207737458,1
61639,2012-02-13,0.3552822253363298,0
61640,2012-02-13,0.21585828157246603,1
61641,2012-02-13,0.2831920597294007,0
61642,2012-02-13,0.2789203832608147,0
61643,2012-02-13,0.500940295953831,1
61644,2012-02-13,0.29040891177934197,0
61645,2012-02-13,0.18919921000129228,0
61646,2012-02-13,0.13474468551106564,0
61647,2012-02-13,0.17100654733816045,0
61648,2012-02-13,0.13924875560793115,0
61649,2012-02-13,0.1587955539276523,0
61650,2012-02-13,0.2643571293607931,0
61651,2012-02-13,0.330958238990764,0
61652,2012-02-13,0.22847328589526533,0
61653,2012-02-13,0.30211015545827236,0
61654,2012-02-13,0.4014499819590098,0
61655,2012-02-13,0.14355823086555203,1
61656,2012-02-13,0.3362725130659517,0
61657,2012-02-13,0.37732747687501583,0
61658,2012-02-13,0.3892914035717881,0
61659,2012-02-13,0.2956975164458543,1
61660,2012-02-13,0.26369252541316246,0
61661,2012-02-13,0.11501136626563084,0
61662,2012-02-13,0.1570633530892082,0
61663,2012-02-13,0.26355753256824643,1
61664,2012-02-13,0.17611450144565094,1
61665,2012-02-13,0.21080466902339987,0
61666,2012-02-13,0.21940969565925605,0
61667,2012-02-13,0.21029709649069075,1
61668,2012-02-13,0.22709580207689617,0
61669,2012-02-13,0.27602975373691563,0
61670,2012-02-13,0.27716564741905053,0
61671,2012-02-13,0.4187109933755395,1
61672,2012-02-13,0.14615660918687384,1
61673,2012-02-13,0.3713624338951294,1
61674,2012-02-13,0.40392193361502937,1
61675,2012-02-13,0.21317994865956935,1
61676,2012-02-13,0.2513336333940948,1
61677,2012-02-13,0.4027429438334717,0
61678,2012-02-13,0.375986760317811,1
61679,2012-02-13,0.262347528013847,1
61680,2012-02-13,0.2506331845015155,0
61681,2012-02-13,0.31681302345024015,1
61682,2012-02-13,0.30676660065524836,0
61683,2012-02-13,0.34215623946460105,0
61684,2012-02-13,0.3013394171255819,1
61685,2012-02-13,0.1819101356450337,0
61686,2012-02-13,0.5827875327343021,0
61687,2012-02-13,0.20976873875969013,0
61688,2012-02-13,0.4372224353492265,0
61689,2012-02-13,0.35142312494532574,1
61690,2012-02-13,0.2987258169832746,0
61691,2012-02-13,0.3993640064310192,0
61692,2012-02-13,0.3873268576904086,0
61693,2012-02-13,0.3153849597322531,0
61694,2012-02-13,0.32284804913609594,0
61695,2012-02-13,0.434363947384202,0
61696,2012-02-13,0.27813746718838467,0
61697,2012-02-13,0.22736803836644814,0
61698,2012-02-13,0.14861835514998856,1
61699,2012-02-13,0.350812905720343,0
61700,2012-02-13,0.23347566605101516,0
61701,2012-02-13,0.39209994117858116,0
61702,2012-02-13,0.2698369506743214,1
61703,2012-02-13,0.4701720403872774,1
61704,2012-02-13,0.2600734460711434,0
61705,2012-02-13,0.6065274162252701,1
61706,2012-02-13,0.27969279388378165,0
61707,2012-02-13,0.49378607561354165,1
61708,2012-02-13,0.27472286561686166,0
61709,2012-02-13,0.296246285370248,0
61710,2012-02-13,0.1348998044904327,0
61711,2012-02-13,0.3542373481062687,1
61712,2012-02-13,0.3580125060781405,1
61713,2012-02-13,0.45211364127328657,1
61714,2012-02-13,0.33109770965361723,0
61715,2012-02-13,0.39714393085452654,1
61716,2012-02-13,0.39979715397837534,1
61717,2012-02-13,0.1513250004588047,0
61718,2012-02-13,0.2154916099077921,1
61719,2012-02-13,0.18771768059619862,1
61720,2012-02-13,0.3936315256102812,1
61721,2012-02-13,0.2158753302683781,0
61722,2012-02-13,0.45432431137158696,0
61723,2012-02-13,0.2797329059100149,1
61724,2012-02-13,0.12078992196302299,0
61725,2012-02-13,0.18563597466274143,1
61726,2012-02-13,0.45604850537656677,1
61727,2012-02-13,0.1961500335728011,1
61728,2012-02-13,0.25302322849701053,0
61729,2012-02-13,0.2599459843776603,1
61730,2012-02-13,0.23686180104619795,0
61731,2012-02-13,0.28329452430709495,1
61732,2012-02-13,0.3212496074760201,1
61733,2012-02-13,0.4208219599661696,0
61734,2012-02-13,0.4038251249543519,1
61735,2012-02-13,0.35491223033026187,0
61736,2012-02-13,0.10255250936814296,0
61737,2012-02-13,0.2267402618923379,0
61738,2012-02-13,0.29680241076859115,1
61739,2012-02-13,0.27194468291625756,0
61740,2012-02-13,0.43617081076202374,1
61741,2012-02-13,0.3584673853379139,1
61742,2012-02-13,0.142720388477579,0
61743,2012-02-13,0.21463238138356167,1
61744,2012-02-13,0.38104677685621974,1
61745,2012-02-13,0.19676029546425688,0
61746,2012-02-13,0.4008003331690924,0
61747,2012-02-13,0.30199855990133784,0
61748,2012-02-13,0.47751392064929654,1
61749,2012-02-13,0.32291186969766167,0
61750,2012-02-13,0.25767120614389416,0
61751,2012-02-13,0.44762996635591545,0
61752,2012-02-13,0.4853625819735637,1
61753,2012-02-13,0.43857414862447874,1
61754,2012-02-13,0.4297596206688501,1
61755,2012-02-13,0.5616746780779074,1
61756,2012-02-13,0.34264519534809573,1
61757,2012-02-13,0.6157116784693184,1
61758,2012-02-13,0.31569300078616763,0
61759,2012-02-13,0.49194878671131365,0
61760,2012-02-13,0.4399626483941503,1
61761,2012-02-13,0.23665753717705185,0
61762,2012-02-13,0.42294764342927377,1
61763,2012-02-13,0.28298180102268394,1
61764,2012-02-13,0.14352613778039558,0
61765,2012-02-13,0.1552712266289059,0
61766,2012-02-13,0.3908690990548333,0
61767,2012-02-13,0.19982313991261913,0
61768,2012-02-13,0.1919905253739103,0
61769,2012-02-13,0.24488269319684214,0
61770,2012-02-13,0.37216547229055585,0
61771,2012-02-13,0.316003881100335,1
61772,2012-02-13,0.5041966355428507,0
61773,2012-02-13,0.21073600098148,0
61774,2012-02-13,0.361679167894828,1
61775,2012-02-13,0.5057297850713492,1
61776,2012-02-13,0.22800603203969333,0
61777,2012-02-13,0.5260469509552976,0
61778,2012-02-13,0.19469514354450526,0
61779,2012-02-13,0.33221039231024546,0
61780,2012-02-13,0.3989131351600736,1
61781,2012-02-13,0.2671665537147534,0
61782,2012-02-13,0.17229183764327105,0
61783,2012-02-13,0.4104360340105281,0
61784,2012-02-13,0.26177397165402577,0
61785,2012-02-13,0.224790123305766,0
61786,2012-02-13,0.2619513911365857,0
61787,2012-02-13,0.41521862801543513,0
61788,2012-02-13,0.2125805943497674,0
61789,2012-02-13,0.23934260806293423,1
61790,2012-02-13,0.3556019210703962,1
61791,2012-02-13,0.1695641899149952,1
61792,2012-02-13,0.36332786325717525,1
61793,2012-02-13,0.5450810294415764,1
61794,2012-02-13,0.48837308698649257,1
61795,2012-02-13,0.2551543333044756,0
61796,2012-02-13,0.4119886538973995,0
61797,2012-02-13,0.28510080458525905,0
61798,2012-02-13,0.3162067500570743,0
61799,2012-02-13,0.19261836805357618,0
61800,2012-02-13,0.26340796163804003,0
61801,2012-02-13,0.14089808825669498,0
61802,2012-02-13,0.427653031466114,1
61803,2012-02-13,0.14596568932719994,0
61804,2012-02-13,0.4128015595987313,0
61805,2012-02-13,0.23645239774479052,0
61806,2012-02-13,0.41308373961429073,0
61807,2012-02-13,0.322803810012967,0
61808,2012-02-13,0.20869723691825456,0
61809,2012-02-13,0.2920585573900855,1
61810,2012-02-13,0.1658923734741432,0
61811,2012-02-13,0.14378876643930935,1
61812,2012-02-13,0.1936061531551103,0
61813,2012-02-13,0.2304609896647543,1
61814,2012-02-13,0.4421107373187128,1
61815,2012-02-13,0.21131312661012325,1
61816,2012-02-13,0.3742946759204987,0
61817,2012-02-13,0.19171308153008795,0
61818,2012-02-13,0.38224777728753057,1
61819,2012-02-13,0.37049332332877144,0
61820,2012-02-13,0.56631783359101,1
61821,2012-02-13,0.20423441102099585,0
61822,2012-02-13,0.2559132710067778,0
61823,2012-02-13,0.3391076062030883,0
61824,2012-02-13,0.2945471094817533,1
61825,2012-02-13,0.36534254150573275,0
61826,2012-02-13,0.2526092317186091,0
61827,2012-02-13,0.23773041154613694,0
61828,2012-02-13,0.18594893680449562,0
61829,2012-02-13,0.18984622604955131,0
61830,2012-02-13,0.24889062171265133,0
61831,2012-02-13,0.3835290718428587,1
61832,2012-02-13,0.36472977541149176,1
61833,2012-02-13,0.4395794648593477,0
61834,2012-02-13,0.17862613122780896,0
61835,2012-02-13,0.3556852186242086,0
61836,2012-02-13,0.4285158747330862,1
61837,2012-02-13,0.3834981857089342,0
61838,2012-02-13,0.4140435351990433,0
61839,2012-02-13,0.30504819336096217,0
61840,2012-02-13,0.31368350932442574,0
61841,2012-02-13,0.25713233960568826,1
61842,2012-02-13,0.4198339108904418,1
61843,2012-02-13,0.12447707966269556,0
61844,2012-02-13,0.31019761043528177,1
61845,2012-02-13,0.3387047075084776,0
61846,2012-02-13,0.1266052328632372,1
61847,2012-02-13,0.24077994560560595,0
61848,2012-02-13,0.332254108659897,1
61849,2012-02-13,0.1807742561079318,0
61850,2012-02-13,0.2710424978358275,0
61851,2012-02-13,0.25534589075136754,1
61852,2012-02-13,0.1670257074639538,0
61853,2012-02-13,0.5130202398493073,1
61854,2012-02-13,0.1564479035465805,0
61855,2012-02-13,0.34342894652798334,0
61856,2012-02-13,0.5127619639563274,0
61857,2012-02-13,0.1784493354831915,0
61858,2012-02-13,0.3997633030156925,0
61859,2012-02-13,0.20497502095850473,1
61860,2012-02-13,0.21720184393687617,0
61861,2012-02-13,0.4113637928311742,0
61862,2012-02-13,0.30873761266013827,0
61863,2012-02-13,0.352875094275689,0
61864,2012-02-13,0.22193183446790096,1
61865,2012-02-13,0.17817294311305315,0
61866,2012-02-13,0.4098340725912055,0
61867,2012-02-13,0.14357359009435178,0
61868,2012-02-13,0.3364531744059062,1
61869,2012-02-13,0.33594604475557194,0
61870,2012-02-13,0.22696993612786234,0
61871,2012-02-13,0.19494873279778538,1
61872,2012-02-13,0.32481396070626894,1
61873,2012-02-13,0.27179678560153764,0
61874,2012-02-13,0.21955742160714356,0
61875,2012-02-13,0.44299664795436355,0
61876,2012-02-13,0.2492057118458986,0
61877,2012-02-13,0.24433394466362754,0
61878,2012-02-13,0.5667180179913993,1
61879,2012-02-13,0.1252948764023015,0
61880,2012-02-13,0.5015735029983533,1
61881,2012-02-13,0.19591774401085857,0
61882,2012-02-13,0.21045012558393067,0
61883,2012-02-13,0.23168013573091956,0
61884,2012-02-13,0.1099939243454294,0
61885,2012-02-13,0.34285645995394737,0
61886,2012-02-13,0.1742770709372064,1
61887,2012-02-13,0.24381077418681502,1
61888,2012-02-13,0.4714347313397147,1
61889,2012-02-13,0.3722918279134146,0
61890,2012-02-13,0.1270423340908184,0
61891,2012-02-13,0.3054408008944299,1
61892,2012-02-13,0.4713601732252573,1
61893,2012-02-13,0.12466611726390457,0
61894,2012-02-13,0.3513696437521242,0
61895,2012-02-13,0.394362228134781,0
61896,2012-02-13,0.3677054605719831,1
61897,2012-02-13,0.39909706025805297,1
61898,2012-02-13,0.3120922231351799,1
61899,2012-02-13,0.421168040564965,1
61900,2012-02-13,0.19245827820896755,0
61901,2012-02-13,0.37760416710910527,0
61902,2012-02-13,0.18923282012365072,0
61903,2012-02-13,0.3857295895696899,1
61904,2012-02-13,0.4644163937449583,0
61905,2012-02-13,0.5029508790798776,0
61906,2012-02-13,0.27452809761966196,1
61907,2012-02-13,0.23047554743473814,0
61908,2012-02-13,0.35567178499205815,0
61909,2012-02-13,0.24892010270587725,0
61910,2012-02-13,0.17339382936784578,0
61911,2012-02-13,0.20540305075612694,0
61912,2012-02-13,0.18036863508867682,0
61913,2012-02-13,0.18401459312059718,0
61914,2012-02-13,0.324065148362895,0
61915,2012-02-13,0.4673491388917269,1
61916,2012-02-13,0.4446095493042605,1
61917,2012-02-13,0.27682963725105353,0
61918,2012-02-13,0.2799979118166332,0
61919,2012-02-13,0.2541938713181358,0
61920,2012-02-13,0.643267516576336,0
61921,2012-02-13,0.2243692785723918,0
61922,2012-02-13,0.2574970748991465,1
61923,2012-02-13,0.33205619022506355,0
61924,2012-02-13,0.1701553641783679,1
61925,2012-02-13,0.2603593868357249,0
61926,2012-02-13,0.17595845264770374,1
61927,2012-02-13,0.4187109933755395,1
61928,2012-02-13,0.17646646407026348,0
61929,2012-02-13,0.42037198327917996,1
61930,2012-02-13,0.24158385689759454,0
61931,2012-02-13,0.1492128955942511,0
61932,2012-02-13,0.2799366610944671,0
61933,2012-02-13,0.42512751644121766,1
61934,2012-02-13,0.2815276690416241,0
61935,2012-02-13,0.26101716853923335,1
61936,2012-02-13,0.3384764055774161,0
61937,2012-02-13,0.33610518966617703,0
61938,2012-02-13,0.14734758327301814,0
61939,2012-02-13,0.15316641651295634,0
61940,2012-02-13,0.36097975624294015,1
61941,2012-02-13,0.4210143246040915,0
61942,2012-02-13,0.2877729609277814,0
61943,2012-02-13,0.2107669410045745,0
61944,2012-02-13,0.4682623143974804,0
61945,2012-02-13,0.17940076707021096,1
61946,2012-02-13,0.42083284840733837,0
61947,2012-02-13,0.2240887444367809,0
61948,2012-02-13,0.5178016766393475,0
61949,2012-02-13,0.13940111444261416,0
61950,2012-02-13,0.5909341893530736,1
61951,2012-02-13,0.3222505854830282,1
61952,2012-02-13,0.6663190864075411,1
61953,2012-02-13,0.10091489130143894,1
61954,2012-02-13,0.31149323173536675,0
61955,2012-02-13,0.14438703222430327,0
61956,2012-02-13,0.2698764179795175,1
61957,2012-02-13,0.21823794555736353,1
61958,2012-02-13,0.11954839943795581,0
61959,2012-02-13,0.313415021967496,0
61960,2012-02-13,0.3288129806904331,1
61961,2012-02-13,0.32058147780270463,1
61962,2012-02-13,0.5599406036354987,1
61963,2012-02-13,0.2594343586464521,1
61964,2012-02-13,0.2078477101406757,0
61965,2012-02-13,0.17645299662400307,0
61966,2012-02-13,0.28430186276635205,1
61967,2012-02-13,0.31109855178879936,0
61968,2012-02-13,0.43610310780096,0
61969,2012-02-13,0.402829043806769,1
61970,2012-02-13,0.271321469442691,1
61971,2012-02-13,0.5452486044382299,0
61972,2012-02-13,0.37974501595359506,0
61973,2012-02-13,0.2804019751565309,0
61974,2012-02-13,0.38666056592089515,0
61975,2012-02-13,0.43077915629713415,0
61976,2012-02-13,0.3730431144995792,1
61977,2012-02-13,0.22680212217198803,0
61978,2012-02-13,0.3782155343895485,1
61979,2012-02-13,0.22538972038262017,0
61980,2012-02-13,0.28362148249922653,1
61981,2012-02-13,0.26171208231998067,0
61982,2012-02-13,0.2682335088467236,1
61983,2012-02-13,0.2523208126069003,0
61984,2012-02-13,0.2007556218167461,1
61985,2012-02-13,0.3282047565815696,1
61986,2012-02-13,0.31317913708738343,0
61987,2012-02-13,0.36519966735845266,1
61988,2012-02-13,0.23594167137503666,0
61989,2012-02-13,0.2828702455402305,0
61990,2012-02-13,0.27822730124121825,0
61991,2012-02-13,0.5288324353722961,1
61992,2012-02-13,0.4033860807912383,1
61993,2012-02-13,0.26535123262312116,1
61994,2012-02-13,0.3256248071298558,0
61995,2012-02-13,0.48158774180719066,0
61996,2012-02-13,0.2766648735618873,0
61997,2012-02-13,0.1821528243610569,0
61998,2012-02-13,0.1351423044021073,0
61999,2012-02-13,0.31380046213480134,1
62000,2012-02-13,0.19468915768688075,0
62001,2012-02-13,0.3787465910489183,0
62002,2012-02-13,0.5514160438724376,1
62003,2012-02-13,0.30678030564331,0
62004,2012-02-13,0.20649114257390808,0
62005,2012-02-13,0.4184516333123237,1
62006,2012-02-13,0.5464694976928111,1
62007,2012-02-13,0.30869601050417517,0
62008,2012-02-13,0.4885776763148753,0
62009,2012-02-13,0.42586730879717766,0
62010,2012-02-13,0.6062213267965932,1
62011,2012-02-13,0.3279137455446249,0
62012,2012-02-13,0.30846201447409266,0
62013,2012-02-13,0.5468610993384166,0
62014,2012-02-13,0.1490334419443374,0
62015,2012-02-13,0.13414441178990394,0
62016,2012-02-13,0.16643858030446876,0
62017,2012-02-13,0.3241524682258319,1
62018,2012-02-13,0.2059150822580477,0
62019,2012-02-13,0.2798020123486491,1
62020,2012-02-13,0.19827867368670474,1
62021,2012-02-13,0.18811503964020085,0
62022,2012-02-13,0.3299260013640946,1
62023,2012-02-13,0.34593229520768903,0
62024,2012-02-13,0.3251192627146441,0
62025,2012-02-13,0.3798679977006884,1
62026,2012-02-13,0.3209994397970226,1
62027,2012-02-13,0.14837010604179224,0
62028,2012-02-13,0.24225710084994134,0
62029,2012-02-13,0.5902785467310259,0
62030,2012-02-13,0.26463208533720656,0
62031,2012-02-13,0.25182476596700587,0
62032,2012-02-13,0.17245370407036098,0
62033,2012-02-13,0.24845010603618825,0
62034,2012-02-13,0.35689651235153147,1
62035,2012-02-13,0.34942327050008287,1
62036,2012-02-13,0.34641829402709495,0
62037,2012-02-13,0.25786463099099566,0
62038,2012-02-13,0.14429772866064816,1
62039,2012-02-13,0.1662195372347951,0
62040,2012-02-13,0.443508282280482,1
62041,2012-02-13,0.42362445159846074,0
62042,2012-02-13,0.3107159502246608,0
62043,2012-02-13,0.1624421654208611,1
62044,2012-02-13,0.1890210221024507,1
62045,2012-02-13,0.3445688789306421,0
62046,2012-02-13,0.18770044171727004,1
62047,2012-02-13,0.5092254909739448,1
62048,2012-02-13,0.4718343663819012,1
62049,2012-02-13,0.32197316584568353,1
62050,2012-02-13,0.16574839658244092,0
62051,2012-02-13,0.3517757864031535,0
62052,2012-02-13,0.24422362890967303,1
62053,2012-02-13,0.3951764042204938,1
62054,2012-02-13,0.5841826566771984,0
62055,2012-02-13,0.240666244304666,1
62056,2012-02-13,0.14290956184255324,0
62057,2012-02-13,0.2935150343161938,0
62058,2012-02-13,0.5609599542870135,1
62059,2012-02-13,0.42228879115302875,1
62060,2012-02-13,0.25519651364709417,1
62061,2012-02-13,0.335070901249988,1
62062,2012-02-13,0.19907751036223303,0
62063,2012-02-13,0.10835702236633091,0
62064,2012-02-13,0.3405128846498386,1
62065,2012-02-13,0.33116584393955656,0
62066,2012-02-13,0.2535117280520208,0
62067,2012-02-13,0.19889773358011828,0
62068,2012-02-13,0.33919046674602094,0
62069,2012-02-13,0.14437992994776705,0
62070,2012-02-13,0.5495410158758673,1
62071,2012-02-13,0.1936845244876333,0
62072,2012-02-13,0.42486456773768705,1
62073,2012-02-13,0.34908943078214527,0
62074,2012-02-13,0.5084252398932133,0
62075,2012-02-13,0.1954414093363083,0
62076,2012-02-13,0.24176119856135797,0
62077,2012-02-13,0.25445756792057495,0
62078,2012-02-13,0.28790890166747257,0
62079,2012-02-13,0.14279287666826815,1
62080,2012-02-13,0.1426295846302558,1
62081,2012-02-13,0.1705590732204413,0
62082,2012-02-13,0.4620351995901862,0
62083,2012-02-13,0.31518602857986083,0
62084,2012-02-13,0.29861404347133486,1
62085,2012-02-13,0.21898064597016645,0
62086,2012-02-13,0.258677162874107,1
62087,2012-02-13,0.2299585674157296,1
62088,2012-02-13,0.19959509497572278,0
62089,2012-02-13,0.5871414903859824,1
62090,2012-02-13,0.15871494487495497,0
62091,2012-02-13,0.502597948923747,0
62092,2012-02-13,0.29529141951400795,1
62093,2012-02-13,0.13775309659108512,0
62094,2012-02-13,0.20309418795164505,0
62095,2012-02-13,0.2748789267575688,1
62096,2012-02-13,0.21493320858125786,1
62097,2012-02-13,0.20009848183044335,0
62098,2012-02-13,0.2854380481451407,1
62099,2012-02-13,0.3581028555641723,0
62100,2012-02-13,0.235341205512486,1
62101,2012-02-13,0.2216245293149298,1
62102,2012-02-13,0.12316408269549273,0
62103,2012-02-13,0.5296775051382211,1
62104,2012-02-13,0.3089072732779396,0
62105,2012-02-13,0.6015081062078244,0
62106,2012-02-13,0.2995368783466133,1
62107,2012-02-13,0.2974641581208703,0
62108,2012-02-13,0.17885106846569598,0
62109,2012-02-13,0.37157524666038816,0
62110,2012-02-13,0.36874788737287917,1
62111,2012-02-13,0.40066435790077126,1
62112,2012-02-13,0.578526515722507,0
62113,2012-02-13,0.469169507934874,1
62114,2012-02-13,0.3761216125569785,0
62115,2012-02-13,0.23670285847999076,1
62116,2012-02-13,0.36731609903215706,1
62117,2012-02-13,0.3261533527977406,0
62118,2012-02-13,0.2903328058076202,0
62119,2012-02-13,0.26608184933839807,0
62120,2012-02-13,0.14291364770555068,0
62121,2012-02-13,0.23787251666531545,1
62122,2012-02-13,0.29982153137241496,0
62123,2012-02-13,0.2729613960059018,1
62124,2012-02-13,0.21223353852820473,0
62125,2012-02-13,0.45537358567388025,1
62126,2012-02-13,0.5612252335798078,0
62127,2012-02-13,0.1566376772268928,1
62128,2012-02-13,0.2058049052074996,0
62129,2012-02-13,0.4271476688716726,0
62130,2012-02-13,0.5573717955153125,1
62131,2012-02-13,0.2521296888499188,1
62132,2012-02-13,0.30137837100076,0
62133,2012-02-13,0.13414441178990394,0
62134,2012-02-13,0.391588135120063,0
62135,2012-02-13,0.31928091684153065,1
62136,2012-02-13,0.24250549186921624,0
62137,2012-02-13,0.17925203316898444,0
62138,2012-02-13,0.20887881548384143,1
62139,2012-02-13,0.28690643491288575,0
62140,2012-02-13,0.5012413030309445,1
62141,2012-02-13,0.32433184274163845,1
62142,2012-02-13,0.3661104587767215,1
62143,2012-02-13,0.5588595390378889,1
62144,2012-02-13,0.22243496788581607,0
62145,2012-02-13,0.2685728533772012,0
62146,2012-02-13,0.3084701864565958,0
62147,2012-02-13,0.33766537972767335,0
62148,2012-02-13,0.20246666399460975,1
62149,2012-02-13,0.21134304879328042,1
62150,2012-02-13,0.44244621875995505,0
62151,2012-02-13,0.6026873145667107,1
62152,2012-02-13,0.1484498518355635,0
62153,2012-02-13,0.2111558147513347,1
62154,2012-02-13,0.2388663762858277,0
62155,2012-02-13,0.11983984482652592,0
62156,2012-02-13,0.20888353672557214,0
62157,2012-02-13,0.36679956081605025,0
62158,2012-02-13,0.21179339418455018,0
62159,2012-02-13,0.4975052364662344,1
62160,2012-02-13,0.27306599388368397,0
62161,2012-02-13,0.252144129777044,0
62162,2012-02-13,0.5101938605327433,0
62163,2012-02-13,0.18240578218027695,1
62164,2012-02-13,0.6600559927765672,0
62165,2012-02-13,0.20976052012778051,1
62166,2012-02-13,0.21300675130378974,1
62167,2012-02-13,0.21926011520749225,0
62168,2012-02-13,0.4511932746539398,1
62169,2012-02-13,0.27847160312536734,0
62170,2012-02-13,0.35009157214454634,0
62171,2012-02-13,0.5862681205059982,0
62172,2012-02-13,0.23080483071176963,0
62173,2012-02-13,0.23739822635066035,1
62174,2012-02-13,0.21357742034749005,0
62175,2012-02-13,0.27279710870426543,0
62176,2012-02-13,0.5498318992796939,0
62177,2012-02-13,0.39561878981823206,1
62178,2012-02-13,0.2255792284434849,0
62179,2012-02-13,0.18397678304684584,1
62180,2012-02-13,0.1482675711360817,1
62181,2012-02-13,0.39749246060059745,1
62182,2012-02-13,0.4022689613232449,0
62183,2012-02-13,0.3365688671210053,0
62184,2012-02-13,0.2830563582178214,0
62185,2012-02-13,0.17402116017110353,1
62186,2012-02-13,0.29600469058128936,1
62187,2012-02-13,0.1754152404778629,1
62188,2012-02-13,0.3686566657686533,0
62189,2012-02-13,0.6014543679314488,1
62190,2012-02-13,0.18229887044903506,0
62191,2012-02-13,0.21174224991256252,1
62192,2012-02-13,0.3985526705017137,0
62193,2012-02-13,0.40946637992660206,0
62194,2012-02-13,0.48164969899274257,1
62195,2012-02-13,0.4191382435038298,1
62196,2012-02-13,0.2107695183701569,0
62197,2012-02-13,0.32368506676740366,1
62198,2012-02-13,0.30418569776141546,0
62199,2012-02-13,0.19256488476452538,0
62200,2012-02-13,0.18816128741261368,0
62201,2012-02-13,0.30175163197318766,0
62202,2012-02-13,0.35823023360064943,1
62203,2012-02-13,0.19360522977712313,0
62204,2012-02-13,0.22617858011993053,0
62205,2012-02-13,0.406700634037603,0
62206,2012-02-13,0.22680337298225617,1
62207,2012-02-13,0.250821539920221,0
62208,2012-02-13,0.268755489097955,0
62209,2012-02-13,0.3154778832415293,0
62210,2012-02-13,0.3372028627155735,1
62211,2012-02-13,0.20893528061575037,1
62212,2012-02-13,0.44645492901977113,1
62213,2012-02-13,0.27067031115111856,0
62214,2012-02-13,0.21885823043033523,0
62215,2012-02-13,0.2764766194326256,1
62216,2012-02-13,0.12361908747426296,0
62217,2012-02-13,0.47119258966678257,0
62218,2012-02-13,0.18626486721091937,0
62219,2012-02-13,0.14356027998924148,1
62220,2012-02-13,0.36817820930085265,0
62221,2012-02-13,0.28915184831727253,1
62222,2012-02-13,0.1990512151150173,0
62223,2012-02-13,0.41705313546490863,1
62224,2012-02-13,0.32582851590876366,1
62225,2012-02-13,0.5663159123272276,0
62226,2012-02-13,0.29361198765922913,0
62227,2012-02-13,0.16255047546472443,0
62228,2012-02-13,0.518358415871913,0
62229,2012-02-13,0.4770012650766287,1
62230,2012-02-13,0.3231679748718257,1
62231,2012-02-13,0.23249301394237407,1
62232,2012-02-13,0.2396932444448519,0
62233,2012-02-13,0.38195277616077783,0
62234,2012-02-13,0.2864851013653832,1
62235,2012-02-13,0.2891263273334205,0
62236,2012-02-13,0.23372836620721554,1
62237,2012-02-13,0.23773558175292095,0
62238,2012-02-13,0.22654065829485545,0
62239,2012-02-13,0.22787046258015523,0
62240,2012-02-13,0.480728821782635,1
62241,2012-02-13,0.2685412639877591,1
62242,2012-02-13,0.5848622274073291,0
62243,2012-02-13,0.2640747681280779,0
62244,2012-02-13,0.17119803865058347,1
62245,2012-02-13,0.18574966777151367,0
62246,2012-02-13,0.37789190461361843,0
62247,2012-02-13,0.39960515740360636,1
62248,2012-02-13,0.4268699057631406,0
62249,2012-02-13,0.30834029896516324,0
62250,2012-02-13,0.1753080989757496,0
62251,2012-02-13,0.22231299089995057,0
62252,2012-02-13,0.1530760195134825,0
62253,2012-02-13,0.4721912271270163,1
62254,2012-02-13,0.3020714103795959,0
62255,2012-02-13,0.5092526859118022,1
62256,2012-02-13,0.30892506304332074,0
62257,2012-02-13,0.23070978209844725,1
62258,2012-02-13,0.34172182558459385,1
62259,2012-02-13,0.5010036927682406,1
62260,2012-02-13,0.1606899513526725,0
62261,2012-02-13,0.26277981869929345,0
62262,2012-02-13,0.28130172701730655,0
62263,2012-02-13,0.2718132116058089,0
62264,2012-02-13,0.40424004054910767,1
62265,2012-02-13,0.1582664258206259,1
62266,2012-02-13,0.4387021291088789,0
62267,2012-02-13,0.43590144084050636,1
62268,2012-02-13,0.26897495950840394,0
62269,2012-02-13,0.429429810173782,1
62270,2012-02-13,0.14582121762498226,1
62271,2012-02-13,0.14922622140454503,1
62272,2012-02-13,0.2185587008749104,0
62273,2012-02-13,0.20847626237468733,0
62274,2012-02-13,0.2749426004709968,0
62275,2012-02-13,0.6571084452643049,1
62276,2012-02-13,0.4709603647547856,1
62277,2012-02-13,0.3218916902064543,0
62278,2012-02-13,0.5704043518028257,1
62279,2012-02-13,0.5552685650201696,1
62280,2012-02-13,0.4197922145730627,0
62281,2012-02-13,0.3745982825337878,0
62282,2012-02-13,0.3234760455729497,1
62283,2012-02-13,0.31271849043492056,0
62284,2012-02-13,0.3555048881953718,0
62285,2012-02-13,0.20275718248536964,0
62286,2012-02-13,0.32884729719743117,1
62287,2012-02-13,0.2608429995687524,0
62288,2012-02-13,0.3164099642189904,1
62289,2012-02-13,0.2579159309527204,1
62290,2012-02-13,0.3042409747697097,0
62291,2012-02-13,0.20581590195652913,1
62292,2012-02-13,0.18196460281839788,0
62293,2012-02-13,0.28354780926679773,1
62294,2012-02-13,0.4305774162770001,0
62295,2012-02-13,0.2577146175532877,0
62296,2012-02-13,0.43998144691608704,0
62297,2012-02-13,0.5800963211340378,0
62298,2012-02-13,0.6343318244641388,1
62299,2012-02-13,0.5819043514119836,1
62300,2012-02-13,0.3071848498830726,1
62301,2012-02-13,0.2208184826197447,0
62302,2012-02-13,0.2876555637303678,0
62303,2012-02-13,0.3226307794605145,0
62304,2012-02-13,0.38902781187587954,1
62305,2012-02-13,0.4503868780937547,0
62306,2012-02-13,0.3240235075981943,0
62307,2012-02-13,0.19004332809890687,0
62308,2012-02-13,0.48667381706129526,1
62309,2012-02-13,0.4183924574794194,0
62310,2012-02-13,0.1985172073694982,1
62311,2012-02-13,0.36892775936159594,1
62312,2012-02-13,0.15043215298226562,0
62313,2012-02-13,0.2174783778641498,0
62314,2012-02-13,0.15646961382590366,0
62315,2012-02-13,0.3603812435830498,0
62316,2012-02-13,0.6236698367821845,1
62317,2012-02-13,0.22474194540172998,1
62318,2012-02-13,0.18233200973777217,0
62319,2012-02-13,0.3043653240650455,0
62320,2012-02-13,0.33151055009050096,0
62321,2012-02-13,0.2486842213417091,0
62322,2012-02-13,0.1783874295970625,0
62323,2012-02-13,0.2587027815399973,0
62324,2012-02-13,0.49347715732466624,1
62325,2012-02-13,0.22525167719389722,1
62326,2012-02-13,0.3418183811941442,1
62327,2012-02-13,0.34862369063451676,1
62328,2012-02-13,0.40207219341730815,0
62329,2012-02-13,0.17099908671479297,0
62330,2012-02-13,0.33149168281556396,1
62331,2012-02-13,0.48283991347412125,1
62332,2012-02-13,0.40081392384269576,0
62333,2012-02-13,0.19004965799104379,0
62334,2012-02-13,0.22811728358895542,1
62335,2012-02-13,0.29681623376361976,0
62336,2012-02-13,0.20003248010368774,1
62337,2012-02-13,0.15057028039695808,1
62338,2012-02-13,0.2766485702342991,1
62339,2012-02-13,0.17730470895931483,0
62340,2012-02-13,0.30491722884763744,0
62341,2012-02-13,0.41985978581091393,0
62342,2012-02-13,0.2759208991244521,0
62343,2012-02-13,0.3710321358923957,1
62344,2012-02-13,0.303224505283969,1
62345,2012-02-13,0.31856434048764287,1
62346,2012-02-13,0.5884339718734478,1
62347,2012-02-13,0.3150598671506923,1
62348,2012-02-13,0.377152231443292,0
62349,2012-02-13,0.3468037545497739,0
62350,2012-02-13,0.2266977774916988,0
62351,2012-02-13,0.35598815070463247,0
62352,2012-02-13,0.22347621619959726,0
62353,2012-02-13,0.34780903461351215,1
62354,2012-02-13,0.42166767622775814,1
62355,2012-02-13,0.36223474227559094,0
62356,2012-02-13,0.41057873372606435,1
62357,2012-02-13,0.5354816910024891,0
62358,2012-02-13,0.2345957740192938,0
62359,2012-02-13,0.16674413479869118,1
62360,2012-02-13,0.1807301050590728,0
62361,2012-02-13,0.19372718364548058,0
62362,2012-02-13,0.374625587067569,1
62363,2012-02-13,0.12652897277991115,0
62364,2012-02-13,0.150577447847694,0
62365,2012-02-13,0.3252037468983386,0
62366,2012-02-13,0.20085154419561388,1
62367,2012-02-13,0.22482631029529254,1
62368,2012-02-13,0.6301789156671036,1
62369,2012-02-13,0.24439295085525062,0
62370,2012-02-13,0.45825495278626954,0
62371,2012-02-13,0.16252410847554732,0
62372,2012-02-13,0.45321240235153604,1
62373,2012-02-13,0.24110492480948345,0
62374,2012-02-13,0.4124870506173569,0
62375,2012-02-13,0.23910500006953816,1
62376,2012-02-13,0.4656131510487587,1
62377,2012-02-13,0.23576212838028301,0
62378,2012-02-13,0.3819351027941486,0
62379,2012-02-13,0.4410564871501724,1
62380,2012-02-13,0.43850824633355995,1
62381,2012-02-13,0.3389791855481455,0
62382,2012-02-13,0.5066706008005586,1
62383,2012-02-13,0.1616041136551586,0
62384,2012-02-13,0.20292176038053086,0
62385,2012-02-13,0.4245224907377059,1
62386,2012-02-13,0.18622042574055836,1
62387,2012-02-13,0.2109919485269501,0
62388,2012-02-13,0.16609012559362338,0
62389,2012-02-13,0.18371261532133565,0
62390,2012-02-13,0.18566853821655438,1
62391,2012-02-13,0.3617883076726096,0
62392,2012-02-13,0.3530283217828486,0
62393,2012-02-13,0.232008300913758,1
62394,2012-02-13,0.36592448914142117,0
62395,2012-02-13,0.24643497096606742,0
62396,2012-02-13,0.22577064277206385,1
62397,2012-02-13,0.2627898105378974,0
62398,2012-02-13,0.2545632021945018,1
62399,2012-02-13,0.4806844786335217,0
62400,2012-02-13,0.18655410695432142,1
62401,2012-02-13,0.3419363846185549,0
62402,2012-02-13,0.40257487640061707,0
62403,2012-02-13,0.31618040140671194,1
62404,2012-02-13,0.2472039539002296,0
62405,2012-02-13,0.23444887627039265,1
62406,2012-02-13,0.47309380171350796,0
62407,2012-02-13,0.5896370578514496,1
62408,2012-02-13,0.1728959465840047,0
62409,2012-02-13,0.48637769927055424,1
62410,2012-02-13,0.15115110081055186,0
62411,2012-02-13,0.23844997573001836,0
62412,2012-02-13,0.3080922355416337,0
62413,2012-02-13,0.1773418159275012,1
62414,2012-02-13,0.24488269319684214,0
62415,2012-02-13,0.5455547215328996,1
62416,2012-02-13,0.4329890338926891,1
62417,2012-02-13,0.1006788416066004,0
62418,2012-02-13,0.26364101284777686,0
62419,2012-02-13,0.301724724489326,1
62420,2012-02-13,0.11387441883326437,0
62421,2012-02-13,0.4472539419721144,1
62422,2012-02-13,0.2540310499433984,0
62423,2012-02-13,0.32238716580141796,0
62424,2012-02-13,0.24147560401569215,0
62425,2012-02-13,0.2802465651475793,1
62426,2012-02-13,0.18692489872430634,0
62427,2012-02-13,0.3165196257866491,0
62428,2012-02-13,0.34122848207387413,0
62429,2012-02-13,0.2756714431626187,1
62430,2012-02-13,0.4183256507695281,1
62431,2012-02-13,0.6077687215507206,0
62432,2012-02-13,0.1726074556954512,0
62433,2012-02-13,0.3894768272754003,0
62434,2012-02-13,0.3215814899960136,1
62435,2012-02-13,0.13431375117235367,0
62436,2012-02-13,0.4329347405431251,0
62437,2012-02-13,0.24727937875816758,1
62438,2012-02-13,0.20464928866438964,0
62439,2012-02-13,0.19642738322618955,0
62440,2012-02-13,0.40108246444746426,1
62441,2012-02-13,0.3884458138267498,0
62442,2012-02-13,0.5343234391569309,1
62443,2012-02-13,0.4832313185965503,1
62444,2012-02-13,0.24914056049752945,1
62445,2012-02-13,0.6202239419706449,1
62446,2012-02-13,0.2874948063304281,0
62447,2012-02-13,0.2745392375885441,0
62448,2012-02-13,0.4231507865465973,1
62449,2012-02-13,0.20188086809175568,1
62450,2012-02-13,0.4099666703451964,1
62451,2012-02-13,0.24928016138262987,1
62452,2012-02-13,0.33878668151958935,1
62453,2012-02-13,0.40627528211529135,1
62454,2012-02-13,0.5642401122837575,1
62455,2012-02-13,0.4186686553792831,1
62456,2012-02-13,0.4672898618784041,1
62457,2012-02-13,0.17231864938697788,0
62458,2012-02-13,0.1743167876235038,0
62459,2012-02-13,0.4474842756310451,1
62460,2012-02-13,0.34735663757958885,0
62461,2012-02-13,0.27716123859272596,0
62462,2012-02-13,0.20245586249081748,1
62463,2012-02-13,0.44274608521256265,1
62464,2012-02-13,0.18885513576689744,0
62465,2012-02-13,0.17399327735717193,0
62466,2012-02-13,0.3262847392134178,1
62467,2012-02-13,0.15373800171764668,0
62468,2012-02-13,0.18058940421146516,0
62469,2012-02-13,0.3823244976533957,1
62470,2012-02-13,0.280109985443729,0
62471,2012-02-13,0.59198095346828,0
62472,2012-02-13,0.49950642126587197,0
62473,2012-02-13,0.37108700290032204,0
62474,2012-02-13,0.3504479273282197,1
62475,2012-02-13,0.389469093363183,1
62476,2012-02-13,0.09819470206937292,0
62477,2012-02-13,0.15947348229005506,0
62478,2012-02-13,0.16553217083765373,1
62479,2012-02-13,0.112801066855754,0
62480,2012-02-13,0.4583347755028818,0
62481,2012-02-13,0.30101613337838545,1
62482,2012-02-13,0.34513305250007364,0
62483,2012-02-13,0.2642545966195168,1
62484,2012-02-13,0.37045989532546886,0
62485,2012-02-13,0.3213291831774953,0
62486,2012-02-13,0.24877255382959834,0
62487,2012-02-13,0.2268509730828873,0
62488,2012-02-13,0.5072186459943674,1
62489,2012-02-13,0.21968473703338912,0
62490,2012-02-13,0.3531325286529422,0
62491,2012-02-13,0.24662710335157,0
62492,2012-02-13,0.4312133003067342,1
62493,2012-02-13,0.6717971645857841,1
62494,2012-02-13,0.4030372999621515,0
62495,2012-02-13,0.2406801472270755,0
62496,2012-02-13,0.657606152310302,0
62497,2012-02-13,0.297498733431147,0
62498,2012-02-13,0.15956553537672205,0
62499,2012-02-13,0.2761969942877378,1
62500,2012-02-13,0.22635905942498075,0
62501,2012-02-13,0.3288661485276282,1
62502,2012-02-13,0.32172307549276,0
62503,2012-02-13,0.3520749944426888,1
62504,2012-02-13,0.2320777394635164,0
62505,2012-02-13,0.2646980456592004,0
62506,2012-02-13,0.1432815395721248,0
62507,2012-02-13,0.45225706783771674,1
62508,2012-02-13,0.4183654986945037,1
62509,2012-02-13,0.21105316048851785,0
62510,2012-02-13,0.2614946563205715,0
62511,2012-02-13,0.48471048125535854,1
62512,2012-02-13,0.22383192888799014,1
62513,2012-02-13,0.21055668429871655,0
62514,2012-02-13,0.4707990456991964,0
62515,2012-02-13,0.46978619105731845,0
62516,2012-02-13,0.6203974158967752,0
62517,2012-02-13,0.37251125062854934,0
62518,2012-02-13,0.1957886412238944,0
62519,2012-02-13,0.2922587208303935,1
62520,2012-02-13,0.5640667660246175,0
62521,2012-02-13,0.24697366185379097,0
62522,2012-02-13,0.20467020078294607,1
62523,2012-02-13,0.29360516597120956,0
62524,2012-02-13,0.1558878768422958,0
62525,2012-02-13,0.1762840289727722,0
62526,2012-02-13,0.26819068702052556,0
62527,2012-02-13,0.3747643658390213,1
62528,2012-02-13,0.47107593498046285,1
62529,2012-02-13,0.19577608168539612,0
62530,2012-02-13,0.30518931041175373,0
62531,2012-02-13,0.27081064973791147,0
62532,2012-02-13,0.37279633886566615,1
62533,2012-02-13,0.2835197101289072,0
62534,2012-02-13,0.36332139676548403,0
62535,2012-02-13,0.2217516895273388,1
62536,2012-02-13,0.46821144299543854,1
62537,2012-02-13,0.23270455322613195,0
62538,2012-02-13,0.17967099609240927,0
62539,2012-02-13,0.15568964437018876,0
62540,2012-02-13,0.593418545117417,0
62541,2012-02-13,0.3700484019983292,1
62542,2012-02-13,0.31760961257245335,0
62543,2012-02-13,0.3860647839482391,0
62544,2012-02-13,0.2900290939305472,0
62545,2012-02-13,0.28129415024924115,1
62546,2012-02-13,0.13514855950491225,0
62547,2012-02-13,0.27733877235022736,0
62548,2012-02-13,0.45219611989772573,0
62549,2012-02-13,0.5649785455268036,0
62550,2012-02-13,0.3200583607646758,1
62551,2012-02-13,0.29581526686698695,1
62552,2012-02-13,0.3158204138617304,1
62553,2012-02-13,0.2815051554354589,0
62554,2012-02-13,0.17274643805402576,0
62555,2012-02-13,0.34875790459820616,1
62556,2012-02-13,0.12412067065914165,0
62557,2012-02-13,0.6007891372109729,1
62558,2012-02-13,0.17248692575681984,1
62559,2012-02-13,0.2830095628138861,1
62560,2012-02-13,0.36038992644292495,1
62561,2012-02-13,0.5086987049515146,0
62562,2012-02-13,0.4042940459646195,1
62563,2012-02-13,0.26847237015995395,0
62564,2012-02-13,0.3883505511255442,0
62565,2012-02-13,0.1267334938186363,0
62566,2012-02-13,0.1493229039011706,1
62567,2012-02-13,0.2814881951620362,0
62568,2012-02-13,0.3200531210335598,1
62569,2012-02-13,0.19852029621418862,1
62570,2012-02-13,0.48718581316290394,0
62571,2012-02-13,0.23764130104859774,1
62572,2012-02-13,0.25878014399618837,0
62573,2012-02-13,0.22515095403433072,0
62574,2012-02-13,0.379084419718904,0
62575,2012-02-13,0.5549314830191916,1
62576,2012-02-13,0.41183778923096376,0
62577,2012-02-13,0.32503838468667073,0
62578,2012-02-13,0.2729245196970004,0
62579,2012-02-13,0.4925919075579981,0
62580,2012-02-13,0.15064577813975413,0
62581,2012-02-13,0.49304608491225055,1
62582,2012-02-13,0.2716842915215649,1
62583,2012-02-13,0.3720669580742184,1
62584,2012-02-13,0.18063584321686044,0
62585,2012-02-13,0.4468710202462242,0
62586,2012-02-13,0.22121676587789008,0
62587,2012-02-13,0.21753725362287474,0
62588,2012-02-13,0.2341044273562275,0
62589,2012-02-13,0.3161395266457477,0
62590,2012-02-13,0.34441423359978435,1
62591,2012-02-13,0.4565754511258851,0
62592,2012-02-13,0.5038714745564086,0
62593,2012-02-13,0.14971120229384197,0
62594,2012-02-13,0.4521775018115468,0
62595,2012-02-13,0.23992405314686008,0
62596,2012-02-13,0.32875852968662284,0
62597,2012-02-13,0.22677802745597475,0
62598,2012-02-13,0.29966230494170876,0
62599,2012-02-13,0.3929156245845094,1
62600,2012-02-13,0.35394909493874693,1
62601,2012-02-13,0.47648995244378994,0
62602,2012-02-13,0.43705156851126775,1
62603,2012-02-13,0.21842044420122744,0
62604,2012-02-13,0.3021882034884005,0
62605,2012-02-13,0.2972115247381375,0
62606,2012-02-13,0.401965358609351,0
62607,2012-02-13,0.19481533994919062,0
62608,2012-02-13,0.12905544595707222,0
62609,2012-02-13,0.15930661158559223,1
62610,2012-02-13,0.3134721933659747,0
62611,2012-02-13,0.2622307845424923,0
62612,2012-02-13,0.32757966328661303,1
62613,2012-02-13,0.23320942817707044,0
62614,2012-02-13,0.16184053393195547,0
62615,2012-02-13,0.29367594751616105,0
62616,2012-02-13,0.4122064871686922,1
62617,2012-02-13,0.30353007394097076,1
62618,2012-02-13,0.33087663075199486,0
62619,2012-02-13,0.14121050207516467,1
62620,2012-02-13,0.302070714428546,0
62621,2012-02-13,0.3265664833996387,1
62622,2012-02-13,0.5003213813898117,1
62623,2012-02-13,0.19509269171311253,0
62624,2012-02-13,0.17632190611928994,1
62625,2012-02-13,0.4297677874109887,0
62626,2012-02-13,0.2907402516010656,0
62627,2012-02-13,0.1450437127658348,0
62628,2012-02-14,0.1317465421560034,1
62629,2012-02-14,0.5273423829085115,0
62630,2012-02-14,0.17761069829324813,0
62631,2012-02-14,0.3283876018525127,0
62632,2012-02-14,0.5461034061009113,1
62633,2012-02-14,0.16697562014830034,0
62634,2012-02-14,0.20232024914536664,0
62635,2012-02-14,0.43137307551481563,0
62636,2012-02-14,0.30587190643176626,1
62637,2012-02-14,0.27921377201312925,0
62638,2012-02-14,0.2791843786997487,0
62639,2012-02-14,0.42085055068526334,0
62640,2012-02-14,0.17470957450527413,0
62641,2012-02-14,0.4826457215105361,0
62642,2012-02-14,0.4223794810174166,1
62643,2012-02-14,0.1900185141825844,0
62644,2012-02-14,0.21498288813132793,0
62645,2012-02-14,0.4761020694176825,0
62646,2012-02-14,0.4526474299907977,0
62647,2012-02-14,0.2928961715179419,0
62648,2012-02-14,0.4590284567868492,1
62649,2012-02-14,0.228509258470847,1
62650,2012-02-14,0.41969456882801376,0
62651,2012-02-14,0.2576923945968135,1
62652,2012-02-14,0.21878539219154694,0
62653,2012-02-14,0.3602961849810337,1
62654,2012-02-14,0.3585276803894546,0
62655,2012-02-14,0.18263818618208008,1
62656,2012-02-14,0.22251925416488982,0
62657,2012-02-14,0.327470026026468,0
62658,2012-02-14,0.2922093410794811,1
62659,2012-02-14,0.2858272363727677,0
62660,2012-02-14,0.35706344046541705,0
62661,2012-02-14,0.18435846026521593,0
62662,2012-02-14,0.19625477040158262,1
62663,2012-02-14,0.3389261880201957,0
62664,2012-02-14,0.24308258448565956,0
62665,2012-02-14,0.19170778524088503,0
62666,2012-02-14,0.2273058349082046,0
62667,2012-02-14,0.27095332157305274,0
62668,2012-02-14,0.29682863824023764,0
62669,2012-02-14,0.2789647978070691,1
62670,2012-02-14,0.14708449173930893,0
62671,2012-02-14,0.49285631353582554,1
62672,2012-02-14,0.1729793539832786,0
62673,2012-02-14,0.21033519441395762,0
62674,2012-02-14,0.21312537901843243,0
62675,2012-02-14,0.20007715808132387,0
62676,2012-02-14,0.3121218696282367,0
62677,2012-02-14,0.3589375833532426,0
62678,2012-02-14,0.6081429190335025,1
62679,2012-02-14,0.18400980857355134,0
62680,2012-02-14,0.3301639559343956,1
62681,2012-02-14,0.5635158210256728,1
62682,2012-02-14,0.2918784798973651,0
62683,2012-02-14,0.1820213329156813,0
62684,2012-02-14,0.16661432400078038,0
62685,2012-02-14,0.37329341538751537,0
62686,2012-02-14,0.16347334429662905,1
62687,2012-02-14,0.2744530765294426,1
62688,2012-02-14,0.2949154200152321,1
62689,2012-02-14,0.34355808058855763,0
62690,2012-02-14,0.24903173257343186,1
62691,2012-02-14,0.21427751840003478,0
62692,2012-02-14,0.15773275338379714,0
62693,2012-02-14,0.27948474464902123,0
62694,2012-02-14,0.20933120533056265,1
62695,2012-02-14,0.26823345556201905,0
62696,2012-02-14,0.18794835133353666,0
62697,2012-02-14,0.3180775746369169,0
62698,2012-02-14,0.19516831263432022,0
62699,2012-02-14,0.2920306691657515,0
62700,2012-02-14,0.20217162597521596,0
62701,2012-02-14,0.3462988618112537,0
62702,2012-02-14,0.22301272917628556,0
62703,2012-02-14,0.30768582382926934,0
62704,2012-02-14,0.16838863216372826,0
62705,2012-02-14,0.40309500102671353,1
62706,2012-02-14,0.3572962382637446,0
62707,2012-02-14,0.2787249007335487,0
62708,2012-02-14,0.27741826042051604,0
62709,2012-02-14,0.23978929135883567,0
62710,2012-02-14,0.26101556500624506,0
62711,2012-02-14,0.23192479777466907,0
62712,2012-02-14,0.20187653507079878,0
62713,2012-02-14,0.47303455247103504,0
62714,2012-02-14,0.4106751393865787,0
62715,2012-02-14,0.3429333103589702,0
62716,2012-02-14,0.5072124554005881,1
62717,2012-02-14,0.3087802712801384,1
62718,2012-02-14,0.19576108102911116,0
62719,2012-02-14,0.2904676842393114,1
62720,2012-02-14,0.24399215668736624,0
62721,2012-02-14,0.29948623996172646,0
62722,2012-02-14,0.13905724069005326,0
62723,2012-02-14,0.17956236585126667,0
62724,2012-02-14,0.3795148098823691,1
62725,2012-02-14,0.423500872958446,1
62726,2012-02-14,0.2286660319063118,0
62727,2012-02-14,0.15923131848400246,1
62728,2012-02-14,0.17428076346492957,0
62729,2012-02-14,0.42317949740112315,0
62730,2012-02-14,0.40934484306538926,1
62731,2012-02-14,0.1811618298882988,0
62732,2012-02-14,0.18426596230819742,0
62733,2012-02-14,0.21702118041351742,0
62734,2012-02-14,0.6480335174452441,1
62735,2012-02-14,0.1366222164510961,0
62736,2012-02-14,0.15213245051080923,0
62737,2012-02-14,0.2915862208848943,0
62738,2012-02-14,0.3564597578704266,0
62739,2012-02-14,0.21564672867219217,0
62740,2012-02-14,0.46602797616333885,1
62741,2012-02-14,0.4998434522287236,1
62742,2012-02-14,0.2290850352250551,0
62743,2012-02-14,0.2264364672867269,1
62744,2012-02-14,0.24202553018498502,1
62745,2012-02-14,0.5568852022091758,0
62746,2012-02-14,0.17925527370812377,1
62747,2012-02-14,0.35222753689588004,0
62748,2012-02-14,0.35105563912081167,0
62749,2012-02-14,0.16687940578995733,1
62750,2012-02-14,0.3946429724424095,1
62751,2012-02-14,0.4272511033308262,1
62752,2012-02-14,0.37639172378704894,1
62753,2012-02-14,0.31346235977813314,0
62754,2012-02-14,0.309429597401229,1
62755,2012-02-14,0.19986667977650532,1
62756,2012-02-14,0.20792344776300867,0
62757,2012-02-14,0.4435679502528703,0
62758,2012-02-14,0.4031579398602729,0
62759,2012-02-14,0.48746251373574695,1
62760,2012-02-14,0.25570162379067884,1
62761,2012-02-14,0.38554184528026597,0
62762,2012-02-14,0.3542077417451966,1
62763,2012-02-14,0.2230386082768657,0
62764,2012-02-14,0.26711786758978584,0
62765,2012-02-14,0.17811003124620428,0
62766,2012-02-14,0.23026424037940024,0
62767,2012-02-14,0.2689453212602006,0
62768,2012-02-14,0.3953227603062576,0
62769,2012-02-14,0.3723052560849497,0
62770,2012-02-14,0.4616270951391281,0
62771,2012-02-14,0.3031163040943135,0
62772,2012-02-14,0.21296964399819207,0
62773,2012-02-14,0.14717468351332452,1
62774,2012-02-14,0.18690111993293387,0
62775,2012-02-14,0.21476154864000963,1
62776,2012-02-14,0.3922558555096939,1
62777,2012-02-14,0.23501795827456068,0
62778,2012-02-14,0.36344144778947507,0
62779,2012-02-14,0.1961379994529782,1
62780,2012-02-14,0.5724658992951049,0
62781,2012-02-14,0.30474474446394023,0
62782,2012-02-14,0.37109671094481017,0
62783,2012-02-14,0.3677279907487033,0
62784,2012-02-14,0.25901833254339796,1
62785,2012-02-14,0.42134702923928347,1
62786,2012-02-14,0.19341127404324798,0
62787,2012-02-14,0.4436447840736548,0
62788,2012-02-14,0.1734843790023079,0
62789,2012-02-14,0.16572043246007823,1
62790,2012-02-14,0.2705123951463146,1
62791,2012-02-14,0.16014215228218362,0
62792,2012-02-14,0.3853868077824154,0
62793,2012-02-14,0.25285017730642956,0
62794,2012-02-14,0.13083672761762594,1
62795,2012-02-14,0.4012730950747148,1
62796,2012-02-14,0.5213578144740433,0
62797,2012-02-14,0.36706713287940484,1
62798,2012-02-14,0.5995422745864191,1
62799,2012-02-14,0.15554932218223816,0
62800,2012-02-14,0.1621215567563774,1
62801,2012-02-14,0.17837943668143955,0
62802,2012-02-14,0.31400986050679336,1
62803,2012-02-14,0.30060262581434044,1
62804,2012-02-14,0.08966515548423136,0
62805,2012-02-14,0.33693189449980565,0
62806,2012-02-14,0.33431879532871317,1
62807,2012-02-14,0.1806691968873339,0
62808,2012-02-14,0.5374076850185708,1
62809,2012-02-14,0.386794799640235,0
62810,2012-02-14,0.11934665979183719,1
62811,2012-02-14,0.35228790380629077,0
62812,2012-02-14,0.404602532556923,0
62813,2012-02-14,0.24095014343250298,0
62814,2012-02-14,0.36034371733006226,0
62815,2012-02-14,0.3004192297980882,0
62816,2012-02-14,0.3287964451791269,0
62817,2012-02-14,0.16454914447171942,0
62818,2012-02-14,0.30646942737301014,0
62819,2012-02-14,0.39520685725239685,0
62820,2012-02-14,0.2824256065628847,0
62821,2012-02-14,0.3093494957974582,0
62822,2012-02-14,0.46699003852758597,0
62823,2012-02-14,0.3959270066569892,1
62824,2012-02-14,0.39853560204321903,0
62825,2012-02-14,0.40900079794137567,0
62826,2012-02-14,0.24594593818414195,0
62827,2012-02-14,0.35989133524610967,1
62828,2012-02-14,0.2396738675342385,1
62829,2012-02-14,0.36072861750754204,0
62830,2012-02-14,0.34736699987235925,1
62831,2012-02-14,0.1997218258073408,0
62832,2012-02-14,0.3688755852537129,0
62833,2012-02-14,0.30118117546562073,1
62834,2012-02-14,0.3417407843300974,0
62835,2012-02-14,0.18265447525158277,0
62836,2012-02-14,0.2565428184079789,1
62837,2012-02-14,0.37899822264233674,0
62838,2012-02-14,0.20574157929111106,0
62839,2012-02-14,0.2357489063037007,0
62840,2012-02-14,0.4417720862553484,0
62841,2012-02-14,0.213802113260466,1
62842,2012-02-14,0.36737317353220783,0
62843,2012-02-14,0.3108604771268947,0
62844,2012-02-14,0.22630293762196121,1
62845,2012-02-14,0.42136679783371034,1
62846,2012-02-14,0.12129766640292125,0
62847,2012-02-14,0.15837710680951628,0
62848,2012-02-14,0.483788232414074,1
62849,2012-02-14,0.49224012436505377,1
62850,2012-02-14,0.22310262623326732,0
62851,2012-02-14,0.23336320172414962,0
62852,2012-02-14,0.3496355648615564,1
62853,2012-02-14,0.28988993054083106,0
62854,2012-02-14,0.41858406619644367,1
62855,2012-02-14,0.319619431669191,1
62856,2012-02-14,0.1719431226266593,1
62857,2012-02-14,0.13767094391759688,1
62858,2012-02-14,0.24842037543501158,0
62859,2012-02-14,0.2438228975599854,1
62860,2012-02-14,0.39594132083664946,1
62861,2012-02-14,0.33309883401733326,1
62862,2012-02-14,0.4173379837832009,0
62863,2012-02-14,0.35196334589721606,0
62864,2012-02-14,0.2622131753415341,1
62865,2012-02-14,0.5675270130449109,1
62866,2012-02-14,0.6258143186279724,1
62867,2012-02-14,0.20817001555457648,0
62868,2012-02-14,0.19964437715652003,0
62869,2012-02-14,0.22444911163728706,0
62870,2012-02-14,0.5393731056374075,0
62871,2012-02-14,0.5867291149490945,0
62872,2012-02-14,0.2496358413491484,1
62873,2012-02-14,0.2862915802618482,1
62874,2012-02-14,0.6023217221970394,1
62875,2012-02-14,0.17759912714581383,1
62876,2012-02-14,0.3620891032508882,0
62877,2012-02-14,0.33645710878590435,1
62878,2012-02-14,0.33162743047282467,0
62879,2012-02-14,0.3597497934285709,0
62880,2012-02-14,0.5010485074708533,1
62881,2012-02-14,0.37240297119671867,0
62882,2012-02-14,0.32673146967165456,1
62883,2012-02-14,0.5655980727742492,0
62884,2012-02-14,0.20942115029688066,0
62885,2012-02-14,0.5338956581919252,1
62886,2012-02-14,0.20393911782234592,1
62887,2012-02-14,0.18541144404071908,0
62888,2012-02-14,0.3064132524048496,1
62889,2012-02-14,0.27331924694768295,0
62890,2012-02-14,0.3518264166914584,0
62891,2012-02-14,0.12270631602522776,0
62892,2012-02-14,0.3998274069621724,0
62893,2012-02-14,0.28152315058315747,0
62894,2012-02-14,0.4321564577537364,1
62895,2012-02-14,0.1594385055234329,0
62896,2012-02-14,0.18059909460031875,1
62897,2012-02-14,0.4082241886820215,1
62898,2012-02-14,0.3233689067035024,1
62899,2012-02-14,0.32348033540586224,0
62900,2012-02-14,0.1527664017746446,0
62901,2012-02-14,0.4580661250594907,1
62902,2012-02-14,0.5118485491453364,0
62903,2012-02-14,0.32126149218026534,0
62904,2012-02-14,0.5159401008374533,0
62905,2012-02-14,0.31976395323237766,0
62906,2012-02-14,0.25485681139117183,1
62907,2012-02-14,0.15364499671261792,1
62908,2012-02-14,0.3003021475531024,0
62909,2012-02-14,0.27061694265897884,0
62910,2012-02-14,0.1515064569102182,0
62911,2012-02-14,0.3962928845732786,1
62912,2012-02-14,0.14691959014118536,1
62913,2012-02-14,0.316198247094763,0
62914,2012-02-14,0.550456670105558,1
62915,2012-02-14,0.1571242082686294,0
62916,2012-02-14,0.3021783024654788,0
62917,2012-02-14,0.12835429870167087,1
62918,2012-02-14,0.5457351857100401,1
62919,2012-02-14,0.19483733885745777,1
62920,2012-02-14,0.34990119661682056,1
62921,2012-02-14,0.36976728326936054,0
62922,2012-02-14,0.300814287078387,1
62923,2012-02-14,0.26534028031898843,0
62924,2012-02-14,0.42899059887152036,1
62925,2012-02-14,0.28989012586338514,0
62926,2012-02-14,0.17823843534910777,0
62927,2012-02-14,0.14936135794712327,0
62928,2012-02-14,0.2971045027123509,1
62929,2012-02-14,0.41156696128966314,1
62930,2012-02-14,0.28078100921625715,0
62931,2012-02-14,0.2876813866893384,1
62932,2012-02-14,0.33649557394956003,1
62933,2012-02-14,0.3086883467471914,1
62934,2012-02-14,0.40921585018277057,0
62935,2012-02-14,0.23364376934388517,0
62936,2012-02-14,0.14756629666301743,1
62937,2012-02-14,0.24716185751988207,0
62938,2012-02-14,0.16926780265243888,1
62939,2012-02-14,0.265548335898248,0
62940,2012-02-14,0.3637542866442963,0
62941,2012-02-14,0.3399859648986417,0
62942,2012-02-14,0.26924356829563273,0
62943,2012-02-14,0.22069985989309157,0
62944,2012-02-14,0.1962445027896783,0
62945,2012-02-14,0.26345559121630785,0
62946,2012-02-14,0.3789486026864973,0
62947,2012-02-14,0.22467718435600156,0
62948,2012-02-14,0.20606116471137126,0
62949,2012-02-14,0.09884155108472759,0
62950,2012-02-14,0.20527325652109785,1
62951,2012-02-14,0.17268087906006935,0
62952,2012-02-14,0.24514409119987268,0
62953,2012-02-14,0.32385675376969036,0
62954,2012-02-14,0.4462041856362786,1
62955,2012-02-14,0.28763197925119866,1
62956,2012-02-14,0.24018953006345875,1
62957,2012-02-14,0.24022819826208633,0
62958,2012-02-14,0.5198288944438649,1
62959,2012-02-14,0.18562158530307005,0
62960,2012-02-14,0.2879074825942251,0
62961,2012-02-14,0.5292499425635806,0
62962,2012-02-14,0.3438138591921801,1
62963,2012-02-14,0.45004615893660177,0
62964,2012-02-14,0.16343053072287825,0
62965,2012-02-14,0.21963371062151768,1
62966,2012-02-14,0.5495847370920409,1
62967,2012-02-14,0.45654223052758125,1
62968,2012-02-14,0.49472233147685474,0
62969,2012-02-14,0.11416096201257485,0
62970,2012-02-14,0.26545554809877026,0
62971,2012-02-14,0.2775791690962912,1
62972,2012-02-14,0.5333066858007756,1
62973,2012-02-14,0.18841539521276565,0
62974,2012-02-14,0.40980209009956714,0
62975,2012-02-14,0.36430160076055873,1
62976,2012-02-14,0.3966811571571278,0
62977,2012-02-14,0.13097202366179395,0
62978,2012-02-14,0.23351524322093062,0
62979,2012-02-14,0.17911463337030156,0
62980,2012-02-14,0.28361264587342966,0
62981,2012-02-14,0.403645363748678,0
62982,2012-02-14,0.2345302093492194,0
62983,2012-02-14,0.2857769145769736,0
62984,2012-02-14,0.24281595067421094,0
62985,2012-02-14,0.3652104305935209,0
62986,2012-02-14,0.16590769963804491,0
62987,2012-02-14,0.44840819001345267,0
62988,2012-02-14,0.43175905225921885,0
62989,2012-02-14,0.2292502212227429,0
62990,2012-02-14,0.33534448542925144,1
62991,2012-02-14,0.46274565572179244,1
62992,2012-02-14,0.5565355097631477,1
62993,2012-02-14,0.23855751776077058,0
62994,2012-02-14,0.508173619717004,1
62995,2012-02-14,0.3417392743687568,1
62996,2012-02-14,0.23849334305650932,0
62997,2012-02-14,0.36821302487989976,0
62998,2012-02-14,0.3404258293834544,1
62999,2012-02-14,0.3321737490591058,1
63000,2012-02-14,0.35669970684385655,0
63001,2012-02-14,0.4802250867874387,0
63002,2012-02-14,0.445036848063851,1
63003,2012-02-14,0.12419105171272164,0
63004,2012-02-14,0.19321804244004803,0
63005,2012-02-14,0.3953338578733828,1
63006,2012-02-14,0.16303624636482475,0
63007,2012-02-14,0.2774641802689466,0
63008,2012-02-14,0.31604424545242,0
63009,2012-02-14,0.1063430137072318,0
63010,2012-02-14,0.46964739898593505,0
63011,2012-02-14,0.3497990210652578,1
63012,2012-02-14,0.27615027334468684,0
63013,2012-02-14,0.38363258381925275,0
63014,2012-02-14,0.5333382854395007,1
63015,2012-02-14,0.20713626479200348,0
63016,2012-02-14,0.49741596582212316,1
63017,2012-02-14,0.6329798900923778,1
63018,2012-02-14,0.12612808819434415,1
63019,2012-02-14,0.20463528825816776,0
63020,2012-02-14,0.4171381784699324,1
63021,2012-02-14,0.16763204289151043,1
63022,2012-02-14,0.2857436320684323,1
63023,2012-02-14,0.1531491677434269,0
63024,2012-02-14,0.31466811450373106,1
63025,2012-02-14,0.35828892951904434,0
63026,2012-02-14,0.3243112922015252,1
63027,2012-02-14,0.1314541932525545,0
63028,2012-02-14,0.5499557429112809,1
63029,2012-02-14,0.23294663851164588,0
63030,2012-02-14,0.4059746114846113,0
63031,2012-02-14,0.21073705438471038,0
63032,2012-02-14,0.326818149053327,1
63033,2012-02-14,0.4843798535438735,1
63034,2012-02-14,0.4390038990611235,0
63035,2012-02-14,0.21443600597619278,0
63036,2012-02-14,0.2862597659057396,0
63037,2012-02-14,0.274075556047184,1
63038,2012-02-14,0.27190020143877786,0
63039,2012-02-14,0.6374929283025847,0
63040,2012-02-14,0.4753337687245955,1
63041,2012-02-14,0.2504459778729733,1
63042,2012-02-14,0.295571693701138,0
63043,2012-02-14,0.2837167937547184,0
63044,2012-02-14,0.209378356606816,0
63045,2012-02-14,0.19651009544611303,0
63046,2012-02-14,0.23401869165648573,0
63047,2012-02-14,0.18514319516944427,1
63048,2012-02-14,0.2011493598090975,0
63049,2012-02-14,0.2407390950577362,1
63050,2012-02-14,0.4427299972194862,1
63051,2012-02-14,0.36784375429070093,0
63052,2012-02-14,0.4543659448276692,0
63053,2012-02-14,0.24151968871843082,0
63054,2012-02-14,0.2748497202242383,0
63055,2012-02-14,0.23866906729586052,1
63056,2012-02-14,0.3535861386562365,1
63057,2012-02-14,0.23115098537620823,0
63058,2012-02-14,0.14844074649764952,0
63059,2012-02-14,0.26512449504149266,0
63060,2012-02-14,0.20308948623544756,1
63061,2012-02-14,0.2601162812797913,1
63062,2012-02-14,0.10166546499246572,0
63063,2012-02-14,0.25356309294525964,0
63064,2012-02-14,0.17295476475159433,1
63065,2012-02-14,0.3108317770187192,0
63066,2012-02-14,0.20301960382830403,0
63067,2012-02-14,0.22882799431712225,1
63068,2012-02-14,0.4352628422115566,1
63069,2012-02-14,0.1765667366026967,0
63070,2012-02-14,0.12665469163821239,0
63071,2012-02-14,0.35878911784056977,0
63072,2012-02-14,0.2586887893919532,0
63073,2012-02-14,0.2203084750488382,0
63074,2012-02-14,0.23670643751969755,0
63075,2012-02-14,0.43571089504830574,1
63076,2012-02-14,0.41952366443433114,1
63077,2012-02-14,0.376718680240044,1
63078,2012-02-14,0.3265283041706071,0
63079,2012-02-14,0.26334682690904093,0
63080,2012-02-14,0.12192915531034275,0
63081,2012-02-14,0.2060897520662636,0
63082,2012-02-14,0.13636307674439985,0
63083,2012-02-14,0.1931513784043612,0
63084,2012-02-14,0.3963149880543863,1
63085,2012-02-14,0.4074723047786812,0
63086,2012-02-14,0.2759240926306256,0
63087,2012-02-14,0.15509572320235793,0
63088,2012-02-14,0.6129962186630177,1
63089,2012-02-14,0.3161072492121687,1
63090,2012-02-14,0.2726024101457046,0
63091,2012-02-14,0.25455523290812787,0
63092,2012-02-14,0.18019284864039148,0
63093,2012-02-14,0.23025833381601027,0
63094,2012-02-14,0.33912060255683535,0
63095,2012-02-14,0.4104182572398389,1
63096,2012-02-14,0.49172881093678705,0
63097,2012-02-14,0.3366024530402489,0
63098,2012-02-14,0.3277403575610764,0
63099,2012-02-14,0.6108722523817769,1
63100,2012-02-14,0.2093981340319851,0
63101,2012-02-14,0.2668753901853769,0
63102,2012-02-14,0.6145957316373512,1
63103,2012-02-14,0.229054587795557,0
63104,2012-02-14,0.30266944128897255,1
63105,2012-02-14,0.49353856473130847,1
63106,2012-02-14,0.6210966443983597,1
63107,2012-02-14,0.4109743121104709,0
63108,2012-02-14,0.14400704786185414,1
63109,2012-02-14,0.5211455107616767,1
63110,2012-02-14,0.41766709353291875,0
63111,2012-02-14,0.29709651699218237,1
63112,2012-02-14,0.5210539620306435,0
63113,2012-02-14,0.3050597165869738,0
63114,2012-02-14,0.4440121621846553,1
63115,2012-02-14,0.1996956573809827,0
63116,2012-02-14,0.1311509827432832,0
63117,2012-02-14,0.20160476019313983,0
63118,2012-02-14,0.4939801355839368,1
63119,2012-02-14,0.2064972800195338,0
63120,2012-02-14,0.27145610692674516,0
63121,2012-02-14,0.2341216534303472,1
63122,2012-02-14,0.34817171908346084,0
63123,2012-02-14,0.18438613462765968,0
63124,2012-02-14,0.4009056452166337,1
63125,2012-02-14,0.5057886297489756,0
63126,2012-02-14,0.5227122681427386,1
63127,2012-02-14,0.5648458591991767,1
63128,2012-02-14,0.34742602313489235,1
63129,2012-02-14,0.5130450112664355,0
63130,2012-02-14,0.21076035901756818,0
63131,2012-02-14,0.2648471142852387,0
63132,2012-02-14,0.1621788535822184,0
63133,2012-02-14,0.28688428144334555,1
63134,2012-02-14,0.1629457140093847,0
63135,2012-02-14,0.3070235762163367,0
63136,2012-02-14,0.20029283805118214,0
63137,2012-02-14,0.4173041589570897,0
63138,2012-02-14,0.2712282804883262,1
63139,2012-02-14,0.49114556289285843,0
63140,2012-02-14,0.1866364527143409,1
63141,2012-02-14,0.517317454742889,1
63142,2012-02-14,0.22549292668808743,1
63143,2012-02-14,0.41534333782480287,1
63144,2012-02-14,0.1618960735037875,0
63145,2012-02-14,0.10511414252491681,0
63146,2012-02-14,0.2804599731322734,1
63147,2012-02-14,0.29834230661445615,0
63148,2012-02-14,0.19164907024377084,0
63149,2012-02-14,0.6027547714222666,1
63150,2012-02-14,0.371113974980301,1
63151,2012-02-14,0.18812768514307107,0
63152,2012-02-14,0.24886643585081955,0
63153,2012-02-14,0.28712323850310884,1
63154,2012-02-14,0.27004525655642714,0
63155,2012-02-14,0.4164801811275153,0
63156,2012-02-14,0.17434788098574236,1
63157,2012-02-15,0.3868877555370437,0
63158,2012-02-15,0.37251125062854934,0
63159,2012-02-15,0.14396043440224993,0
63160,2012-02-15,0.5476248851104192,1
63161,2012-02-15,0.193582139940241,0
63162,2012-02-15,0.15811624233301041,1
63163,2012-02-15,0.3293269558572193,1
63164,2012-02-15,0.14694693993005403,0
63165,2012-02-15,0.3986627399226956,1
63166,2012-02-15,0.30608336718950296,1
63167,2012-02-15,0.5039417537246258,0
63168,2012-02-15,0.3344667372454658,1
63169,2012-02-15,0.2963845223587895,1
63170,2012-02-15,0.3575888363817643,0
63171,2012-02-15,0.2463533394085931,0
63172,2012-02-15,0.624159386105877,0
63173,2012-02-15,0.14483975020755122,0
63174,2012-02-15,0.5319566811238934,1
63175,2012-02-15,0.31112744333771436,1
63176,2012-02-15,0.13218289676565007,0
63177,2012-02-15,0.5504820291644694,0
63178,2012-02-15,0.31323375390703906,0
63179,2012-02-15,0.380643969628423,1
63180,2012-02-15,0.29144199940363325,1
63181,2012-02-15,0.195503586027215,0
63182,2012-02-15,0.20432462439004445,0
63183,2012-02-15,0.4562410985887953,1
63184,2012-02-15,0.2765325178416374,0
63185,2012-02-15,0.2938985106713159,0
63186,2012-02-15,0.534880024238386,0
63187,2012-02-15,0.25398272480308226,1
63188,2012-02-15,0.3659190024448698,1
63189,2012-02-15,0.2313792684655116,0
63190,2012-02-15,0.3153840623079317,0
63191,2012-02-15,0.10765416308279584,0
63192,2012-02-15,0.3471328585904682,0
63193,2012-02-15,0.13064334906618405,0
63194,2012-02-15,0.22300475269768197,0
63195,2012-02-15,0.41983636147637393,1
63196,2012-02-15,0.6209327188936468,1
63197,2012-02-15,0.32172359659205085,1
63198,2012-02-15,0.23632754302923195,0
63199,2012-02-15,0.3438514281378843,0
63200,2012-02-15,0.45067616880137784,0
63201,2012-02-15,0.5211703989553005,0
63202,2012-02-15,0.31782886646738845,1
63203,2012-02-15,0.22369504984971536,0
63204,2012-02-15,0.45412428114202813,1
63205,2012-02-15,0.2055834955105315,0
63206,2012-02-15,0.451436477338899,1
63207,2012-02-15,0.133615059605347,0
63208,2012-02-15,0.27746234841810924,0
63209,2012-02-15,0.2050238671975794,0
63210,2012-02-15,0.3734545555407518,0
63211,2012-02-15,0.44598493726073146,1
63212,2012-02-15,0.342517628736129,0
63213,2012-02-15,0.20570820092473108,1
63214,2012-02-15,0.23332617510397982,0
63215,2012-02-15,0.545098398344017,1
63216,2012-02-15,0.20441364408836868,0
63217,2012-02-15,0.5443947465437114,1
63218,2012-02-15,0.3314993966008333,0
63219,2012-02-15,0.5436296396808011,0
63220,2012-02-15,0.4960931422689943,0
63221,2012-02-15,0.16161729638520062,1
63222,2012-02-15,0.17606764684778678,1
63223,2012-02-15,0.5155446382449004,1
63224,2012-02-15,0.3809229937354951,1
63225,2012-02-15,0.308013342097317,0
63226,2012-02-15,0.44306958843434235,0
63227,2012-02-15,0.21295445667041063,0
63228,2012-02-15,0.4124420380658255,1
63229,2012-02-15,0.56962841285822,1
63230,2012-02-15,0.4319225477426819,0
63231,2012-02-15,0.31159886241492396,0
63232,2012-02-15,0.32573821517886387,0
63233,2012-02-15,0.32365258163122484,0
63234,2012-02-15,0.3818068425973466,1
63235,2012-02-15,0.44690941337045703,1
63236,2012-02-15,0.42975186611010974,1
63237,2012-02-15,0.4344815632238843,1
63238,2012-02-15,0.15484888323331908,0
63239,2012-02-15,0.17832892639561898,1
63240,2012-02-15,0.2702234352961683,1
63241,2012-02-15,0.6246938720796594,1
63242,2012-02-15,0.31877993506008795,0
63243,2012-02-15,0.4754058939710955,1
63244,2012-02-15,0.3560668547088718,0
63245,2012-02-15,0.5367376951740204,1
63246,2012-02-15,0.42607733181772706,1
63247,2012-02-15,0.34729124915573867,1
63248,2012-02-15,0.2917048875578408,0
63249,2012-02-15,0.6477704997444724,0
63250,2012-02-15,0.6064645776360785,1
63251,2012-02-15,0.25998457169270445,0
63252,2012-02-15,0.29449004676717727,1
63253,2012-02-15,0.6075307907946654,0
63254,2012-02-15,0.251512570090534,0
63255,2012-02-15,0.45033696432384296,1
63256,2012-02-15,0.2858025555649451,1
63257,2012-02-15,0.307937119786343,1
63258,2012-02-15,0.26825851440236553,1
63259,2012-02-15,0.21989128744233075,1
63260,2012-02-15,0.2391472369533269,0
63261,2012-02-15,0.3171988929642328,0
63262,2012-02-15,0.34658219316073946,0
63263,2012-02-15,0.45346553003001905,0
63264,2012-02-15,0.2869715491125028,1
63265,2012-02-15,0.656456547483286,1
63266,2012-02-15,0.2839145312352048,1
63267,2012-02-15,0.20504528265214528,0
63268,2012-02-15,0.19805829265860267,0
63269,2012-02-15,0.16385947864278866,0
63270,2012-02-15,0.26835408825698415,0
63271,2012-02-15,0.3676403785216037,0
63272,2012-02-15,0.30168364771216055,0
63273,2012-02-15,0.5934531966937674,1
63274,2012-02-15,0.6185799556528341,1
63275,2012-02-15,0.6386238728797968,1
63276,2012-02-15,0.3693954685462085,1
63277,2012-02-15,0.29606820521336785,0
63278,2012-02-15,0.19643755885012765,0
63279,2012-02-15,0.6464224192419822,1
63280,2012-02-15,0.40381733553394494,0
63281,2012-02-15,0.5767973338660068,1
63282,2012-02-15,0.2974902936634012,0
63283,2012-02-15,0.40603357987054267,1
63284,2012-02-15,0.3368662662284383,1
63285,2012-02-15,0.5528922600830902,1
63286,2012-02-15,0.47644698607003416,1
63287,2012-02-15,0.32765517235547686,1
63288,2012-02-15,0.14310078389481604,0
63289,2012-02-15,0.49561937790307675,0
63290,2012-02-15,0.26915163826506316,1
63291,2012-02-15,0.5555339382746919,0
63292,2012-02-15,0.36983262838919584,1
63293,2012-02-15,0.34198866034062336,1
63294,2012-02-15,0.39161220196323604,0
63295,2012-02-15,0.4842622191552153,0
63296,2012-02-15,0.3999155517892854,1
63297,2012-02-15,0.5024099018140765,0
63298,2012-02-15,0.302156921579797,1
63299,2012-02-15,0.1640076077339431,0
63300,2012-02-15,0.5388497146754033,1
63301,2012-02-15,0.20320179702762742,0
63302,2012-02-15,0.5940866104383841,1
63303,2012-02-15,0.38916474245011046,1
63304,2012-02-15,0.2760859929984992,1
63305,2012-02-15,0.2727908592736089,0
63306,2012-02-15,0.3607876673980448,0
63307,2012-02-15,0.3676955035588056,1
63308,2012-02-15,0.2885245554124239,1
63309,2012-02-15,0.20711302090204822,1
63310,2012-02-15,0.1540150518496989,1
63311,2012-02-15,0.5673210629201909,1
63312,2012-02-15,0.24488558448226297,0
63313,2012-02-15,0.41679755279827313,1
63314,2012-02-15,0.23614204491715518,0
63315,2012-02-15,0.3319719845139413,1
63316,2012-02-15,0.33473186148459577,1
63317,2012-02-15,0.30999928234437046,1
63318,2012-02-15,0.32365847483760135,1
63319,2012-02-15,0.2396839023768171,1
63320,2012-02-15,0.20501146837263048,0
63321,2012-02-15,0.4546948158620375,0
63322,2012-02-15,0.49628862118599265,0
63323,2012-02-15,0.19074473961293306,0
63324,2012-02-15,0.38370804549713433,1
63325,2012-02-15,0.2875317278592229,0
63326,2012-02-15,0.38139343218673716,1
63327,2012-02-15,0.22057446783673212,0
63328,2012-02-16,0.33101062036716633,0
63329,2012-02-16,0.27048026895544464,1
63330,2012-02-16,0.23808313600108122,0
63331,2012-02-16,0.452812724061889,1
63332,2012-02-16,0.48389339859792674,0
63333,2012-02-16,0.13322504937912052,0
63334,2012-02-16,0.5306898947769596,0
63335,2012-02-16,0.16975232595896014,0
63336,2012-02-16,0.2677358375040689,0
63337,2012-02-16,0.13795702930747686,0
63338,2012-02-16,0.45899085332128514,0
63339,2012-02-16,0.30851194712006064,0
63340,2012-02-16,0.43469823570309907,1
63341,2012-02-16,0.6116721821969046,1
63342,2012-02-16,0.26267999485033244,1
63343,2012-02-16,0.5670744455659649,1
63344,2012-02-16,0.33486263103027225,0
63345,2012-02-16,0.20006982796555978,0
63346,2012-02-16,0.32833590060470247,1
63347,2012-02-16,0.3793781027036229,1
63348,2012-02-16,0.5621174543613392,1
63349,2012-02-16,0.3265219127418046,0
63350,2012-02-16,0.2893044107995641,0
63351,2012-02-16,0.27976334826177807,0
63352,2012-02-16,0.33858251097262393,0
63353,2012-02-16,0.5323937829917865,1
63354,2012-02-16,0.22589353092731,1
63355,2012-02-16,0.40067050320891623,1
63356,2012-02-16,0.4389022452735446,0
63357,2012-02-16,0.2397933190088773,1
63358,2012-02-16,0.5985052365060272,0
63359,2012-02-16,0.3646468240034778,1
63360,2012-02-16,0.42228540555685407,1
63361,2012-02-16,0.4666510068985655,1
63362,2012-02-16,0.16202036758868185,0
63363,2012-02-16,0.3482658566249543,0
63364,2012-02-16,0.3288551712941419,1
63365,2012-02-16,0.12266530925720368,0
63366,2012-02-16,0.5381842170096526,1
63367,2012-02-16,0.46148283393716705,0
63368,2012-02-16,0.3815115238955622,0
63369,2012-02-16,0.46432798389489005,1
63370,2012-02-16,0.3514101827689056,0
63371,2012-02-16,0.21869383458037212,1
63372,2012-02-16,0.3710513322312285,0
63373,2012-02-16,0.22900457620477951,0
63374,2012-02-16,0.35273800394161914,0
63375,2012-02-16,0.3002814875782818,0
63376,2012-02-16,0.2302664954540691,1
63377,2012-02-16,0.2797789121004487,0
63378,2012-02-16,0.11813718551219855,0
63379,2012-02-16,0.32421453480285634,0
63380,2012-02-16,0.4955833178297888,1
63381,2012-02-16,0.510605310374837,0
63382,2012-02-16,0.14825356667720008,0
63383,2012-02-16,0.12489844109682421,0
63384,2012-02-16,0.6415388888536998,1
63385,2012-02-16,0.28800274029726614,0
63386,2012-02-16,0.2147622235032333,0
63387,2012-02-16,0.32863420968397594,0
63388,2012-02-16,0.15769277264220805,0
63389,2012-02-16,0.6138415924641765,0
63390,2012-02-16,0.23429876817867945,0
63391,2012-02-16,0.3408934965180787,0
63392,2012-02-16,0.3728863893044029,0
63393,2012-02-16,0.25427016252116674,1
63394,2012-02-16,0.34388936406277987,0
63395,2012-02-16,0.26609890928133967,0
63396,2012-02-16,0.45727135930964424,0
63397,2012-02-16,0.40443492432726963,0
63398,2012-02-16,0.3751478028610936,1
63399,2012-02-16,0.43317585088409233,1
63400,2012-02-16,0.5040664245949542,1
63401,2012-02-16,0.5870019763031001,1
63402,2012-02-16,0.3659098639968692,0
63403,2012-02-16,0.3143010408456242,0
63404,2012-02-16,0.3189323477293186,0
63405,2012-02-16,0.3013874074135877,1
63406,2012-02-16,0.2188893896822795,1
63407,2012-02-16,0.2733681893753495,0
63408,2012-02-16,0.2597328746677402,0
63409,2012-02-16,0.1295154982199575,1
63410,2012-02-16,0.42235845886006224,1
63411,2012-02-16,0.2871882680310099,1
63412,2012-02-16,0.5884484311466192,0
63413,2012-02-16,0.374184986085373,1
63414,2012-02-16,0.2635092776582211,1
63415,2012-02-16,0.4676176867878149,1
63416,2012-02-16,0.5954619423686094,1
63417,2012-02-16,0.4161909391023043,1
63418,2012-02-16,0.44620446499975963,1
63419,2012-02-16,0.5836143117569078,0
63420,2012-02-16,0.3406502992936608,0
63421,2012-02-16,0.6444662370491516,1
63422,2012-02-16,0.15977414877531793,0
63423,2012-02-16,0.3539971505176917,1
63424,2012-02-16,0.33294598224526,0
63425,2012-02-16,0.493618062091662,1
63426,2012-02-16,0.21675295018171034,0
63427,2012-02-16,0.3122077882874603,0
63428,2012-02-16,0.2493658824656985,1
63429,2012-02-16,0.20095693075542298,0
63430,2012-02-16,0.16157062357909324,0
63431,2012-02-16,0.3697350318371701,1
63432,2012-02-16,0.46723828154335273,0
63433,2012-02-16,0.285574930013501,0
63434,2012-02-16,0.31479776245340757,0
63435,2012-02-16,0.40767939511423607,0
63436,2012-02-16,0.28416258413710327,1
63437,2012-02-16,0.2479985626339967,1
63438,2012-02-16,0.269928660335394,0
63439,2012-02-16,0.320170745581775,1
63440,2012-02-16,0.4994539114799066,1
63441,2012-02-16,0.16261879847165508,1
63442,2012-02-16,0.33472110018135237,1
63443,2012-02-16,0.2170467044752146,0
63444,2012-02-16,0.27431362749828986,0
63445,2012-02-16,0.549745745119067,1
63446,2012-02-16,0.3319168516706669,0
63447,2012-02-16,0.44924259493406254,0
63448,2012-02-16,0.15792236181214075,0
63449,2012-02-16,0.2648538491836498,1
63450,2012-02-16,0.5443036608934482,1
63451,2012-02-16,0.2855439690375461,0
63452,2012-02-16,0.16784040567485672,1
63453,2012-02-16,0.18393423983099438,0
63454,2012-02-16,0.5598467896681719,0
63455,2012-02-16,0.38957766889932316,0
63456,2012-02-16,0.6392482605087397,1
63457,2012-02-16,0.23459439615353142,1
63458,2012-02-16,0.17184065599754944,0
63459,2012-02-16,0.17291395798231302,0
63460,2012-02-16,0.3421428580670533,1
63461,2012-02-16,0.3815115238955622,1
63462,2012-02-16,0.15236652198205775,0
63463,2012-02-16,0.34470578118246603,1
63464,2012-02-16,0.3224983915031625,0
63465,2012-02-16,0.5484674692741899,1
63466,2012-02-16,0.2692591387617865,0
63467,2012-02-16,0.24458836172327542,0
63468,2012-02-16,0.39135538896548944,1
63469,2012-02-16,0.3809343526621998,1
63470,2012-02-16,0.14638206169350026,0
63471,2012-02-16,0.5249029167694298,1
63472,2012-02-16,0.44122881385277296,0
63473,2012-02-16,0.40898822397167256,0
63474,2012-02-16,0.31896764909689623,0
63475,2012-02-16,0.33342203440142226,1
63476,2012-02-16,0.31052320193356936,0
63477,2012-02-16,0.48661813115325725,0
63478,2012-02-16,0.3173393820441729,1
63479,2012-02-16,0.23690636209638796,0
63480,2012-02-16,0.5268271112312581,1
63481,2012-02-16,0.20203376109046828,1
63482,2012-02-16,0.227184070266946,1
63483,2012-02-16,0.2404761172149875,1
63484,2012-02-16,0.5387467409730403,0
63485,2012-02-16,0.3819306280379164,1
63486,2012-02-16,0.4704216308713335,1
63487,2012-02-16,0.5213196023354223,0
63488,2012-02-16,0.18040844834728278,1
63489,2012-02-16,0.23172786394731448,1
63490,2012-02-16,0.5616707955379849,0
63491,2012-02-16,0.23817754403651312,1
63492,2012-02-16,0.2630674545015175,0
63493,2012-02-16,0.3013039770878099,0
63494,2012-02-16,0.3868964140370292,0
63495,2012-02-16,0.39580721902831656,0
63496,2012-02-16,0.22320235461592017,1
63497,2012-02-16,0.3055394632183386,0
63498,2012-02-16,0.27832758706944877,0
63499,2012-02-16,0.3561614480901316,0
63500,2012-02-16,0.343345267239694,1
63501,2012-02-16,0.31933585748378784,0
63502,2012-02-16,0.5608897316000954,0
63503,2012-02-16,0.30297609800649467,0
63504,2012-02-16,0.3587562296549219,1
63505,2012-02-16,0.13722237248907473,0
63506,2012-02-16,0.15446475932433926,0
63507,2012-02-16,0.6690595218861518,1
63508,2012-02-16,0.3344370479650341,1
63509,2012-02-16,0.20671586122689364,0
63510,2012-02-16,0.22698462750648127,0
63511,2012-02-16,0.20680451722882304,0
63512,2012-02-16,0.382036453326864,0
63513,2012-02-16,0.4858928712561039,0
63514,2012-02-16,0.5515453256723543,0
63515,2012-02-16,0.3195081507745732,0
63516,2012-02-16,0.596751243033423,1
63517,2012-02-16,0.4428434722211053,0
63518,2012-02-16,0.33786207218701003,0
63519,2012-02-16,0.6165558521844149,1
63520,2012-02-16,0.23010740002368882,0
63521,2012-02-16,0.15004178247294392,0
63522,2012-02-16,0.3330952175438989,0
63523,2012-02-16,0.4550810053086826,1
63524,2012-02-16,0.3080200794556041,0
63525,2012-02-16,0.28852113412046065,1
63526,2012-02-16,0.5192363672764384,1
63527,2012-02-16,0.384396521839179,0
63528,2012-02-16,0.18849216301589652,0
63529,2012-02-16,0.3765169238879625,0
63530,2012-02-16,0.2389779555197224,1
63531,2012-02-16,0.33130928146546146,0
63532,2012-02-16,0.2553894187833994,0
63533,2012-02-16,0.19793210858359675,0
63534,2012-02-16,0.4497841794380984,0
63535,2012-02-16,0.19355059018975676,0
63536,2012-02-16,0.3459805876375299,0
63537,2012-02-16,0.5909439526194445,0
63538,2012-02-16,0.33474256547298453,1
63539,2012-02-16,0.2598141552381627,0
63540,2012-02-16,0.33180731700819716,0
63541,2012-02-16,0.5255813762951502,1
63542,2012-02-17,0.13807941093778783,0
63543,2012-02-17,0.27564499859047076,0
63544,2012-02-17,0.16914589338770855,0
63545,2012-02-17,0.29962443880596906,0
63546,2012-02-17,0.24982144062238948,1
63547,2012-02-17,0.27650710528976513,0
63548,2012-02-17,0.23900321200492974,0
63549,2012-02-17,0.2619768776947698,0
63550,2012-02-17,0.19214972119471052,0
63551,2012-02-17,0.24686549682314682,0
63552,2012-02-17,0.2946176026840767,1
63553,2012-02-17,0.3783731836112445,0
63554,2012-02-17,0.4407428842093136,0
63555,2012-02-17,0.26696337525816344,0
63556,2012-02-17,0.47639094058274484,1
63557,2012-02-17,0.25450002784627945,0
63558,2012-02-17,0.3069168532270658,0
63559,2012-02-17,0.2435386105306671,1
63560,2012-02-17,0.3202755079644761,1
63561,2012-02-17,0.5318223167830786,1
63562,2012-02-17,0.22265747095505556,1
63563,2012-02-17,0.4373981177812585,1
63564,2012-02-17,0.3054731397319013,0
63565,2012-02-17,0.368092971171894,1
63566,2012-02-17,0.1834907559670056,0
63567,2012-02-17,0.25187833007130006,0
63568,2012-02-17,0.16749035050472866,0
63569,2012-02-17,0.20143088157622985,1
63570,2012-02-17,0.5490530604220648,1
63571,2012-02-17,0.2066759694378611,0
63572,2012-02-17,0.3599374374323805,1
63573,2012-02-17,0.16328203522961315,0
63574,2012-02-17,0.6423269453440773,1
63575,2012-02-17,0.4199255512683255,0
63576,2012-02-17,0.49001443887507345,1
63577,2012-02-17,0.19889058701145587,1
63578,2012-02-17,0.33020579260172916,1
63579,2012-02-17,0.335061412585693,0
63580,2012-02-17,0.21314771719239087,0
63581,2012-02-17,0.3759630874533334,1
63582,2012-02-17,0.3952116161507909,0
63583,2012-02-17,0.3078533772667421,0
63584,2012-02-17,0.25189653019798014,0
63585,2012-02-17,0.526623638025447,1
63586,2012-02-17,0.3688535511254664,1
63587,2012-02-17,0.5645211653364626,0
63588,2012-02-17,0.17470892660948428,0
63589,2012-02-17,0.3041740254161762,0
63590,2012-02-17,0.15147771945106236,1
63591,2012-02-17,0.39960048007410637,1
63592,2012-02-17,0.2781641289981368,1
63593,2012-02-17,0.3008780076210917,0
63594,2012-02-17,0.29774259871907466,0
63595,2012-02-17,0.29915783095271353,1
63596,2012-02-17,0.48020680837854673,1
63597,2012-02-17,0.15355316083374998,0
63598,2012-02-17,0.22224264403171698,0
63599,2012-02-17,0.15302484822371598,0
63600,2012-02-17,0.4256957096196139,0
63601,2012-02-17,0.318801946505246,1
63602,2012-02-17,0.14322705228751437,0
63603,2012-02-17,0.23662917494263921,1
63604,2012-02-17,0.3052697929847498,0
63605,2012-02-17,0.3359218778129678,1
63606,2012-02-17,0.11681673674537785,1
63607,2012-02-17,0.2751141528754606,1
63608,2012-02-17,0.21019793479113202,0
63609,2012-02-17,0.27124732620053216,0
63610,2012-02-17,0.36532857143512293,1
63611,2012-02-17,0.16762363961296312,0
63612,2012-02-17,0.2922986914861199,0
63613,2012-02-17,0.3408480352098351,0
63614,2012-02-17,0.20039639600581002,0
63615,2012-02-17,0.12407348427823403,0
63616,2012-02-17,0.19479724320363906,1
63617,2012-02-17,0.40054840214343884,1
63618,2012-02-17,0.19453842334193253,0
63619,2012-02-17,0.20827725767989835,0
63620,2012-02-17,0.39586138443786584,0
63621,2012-02-17,0.2668120736527396,1
63622,2012-02-17,0.4747327884187194,0
63623,2012-02-17,0.347261538430335,0
63624,2012-02-17,0.2678873282038594,0
63625,2012-02-17,0.23064245144068451,0
63626,2012-02-17,0.23167010493261897,0
63627,2012-02-17,0.21007213609719574,0
63628,2012-02-17,0.44287812124094905,1
63629,2012-02-17,0.2659338076617329,0
63630,2012-02-17,0.35966721960162906,1
63631,2012-02-17,0.3425437879228652,0
63632,2012-02-17,0.5051509257658958,0
63633,2012-02-17,0.21937200016486458,1
63634,2012-02-17,0.3452838090536163,0
63635,2012-02-17,0.46641866939574306,0
63636,2012-02-17,0.4454354468109895,0
63637,2012-02-17,0.3250101937226059,1
63638,2012-02-17,0.3857848036212123,1
63639,2012-02-17,0.12971315233522948,0
63640,2012-02-17,0.5318077916763498,1
63641,2012-02-17,0.30819137945240693,0
63642,2012-02-17,0.24978588711498279,0
63643,2012-02-17,0.41790261155838165,1
63644,2012-02-17,0.2724669578614946,1
63645,2012-02-17,0.15252477201438217,1
63646,2012-02-17,0.4191670432229492,1
63647,2012-02-17,0.5098451663313462,0
63648,2012-02-17,0.29107980889946367,1
63649,2012-02-17,0.41722242882973426,0
63650,2012-02-17,0.34726313928121383,1
63651,2012-02-17,0.3652918751413688,1
63652,2012-02-17,0.29108643579150656,1
63653,2012-02-17,0.22136209222854117,1
63654,2012-02-17,0.22901508574868526,0
63655,2012-02-17,0.3484127089402474,0
63656,2012-02-17,0.2900711625328072,0
63657,2012-02-17,0.6268525147704428,0
63658,2012-02-17,0.21494598735601242,0
63659,2012-02-17,0.3277337911140249,0
63660,2012-02-17,0.45276013862286996,1
63661,2012-02-17,0.4852649642189355,1
63662,2012-02-17,0.5499435653034692,1
63663,2012-02-17,0.21584467077813926,1
63664,2012-02-17,0.35648656833187337,0
63665,2012-02-17,0.3244272840858884,1
63666,2012-02-17,0.2822967720920674,1
63667,2012-02-17,0.31600989644295396,0
63668,2012-02-17,0.20242833342913888,0
63669,2012-02-17,0.17490960832885444,0
63670,2012-02-17,0.1660228868872625,0
63671,2012-02-17,0.32011534432285865,0
63672,2012-02-17,0.2717720169498399,1
63673,2012-02-17,0.5169215021279568,0
63674,2012-02-18,0.16054659194548393,1
63675,2012-02-18,0.3621998001610873,0
63676,2012-02-18,0.3513979887883247,0
63677,2012-02-18,0.3667168240809397,0
63678,2012-02-18,0.15529335983635043,0
63679,2012-02-18,0.18548377837495994,1
63680,2012-02-18,0.4318844225582591,1
63681,2012-02-18,0.411076974473425,0
63682,2012-02-18,0.4131817807877996,1
63683,2012-02-18,0.4018128591760198,1
63684,2012-02-18,0.22922884476277572,0
63685,2012-02-18,0.2990201045580068,1
63686,2012-02-18,0.288604946284068,0
63687,2012-02-18,0.15323019091316384,0
63688,2012-02-18,0.5682412878491805,0
63689,2012-02-18,0.37482877772804507,1
63690,2012-02-18,0.4966299258863943,1
63691,2012-02-18,0.337275878361,1
63692,2012-02-18,0.2893549390865832,0
63693,2012-02-18,0.3710690068362207,1
63694,2012-02-18,0.44938673150024616,0
63695,2012-02-18,0.12964664718114818,0
63696,2012-02-18,0.40217298217381875,0
63697,2012-02-18,0.5643581273679267,0
63698,2012-02-18,0.3806104659423488,0
63699,2012-02-18,0.37813371712824945,0
63700,2012-02-18,0.2892916385690523,1
63701,2012-02-18,0.28595183679734065,0
63702,2012-02-18,0.15688475861730097,0
63703,2012-02-18,0.26965617995474583,1
63704,2012-02-18,0.44099695327547334,1
63705,2012-02-18,0.3802680610717229,0
63706,2012-02-18,0.11219887234727965,0
63707,2012-02-18,0.45331032538150384,0
63708,2012-02-18,0.553565068747108,1
63709,2012-02-18,0.39959657845971136,0
63710,2012-02-18,0.15123607177651002,1
63711,2012-02-18,0.34701816319502277,1
63712,2012-02-18,0.258980025078699,1
63713,2012-02-18,0.32292874992918064,0
63714,2012-02-18,0.2260078700078061,0
63715,2012-02-18,0.12684232998629977,0
63716,2012-02-18,0.15489030347924243,0
63717,2012-02-18,0.2995875061896095,1
63718,2012-02-18,0.5416674768482381,1
63719,2012-02-18,0.28982145892508243,0
63720,2012-02-18,0.5207137440028154,1
63721,2012-02-18,0.4053127872311472,1
63722,2012-02-18,0.27363584048449524,1
63723,2012-02-18,0.17257459697608885,0
63724,2012-02-18,0.3806560059114872,0
63725,2012-02-18,0.3505390933626892,0
63726,2012-02-18,0.2774847287864909,0
63727,2012-02-18,0.18365057958291903,0
63728,2012-02-18,0.20557925967904261,0
63729,2012-02-18,0.49228643110412507,0
63730,2012-02-18,0.4582404503279935,1
63731,2012-02-18,0.23403898990567773,0
63732,2012-02-18,0.2028398114804353,0
63733,2012-02-18,0.23154251769958817,1
63734,2012-02-18,0.47040231800274396,1
63735,2012-02-18,0.4352678457117746,1
63736,2012-02-18,0.5217481694493267,1
63737,2012-02-18,0.2598909295244516,0
63738,2012-02-18,0.4136076807697466,0
63739,2012-02-18,0.3198582398166102,0
63740,2012-02-18,0.40512781448436863,1
63741,2012-02-18,0.4659970652418991,1
63742,2012-02-18,0.17816642671279206,0
63743,2012-02-18,0.6205165735576539,1
63744,2012-02-18,0.5658190912522327,1
63745,2012-02-18,0.23787174682968518,0
63746,2012-02-18,0.43536212538920216,1
63747,2012-02-18,0.30951498236580566,0
63748,2012-02-18,0.5056379205219107,1
63749,2012-02-18,0.13545922710494332,0
63750,2012-02-18,0.2618522148973048,1
63751,2012-02-18,0.4995243729486703,1
63752,2012-02-18,0.20011390358804698,1
63753,2012-02-18,0.43847920342971847,1
63754,2012-02-18,0.24589939333578884,0
63755,2012-02-18,0.23042602187197145,0
63756,2012-02-18,0.4876707500807019,0
63757,2012-02-18,0.12329039113803016,0
63758,2012-02-18,0.4721610320681647,1
63759,2012-02-18,0.6576030036228584,0
63760,2012-02-18,0.2747957665026587,0
63761,2012-02-18,0.3504788805841862,1
63762,2012-02-18,0.2257028716811287,1
63763,2012-02-18,0.4657920221649433,1
63764,2012-02-18,0.2938870234644599,0
63765,2012-02-18,0.3040610395201182,0
63766,2012-02-18,0.3355474704593959,0
63767,2012-02-18,0.5024742675193239,0
63768,2012-02-18,0.29296018584729083,1
63769,2012-02-18,0.25276460654063326,1
63770,2012-02-18,0.377327743160681,0
63771,2012-02-18,0.5972984471284524,1
63772,2012-02-18,0.18803900309676247,1
63773,2012-02-18,0.24345623903344585,1
63774,2012-02-18,0.5457083929748191,0
63775,2012-02-18,0.1721002545009245,0
63776,2012-02-18,0.18487005630858291,0
63777,2012-02-18,0.45291414052386164,1
63778,2012-02-18,0.46966427286399826,0
63779,2012-02-18,0.43592423509195544,1
63780,2012-02-18,0.2596590681771092,0
63781,2012-02-18,0.1593234838486688,0
63782,2012-02-18,0.2058214077617103,0
63783,2012-02-18,0.5564286040253845,1
63784,2012-02-18,0.5172548994990924,1
63785,2012-02-18,0.4904436445589266,0
63786,2012-02-18,0.20747842983629913,1
63787,2012-02-18,0.34592069583728297,1
63788,2012-02-18,0.42576971580634226,1
63789,2012-02-18,0.3487442637714164,0
63790,2012-02-18,0.28404556314071105,1
63791,2012-02-18,0.15107941599592076,0
63792,2012-02-18,0.1734480350860495,0
63793,2012-02-18,0.34462385354823355,0
63794,2012-02-18,0.20024420394675357,0
63795,2012-02-18,0.3002902530567365,1
63796,2012-02-18,0.25222724589931783,0
63797,2012-02-18,0.19993628998645838,0
63798,2012-02-18,0.15559880341392338,0
63799,2012-02-18,0.253152754760505,0
63800,2012-02-18,0.6086837957475648,1
63801,2012-02-18,0.6427177316477221,1
63802,2012-02-18,0.18368333121423627,0
63803,2012-02-18,0.25553594139334534,1
63804,2012-02-18,0.4334622231038396,0
63805,2012-02-18,0.5427643971337521,0
63806,2012-02-18,0.16853159819672,1
63807,2012-02-18,0.15471324695954586,0
63808,2012-02-18,0.532015721394341,1
63809,2012-02-18,0.1682086894649229,0
63810,2012-02-18,0.2755084751458143,0
63811,2012-02-18,0.3917470888507083,0
63812,2012-02-18,0.5469649736663634,0
63813,2012-02-18,0.5150642256649854,1
63814,2012-02-18,0.43172819638123694,1
63815,2012-02-18,0.17179993193645784,0
63816,2012-02-18,0.2142214761736672,0
63817,2012-02-18,0.6085624820449665,1
63818,2012-02-18,0.41532706775298694,0
63819,2012-02-18,0.12348470097745776,0
63820,2012-02-18,0.4686035060966847,1
63821,2012-02-18,0.1679947180958217,0
63822,2012-02-18,0.24255550223758407,0
63823,2012-02-18,0.6007360421097294,1
63824,2012-02-18,0.20881506721711696,1
63825,2012-02-18,0.426523127940593,0
63826,2012-02-18,0.33307079914137777,0
63827,2012-02-18,0.32583497156170066,0
63828,2012-02-18,0.27024379682182825,0
63829,2012-02-18,0.20843569257135633,1
63830,2012-02-18,0.171903498959646,1
63831,2012-02-18,0.1722611118666021,0
63832,2012-02-18,0.5914215793075637,0
63833,2012-02-18,0.21048546629846107,0
63834,2012-02-18,0.3574264771299742,0
63835,2012-02-18,0.34699839362252366,0
63836,2012-02-18,0.27740870951180796,1
63837,2012-02-18,0.3409284123288135,0
63838,2012-02-18,0.6793412035976186,1
63839,2012-02-18,0.5480147750782015,0
63840,2012-02-18,0.2812705340123627,1
63841,2012-02-18,0.18035388496343668,0
63842,2012-02-18,0.2738919406661383,0
63843,2012-02-18,0.4474130877766278,0
63844,2012-02-18,0.1672411850270164,0
63845,2012-02-18,0.1382289191931215,0
63846,2012-02-18,0.4774525066911216,0
63847,2012-02-18,0.4945704455063372,0
63848,2012-02-18,0.20515172722759703,0
63849,2012-02-18,0.15240531968491103,1
63850,2012-02-18,0.16621557699793335,0
63851,2012-02-18,0.21349573728135823,1
63852,2012-02-18,0.3145923766019742,0
63853,2012-02-18,0.4672269710703406,1
63854,2012-02-18,0.4127415888100153,0
63855,2012-02-18,0.5868880450586473,0
63856,2012-02-18,0.41384576990479993,1
63857,2012-02-18,0.1838206752053179,0
63858,2012-02-18,0.27993214128263366,0
63859,2012-02-18,0.3585515063160635,0
63860,2012-02-18,0.48496263184188326,0
63861,2012-02-18,0.25222329048200204,0
63862,2012-02-18,0.34666849373523284,0
63863,2012-02-18,0.3174814540360603,1
63864,2012-02-18,0.3688442242082696,1
63865,2012-02-18,0.37266737170359493,1
63866,2012-02-18,0.2696763356095975,0
63867,2012-02-18,0.40822184908925885,0
63868,2012-02-18,0.33291000159751816,0
63869,2012-02-18,0.19515895353002868,1
63870,2012-02-18,0.21609672487585377,0
63871,2012-02-18,0.18281859501209413,0
63872,2012-02-18,0.4646435687511972,1
63873,2012-02-18,0.5305099136354,1
63874,2012-02-18,0.41358997615698273,0
63875,2012-02-18,0.14852166982126197,0
63876,2012-02-18,0.5038008734008197,1
63877,2012-02-18,0.27453048886696574,1
63878,2012-02-18,0.40936155563062604,0
63879,2012-02-18,0.14287868706587456,0
63880,2012-02-18,0.14369821482820058,1
63881,2012-02-18,0.4987029338004213,1
63882,2012-02-18,0.2927368985774358,0
63883,2012-02-18,0.171903498959646,0
63884,2012-02-18,0.6014400612998624,0
63885,2012-02-18,0.15822053060390298,0
63886,2012-02-18,0.595984651570574,1
63887,2012-02-18,0.5620705397514536,1
63888,2012-02-18,0.38586537547434424,0
63889,2012-02-18,0.42114006163827117,0
63890,2012-02-18,0.36733937894970314,1
63891,2012-02-18,0.254867751264315,0
63892,2012-02-18,0.171903498959646,1
63893,2012-02-18,0.16869619172199227,0
63894,2012-02-18,0.47821045860033146,0
63895,2012-02-18,0.63925409457346,0
63896,2012-02-18,0.5311408930065522,1
63897,2012-02-18,0.2150020737335997,0
63898,2012-02-18,0.49574388393940566,1
63899,2012-02-18,0.5541877666082163,1
63900,2012-02-18,0.3008723840314635,0
63901,2012-02-18,0.2137301339858094,0
63902,2012-02-18,0.5463585506530408,1
63903,2012-02-18,0.36230331565004503,1
63904,2012-02-18,0.37078799428328424,1
63905,2012-02-18,0.27691418919644434,0
63906,2012-02-18,0.22363842973939638,0
63907,2012-02-18,0.6053536760364989,0
63908,2012-02-18,0.24488269319684214,0
63909,2012-02-18,0.5483963517984786,1
63910,2012-02-18,0.38094460618629583,1
63911,2012-02-18,0.27015761078825423,0
63912,2012-02-18,0.218878161579694,1
63913,2012-02-18,0.6148657333751932,1
63914,2012-02-18,0.2872951216346337,0
63915,2012-02-18,0.24326785638311502,0
63916,2012-02-18,0.18422341528230815,1
63917,2012-02-18,0.19528375913375148,0
63918,2012-02-18,0.39762130995255257,0
63919,2012-02-18,0.1524538035373229,1
63920,2012-02-18,0.11820958201484232,0
63921,2012-02-18,0.5486771004622117,1
63922,2012-02-18,0.25338428758567866,0
63923,2012-02-18,0.5715191423079986,0
63924,2012-02-18,0.21058217368132068,0
63925,2012-02-18,0.32217699303247427,1
63926,2012-02-18,0.16758525210698688,0
63927,2012-02-18,0.22013467090836028,1
63928,2012-02-18,0.3681136574723547,0
63929,2012-02-18,0.19787394978208245,0
63930,2012-02-18,0.5201161791575818,1
63931,2012-02-18,0.3627951673707224,0
63932,2012-02-18,0.26484357829460686,0
63933,2012-02-18,0.25830773820288494,1
63934,2012-02-18,0.3741012055066878,0
63935,2012-02-18,0.4842039143389102,0
63936,2012-02-18,0.2572542409911266,0
63937,2012-02-18,0.19730430345028743,0
63938,2012-02-18,0.17068516853114069,1
63939,2012-02-18,0.5058753883014343,1
63940,2012-02-18,0.35795671031373316,1
63941,2012-02-18,0.2051971587513161,0
63942,2012-02-18,0.26466189055838735,0
63943,2012-02-18,0.20694547816807052,0
63944,2012-02-18,0.2790660197259268,1
63945,2012-02-18,0.19504092309667623,0
63946,2012-02-18,0.3586124383469138,0
63947,2012-02-18,0.22798192286781382,1
63948,2012-02-18,0.45272086156058106,1
63949,2012-02-18,0.25410694275260814,1
63950,2012-02-18,0.27208798532160655,0
63951,2012-02-18,0.15327689823342597,0
63952,2012-02-18,0.2302674446685675,0
63953,2012-02-18,0.5753686062574132,1
63954,2012-02-18,0.28193170211069774,1
63955,2012-02-18,0.31606855487748975,1
63956,2012-02-18,0.5208795075636818,1
63957,2012-02-18,0.48337114526331354,0
63958,2012-02-18,0.4328933301826721,0
63959,2012-02-18,0.40667612471697984,0
63960,2012-02-18,0.21494566707305746,0
63961,2012-02-18,0.2594446923799927,1
63962,2012-02-18,0.23311448857079495,0
63963,2012-02-18,0.19164160305556285,0
63964,2012-02-18,0.37539281219155535,0
63965,2012-02-18,0.580838148088602,0
63966,2012-02-18,0.15098480073713455,0
63967,2012-02-18,0.34854733560079054,0
63968,2012-02-18,0.20730801610815458,0
63969,2012-02-18,0.26924124401331845,0
63970,2012-02-18,0.27950748312908497,0
63971,2012-02-18,0.35738648098004927,1
63972,2012-02-18,0.2304101891325231,1
63973,2012-02-18,0.46952979911652837,0
63974,2012-02-18,0.4974201179857996,0
63975,2012-02-18,0.18562032677457524,1
63976,2012-02-18,0.354254845540136,0
63977,2012-02-18,0.24488269319684214,1
63978,2012-02-18,0.27039493942379483,1
63979,2012-02-18,0.37101428631339617,0
63980,2012-02-18,0.5618866600432485,0
63981,2012-02-18,0.3839943076426989,0
63982,2012-02-18,0.4805500992122509,0
63983,2012-02-19,0.3781203783086653,1
63984,2012-02-19,0.28693647022307006,0
63985,2012-02-19,0.21478648918472115,0
63986,2012-02-19,0.28710628723078274,0
63987,2012-02-19,0.4384954160565457,1
63988,2012-02-19,0.21876775795161899,1
63989,2012-02-19,0.2454325646727062,1
63990,2012-02-19,0.2013794645780106,0
63991,2012-02-19,0.5850218484750865,0
63992,2012-02-19,0.37690479836474927,0
63993,2012-02-19,0.2528991857116514,0
63994,2012-02-19,0.5288401964488171,1
63995,2012-02-19,0.3491665423263068,0
63996,2012-02-19,0.21558544977811292,1
63997,2012-02-19,0.18590906527968365,0
63998,2012-02-19,0.19063494257386576,0
63999,2012-02-19,0.32280225668202955,0
64000,2012-02-19,0.18151635085542456,1
64001,2012-02-19,0.34161122747917383,0
64002,2012-02-19,0.5003968052616693,0
64003,2012-02-19,0.5338473450782304,0
64004,2012-02-19,0.12317247404204054,0
64005,2012-02-19,0.35064006765734385,1
64006,2012-02-19,0.22852885666007508,0
64007,2012-02-19,0.6016425208201527,1
64008,2012-02-19,0.19663932804069628,0
64009,2012-02-19,0.35718004917430235,1
64010,2012-02-19,0.17756656756255898,0
64011,2012-02-19,0.24289110743665784,0
64012,2012-02-19,0.17091660009285242,0
64013,2012-02-19,0.2814647379850297,1
64014,2012-02-19,0.2353309223113158,1
64015,2012-02-19,0.25619237652592436,0
64016,2012-02-19,0.45461065521885213,1
64017,2012-02-19,0.5550637591555674,0
64018,2012-02-19,0.27742462008231983,1
64019,2012-02-19,0.16631313688588417,1
64020,2012-02-19,0.196280739879984,1
64021,2012-02-19,0.39565979841451443,1
64022,2012-02-19,0.36792987295978524,0
64023,2012-02-19,0.27503737394586597,0
64024,2012-02-19,0.213301255988792,0
64025,2012-02-19,0.2604069323405522,0
64026,2012-02-19,0.3337377140837908,0
64027,2012-02-19,0.23118798161275128,0
64028,2012-02-19,0.1626830906206037,0
64029,2012-02-19,0.36492998654904585,0
64030,2012-02-19,0.3182188789312084,0
64031,2012-02-19,0.4243577408391797,0
64032,2012-02-19,0.34025203362880435,1
64033,2012-02-19,0.2703341699470053,0
64034,2012-02-19,0.18980585865247354,1
64035,2012-02-19,0.44883997664279307,0
64036,2012-02-19,0.3243719896715324,0
64037,2012-02-19,0.1681919468046578,0
64038,2012-02-19,0.4998209658614741,0
64039,2012-02-19,0.3686192381972056,0
64040,2012-02-19,0.1624166708995011,1
64041,2012-02-19,0.46556506429633626,1
64042,2012-02-19,0.300550271501286,0
64043,2012-02-19,0.37217066876213006,0
64044,2012-02-19,0.19055145485163663,1
64045,2012-02-19,0.3428935692883423,1
64046,2012-02-19,0.3049301857574472,0
64047,2012-02-19,0.4567883756525595,1
64048,2012-02-19,0.28290279056983164,1
64049,2012-02-19,0.3515244575452546,0
64050,2012-02-19,0.20417357290486907,0
64051,2012-02-19,0.13682510768670406,0
64052,2012-02-19,0.585923689058688,1
64053,2012-02-19,0.22418892191744977,1
64054,2012-02-19,0.3630442152373908,1
64055,2012-02-19,0.31868247729368004,1
64056,2012-02-19,0.4010093390858888,0
64057,2012-02-19,0.3055493758571271,1
64058,2012-02-19,0.15890236162021476,0
64059,2012-02-19,0.273813019799809,0
64060,2012-02-19,0.36367949475724537,0
64061,2012-02-19,0.32150549790533195,0
64062,2012-02-19,0.24923421542553884,1
64063,2012-02-19,0.28571373010903356,1
64064,2012-02-19,0.20691154570515918,1
64065,2012-02-19,0.12225856083407863,1
64066,2012-02-19,0.39713656008510195,1
64067,2012-02-19,0.3028675928030726,1
64068,2012-02-19,0.3603530202214559,1
64069,2012-02-19,0.29280270063379393,1
64070,2012-02-19,0.38326290853086076,1
64071,2012-02-19,0.3786926866103755,1
64072,2012-02-19,0.14557962834774762,1
64073,2012-02-19,0.17899433296505707,0
64074,2012-02-19,0.23529032243454132,0
64075,2012-02-19,0.34940648261671525,0
64076,2012-02-19,0.2688142742265373,0
64077,2012-02-19,0.561114891473905,1
64078,2012-02-19,0.20809683914237537,0
64079,2012-02-19,0.3226323828366089,1
64080,2012-02-19,0.27231326230983965,0
64081,2012-02-19,0.389154419118708,1
64082,2012-02-19,0.43440892153940663,0
64083,2012-02-19,0.17447692794639902,1
64084,2012-02-19,0.19156352820131434,0
64085,2012-02-19,0.2870625171547153,1
64086,2012-02-19,0.1608811395724254,0
64087,2012-02-19,0.4171375060029604,1
64088,2012-02-19,0.2926016183579274,1
64089,2012-02-19,0.20584038832921134,1
64090,2012-02-19,0.22354037905719182,0
64091,2012-02-19,0.20349825546359293,0
64092,2012-02-19,0.2561044572272347,0
64093,2012-02-19,0.45297486628233574,0
64094,2012-02-19,0.4154301504056912,1
64095,2012-02-19,0.3737337667062782,0
64096,2012-02-19,0.366651149767577,1
64097,2012-02-19,0.5269600230298079,1
64098,2012-02-19,0.2538422504911301,1
64099,2012-02-19,0.2522172757409791,1
64100,2012-02-19,0.23916464293068848,0
64101,2012-02-19,0.3834736825389207,1
64102,2012-02-19,0.24228978238777932,1
64103,2012-02-19,0.3056492578454082,0
64104,2012-02-19,0.3505274205794969,1
64105,2012-02-19,0.20567105913902678,0
64106,2012-02-19,0.22098210082509798,0
64107,2012-02-19,0.33694270990444847,1
64108,2012-02-19,0.139580247921984,1
64109,2012-02-19,0.31729128887268104,1
64110,2012-02-19,0.4683223654228029,0
64111,2012-02-19,0.48159328470866436,1
64112,2012-02-19,0.18524377364079733,1
64113,2012-02-19,0.1309020946216401,0
64114,2012-02-19,0.2967729668500082,1
64115,2012-02-19,0.42350425608536285,0
64116,2012-02-19,0.4776473307838635,1
64117,2012-02-19,0.19444649133568137,1
64118,2012-02-19,0.22973075106846183,1
64119,2012-02-19,0.1899697432027492,0
64120,2012-02-19,0.1522497936496781,0
64121,2012-02-19,0.33469243488014455,1
64122,2012-02-19,0.18474706452879752,0
64123,2012-02-19,0.1968853232815806,1
64124,2012-02-19,0.4760224997708583,1
64125,2012-02-19,0.6030748233170252,1
64126,2012-02-19,0.2217443334069326,0
64127,2012-02-19,0.384236261413231,0
64128,2012-02-19,0.5817936732405947,1
64129,2012-02-19,0.10894318526115497,0
64130,2012-02-19,0.44301786728943743,1
64131,2012-02-19,0.3738806784073895,0
64132,2012-02-19,0.22692237821997394,0
64133,2012-02-19,0.2098914963168514,1
64134,2012-02-19,0.37084019804716617,1
64135,2012-02-19,0.4395549832892544,0
64136,2012-02-19,0.6695268479877399,1
64137,2012-02-19,0.24681823133610697,0
64138,2012-02-19,0.5920309125165577,1
64139,2012-02-19,0.36740669403279735,1
64140,2012-02-19,0.5602763874904884,1
64141,2012-02-19,0.6166085855331503,1
64142,2012-02-19,0.3722738685914466,0
64143,2012-02-19,0.32887542207994697,0
64144,2012-02-19,0.3075378827552337,1
64145,2012-02-19,0.22870670271740415,1
64146,2012-02-19,0.29513362382802266,0
64147,2012-02-19,0.3784426417327587,0
64148,2012-02-19,0.3289429481279418,1
64149,2012-02-19,0.3529596230833806,0
64150,2012-02-19,0.20731280783703218,0
64151,2012-02-19,0.26010573469019205,0
64152,2012-02-19,0.17841467893290805,1
64153,2012-02-19,0.2542382835772698,0
64154,2012-02-19,0.3453408992432532,0
64155,2012-02-19,0.5436092192629792,1
64156,2012-02-19,0.29587384974176617,0
64157,2012-02-19,0.352149029036644,1
64158,2012-02-19,0.18308048469084545,1
64159,2012-02-19,0.22265505722651432,1
64160,2012-02-19,0.48780674635893495,1
64161,2012-02-19,0.18121335072940817,1
64162,2012-02-19,0.20107900110866186,0
64163,2012-02-19,0.1416288863337147,0
64164,2012-02-19,0.3601956359908792,1
64165,2012-02-19,0.2573971208665505,0
64166,2012-02-19,0.4735531512707492,1
64167,2012-02-19,0.47774070120737056,1
64168,2012-02-19,0.39982468484693945,1
64169,2012-02-19,0.27692039107636374,0
64170,2012-02-19,0.18071502713753732,0
64171,2012-02-19,0.35121008339867854,0
64172,2012-02-19,0.35581576963377975,0
64173,2012-02-19,0.2598615013863253,0
64174,2012-02-19,0.25149706235388686,0
64175,2012-02-19,0.13208650876632091,0
64176,2012-02-19,0.47367665026927896,1
64177,2012-02-19,0.25788695490269914,0
64178,2012-02-19,0.23606315405487743,1
64179,2012-02-19,0.2957003256800537,0
64180,2012-02-19,0.5834869041077354,1
64181,2012-02-19,0.3148878146681597,0
64182,2012-02-19,0.3968354798700711,0
64183,2012-02-19,0.3957293253267374,0
64184,2012-02-19,0.23368135050622835,0
64185,2012-02-19,0.421851099196646,0
64186,2012-02-19,0.25670400385008785,0
64187,2012-02-19,0.18972021757349508,0
64188,2012-02-19,0.13748107642911847,1
64189,2012-02-19,0.5455394451014461,1
64190,2012-02-19,0.25699080510227057,1
64191,2012-02-19,0.3102918751586058,0
64192,2012-02-19,0.4751372580975002,0
64193,2012-02-19,0.19882724400528,0
64194,2012-02-19,0.45829691319378374,1
64195,2012-02-19,0.11571423472369165,0
64196,2012-02-19,0.20143600045523014,0
64197,2012-02-19,0.4407580384202761,1
64198,2012-02-19,0.27428318409388713,1
64199,2012-02-19,0.3338401251490772,1
64200,2012-02-19,0.2757926813056561,0
64201,2012-02-19,0.1604484109942075,1
64202,2012-02-19,0.2692738324836122,0
64203,2012-02-19,0.13198868772348735,1
64204,2012-02-19,0.21653634142164102,1
64205,2012-02-19,0.20865284589585095,0
64206,2012-02-19,0.34705120333747624,1
64207,2012-02-19,0.20024914149056983,0
64208,2012-02-19,0.4957895445721721,0
64209,2012-02-19,0.3210863817830455,1
64210,2012-02-19,0.30288145002781286,0
64211,2012-02-19,0.4032689679606558,1
64212,2012-02-19,0.19601797370596644,1
64213,2012-02-19,0.34002477779904,0
64214,2012-02-19,0.2075212799758989,0
64215,2012-02-19,0.20804924262503918,0
64216,2012-02-19,0.16282584579758394,1
64217,2012-02-19,0.34568502802883855,0
64218,2012-02-19,0.26451860011109873,1
64219,2012-02-19,0.3180202339266145,1
64220,2012-02-19,0.25379481621654304,0
64221,2012-02-19,0.345507890287973,0
64222,2012-02-19,0.19370087876295622,0
64223,2012-02-19,0.2108256514005832,0
64224,2012-02-19,0.21161515475365397,1
64225,2012-02-19,0.37457056516586434,0
64226,2012-02-19,0.28526069976899643,0
64227,2012-02-19,0.3388299089899813,0
64228,2012-02-19,0.21476725703170002,1
64229,2012-02-19,0.32184148282929836,0
64230,2012-02-19,0.5082834484101459,1
64231,2012-02-19,0.20482975846057483,0
64232,2012-02-19,0.41868364745780995,0
64233,2012-02-19,0.34743598056878894,0
64234,2012-02-19,0.2548534035982239,0
64235,2012-02-19,0.3189978589452687,0
64236,2012-02-19,0.465604374238875,0
64237,2012-02-19,0.36199959679241855,1
64238,2012-02-19,0.2655952524747833,0
64239,2012-02-19,0.4202850093065376,0
64240,2012-02-19,0.47048058082770416,0
64241,2012-02-19,0.2845742245310715,1
64242,2012-02-19,0.3538727635007445,1
64243,2012-02-19,0.2669074193538417,0
64244,2012-02-19,0.16155824084888162,0
64245,2012-02-19,0.3331532869224376,1
64246,2012-02-19,0.15038411734074963,0
64247,2012-02-19,0.3661817540489815,0
64248,2012-02-19,0.4032689679606558,1
64249,2012-02-19,0.19954747508696774,1
64250,2012-02-19,0.20332237121292668,0
64251,2012-02-19,0.5758524007659848,1
64252,2012-02-19,0.14746939790509836,0
64253,2012-02-19,0.2719832102705882,0
64254,2012-02-19,0.2999795709175403,1
64255,2012-02-19,0.17779454779420084,0
64256,2012-02-19,0.2696113002916813,0
64257,2012-02-19,0.25107146901929606,1
64258,2012-02-19,0.32841107423066096,1
64259,2012-02-19,0.23655553945505658,0
64260,2012-02-19,0.19083173464946593,0
64261,2012-02-19,0.313531653286967,0
64262,2012-02-19,0.1836669378627899,0
64263,2012-02-19,0.3566370863201256,0
64264,2012-02-19,0.16372599567235988,1
64265,2012-02-19,0.1358486738034167,0
64266,2012-02-19,0.46902780506845965,1
64267,2012-02-19,0.41647476280577156,0
64268,2012-02-19,0.40880743223257116,1
64269,2012-02-19,0.14562396704945574,1
64270,2012-02-19,0.37411136485759644,1
64271,2012-02-19,0.6271735866870755,0
64272,2012-02-19,0.31961585142099574,1
64273,2012-02-19,0.4169570812237775,0
64274,2012-02-19,0.1607840747025834,0
64275,2012-02-19,0.2710346638597874,1
64276,2012-02-19,0.18733586236684407,0
64277,2012-02-19,0.2720343566382933,0
64278,2012-02-19,0.47807958157722213,1
64279,2012-02-19,0.27965054414840246,0
64280,2012-02-19,0.18023052111085988,0
64281,2012-02-19,0.25999876129284355,0
64282,2012-02-19,0.275695343955034,1
64283,2012-02-19,0.3533289911897077,1
64284,2012-02-19,0.4331175345513128,1
64285,2012-02-19,0.28466300863458466,0
64286,2012-02-19,0.2295963159136114,0
64287,2012-02-19,0.3707180064740517,1
64288,2012-02-19,0.20657884436021448,1
64289,2012-02-19,0.4751372580975002,0
64290,2012-02-19,0.37407046605377403,1
64291,2012-02-19,0.31853392959861565,0
64292,2012-02-19,0.18512142181803967,0
64293,2012-02-19,0.32551118313062605,1
64294,2012-02-19,0.2145644365749366,1
64295,2012-02-19,0.3193798222305666,0
64296,2012-02-19,0.15103484154565977,0
64297,2012-02-19,0.20338620592995177,0
64298,2012-02-19,0.41905853591872533,0
64299,2012-02-19,0.39405124215865356,1
64300,2012-02-19,0.3769962434146611,1
64301,2012-02-19,0.351040662057862,0
64302,2012-02-19,0.1972267602746797,0
64303,2012-02-19,0.22390856701337772,1
64304,2012-02-19,0.21792190461029742,0
64305,2012-02-19,0.43817607588321184,1
64306,2012-02-19,0.4454336066573742,1
64307,2012-02-19,0.4722056590509311,0
64308,2012-02-19,0.551144551985271,1
64309,2012-02-19,0.6165956868938887,0
64310,2012-02-19,0.439530168368914,1
64311,2012-02-19,0.2979597394366859,1
64312,2012-02-19,0.15658937276188992,0
64313,2012-02-19,0.23553251216855117,0
64314,2012-02-19,0.298730075471885,0
64315,2012-02-19,0.3560798824628382,1
64316,2012-02-19,0.43221899547298104,0
64317,2012-02-19,0.5529428669946532,0
64318,2012-02-19,0.23110536558367994,0
64319,2012-02-19,0.6196747614501961,1
64320,2012-02-19,0.1704438477575766,1
64321,2012-02-19,0.26597567801451283,0
64322,2012-02-19,0.41686998262208264,1
64323,2012-02-19,0.4635052725114244,0
64324,2012-02-19,0.29356036361874466,1
64325,2012-02-19,0.2220933231837392,0
64326,2012-02-19,0.414625866267311,0
64327,2012-02-19,0.22088777360391718,0
64328,2012-02-19,0.37374045527521726,0
64329,2012-02-19,0.3008842169708838,0
64330,2012-02-19,0.42891062291514925,0
64331,2012-02-19,0.3106075327680446,0
64332,2012-02-19,0.18736315524569894,0
64333,2012-02-19,0.23891046718672732,0
64334,2012-02-19,0.2865944500026966,0
64335,2012-02-19,0.15514762491270118,0
64336,2012-02-19,0.2308932458843983,0
64337,2012-02-19,0.1804123558118522,0
64338,2012-02-19,0.1650854422229037,1
64339,2012-02-19,0.1855166489173009,0
64340,2012-02-19,0.2776354184693173,0
64341,2012-02-19,0.16048654538643542,0
64342,2012-02-19,0.36370889069080065,1
64343,2012-02-19,0.23910659648113522,0
64344,2012-02-19,0.12848160206693193,0
64345,2012-02-19,0.25497194440779974,1
64346,2012-02-19,0.2733189276734944,0
64347,2012-02-19,0.47643088497700437,0
64348,2012-02-19,0.3518670008299977,1
64349,2012-02-19,0.31967802641722837,0
64350,2012-02-19,0.20562318749032005,0
64351,2012-02-19,0.3728133039815801,0
64352,2012-02-19,0.4062026641744499,1
64353,2012-02-19,0.16059375151270677,1
64354,2012-02-19,0.2943617889583527,0
64355,2012-02-19,0.49529058150511485,1
64356,2012-02-19,0.42340890376663953,1
64357,2012-02-19,0.3899090035947577,1
64358,2012-02-19,0.628464158096856,0
64359,2012-02-19,0.12387158237864003,0
64360,2012-02-19,0.18923789985964676,1
64361,2012-02-19,0.4356758967413422,0
64362,2012-02-19,0.630169544796262,1
64363,2012-02-19,0.3287614682091254,0
64364,2012-02-19,0.20478285288651826,0
64365,2012-02-19,0.2775581480231591,0
64366,2012-02-19,0.33350021447655576,0
64367,2012-02-19,0.21950152455078648,0
64368,2012-02-19,0.2056396070489191,0
64369,2012-02-19,0.18877739696807574,1
64370,2012-02-19,0.3531943354663391,0
64371,2012-02-19,0.3260989841591102,0
64372,2012-02-19,0.39514425523497565,1
64373,2012-02-19,0.49153825785386857,1
64374,2012-02-19,0.4500092032095705,0
64375,2012-02-19,0.3469098078668507,0
64376,2012-02-19,0.18574220242228198,0
64377,2012-02-19,0.50280578439637,1
64378,2012-02-19,0.19644957357528092,1
64379,2012-02-19,0.4598055122083214,1
64380,2012-02-19,0.36608832492726673,1
64381,2012-02-19,0.2549136255658532,0
64382,2012-02-19,0.4782603788069561,0
64383,2012-02-19,0.19822460794185415,0
64384,2012-02-19,0.3857671091494984,0
64385,2012-02-19,0.21049151788859521,1
64386,2012-02-19,0.5470530224123848,0
64387,2012-02-19,0.5221638283025737,1
64388,2012-02-19,0.1845461099799586,0
64389,2012-02-19,0.2463808884057587,1
64390,2012-02-19,0.4024449172406155,1
64391,2012-02-19,0.18790938615768943,1
64392,2012-02-19,0.4022424626583782,1
64393,2012-02-19,0.4073092117880882,0
64394,2012-02-19,0.14839891846315398,0
64395,2012-02-19,0.230829988121291,1
64396,2012-02-19,0.24211396614856534,1
64397,2012-02-19,0.2504295389369989,1
64398,2012-02-19,0.2919322613270851,0
64399,2012-02-19,0.3225824170915736,0
64400,2012-02-19,0.21097900820014545,1
64401,2012-02-19,0.22582733786659703,0
64402,2012-02-19,0.46950194243496357,0
64403,2012-02-19,0.4341026072947198,0
64404,2012-02-19,0.576113988568551,1
64405,2012-02-19,0.23663978687156664,0
64406,2012-02-19,0.1316670078977726,0
64407,2012-02-19,0.20705867999880537,0
64408,2012-02-19,0.4042796733897481,1
64409,2012-02-19,0.20741774313458056,0
64410,2012-02-19,0.39219347933322013,1
64411,2012-02-19,0.25820288401137953,0
64412,2012-02-19,0.44018049886148153,1
64413,2012-02-19,0.1428518845115643,1
64414,2012-02-19,0.2660104673997177,0
64415,2012-02-19,0.3241855864877897,1
64416,2012-02-19,0.343662723810934,1
64417,2012-02-19,0.18757702671827203,1
64418,2012-02-19,0.4430447477655892,0
64419,2012-02-19,0.6466781266600403,1
64420,2012-02-19,0.46109226302110595,0
64421,2012-02-19,0.4491193699681981,1
64422,2012-02-19,0.4695589670444819,0
64423,2012-02-19,0.4791208356434484,1
64424,2012-02-19,0.3427376759780009,1
64425,2012-02-19,0.2891803385077042,0
64426,2012-02-19,0.12024268149317559,0
64427,2012-02-19,0.35952338574608195,0
64428,2012-02-19,0.2533968567694287,0
64429,2012-02-19,0.3197004153861576,1
64430,2012-02-19,0.34587820720689155,0
64431,2012-02-19,0.2924314233256608,0
64432,2012-02-19,0.2833157555396355,0
64433,2012-02-19,0.20395167789765248,0
64434,2012-02-19,0.1296955503498714,0
64435,2012-02-19,0.47015992675954593,0
64436,2012-02-19,0.16443432452963513,1
64437,2012-02-19,0.41539465174411266,1
64438,2012-02-19,0.543514332384557,1
64439,2012-02-19,0.3376358859175179,1
64440,2012-02-19,0.18059737495240555,1
64441,2012-02-19,0.1884561331105412,0
64442,2012-02-19,0.1073981557538165,0
64443,2012-02-19,0.22066335289421246,0
64444,2012-02-19,0.3697465838864758,0
64445,2012-02-19,0.2873386817896459,0
64446,2012-02-19,0.30388213602989156,0
64447,2012-02-19,0.2480687609825831,0
64448,2012-02-19,0.23602145190306031,0
64449,2012-02-19,0.22250485227339623,1
64450,2012-02-19,0.19164221776168855,0
64451,2012-02-19,0.3157256023705367,0
64452,2012-02-19,0.25267375705660833,0
64453,2012-02-19,0.30607464173277976,1
64454,2012-02-19,0.10658893872294467,0
64455,2012-02-19,0.15882682500212272,1
64456,2012-02-19,0.15025114101562573,1
64457,2012-02-19,0.29975276341442936,1
64458,2012-02-19,0.40701085815459737,1
64459,2012-02-19,0.32102315197267506,0
64460,2012-02-19,0.26742279157351906,1
64461,2012-02-19,0.31740278808189937,1
64462,2012-02-19,0.3620031423070739,0
64463,2012-02-19,0.5312039164329235,0
64464,2012-02-19,0.44427730593695086,1
64465,2012-02-19,0.5331212745150381,0
64466,2012-02-19,0.10780506715525605,0
64467,2012-02-19,0.2641368358283247,0
64468,2012-02-19,0.1521655731595722,0
64469,2012-02-19,0.17287454503506233,0
64470,2012-02-19,0.39278156204877335,0
64471,2012-02-19,0.5811921817050257,1
64472,2012-02-19,0.11922753082543637,0
64473,2012-02-19,0.43658208652685987,0
64474,2012-02-19,0.29770793765339854,1
64475,2012-02-19,0.2997086571271524,1
64476,2012-02-19,0.20274885352102343,1
64477,2012-02-19,0.1470947541916594,0
64478,2012-02-19,0.17927828067436172,1
64479,2012-02-19,0.3869414135292386,1
64480,2012-02-19,0.2636146828836546,0
64481,2012-02-19,0.12835581643069927,0
64482,2012-02-19,0.2328143974358669,1
64483,2012-02-19,0.19217361368485048,0
64484,2012-02-19,0.5376887061129567,0
64485,2012-02-19,0.5117131998348686,1
64486,2012-02-19,0.27185504138739164,0
64487,2012-02-19,0.3715862699604186,1
64488,2012-02-19,0.20814579457115245,0
64489,2012-02-19,0.5624811781827652,0
64490,2012-02-19,0.2934381127350676,0
64491,2012-02-19,0.3303259963850662,1
64492,2012-02-19,0.2293953247204258,1
64493,2012-02-19,0.6449280238923853,1
64494,2012-02-19,0.5259997450439885,1
64495,2012-02-19,0.18468668462487006,0
64496,2012-02-19,0.34110234447286,0
64497,2012-02-19,0.32110192661752396,0
64498,2012-02-19,0.2945129049526624,1
64499,2012-02-19,0.3449667321313033,1
64500,2012-02-19,0.10786499139904374,0
64501,2012-02-19,0.4659480004511951,0
64502,2012-02-19,0.16887003737197898,1
64503,2012-02-19,0.17137189473465372,0
64504,2012-02-19,0.1898028294068877,0
64505,2012-02-19,0.2897928444710314,0
64506,2012-02-19,0.14828458670421216,0
64507,2012-02-19,0.35693905570748286,0
64508,2012-02-19,0.20541091713969306,0
64509,2012-02-19,0.1615103595804175,0
64510,2012-02-19,0.39597235095574984,1
64511,2012-02-19,0.22782325442636453,0
64512,2012-02-19,0.3185000012076668,0
64513,2012-02-19,0.5077961922471204,1
64514,2012-02-19,0.5308580586522109,1
64515,2012-02-19,0.496272119148355,0
64516,2012-02-19,0.41169678290096445,0
64517,2012-02-19,0.17822953509423123,0
64518,2012-02-19,0.2970032768416503,0
64519,2012-02-19,0.2604651162328915,0
64520,2012-02-19,0.15660764130820742,1
64521,2012-02-19,0.5281303728975831,1
64522,2012-02-19,0.24475700395326583,0
64523,2012-02-19,0.16504493914842938,0
64524,2012-02-19,0.26167981550725566,1
64525,2012-02-19,0.46258152317506074,0
64526,2012-02-19,0.28028958462384357,0
64527,2012-02-19,0.5969225445558451,1
64528,2012-02-19,0.24537466575782685,0
64529,2012-02-19,0.18788573756831492,0
64530,2012-02-19,0.16377261364192724,0
64531,2012-02-19,0.37836602441121253,1
64532,2012-02-19,0.22966003883350425,0
64533,2012-02-19,0.40499132311524605,0
64534,2012-02-19,0.32540827160344166,0
64535,2012-02-19,0.2056227718740706,0
64536,2012-02-19,0.4059695361656295,0
64537,2012-02-19,0.4710181542870579,0
64538,2012-02-19,0.29716225592980294,0
64539,2012-02-19,0.16288288548464627,0
64540,2012-02-19,0.1592549124920251,0
64541,2012-02-19,0.32025607621291996,1
64542,2012-02-19,0.46140362924658174,1
64543,2012-02-19,0.26812708762613713,1
64544,2012-02-19,0.19262613575497545,1
64545,2012-02-19,0.1855166489173009,1
64546,2012-02-19,0.3278995779306051,1
64547,2012-02-19,0.2488792418051176,0
64548,2012-02-19,0.41936719665698674,1
64549,2012-02-19,0.3818211142575423,0
64550,2012-02-19,0.25687179822755674,0
64551,2012-02-19,0.4939493415944159,1
64552,2012-02-19,0.31230916050633134,0
64553,2012-02-19,0.24362919282386608,0
64554,2012-02-19,0.259309162127688,1
64555,2012-02-19,0.3128845199179571,0
64556,2012-02-19,0.39699613188647576,0
64557,2012-02-19,0.24935707931349949,1
64558,2012-02-19,0.20618793692956108,0
64559,2012-02-19,0.40602045063440834,0
64560,2012-02-19,0.1855166489173009,1
64561,2012-02-19,0.13865368463937267,1
64562,2012-02-19,0.4412618679505489,1
64563,2012-02-19,0.34811215488297537,1
64564,2012-02-19,0.23584347868190322,0
64565,2012-02-19,0.41577484391054886,1
64566,2012-02-19,0.5820960695535542,0
64567,2012-02-19,0.19970942004085826,0
64568,2012-02-19,0.3319983758976024,0
64569,2012-02-19,0.12067270773891128,0
64570,2012-02-19,0.17712345765315488,0
64571,2012-02-20,0.25353964131261286,0
64572,2012-02-20,0.3303070651387606,0
64573,2012-02-20,0.15509218536065225,0
64574,2012-02-20,0.3966931156328543,1
64575,2012-02-20,0.5586272125062731,1
64576,2012-02-20,0.46940002832574423,1
64577,2012-02-20,0.23497507962483044,0
64578,2012-02-20,0.3166398084988959,1
64579,2012-02-20,0.64327438016521,0
64580,2012-02-20,0.4401587880633844,0
64581,2012-02-20,0.22456539681489146,0
64582,2012-02-20,0.20534203515644797,0
64583,2012-02-20,0.2971872294479475,0
64584,2012-02-20,0.26454694104428,0
64585,2012-02-20,0.1860433060686121,0
64586,2012-02-20,0.2697451839116186,1
64587,2012-02-20,0.38774486863426805,1
64588,2012-02-20,0.2537279574909155,1
64589,2012-02-20,0.21573245834742655,1
64590,2012-02-20,0.6478236455756526,1
64591,2012-02-20,0.24939842099452572,0
64592,2012-02-20,0.24309204449274086,0
64593,2012-02-20,0.2197854017422506,0
64594,2012-02-20,0.1834551261819672,0
64595,2012-02-20,0.3204703963735406,1
64596,2012-02-20,0.3941895290261348,1
64597,2012-02-20,0.2550279526742219,1
64598,2012-02-20,0.14181451771905793,0
64599,2012-02-20,0.4714841362775971,0
64600,2012-02-20,0.22215544574921187,0
64601,2012-02-20,0.23674181693385948,0
64602,2012-02-20,0.24111974509587936,1
64603,2012-02-20,0.3461682196960209,0
64604,2012-02-20,0.33050329472116324,0
64605,2012-02-20,0.47271818077777417,1
64606,2012-02-20,0.1919637746446922,0
64607,2012-02-20,0.40834360336678543,1
64608,2012-02-20,0.1806762476544339,0
64609,2012-02-20,0.3908501674185792,0
64610,2012-02-20,0.23927827191027912,0
64611,2012-02-20,0.19844617207071524,0
64612,2012-02-20,0.20889753293106492,0
64613,2012-02-20,0.32419318565135974,1
64614,2012-02-20,0.23907896841741932,1
64615,2012-02-20,0.2971551996717851,1
64616,2012-02-20,0.220563100253447,0
64617,2012-02-20,0.2677779047910056,0
64618,2012-02-20,0.17671106330058445,0
64619,2012-02-20,0.1349632589096093,0
64620,2012-02-20,0.1362299986104054,1
64621,2012-02-20,0.37312841266164515,0
64622,2012-02-20,0.33465459299056244,0
64623,2012-02-20,0.2972212190854164,1
64624,2012-02-20,0.23127525483609124,0
64625,2012-02-20,0.35112632421708095,1
64626,2012-02-20,0.32337961332343657,0
64627,2012-02-20,0.16007640258392655,0
64628,2012-02-20,0.4495346373777967,0
64629,2012-02-20,0.28161205160294095,0
64630,2012-02-20,0.4019519444227602,0
64631,2012-02-20,0.2932738469588723,0
64632,2012-02-20,0.4321151994259355,1
64633,2012-02-20,0.4277949150260685,1
64634,2012-02-20,0.32846313191236187,1
64635,2012-02-20,0.412536775133932,0
64636,2012-02-20,0.24434315654673386,1
64637,2012-02-20,0.5662972258461897,1
64638,2012-02-20,0.2365967671931161,0
64639,2012-02-20,0.22835618779496028,1
64640,2012-02-20,0.2669123125526292,1
64641,2012-02-20,0.2421985359413769,1
64642,2012-02-20,0.4384165614398897,1
64643,2012-02-20,0.428831524214801,0
64644,2012-02-20,0.5844856810781724,1
64645,2012-02-20,0.2709237630525679,0
64646,2012-02-20,0.36996304706920297,1
64647,2012-02-20,0.2902500863530314,1
64648,2012-02-20,0.35395488257556545,1
64649,2012-02-20,0.3105545405148438,1
64650,2012-02-20,0.2890051698116025,0
64651,2012-02-20,0.3412865967549509,1
64652,2012-02-20,0.32392361562460503,0
64653,2012-02-20,0.41707241616974,0
64654,2012-02-20,0.3668460341338097,0
64655,2012-02-20,0.24469704620068258,0
64656,2012-02-20,0.23784489730318514,0
64657,2012-02-20,0.24803691498271407,1
64658,2012-02-20,0.441188953022477,0
64659,2012-02-20,0.2644418094502409,0
64660,2012-02-20,0.252713841679378,1
64661,2012-02-20,0.29433799981494263,0
64662,2012-02-20,0.33404867744297867,0
64663,2012-02-20,0.32528260561026895,1
64664,2012-02-20,0.2903028814967512,1
64665,2012-02-20,0.414541470524443,0
64666,2012-02-20,0.3888996885190904,1
64667,2012-02-20,0.6429700097653132,0
64668,2012-02-20,0.3309001667374603,0
64669,2012-02-20,0.3283566606468645,0
64670,2012-02-20,0.21771180899478906,0
64671,2012-02-20,0.2663256085260138,0
64672,2012-02-20,0.41929741920940394,1
64673,2012-02-20,0.2048920350010994,0
64674,2012-02-20,0.3012144976702427,1
64675,2012-02-20,0.20577103946324302,0
64676,2012-02-20,0.2844358778240358,0
64677,2012-02-20,0.46549922423155776,0
64678,2012-02-20,0.2993329805109268,1
64679,2012-02-20,0.17092119962961702,0
64680,2012-02-20,0.2695180773284684,1
64681,2012-02-20,0.2532948059991404,0
64682,2012-02-20,0.15515982588974414,1
64683,2012-02-20,0.17730207006050538,0
64684,2012-02-20,0.3233853684673295,0
64685,2012-02-20,0.37711447613167276,0
64686,2012-02-20,0.32188123651176903,0
64687,2012-02-20,0.17664825507233,0
64688,2012-02-20,0.4570934115918664,1
64689,2012-02-20,0.19145747657624024,0
64690,2012-02-20,0.36550185898803067,0
64691,2012-02-20,0.31017162959689704,0
64692,2012-02-20,0.2549516943412942,0
64693,2012-02-20,0.2176808224494931,0
64694,2012-02-20,0.23923104657385263,0
64695,2012-02-20,0.34018332606352325,0
64696,2012-02-20,0.42206049939696627,1
64697,2012-02-20,0.5718998941387051,1
64698,2012-02-20,0.2921291860392932,1
64699,2012-02-20,0.20805416334986332,0
64700,2012-02-20,0.1394387545546756,0
64701,2012-02-20,0.23642116497454463,0
64702,2012-02-20,0.2682811961017537,1
64703,2012-02-20,0.47737399225586247,0
64704,2012-02-20,0.47153664008387175,1
64705,2012-02-20,0.642945895282907,1
64706,2012-02-20,0.279570215091204,0
64707,2012-02-20,0.13014719247951478,0
64708,2012-02-20,0.20894439979885984,1
64709,2012-02-20,0.3941771303466921,1
64710,2012-02-20,0.3252132185095207,0
64711,2012-02-20,0.6173438481595693,1
64712,2012-02-20,0.14397837471798094,0
64713,2012-02-20,0.15235580116383243,0
64714,2012-02-20,0.3028884059659517,1
64715,2012-02-20,0.12015787494088273,1
64716,2012-02-20,0.22071297476595153,0
64717,2012-02-20,0.3620735391738589,0
64718,2012-02-20,0.29192378279286973,0
64719,2012-02-20,0.23276134316854188,1
64720,2012-02-20,0.6969906308224316,1
64721,2012-02-20,0.13950312504984294,1
64722,2012-02-20,0.3006933511691999,1
64723,2012-02-20,0.4988281065276068,1
64724,2012-02-20,0.5645574658945764,1
64725,2012-02-20,0.16306244072063655,1
64726,2012-02-20,0.5599309409864331,0
64727,2012-02-20,0.2098540916514408,0
64728,2012-02-20,0.37243339293925687,1
64729,2012-02-20,0.17627999020236118,0
64730,2012-02-20,0.2555251163876752,0
64731,2012-02-20,0.33651576191258875,0
64732,2012-02-20,0.5493604105597618,1
64733,2012-02-20,0.2067047730281591,0
64734,2012-02-20,0.2470672216041459,0
64735,2012-02-20,0.24028924758373443,0
64736,2012-02-20,0.43886179508162687,1
64737,2012-02-20,0.30943763104992095,1
64738,2012-02-20,0.24171251228644575,0
64739,2012-02-20,0.40167912908061404,0
64740,2012-02-20,0.17186324447835957,1
64741,2012-02-20,0.5997445897916075,1
64742,2012-02-20,0.4177363332535794,0
64743,2012-02-20,0.6447083133707747,1
64744,2012-02-20,0.34249494373547723,0
64745,2012-02-20,0.40417180557135385,1
64746,2012-02-20,0.16966726665196308,1
64747,2012-02-20,0.29706603532559406,1
64748,2012-02-20,0.3525270904086831,1
64749,2012-02-20,0.40145022120099294,1
64750,2012-02-20,0.2372742999656551,0
64751,2012-02-20,0.38365802067096316,0
64752,2012-02-20,0.3961123363783057,1
64753,2012-02-20,0.3840145558953548,0
64754,2012-02-20,0.29286423060029815,1
64755,2012-02-20,0.2735233387974813,0
64756,2012-02-20,0.4722120986070663,1
64757,2012-02-20,0.3388272988061713,0
64758,2012-02-20,0.3496273716630371,0
64759,2012-02-20,0.24269739481491778,0
64760,2012-02-20,0.26652974267409535,1
64761,2012-02-20,0.5326655010864635,1
64762,2012-02-20,0.2808325180287221,1
64763,2012-02-20,0.2875461826305998,1
64764,2012-02-20,0.33825309796507935,1
64765,2012-02-20,0.47184694258516346,0
64766,2012-02-20,0.2939935716868457,0
64767,2012-02-20,0.24925906712920862,1
64768,2012-02-20,0.1882580325513802,1
64769,2012-02-20,0.1607094893605525,0
64770,2012-02-20,0.19533555872010447,1
64771,2012-02-20,0.37943806625096826,1
64772,2012-02-20,0.3452128648461523,0
64773,2012-02-20,0.18923729233817724,0
64774,2012-02-20,0.41295126101481383,0
64775,2012-02-20,0.25855378645273164,1
64776,2012-02-20,0.22270964120371867,1
64777,2012-02-20,0.3926853432903888,0
64778,2012-02-20,0.333768843191402,0
64779,2012-02-20,0.47292296568098835,0
64780,2012-02-20,0.20361351144249232,1
64781,2012-02-20,0.36793659386644006,1
64782,2012-02-20,0.1394765596894614,0
64783,2012-02-20,0.26518126522932267,0
64784,2012-02-20,0.17967106813091543,0
64785,2012-02-20,0.23314268747970052,0
64786,2012-02-20,0.36206667543333887,1
64787,2012-02-20,0.31268720488603924,1
64788,2012-02-20,0.648863837038841,1
64789,2012-02-20,0.37817513824696664,1
64790,2012-02-20,0.20554480893322824,0
64791,2012-02-20,0.25950031414980446,0
64792,2012-02-20,0.5120679231233027,0
64793,2012-02-20,0.3057475202835632,0
64794,2012-02-20,0.10788240701075877,0
64795,2012-02-20,0.29740725211867475,0
64796,2012-02-20,0.26872782487707364,0
64797,2012-02-20,0.3429166141670477,0
64798,2012-02-20,0.3768993751160129,0
64799,2012-02-20,0.32717573271357614,0
64800,2012-02-20,0.27267715889891353,1
64801,2012-02-20,0.13425599266448582,0
64802,2012-02-20,0.18330474967985885,0
64803,2012-02-20,0.2955575316391026,1
64804,2012-02-20,0.24616563565194693,0
64805,2012-02-20,0.4877236291778369,1
64806,2012-02-20,0.21267921214132662,0
64807,2012-02-20,0.47447525791389134,0
64808,2012-02-20,0.26069078684449504,0
64809,2012-02-20,0.20750719633316345,1
64810,2012-02-20,0.22136742795233427,1
64811,2012-02-20,0.4790233074064784,1
64812,2012-02-20,0.4118989009174231,0
64813,2012-02-20,0.13310634536559385,0
64814,2012-02-20,0.13807868366601722,0
64815,2012-02-20,0.1150793007931844,0
64816,2012-02-20,0.15106548581685206,0
64817,2012-02-20,0.13726294819184198,0
64818,2012-02-20,0.2155749063934008,0
64819,2012-02-20,0.3026390433595417,0
64820,2012-02-20,0.43254664583225877,1
64821,2012-02-20,0.4272913922755037,0
64822,2012-02-20,0.20288848064542467,1
64823,2012-02-20,0.29748735174436564,0
64824,2012-02-20,0.2628462458759485,0
64825,2012-02-20,0.292062678809766,0
64826,2012-02-20,0.21091017107630095,0
64827,2012-02-20,0.4962823329590905,0
64828,2012-02-20,0.3354172945279938,0
64829,2012-02-20,0.36769763711451864,0
64830,2012-02-20,0.34586994258468795,0
64831,2012-02-20,0.34212994617967407,0
64832,2012-02-20,0.38341603590894413,1
64833,2012-02-20,0.2287656441185529,1
64834,2012-02-20,0.19750493705516908,0
64835,2012-02-20,0.15707686013133423,0
64836,2012-02-20,0.4467416729688949,1
64837,2012-02-20,0.3384855759704738,1
64838,2012-02-20,0.27843074169065707,1
64839,2012-02-20,0.34718515470746963,0
64840,2012-02-20,0.5238645780279535,1
64841,2012-02-20,0.3827086191982727,1
64842,2012-02-20,0.3260193402765227,1
64843,2012-02-20,0.4385043714940864,1
64844,2012-02-20,0.2867075886134254,1
64845,2012-02-20,0.438972070076356,1
64846,2012-02-20,0.17745277933013512,1
64847,2012-02-20,0.18243834195837183,0
64848,2012-02-20,0.4596848087255896,1
64849,2012-02-20,0.46469513621657993,1
64850,2012-02-20,0.3305604122474308,0
64851,2012-02-20,0.2420709500383599,0
64852,2012-02-20,0.18054995876851704,0
64853,2012-02-20,0.255405400096967,0
64854,2012-02-20,0.22837535990465047,0
64855,2012-02-20,0.19304331462718866,0
64856,2012-02-20,0.2803368776090132,0
64857,2012-02-20,0.2781101027874004,0
64858,2012-02-20,0.49815916027793905,0
64859,2012-02-20,0.45942464755225276,1
64860,2012-02-20,0.2280033646989948,0
64861,2012-02-20,0.21597725431488776,1
64862,2012-02-20,0.27320832306839865,0
64863,2012-02-20,0.3901992753111364,1
64864,2012-02-20,0.3435002165875169,1
64865,2012-02-20,0.26608574006950436,1
64866,2012-02-20,0.4358163960748478,1
64867,2012-02-20,0.2559379583832148,0
64868,2012-02-20,0.27535004874353775,0
64869,2012-02-20,0.35309022679243396,0
64870,2012-02-20,0.5286989208243001,1
64871,2012-02-20,0.19619775154821678,0
64872,2012-02-20,0.3718507580781335,1
64873,2012-02-20,0.6336334039304671,0
64874,2012-02-20,0.2704893979070886,0
64875,2012-02-20,0.1889971242045357,0
64876,2012-02-20,0.4272863233373092,1
64877,2012-02-20,0.27211121933338367,0
64878,2012-02-20,0.23885183550329087,0
64879,2012-02-20,0.300636167064477,0
64880,2012-02-20,0.3226447834942714,1
64881,2012-02-20,0.38347975757191505,0
64882,2012-02-20,0.34435460668867013,0
64883,2012-02-20,0.3113191854917477,0
64884,2012-02-20,0.17379235567284046,0
64885,2012-02-20,0.24724567586395363,1
64886,2012-02-20,0.5184101104453752,1
64887,2012-02-20,0.1299547035487034,0
64888,2012-02-20,0.3174077241728789,1
64889,2012-02-20,0.3360698800375786,0
64890,2012-02-20,0.2773598811241425,0
64891,2012-02-20,0.1849458776093211,0
64892,2012-02-20,0.5682043617528573,1
64893,2012-02-20,0.3166605782541575,0
64894,2012-02-20,0.3231421652350607,0
64895,2012-02-20,0.6116866975561068,1
64896,2012-02-20,0.4542898697095051,0
64897,2012-02-20,0.33492606117244805,1
64898,2012-02-20,0.3069161189413706,0
64899,2012-02-20,0.5444465624809351,1
64900,2012-02-20,0.3690058376241494,1
64901,2012-02-20,0.39589716015880383,1
64902,2012-02-20,0.23549889544280345,0
64903,2012-02-20,0.39364612425673984,1
64904,2012-02-20,0.27034813917982425,1
64905,2012-02-20,0.16607899767163312,0
64906,2012-02-20,0.19839254140403456,0
64907,2012-02-20,0.3808088252502597,1
64908,2012-02-20,0.3403078887361492,1
64909,2012-02-20,0.1919114242315658,0
64910,2012-02-20,0.3069068452747286,1
64911,2012-02-20,0.2852648294221446,0
64912,2012-02-20,0.24342691057748894,1
64913,2012-02-20,0.5904413765291935,1
64914,2012-02-20,0.18979368112270914,1
64915,2012-02-20,0.3833915530351011,0
64916,2012-02-20,0.14463068275715954,0
64917,2012-02-20,0.335698617405044,1
64918,2012-02-20,0.21395597856994147,1
64919,2012-02-20,0.38757237107585046,1
64920,2012-02-20,0.2672566183917129,0
64921,2012-02-20,0.19679438601633736,0
64922,2012-02-20,0.19184527041197832,0
64923,2012-02-20,0.2855199542056797,1
64924,2012-02-20,0.177760159155691,1
64925,2012-02-20,0.4256129643514078,1
64926,2012-02-20,0.2617574625582788,1
64927,2012-02-20,0.2804907100151849,0
64928,2012-02-20,0.19252835822895636,1
64929,2012-02-20,0.36693509476202774,1
64930,2012-02-20,0.5159599555520815,1
64931,2012-02-20,0.517866507939336,1
64932,2012-02-20,0.32684783822369534,0
64933,2012-02-20,0.27286258902886174,0
64934,2012-02-20,0.4753292917770571,0
64935,2012-02-20,0.3617406254439329,0
64936,2012-02-20,0.49447656703435033,0
64937,2012-02-20,0.18521544273945392,0
64938,2012-02-20,0.22314841068136365,0
64939,2012-02-20,0.46033926414571763,1
64940,2012-02-20,0.2827377723712118,1
64941,2012-02-20,0.3743810261971639,0
64942,2012-02-20,0.4003902323618152,0
64943,2012-02-20,0.251870640728756,0
64944,2012-02-20,0.154920840293533,0
64945,2012-02-20,0.2613777330539396,1
64946,2012-02-20,0.10815969427930697,0
64947,2012-02-20,0.24432464614503085,0
64948,2012-02-20,0.35235576376049155,1
64949,2012-02-20,0.1813614435599634,0
64950,2012-02-20,0.32083383185270936,0
64951,2012-02-20,0.6073813985473049,0
64952,2012-02-20,0.18443362422978715,0
64953,2012-02-20,0.3406150501127422,0
64954,2012-02-20,0.6523849819697211,1
64955,2012-02-20,0.17583088671233024,1
64956,2012-02-20,0.42253435653604093,1
64957,2012-02-20,0.23723719749415928,1
64958,2012-02-20,0.33890175863727867,0
64959,2012-02-20,0.3769555270716957,0
64960,2012-02-20,0.17127655055447752,0
64961,2012-02-20,0.29409267196435074,0
64962,2012-02-20,0.19304331462718866,0
64963,2012-02-20,0.40186419464484074,1
64964,2012-02-20,0.13058027811879463,0
64965,2012-02-20,0.3216698010227268,1
64966,2012-02-20,0.5485584316123739,1
64967,2012-02-20,0.4440781162711628,1
64968,2012-02-20,0.22243415995329496,1
64969,2012-02-20,0.5522400945953219,1
64970,2012-02-20,0.30390660122997015,0
64971,2012-02-20,0.3647042371671552,1
64972,2012-02-20,0.6006846286019015,1
64973,2012-02-20,0.27310787294406624,1
64974,2012-02-20,0.47941206340436443,1
64975,2012-02-20,0.22517883492783508,1
64976,2012-02-20,0.5322433422283492,1
64977,2012-02-20,0.09863596895752627,0
64978,2012-02-20,0.6405440729942289,1
64979,2012-02-20,0.37943277220641247,0
64980,2012-02-20,0.34761124431154194,0
64981,2012-02-20,0.587608416135066,0
64982,2012-02-20,0.23856453193328306,1
64983,2012-02-20,0.38947989033305774,0
64984,2012-02-20,0.2676191107683151,0
64985,2012-02-20,0.27091582209433357,1
64986,2012-02-20,0.44212425130606753,1
64987,2012-02-20,0.4232841236192544,1
64988,2012-02-20,0.38139708410119677,0
64989,2012-02-20,0.4407230425183382,0
64990,2012-02-20,0.6060997853464095,0
64991,2012-02-20,0.39152883770001207,1
64992,2012-02-20,0.21057337897002476,0
64993,2012-02-20,0.45019563063772206,1
64994,2012-02-20,0.47249634329895807,1
64995,2012-02-20,0.2876532831809067,0
64996,2012-02-20,0.15216840827625952,0
64997,2012-02-20,0.44278593375094266,0
64998,2012-02-20,0.43613433845127514,1
64999,2012-02-20,0.2785416068549775,0
65000,2012-02-20,0.3779109764184605,0
65001,2012-02-20,0.26362792382210043,0
65002,2012-02-20,0.225632617998181,0
65003,2012-02-20,0.2726141737137195,0
65004,2012-02-20,0.3854266272705884,0
65005,2012-02-20,0.40908498704474194,1
65006,2012-02-20,0.22478896896691908,0
65007,2012-02-20,0.21793399796769258,0
65008,2012-02-20,0.22999657833122913,0
65009,2012-02-20,0.583354846007119,1
65010,2012-02-20,0.35721805743772916,0
65011,2012-02-20,0.13267727698750162,0
65012,2012-02-20,0.4471638315186679,1
65013,2012-02-20,0.2907345600089725,1
65014,2012-02-20,0.566043996273233,1
65015,2012-02-20,0.22158598768221469,0
65016,2012-02-20,0.19715321421276324,0
65017,2012-02-20,0.3531688274728565,1
65018,2012-02-20,0.18323909696917104,0
65019,2012-02-20,0.5176454807054325,1
65020,2012-02-20,0.30243667738271757,0
65021,2012-02-20,0.4691801214007885,0
65022,2012-02-20,0.41773864875150113,1
65023,2012-02-20,0.30971504379148285,1
65024,2012-02-20,0.2910079929013298,0
65025,2012-02-20,0.23948615200720094,0
65026,2012-02-20,0.4981629268177412,0
65027,2012-02-20,0.4687873055333139,0
65028,2012-02-20,0.4536268422877959,1
65029,2012-02-20,0.19910175530625285,0
65030,2012-02-20,0.23198592802286339,0
65031,2012-02-20,0.1372966883191947,0
65032,2012-02-20,0.5470333665726543,1
65033,2012-02-20,0.42582359393055624,0
65034,2012-02-20,0.2174995198024053,0
65035,2012-02-20,0.15916952164781092,0
65036,2012-02-20,0.18075892065558802,0
65037,2012-02-20,0.3980462721996734,0
65038,2012-02-20,0.32797121535661716,1
65039,2012-02-20,0.24491716313220854,0
65040,2012-02-20,0.24016394321648743,1
65041,2012-02-20,0.22166915664330805,0
65042,2012-02-20,0.573550459430405,1
65043,2012-02-20,0.17609204582978633,0
65044,2012-02-20,0.446824928993303,1
65045,2012-02-20,0.2621528680862296,0
65046,2012-02-20,0.15587606959203457,0
65047,2012-02-20,0.4136388135543238,0
65048,2012-02-20,0.3936134295198045,0
65049,2012-02-20,0.1596976255697354,0
65050,2012-02-20,0.17105639788683213,0
65051,2012-02-20,0.4930022493631777,0
65052,2012-02-20,0.3727929185265674,1
65053,2012-02-20,0.45099653231963993,1
65054,2012-02-20,0.33933933815606626,0
65055,2012-02-20,0.2323777252752542,0
65056,2012-02-20,0.28350387343645994,0
65057,2012-02-20,0.3448202674794587,1
65058,2012-02-20,0.3851240160001718,0
65059,2012-02-20,0.4344083168990355,0
65060,2012-02-20,0.32030958472080207,0
65061,2012-02-20,0.3994516187173328,1
65062,2012-02-20,0.17292855008822994,0
65063,2012-02-20,0.2606542455279829,1
65064,2012-02-20,0.5095369995978594,1
65065,2012-02-20,0.33769352257184715,0
65066,2012-02-20,0.3233309468611232,1
65067,2012-02-20,0.5302517720536335,0
65068,2012-02-20,0.20032853419389077,1
65069,2012-02-20,0.4033261745723762,1
65070,2012-02-20,0.21637010800962203,0
65071,2012-02-20,0.3354820386149243,0
65072,2012-02-20,0.2856581743570861,0
65073,2012-02-20,0.5423168852298118,1
65074,2012-02-20,0.5184281896451937,1
65075,2012-02-20,0.3475171943482846,1
65076,2012-02-20,0.3420397326573347,1
65077,2012-02-20,0.46371047161209095,1
65078,2012-02-20,0.3944975473753624,1
65079,2012-02-20,0.23076980752410917,0
65080,2012-02-20,0.3296480332120719,1
65081,2012-02-20,0.2824236785393145,0
65082,2012-02-20,0.4211729341709495,1
65083,2012-02-20,0.26235443642467393,0
65084,2012-02-20,0.4022517779999324,0
65085,2012-02-20,0.12158704523931262,0
65086,2012-02-20,0.15803759061590117,0
65087,2012-02-20,0.5102751281175851,0
65088,2012-02-20,0.2683812208305938,1
65089,2012-02-20,0.5289754483277602,1
65090,2012-02-20,0.36538508253583407,0
65091,2012-02-20,0.5830742705342296,1
65092,2012-02-20,0.2053812776068456,0
65093,2012-02-20,0.3867866817688681,0
65094,2012-02-20,0.6664163526537842,1
65095,2012-02-20,0.6198246540289276,1
65096,2012-02-20,0.2068793076217175,0
65097,2012-02-20,0.29597765836869455,0
65098,2012-02-20,0.4122456104110821,0
65099,2012-02-20,0.1798974617267249,0
65100,2012-02-20,0.3274159459614826,0
65101,2012-02-20,0.44605982330427907,0
65102,2012-02-20,0.22257490024583232,0
65103,2012-02-20,0.4064128927478415,0
65104,2012-02-20,0.4674784198093115,1
65105,2012-02-20,0.5909148268226753,0
65106,2012-02-20,0.28420105596854933,0
65107,2012-02-20,0.1984290159914533,0
65108,2012-02-20,0.4654542733684903,0
65109,2012-02-20,0.22604881998226653,0
65110,2012-02-20,0.2951782702760475,0
65111,2012-02-20,0.45203896881669636,0
65112,2012-02-20,0.1619665861855523,0
65113,2012-02-20,0.19167654826739497,1
65114,2012-02-20,0.3224799672665773,1
65115,2012-02-20,0.6705865586799237,0
65116,2012-02-20,0.24934572265776375,0
65117,2012-02-20,0.20116226818321223,0
65118,2012-02-20,0.44017941528377497,0
65119,2012-02-20,0.336595686665421,1
65120,2012-02-20,0.2874340364085148,0
65121,2012-02-20,0.4488522002299707,1
65122,2012-02-20,0.40685976313295086,0
65123,2012-02-20,0.1951131824345822,0
65124,2012-02-20,0.1990578338260345,0
65125,2012-02-20,0.3141965635252437,1
65126,2012-02-20,0.1653531098036702,1
65127,2012-02-20,0.16991870611665597,0
65128,2012-02-20,0.3942600576698734,1
65129,2012-02-20,0.29340739225380263,0
65130,2012-02-20,0.4616734559452419,1
65131,2012-02-20,0.2313782152383031,1
65132,2012-02-20,0.4988032420030129,0
65133,2012-02-20,0.45683727376079897,0
65134,2012-02-20,0.39228500169900643,0
65135,2012-02-20,0.2172769246211786,0
65136,2012-02-20,0.20239807004016408,0
65137,2012-02-20,0.5371808355751448,1
65138,2012-02-20,0.20939504312911464,0
65139,2012-02-20,0.4290738205325944,0
65140,2012-02-20,0.4853799912640504,0
65141,2012-02-20,0.44968379167642814,0
65142,2012-02-20,0.15892417323369507,0
65143,2012-02-20,0.3401082128612065,0
65144,2012-02-20,0.3558440248151421,1
65145,2012-02-20,0.19066337329433133,1
65146,2012-02-20,0.296251723307963,0
65147,2012-02-20,0.4494463842050086,0
65148,2012-02-20,0.319872717114035,0
65149,2012-02-20,0.16078645984659773,0
65150,2012-02-20,0.2789488402671709,1
65151,2012-02-20,0.1649321938049824,0
65152,2012-02-20,0.16019698233723653,1
65153,2012-02-20,0.2690857254649786,1
65154,2012-02-20,0.16440595161269195,1
65155,2012-02-20,0.16216164944448033,1
65156,2012-02-20,0.33771133684018306,0
65157,2012-02-20,0.3740177316686602,0
65158,2012-02-20,0.5374147951395175,1
65159,2012-02-20,0.546643878620702,1
65160,2012-02-20,0.5365076644727297,1
65161,2012-02-20,0.2041686923934156,0
65162,2012-02-20,0.2637314456055212,0
65163,2012-02-20,0.39407714195205845,1
65164,2012-02-20,0.19871821392108593,0
65165,2012-02-20,0.35460636177668353,0
65166,2012-02-20,0.34835628722848244,0
65167,2012-02-20,0.18207203546584924,0
65168,2012-02-20,0.2890436245647442,0
65169,2012-02-20,0.17916375656422265,1
65170,2012-02-20,0.510206264492632,0
65171,2012-02-20,0.5270979062266251,0
65172,2012-02-20,0.31772537902057096,0
65173,2012-02-20,0.19500610867765908,1
65174,2012-02-20,0.3383705331705196,0
65175,2012-02-20,0.23353381039675195,0
65176,2012-02-20,0.14011046256907475,0
65177,2012-02-20,0.2972275399084985,1
65178,2012-02-20,0.2704415874092727,0
65179,2012-02-20,0.4967796545269246,1
65180,2012-02-20,0.44220768774023866,0
65181,2012-02-20,0.13404734380287214,0
65182,2012-02-20,0.3414156221011655,0
65183,2012-02-20,0.17868369246438937,0
65184,2012-02-20,0.19840216126253707,0
65185,2012-02-20,0.3127058330422491,1
65186,2012-02-20,0.42136170042511545,1
65187,2012-02-20,0.32262992632231446,1
65188,2012-02-20,0.2935263672193246,1
65189,2012-02-20,0.27463373654037787,0
65190,2012-02-20,0.31637077664089897,0
65191,2012-02-20,0.2880157839093612,1
65192,2012-02-20,0.15255527098657842,1
65193,2012-02-20,0.5931063632212475,1
65194,2012-02-20,0.4798906706328959,1
65195,2012-02-20,0.3229634533230706,0
65196,2012-02-20,0.16194823318456317,0
65197,2012-02-20,0.4048974640900777,1
65198,2012-02-20,0.3626946787777405,0
65199,2012-02-20,0.41492114723179796,1
65200,2012-02-20,0.3011744656700123,1
65201,2012-02-20,0.3273655504212729,0
65202,2012-02-20,0.38608572659056095,1
65203,2012-02-20,0.2943915474710071,1
65204,2012-02-20,0.14129842731462613,0
65205,2012-02-20,0.19953672176833198,0
65206,2012-02-20,0.3194359406153159,0
65207,2012-02-20,0.28461042097038114,0
65208,2012-02-20,0.20269556477763803,0
65209,2012-02-20,0.337380250759066,0
65210,2012-02-20,0.37454159919157753,1
65211,2012-02-20,0.24680563463080876,0
65212,2012-02-20,0.33306941069265833,1
65213,2012-02-20,0.2448896250658725,1
65214,2012-02-20,0.3255823055314512,1
65215,2012-02-20,0.40986630509113364,1
65216,2012-02-20,0.5420195231591639,1
65217,2012-02-20,0.20286729587630628,0
65218,2012-02-20,0.23205103502391436,0
65219,2012-02-20,0.5625627947677847,0
65220,2012-02-20,0.26096665006964476,0
65221,2012-02-20,0.23884277595362727,1
65222,2012-02-20,0.6526037157351227,0
65223,2012-02-20,0.28331181601261796,0
65224,2012-02-20,0.42917613843573654,1
65225,2012-02-20,0.2573282828564192,1
65226,2012-02-20,0.2173433214477282,0
65227,2012-02-20,0.5130115144438738,1
65228,2012-02-20,0.5089864488800963,1
65229,2012-02-20,0.3906222894856216,1
65230,2012-02-20,0.34522479079458,0
65231,2012-02-20,0.23054733417330864,0
65232,2012-02-20,0.1684291789785698,1
65233,2012-02-20,0.20640707881918455,0
65234,2012-02-20,0.39047812501325246,0
65235,2012-02-20,0.23844373836493596,0
65236,2012-02-20,0.3875157532154678,1
65237,2012-02-20,0.39758452627613605,1
65238,2012-02-20,0.23390058963326651,0
65239,2012-02-20,0.16368036562591196,1
65240,2012-02-20,0.4927337700254874,0
65241,2012-02-20,0.44693477522458586,0
65242,2012-02-20,0.23807691610104278,1
65243,2012-02-20,0.32885367368595203,0
65244,2012-02-20,0.23299582032012903,0
65245,2012-02-20,0.27059057053665664,1
65246,2012-02-20,0.3384799369292781,0
65247,2012-02-20,0.2601470675022826,0
65248,2012-02-20,0.2492446034319248,0
65249,2012-02-20,0.28750824522598345,1
65250,2012-02-20,0.2588805161843557,0
65251,2012-02-20,0.3222777177277727,1
65252,2012-02-20,0.33253361121968317,1
65253,2012-02-20,0.32793733594423385,1
65254,2012-02-20,0.34216225051875543,1
65255,2012-02-20,0.4996656387652102,1
65256,2012-02-20,0.41251376550755614,0
65257,2012-02-20,0.5216969879884664,0
65258,2012-02-20,0.3824296359844375,1
65259,2012-02-20,0.144267080641699,0
65260,2012-02-20,0.24456877742345245,0
65261,2012-02-20,0.3587078001742344,0
65262,2012-02-20,0.42718163232040873,0
65263,2012-02-20,0.24492019547013014,0
65264,2012-02-20,0.2051455062572921,0
65265,2012-02-20,0.22932364871520067,1
65266,2012-02-20,0.14288665819324586,0
65267,2012-02-20,0.3212198291406179,0
65268,2012-02-20,0.1945497314171519,0
65269,2012-02-20,0.14324353347463073,0
65270,2012-02-20,0.5106950866745226,1
65271,2012-02-20,0.3416096200674321,0
65272,2012-02-20,0.31348464761274564,1
65273,2012-02-20,0.3884548118530289,0
65274,2012-02-20,0.20449491509448006,0
65275,2012-02-20,0.277651627057758,0
65276,2012-02-20,0.33248618749295805,0
65277,2012-02-20,0.3345748894804293,1
65278,2012-02-20,0.3309352094575054,0
65279,2012-02-20,0.21331362927516714,0
65280,2012-02-20,0.5222992241816832,0
65281,2012-02-20,0.6254748868597763,0
65282,2012-02-20,0.20692613333677892,0
65283,2012-02-20,0.5280326057594442,1
65284,2012-02-20,0.5164925055247592,0
65285,2012-02-20,0.3676983102620676,1
65286,2012-02-20,0.5069971231330155,1
65287,2012-02-20,0.3542961474682896,1
65288,2012-02-20,0.18877885619219276,0
65289,2012-02-20,0.6174019668220564,1
65290,2012-02-20,0.23294905966960092,0
65291,2012-02-20,0.4185635444561861,1
65292,2012-02-20,0.33517339749577674,0
65293,2012-02-20,0.21648079930601724,0
65294,2012-02-20,0.47071795681171075,1
65295,2012-02-20,0.14936775194768787,1
65296,2012-02-20,0.539612981877958,0
65297,2012-02-20,0.4012984458216535,0
65298,2012-02-20,0.31243973236497746,0
65299,2012-02-20,0.40106749551367976,0
65300,2012-02-20,0.37469434639983307,0
65301,2012-02-20,0.28038990983896167,1
65302,2012-02-20,0.25850959363360476,1
65303,2012-02-20,0.24315492595947386,0
65304,2012-02-20,0.49635772294103914,0
65305,2012-02-20,0.3336120077691545,0
65306,2012-02-20,0.5893367080013553,1
65307,2012-02-20,0.39471185141219167,1
65308,2012-02-20,0.4335607787395858,0
65309,2012-02-20,0.5074011155385804,0
65310,2012-02-20,0.6187781143429956,0
65311,2012-02-20,0.1281840352314801,0
65312,2012-02-20,0.5643121223664768,1
65313,2012-02-20,0.16297256097241875,0
65314,2012-02-20,0.268025691359312,0
65315,2012-02-20,0.46155883444186274,0
65316,2012-02-20,0.5146393850175559,0
65317,2012-02-20,0.34060023050186017,1
65318,2012-02-20,0.2580292813085971,0
65319,2012-02-20,0.3332424044116206,0
65320,2012-02-20,0.3475231333158543,0
65321,2012-02-20,0.28669067073106075,0
65322,2012-02-20,0.24891796449351583,0
65323,2012-02-20,0.3465170794989262,0
65324,2012-02-20,0.28084655385818885,1
65325,2012-02-20,0.21345207807216673,0
65326,2012-02-20,0.4206569454173334,0
65327,2012-02-20,0.4636245219775703,0
65328,2012-02-20,0.18976589384509093,0
65329,2012-02-20,0.4649059756039596,1
65330,2012-02-20,0.3817572847643149,0
65331,2012-02-20,0.5074096224333747,1
65332,2012-02-20,0.33793169994590166,1
65333,2012-02-20,0.14177925696414717,0
65334,2012-02-20,0.17582473738775825,0
65335,2012-02-20,0.14602566074166573,0
65336,2012-02-20,0.3465504436051171,1
65337,2012-02-20,0.18847179214120094,0
65338,2012-02-20,0.2559535125640861,0
65339,2012-02-20,0.2739080397210117,1
65340,2012-02-20,0.1486789897027957,0
65341,2012-02-20,0.1294474341171951,0
65342,2012-02-20,0.42659691632155006,0
65343,2012-02-20,0.3418149626202908,1
65344,2012-02-20,0.21220854638659906,0
65345,2012-02-20,0.3637765857713215,0
65346,2012-02-20,0.26694427130325693,1
65347,2012-02-20,0.28407341459501423,1
65348,2012-02-20,0.4870572600209035,1
65349,2012-02-20,0.1936683126877977,0
65350,2012-02-20,0.20441666883362636,0
65351,2012-02-20,0.4213966222653736,0
65352,2012-02-20,0.21102047190832035,1
65353,2012-02-20,0.28120272496457555,1
65354,2012-02-20,0.5186889794953479,1
65355,2012-02-20,0.3489619056112945,0
65356,2012-02-20,0.15403682734009183,0
65357,2012-02-20,0.35670285427863624,1
65358,2012-02-20,0.23768951295042515,1
65359,2012-02-20,0.4605153464546067,1
65360,2012-02-20,0.4227629978657666,1
65361,2012-02-20,0.20536714509014956,0
65362,2012-02-20,0.18087051501908064,1
65363,2012-02-20,0.3840665016048409,1
65364,2012-02-20,0.4020332034822578,1
65365,2012-02-20,0.5823949639182378,1
65366,2012-02-20,0.2399575579822238,1
65367,2012-02-20,0.5589851106557719,1
65368,2012-02-20,0.2349076549701897,1
65369,2012-02-20,0.25486772287452497,0
65370,2012-02-20,0.20392966735606569,0
65371,2012-02-20,0.1451031434391675,0
65372,2012-02-20,0.5744345871196139,1
65373,2012-02-20,0.5131843499600133,1
65374,2012-02-20,0.39740013621353937,0
65375,2012-02-20,0.304079803566592,0
65376,2012-02-20,0.32774056431985926,0
65377,2012-02-20,0.15927204180333962,0
65378,2012-02-20,0.4158509726844632,0
65379,2012-02-20,0.2379824726153415,0
65380,2012-02-20,0.4040359292304946,0
65381,2012-02-20,0.3110502114015974,1
65382,2012-02-20,0.3556511260324558,0
65383,2012-02-20,0.3801326934649822,0
65384,2012-02-20,0.3378391713004961,1
65385,2012-02-20,0.1941008834338801,0
65386,2012-02-20,0.4838855369693563,1
65387,2012-02-20,0.21885458636292818,1
65388,2012-02-20,0.5124798113680031,1
65389,2012-02-20,0.47518165297604315,0
65390,2012-02-20,0.29989573633312777,1
65391,2012-02-20,0.6342082689380197,1
65392,2012-02-20,0.36736285233723326,0
65393,2012-02-20,0.3874778663163904,1
65394,2012-02-20,0.5368873447423064,0
65395,2012-02-20,0.16367152336405977,0
65396,2012-02-20,0.16618524734427734,1
65397,2012-02-20,0.19048821526158122,1
65398,2012-02-20,0.29582987866522925,0
65399,2012-02-20,0.24875311193616195,0
65400,2012-02-20,0.34579595424086756,0
65401,2012-02-20,0.17366898242608353,0
65402,2012-02-20,0.20794872451379834,0
65403,2012-02-20,0.20488431487883854,0
65404,2012-02-20,0.25203393239637656,0
65405,2012-02-20,0.26477766314077367,0
65406,2012-02-20,0.3059601435000139,0
65407,2012-02-20,0.3749393513164129,0
65408,2012-02-20,0.5632865734035394,1
65409,2012-02-20,0.42270915277025306,1
65410,2012-02-20,0.3134798590362463,1
65411,2012-02-20,0.3401055307164155,0
65412,2012-02-20,0.3732663369009874,0
65413,2012-02-20,0.3410428532613179,0
65414,2012-02-20,0.23076980752410917,0
65415,2012-02-20,0.2674920799059758,0
65416,2012-02-20,0.3573617257930302,0
65417,2012-02-20,0.3241630705314435,0
65418,2012-02-20,0.5827477031639787,1
65419,2012-02-20,0.5034741150374367,0
65420,2012-02-20,0.3558972018112075,0
65421,2012-02-20,0.12008817694348434,0
65422,2012-02-20,0.18329832397143217,0
65423,2012-02-20,0.5529426201271909,0
65424,2012-02-20,0.10386132980738343,0
65425,2012-02-20,0.18259158747996312,0
65426,2012-02-20,0.29972534040155424,0
65427,2012-02-20,0.23838133964327501,1
65428,2012-02-20,0.20791736958417736,0
65429,2012-02-20,0.16126117685689192,1
65430,2012-02-20,0.1964644915940037,0
65431,2012-02-20,0.2400168404398256,0
65432,2012-02-20,0.38045609454419566,0
65433,2012-02-20,0.29820770269542934,0
65434,2012-02-20,0.20678718854681807,0
65435,2012-02-20,0.22696028342080274,0
65436,2012-02-20,0.2174048045873744,0
65437,2012-02-20,0.45402432681797394,0
65438,2012-02-20,0.51433068482942,0
65439,2012-02-20,0.45525357385045095,0
65440,2012-02-20,0.292304884066989,0
65441,2012-02-20,0.38441403978606464,0
65442,2012-02-20,0.3516072240447275,1
65443,2012-02-20,0.33884023056513635,0
65444,2012-02-20,0.5536510535674781,0
65445,2012-02-20,0.14886976531129945,0
65446,2012-02-20,0.1194960054724505,0
65447,2012-02-20,0.34241215104453804,0
65448,2012-02-20,0.17929313175238562,1
65449,2012-02-20,0.2029834360714711,1
65450,2012-02-20,0.6073525953009122,1
65451,2012-02-20,0.3475645541904045,0
65452,2012-02-21,0.29195832977695735,0
65453,2012-02-21,0.23416845512480763,1
65454,2012-02-21,0.21730030927311209,0
65455,2012-02-21,0.18963458288968604,0
65456,2012-02-21,0.21255348491739423,0
65457,2012-02-21,0.17786637043526554,0
65458,2012-02-21,0.2055467439321891,0
65459,2012-02-21,0.14248126411652068,1
65460,2012-02-21,0.2577373239326205,1
65461,2012-02-21,0.26173057714579206,0
65462,2012-02-21,0.35494709428756743,0
65463,2012-02-21,0.502120706992025,1
65464,2012-02-21,0.27261464647117767,0
65465,2012-02-21,0.3184182734457578,0
65466,2012-02-21,0.12655804375014434,0
65467,2012-02-21,0.19120474583341002,1
65468,2012-02-21,0.2491251884632766,1
65469,2012-02-21,0.1825278259661107,0
65470,2012-02-21,0.3534784639661989,0
65471,2012-02-21,0.19941421024575673,1
65472,2012-02-21,0.27313350246153134,0
65473,2012-02-21,0.24743078802454166,1
65474,2012-02-21,0.2815822930328464,1
65475,2012-02-21,0.24132331161783668,0
65476,2012-02-21,0.23332444005687586,0
65477,2012-02-21,0.1449954771647435,0
65478,2012-02-21,0.23551093503740028,0
65479,2012-02-21,0.42031729977092014,0
65480,2012-02-21,0.23390936357655986,0
65481,2012-02-21,0.5560967733443309,0
65482,2012-02-21,0.41199540725265965,0
65483,2012-02-21,0.2813332358045755,1
65484,2012-02-21,0.5327971492925291,1
65485,2012-02-21,0.22008647276897234,0
65486,2012-02-21,0.23209443002674673,1
65487,2012-02-21,0.35747461503270833,0
65488,2012-02-21,0.6182511682482358,1
65489,2012-02-21,0.5002403043954065,1
65490,2012-02-21,0.6076871449707612,0
65491,2012-02-21,0.4422043303981527,1
65492,2012-02-21,0.2570038501362729,1
65493,2012-02-21,0.16896933937971723,1
65494,2012-02-21,0.18257005309016566,0
65495,2012-02-21,0.22677938358997568,0
65496,2012-02-21,0.15705619159804274,0
65497,2012-02-21,0.392686919604175,1
65498,2012-02-21,0.161179134411091,0
65499,2012-02-21,0.3581962100398573,1
65500,2012-02-21,0.2965599766622826,1
65501,2012-02-21,0.3293739673228369,1
65502,2012-02-21,0.26035144520295195,1
65503,2012-02-21,0.18359600934912815,1
65504,2012-02-21,0.14717652381626514,0
65505,2012-02-21,0.49271921705710103,1
65506,2012-02-21,0.18083056469273728,0
65507,2012-02-21,0.27900524853948594,1
65508,2012-02-21,0.27447215644481693,1
65509,2012-02-21,0.2970898990900165,0
65510,2012-02-21,0.21072054133459653,0
65511,2012-02-21,0.17312865732670718,0
65512,2012-02-21,0.47546449528303136,0
65513,2012-02-21,0.5207380752050808,1
65514,2012-02-21,0.5777894265543007,1
65515,2012-02-21,0.17997650218116143,0
65516,2012-02-21,0.5730360354402579,1
65517,2012-02-21,0.1328771791259846,1
65518,2012-02-21,0.515767112755204,1
65519,2012-02-21,0.5496203164706457,1
65520,2012-02-21,0.29570422592701473,0
65521,2012-02-21,0.2825212437886053,1
65522,2012-02-21,0.5306418878696156,1
65523,2012-02-21,0.3817215517364287,1
65524,2012-02-21,0.5510170654821064,1
65525,2012-02-21,0.4994402082939021,1
65526,2012-02-21,0.5660328558820488,0
65527,2012-02-21,0.21686733169660133,0
65528,2012-02-21,0.49889076121995163,0
65529,2012-02-21,0.25298430908076674,0
65530,2012-02-21,0.22720746454755256,0
65531,2012-02-21,0.39528976725502174,1
65532,2012-02-21,0.33865175982745416,0
65533,2012-02-21,0.14425963743400186,0
65534,2012-02-21,0.16026886996723966,0
65535,2012-02-21,0.4746381775950442,1
65536,2012-02-21,0.21553426102494688,0
65537,2012-02-21,0.3184369163994541,0
65538,2012-02-21,0.26211079605163873,0
65539,2012-02-21,0.29006968170128034,0
65540,2012-02-21,0.22677938358997568,0
65541,2012-02-21,0.3761596126351415,0
65542,2012-02-21,0.1915931000546604,0
65543,2012-02-21,0.2757825083931724,0
65544,2012-02-21,0.30041428425505506,0
65545,2012-02-21,0.19886967654794252,0
65546,2012-02-21,0.28738444216753806,0
65547,2012-02-21,0.441379376990727,0
65548,2012-02-21,0.4819387602021906,1
65549,2012-02-21,0.4833279233711839,1
65550,2012-02-21,0.14474878200620864,1
65551,2012-02-21,0.2089488443916457,0
65552,2012-02-21,0.20821989364686916,0
65553,2012-02-21,0.4464360046761141,1
65554,2012-02-21,0.43724483448723866,1
65555,2012-02-21,0.14092902958194306,0
65556,2012-02-21,0.29891817010795074,1
65557,2012-02-21,0.2503574552626168,1
65558,2012-02-21,0.19261840741039005,1
65559,2012-02-21,0.14465730610714053,0
65560,2012-02-21,0.34708676299466823,1
65561,2012-02-21,0.1567015129137029,0
65562,2012-02-21,0.5715423851291811,0
65563,2012-02-21,0.20510440877134747,0
65564,2012-02-21,0.3826128047280743,1
65565,2012-02-21,0.47515272675193254,1
65566,2012-02-21,0.5071431485552733,1
65567,2012-02-21,0.3947228714510703,1
65568,2012-02-21,0.18149898568351397,0
65569,2012-02-21,0.17134733265099347,0
65570,2012-02-21,0.23845472266967324,0
65571,2012-02-21,0.4604453894563985,0
65572,2012-02-21,0.3507888397502479,1
65573,2012-02-21,0.17338910185467066,0
65574,2012-02-21,0.47010963571693865,0
65575,2012-02-21,0.20692213517578453,0
65576,2012-02-21,0.23933770787982706,0
65577,2012-02-21,0.1320631466575857,1
65578,2012-02-21,0.20496467200917007,0
65579,2012-02-21,0.20131356369904718,0
65580,2012-02-21,0.20369322244532037,0
65581,2012-02-21,0.17962121923738833,0
65582,2012-02-21,0.4124456584279238,1
65583,2012-02-21,0.6062245256371736,1
65584,2012-02-21,0.4767427196147088,1
65585,2012-02-21,0.23125927173912142,1
65586,2012-02-21,0.54821198376789,1
65587,2012-02-21,0.36290309854867975,1
65588,2012-02-21,0.5068707092047041,1
65589,2012-02-21,0.30383697299060697,1
65590,2012-02-21,0.2824988660946259,0
65591,2012-02-21,0.35861528162488016,0
65592,2012-02-21,0.27256468780133325,0
65593,2012-02-21,0.22119512768134889,0
65594,2012-02-21,0.5653238371003705,1
65595,2012-02-21,0.5185234003097294,0
65596,2012-02-21,0.4749035265774374,0
65597,2012-02-21,0.46835414708480105,0
65598,2012-02-21,0.1171744238515743,0
65599,2012-02-21,0.15987148051412994,1
65600,2012-02-21,0.15969187621997483,0
65601,2012-02-21,0.4187363931187208,1
65602,2012-02-21,0.24916523645195895,1
65603,2012-02-21,0.3220245102559512,0
65604,2012-02-21,0.11851317173901119,0
65605,2012-02-21,0.4851666098995842,0
65606,2012-02-21,0.4959344539430681,0
65607,2012-02-21,0.2814041300658545,0
65608,2012-02-21,0.43311610391325395,1
65609,2012-02-21,0.4750146316235456,1
65610,2012-02-21,0.25233978456691686,0
65611,2012-02-21,0.3214350735994084,1
65612,2012-02-21,0.42674099660150366,0
65613,2012-02-21,0.3430379070734726,0
65614,2012-02-21,0.16615268242408135,0
65615,2012-02-21,0.4993822528223833,1
65616,2012-02-21,0.4243355943652333,0
65617,2012-02-21,0.33603105453349813,0
65618,2012-02-21,0.16108622342581805,0
65619,2012-02-21,0.19858347715292085,0
65620,2012-02-21,0.22771497609056301,0
65621,2012-02-21,0.22749624963513093,1
65622,2012-02-21,0.15072096393474524,0
65623,2012-02-21,0.4072801918926282,1
65624,2012-02-21,0.22289580148837068,0
65625,2012-02-21,0.18870862028660038,0
65626,2012-02-21,0.21037247694520858,0
65627,2012-02-21,0.26029692811741983,0
65628,2012-02-21,0.2596937145072586,1
65629,2012-02-21,0.14871028484347304,0
65630,2012-02-21,0.18590016685126864,1
65631,2012-02-21,0.3430399025188852,0
65632,2012-02-21,0.31071218232774844,0
65633,2012-02-21,0.1945806693776065,0
65634,2012-02-21,0.37855232555854224,1
65635,2012-02-21,0.3752860400301182,0
65636,2012-02-21,0.16038941168103574,0
65637,2012-02-21,0.19107113828133288,1
65638,2012-02-21,0.2877358826515099,0
65639,2012-02-21,0.23591210880085037,1
65640,2012-02-21,0.40705239365333673,0
65641,2012-02-21,0.1673148338770216,1
65642,2012-02-21,0.47623218892783636,1
65643,2012-02-21,0.18411415112308677,0
65644,2012-02-21,0.3704587674437536,1
65645,2012-02-21,0.2648324975658737,0
65646,2012-02-21,0.22620415575400804,0
65647,2012-02-21,0.46969082384612154,1
65648,2012-02-21,0.5096677692123502,1
65649,2012-02-21,0.39018311691203217,0
65650,2012-02-21,0.18352706020890214,0
65651,2012-02-21,0.18079117731613847,0
65652,2012-02-21,0.34721363346401085,1
65653,2012-02-21,0.5547061265775325,1
65654,2012-02-21,0.31204418113342736,1
65655,2012-02-21,0.25227178159737473,0
65656,2012-02-21,0.45001217713087194,1
65657,2012-02-21,0.21689270445682424,0
65658,2012-02-21,0.1608470847657491,0
65659,2012-02-21,0.26751756326607884,1
65660,2012-02-21,0.16927258487515656,0
65661,2012-02-21,0.4223779740493678,1
65662,2012-02-21,0.42848614832424475,1
65663,2012-02-21,0.24202826058708124,0
65664,2012-02-21,0.3989568858004653,1
65665,2012-02-21,0.2092150403034015,0
65666,2012-02-21,0.24830745907517465,0
65667,2012-02-21,0.15358748066095237,0
65668,2012-02-21,0.4934952645059622,0
65669,2012-02-21,0.30337168436626455,0
65670,2012-02-21,0.21604033048051696,0
65671,2012-02-21,0.24716239435596385,0
65672,2012-02-21,0.5634559144319482,1
65673,2012-02-21,0.23212410964057859,0
65674,2012-02-21,0.34442939277169626,0
65675,2012-02-21,0.2705738502639553,1
65676,2012-02-21,0.28110989430446165,0
65677,2012-02-21,0.27001266331217105,1
65678,2012-02-21,0.28758181349676215,1
65679,2012-02-21,0.4410183426143016,1
65680,2012-02-21,0.3183783528993345,0
65681,2012-02-21,0.18892270531513033,0
65682,2012-02-21,0.47506593086595167,0
65683,2012-02-21,0.44132787410867913,1
65684,2012-02-21,0.2566638576064642,0
65685,2012-02-21,0.4873954983391895,1
65686,2012-02-21,0.29204778067924186,0
65687,2012-02-21,0.18991185817118736,0
65688,2012-02-21,0.176357836938985,0
65689,2012-02-21,0.24600083091956532,0
65690,2012-02-21,0.5201222801118288,1
65691,2012-02-21,0.32049728683474876,1
65692,2012-02-21,0.2712191423341884,1
65693,2012-02-21,0.23055621936128057,1
65694,2012-02-21,0.17975784202901368,1
65695,2012-02-21,0.1748557863909385,0
65696,2012-02-21,0.20607356287684672,0
65697,2012-02-21,0.119080486389248,0
65698,2012-02-21,0.15096119190721496,0
65699,2012-02-21,0.5107432985713589,1
65700,2012-02-21,0.4858783950519889,0
65701,2012-02-21,0.22948700240699235,1
65702,2012-02-21,0.40764655203282696,0
65703,2012-02-21,0.27067619254399833,0
65704,2012-02-21,0.19130595221925914,0
65705,2012-02-21,0.17857231829687187,1
65706,2012-02-21,0.17014217940560702,0
65707,2012-02-21,0.40172343559151297,1
65708,2012-02-21,0.49722087230479745,1
65709,2012-02-21,0.5890143849808978,1
65710,2012-02-21,0.45909539206595545,0
65711,2012-02-21,0.16066203186715827,0
65712,2012-02-21,0.2513800345074325,1
65713,2012-02-21,0.24808255865751913,1
65714,2012-02-21,0.17567491112717698,0
65715,2012-02-21,0.2246737887059437,1
65716,2012-02-21,0.28455148944736636,0
65717,2012-02-21,0.41363468326392505,0
65718,2012-02-21,0.1461280045583576,0
65719,2012-02-21,0.3524729050553627,1
65720,2012-02-21,0.4461820039967001,0
65721,2012-02-21,0.41401792250806363,1
65722,2012-02-21,0.2512399649092676,0
65723,2012-02-21,0.22159627776690774,0
65724,2012-02-21,0.47292991095013764,0
65725,2012-02-21,0.5222956972455207,1
65726,2012-02-21,0.27634015931463257,1
65727,2012-02-21,0.23497901472194352,0
65728,2012-02-21,0.5029530671036198,0
65729,2012-02-21,0.19906083569069202,0
65730,2012-02-21,0.2046064789414608,0
65731,2012-02-21,0.3297189349400456,0
65732,2012-02-21,0.38225023198944375,0
65733,2012-02-22,0.24072815317369123,0
65734,2012-02-22,0.42490771727988114,1
65735,2012-02-22,0.3580028823219608,1
65736,2012-02-22,0.3052779400349461,1
65737,2012-02-22,0.17525572454586014,0
65738,2012-02-22,0.2851996483071886,0
65739,2012-02-22,0.5110816632560908,1
65740,2012-02-22,0.2582174210534934,1
65741,2012-02-22,0.22353437055212177,1
65742,2012-02-22,0.2597764999700225,0
65743,2012-02-22,0.13314037362920855,0
65744,2012-02-22,0.3082629833076838,0
65745,2012-02-22,0.3657947335127049,1
65746,2012-02-22,0.4027275125133004,1
65747,2012-02-22,0.1832490532200509,1
65748,2012-02-22,0.22334607336800333,1
65749,2012-02-22,0.14312034755425845,0
65750,2012-02-22,0.5426727420849123,1
65751,2012-02-22,0.45953322570268024,1
65752,2012-02-22,0.231438834335677,1
65753,2012-02-22,0.4606855778764593,1
65754,2012-02-22,0.3925538053532874,0
65755,2012-02-22,0.2885876977585826,0
65756,2012-02-22,0.22190427551025058,0
65757,2012-02-22,0.3276073189089298,0
65758,2012-02-22,0.20028552711420294,1
65759,2012-02-22,0.2646250996001272,1
65760,2012-02-22,0.13835961139610817,0
65761,2012-02-22,0.3497458615219788,0
65762,2012-02-22,0.3648641203576127,0
65763,2012-02-22,0.24536225865327638,0
65764,2012-02-22,0.17549660502897324,0
65765,2012-02-22,0.4017718746332165,0
65766,2012-02-22,0.29861131698966475,0
65767,2012-02-22,0.2215078611568903,0
65768,2012-02-22,0.15211281513291092,0
65769,2012-02-22,0.19866308951792108,0
65770,2012-02-22,0.3844870673854446,1
65771,2012-02-22,0.3681612042249472,1
65772,2012-02-22,0.38654285229588314,0
65773,2012-02-22,0.24364682399065146,0
65774,2012-02-22,0.3607285445038895,0
65775,2012-02-22,0.31931269011287644,0
65776,2012-02-22,0.5269170320894311,1
65777,2012-02-22,0.4360553929650401,1
65778,2012-02-22,0.32977351604206945,0
65779,2012-02-22,0.4323673086913077,1
65780,2012-02-22,0.2486225437521642,0
65781,2012-02-22,0.48065165641266233,0
65782,2012-02-22,0.17635026911561463,0
65783,2012-02-22,0.2617388366226748,1
65784,2012-02-22,0.36667806587696905,0
65785,2012-02-22,0.3420177989262618,1
65786,2012-02-22,0.39612557037041407,1
65787,2012-02-22,0.3064714613478901,1
65788,2012-02-22,0.20766266899922609,0
65789,2012-02-22,0.21838666332045284,0
65790,2012-02-22,0.47580795655362246,0
65791,2012-02-22,0.47580795655362246,1
65792,2012-02-22,0.21934401006084928,1
65793,2012-02-22,0.4707717191536891,0
65794,2012-02-22,0.3283696489455386,0
65795,2012-02-22,0.34201476236731565,0
65796,2012-02-22,0.14205429900486125,0
65797,2012-02-22,0.26383704951262,1
65798,2012-02-22,0.15076030674944907,0
65799,2012-02-22,0.2810748324395912,0
65800,2012-02-22,0.5095448913977382,0
65801,2012-02-22,0.5733482022920305,1
65802,2012-02-22,0.3283442922332472,0
65803,2012-02-22,0.17945353832506605,0
65804,2012-02-22,0.2515842867294143,0
65805,2012-02-22,0.2614546158767994,0
65806,2012-02-22,0.4812153706451588,0
65807,2012-02-22,0.4836146871666208,1
65808,2012-02-22,0.16170164093700076,0
65809,2012-02-22,0.3420819747307272,0
65810,2012-02-22,0.29410593004186275,1
65811,2012-02-22,0.19472080061328534,0
65812,2012-02-22,0.4351900533976556,0
65813,2012-02-22,0.46077789153955134,1
65814,2012-02-22,0.16296494411475232,0
65815,2012-02-22,0.3082150767718157,0
65816,2012-02-22,0.1883568306504246,0
65817,2012-02-22,0.22518254630536658,0
65818,2012-02-22,0.11718345483160264,0
65819,2012-02-22,0.12773982134515902,1
65820,2012-02-22,0.21948356185096995,1
65821,2012-02-22,0.17880897552897823,0
65822,2012-02-22,0.2945923034608941,0
65823,2012-02-22,0.48611443291489187,0
65824,2012-02-22,0.29472781781513285,0
65825,2012-02-22,0.2377341843009305,1
65826,2012-02-22,0.554386559474424,1
65827,2012-02-22,0.3606685263080175,1
65828,2012-02-22,0.1838376834652676,1
65829,2012-02-22,0.5705264116268507,1
65830,2012-02-22,0.16564655603052456,1
65831,2012-02-22,0.22069951992582618,1
65832,2012-02-22,0.29052441405881707,0
65833,2012-02-22,0.4020348715461114,1
65834,2012-02-22,0.3301790194491558,1
65835,2012-02-22,0.4498281920155849,0
65836,2012-02-22,0.2939848722056982,0
65837,2012-02-22,0.17752535836610348,0
65838,2012-02-22,0.2362956105478003,0
65839,2012-02-22,0.37957342445157993,0
65840,2012-02-22,0.3278908212565943,1
65841,2012-02-22,0.19519669206101187,0
65842,2012-02-22,0.23701807212884787,0
65843,2012-02-22,0.19215976690165626,1
65844,2012-02-22,0.3629403748889998,0
65845,2012-02-22,0.22125945426063323,0
65846,2012-02-22,0.3787385547573558,0
65847,2012-02-22,0.2545841851667763,0
65848,2012-02-22,0.24920526157654083,1
65849,2012-02-22,0.30028404077511506,1
65850,2012-02-22,0.17917724669087373,1
65851,2012-02-22,0.5633292709250385,0
65852,2012-02-22,0.6630380237768183,1
65853,2012-02-22,0.27274514207056305,1
65854,2012-02-22,0.25003937529647186,1
65855,2012-02-22,0.11428211449882873,0
65856,2012-02-22,0.3035618108016204,1
65857,2012-02-22,0.1507005778703956,0
65858,2012-02-22,0.2580838060714926,0
65859,2012-02-22,0.37191421282408044,0
65860,2012-02-22,0.3079735760328256,1
65861,2012-02-22,0.5139354252623504,1
65862,2012-02-22,0.3889385711482733,0
65863,2012-02-22,0.13974709757497147,0
65864,2012-02-22,0.21280299815574305,0
65865,2012-02-22,0.5719297272565476,1
65866,2012-02-22,0.10709049409432823,0
65867,2012-02-22,0.285071009469693,1
65868,2012-02-22,0.3514316192643671,0
65869,2012-02-22,0.306755388812578,1
65870,2012-02-22,0.5177127182924225,0
65871,2012-02-22,0.2568088657510973,1
65872,2012-02-22,0.29034019140070266,0
65873,2012-02-22,0.1437343536316582,0
65874,2012-02-22,0.1525918058379491,0
65875,2012-02-22,0.3885634286368954,0
65876,2012-02-22,0.3011175952957829,0
65877,2012-02-22,0.19122274346108903,0
65878,2012-02-23,0.3425148223963369,0
65879,2012-02-23,0.42000088919282025,0
65880,2012-02-23,0.5178463672479473,0
65881,2012-02-23,0.3008283156027063,0
65882,2012-02-23,0.2154801279449687,1
65883,2012-02-23,0.14740457063607604,0
65884,2012-02-23,0.2342532917174242,0
65885,2012-02-23,0.27788201959427955,1
65886,2012-02-23,0.5854953245079967,1
65887,2012-02-23,0.299612837779324,1
65888,2012-02-23,0.2907648014267946,1
65889,2012-02-23,0.33786866567719714,0
65890,2012-02-23,0.44752032225304766,1
65891,2012-02-23,0.11948824830683365,0
65892,2012-02-23,0.35145265334015086,1
65893,2012-02-23,0.507406443195846,1
65894,2012-02-23,0.3447881434856117,0
65895,2012-02-23,0.15945658691944764,0
65896,2012-02-23,0.3206950704944687,1
65897,2012-02-23,0.4952385901988857,0
65898,2012-02-23,0.4287239630177324,0
65899,2012-02-23,0.38120820948068473,0
65900,2012-02-23,0.4481580155647969,0
65901,2012-02-23,0.2939047445481417,0
65902,2012-02-23,0.31665862617151136,0
65903,2012-02-23,0.49750347144340473,1
65904,2012-02-23,0.3091349614519977,1
65905,2012-02-23,0.45986934386027073,1
65906,2012-02-23,0.1880099201545369,0
65907,2012-02-23,0.32372015261239295,0
65908,2012-02-23,0.3232720054319642,1
65909,2012-02-23,0.3850115166156674,1
65910,2012-02-23,0.42783186431698567,0
65911,2012-02-23,0.5652984003068862,1
65912,2012-02-23,0.2325796508343828,0
65913,2012-02-23,0.1734142454641654,1
65914,2012-02-23,0.26526344201661706,1
65915,2012-02-23,0.556199576880336,1
65916,2012-02-23,0.5180809992463723,0
65917,2012-02-23,0.29261130268642566,0
65918,2012-02-23,0.2906826856316274,1
65919,2012-02-23,0.49761132841985417,0
65920,2012-02-23,0.40733306598270946,0
65921,2012-02-23,0.511678842776817,1
65922,2012-02-23,0.36959952119566697,1
65923,2012-02-23,0.5340662670674895,0
65924,2012-02-23,0.3261482173768542,1
65925,2012-02-23,0.2796975978046949,0
65926,2012-02-23,0.5121996664238045,0
65927,2012-02-23,0.3588565058561668,1
65928,2012-02-23,0.2705343949141602,0
65929,2012-02-23,0.4071903780794353,0
65930,2012-02-23,0.26053359002785337,1
65931,2012-02-23,0.26091357114345376,1
65932,2012-02-23,0.4625839400996472,1
65933,2012-02-23,0.5588216689507266,1
65934,2012-02-23,0.1827863682094846,0
65935,2012-02-23,0.2056473458084516,0
65936,2012-02-23,0.29783881709341586,1
65937,2012-02-23,0.4055687556042114,0
65938,2012-02-23,0.37863413241905125,1
65939,2012-02-23,0.17601952455213088,0
65940,2012-02-23,0.4214039610339953,0
65941,2012-02-23,0.49310056146812425,0
65942,2012-02-23,0.4355457890953699,0
65943,2012-02-23,0.5157095683282147,1
65944,2012-02-23,0.497055538098207,0
65945,2012-02-23,0.4846280400380295,1
65946,2012-02-23,0.42436932560178264,1
65947,2012-02-23,0.2983744767561791,0
65948,2012-02-23,0.3040939974651755,0
65949,2012-02-23,0.233968667330507,1
65950,2012-02-23,0.27859319150238754,1
65951,2012-02-23,0.17987142176909743,0
65952,2012-02-23,0.16038981918419967,0
65953,2012-02-23,0.4238675754389593,0
65954,2012-02-23,0.28707087959996125,0
65955,2012-02-23,0.6136883634603469,1
65956,2012-02-23,0.41171480824001455,0
65957,2012-02-23,0.5588469017180472,0
65958,2012-02-23,0.6140429597815322,1
65959,2012-02-23,0.39794367266272795,1
65960,2012-02-23,0.46195501586653637,0
65961,2012-02-23,0.6300218800897723,1
65962,2012-02-23,0.16718974782453166,0
65963,2012-02-23,0.2697806868523917,0
65964,2012-02-23,0.4232465723742745,1
65965,2012-02-23,0.24090255511558473,0
65966,2012-02-23,0.18855301191165608,1
65967,2012-02-23,0.39101192213420866,1
65968,2012-02-23,0.4248524641263829,1
65969,2012-02-23,0.241061260958013,0
65970,2012-02-23,0.3599067981876439,1
65971,2012-02-23,0.34016359679804986,1
65972,2012-02-23,0.3819005067022716,1
65973,2012-02-23,0.22088343797889257,0
65974,2012-02-23,0.23909909675905752,0
65975,2012-02-23,0.2865859011403585,1
65976,2012-02-23,0.36701089437113754,1
65977,2012-02-23,0.1455230268423384,0
65978,2012-02-23,0.28706864333445525,0
65979,2012-02-23,0.4052451354941631,0
65980,2012-02-23,0.612351114523573,1
65981,2012-02-23,0.35663883415264,0
65982,2012-02-23,0.6322876401868156,1
65983,2012-02-23,0.5906642972390701,0
65984,2012-02-23,0.2575646859789529,0
65985,2012-02-23,0.5537888781186084,1
65986,2012-02-23,0.32594148480566265,1
65987,2012-02-23,0.28988656740182545,0
65988,2012-02-23,0.29317429591591226,1
65989,2012-02-23,0.3875646317960554,0
65990,2012-02-23,0.3213835974378147,1
65991,2012-02-23,0.4857415021505949,0
65992,2012-02-23,0.5776815035059788,0
65993,2012-02-23,0.641297477292439,1
65994,2012-02-23,0.2999974196109284,1
65995,2012-02-23,0.24133022027565437,1
65996,2012-02-23,0.22730470660368096,0
65997,2012-02-23,0.26902732144782765,0
65998,2012-02-23,0.3492637221633387,0
65999,2012-02-23,0.5624756687232445,0
66000,2012-02-23,0.2938870234644599,1
66001,2012-02-23,0.37112606394686143,0
66002,2012-02-23,0.29865251116711,0
66003,2012-02-23,0.20969045409689924,0
66004,2012-02-23,0.3198815424368213,0
66005,2012-02-23,0.23333005355994557,0
66006,2012-02-23,0.21787648994853862,1
66007,2012-02-23,0.41717514057168903,0
66008,2012-02-23,0.17833695251205672,0
66009,2012-02-23,0.2637323055926952,1
66010,2012-02-23,0.2096013648271968,0
66011,2012-02-23,0.25048281854102356,0
66012,2012-02-23,0.4233169958004508,0
66013,2012-02-23,0.18851392715688323,0
66014,2012-02-23,0.26774564657001865,1
66015,2012-02-23,0.23319272747270847,0
66016,2012-02-23,0.38661798793685376,1
66017,2012-02-23,0.3242020713365681,0
66018,2012-02-23,0.48282130166131715,0
66019,2012-02-23,0.1407718557204805,0
66020,2012-02-23,0.4526858363099773,1
66021,2012-02-23,0.25229811119233597,0
66022,2012-02-23,0.29865016518776205,1
66023,2012-02-23,0.5311825093555811,1
66024,2012-02-23,0.13759926159040559,0
66025,2012-02-23,0.339041830467188,1
66026,2012-02-23,0.5877275040517719,1
66027,2012-02-23,0.36131516347999926,0
66028,2012-02-23,0.40167924662446625,1
66029,2012-02-23,0.18991142279573076,0
66030,2012-02-23,0.36072956783938404,0
66031,2012-02-23,0.24998565538008286,0
66032,2012-02-23,0.3138961189153333,0
66033,2012-02-23,0.25428811362156595,0
66034,2012-02-23,0.19186408320106188,0
66035,2012-02-23,0.47908191731152694,1
66036,2012-02-23,0.35856058106200556,0
66037,2012-02-23,0.303923207290077,1
66038,2012-02-23,0.6438796558677734,1
66039,2012-02-23,0.38456155462678326,0
66040,2012-02-23,0.219842972538534,1
66041,2012-02-23,0.3512287678864615,1
66042,2012-02-23,0.4509975586802522,0
66043,2012-02-23,0.5777449050266146,0
66044,2012-02-23,0.2612280528190664,1
66045,2012-02-23,0.17932512350501414,0
66046,2012-02-23,0.33879575695159,1
66047,2012-02-23,0.294330285234828,1
66048,2012-02-23,0.16963656258376275,0
66049,2012-02-23,0.23980083110675773,1
66050,2012-02-23,0.29696872813381514,0
66051,2012-02-23,0.2966762040806576,0
66052,2012-02-23,0.2656825926056493,0
66053,2012-02-23,0.1609036197910989,0
66054,2012-02-23,0.3974871729760023,0
66055,2012-02-23,0.34621513837496987,0
66056,2012-02-23,0.2926023073638416,1
66057,2012-02-23,0.4721947312307951,1
66058,2012-02-23,0.3541761728058082,0
66059,2012-02-23,0.3337676547536738,1
66060,2012-02-23,0.5926830684253529,0
66061,2012-02-23,0.19495113611630507,1
66062,2012-02-23,0.4781629946515651,1
66063,2012-02-23,0.6213381037184905,1
66064,2012-02-23,0.3952523283058624,0
66065,2012-02-23,0.5097598487496016,0
66066,2012-02-23,0.3310585412275054,0
66067,2012-02-23,0.2892820141530678,1
66068,2012-02-23,0.23314058158910503,0
66069,2012-02-23,0.2788651264257567,1
66070,2012-02-23,0.2834211280495355,0
66071,2012-02-23,0.3472390721245573,1
66072,2012-02-23,0.2815842867585181,0
66073,2012-02-23,0.3333310199296902,1
66074,2012-02-23,0.5024583851675559,1
66075,2012-02-23,0.5789725561567959,1
66076,2012-02-23,0.294371746547638,0
66077,2012-02-23,0.5708301243902065,0
66078,2012-02-23,0.44944739559245206,0
66079,2012-02-23,0.4121602186156739,1
66080,2012-02-23,0.12753374693269331,0
66081,2012-02-23,0.5227636739628008,1
66082,2012-02-23,0.12414897152119933,0
66083,2012-02-23,0.345527149611314,0
66084,2012-02-23,0.2796447997869803,0
66085,2012-02-23,0.2438566076292106,0
66086,2012-02-23,0.1782651998875561,0
66087,2012-02-23,0.25904897903082047,0
66088,2012-02-23,0.24284732562132846,0
66089,2012-02-23,0.17086057825261183,0
66090,2012-02-23,0.30001784072188686,1
66091,2012-02-23,0.19174726003168607,0
66092,2012-02-23,0.19978494551720397,0
66093,2012-02-23,0.2263099342350081,0
66094,2012-02-23,0.3271679781161409,1
66095,2012-02-23,0.5112225668252919,1
66096,2012-02-23,0.18058163608922842,0
66097,2012-02-23,0.17546782776145498,1
66098,2012-02-23,0.1867340315559776,0
66099,2012-02-23,0.4148118871258917,0
66100,2012-02-23,0.19720858404827088,0
66101,2012-02-23,0.2558845103307877,0
66102,2012-02-23,0.5677788013783532,1
66103,2012-02-23,0.22874844701156635,0
66104,2012-02-23,0.5975945014199892,1
66105,2012-02-23,0.2142648438781721,1
66106,2012-02-23,0.4262205884939431,0
66107,2012-02-23,0.15361536910613613,0
66108,2012-02-23,0.21377017241614102,0
66109,2012-02-23,0.2574492945164593,0
66110,2012-02-23,0.4914406271738297,1
66111,2012-02-24,0.2952870317720317,0
66112,2012-02-24,0.5329851854032458,1
66113,2012-02-24,0.39476637898286215,0
66114,2012-02-24,0.15571549496009449,0
66115,2012-02-24,0.16379586819669964,1
66116,2012-02-24,0.2682433179869814,1
66117,2012-02-24,0.29229931962505634,1
66118,2012-02-24,0.32183291684176857,0
66119,2012-02-24,0.2341529524675821,0
66120,2012-02-24,0.18683426606093226,0
66121,2012-02-24,0.1798075057478671,0
66122,2012-02-24,0.24157940014425067,0
66123,2012-02-24,0.4996729945645897,0
66124,2012-02-24,0.25120480943083273,0
66125,2012-02-24,0.24459511809976792,1
66126,2012-02-24,0.3551558976933833,1
66127,2012-02-24,0.38583575479970256,0
66128,2012-02-24,0.2617076828134112,0
66129,2012-02-24,0.17096379834938719,0
66130,2012-02-24,0.45659357438701437,1
66131,2012-02-24,0.4105537380423201,0
66132,2012-02-24,0.4363944110383917,0
66133,2012-02-24,0.2436467239439612,0
66134,2012-02-24,0.18819704108870353,0
66135,2012-02-24,0.17769352998908544,0
66136,2012-02-24,0.5458153649205686,1
66137,2012-02-24,0.26138291601784736,0
66138,2012-02-24,0.32160600415174245,1
66139,2012-02-24,0.4653931907012455,1
66140,2012-02-24,0.5339029674300341,1
66141,2012-02-24,0.24315336460006284,1
66142,2012-02-24,0.2725248822845584,1
66143,2012-02-24,0.3932121598350614,0
66144,2012-02-24,0.11197308688994918,1
66145,2012-02-24,0.15519701740626338,1
66146,2012-02-24,0.12209844892164609,1
66147,2012-02-24,0.18881275341394904,0
66148,2012-02-24,0.40489217365072805,1
66149,2012-02-24,0.337341693482607,0
66150,2012-02-24,0.1920463569957428,0
66151,2012-02-24,0.26482978446333816,1
66152,2012-02-24,0.4943056142924098,0
66153,2012-02-24,0.4124490595212916,0
66154,2012-02-24,0.11293607002464451,0
66155,2012-02-24,0.5417317058660243,1
66156,2012-02-24,0.19281712941011347,1
66157,2012-02-24,0.16741304877706112,0
66158,2012-02-24,0.3982607143294456,0
66159,2012-02-24,0.22848231647543726,0
66160,2012-02-24,0.4794692687106477,0
66161,2012-02-24,0.2303817497457063,1
66162,2012-02-24,0.5596109580697651,1
66163,2012-02-24,0.3768492551494668,1
66164,2012-02-24,0.15372184558496368,0
66165,2012-02-24,0.4734089720446547,1
66166,2012-02-24,0.3185199206811507,1
66167,2012-02-24,0.29227213335021135,0
66168,2012-02-24,0.16634420204658615,1
66169,2012-02-24,0.3346454013301115,1
66170,2012-02-24,0.183679751568961,0
66171,2012-02-24,0.5438578308486861,1
66172,2012-02-24,0.5700124841585105,0
66173,2012-02-24,0.2321785057957466,0
66174,2012-02-24,0.4682832385959785,0
66175,2012-02-24,0.2677807678200363,1
66176,2012-02-24,0.18604257224877413,0
66177,2012-02-24,0.30121468019877873,0
66178,2012-02-24,0.36802917681027403,1
66179,2012-02-24,0.30576474734806713,1
66180,2012-02-24,0.18968737041191977,1
66181,2012-02-24,0.19102456276524604,0
66182,2012-02-24,0.21241178153436863,0
66183,2012-02-24,0.1425816485093871,0
66184,2012-02-24,0.21063480056034947,0
66185,2012-02-24,0.6203119506819633,0
66186,2012-02-24,0.19085952381935153,0
66187,2012-02-24,0.31060327938338467,0
66188,2012-02-24,0.3936947013819934,1
66189,2012-02-24,0.24655640408411195,0
66190,2012-02-24,0.35619155324723234,0
66191,2012-02-24,0.21549390752811864,0
66192,2012-02-24,0.30025467344251805,0
66193,2012-02-24,0.239398686426112,0
66194,2012-02-24,0.27743788595915514,1
66195,2012-02-24,0.5265132535247912,0
66196,2012-02-24,0.11205912274427667,0
66197,2012-02-24,0.2548500181269277,1
66198,2012-02-24,0.3043062220066456,1
66199,2012-02-24,0.3393615778767995,1
66200,2012-02-24,0.658637510585469,0
66201,2012-02-24,0.3398893712794696,0
66202,2012-02-24,0.20413936948822625,1
66203,2012-02-24,0.28846641183709737,0
66204,2012-02-24,0.39003572789395924,0
66205,2012-02-24,0.28378527411314436,1
66206,2012-02-24,0.10148689247161685,1
66207,2012-02-24,0.5490511628519971,0
66208,2012-02-24,0.3922105046786688,1
66209,2012-02-24,0.29553988752007715,1
66210,2012-02-24,0.4033047536192269,0
66211,2012-02-24,0.2651093586868368,0
66212,2012-02-24,0.2905097324945107,1
66213,2012-02-24,0.13284783493978075,0
66214,2012-02-24,0.24564907358908078,1
66215,2012-02-24,0.22104689088485335,0
66216,2012-02-24,0.21266890913904246,0
66217,2012-02-24,0.20384444022680542,0
66218,2012-02-24,0.24482371654625526,0
66219,2012-02-24,0.27272675816638453,1
66220,2012-02-24,0.28812996864840673,0
66221,2012-02-24,0.19951958699560451,0
66222,2012-02-24,0.17107528170243935,0
66223,2012-02-24,0.2669538393621017,0
66224,2012-02-24,0.155325663291744,1
66225,2012-02-24,0.3863184899839881,1
66226,2012-02-24,0.1366157024035508,0
66227,2012-02-24,0.1651870646308593,0
66228,2012-02-24,0.16172797894777705,0
66229,2012-02-24,0.5209996514251792,1
66230,2012-02-24,0.14499109371622027,0
66231,2012-02-24,0.14869085702925036,1
66232,2012-02-24,0.22941499927155276,0
66233,2012-02-24,0.25410203178466007,0
66234,2012-02-24,0.2678134958337467,0
66235,2012-02-24,0.35825382117301874,0
66236,2012-02-24,0.25562140306290687,0
66237,2012-02-24,0.4053366430771687,0
66238,2012-02-24,0.1285243995679801,1
66239,2012-02-24,0.17260707829014765,0
66240,2012-02-24,0.4314872340965359,1
66241,2012-02-24,0.32805902864466635,1
66242,2012-02-24,0.16923204542941112,0
66243,2012-02-24,0.5384622105905859,1
66244,2012-02-24,0.35969081518010776,0
66245,2012-02-24,0.3374262137695609,0
66246,2012-02-24,0.35160617672037253,0
66247,2012-02-24,0.36857456173477343,0
66248,2012-02-24,0.16154654832760967,1
66249,2012-02-24,0.3129158565852818,0
66250,2012-02-24,0.5110236171930035,0
66251,2012-02-24,0.1397081205178192,0
66252,2012-02-24,0.4069092897777074,1
66253,2012-02-24,0.5583295371677162,0
66254,2012-02-25,0.13307055506388568,0
66255,2012-02-25,0.3124547647724601,0
66256,2012-02-25,0.3598256948695092,0
66257,2012-02-25,0.2497684308935318,0
66258,2012-02-25,0.3767861586061506,1
66259,2012-02-25,0.12487277002362936,1
66260,2012-02-25,0.3672015529139697,1
66261,2012-02-25,0.5669474720613927,0
66262,2012-02-25,0.3512501758167866,0
66263,2012-02-25,0.2859398147634437,0
66264,2012-02-25,0.5171408204464444,0
66265,2012-02-25,0.30997890708516007,0
66266,2012-02-25,0.2052335358808344,1
66267,2012-02-25,0.4372900517836411,1
66268,2012-02-25,0.39276028037945376,1
66269,2012-02-25,0.22645138775326182,1
66270,2012-02-25,0.2601339400397489,0
66271,2012-02-25,0.6668253771433478,0
66272,2012-02-25,0.3777220519990232,0
66273,2012-02-25,0.4249110437451348,0
66274,2012-02-25,0.3195156782190694,0
66275,2012-02-25,0.2675654131686692,1
66276,2012-02-25,0.4249110437451348,0
66277,2012-02-25,0.2313269331905605,1
66278,2012-02-25,0.2278077184351547,0
66279,2012-02-25,0.49934026983493535,1
66280,2012-02-25,0.2388093997670016,1
66281,2012-02-25,0.24274729904494663,0
66282,2012-02-25,0.25602077908185505,0
66283,2012-02-25,0.2186984560871059,0
66284,2012-02-25,0.32297490920551114,0
66285,2012-02-25,0.4805248149481248,0
66286,2012-02-25,0.25342109765382165,0
66287,2012-02-25,0.2880495377467059,0
66288,2012-02-25,0.404197632224923,0
66289,2012-02-25,0.2353139305201071,0
66290,2012-02-25,0.5461028030544167,1
66291,2012-02-25,0.4761043987849122,0
66292,2012-02-25,0.16828336128058966,0
66293,2012-02-25,0.24042311197923769,0
66294,2012-02-25,0.29294457220403375,0
66295,2012-02-25,0.2534816713916573,1
66296,2012-02-25,0.24468124957483472,1
66297,2012-02-25,0.23399646367064433,0
66298,2012-02-25,0.3133048554810114,0
66299,2012-02-25,0.30788385907846577,1
66300,2012-02-25,0.31947551104744853,1
66301,2012-02-25,0.574090742398182,0
66302,2012-02-25,0.17528170528046727,1
66303,2012-02-25,0.4014510023797058,0
66304,2012-02-25,0.29134927069617456,0
66305,2012-02-25,0.4123974357935632,0
66306,2012-02-25,0.4249110437451348,0
66307,2012-02-25,0.44271838825975185,0
66308,2012-02-25,0.15345844156797456,1
66309,2012-02-25,0.5233295479665763,0
66310,2012-02-25,0.3430812350810643,1
66311,2012-02-25,0.2060931219115173,0
66312,2012-02-25,0.22911187512872724,1
66313,2012-02-25,0.14504136639396603,0
66314,2012-02-25,0.47917276912324236,0
66315,2012-02-25,0.47485101645352573,1
66316,2012-02-25,0.25447773516448985,1
66317,2012-02-25,0.15332517681521995,0
66318,2012-02-25,0.19695565732979342,1
66319,2012-02-25,0.2559381939522732,0
66320,2012-02-25,0.2613394075553457,1
66321,2012-02-25,0.17446577571451533,0
66322,2012-02-25,0.26093741381512764,0
66323,2012-02-25,0.5493695712131214,1
66324,2012-02-25,0.21564640367463625,1
66325,2012-02-25,0.3606008141925922,0
66326,2012-02-25,0.26471405917406815,0
66327,2012-02-25,0.4307574940337001,0
66328,2012-02-25,0.6031607466665416,1
66329,2012-02-25,0.46735183707132544,1
66330,2012-02-25,0.2046160619067007,1
66331,2012-02-25,0.27729197421231994,0
66332,2012-02-25,0.14110916788697916,0
66333,2012-02-25,0.3608160852684479,1
66334,2012-02-25,0.24316283257930058,0
66335,2012-02-25,0.2562748010500027,0
66336,2012-02-25,0.40254792872940964,0
66337,2012-02-25,0.3736629275814364,0
66338,2012-02-25,0.36105961317928,0
66339,2012-02-25,0.19448564535953416,0
66340,2012-02-25,0.382954733372886,0
66341,2012-02-25,0.3917326607821422,0
66342,2012-02-25,0.21638884729947164,0
66343,2012-02-25,0.41825392874020495,0
66344,2012-02-25,0.3008513259300697,1
66345,2012-02-25,0.37101997436418244,0
66346,2012-02-25,0.13829414696753617,0
66347,2012-02-25,0.36806509783461416,0
66348,2012-02-25,0.5735263622539354,1
66349,2012-02-25,0.2808882532812748,0
66350,2012-02-25,0.2514755131655151,0
66351,2012-02-25,0.24656805898322645,1
66352,2012-02-25,0.20287340504227463,0
66353,2012-02-25,0.20896379808619922,0
66354,2012-02-25,0.2042197699682022,0
66355,2012-02-25,0.21975171180030012,1
66356,2012-02-25,0.2929510518958867,0
66357,2012-02-25,0.12735942843565423,1
66358,2012-02-25,0.3182637135615888,0
66359,2012-02-25,0.21284372435494153,0
66360,2012-02-25,0.20691314982565728,1
66361,2012-02-25,0.30953237950306983,1
66362,2012-02-25,0.46557954073568314,1
66363,2012-02-25,0.35943952467466483,0
66364,2012-02-25,0.29679906146062207,0
66365,2012-02-25,0.1741374924777085,1
66366,2012-02-25,0.342906341985754,0
66367,2012-02-25,0.2625139115950767,0
66368,2012-02-25,0.374738819679364,0
66369,2012-02-25,0.4141869682909205,1
66370,2012-02-25,0.513964112814519,1
66371,2012-02-25,0.5043442300806299,1
66372,2012-02-25,0.2603804697350578,0
66373,2012-02-25,0.23191324376440395,1
66374,2012-02-25,0.30136620587020035,0
66375,2012-02-25,0.34152029641136733,0
66376,2012-02-25,0.16003640767186428,0
66377,2012-02-25,0.19468388500431238,0
66378,2012-02-25,0.48989512961906284,1
66379,2012-02-25,0.2743970900965036,0
66380,2012-02-25,0.47265566928304487,1
66381,2012-02-25,0.24943707837441445,1
66382,2012-02-25,0.2226914129560846,1
66383,2012-02-25,0.216249702442834,0
66384,2012-02-25,0.15683461537883966,0
66385,2012-02-25,0.1970431939406324,0
66386,2012-02-25,0.3255883080541566,0
66387,2012-02-25,0.30963928928223683,0
66388,2012-02-25,0.38691952108868655,0
66389,2012-02-25,0.5342566349101188,1
66390,2012-02-25,0.4325483654365606,1
66391,2012-02-25,0.605598932980097,1
66392,2012-02-25,0.6004624905450372,1
66393,2012-02-25,0.4375999125479859,1
66394,2012-02-25,0.2123232069315065,1
66395,2012-02-25,0.15896846859931688,0
66396,2012-02-25,0.26844374908117685,1
66397,2012-02-25,0.4583162447460377,0
66398,2012-02-25,0.24492363641468037,0
66399,2012-02-25,0.26990019316071506,1
66400,2012-02-25,0.2600573495410244,0
66401,2012-02-25,0.2635317172075839,0
66402,2012-02-25,0.13576625127844524,0
66403,2012-02-25,0.4165390860004998,1
66404,2012-02-25,0.31945911479428785,1
66405,2012-02-25,0.16728510199825672,0
66406,2012-02-25,0.3209971995537655,0
66407,2012-02-25,0.49554797351948254,1
66408,2012-02-25,0.2929901284611844,1
66409,2012-02-25,0.30040168409594736,1
66410,2012-02-25,0.5266717444289858,1
66411,2012-02-25,0.5145112341844829,0
66412,2012-02-25,0.34700581653205553,1
66413,2012-02-25,0.2646560029474664,0
66414,2012-02-25,0.24523129004157093,0
66415,2012-02-25,0.3142451314120929,1
66416,2012-02-25,0.13561127267572365,1
66417,2012-02-25,0.28873511213302805,1
66418,2012-02-25,0.1495837528147796,0
66419,2012-02-25,0.17637664964530572,0
66420,2012-02-25,0.6113784333909607,0
66421,2012-02-25,0.30502050975831063,0
66422,2012-02-25,0.647634670970976,1
66423,2012-02-25,0.2778858316797679,0
66424,2012-02-26,0.574027317691204,1
66425,2012-02-26,0.3922643863312481,1
66426,2012-02-26,0.34241176453710637,0
66427,2012-02-26,0.29626079468262184,0
66428,2012-02-26,0.2159135509345309,1
66429,2012-02-26,0.31088744329673096,0
66430,2012-02-26,0.31694460363182697,0
66431,2012-02-26,0.29810130323709677,0
66432,2012-02-26,0.20678422511676892,0
66433,2012-02-26,0.4016057606326074,0
66434,2012-02-26,0.16313469393729027,0
66435,2012-02-26,0.1903195670130769,0
66436,2012-02-26,0.38334223884776364,0
66437,2012-02-26,0.27437640186846274,0
66438,2012-02-26,0.15289371555014467,0
66439,2012-02-26,0.22920957660110203,1
66440,2012-02-26,0.5178479041468783,1
66441,2012-02-26,0.4905624700096965,0
66442,2012-02-26,0.21933605271233322,0
66443,2012-02-26,0.26116778577850286,0
66444,2012-02-26,0.2149613759712093,1
66445,2012-02-26,0.24666727657393336,0
66446,2012-02-26,0.19571517764708266,0
66447,2012-02-26,0.37415088061652413,1
66448,2012-02-26,0.15524672508574783,0
66449,2012-02-26,0.21158296590426495,1
66450,2012-02-26,0.2221605719851271,0
66451,2012-02-26,0.6037700546417247,0
66452,2012-02-26,0.37379870042184155,1
66453,2012-02-26,0.13802666924562382,0
66454,2012-02-26,0.19340051398302285,0
66455,2012-02-26,0.3199486971170131,0
66456,2012-02-26,0.4162983736354432,1
66457,2012-02-26,0.26253026869209145,0
66458,2012-02-26,0.19914706991615058,0
66459,2012-02-26,0.5914069687463538,1
66460,2012-02-26,0.39865274102832005,0
66461,2012-02-26,0.36900713730567253,0
66462,2012-02-26,0.5564989806783918,1
66463,2012-02-26,0.24127346711125391,0
66464,2012-02-26,0.20751076443572003,1
66465,2012-02-26,0.5138507385310545,0
66466,2012-02-26,0.26530768439014757,0
66467,2012-02-26,0.24207926791548456,1
66468,2012-02-26,0.15664249167563174,0
66469,2012-02-26,0.2755840731016241,0
66470,2012-02-26,0.5172629327449032,1
66471,2012-02-26,0.1645843264397349,0
66472,2012-02-26,0.37964380192615127,0
66473,2012-02-26,0.19304850399405107,0
66474,2012-02-26,0.17218488787659336,1
66475,2012-02-26,0.19080298063555723,0
66476,2012-02-26,0.1251845186617266,0
66477,2012-02-26,0.4330269794860317,0
66478,2012-02-26,0.15547753844505496,0
66479,2012-02-26,0.1449843157075614,1
66480,2012-02-26,0.484889950167337,0
66481,2012-02-26,0.48983419018788604,0
66482,2012-02-26,0.2016241896349612,0
66483,2012-02-26,0.26920757192417877,1
66484,2012-02-26,0.1847750345479288,0
66485,2012-02-26,0.3073943357192637,0
66486,2012-02-26,0.3639319339293205,1
66487,2012-02-26,0.5853323760661219,0
66488,2012-02-26,0.16061683506488897,1
66489,2012-02-26,0.6308325272882879,1
66490,2012-02-26,0.4160843985778284,1
66491,2012-02-26,0.24606165633974786,0
66492,2012-02-26,0.18661819873909866,0
66493,2012-02-26,0.3136889811091282,0
66494,2012-02-26,0.3753221039138297,0
66495,2012-02-26,0.38627492163076904,1
66496,2012-02-26,0.45339155812195997,1
66497,2012-02-26,0.44445511901910123,0
66498,2012-02-26,0.475777033187957,1
66499,2012-02-26,0.18607000593574238,0
66500,2012-02-26,0.263586796932777,0
66501,2012-02-26,0.6245065768505014,1
66502,2012-02-26,0.17626287368359136,0
66503,2012-02-26,0.4314018377784082,0
66504,2012-02-26,0.439494828271575,1
66505,2012-02-26,0.48604390162566036,0
66506,2012-02-26,0.4252091365384013,0
66507,2012-02-26,0.3150767487898963,0
66508,2012-02-26,0.44728564561691436,1
66509,2012-02-26,0.3906623168635267,0
66510,2012-02-26,0.3380829940428982,1
66511,2012-02-26,0.37783279031224437,0
66512,2012-02-26,0.19058478618055835,0
66513,2012-02-26,0.24228678613014512,0
66514,2012-02-26,0.6230001181680803,0
66515,2012-02-26,0.32723225961643176,0
66516,2012-02-26,0.3049455931213501,1
66517,2012-02-26,0.20685453079199498,0
66518,2012-02-26,0.43140072567138693,1
66519,2012-02-26,0.35192751985879533,0
66520,2012-02-26,0.20729470537883796,1
66521,2012-02-26,0.5116166321464979,0
66522,2012-02-26,0.3627375891084581,0
66523,2012-02-26,0.25262924238207146,0
66524,2012-02-26,0.3059465490392537,0
66525,2012-02-26,0.19778270697855668,1
66526,2012-02-26,0.4816318728138708,0
66527,2012-02-26,0.26009552950199866,0
66528,2012-02-26,0.2934526039578635,1
66529,2012-02-26,0.14464335866551065,0
66530,2012-02-26,0.5018886991141437,1
66531,2012-02-26,0.2872791333896457,1
66532,2012-02-26,0.42906162654325825,1
66533,2012-02-26,0.31630740379545647,0
66534,2012-02-26,0.2540047057849134,0
66535,2012-02-26,0.47846898212374067,0
66536,2012-02-26,0.3087802318000945,0
66537,2012-02-26,0.3767990272770165,1
66538,2012-02-26,0.19023032443288398,1
66539,2012-02-26,0.2525317872360269,0
66540,2012-02-26,0.49188944381367355,1
66541,2012-02-26,0.32885960424343713,0
66542,2012-02-26,0.5678978938342606,1
66543,2012-02-26,0.36914133732423665,0
66544,2012-02-26,0.23291952480117772,0
66545,2012-02-26,0.27983975012107054,0
66546,2012-02-26,0.24854621034447238,0
66547,2012-02-26,0.21242663839794673,1
66548,2012-02-26,0.27758946159040243,0
66549,2012-02-26,0.44684559992561185,1
66550,2012-02-26,0.35049594415417823,0
66551,2012-02-26,0.4423035198480436,0
66552,2012-02-26,0.5055123844941216,0
66553,2012-02-26,0.1254007256794596,0
66554,2012-02-26,0.46106956228256735,1
66555,2012-02-26,0.49109857898896986,1
66556,2012-02-26,0.23047017613298865,0
66557,2012-02-26,0.1274743356159919,0
66558,2012-02-26,0.31223467072666433,0
66559,2012-02-26,0.2400270462242298,0
66560,2012-02-26,0.1931814044461489,0
66561,2012-02-26,0.15565252706400975,0
66562,2012-02-26,0.33653114643630594,1
66563,2012-02-26,0.316908396443122,0
66564,2012-02-26,0.13989443506223423,1
66565,2012-02-26,0.22475134393034638,1
66566,2012-02-26,0.36401591493045343,0
66567,2012-02-26,0.4223178148223886,1
66568,2012-02-26,0.317777307509105,0
66569,2012-02-26,0.22679692406224602,1
66570,2012-02-26,0.2220803868827856,1
66571,2012-02-26,0.5056698814588196,0
66572,2012-02-26,0.4079322769935891,0
66573,2012-02-26,0.35174787543071356,0
66574,2012-02-26,0.28969069073407727,1
66575,2012-02-26,0.17660610950442682,0
66576,2012-02-26,0.22482629785593236,0
66577,2012-02-26,0.15078255627617015,0
66578,2012-02-26,0.35350082897085905,0
66579,2012-02-26,0.18707298746714476,0
66580,2012-02-26,0.5085808985060235,1
66581,2012-02-26,0.3470814096939702,0
66582,2012-02-26,0.327004431060046,0
66583,2012-02-26,0.5698775208651323,0
66584,2012-02-26,0.5696605699836271,0
66585,2012-02-26,0.19435286276734592,1
66586,2012-02-26,0.2069374542619351,0
66587,2012-02-26,0.2193229685692708,0
66588,2012-02-26,0.3838207755529892,0
66589,2012-02-26,0.12529817151302272,0
66590,2012-02-26,0.11906369098823054,0
66591,2012-02-26,0.21354944759896716,1
66592,2012-02-26,0.42137399971509276,0
66593,2012-02-26,0.1702586976884137,0
66594,2012-02-26,0.42513391494789243,0
66595,2012-02-26,0.14146327028763517,1
66596,2012-02-26,0.18710554440854893,0
66597,2012-02-26,0.19149337660327945,0
66598,2012-02-26,0.4178847871036348,1
66599,2012-02-26,0.509899424739667,0
66600,2012-02-26,0.1408692570993099,0
66601,2012-02-26,0.14196407412686618,0
66602,2012-02-26,0.16463417423008872,0
66603,2012-02-26,0.47260001742364555,1
66604,2012-02-26,0.4329852351111658,0
66605,2012-02-26,0.5587009425265341,0
66606,2012-02-26,0.16559210126460575,1
66607,2012-02-26,0.27352174890810943,1
66608,2012-02-26,0.26971685287829816,0
66609,2012-02-26,0.259304148525989,1
66610,2012-02-26,0.2618042195223716,1
66611,2012-02-26,0.435012232681205,0
66612,2012-02-26,0.1963127538304057,0
66613,2012-02-26,0.2712675173684129,0
66614,2012-02-26,0.19464119046995154,1
66615,2012-02-26,0.5299213500094525,1
66616,2012-02-26,0.3320497001859568,0
66617,2012-02-26,0.1304814590159014,0
66618,2012-02-26,0.41671714898995915,1
66619,2012-02-26,0.2046424541599412,0
66620,2012-02-26,0.18504482107999065,0
66621,2012-02-26,0.2489453866930092,0
66622,2012-02-26,0.6377721581883782,1
66623,2012-02-26,0.2028074969307022,0
66624,2012-02-26,0.3636374729046678,1
66625,2012-02-26,0.3202012408387706,0
66626,2012-02-26,0.4437575684798992,0
66627,2012-02-26,0.1677188934043254,1
66628,2012-02-26,0.4859017770036697,0
66629,2012-02-26,0.32685425734443624,0
66630,2012-02-26,0.29092315102733957,1
66631,2012-02-26,0.12745363509691793,0
66632,2012-02-26,0.4817922886156648,1
66633,2012-02-26,0.30613995109007347,0
66634,2012-02-26,0.13906231882967143,0
66635,2012-02-26,0.3662565580655007,0
66636,2012-02-26,0.23318349190205803,0
66637,2012-02-26,0.1669186941329972,0
66638,2012-02-26,0.22872153502923678,1
66639,2012-02-26,0.5520015793099635,0
66640,2012-02-26,0.3697378767932927,1
66641,2012-02-26,0.3707870505542383,0
66642,2012-02-26,0.22123730145485182,0
66643,2012-02-26,0.24481378550830493,0
66644,2012-02-26,0.1789885975632542,0
66645,2012-02-26,0.5187154143982691,0
66646,2012-02-26,0.3145148670871964,0
66647,2012-02-26,0.2357668813284321,1
66648,2012-02-26,0.22073558206605512,0
66649,2012-02-26,0.39547409657073046,0
66650,2012-02-26,0.28528318399991287,0
66651,2012-02-26,0.2799790435456781,1
66652,2012-02-26,0.33605426317085835,1
66653,2012-02-26,0.35613030670675533,0
66654,2012-02-26,0.2926190559971707,0
66655,2012-02-26,0.28514451103625216,0
66656,2012-02-26,0.2537515655692861,0
66657,2012-02-26,0.29205986586875365,0
66658,2012-02-26,0.24833956660201525,0
66659,2012-02-26,0.16525001027743316,0
66660,2012-02-26,0.19883442044110536,0
66661,2012-02-26,0.25177526647844173,1
66662,2012-02-26,0.30439798957824565,0
66663,2012-02-26,0.14617324107031926,0
66664,2012-02-26,0.13323728574900232,0
66665,2012-02-26,0.2937762985677989,1
66666,2012-02-26,0.4513684332049545,0
66667,2012-02-26,0.15525367999145842,0
66668,2012-02-26,0.20175253034358198,1
66669,2012-02-26,0.20517610568011507,0
66670,2012-02-26,0.10856096247258522,0
66671,2012-02-26,0.5597504193903081,1
66672,2012-02-26,0.5101429636550339,1
66673,2012-02-26,0.19156545791738322,0
66674,2012-02-26,0.19485108982612717,0
66675,2012-02-26,0.3615926660929443,0
66676,2012-02-26,0.18769702561439647,1
66677,2012-02-26,0.30005125013461525,0
66678,2012-02-26,0.5557980582729897,1
66679,2012-02-26,0.2780873120073821,1
66680,2012-02-26,0.6416301148201564,1
66681,2012-02-26,0.165478241437664,0
66682,2012-02-26,0.4836363990114871,1
66683,2012-02-26,0.5252252499238096,1
66684,2012-02-26,0.24595833555186827,1
66685,2012-02-26,0.19923752568400366,0
66686,2012-02-26,0.4161845602301871,1
66687,2012-02-26,0.20723677823622844,1
66688,2012-02-26,0.2504309194422983,0
66689,2012-02-26,0.2876572841392723,1
66690,2012-02-26,0.3693324200611981,1
66691,2012-02-26,0.26969161924290314,0
66692,2012-02-26,0.11668310567599105,0
66693,2012-02-26,0.28213695523839466,0
66694,2012-02-26,0.18278948409917808,0
66695,2012-02-26,0.22162890786836323,1
66696,2012-02-26,0.3793587024884442,1
66697,2012-02-26,0.2801491539602063,1
66698,2012-02-26,0.26272543495838957,1
66699,2012-02-26,0.3377473588867459,1
66700,2012-02-26,0.6898825490938286,1
66701,2012-02-26,0.4882846559970333,0
66702,2012-02-26,0.5895503681725373,1
66703,2012-02-26,0.1082421770850783,0
66704,2012-02-26,0.17778817611876233,0
66705,2012-02-26,0.1786822075713221,0
66706,2012-02-26,0.2878924017021568,1
66707,2012-02-26,0.619418747307381,0
66708,2012-02-26,0.3261469577105437,1
66709,2012-02-26,0.24282648255903838,1
66710,2012-02-26,0.2791775151837062,1
66711,2012-02-26,0.14279472491152045,0
66712,2012-02-26,0.24950565310988418,0
66713,2012-02-26,0.3976199678892841,0
66714,2012-02-26,0.1569397315820007,0
66715,2012-02-26,0.2841531997933285,0
66716,2012-02-26,0.29191419500462745,0
66717,2012-02-26,0.2809872414049087,0
66718,2012-02-26,0.32117323038707557,1
66719,2012-02-26,0.2968331632526145,0
66720,2012-02-26,0.16911300092199583,0
66721,2012-02-26,0.259120123767848,0
66722,2012-02-26,0.4911847511749486,0
66723,2012-02-26,0.2674944532896495,0
66724,2012-02-26,0.21486871528255133,1
66725,2012-02-26,0.1657994468976427,1
66726,2012-02-26,0.3448111690667032,1
66727,2012-02-26,0.25913052555928395,0
66728,2012-02-26,0.5181246066801845,1
66729,2012-02-26,0.16570180566466175,0
66730,2012-02-26,0.30695692228181143,0
66731,2012-02-26,0.39751382510084204,1
66732,2012-02-26,0.26756208662358477,1
66733,2012-02-26,0.41863646311220915,0
66734,2012-02-26,0.20083635459816965,0
66735,2012-02-26,0.14463889079628767,0
66736,2012-02-26,0.5255516092075979,1
66737,2012-02-26,0.3580755954558545,1
66738,2012-02-26,0.532469285757424,1
66739,2012-02-26,0.2521083507447386,0
66740,2012-02-26,0.23455329073446948,1
66741,2012-02-26,0.16644714486797527,0
66742,2012-02-26,0.16537650708419244,0
66743,2012-02-26,0.4407765136721093,1
66744,2012-02-26,0.285122757745266,0
66745,2012-02-26,0.35555314401678356,0
66746,2012-02-26,0.4448273575120842,1
66747,2012-02-26,0.38628409576483197,1
66748,2012-02-26,0.32695218514056834,1
66749,2012-02-26,0.4275664858729146,1
66750,2012-02-26,0.17246330638422905,0
66751,2012-02-26,0.23063823018290153,0
66752,2012-02-26,0.29029704859709426,0
66753,2012-02-26,0.15934268270057264,1
66754,2012-02-26,0.28361661455154374,0
66755,2012-02-26,0.23630602157759073,0
66756,2012-02-26,0.1469437467154884,0
66757,2012-02-26,0.2909266535041285,0
66758,2012-02-26,0.5388171483999301,0
66759,2012-02-26,0.34007849252896893,1
66760,2012-02-26,0.17564112947247146,0
66761,2012-02-26,0.2762212509368139,0
66762,2012-02-26,0.6208678924621651,0
66763,2012-02-26,0.19421486697583135,0
66764,2012-02-26,0.29458212432528375,0
66765,2012-02-26,0.30243288644469385,0
66766,2012-02-26,0.4076372952114032,0
66767,2012-02-26,0.17449554131675601,0
66768,2012-02-26,0.17090988685286218,0
66769,2012-02-26,0.16681685529213913,0
66770,2012-02-26,0.19024850697887805,0
66771,2012-02-26,0.19169522380733817,0
66772,2012-02-26,0.30287661497835083,1
66773,2012-02-26,0.423247191719119,0
66774,2012-02-26,0.18823708792404162,1
66775,2012-02-26,0.22285060636974036,1
66776,2012-02-26,0.20290802569046903,0
66777,2012-02-26,0.16638348348853138,1
66778,2012-02-26,0.418357518101472,1
66779,2012-02-26,0.2837738065712174,0
66780,2012-02-26,0.307837531882378,1
66781,2012-02-26,0.1605214181584735,0
66782,2012-02-26,0.29938146882873,0
66783,2012-02-26,0.5853431760999278,1
66784,2012-02-26,0.26615273088190616,0
66785,2012-02-26,0.2908784988892096,0
66786,2012-02-26,0.5552963101311422,0
66787,2012-02-26,0.418681193253566,0
66788,2012-02-26,0.4047658846498695,0
66789,2012-02-26,0.28416336596100833,1
66790,2012-02-26,0.19581958852986936,0
66791,2012-02-26,0.5139477506310965,0
66792,2012-02-26,0.49019482864660574,1
66793,2012-02-26,0.28723763369249333,1
66794,2012-02-26,0.3736484687008498,1
66795,2012-02-26,0.44107166956669447,1
66796,2012-02-26,0.3508884859754927,0
66797,2012-02-26,0.43834759536654166,1
66798,2012-02-26,0.3667480332900486,0
66799,2012-02-26,0.3095823411292843,1
66800,2012-02-26,0.3162803503684593,0
66801,2012-02-26,0.2933005696833323,0
66802,2012-02-26,0.21360765313991723,0
66803,2012-02-26,0.5644459004277523,1
66804,2012-02-26,0.31007423834702225,0
66805,2012-02-26,0.36920680428524,0
66806,2012-02-26,0.16363133312817263,0
66807,2012-02-26,0.44179223469213763,0
66808,2012-02-26,0.21290117236978892,1
66809,2012-02-27,0.24260073102091576,0
66810,2012-02-27,0.1701034432925238,0
66811,2012-02-27,0.3971188366956496,1
66812,2012-02-27,0.28343158907392285,1
66813,2012-02-27,0.28487459774357726,0
66814,2012-02-27,0.22545755464321618,0
66815,2012-02-27,0.30523610267417606,0
66816,2012-02-27,0.4876625893628127,1
66817,2012-02-27,0.2999446655442711,0
66818,2012-02-27,0.31030346433373024,0
66819,2012-02-27,0.35047222841672787,1
66820,2012-02-27,0.3661125411396941,0
66821,2012-02-27,0.21751521532862672,0
66822,2012-02-27,0.1590346825627595,0
66823,2012-02-27,0.20681169711849523,0
66824,2012-02-27,0.5474824921411678,0
66825,2012-02-27,0.24040766704718244,0
66826,2012-02-27,0.13070066404481967,1
66827,2012-02-27,0.5321924454374106,1
66828,2012-02-27,0.21929035078475861,0
66829,2012-02-27,0.25277651445076293,0
66830,2012-02-27,0.21387916892386813,1
66831,2012-02-27,0.5430125875900498,0
66832,2012-02-27,0.5990332363764588,1
66833,2012-02-27,0.5699342506220069,1
66834,2012-02-27,0.21362580804153447,0
66835,2012-02-27,0.17835894098754146,0
66836,2012-02-27,0.5081449772320816,1
66837,2012-02-27,0.36943214501676164,0
66838,2012-02-27,0.26879072031449985,0
66839,2012-02-27,0.11050335025306557,0
66840,2012-02-27,0.2697060962146267,0
66841,2012-02-27,0.2547431541922771,0
66842,2012-02-27,0.31442299567324605,1
66843,2012-02-27,0.4982867290089324,1
66844,2012-02-27,0.5069071996267098,1
66845,2012-02-27,0.5962685188881269,1
66846,2012-02-27,0.20897855808646124,1
66847,2012-02-27,0.3715098931462655,1
66848,2012-02-27,0.18192077195251086,1
66849,2012-02-27,0.5552566198604143,1
66850,2012-02-27,0.5922438685810983,0
66851,2012-02-27,0.19292537034516838,1
66852,2012-02-27,0.46965393743628037,0
66853,2012-02-27,0.22930707316550863,1
66854,2012-02-27,0.15825748516951516,0
66855,2012-02-27,0.5664009834185627,1
66856,2012-02-27,0.37634981095880754,0
66857,2012-02-27,0.22381495858771583,0
66858,2012-02-27,0.2879618048042298,0
66859,2012-02-27,0.3996147328649931,0
66860,2012-02-27,0.19914719866134506,0
66861,2012-02-27,0.26866933765158546,0
66862,2012-02-27,0.12036360302112076,0
66863,2012-02-27,0.2448066881399329,1
66864,2012-02-27,0.33181584414577686,0
66865,2012-02-27,0.4225275671673221,1
66866,2012-02-27,0.4836438082585099,1
66867,2012-02-27,0.45351818952360035,1
66868,2012-02-27,0.24876501991193345,0
66869,2012-02-27,0.21006849274421951,0
66870,2012-02-27,0.1585121599266737,1
66871,2012-02-27,0.26876465334357996,0
66872,2012-02-27,0.23721862144219547,0
66873,2012-02-27,0.26098144432470344,1
66874,2012-02-27,0.379446069687466,0
66875,2012-02-27,0.4059737220946395,0
66876,2012-02-27,0.34701010611603567,0
66877,2012-02-27,0.4058621471231483,1
66878,2012-02-27,0.22935462105779275,0
66879,2012-02-27,0.3537535692841884,0
66880,2012-02-27,0.3410780975380671,0
66881,2012-02-27,0.32247704102247093,1
66882,2012-02-27,0.26449558766601106,1
66883,2012-02-27,0.42666165024674685,0
66884,2012-02-27,0.34302109313249307,0
66885,2012-02-27,0.5816095952871395,0
66886,2012-02-27,0.4236122876920773,0
66887,2012-02-27,0.33529277330546287,0
66888,2012-02-27,0.519856322046552,0
66889,2012-02-27,0.33256124152903077,1
66890,2012-02-27,0.1395123428792277,0
66891,2012-02-27,0.5377844247769552,0
66892,2012-02-27,0.39442534725756595,0
66893,2012-02-27,0.2053723786939633,0
66894,2012-02-27,0.20355576106089662,0
66895,2012-02-27,0.6342983390922506,0
66896,2012-02-27,0.3755560329314473,0
66897,2012-02-27,0.3674389338129105,0
66898,2012-02-27,0.268366162617599,1
66899,2012-02-27,0.3815094678854426,0
66900,2012-02-27,0.4657358925350805,0
66901,2012-02-27,0.29884860733970425,0
66902,2012-02-27,0.14415470574000727,0
66903,2012-02-27,0.31305396378114614,1
66904,2012-02-27,0.3969161476861666,1
66905,2012-02-27,0.34222841930777864,0
66906,2012-02-27,0.19172865064310796,1
66907,2012-02-27,0.20920559314585388,0
66908,2012-02-27,0.4094741222442113,1
66909,2012-02-27,0.41884581882914523,0
66910,2012-02-27,0.44772896465435136,1
66911,2012-02-27,0.16949322730034394,0
66912,2012-02-27,0.2763176892647256,0
66913,2012-02-27,0.3942608009186889,1
66914,2012-02-27,0.2513407620151965,0
66915,2012-02-27,0.2892294428382929,0
66916,2012-02-27,0.3170364756030827,1
66917,2012-02-27,0.18003633727137325,0
66918,2012-02-27,0.15249674175245667,0
66919,2012-02-27,0.5435896094547678,0
66920,2012-02-27,0.27840218998485455,1
66921,2012-02-27,0.26620549424944284,1
66922,2012-02-27,0.20145392933284317,1
66923,2012-02-27,0.40764110905523293,0
66924,2012-02-27,0.27579947232998064,0
66925,2012-02-27,0.34963471435329396,1
66926,2012-02-27,0.37415473388167125,0
66927,2012-02-27,0.29558850663890857,1
66928,2012-02-27,0.19537683177570045,0
66929,2012-02-27,0.2496354276979752,0
66930,2012-02-27,0.28297030451151267,0
66931,2012-02-27,0.3080740686720335,0
66932,2012-02-27,0.21678727477132073,0
66933,2012-02-27,0.4276288984885298,1
66934,2012-02-27,0.5899103747629898,0
66935,2012-02-27,0.20238218944033504,1
66936,2012-02-27,0.15590312660250338,0
66937,2012-02-27,0.4985354441313508,0
66938,2012-02-27,0.3111328500307851,1
66939,2012-02-27,0.17133254966393277,1
66940,2012-02-27,0.1872086504804627,0
66941,2012-02-27,0.3745769628652071,0
66942,2012-02-27,0.292352624909345,1
66943,2012-02-27,0.21169945432301834,1
66944,2012-02-27,0.518618073854458,0
66945,2012-02-27,0.22893495346460646,0
66946,2012-02-27,0.2655669660235084,0
66947,2012-02-27,0.42620744290962403,0
66948,2012-02-27,0.31861449813189036,0
66949,2012-02-27,0.46241798904845854,0
66950,2012-02-27,0.1701804946953021,0
66951,2012-02-27,0.30374307283097046,0
66952,2012-02-27,0.1602305769861365,0
66953,2012-02-27,0.40601555308818255,1
66954,2012-02-27,0.21535271610696083,0
66955,2012-02-27,0.31168449513523977,0
66956,2012-02-27,0.3356456071754327,0
66957,2012-02-27,0.23050899093303628,1
66958,2012-02-27,0.4386683786905404,0
66959,2012-02-27,0.40103972215200373,1
66960,2012-02-27,0.3040323664526719,0
66961,2012-02-27,0.43738007113174293,0
66962,2012-02-27,0.4042329461975844,0
66963,2012-02-27,0.20979168456565592,0
66964,2012-02-27,0.20166694933854878,0
66965,2012-02-27,0.2253064698524078,0
66966,2012-02-27,0.5592777087595655,0
66967,2012-02-27,0.1728196077594143,0
66968,2012-02-27,0.4476539473287532,1
66969,2012-02-27,0.24199738121015482,0
66970,2012-02-27,0.5553594016761784,0
66971,2012-02-27,0.6297970598793122,1
66972,2012-02-27,0.43632040325391586,1
66973,2012-02-27,0.45642618037253546,0
66974,2012-02-27,0.5050359974905885,1
66975,2012-02-27,0.23890653525348796,0
66976,2012-02-27,0.14100352360226293,0
66977,2012-02-27,0.16474125762821146,1
66978,2012-02-27,0.1753267741295264,0
66979,2012-02-27,0.31609715375539205,0
66980,2012-02-27,0.21439722669653763,0
66981,2012-02-27,0.40653789018860476,0
66982,2012-02-27,0.28047398414448854,0
66983,2012-02-27,0.3136749024122344,0
66984,2012-02-27,0.5708159065441665,1
66985,2012-02-27,0.19324191762594256,0
66986,2012-02-27,0.5155109431041319,1
66987,2012-02-27,0.15949148270423857,0
66988,2012-02-27,0.1841590069471093,0
66989,2012-02-27,0.339937818442634,0
66990,2012-02-27,0.5918459089139425,1
66991,2012-02-27,0.29354728254470785,0
66992,2012-02-27,0.25821531989049173,0
66993,2012-02-27,0.31013923171510865,1
66994,2012-02-27,0.4013149850857372,0
66995,2012-02-27,0.3423386795272481,1
66996,2012-02-27,0.3933354499699268,0
66997,2012-02-27,0.40128340820045943,0
66998,2012-02-27,0.19927156245095792,0
66999,2012-02-27,0.1808569843839378,1
67000,2012-02-27,0.3502195616418677,0
67001,2012-02-27,0.23701964035176953,0
67002,2012-02-27,0.149060002783255,1
67003,2012-02-27,0.19392253496824174,1
67004,2012-02-27,0.22731006447343818,0
67005,2012-02-27,0.21436979062830178,0
67006,2012-02-27,0.41112740962295596,1
67007,2012-02-27,0.4037908978589148,0
67008,2012-02-27,0.5587927152939516,0
67009,2012-02-27,0.13095517581411026,0
67010,2012-02-27,0.13285790312099557,0
67011,2012-02-27,0.42775511893245893,0
67012,2012-02-27,0.3195580895048329,0
67013,2012-02-27,0.3779078184333485,1
67014,2012-02-27,0.4297312228723179,0
67015,2012-02-27,0.16770657731214195,1
67016,2012-02-27,0.26373967150800026,1
67017,2012-02-27,0.4076517586659754,0
67018,2012-02-27,0.28162263845981256,0
67019,2012-02-27,0.36082287903285754,0
67020,2012-02-27,0.38694994848021724,0
67021,2012-02-27,0.26395937808066716,1
67022,2012-02-27,0.2738608350168232,0
67023,2012-02-27,0.22395353258691372,0
67024,2012-02-27,0.43353112927861587,0
67025,2012-02-27,0.23321107977357014,0
67026,2012-02-27,0.30872674657003596,0
67027,2012-02-27,0.3094397411339564,0
67028,2012-02-27,0.5197817220475536,1
67029,2012-02-27,0.466983036195988,0
67030,2012-02-27,0.35824651178261724,0
67031,2012-02-27,0.34161613568203625,0
67032,2012-02-27,0.39506098098816456,0
67033,2012-02-27,0.28019524630528253,0
67034,2012-02-27,0.3685270080387267,0
67035,2012-02-27,0.3513216515158091,0
67036,2012-02-27,0.4206410863699756,1
67037,2012-02-27,0.2642204229310031,0
67038,2012-02-27,0.33235273803009596,0
67039,2012-02-27,0.4487532738691906,0
67040,2012-02-27,0.5174001127762818,0
67041,2012-02-27,0.2424485775092152,0
67042,2012-02-27,0.5981910304541044,0
67043,2012-02-27,0.4355651224469306,1
67044,2012-02-27,0.2441316226140626,0
67045,2012-02-27,0.18955009119085556,0
67046,2012-02-27,0.3647425295844047,1
67047,2012-02-27,0.249375520166071,0
67048,2012-02-27,0.2510894242105048,1
67049,2012-02-27,0.4092999550388206,0
67050,2012-02-27,0.1317700614105141,0
67051,2012-02-27,0.21636772255500375,0
67052,2012-02-27,0.3792671012599633,0
67053,2012-02-27,0.36650722863165386,1
67054,2012-02-27,0.19712833384239142,0
67055,2012-02-27,0.5082183518711468,1
67056,2012-02-27,0.2528162217018688,0
67057,2012-02-27,0.20291938133123796,0
67058,2012-02-27,0.26578987189411735,1
67059,2012-02-27,0.36488760518686325,0
67060,2012-02-27,0.2222982418044559,0
67061,2012-02-27,0.16401518027762504,1
67062,2012-02-27,0.15998221575631494,0
67063,2012-02-27,0.48725832634807653,0
67064,2012-02-27,0.5134800903231919,0
67065,2012-02-27,0.2687026442077861,0
67066,2012-02-27,0.2681053339563764,0
67067,2012-02-27,0.3976464130926862,0
67068,2012-02-27,0.3829080512799142,0
67069,2012-02-27,0.5300523031932141,0
67070,2012-02-27,0.33449088504649166,1
67071,2012-02-27,0.15925930252882278,0
67072,2012-02-27,0.34118508246405305,1
67073,2012-02-27,0.1899860519850538,1
67074,2012-02-27,0.2540796127086065,1
67075,2012-02-27,0.5684133683760252,1
67076,2012-02-27,0.3400367918439904,0
67077,2012-02-27,0.2782569096770491,1
67078,2012-02-27,0.20701933323392843,1
67079,2012-02-27,0.5823938040419745,1
67080,2012-02-27,0.6462986510442809,1
67081,2012-02-27,0.34794139034639704,0
67082,2012-02-27,0.17916092022958058,1
67083,2012-02-27,0.2910469179817899,0
67084,2012-02-27,0.33929810373065306,0
67085,2012-02-27,0.2246406591474067,0
67086,2012-02-27,0.31485284624358495,0
67087,2012-02-27,0.3831039038905396,1
67088,2012-02-27,0.17466675822286684,1
67089,2012-02-27,0.3298566671616469,0
67090,2012-02-27,0.49357861642513495,1
67091,2012-02-27,0.5106229412716707,1
67092,2012-02-27,0.21280787779739574,0
67093,2012-02-27,0.28389656635655897,0
67094,2012-02-27,0.20698650281916067,0
67095,2012-02-27,0.3010823953178173,0
67096,2012-02-27,0.31203126136624126,1
67097,2012-02-27,0.4440579228677121,1
67098,2012-02-27,0.508199743774752,0
67099,2012-02-27,0.1825366423557373,1
67100,2012-02-27,0.5417818961957102,0
67101,2012-02-27,0.2627062024395767,0
67102,2012-02-27,0.41747580074318097,0
67103,2012-02-27,0.5341229088958535,0
67104,2012-02-27,0.4039820076679872,0
67105,2012-02-27,0.4037563851155658,1
67106,2012-02-27,0.4519145412312763,0
67107,2012-02-27,0.18606493387261336,1
67108,2012-02-27,0.2895567955471489,0
67109,2012-02-27,0.22427961953456993,0
67110,2012-02-27,0.2327482008844441,1
67111,2012-02-27,0.19379318756637925,0
67112,2012-02-27,0.21540226110344715,0
67113,2012-02-27,0.17102477450381948,0
67114,2012-02-27,0.4643500524829456,0
67115,2012-02-27,0.5611751854464734,0
67116,2012-02-27,0.14034565915537203,0
67117,2012-02-27,0.25409063548477057,0
67118,2012-02-27,0.2619266458778074,1
67119,2012-02-27,0.20953622244679074,0
67120,2012-02-27,0.2709692542315117,0
67121,2012-02-27,0.16606548476937838,0
67122,2012-02-27,0.16395167561271992,0
67123,2012-02-27,0.39347275352458283,1
67124,2012-02-27,0.1932683462322859,1
67125,2012-02-27,0.18841327567304264,0
67126,2012-02-27,0.19433948043906585,0
67127,2012-02-27,0.27292202727400255,0
67128,2012-02-27,0.30604394169147836,1
67129,2012-02-27,0.35157825821062444,1
67130,2012-02-27,0.27762470769247644,1
67131,2012-02-27,0.27551796188045574,1
67132,2012-02-27,0.1682711427334827,0
67133,2012-02-27,0.2818346782523026,0
67134,2012-02-27,0.20115741447377983,0
67135,2012-02-27,0.33863905834057406,0
67136,2012-02-27,0.3649622048549543,0
67137,2012-02-27,0.3482688210766694,0
67138,2012-02-27,0.46247219403405493,0
67139,2012-02-27,0.3839028780501545,1
67140,2012-02-27,0.3124502431536485,1
67141,2012-02-27,0.34342528693595,0
67142,2012-02-27,0.1454782399041096,1
67143,2012-02-27,0.3177766935255432,0
67144,2012-02-27,0.30947919951731845,1
67145,2012-02-27,0.3921018786886003,1
67146,2012-02-27,0.4109928114119376,1
67147,2012-02-27,0.2599529430033653,0
67148,2012-02-27,0.3494125441171542,1
67149,2012-02-27,0.3226616519640395,0
67150,2012-02-27,0.175690569661128,1
67151,2012-02-27,0.2506982799334548,0
67152,2012-02-27,0.33612228310101,1
67153,2012-02-27,0.18430468695726424,0
67154,2012-02-27,0.49372844318497894,0
67155,2012-02-27,0.242433833598857,0
67156,2012-02-27,0.32840901245115867,1
67157,2012-02-27,0.3410534418972128,0
67158,2012-02-27,0.17026400018566418,0
67159,2012-02-27,0.5997007492025003,1
67160,2012-02-27,0.3697495912667666,0
67161,2012-02-27,0.2204707005425726,0
67162,2012-02-27,0.43773412968900993,0
67163,2012-02-27,0.1802538825849926,0
67164,2012-02-27,0.20869615450778056,0
67165,2012-02-27,0.24585531472355726,0
67166,2012-02-27,0.3627968886587574,1
67167,2012-02-27,0.4384890554066743,0
67168,2012-02-27,0.28026232185655026,0
67169,2012-02-27,0.1534541391574143,1
67170,2012-02-27,0.14990303261087853,0
67171,2012-02-27,0.14335183186542533,0
67172,2012-02-27,0.2105543480063379,0
67173,2012-02-27,0.18543119494454952,0
67174,2012-02-27,0.3974460282500239,1
67175,2012-02-27,0.362559265734772,0
67176,2012-02-27,0.45011070957314137,1
67177,2012-02-27,0.22026527343033112,0
67178,2012-02-27,0.19265775107515626,0
67179,2012-02-27,0.5301049396000103,1
67180,2012-02-27,0.45019055859149587,0
67181,2012-02-27,0.11765521092449083,0
67182,2012-02-27,0.12917495457645997,1
67183,2012-02-27,0.4098394607643238,0
67184,2012-02-27,0.35464297804361894,0
67185,2012-02-27,0.3323579170951996,0
67186,2012-02-27,0.14773902801297104,0
67187,2012-02-27,0.2143490337474091,0
67188,2012-02-27,0.2612896809701848,1
67189,2012-02-27,0.31657534126704023,1
67190,2012-02-27,0.26145378110819223,0
67191,2012-02-27,0.18291093788722534,0
67192,2012-02-27,0.18076771910407197,0
67193,2012-02-27,0.28236531530693576,0
67194,2012-02-27,0.14098791729816948,0
67195,2012-02-27,0.2555966899680407,0
67196,2012-02-27,0.21358400699559507,0
67197,2012-02-27,0.35130122821130055,0
67198,2012-02-27,0.40749764840491615,0
67199,2012-02-27,0.2941213807249551,1
67200,2012-02-27,0.44800117180186244,1
67201,2012-02-27,0.2402888849882215,0
67202,2012-02-27,0.32437238654318906,0
67203,2012-02-27,0.4696525796359039,0
67204,2012-02-27,0.40083473234287226,0
67205,2012-02-27,0.30079878137164967,0
67206,2012-02-27,0.242433833598857,0
67207,2012-02-27,0.39021870011754006,0
67208,2012-02-27,0.31070396302686043,0
67209,2012-02-27,0.6013690184787581,1
67210,2012-02-28,0.1923225837944548,1
67211,2012-02-28,0.46060179082430414,0
67212,2012-02-28,0.1976923428353636,0
67213,2012-02-28,0.41438414504644666,0
67214,2012-02-28,0.1658556283849619,0
67215,2012-02-28,0.26178953710817315,0
67216,2012-02-28,0.12520624829465754,0
67217,2012-02-28,0.3221220947439065,0
67218,2012-02-28,0.47562407654592415,0
67219,2012-02-28,0.2491851886384566,0
67220,2012-02-28,0.12589321631652448,0
67221,2012-02-28,0.5094327220405389,1
67222,2012-02-28,0.31714088739838386,0
67223,2012-02-28,0.25029089072079574,1
67224,2012-02-28,0.11272503525881866,0
67225,2012-02-28,0.1893149459599111,0
67226,2012-02-28,0.19403712417654445,0
67227,2012-02-28,0.5266084841687356,1
67228,2012-02-28,0.4896728356932721,0
67229,2012-02-28,0.3806457151914717,1
67230,2012-02-28,0.4998278257803933,1
67231,2012-02-28,0.2952327268021103,1
67232,2012-02-28,0.27372265954186403,0
67233,2012-02-28,0.3618650576542276,1
67234,2012-02-28,0.2999874744000058,0
67235,2012-02-28,0.39048306682679845,1
67236,2012-02-28,0.14103124971918748,1
67237,2012-02-28,0.38274844624388776,0
67238,2012-02-28,0.4872814427372716,1
67239,2012-02-28,0.3101235931661031,0
67240,2012-02-28,0.23589687397392226,0
67241,2012-02-28,0.29346186832599075,1
67242,2012-02-28,0.43867012601186894,1
67243,2012-02-28,0.4370268588610359,0
67244,2012-02-28,0.18826545318757326,0
67245,2012-02-28,0.17970036828778904,1
67246,2012-02-28,0.30503626498441866,0
67247,2012-02-28,0.44680716754720806,0
67248,2012-02-28,0.2936628118642706,1
67249,2012-02-28,0.6096849106001858,1
67250,2012-02-28,0.26657957756702505,0
67251,2012-02-28,0.23485712458188232,0
67252,2012-02-28,0.21528953065199227,0
67253,2012-02-28,0.5089113204361546,0
67254,2012-02-28,0.27871405910940733,1
67255,2012-02-28,0.30473478251374575,0
67256,2012-02-28,0.5116439346318954,0
67257,2012-02-28,0.19192250025939217,0
67258,2012-02-28,0.4632726076307219,1
67259,2012-02-28,0.5038390726198576,1
67260,2012-02-28,0.37954481381383026,0
67261,2012-02-28,0.5382087482455243,0
67262,2012-02-28,0.1596050042366141,1
67263,2012-02-28,0.39583334206899234,0
67264,2012-02-28,0.39155028394740615,0
67265,2012-02-28,0.44954933127404106,0
67266,2012-02-28,0.2912612988354692,0
67267,2012-02-28,0.3852785426892685,0
67268,2012-02-28,0.2743478106293687,0
67269,2012-02-28,0.23354056979269375,0
67270,2012-02-28,0.21975990296336434,0
67271,2012-02-28,0.3806200407491447,0
67272,2012-02-28,0.3944027682587682,0
67273,2012-02-28,0.2294344710217514,1
67274,2012-02-28,0.2846945455283806,0
67275,2012-02-28,0.13846269853852755,0
67276,2012-02-28,0.19482071459181285,0
67277,2012-02-28,0.2740730482762728,0
67278,2012-02-28,0.42384968782347726,0
67279,2012-02-28,0.11618493043958458,0
67280,2012-02-28,0.320642090396331,0
67281,2012-02-28,0.18579297815612317,0
67282,2012-02-28,0.32129436329598055,1
67283,2012-02-28,0.3049732478142575,1
67284,2012-02-28,0.2297531427337433,0
67285,2012-02-28,0.20367374053998424,0
67286,2012-02-28,0.3727498633815893,0
67287,2012-02-28,0.43602670339818966,0
67288,2012-02-28,0.39219445738966197,0
67289,2012-02-28,0.23473730412235727,0
67290,2012-02-28,0.5989224902208604,1
67291,2012-02-28,0.25987237223068044,0
67292,2012-02-28,0.19075246906307072,1
67293,2012-02-28,0.2743955458820395,1
67294,2012-02-28,0.27358269183522793,0
67295,2012-02-28,0.2490537244526434,1
67296,2012-02-28,0.4210192395672725,1
67297,2012-02-28,0.1925379019921291,0
67298,2012-02-28,0.39637198059694306,1
67299,2012-02-28,0.2583838437680416,1
67300,2012-02-28,0.3005733014007035,1
67301,2012-02-28,0.15091264687936032,0
67302,2012-02-28,0.5045069253708683,0
67303,2012-02-28,0.5235457387303564,1
67304,2012-02-28,0.20298740309993293,0
67305,2012-02-28,0.13183576067783145,0
67306,2012-02-28,0.35235701892125687,0
67307,2012-02-28,0.2081839554688631,0
67308,2012-02-28,0.33290942347487135,0
67309,2012-02-28,0.5337616358023054,1
67310,2012-02-28,0.31584535561800225,0
67311,2012-02-28,0.25524725737375925,0
67312,2012-02-28,0.38236857967042737,1
67313,2012-02-28,0.39824298137189623,0
67314,2012-02-28,0.34541746997966005,0
67315,2012-02-28,0.5794398011768233,0
67316,2012-02-28,0.2574658952252159,0
67317,2012-02-28,0.29362119645774415,0
67318,2012-02-28,0.2016442128757792,0
67319,2012-02-28,0.3983116449673264,0
67320,2012-02-28,0.38648224219850497,0
67321,2012-02-28,0.4979992981952147,0
67322,2012-02-28,0.40436770653194276,1
67323,2012-02-28,0.2402034725502882,0
67324,2012-02-28,0.26809601931833726,0
67325,2012-02-28,0.13272196687117363,0
67326,2012-02-28,0.23859847829528127,0
67327,2012-02-28,0.38714812112275493,0
67328,2012-02-28,0.23263471584693682,0
67329,2012-02-28,0.4254913509586533,0
67330,2012-02-28,0.4648561850922565,0
67331,2012-02-28,0.3507445870927935,1
67332,2012-02-28,0.4828519525752689,1
67333,2012-02-28,0.44763867876755264,0
67334,2012-02-28,0.15597829152808157,0
67335,2012-02-28,0.19084722457143086,1
67336,2012-02-28,0.20416742506668112,1
67337,2012-02-28,0.6115739124024275,1
67338,2012-02-28,0.5186139941420399,0
67339,2012-02-28,0.22743012195931964,1
67340,2012-02-28,0.4056688204544212,0
67341,2012-02-28,0.47064252522731315,0
67342,2012-02-28,0.3940411703507226,0
67343,2012-02-28,0.3689193536116987,1
67344,2012-02-28,0.44823939727351003,0
67345,2012-02-28,0.2006261565480058,0
67346,2012-02-28,0.14170600368626324,0
67347,2012-02-28,0.5620603706317968,0
67348,2012-02-28,0.45814304197327965,0
67349,2012-02-28,0.49116761466115644,1
67350,2012-02-28,0.30016405112302785,1
67351,2012-02-28,0.35827024866228185,0
67352,2012-02-28,0.27908138178131525,0
67353,2012-02-28,0.33351931641640314,0
67354,2012-02-28,0.36113005192267617,0
67355,2012-02-28,0.2546070350865216,0
67356,2012-02-28,0.37371614152556726,1
67357,2012-02-28,0.16373982507862972,0
67358,2012-02-28,0.2475728317015476,1
67359,2012-02-28,0.4346359340950322,0
67360,2012-02-28,0.23291657010548036,0
67361,2012-02-28,0.20685826595667575,0
67362,2012-02-28,0.27885891659215944,0
67363,2012-02-28,0.3547432233187943,1
67364,2012-02-28,0.41378876128424635,0
67365,2012-02-28,0.21180453708565714,1
67366,2012-02-28,0.2737076855431069,1
67367,2012-02-28,0.28777796134435224,0
67368,2012-02-28,0.33723620853274444,0
67369,2012-02-28,0.3155734929459157,0
67370,2012-02-28,0.3659692249349102,1
67371,2012-02-28,0.314790293448573,0
67372,2012-02-28,0.5241701926071098,1
67373,2012-02-28,0.1584160017163285,0
67374,2012-02-28,0.3756869926967427,1
67375,2012-02-28,0.3810913287407671,0
67376,2012-02-28,0.11031697923693382,0
67377,2012-02-28,0.19066212398446036,0
67378,2012-02-28,0.6520110783974968,0
67379,2012-02-28,0.5592117688816187,1
67380,2012-02-28,0.2345472633574518,0
67381,2012-02-28,0.41890643829335306,1
67382,2012-02-28,0.29358386252182683,0
67383,2012-02-28,0.1825458133122094,0
67384,2012-02-28,0.3179871326587155,0
67385,2012-02-28,0.1492619372410264,0
67386,2012-02-28,0.30438089143910735,0
67387,2012-02-28,0.23128515817117795,0
67388,2012-02-28,0.3895896743048213,1
67389,2012-02-28,0.21441091827296324,0
67390,2012-02-28,0.2302058404311138,0
67391,2012-02-28,0.20294454714137528,0
67392,2012-02-28,0.4386989863059349,0
67393,2012-02-28,0.4875158621914429,0
67394,2012-02-29,0.15375569971053574,0
67395,2012-02-29,0.46947326420147995,0
67396,2012-02-29,0.406017520908748,1
67397,2012-02-29,0.2767631826070691,1
67398,2012-02-29,0.5893880964409346,1
67399,2012-02-29,0.25995595692193646,0
67400,2012-02-29,0.3559500871317077,0
67401,2012-02-29,0.28183807077667017,1
67402,2012-02-29,0.2606570557045267,0
67403,2012-02-29,0.5425128561909943,1
67404,2012-02-29,0.2468428110464912,0
67405,2012-02-29,0.2523352118361863,1
67406,2012-02-29,0.2796207562098102,0
67407,2012-02-29,0.4780930008270285,0
67408,2012-02-29,0.3107008171788849,1
67409,2012-02-29,0.2755594454219088,0
67410,2012-02-29,0.34685484162493585,0
67411,2012-02-29,0.3505349737080458,0
67412,2012-02-29,0.34814733119213337,0
67413,2012-02-29,0.34793419525604974,0
67414,2012-02-29,0.17472180222749426,1
67415,2012-02-29,0.25216539553312634,0
67416,2012-02-29,0.33748922411057125,1
67417,2012-02-29,0.25368851421473443,1
67418,2012-02-29,0.14660713847015167,0
67419,2012-02-29,0.3186521190607485,0
67420,2012-02-29,0.684825178743612,1
67421,2012-02-29,0.35415965536200184,0
67422,2012-02-29,0.24399709969074435,0
67423,2012-02-29,0.4719905293239066,1
67424,2012-02-29,0.2814399492169854,0
67425,2012-02-29,0.47108897140884903,1
67426,2012-02-29,0.15043203931420437,0
67427,2012-02-29,0.3016034228977485,0
67428,2012-02-29,0.40833280892693824,0
67429,2012-02-29,0.337400469982621,0
67430,2012-02-29,0.42269352940274274,1
67431,2012-02-29,0.20629865512330275,0
67432,2012-02-29,0.3355864680162055,0
67433,2012-02-29,0.3150799290448339,1
67434,2012-02-29,0.4676605477069578,0
67435,2012-02-29,0.44562537889693066,0
67436,2012-02-29,0.5214135969810592,1
67437,2012-02-29,0.25924332361443064,0
67438,2012-02-29,0.2908825942579345,1
67439,2012-02-29,0.42216508326846525,1
67440,2012-02-29,0.584550417793091,0
67441,2012-02-29,0.4016971540779094,1
67442,2012-02-29,0.3838379362912286,0
67443,2012-02-29,0.5052934016251159,0
67444,2012-02-29,0.3773166328141931,1
67445,2012-02-29,0.47621253782920864,0
67446,2012-02-29,0.33134683950138716,1
67447,2012-02-29,0.1906461974316496,0
67448,2012-02-29,0.2803201449207185,1
67449,2012-02-29,0.5577914920586466,1
67450,2012-02-29,0.2556635290019649,0
67451,2012-02-29,0.4189190801038787,1
67452,2012-02-29,0.12104179250193882,0
67453,2012-02-29,0.28326868231975927,0
67454,2012-02-29,0.32772676183466337,0
67455,2012-02-29,0.25524725737375925,1
67456,2012-02-29,0.25480273500170275,0
67457,2012-02-29,0.23511067725019943,0
67458,2012-02-29,0.15916855626509363,0
67459,2012-02-29,0.46567173957291497,0
67460,2012-02-29,0.18216171394078062,0
67461,2012-02-29,0.3166610554858693,1
67462,2012-02-29,0.1771255688553183,0
67463,2012-02-29,0.4571793440068933,1
67464,2012-02-29,0.18407605248496478,0
67465,2012-02-29,0.24577962012741603,0
67466,2012-02-29,0.26707622265733455,0
67467,2012-02-29,0.32995798006278587,1
67468,2012-02-29,0.15570523022154162,0
67469,2012-02-29,0.24885908759077585,0
67470,2012-02-29,0.1472656994621579,0
67471,2012-02-29,0.278748090933383,0
67472,2012-02-29,0.34258005747099457,0
67473,2012-02-29,0.35873220989401794,0
67474,2012-02-29,0.456300980647598,1
67475,2012-02-29,0.2653491387917649,1
67476,2012-02-29,0.3218413655988309,1
67477,2012-02-29,0.30213335160803206,1
67478,2012-02-29,0.4590072008032802,0
67479,2012-02-29,0.33905415911026404,1
67480,2012-02-29,0.6289217636034712,1
67481,2012-02-29,0.14994963264768438,0
67482,2012-02-29,0.2601604232515826,0
67483,2012-02-29,0.6028587118793755,0
67484,2012-02-29,0.3569675345263019,0
67485,2012-02-29,0.4024793380433647,0
67486,2012-02-29,0.23513905386738582,1
67487,2012-02-29,0.24253083842449183,1
67488,2012-02-29,0.228017388829029,1
67489,2012-02-29,0.25216539553312634,1
67490,2012-02-29,0.25216539553312634,1
67491,2012-02-29,0.25524725737375925,1
67492,2012-02-29,0.21330241748570908,0
67493,2012-02-29,0.40328029197274073,0
67494,2012-02-29,0.24292578372855908,0
67495,2012-02-29,0.25216539553312634,1
67496,2012-02-29,0.37743899187486557,0
67497,2012-02-29,0.28220643673196416,0
67498,2012-02-29,0.13451576567268714,0
67499,2012-02-29,0.25416128915879255,0
67500,2012-02-29,0.2349138454296104,1
67501,2012-02-29,0.16917741652716375,0
67502,2012-02-29,0.2413526866313818,0
67503,2012-02-29,0.37656244208775713,0
67504,2012-02-29,0.31097260812068506,1
67505,2012-02-29,0.2533476235894717,0
67506,2012-02-29,0.2420708551312988,0
67507,2012-02-29,0.36060892628785807,0
67508,2012-02-29,0.3198006702740913,0
67509,2012-02-29,0.40416041425757904,1
67510,2012-02-29,0.599597983490154,1
67511,2012-02-29,0.12130309133436229,1
67512,2012-02-29,0.4955010401640719,1
67513,2012-02-29,0.18729938792322204,0
67514,2012-02-29,0.18686361031142584,0
67515,2012-02-29,0.16561071326256396,1
67516,2012-02-29,0.2309368829931891,0
67517,2012-02-29,0.3827860498010364,0
67518,2012-02-29,0.40540188047584597,1
67519,2012-02-29,0.5110496797834817,0
67520,2012-02-29,0.26037218865878387,0
67521,2012-02-29,0.38439990680293884,1
67522,2012-02-29,0.38622595324996095,1
67523,2012-02-29,0.5822640139084316,1
67524,2012-02-29,0.24261700758360175,1
67525,2012-02-29,0.39851456007654473,0
67526,2012-03-01,0.20334898679026334,0
67527,2012-03-01,0.2585716759479739,0
67528,2012-03-01,0.3292910611765002,0
67529,2012-03-01,0.40769889845901525,0
67530,2012-03-01,0.3804395108123875,1
67531,2012-03-01,0.15176531736424212,0
67532,2012-03-01,0.15210964069694116,0
67533,2012-03-01,0.45315431949641427,1
67534,2012-03-01,0.2949773530283912,1
67535,2012-03-01,0.5115255782244225,1
67536,2012-03-01,0.20991827157456514,1
67537,2012-03-01,0.34959788449303103,1
67538,2012-03-01,0.6188743609955736,0
67539,2012-03-01,0.3118012810928022,0
67540,2012-03-01,0.4128743665526601,0
67541,2012-03-01,0.2808938588131225,0
67542,2012-03-01,0.301173509626645,1
67543,2012-03-01,0.2022163711514361,0
67544,2012-03-01,0.30393762527289936,0
67545,2012-03-01,0.26780453774018165,0
67546,2012-03-01,0.17932825397546875,0
67547,2012-03-01,0.25449632254356125,0
67548,2012-03-01,0.4356820105261896,1
67549,2012-03-01,0.16749404768754567,0
67550,2012-03-01,0.2772968311509308,0
67551,2012-03-01,0.562152145853895,1
67552,2012-03-01,0.40964157103937254,1
67553,2012-03-01,0.16642753775597816,1
67554,2012-03-01,0.4270253942548286,1
67555,2012-03-01,0.2973304653342877,0
67556,2012-03-01,0.4427368472256385,1
67557,2012-03-01,0.13152739133641012,0
67558,2012-03-01,0.33575922005052544,0
67559,2012-03-01,0.3324165428252196,1
67560,2012-03-01,0.23604701724114954,0
67561,2012-03-01,0.36915952630698473,0
67562,2012-03-01,0.5803559677756667,1
67563,2012-03-01,0.23675101431497114,0
67564,2012-03-01,0.4618049929952839,0
67565,2012-03-01,0.27887987602787945,1
67566,2012-03-01,0.2543877987521365,1
67567,2012-03-01,0.3025496605198088,1
67568,2012-03-01,0.22434312584194768,0
67569,2012-03-01,0.23217779450122417,0
67570,2012-03-01,0.44952943448964267,0
67571,2012-03-01,0.24383638451038656,0
67572,2012-03-01,0.18494952181711868,0
67573,2012-03-01,0.28174611827727103,0
67574,2012-03-01,0.502606966191716,1
67575,2012-03-01,0.3385325331873802,0
67576,2012-03-01,0.24204229814808284,1
67577,2012-03-01,0.17863904985170234,0
67578,2012-03-01,0.1988907646401763,0
67579,2012-03-01,0.27280028434911824,1
67580,2012-03-01,0.46116255949936863,0
67581,2012-03-01,0.4872935164757305,0
67582,2012-03-01,0.25164315100730944,0
67583,2012-03-01,0.2550919895260145,0
67584,2012-03-01,0.2524465786620697,0
67585,2012-03-01,0.21695462884656613,1
67586,2012-03-01,0.205563857948491,0
67587,2012-03-01,0.5501433738200902,1
67588,2012-03-01,0.14415008147151323,0
67589,2012-03-01,0.2162636277092834,1
67590,2012-03-01,0.41410888790719086,0
67591,2012-03-01,0.31718671750509936,1
67592,2012-03-01,0.5183436168828692,0
67593,2012-03-01,0.32146607180988324,1
67594,2012-03-01,0.458097948853154,0
67595,2012-03-01,0.20102046527565431,0
67596,2012-03-01,0.2624274385954914,1
67597,2012-03-01,0.17453688333883474,0
67598,2012-03-01,0.31759778522680854,0
67599,2012-03-01,0.2536104980526511,1
67600,2012-03-01,0.24627874892423715,1
67601,2012-03-01,0.24507470090107555,0
67602,2012-03-01,0.4637895072064063,0
67603,2012-03-01,0.6058114157154941,1
67604,2012-03-01,0.20959286934059473,0
67605,2012-03-01,0.24154348547336515,0
67606,2012-03-01,0.2754869114853365,1
67607,2012-03-01,0.28562717602324916,0
67608,2012-03-01,0.19003640733181243,0
67609,2012-03-01,0.36023629042369315,0
67610,2012-03-01,0.22327563315990612,0
67611,2012-03-01,0.3776704956186359,1
67612,2012-03-01,0.22548558572829963,0
67613,2012-03-01,0.21289328619199133,0
67614,2012-03-01,0.3852328575116419,0
67615,2012-03-01,0.4872510013447961,1
67616,2012-03-01,0.28091522386929363,1
67617,2012-03-01,0.3887607305053781,1
67618,2012-03-01,0.30721944312823257,1
67619,2012-03-01,0.2311071044243209,0
67620,2012-03-01,0.5120966310454412,1
67621,2012-03-01,0.191130828284307,0
67622,2012-03-01,0.40726950954344393,1
67623,2012-03-01,0.31605581449433073,0
67624,2012-03-01,0.3204959869323707,1
67625,2012-03-01,0.1952815828644844,0
67626,2012-03-01,0.39887194478647,0
67627,2012-03-01,0.3046042792426242,0
67628,2012-03-01,0.35320865040682226,1
67629,2012-03-01,0.5325079560166499,0
67630,2012-03-01,0.22742682013653975,1
67631,2012-03-01,0.39845232726997387,0
67632,2012-03-01,0.3061937622354967,1
67633,2012-03-01,0.15708512696747734,1
67634,2012-03-01,0.1772170552874383,0
67635,2012-03-01,0.18733089607805894,0
67636,2012-03-01,0.21404942312746947,0
67637,2012-03-01,0.1641492210137688,0
67638,2012-03-01,0.18677612881711872,0
67639,2012-03-01,0.31161538232688746,0
67640,2012-03-01,0.5896356165073818,0
67641,2012-03-01,0.17685559382858781,1
67642,2012-03-01,0.12776380931407105,0
67643,2012-03-01,0.12059577274601861,0
67644,2012-03-01,0.47733792043329104,0
67645,2012-03-01,0.42878138323099396,1
67646,2012-03-01,0.17923995634394066,0
67647,2012-03-01,0.40461241346242177,1
67648,2012-03-01,0.27405585417663153,0
67649,2012-03-01,0.1823070731922723,0
67650,2012-03-01,0.2106999513609831,0
67651,2012-03-01,0.3904762524994079,0
67652,2012-03-01,0.400631072450218,1
67653,2012-03-01,0.25170262713435887,1
67654,2012-03-01,0.3217746446474154,0
67655,2012-03-01,0.27894212369895854,0
67656,2012-03-01,0.2624538521705464,0
67657,2012-03-01,0.10080567045240015,0
67658,2012-03-01,0.3812735885397967,0
67659,2012-03-01,0.4136886178223932,1
67660,2012-03-01,0.16050492439691058,0
67661,2012-03-01,0.5548386181780794,0
67662,2012-03-01,0.5542873730866333,0
67663,2012-03-01,0.1874831694625834,0
67664,2012-03-01,0.38179874072779457,1
67665,2012-03-01,0.3442895121969556,1
67666,2012-03-01,0.1899447262962727,0
67667,2012-03-01,0.24857363385175835,0
67668,2012-03-01,0.29966946628102953,1
67669,2012-03-01,0.24882134109548196,1
67670,2012-03-01,0.30428204913424256,0
67671,2012-03-01,0.23369132929387354,0
67672,2012-03-01,0.5240923827526331,1
67673,2012-03-01,0.40622215503954145,1
67674,2012-03-01,0.4589175728742616,1
67675,2012-03-01,0.43460425509536993,0
67676,2012-03-01,0.278414501274489,1
67677,2012-03-01,0.37484858416156397,0
67678,2012-03-01,0.31060217735104767,0
67679,2012-03-01,0.3925058746257481,0
67680,2012-03-01,0.30900429714289007,1
67681,2012-03-01,0.17856617817876874,0
67682,2012-03-01,0.38913447479776403,0
67683,2012-03-01,0.5729648665166184,1
67684,2012-03-01,0.2159317883002752,0
67685,2012-03-01,0.1872869107886706,0
67686,2012-03-01,0.14189292871506348,0
67687,2012-03-01,0.572606483003854,0
67688,2012-03-01,0.11973728209372111,0
67689,2012-03-01,0.2370411126011785,1
67690,2012-03-01,0.3504668626721244,0
67691,2012-03-01,0.23576165650159864,0
67692,2012-03-01,0.2487710393294038,1
67693,2012-03-01,0.2051689290999337,0
67694,2012-03-01,0.2134045913502119,0
67695,2012-03-01,0.327624567989542,0
